Paso 0:
x	Temperatura
0	0
0.0204082	0
0.0408163	0
0.0612245	0
0.0816327	0
0.102041	0
0.122449	0
0.142857	0
0.163265	0
0.183673	0
0.204082	0
0.22449	0
0.244898	0
0.265306	0
0.285714	0
0.306122	0
0.326531	0
0.346939	0
0.367347	0
0.387755	0
0.408163	0
0.428571	0
0.44898	0
0.469388	0
0.489796	0
0.510204	100
0.530612	0
0.55102	0
0.571429	0
0.591837	0
0.612245	0
0.632653	0
0.653061	0
0.673469	0
0.693878	0
0.714286	0
0.734694	0
0.755102	0
0.77551	0
0.795918	0
0.816327	0
0.836735	0
0.857143	0
0.877551	0
0.897959	0
0.918367	0
0.938776	0
0.959184	0
0.979592	0
1	0
-------------------------
Paso 1:
x	Temperatura
0	0
0.0204082	0
0.0408163	0
0.0612245	0
0.0816327	0
0.102041	0
0.122449	0
0.142857	0
0.163265	0
0.183673	0
0.204082	0
0.22449	0
0.244898	0
0.265306	0
0.285714	0
0.306122	0
0.326531	0
0.346939	0
0.367347	0
0.387755	0
0.408163	0
0.428571	0
0.44898	0
0.469388	0
0.489796	8.00333
0.510204	83.9933
0.530612	8.00333
0.55102	0
0.571429	0
0.591837	0
0.612245	0
0.632653	0
0.653061	0
0.673469	0
0.693878	0
0.714286	0
0.734694	0
0.755102	0
0.77551	0
0.795918	0
0.816327	0
0.836735	0
0.857143	0
0.877551	0
0.897959	0
0.918367	0
0.938776	0
0.959184	0
0.979592	0
1	0
-------------------------
Paso 2:
x	Temperatura
0	0
0.0204082	0
0.0408163	0
0.0612245	0
0.0816327	0
0.102041	0
0.122449	0
0.142857	0
0.163265	0
0.183673	0
0.204082	0
0.22449	0
0.244898	0
0.265306	0
0.285714	0
0.306122	0
0.326531	0
0.346939	0
0.367347	0
0.387755	0
0.408163	0
0.428571	0
0.44898	0
0.469388	0.640533
0.489796	13.4445
0.510204	71.8299
0.530612	13.4445
0.55102	0.640533
0.571429	0
0.591837	0
0.612245	0
0.632653	0
0.653061	0
0.673469	0
0.693878	0
0.714286	0
0.734694	0
0.755102	0
0.77551	0
0.795918	0
0.816327	0
0.836735	0
0.857143	0
0.877551	0
0.897959	0
0.918367	0
0.938776	0
0.959184	0
0.979592	0
1	0
-------------------------
Paso 3:
x	Temperatura
0	0
0.0204082	0
0.0408163	0
0.0612245	0
0.0816327	0
0.102041	0
0.122449	0
0.142857	0
0.163265	0
0.183673	0
0.204082	0
0.22449	0
0.244898	0
0.265306	0
0.285714	0
0.306122	0
0.326531	0
0.346939	0
0.367347	0
0.387755	0
0.408163	0
0.428571	0
0.44898	0.051264
0.469388	1.61402
0.489796	17.0926
0.510204	62.4843
0.530612	17.0926
0.55102	1.61402
0.571429	0.051264
0.591837	0
0.612245	0
0.632653	0
0.653061	0
0.673469	0
0.693878	0
0.714286	0
0.734694	0
0.755102	0
0.77551	0
0.795918	0
0.816327	0
0.836735	0
0.857143	0
0.877551	0
0.897959	0
0.918367	0
0.938776	0
0.959184	0
0.979592	0
1	0
-------------------------
Paso 4:
x	Temperatura
0	0
0.0204082	0
0.0408163	0
0.0612245	0
0.0816327	0
0.102041	0
0.122449	0
0.142857	0
0.163265	0
0.183673	0
0.204082	0
0.22449	0
0.244898	0
0.265306	0
0.285714	0
0.306122	0
0.326531	0
0.346939	0
0.367347	0
0.387755	0
0.408163	0
0.428571	0.00410283
0.44898	0.172233
0.469388	2.72774
0.489796	19.4866
0.510204	55.2186
0.530612	19.4866
0.55102	2.72774
0.571429	0.172233
0.591837	0.00410283
0.612245	0
0.632653	0
0.653061	0
0.673469	0
0.693878	0
0.714286	0
0.734694	0
0.755102	0
0.77551	0
0.795918	0
0.816327	0
0.836735	0
0.857143	0
0.877551	0
0.897959	0
0.918367	0
0.938776	0
0.959184	0
0.979592	0
1	0
-------------------------
Paso 5:
x	Temperatura
0	0
0.0204082	0
0.0408163	0
0.0612245	0
0.0816327	0
0.102041	0
0.122449	0
0.142857	0
0.163265	0
0.183673	0
0.204082	0
0.22449	0
0.244898	0
0.265306	0
0.285714	0
0.306122	0
0.326531	0
0.346939	0
0.367347	0
0.387755	0
0.408163	0.000328363
0.428571	0.0172305
0.44898	0.363303
0.469388	3.86449
0.489796	21.0051
0.510204	49.4991
0.530612	21.0051
0.55102	3.86449
0.571429	0.363303
0.591837	0.0172305
0.612245	0.000328363
0.632653	0
0.653061	0
0.673469	0
0.693878	0
0.714286	0
0.734694	0
0.755102	0
0.77551	0
0.795918	0
0.816327	0
0.836735	0
0.857143	0
0.877551	0
0.897959	0
0.918367	0
0.938776	0
0.959184	0
0.979592	0
1	0
-------------------------
Paso 6:
x	Temperatura
0	0
0.0204082	0
0.0408163	0
0.0612245	0
0.0816327	0
0.102041	0
0.122449	0
0.142857	0
0.163265	0
0.183673	0
0.204082	0
0.22449	0
0.244898	0
0.265306	0
0.285714	0
0.306122	0
0.326531	0
0.346939	0
0.367347	0
0.387755	2.628e-05
0.408163	0.00165482
0.428571	0.0435752
0.44898	0.615817
0.469388	4.95609
0.489796	21.9137
0.510204	44.9382
0.530612	21.9137
0.55102	4.95609
0.571429	0.615817
0.591837	0.0435752
0.612245	0.00165482
0.632653	2.628e-05
0.653061	0
0.673469	0
0.693878	0
0.714286	0
0.734694	0
0.755102	0
0.77551	0
0.795918	0
0.816327	0
0.836735	0
0.857143	0
0.877551	0
0.897959	0
0.918367	0
0.938776	0
0.959184	0
0.979592	0
1	0
-------------------------
Paso 7:
x	Temperatura
0	0
0.0204082	0
0.0408163	0
0.0612245	0
0.0816327	0
0.102041	0
0.122449	0
0.142857	0
0.163265	0
0.183673	0
0.204082	0
0.22449	0
0.244898	0
0.265306	0
0.285714	0
0.306122	0
0.326531	0
0.346939	0
0.367347	2.10328e-06
0.387755	0.000154514
0.408163	0.00487951
0.428571	0.0860186
0.44898	0.917386
0.469388	5.96591
0.489796	22.3993
0.510204	41.2527
0.530612	22.3993
0.55102	5.96591
0.571429	0.917386
0.591837	0.0860186
0.612245	0.00487951
0.632653	0.000154514
0.653061	2.10328e-06
0.673469	0
0.693878	0
0.714286	0
0.734694	0
0.755102	0
0.77551	0
0.795918	0
0.816327	0
0.836735	0
0.857143	0
0.877551	0
0.897959	0
0.918367	0
0.938776	0
0.959184	0
0.979592	0
1	0
-------------------------
Paso 8:
x	Temperatura
0	0
0.0204082	0
0.0408163	0
0.0612245	0
0.0816327	0
0.102041	0
0.122449	0
0.142857	0
0.163265	0
0.183673	0
0.204082	0
0.22449	0
0.244898	0
0.265306	0
0.285714	0
0.306122	0
0.326531	0
0.346939	1.68332e-07
0.367347	1.41329e-05
0.387755	0.000520473
0.408163	0.0109952
0.428571	0.146062
0.44898	1.2549
0.469388	6.87707
0.489796	22.593
0.510204	38.2349
0.530612	22.593
0.55102	6.87707
0.571429	1.2549
0.591837	0.146062
0.612245	0.0109952
0.632653	0.000520473
0.653061	1.41329e-05
0.673469	1.68332e-07
0.693878	0
0.714286	0
0.734694	0
0.755102	0
0.77551	0
0.795918	0
0.816327	0
0.836735	0
0.857143	0
0.877551	0
0.897959	0
0.918367	0
0.938776	0
0.959184	0
0.979592	0
1	0
-------------------------
Paso 9:
x	Temperatura
0	0
0.0204082	0
0.0408163	0
0.0612245	0
0.0816327	0
0.102041	0
0.122449	0
0.142857	0
0.163265	0
0.183673	0
0.204082	0
0.22449	0
0.244898	0
0.265306	0
0.285714	0
0.306122	0
0.326531	1.34722e-08
0.346939	1.27249e-06
0.367347	5.35394e-05
0.387755	0.00131827
0.408163	0.0209667
0.428571	0.223996
0.44898	1.61612
0.469388	7.68491
0.489796	22.5871
0.510204	35.7312
0.530612	22.5871
0.55102	7.68491
0.571429	1.61612
0.591837	0.223996
0.612245	0.0209667
0.632653	0.00131827
0.653061	5.35394e-05
0.673469	1.27249e-06
0.693878	1.34722e-08
0.714286	0
0.734694	0
0.755102	0
0.77551	0
0.795918	0
0.816327	0
0.836735	0
0.857143	0
0.877551	0
0.897959	0
0.918367	0
0.938776	0
0.959184	0
0.979592	0
1	0
-------------------------
Paso 10:
x	Temperatura
0	0
0.0204082	0
0.0408163	0
0.0612245	0
0.0816327	0
0.102041	0
0.122449	0
0.142857	0
0.163265	0
0.183673	0
0.204082	0
0.22449	0
0.244898	0
0.265306	0
0.285714	0
0.306122	1.07822e-09
0.326531	1.13157e-07
0.346939	5.35482e-06
0.367347	0.000150577
0.387755	0.00278958
0.408163	0.0356433
0.428571	0.319163
0.44898	1.99041
0.469388	8.39187
0.489796	22.4464
0.510204	33.6272
0.530612	22.4464
0.55102	8.39187
0.571429	1.99041
0.591837	0.319163
0.612245	0.0356433
0.632653	0.00278958
0.653061	0.000150577
0.673469	5.35482e-06
0.693878	1.13157e-07
0.714286	1.07822e-09
0.734694	0
0.755102	0
0.77551	0
0.795918	0
0.816327	0
0.836735	0
0.857143	0
0.877551	0
0.897959	0
0.918367	0
0.938776	0
0.959184	0
0.979592	0
1	0
-------------------------
Paso 11:
x	Temperatura
0	0
0.0204082	0
0.0408163	0
0.0612245	0
0.0816327	0
0.102041	0
0.122449	0
0.142857	0
0.163265	0
0.183673	0
0.204082	0
0.22449	0
0.244898	0
0.265306	0
0.285714	8.62939e-11
0.306122	9.962e-09
0.326531	5.23695e-07
0.346939	1.65579e-05
0.367347	0.000350163
0.387755	0.00520776
0.408163	0.0557049
0.428571	0.430227
0.44898	2.36898
0.469388	9.00437
0.489796	22.2164
0.510204	31.8375
0.530612	22.2164
0.55102	9.00437
0.571429	2.36898
0.591837	0.430227
0.612245	0.0557049
0.632653	0.00520776
0.653061	0.000350163
0.673469	1.65579e-05
0.693878	5.23695e-07
0.714286	9.962e-09
0.734694	8.62939e-11
0.755102	0
0.77551	0
0.795918	0
0.816327	0
0.836735	0
0.857143	0
0.877551	0
0.897959	0
0.918367	0
0.938776	0
0.959184	0
0.979592	0
1	0
-------------------------
Paso 12:
x	Temperatura
0	0
0.0204082	0
0.0408163	0
0.0612245	0
0.0816327	0
0.102041	0
0.122449	0
0.142857	0
0.163265	0
0.183673	0
0.204082	0
0.22449	0
0.244898	0
0.265306	6.90639e-12
0.285714	8.69773e-10
0.306122	5.02874e-08
0.326531	1.76585e-06
0.346939	4.19742e-05
0.367347	0.000712233
0.387755	0.00886045
0.408163	0.0816377
0.428571	0.555418
0.44898	2.74487
0.469388	9.53072
0.489796	21.929
0.510204	30.2975
0.530612	21.929
0.55102	9.53072
0.571429	2.74487
0.591837	0.555418
0.612245	0.0816377
0.632653	0.00886045
0.653061	0.000712233
0.673469	4.19742e-05
0.693878	1.76585e-06
0.714286	5.02874e-08
0.734694	8.69773e-10
0.755102	6.90639e-12
0.77551	0
0.795918	0
0.816327	0
0.836735	0
0.857143	0
0.877551	0
0.897959	0
0.918367	0
0.938776	0
0.959184	0
0.979592	0
1	0
-------------------------
Paso 13:
x	Temperatura
0	0
0.0204082	0
0.0408163	0
0.0612245	0
0.0816327	0
0.102041	0
0.122449	0
0.142857	0
0.163265	0
0.183673	0
0.204082	0
0.22449	0
0.244898	5.52741e-13
0.265306	7.54118e-11
0.285714	4.75577e-09
0.306122	1.83635e-07
0.326531	4.84656e-06
0.346939	9.23993e-05
0.367347	0.00131072
0.387755	0.0140329
0.408163	0.113731
0.428571	0.692728
0.44898	3.11273
0.469388	9.9799
0.489796	21.6065
0.510204	28.958
0.530612	21.6065
0.55102	9.9799
0.571429	3.11273
0.591837	0.692728
0.612245	0.113731
0.632653	0.0140329
0.653061	0.00131072
0.673469	9.23993e-05
0.693878	4.84656e-06
0.714286	1.83635e-07
0.734694	4.75577e-09
0.755102	7.54118e-11
0.77551	5.52741e-13
0.795918	0
0.816327	0
0.836735	0
0.857143	0
0.877551	0
0.897959	0
0.918367	0
0.938776	0
0.959184	0
0.979592	0
1	0
-------------------------
Paso 14:
x	Temperatura
0	0
0.0204082	0
0.0408163	0
0.0612245	0
0.0816327	0
0.102041	0
0.122449	0
0.142857	0
0.163265	0
0.183673	0
0.204082	0
0.22449	4.42377e-14
0.244898	6.49972e-12
0.265306	4.44005e-10
0.285714	1.86975e-08
0.306122	5.42508e-07
0.326531	1.14805e-05
0.346939	0.000182898
0.367347	0.00223141
0.387755	0.0209939
0.408163	0.152091
0.428571	0.84007
0.44898	3.46865
0.469388	10.3608
0.489796	21.2643
0.510204	27.7813
0.530612	21.2643
0.55102	10.3608
0.571429	3.46865
0.591837	0.84007
0.612245	0.152091
0.632653	0.0209939
0.653061	0.00223141
0.673469	0.000182898
0.693878	1.14805e-05
0.714286	5.42508e-07
0.734694	1.86975e-08
0.755102	4.44005e-10
0.77551	6.49972e-12
0.795918	4.42377e-14
0.816327	0
0.836735	0
0.857143	0
0.877551	0
0.897959	0
0.918367	0
0.938776	0
0.959184	0
0.979592	0
1	0
-------------------------
Paso 15:
x	Temperatura
0	0
0.0204082	0
0.0408163	0
0.0612245	0
0.0816327	0
0.102041	0
0.122449	0
0.142857	0
0.163265	0
0.183673	0
0.204082	3.54049e-15
0.22449	5.57351e-13
0.244898	4.09981e-11
0.265306	1.86988e-09
0.285714	5.91589e-08
0.306122	1.37599e-06
0.326531	2.43242e-05
0.346939	0.000333129
0.367347	0.00356909
0.387755	0.0299844
0.408163	0.19666
0.428571	0.995384
0.44898	3.80988
0.469388	10.6819
0.489796	20.9133
0.510204	26.7381
0.530612	20.9133
0.55102	10.6819
0.571429	3.80988
0.591837	0.995384
0.612245	0.19666
0.632653	0.0299844
0.653061	0.00356909
0.673469	0.000333129
0.693878	2.43242e-05
0.714286	1.37599e-06
0.734694	5.91589e-08
0.755102	1.86988e-09
0.77551	4.09981e-11
0.795918	5.57351e-13
0.816327	3.54049e-15
0.836735	0
0.857143	0
0.877551	0
0.897959	0
0.918367	0
0.938776	0
0.959184	0
0.979592	0
1	0
-------------------------
Paso 16:
x	Temperatura
0	0
0.0204082	0
0.0408163	0
0.0612245	0
0.0816327	0
0.102041	0
0.122449	0
0.142857	0
0.163265	0
0.183673	2.83357e-16
0.204082	4.75804e-14
0.22449	3.74963e-12
0.244898	1.84133e-10
0.265306	6.30853e-09
0.285714	1.59964e-07
0.306122	3.10722e-06
0.326531	4.72023e-05
0.346939	0.000567399
0.367347	0.00542421
0.387755	0.04121
0.408163	0.247245
0.428571	1.15671
0.44898	4.13461
0.469388	10.9507
0.489796	20.5606
0.510204	25.8057
0.530612	20.5606
0.55102	10.9507
0.571429	4.13461
0.591837	1.15671
0.612245	0.247245
0.632653	0.04121
0.653061	0.00542421
0.673469	0.000567399
0.693878	4.72023e-05
0.714286	3.10722e-06
0.734694	1.59964e-07
0.755102	6.30853e-09
0.77551	1.84133e-10
0.795918	3.74963e-12
0.816327	4.75804e-14
0.836735	2.83357e-16
0.857143	0
0.877551	0
0.897959	0
0.918367	0
0.938776	0
0.959184	0
0.979592	0
1	0
-------------------------
Paso 17:
x	Temperatura
0	0
0.0204082	0
0.0408163	0
0.0612245	0
0.0816327	0
0.102041	0
0.122449	0
0.142857	0
0.163265	2.2678e-17
0.183673	4.04602e-15
0.204082	3.40083e-13
0.22449	1.789e-11
0.244898	6.59852e-10
0.265306	1.8116e-08
0.285714	3.83546e-07
0.306122	6.40042e-06
0.326531	8.53062e-05
0.346939	0.000914473
0.367347	0.00789956
0.387755	0.0548356
0.408163	0.303543
0.428571	1.32226
0.44898	4.4418
0.469388	11.1743
0.489796	20.2113
0.510204	24.9662
0.530612	20.2113
0.55102	11.1743
0.571429	4.4418
0.591837	1.32226
0.612245	0.303543
0.632653	0.0548356
0.653061	0.00789956
0.673469	0.000914473
0.693878	8.53062e-05
0.714286	6.40042e-06
0.734694	3.83546e-07
0.755102	1.8116e-08
0.77551	6.59852e-10
0.795918	1.789e-11
0.816327	3.40083e-13
0.836735	4.04602e-15
0.857143	2.2678e-17
0.877551	0
0.897959	0
0.918367	0
0.938776	0
0.959184	0
0.979592	0
1	0
-------------------------
Paso 18:
x	Temperatura
0	0
0.0204082	0
0.0408163	0
0.0612245	0
0.0816327	0
0.102041	0
0.122449	0
0.142857	1.815e-18
0.163265	3.42865e-16
0.183673	3.06182e-14
0.204082	1.71777e-12
0.22449	6.78638e-11
0.244898	2.00554e-09
0.265306	4.59654e-08
0.285714	8.35849e-07
0.306122	1.2234e-05
0.326531	0.000145352
0.346939	0.00140715
0.367347	0.011097
0.387755	0.070984
0.408163	0.365169
0.428571	1.49039
0.44898	4.73096
0.469388	11.3587
0.489796	19.8686
0.510204	24.2051
0.530612	19.8686
0.55102	11.3587
0.571429	4.73096
0.591837	1.49039
0.612245	0.365169
0.632653	0.070984
0.653061	0.011097
0.673469	0.00140715
0.693878	0.000145352
0.714286	1.2234e-05
0.734694	8.35849e-07
0.755102	4.59654e-08
0.77551	2.00554e-09
0.795918	6.78638e-11
0.816327	1.71777e-12
0.836735	3.06182e-14
0.857143	3.42865e-16
0.877551	1.815e-18
0.897959	0
0.918367	0
0.938776	0
0.959184	0
0.979592	0
1	0
-------------------------
Paso 19:
x	Temperatura
0	0
0.0204082	0
0.0408163	0
0.0612245	0
0.0816327	0
0.102041	0
0.122449	1.4526e-19
0.142857	2.89651e-17
0.163265	2.7386e-15
0.183673	1.63223e-13
0.204082	6.87663e-12
0.22449	2.17649e-10
0.244898	5.36872e-09
0.265306	1.05664e-07
0.285714	1.68486e-06
0.306122	2.19756e-05
0.326531	0.000235684
0.346939	0.00208167
0.367347	0.0151144
0.387755	0.0897357
0.408163	0.43168
0.428571	1.65969
0.44898	5.00205
0.469388	11.5094
0.489796	19.5346
0.510204	23.5109
0.530612	19.5346
0.55102	11.5094
0.571429	5.00205
0.591837	1.65969
0.612245	0.43168
0.632653	0.0897357
0.653061	0.0151144
0.673469	0.00208167
0.693878	0.000235684
0.714286	2.19756e-05
0.734694	1.68486e-06
0.755102	1.05664e-07
0.77551	5.36872e-09
0.795918	2.17649e-10
0.816327	6.87663e-12
0.836735	1.63223e-13
0.857143	2.7386e-15
0.877551	2.89651e-17
0.897959	1.4526e-19
0.918367	0
0.938776	0
0.959184	0
0.979592	0
1	0
-------------------------
Paso 20:
x	Temperatura
0	0
0.0204082	0
0.0408163	0
0.0612245	0
0.0816327	0
0.102041	1.16257e-20
0.122449	2.44018e-18
0.142857	2.4352e-16
0.163265	1.53659e-14
0.183673	6.87675e-13
0.204082	2.32081e-11
0.22449	6.13038e-10
0.244898	1.29834e-08
0.265306	2.24026e-07
0.285714	3.18241e-06
0.306122	3.74555e-05
0.326531	0.000366321
0.346939	0.00297699
0.367347	0.0200436
0.387755	0.11113
0.408163	0.502595
0.428571	1.82891
0.44898	5.25535
0.469388	11.6308
0.489796	19.2105
0.510204	22.8745
0.530612	19.2105
0.55102	11.6308
0.571429	5.25535
0.591837	1.82891
0.612245	0.502595
0.632653	0.11113
0.653061	0.0200436
0.673469	0.00297699
0.693878	0.000366321
0.714286	3.74555e-05
0.734694	3.18241e-06
0.755102	2.24026e-07
0.77551	1.29834e-08
0.795918	6.13038e-10
0.816327	2.32081e-11
0.836735	6.87675e-13
0.857143	1.53659e-14
0.877551	2.4352e-16
0.897959	2.44018e-18
0.918367	1.16257e-20
0.938776	0
0.959184	0
0.979592	0
1	0
-------------------------
Paso 21:
x	Temperatura
0	0
0.0204082	0
0.0408163	0
0.0612245	0
0.0816327	9.30441e-22
0.102041	2.05061e-19
0.122449	2.15402e-17
0.142857	1.43452e-15
0.163265	6.79627e-14
0.183673	2.43626e-12
0.204082	6.86118e-11
0.22449	1.55588e-09
0.244898	2.88838e-08
0.265306	4.43905e-07
0.285714	5.68863e-06
0.306122	6.10327e-05
0.326531	0.000548941
0.346939	0.00413394
0.367347	0.0259676
0.387755	0.135171
0.408163	0.577414
0.428571	1.99699
0.44898	5.49137
0.469388	11.7272
0.489796	18.8971
0.510204	22.288
0.530612	18.8971
0.55102	11.7272
0.571429	5.49137
0.591837	1.99699
0.612245	0.577414
0.632653	0.135171
0.653061	0.0259676
0.673469	0.00413394
0.693878	0.000548941
0.714286	6.10327e-05
0.734694	5.68863e-06
0.755102	4.43905e-07
0.77551	2.88838e-08
0.795918	1.55588e-09
0.816327	6.86118e-11
0.836735	2.43626e-12
0.857143	6.79627e-14
0.877551	1.43452e-15
0.897959	2.15402e-17
0.918367	2.05061e-19
0.938776	9.30441e-22
0.959184	0
0.979592	0
1	0
-------------------------
Paso 22:
x	Temperatura
0	0
0.0204082	0
0.0408163	0
0.0612245	7.44663e-23
0.0816327	1.71932e-20
0.102041	1.89625e-18
0.122449	1.32918e-16
0.142857	6.64591e-15
0.163265	2.52181e-13
0.183673	7.54296e-12
0.204082	1.82346e-10
0.22449	3.62399e-09
0.244898	5.99122e-08
0.265306	8.30442e-07
0.285714	9.69825e-06
0.306122	9.56523e-05
0.326531	0.000796812
0.346939	0.00559445
0.367347	0.0329601
0.387755	0.161825
0.408163	0.655633
0.428571	2.16304
0.44898	5.71078
0.469388	11.802
0.489796	18.5947
0.510204	21.7452
0.530612	18.5947
0.55102	11.802
0.571429	5.71078
0.591837	2.16304
0.612245	0.655633
0.632653	0.161825
0.653061	0.0329601
0.673469	0.00559445
0.693878	0.000796812
0.714286	9.56523e-05
0.734694	9.69825e-06
0.755102	8.30442e-07
0.77551	5.99122e-08
0.795918	3.62399e-09
0.816327	1.82346e-10
0.836735	7.54296e-12
0.857143	2.52181e-13
0.877551	6.64591e-15
0.897959	1.32918e-16
0.918367	1.89625e-18
0.938776	1.71932e-20
0.959184	7.44663e-23
0.979592	0
1	0
-------------------------
Paso 23:
x	Temperatura
0	0
0.0204082	0
0.0408163	5.95979e-24
0.0612245	1.43858e-21
0.0816327	1.6621e-19
0.102041	1.2232e-17
0.122449	6.43688e-16
0.142857	2.57756e-14
0.163265	8.16035e-13
0.183673	2.09496e-11
0.204082	4.43803e-10
0.22449	7.85348e-09
0.244898	1.17075e-07
0.265306	1.47849e-06
0.285714	1.58677e-05
0.306122	0.000144889
0.326531	0.00112467
0.346939	0.00740064
0.367347	0.0410834
0.387755	0.191033
0.408163	0.736755
0.428571	2.32634
0.44898	5.91434
0.469388	11.8581
0.489796	18.3032
0.510204	21.2409
0.530612	18.3032
0.55102	11.8581
0.571429	5.91434
0.591837	2.32634
0.612245	0.736755
0.632653	0.191033
0.653061	0.0410834
0.673469	0.00740064
0.693878	0.00112467
0.714286	0.000144889
0.734694	1.58677e-05
0.755102	1.47849e-06
0.77551	1.17075e-07
0.795918	7.85348e-09
0.816327	4.43803e-10
0.836735	2.09496e-11
0.857143	8.16035e-13
0.877551	2.57756e-14
0.897959	6.43688e-16
0.918367	1.2232e-17
0.938776	1.6621e-19
0.959184	1.43858e-21
0.979592	5.95979e-24
1	0
-------------------------
Paso 24:
x	Temperatura
0	0
0.0204082	4.76982e-25
0.0408163	1.2014e-22
0.0612245	1.45111e-20
0.0816327	1.11869e-18
0.102041	6.18038e-17
0.122449	2.60454e-15
0.142857	8.70113e-14
0.163265	2.36414e-12
0.183673	5.31805e-11
0.204082	1.00298e-09
0.22449	1.60018e-08
0.244898	2.17293e-07
0.265306	2.52115e-06
0.285714	2.50421e-05
0.306122	0.000212978
0.326531	0.00154854
0.346939	0.0095941
0.367347	0.0503886
0.387755	0.222708
0.408163	0.820299
0.428571	2.48628
0.44898	6.10288
0.469388	11.8982
0.489796	18.0225
0.510204	20.7707
0.530612	18.0225
0.55102	11.8982
0.571429	6.10288
0.591837	2.48628
0.612245	0.820299
0.632653	0.222708
0.653061	0.0503886
0.673469	0.0095941
0.693878	0.00154854
0.714286	0.000212978
0.734694	2.50421e-05
0.755102	2.52115e-06
0.77551	2.17293e-07
0.795918	1.60018e-08
0.816327	1.00298e-09
0.836735	5.31805e-11
0.857143	2.36414e-12
0.877551	8.70113e-14
0.897959	2.60454e-15
0.918367	6.18038e-17
0.938776	1.11869e-18
0.959184	1.45111e-20
0.979592	1.2014e-22
1	0
-------------------------
Paso 25:
x	Temperatura
0	0
0.0204082	1.00158e-23
0.0408163	1.26232e-21
0.0612245	1.0173e-19
0.0816327	5.88715e-18
0.102041	2.60451e-16
0.122449	9.1564e-15
0.142857	2.62502e-13
0.163265	6.2489e-12
0.183673	1.25129e-10
0.204082	2.12737e-09
0.22449	3.09114e-08
0.244898	3.85568e-07
0.265306	4.13919e-06
0.285714	3.82808e-05
0.306122	0.000304826
0.326531	0.00208556
0.346939	0.0122151
0.367347	0.060915
0.387755	0.256744
0.408163	0.905805
0.428571	2.64239
0.44898	6.27726
0.469388	11.9246
0.489796	17.7523
0.510204	20.3308
0.530612	17.7523
0.55102	11.9246
0.571429	6.27726
0.591837	2.64239
0.612245	0.905805
0.632653	0.256744
0.653061	0.060915
0.673469	0.0122151
0.693878	0.00208556
0.714286	0.000304826
0.734694	3.82808e-05
0.755102	4.13919e-06
0.77551	3.85568e-07
0.795918	3.09114e-08
0.816327	2.12737e-09
0.836735	1.25129e-10
0.857143	6.2489e-12
0.877551	2.62502e-13
0.897959	9.1564e-15
0.918367	2.60451e-16
0.938776	5.88715e-18
0.959184	1.0173e-19
0.979592	1.26228e-21
1	0
-------------------------
Paso 26:
x	Temperatura
0	0
0.0204082	1.0944e-22
0.0408163	9.20287e-21
0.0612245	5.56716e-19
0.0816327	2.57977e-17
0.102041	9.52049e-16
0.122449	2.87205e-14
0.142857	7.21337e-13
0.163265	1.52842e-11
0.183673	2.75861e-10
0.204082	4.27081e-09
0.22449	5.69921e-08
0.244898	6.57599e-07
0.265306	6.57125e-06
0.285714	5.68809e-05
0.306122	0.000426012
0.326531	0.00275375
0.346939	0.015302
0.367347	0.0726902
0.387755	0.293017
0.408163	0.992844
0.428571	2.79432
0.44898	6.43832
0.469388	11.939
0.489796	17.4922
0.510204	19.9181
0.530612	17.4922
0.55102	11.939
0.571429	6.43832
0.591837	2.79432
0.612245	0.992844
0.632653	0.293017
0.653061	0.0726902
0.673469	0.015302
0.693878	0.00275375
0.714286	0.000426012
0.734694	5.68809e-05
0.755102	6.57125e-06
0.77551	6.57599e-07
0.795918	5.69921e-08
0.816327	4.27081e-09
0.836735	2.75861e-10
0.857143	1.52842e-11
0.877551	7.21337e-13
0.897959	2.87205e-14
0.918367	9.52049e-16
0.938776	2.57977e-17
0.959184	5.56716e-19
0.979592	9.20204e-21
1	0
-------------------------
Paso 27:
x	Temperatura
0	0
0.0204082	8.28459e-22
0.0408163	5.22944e-20
0.0612245	2.53302e-18
0.0816327	9.79086e-17
0.102041	3.10032e-15
0.122449	8.19306e-14
0.142857	1.83142e-12
0.163265	3.49735e-11
0.183673	5.74735e-10
0.204082	8.17054e-09
0.22449	1.00841e-07
0.244898	1.08282e-06
0.265306	1.01244e-05
0.285714	8.23972e-05
0.306122	0.000582765
0.326531	0.00357173
0.346939	0.0188907
0.367347	0.0857307
0.387755	0.331393
0.408163	1.08101
0.428571	2.94178
0.44898	6.58691
0.469388	11.9432
0.489796	17.2419
0.510204	19.5298
0.530612	17.2419
0.55102	11.9432
0.571429	6.58691
0.591837	2.94178
0.612245	1.08101
0.632653	0.331393
0.653061	0.0857307
0.673469	0.0188907
0.693878	0.00357173
0.714286	0.000582765
0.734694	8.23972e-05
0.755102	1.01244e-05
0.77551	1.08282e-06
0.795918	1.00841e-07
0.816327	8.17054e-09
0.836735	5.74735e-10
0.857143	3.49735e-11
0.877551	1.83142e-12
0.897959	8.19306e-14
0.918367	3.10032e-15
0.938776	9.79086e-17
0.959184	2.53302e-18
0.979592	5.22849e-20
1	0
-------------------------
Paso 28:
x	Temperatura
0	0
0.0204082	4.88114e-21
0.0408163	2.46716e-19
0.0612245	9.9677e-18
0.0816327	3.30569e-16
0.102041	9.16908e-15
0.122449	2.15639e-13
0.142857	4.34387e-12
0.163265	7.552e-11
0.183673	1.13945e-09
0.204082	1.49794e-08
0.22449	1.72016e-07
0.244898	1.72786e-06
0.265306	1.5185e-05
0.285714	0.000116659
0.306122	0.000781936
0.326531	0.00455854
0.346939	0.0230141
0.367347	0.100042
0.387755	0.371727
0.408163	1.16994
0.428571	3.08459
0.44898	6.72386
0.469388	11.9386
0.489796	17.001
0.510204	19.1636
0.530612	17.001
0.55102	11.9386
0.571429	6.72386
0.591837	3.08459
0.612245	1.16994
0.632653	0.371727
0.653061	0.100042
0.673469	0.0230141
0.693878	0.00455854
0.714286	0.000781936
0.734694	0.000116659
0.755102	1.5185e-05
0.77551	1.72786e-06
0.795918	1.72016e-07
0.816327	1.49794e-08
0.836735	1.13945e-09
0.857143	7.552e-11
0.877551	4.34387e-12
0.897959	2.15639e-13
0.918367	9.16908e-15
0.938776	3.30569e-16
0.959184	9.9677e-18
0.979592	2.46642e-19
1	0
-------------------------
Paso 29:
x	Temperatura
0	0
0.0204082	2.38453e-20
0.0408163	1.00536e-18
0.0612245	3.48485e-17
0.0816327	1.01229e-15
0.102041	2.49862e-14
0.122449	5.29511e-13
0.142857	9.70994e-12
0.163265	1.54974e-10
0.183673	2.16196e-09
0.204082	2.64398e-08
0.22449	2.83967e-07
0.244898	2.68036e-06
0.265306	2.22293e-05
0.285714	0.000161782
0.306122	0.00103095
0.326531	0.00573335
0.346939	0.0277019
0.367347	0.115621
0.387755	0.413867
0.408163	1.25929
0.428571	3.22262
0.44898	6.84995
0.469388	11.9264
0.489796	16.7689
0.510204	18.8174
0.530612	16.7689
0.55102	11.9264
0.571429	6.84995
0.591837	3.22262
0.612245	1.25929
0.632653	0.413867
0.653061	0.115621
0.673469	0.0277019
0.693878	0.00573335
0.714286	0.00103095
0.734694	0.000161782
0.755102	2.22293e-05
0.77551	2.68036e-06
0.795918	2.83967e-07
0.816327	2.64398e-08
0.836735	2.16196e-09
0.857143	1.54974e-10
0.877551	9.70994e-12
0.897959	5.29511e-13
0.918367	2.49862e-14
0.938776	1.01229e-15
0.959184	3.48484e-17
0.979592	1.00491e-18
1	0
-------------------------
Paso 30:
x	Temperatura
0	0
0.0204082	1.00491e-19
0.0408163	3.63539e-18
0.0612245	1.10367e-16
0.0816327	2.85277e-15
0.102041	6.34462e-14
0.122449	1.22387e-12
0.142857	2.06011e-11
0.163265	3.03974e-10
0.183673	3.94437e-09
0.204082	4.51075e-08
0.22449	4.55147e-07
0.244898	4.05313e-06
0.265306	3.18336e-05
0.285714	0.000220175
0.306122	0.00133773
0.326531	0.00711521
0.346939	0.0329802
0.367347	0.132454
0.387755	0.457659
0.408163	1.34876
0.428571	3.35579
0.44898	6.96593
0.469388	11.9077
0.489796	16.5453
0.510204	18.4895
0.530612	16.5453
0.55102	11.9077
0.571429	6.96593
0.591837	3.35579
0.612245	1.34876
0.632653	0.457659
0.653061	0.132454
0.673469	0.0329802
0.693878	0.00711521
0.714286	0.00133773
0.734694	0.000220175
0.755102	3.18336e-05
0.77551	4.05313e-06
0.795918	4.55147e-07
0.816327	4.51075e-08
0.836735	3.94437e-09
0.857143	3.03974e-10
0.877551	2.06011e-11
0.897959	1.22387e-12
0.918367	6.34462e-14
0.938776	2.85277e-15
0.959184	1.10367e-16
0.979592	3.6331e-18
1	0
-------------------------
Paso 31:
x	Temperatura
0	0
0.0204082	3.75358e-19
0.0408163	1.18946e-17
0.0612245	3.21309e-16
0.0816327	7.48278e-15
0.102041	1.51469e-13
0.122449	2.68183e-12
0.142857	4.17296e-11
0.163265	5.72648e-10
0.183673	6.94744e-09
0.204082	7.46299e-08
0.22449	7.10289e-07
0.244898	5.98854e-06
0.265306	4.46839e-05
0.285714	0.000294544
0.306122	0.00171068
0.326531	0.00872288
0.346939	0.0388714
0.367347	0.15052
0.387755	0.50295
0.408163	1.43807
0.428571	3.4841
0.44898	7.0725
0.469388	11.8833
0.489796	16.3297
0.510204	18.1783
0.530612	16.3297
0.55102	11.8833
0.571429	7.0725
0.591837	3.4841
0.612245	1.43807
0.632653	0.50295
0.653061	0.15052
0.673469	0.0388714
0.693878	0.00872288
0.714286	0.00171068
0.734694	0.000294544
0.755102	4.46839e-05
0.77551	5.98854e-06
0.795918	7.10289e-07
0.816327	7.46299e-08
0.836735	6.94744e-09
0.857143	5.72648e-10
0.877551	4.17296e-11
0.897959	2.68183e-12
0.918367	1.51469e-13
0.938776	7.48278e-15
0.959184	3.21308e-16
0.979592	1.18846e-17
1	0
-------------------------
Paso 32:
x	Temperatura
0	0
0.0204082	1.26724e-18
0.0408163	3.57361e-17
0.0612245	8.69702e-16
0.0816327	1.84334e-14
0.102041	3.42459e-13
0.122449	5.60443e-12
0.142857	8.10956e-11
0.163265	1.04035e-09
0.183673	1.18541e-08
0.204082	1.20087e-07
0.22449	1.08185e-06
0.244898	8.66302e-06
0.265306	6.15841e-05
0.285714	0.000387885
0.306122	0.00215855
0.326531	0.0105746
0.346939	0.0453941
0.367347	0.169791
0.387755	0.549585
0.408163	1.52698
0.428571	3.60754
0.44898	7.17034
0.469388	11.8542
0.489796	16.1218
0.510204	17.8824
0.530612	16.1218
0.55102	11.8542
0.571429	7.17034
0.591837	3.60754
0.612245	1.52698
0.632653	0.549585
0.653061	0.169791
0.673469	0.0453941
0.693878	0.0105746
0.714286	0.00215855
0.734694	0.000387885
0.755102	6.15841e-05
0.77551	8.66302e-06
0.795918	1.08185e-06
0.816327	1.20087e-07
0.836735	1.18541e-08
0.857143	1.04035e-09
0.877551	8.10956e-11
0.897959	5.60443e-12
0.918367	3.42459e-13
0.938776	1.84334e-14
0.959184	8.69701e-16
0.979592	3.56977e-17
1	0
-------------------------
Paso 33:
x	Temperatura
0	0
0.0204082	3.92448e-18
0.0408163	9.97225e-17
0.0612245	2.20863e-15
0.0816327	4.29605e-14
0.102041	7.37659e-13
0.122449	1.12251e-11
0.142857	1.51826e-10
0.163265	1.82904e-09
0.183673	1.96509e-08
0.204082	1.88398e-07
0.22449	1.61162e-06
0.244898	1.22917e-05
0.265306	8.34635e-05
0.285714	0.000503482
0.306122	0.0026904
0.326531	0.0126877
0.346939	0.0525633
0.367347	0.190231
0.387755	0.597413
0.408163	1.61527
0.428571	3.72617
0.44898	7.26006
0.469388	11.8209
0.489796	15.9212
0.510204	17.6006
0.530612	15.9212
0.55102	11.8209
0.571429	7.26006
0.591837	3.72617
0.612245	1.61527
0.632653	0.597413
0.653061	0.190231
0.673469	0.0525633
0.693878	0.0126877
0.714286	0.0026904
0.734694	0.000503482
0.755102	8.34635e-05
0.77551	1.22917e-05
0.795918	1.61162e-06
0.816327	1.88398e-07
0.836735	1.96509e-08
0.857143	1.82904e-09
0.877551	1.51826e-10
0.897959	1.12251e-11
0.918367	7.37659e-13
0.938776	4.29605e-14
0.959184	2.20863e-15
0.979592	9.95887e-17
1	0
-------------------------
Paso 34:
x	Temperatura
0	0
0.0204082	1.12774e-17
0.0408163	2.60839e-16
0.0612245	5.30136e-15
0.0816327	9.52981e-14
0.102041	1.52141e-12
0.122449	2.16385e-11
0.142857	2.74807e-10
0.163265	3.12115e-09
0.183673	3.17299e-08
0.204082	2.88798e-07
0.22449	2.35248e-06
0.244898	1.71331e-05
0.265306	0.000111383
0.285714	0.000644893
0.306122	0.00331549
0.326531	0.015079
0.346939	0.0603899
0.367347	0.211801
0.387755	0.646288
0.408163	1.70275
0.428571	3.84005
0.44898	7.34225
0.469388	11.784
0.489796	15.7274
0.510204	17.3318
0.530612	15.7274
0.55102	11.784
0.571429	7.34225
0.591837	3.84005
0.612245	1.70275
0.632653	0.646288
0.653061	0.211801
0.673469	0.0603899
0.693878	0.015079
0.714286	0.00331549
0.734694	0.000644893
0.755102	0.000111383
0.77551	1.71331e-05
0.795918	2.35248e-06
0.816327	2.88798e-07
0.836735	3.17299e-08
0.857143	3.12115e-09
0.877551	2.74807e-10
0.897959	2.16385e-11
0.918367	1.52141e-12
0.938776	9.52981e-14
0.959184	5.30135e-15
0.979592	2.60412e-16
1	0
-------------------------
Paso 35:
x	Temperatura
0	0
0.0204082	3.03481e-17
0.0408163	6.44275e-16
0.0612245	1.21007e-14
0.0816327	2.02231e-13
0.102041	3.01731e-12
0.122449	4.02904e-11
0.142857	4.82347e-10
0.163265	5.183e-09
0.183673	5.00143e-08
0.204082	4.33388e-07
0.22449	3.37026e-06
0.244898	2.34933e-05
0.265306	0.000146538
0.285714	0.000815932
0.306122	0.00404323
0.326531	0.0177639
0.346939	0.0688815
0.367347	0.234457
0.387755	0.696067
0.408163	1.78925
0.428571	3.94929
0.44898	7.41744
0.469388	11.7441
0.489796	15.5402
0.510204	17.075
0.530612	15.5402
0.55102	11.7441
0.571429	7.41744
0.591837	3.94929
0.612245	1.78925
0.632653	0.696067
0.653061	0.234457
0.673469	0.0688815
0.693878	0.0177639
0.714286	0.00404323
0.734694	0.000815932
0.755102	0.000146538
0.77551	2.34933e-05
0.795918	3.37026e-06
0.816327	4.33388e-07
0.836735	5.00143e-08
0.857143	5.183e-09
0.877551	4.82347e-10
0.897959	4.02904e-11
0.918367	3.01731e-12
0.938776	2.02231e-13
0.959184	1.21006e-14
0.979592	6.43013e-16
1	0
-------------------------
Paso 36:
x	Temperatura
0	0
0.0204082	7.70539e-17
0.0408163	1.51204e-15
0.0612245	2.64006e-14
0.0816327	4.12315e-13
0.102041	5.7751e-12
0.122449	7.26866e-11
0.142857	8.23177e-10
0.163265	8.39479e-09
0.183673	7.71089e-08
0.204082	6.37753e-07
0.22449	4.74572e-06
0.244898	3.17305e-05
0.265306	0.000190264
0.285714	0.00102065
0.306122	0.00488305
0.326531	0.0207569
0.346939	0.0780419
0.367347	0.258149
0.387755	0.746614
0.408163	1.87464
0.428571	4.05398
0.44898	7.48615
0.469388	11.7017
0.489796	15.3592
0.510204	16.8293
0.530612	15.3592
0.55102	11.7017
0.571429	7.48615
0.591837	4.05398
0.612245	1.87464
0.632653	0.746614
0.653061	0.258149
0.673469	0.0780419
0.693878	0.0207569
0.714286	0.00488305
0.734694	0.00102065
0.755102	0.000190264
0.77551	3.17305e-05
0.795918	4.74572e-06
0.816327	6.37753e-07
0.836735	7.71089e-08
0.857143	8.39479e-09
0.877551	8.23177e-10
0.897959	7.26866e-11
0.918367	5.7751e-12
0.938776	4.12315e-13
0.959184	2.64005e-14
0.979592	1.50854e-15
1	0
-------------------------
Paso 37:
x	Temperatura
0	0
0.0204082	1.85733e-16
0.0408163	3.3891e-15
0.0612245	5.52947e-14
0.0816327	8.1063e-13
0.102041	1.0701e-11
0.122449	1.27396e-10
0.142857	1.36909e-09
0.163265	1.32882e-08
0.183673	1.1648e-07
0.204082	9.21657e-07
0.22449	6.57663e-06
0.244898	4.22588e-05
0.265306	0.000244035
0.285714	0.00126331
0.306122	0.00584436
0.326531	0.0240712
0.346939	0.0878718
0.367347	0.282828
0.387755	0.7978
0.408163	1.95878
0.428571	4.15425
0.44898	7.54885
0.469388	11.657
0.489796	15.1842
0.510204	16.594
0.530612	15.1842
0.55102	11.657
0.571429	7.54885
0.591837	4.15425
0.612245	1.95878
0.632653	0.7978
0.653061	0.282828
0.673469	0.0878718
0.693878	0.0240712
0.714286	0.00584436
0.734694	0.00126331
0.755102	0.000244035
0.77551	4.22588e-05
0.795918	6.57663e-06
0.816327	9.21657e-07
0.836735	1.1648e-07
0.857143	1.32882e-08
0.877551	1.36909e-09
0.897959	1.27396e-10
0.918367	1.0701e-11
0.938776	8.1063e-13
0.959184	5.52943e-14
0.979592	3.37999e-15
1	0
-------------------------
Paso 38:
x	Temperatura
0	0
0.0204082	4.27245e-16
0.0408163	7.2869e-15
0.0612245	1.11593e-13
0.0816327	1.54174e-12
0.102041	1.92489e-11
0.122449	2.17433e-10
0.142857	2.22365e-09
0.163265	2.05931e-08
0.183673	1.72662e-07
0.204082	1.3098e-06
0.22449	8.9798e-06
0.244898	5.55518e-05
0.265306	0.000309462
0.285714	0.00154837
0.306122	0.00693648
0.326531	0.0277186
0.346939	0.0983687
0.367347	0.30844
0.387755	0.849502
0.408163	2.04157
0.428571	4.25022
0.44898	7.60595
0.469388	11.6105
0.489796	15.0147
0.510204	16.3683
0.530612	15.0147
0.55102	11.6105
0.571429	7.60595
0.591837	4.25022
0.612245	2.04157
0.632653	0.849502
0.653061	0.30844
0.673469	0.0983687
0.693878	0.0277186
0.714286	0.00693648
0.734694	0.00154837
0.755102	0.000309462
0.77551	5.55518e-05
0.795918	8.9798e-06
0.816327	1.3098e-06
0.836735	1.72662e-07
0.857143	2.05931e-08
0.877551	2.22365e-09
0.897959	2.17433e-10
0.918367	1.92489e-11
0.938776	1.54174e-12
0.959184	1.11591e-13
0.979592	7.26435e-15
1	0
-------------------------
Paso 39:
x	Temperatura
0	0
0.0204082	9.42052e-16
0.0408163	1.50858e-14
0.0612245	2.17704e-13
0.0816327	2.84445e-12
0.102041	3.36931e-11
0.122449	3.62136e-10
0.142857	3.53325e-09
0.163265	3.12935e-08
0.183673	2.515e-07
0.204082	1.83265e-06
0.22449	1.20933e-05
0.244898	7.21458e-05
0.265306	0.000388295
0.285714	0.00188045
0.306122	0.00816851
0.326531	0.0317097
0.346939	0.109527
0.367347	0.33493
0.387755	0.901605
0.408163	2.12293
0.428571	4.34203
0.44898	7.65788
0.469388	11.5625
0.489796	14.8506
0.510204	16.1517
0.530612	14.8506
0.55102	11.5625
0.571429	7.65788
0.591837	4.34203
0.612245	2.12293
0.632653	0.901605
0.653061	0.33493
0.673469	0.109527
0.693878	0.0317097
0.714286	0.00816851
0.734694	0.00188045
0.755102	0.000388295
0.77551	7.21458e-05
0.795918	1.20933e-05
0.816327	1.83265e-06
0.836735	2.515e-07
0.857143	3.12935e-08
0.877551	3.53325e-09
0.897959	3.62136e-10
0.918367	3.36931e-11
0.938776	2.84445e-12
0.959184	2.17701e-13
0.979592	1.50326e-14
1	0
-------------------------
Paso 40:
x	Temperatura
0	0
0.0204082	1.99863e-15
0.0408163	3.01701e-14
0.0612245	4.11715e-13
0.0816327	5.10314e-12
0.102041	5.75106e-11
0.122449	5.89644e-10
0.142857	5.5012e-09
0.163265	4.66956e-08
0.183673	3.60421e-07
0.204082	2.5273e-06
0.22449	1.60783e-05
0.244898	9.26421e-05
0.265306	0.000482414
0.285714	0.00226428
0.306122	0.00954934
0.326531	0.0360536
0.346939	0.121339
0.367347	0.362243
0.387755	0.953999
0.408163	2.20279
0.428571	4.4298
0.44898	7.705
0.469388	11.5131
0.489796	14.6916
0.510204	15.9434
0.530612	14.6916
0.55102	11.5131
0.571429	7.705
0.591837	4.4298
0.612245	2.20279
0.632653	0.953999
0.653061	0.362243
0.673469	0.121339
0.693878	0.0360536
0.714286	0.00954934
0.734694	0.00226428
0.755102	0.000482414
0.77551	9.26421e-05
0.795918	1.60783e-05
0.816327	2.5273e-06
0.836735	3.60421e-07
0.857143	4.66956e-08
0.877551	5.5012e-09
0.897959	5.89644e-10
0.918367	5.75106e-11
0.938776	5.10314e-12
0.959184	4.11708e-13
0.979592	3.00498e-14
1	0
-------------------------
Paso 41:
x	Temperatura
0	0
0.0204082	4.09333e-15
0.0408163	5.84517e-14
0.0612245	7.56649e-13
0.0816327	8.92202e-12
0.102041	9.59047e-11
0.122449	9.40144e-10
0.142857	8.40504e-09
0.163265	6.85072e-08
0.183673	5.08735e-07
0.204082	3.4384e-06
0.22449	2.11214e-05
0.244898	0.000117709
0.265306	0.000593828
0.285714	0.00270472
0.306122	0.0110875
0.326531	0.040758
0.346939	0.133794
0.367347	0.390323
0.387755	1.00658
0.408163	2.28108
0.428571	4.51369
0.44898	7.74765
0.469388	11.4627
0.489796	14.5374
0.510204	15.743
0.530612	14.5374
0.55102	11.4627
0.571429	7.74765
0.591837	4.51369
0.612245	2.28108
0.632653	1.00658
0.653061	0.390323
0.673469	0.133794
0.693878	0.040758
0.714286	0.0110875
0.734694	0.00270472
0.755102	0.000593828
0.77551	0.000117709
0.795918	2.11214e-05
0.816327	3.4384e-06
0.836735	5.08735e-07
0.857143	6.85072e-08
0.877551	8.40504e-09
0.897959	9.40144e-10
0.918367	9.59047e-11
0.938776	8.92202e-12
0.959184	7.56634e-13
0.979592	5.81902e-14
1	0
-------------------------
Paso 42:
x	Temperatura
0	0
0.0204082	8.11621e-15
0.0408163	1.0998e-13
0.0612245	1.35427e-12
0.0816327	1.523e-11
0.102041	1.5651e-10
0.122449	1.47002e-09
0.142857	1.26178e-08
0.163265	9.89299e-08
0.183673	7.07973e-07
0.204082	4.61916e-06
0.22449	2.74364e-05
0.244898	0.000148084
0.265306	0.000724664
0.285714	0.00320668
0.306122	0.0127912
0.326531	0.0458293
0.346939	0.146879
0.367347	0.419114
0.387755	1.05926
0.408163	2.35776
0.428571	4.59383
0.44898	7.78616
0.469388	11.4115
0.489796	14.3878
0.510204	15.55
0.530612	14.3878
0.55102	11.4115
0.571429	7.78616
0.591837	4.59383
0.612245	2.35776
0.632653	1.05926
0.653061	0.419114
0.673469	0.146879
0.693878	0.0458293
0.714286	0.0127912
0.734694	0.00320668
0.755102	0.000724664
0.77551	0.000148084
0.795918	2.74364e-05
0.816327	4.61916e-06
0.836735	7.07973e-07
0.857143	9.89299e-08
0.877551	1.26178e-08
0.897959	1.47002e-09
0.918367	1.5651e-10
0.938776	1.523e-11
0.959184	1.35424e-12
0.979592	1.09432e-13
1	0
-------------------------
Paso 43:
x	Temperatura
0	0
0.0204082	1.56192e-14
0.0408163	2.01413e-13
0.0612245	2.36521e-12
0.0816327	2.54266e-11
0.102041	2.50328e-10
0.122449	2.25708e-09
0.142857	1.86334e-08
0.163265	1.40766e-07
0.183673	9.72255e-07
0.204082	6.13228e-06
0.22449	3.52661e-05
0.244898	0.000184574
0.265306	0.000877163
0.285714	0.00377512
0.306122	0.0146683
0.326531	0.0512725
0.346939	0.160579
0.367347	0.448559
0.387755	1.11195
0.408163	2.4328
0.428571	4.67037
0.44898	7.82081
0.469388	11.3595
0.489796	14.2426
0.510204	15.364
0.530612	14.2426
0.55102	11.3595
0.571429	7.82081
0.591837	4.67037
0.612245	2.4328
0.632653	1.11195
0.653061	0.448559
0.673469	0.160579
0.693878	0.0512725
0.714286	0.0146683
0.734694	0.00377512
0.755102	0.000877163
0.77551	0.000184574
0.795918	3.52661e-05
0.816327	6.13228e-06
0.836735	9.72255e-07
0.857143	1.40766e-07
0.877551	1.86334e-08
0.897959	2.25708e-09
0.918367	2.50328e-10
0.938776	2.54266e-11
0.959184	2.36514e-12
0.979592	2.003e-13
1	0
-------------------------
Paso 44:
x	Temperatura
0	0
0.0204082	2.92388e-14
0.0408163	3.59719e-13
0.0612245	4.03772e-12
0.0816327	4.15805e-11
0.102041	3.92935e-10
0.122449	3.40713e-09
0.142857	2.70974e-08
0.163265	1.97538e-07
0.183673	1.31868e-06
0.204082	8.05098e-06
0.22449	4.48841e-05
0.244898	0.000228055
0.265306	0.00105367
0.285714	0.004415
0.306122	0.016726
0.326531	0.0570911
0.346939	0.174879
0.367347	0.478605
0.387755	1.16457
0.408163	2.50617
0.428571	4.74343
0.44898	7.85188
0.469388	11.3071
0.489796	14.1016
0.510204	15.1845
0.530612	14.1016
0.55102	11.3071
0.571429	7.85188
0.591837	4.74343
0.612245	2.50617
0.632653	1.16457
0.653061	0.478605
0.673469	0.174879
0.693878	0.0570911
0.714286	0.016726
0.734694	0.004415
0.755102	0.00105367
0.77551	0.000228055
0.795918	4.48841e-05
0.816327	8.05098e-06
0.836735	1.31868e-06
0.857143	1.97538e-07
0.877551	2.70974e-08
0.897959	3.40713e-09
0.918367	3.92935e-10
0.938776	4.15805e-11
0.959184	4.03757e-12
0.979592	3.57528e-13
1	0
-------------------------
Paso 45:
x	Temperatura
0	0
0.0204082	5.33481e-14
0.0408163	6.27632e-13
0.0612245	6.74803e-12
0.0816327	6.6696e-11
0.102041	6.06051e-10
0.122449	5.06191e-09
0.142857	3.88423e-08
0.163265	2.73626e-07
0.183673	1.76776e-06
0.204082	1.046e-05
0.22449	5.65959e-05
0.244898	0.000279471
0.265306	0.00125661
0.285714	0.00513128
0.306122	0.0189713
0.326531	0.0632875
0.346939	0.18976
0.367347	0.509197
0.387755	1.21704
0.408163	2.57785
0.428571	4.81315
0.44898	7.87963
0.469388	11.2542
0.489796	13.9646
0.510204	15.0112
0.530612	13.9646
0.55102	11.2542
0.571429	7.87963
0.591837	4.81315
0.612245	2.57785
0.632653	1.21704
0.653061	0.509197
0.673469	0.18976
0.693878	0.0632875
0.714286	0.0189713
0.734694	0.00513128
0.755102	0.00125661
0.77551	0.000279471
0.795918	5.65959e-05
0.816327	1.046e-05
0.836735	1.76776e-06
0.857143	2.73626e-07
0.877551	3.88423e-08
0.897959	5.06191e-09
0.918367	6.06051e-10
0.938776	6.66959e-11
0.959184	6.74773e-12
0.979592	6.2344e-13
1	0
-------------------------
Paso 46:
x	Temperatura
0	0
0.0204082	9.50403e-14
0.0408163	1.07151e-12
0.0612245	1.1056e-11
0.0816327	1.05065e-10
0.102041	9.19502e-10
0.122449	7.40885e-09
0.142857	5.49293e-08
0.163265	3.74416e-07
0.183673	2.34385e-06
0.204082	1.34568e-05
0.22449	7.0741e-05
0.244898	0.000339837
0.265306	0.00148851
0.285714	0.00592884
0.306122	0.0214104
0.326531	0.0698628
0.346939	0.205204
0.367347	0.540283
0.387755	1.2693
0.408163	2.64784
0.428571	4.87967
0.44898	7.90429
0.469388	11.201
0.489796	13.8314
0.510204	14.8436
0.530612	13.8314
0.55102	11.201
0.571429	7.90429
0.591837	4.87967
0.612245	2.64784
0.632653	1.2693
0.653061	0.540283
0.673469	0.205204
0.693878	0.0698628
0.714286	0.0214104
0.734694	0.00592884
0.755102	0.00148851
0.77551	0.000339837
0.795918	7.0741e-05
0.816327	1.34568e-05
0.836735	2.34385e-06
0.857143	3.74416e-07
0.877551	5.49293e-08
0.897959	7.40885e-09
0.918367	9.19502e-10
0.938776	1.05064e-10
0.959184	1.10554e-11
0.979592	1.06369e-12
1	0
-------------------------
Paso 47:
x	Temperatura
0	0
0.0204082	1.65584e-13
0.0408163	1.79245e-12
0.0612245	1.77807e-11
0.0816327	1.62723e-10
0.102041	1.37368e-09
0.122449	1.06927e-08
0.142857	7.66957e-08
0.163265	5.06467e-07
0.183673	3.07564e-06
0.204082	1.7152e-05
0.22449	8.7693e-05
0.244898	0.000410233
0.265306	0.00175195
0.285714	0.00681251
0.306122	0.0240492
0.326531	0.0768168
0.346939	0.221189
0.367347	0.571811
0.387755	1.32128
0.408163	2.71613
0.428571	4.94312
0.44898	7.92607
0.469388	11.1477
0.489796	13.7019
0.510204	14.6816
0.530612	13.7019
0.55102	11.1477
0.571429	7.92607
0.591837	4.94312
0.612245	2.71613
0.632653	1.32128
0.653061	0.571811
0.673469	0.221189
0.693878	0.0768168
0.714286	0.0240492
0.734694	0.00681251
0.755102	0.00175195
0.77551	0.000410233
0.795918	8.7693e-05
0.816327	1.7152e-05
0.836735	3.07564e-06
0.857143	5.06467e-07
0.877551	7.66957e-08
0.897959	1.06927e-08
0.918367	1.37368e-09
0.938776	1.62723e-10
0.959184	1.77796e-11
0.979592	1.77823e-12
1	0
-------------------------
Paso 48:
x	Temperatura
0	0
0.0204082	2.82535e-13
0.0408163	2.94184e-12
0.0612245	2.81014e-11
0.0816327	2.4804e-10
0.102041	2.0226e-09
0.122449	1.52293e-08
0.142857	1.05809e-07
0.163265	6.7769e-07
0.183673	3.9966e-06
0.204082	2.16711e-05
0.22449	0.000107861
0.244898	0.000491801
0.265306	0.00204958
0.285714	0.007787
0.306122	0.0268928
0.326531	0.0841482
0.346939	0.237696
0.367347	0.603732
0.387755	1.37294
0.408163	2.78273
0.428571	5.00362
0.44898	7.94517
0.469388	11.0943
0.489796	13.5759
0.510204	14.5248
0.530612	13.5759
0.55102	11.0943
0.571429	7.94517
0.591837	5.00362
0.612245	2.78273
0.632653	1.37294
0.653061	0.603732
0.673469	0.237696
0.693878	0.0841482
0.714286	0.0268928
0.734694	0.007787
0.755102	0.00204958
0.77551	0.000491801
0.795918	0.000107861
0.816327	2.16711e-05
0.836735	3.9966e-06
0.857143	6.7769e-07
0.877551	1.05809e-07
0.897959	1.52293e-08
0.918367	2.0226e-09
0.938776	2.4804e-10
0.959184	2.80993e-11
0.979592	2.91656e-12
1	0
-------------------------
Paso 49:
x	Temperatura
0	0
0.0204082	4.72756e-13
0.0408163	4.74261e-12
0.0612245	4.36902e-11
0.0816327	3.72461e-10
0.102041	2.93755e-09
0.122449	2.14218e-08
0.142857	1.44329e-07
0.163265	8.97544e-07
0.183673	5.14552e-06
0.204082	2.71546e-05
0.22449	0.000131691
0.244898	0.000585747
0.265306	0.00238409
0.285714	0.00885692
0.306122	0.0299461
0.326531	0.0918548
0.346939	0.254702
0.367347	0.635999
0.387755	1.4242
0.408163	2.84764
0.428571	5.0613
0.44898	7.96178
0.469388	11.0409
0.489796	13.4532
0.510204	14.3729
0.530612	13.4532
0.55102	11.0409
0.571429	7.96178
0.591837	5.0613
0.612245	2.84764
0.632653	1.4242
0.653061	0.635999
0.673469	0.254702
0.693878	0.0918548
0.714286	0.0299461
0.734694	0.00885692
0.755102	0.00238409
0.77551	0.000585747
0.795918	0.000131691
0.816327	2.71546e-05
0.836735	5.14552e-06
0.857143	8.97544e-07
0.877551	1.44329e-07
0.897959	2.14218e-08
0.918367	2.93755e-09
0.938776	3.72461e-10
0.959184	4.36864e-11
0.979592	4.69859e-12
1	0
-------------------------
