# i		j		x		y		u		v		p
# nx		ny		
# 40		40
# =================================
0	0	0	0	0	0	1.1239
0	1	0	0.025641	0	0	1.1239
0	2	0	0.0512821	0	0	1.13229
0	3	0	0.0769231	0	0	1.14145
0	4	0	0.102564	0	0	1.14458
0	5	0	0.128205	0	0	1.15659
0	6	0	0.153846	0	0	1.15474
0	7	0	0.179487	0	0	1.16498
0	8	0	0.205128	0	0	1.16546
0	9	0	0.230769	0	0	1.16499
0	10	0	0.25641	0	0	1.17499
0	11	0	0.282051	0	0	1.15985
0	12	0	0.307692	0	0	1.17666
0	13	0	0.333333	0	0	1.1555
0	14	0	0.358974	0	0	1.16367
0	15	0	0.384615	0	0	1.15396
0	16	0	0.410256	0	0	1.13614
0	17	0	0.435897	0	0	1.1476
0	18	0	0.461538	0	0	1.10327
0	19	0	0.487179	0	0	1.12175
0	20	0	0.512821	0	0	1.07479
0	21	0	0.538462	0	0	1.06742
0	22	0	0.564103	0	0	1.04634
0	23	0	0.589744	0	0	0.992933
0	24	0	0.615385	0	0	0.994334
0	25	0	0.641026	0	0	0.916692
0	26	0	0.666667	0	0	0.892984
0	27	0	0.692308	0	0	0.838466
0	28	0	0.717949	0	0	0.740845
0	29	0	0.74359	0	0	0.7163
0	30	0	0.769231	0	0	0.558197
0	31	0	0.794872	0	0	0.481646
0	32	0	0.820513	0	0	0.330432
0	33	0	0.846154	0	0	0.0774005
0	34	0	0.871795	0	0	-0.0649878
0	35	0	0.897436	0	0	-0.556482
0	36	0	0.923077	0	0	-0.865562
0	37	0	0.948718	0	0	-1.5349
0	38	0	0.974359	0	0	-2.36256
0	39	0	1	1	0	0
1	0	0.025641	0	0	0	1.1239
1	1	0.025641	0.025641	-0.00435633	-0.000665705	1.1239
1	2	0.025641	0.0512821	-0.00610637	-0.00117734	1.13229
1	3	0.025641	0.0769231	-0.006431	-0.000839197	1.14145
1	4	0.025641	0.102564	-0.00759944	-0.000403805	1.14458
1	5	0.025641	0.128205	-0.00681387	0.000614346	1.15659
1	6	0.025641	0.153846	-0.00825922	0.0018135	1.15474
1	7	0.025641	0.179487	-0.00747609	0.00305839	1.16498
1	8	0.025641	0.205128	-0.00809094	0.00507039	1.16546
1	9	0.025641	0.230769	-0.00883417	0.0064688	1.16499
1	10	0.025641	0.25641	-0.00733365	0.0090623	1.17499
1	11	0.025641	0.282051	-0.0103241	0.0109692	1.15985
1	12	0.025641	0.307692	-0.00700956	0.013626	1.17666
1	13	0.025641	0.333333	-0.0107496	0.016564	1.1555
1	14	0.025641	0.358974	-0.00828672	0.0188906	1.16367
1	15	0.025641	0.384615	-0.00937459	0.0230032	1.15396
1	16	0.025641	0.410256	-0.0112134	0.0252654	1.13614
1	17	0.025641	0.435897	-0.00710293	0.0299366	1.1476
1	18	0.025641	0.461538	-0.0139996	0.0331316	1.10327
1	19	0.025641	0.487179	-0.00639207	0.0373203	1.12175
1	20	0.025641	0.512821	-0.0140941	0.0424045	1.07479
1	21	0.025641	0.538462	-0.00923636	0.0457134	1.06742
1	22	0.025641	0.564103	-0.0108448	0.052485	1.04634
1	23	0.025641	0.589744	-0.0146074	0.0560378	0.992933
1	24	0.025641	0.615385	-0.00722972	0.0629589	0.994334
1	25	0.025641	0.641026	-0.0183562	0.0687743	0.916692
1	26	0.025641	0.666667	-0.00782989	0.0744939	0.892984
1	27	0.025641	0.692308	-0.0171608	0.0833672	0.838466
1	28	0.025641	0.717949	-0.0138229	0.0888035	0.740845
1	29	0.025641	0.74359	-0.0132361	0.0989897	0.7163
1	30	0.025641	0.769231	-0.0203985	0.107253	0.558197
1	31	0.025641	0.794872	-0.0131522	0.116201	0.481646
1	32	0.025641	0.820513	-0.0209224	0.12892	0.330432
1	33	0.025641	0.846154	-0.0182969	0.136075	0.0774005
1	34	0.025641	0.871795	-0.0111958	0.148138	-0.0649878
1	35	0.025641	0.897436	-0.00915125	0.150624	-0.556482
1	36	0.025641	0.923077	0.0350958	0.141601	-0.865562
1	37	0.025641	0.948718	0.11052	0.107751	-1.5349
1	38	0.025641	0.974359	0.345819	-0.0216468	-2.36256
1	39	0.025641	1	1	0	0
2	0	0.0512821	0	0	0	1.05981
2	1	0.0512821	0.025641	-0.00332829	-0.00065397	1.05981
2	2	0.0512821	0.0512821	-0.00502724	-0.00054093	1.06754
2	3	0.0512821	0.0769231	-0.00702796	-0.000721753	1.05785
2	4	0.0512821	0.102564	-0.00657541	0.00098359	1.09109
2	5	0.0512821	0.128205	-0.00915941	0.00220531	1.05448
2	6	0.0512821	0.153846	-0.00768	0.00428014	1.10484
2	7	0.0512821	0.179487	-0.0100152	0.00767146	1.06884
2	8	0.0512821	0.205128	-0.00975627	0.00923937	1.0878
2	9	0.0512821	0.230769	-0.00942356	0.0147403	1.10868
2	10	0.0512821	0.25641	-0.012803	0.0164367	1.045
2	11	0.0512821	0.282051	-0.00839591	0.0224594	1.14986
2	12	0.0512821	0.307692	-0.0152349	0.0263787	1.0138
2	13	0.0512821	0.333333	-0.00911921	0.0306179	1.14488
2	14	0.0512821	0.358974	-0.0149075	0.0386204	1.03727
2	15	0.0512821	0.384615	-0.0132602	0.0402913	1.06406
2	16	0.0512821	0.410256	-0.0113992	0.0516191	1.11518
2	17	0.0512821	0.435897	-0.0196762	0.0533195	0.940263
2	18	0.0512821	0.461538	-0.00770308	0.0639165	1.17695
2	19	0.0512821	0.487179	-0.0239549	0.070571	0.865052
2	20	0.0512821	0.512821	-0.00889505	0.0759954	1.12355
2	21	0.0512821	0.538462	-0.0216616	0.0903693	0.910147
2	22	0.0512821	0.564103	-0.0175207	0.0908772	0.928032
2	23	0.0512821	0.589744	-0.0135846	0.109339	1.02866
2	24	0.0512821	0.615385	-0.0293974	0.111863	0.699429
2	25	0.0512821	0.641026	-0.00736932	0.126024	1.05409
2	26	0.0512821	0.666667	-0.0354652	0.138568	0.602217
2	27	0.0512821	0.692308	-0.0115383	0.143749	0.852785
2	28	0.0512821	0.717949	-0.0307457	0.1658	0.659909
2	29	0.0512821	0.74359	-0.0259141	0.168158	0.498863
2	30	0.0512821	0.769231	-0.0215215	0.18839	0.659375
2	31	0.0512821	0.794872	-0.0388382	0.199325	0.227456
2	32	0.0512821	0.820513	-0.0185423	0.206202	0.342407
2	33	0.0512821	0.846154	-0.0350817	0.224555	0.121444
2	34	0.0512821	0.871795	-0.0142376	0.216177	-0.273433
2	35	0.0512821	0.897436	0.00687079	0.215161	-0.0992393
2	36	0.0512821	0.923077	0.058228	0.183303	-0.875207
2	37	0.0512821	0.948718	0.192423	0.117543	-0.697666
2	38	0.0512821	0.974359	0.453136	0.00548769	-1.28062
2	39	0.0512821	1	1	0	0
3	0	0.0769231	0	0	0	0.9996
3	1	0.0769231	0.025641	-0.00307264	5.28648e-05	0.9996
3	2	0.0769231	0.0512821	-0.0058793	-0.000619288	0.991956
3	3	0.0769231	0.0769231	-0.00703575	0.00140264	1.02823
3	4	0.0769231	0.102564	-0.0100745	0.00169413	0.96978
3	5	0.0769231	0.128205	-0.00938744	0.00485808	1.0621
3	6	0.0769231	0.153846	-0.0129603	0.00797141	0.964883
3	7	0.0769231	0.179487	-0.0119251	0.0101195	1.05313
3	8	0.0769231	0.205128	-0.0141659	0.017319	1.01558
3	9	0.0769231	0.230769	-0.0156905	0.0179871	0.978019
3	10	0.0769231	0.25641	-0.0138461	0.0278992	1.1123
3	11	0.0769231	0.282051	-0.0201093	0.0299443	0.880604
3	12	0.0769231	0.307692	-0.0137774	0.0382302	1.17478
3	13	0.0769231	0.333333	-0.0228576	0.0464627	0.861409
3	14	0.0769231	0.358974	-0.0167699	0.0488944	1.10017
3	15	0.0769231	0.384615	-0.0216032	0.0655372	0.993322
3	16	0.0769231	0.410256	-0.0241483	0.0630745	0.869592
3	17	0.0769231	0.435897	-0.017015	0.0833723	1.2151
3	18	0.0769231	0.461538	-0.0330531	0.0843857	0.623728
3	19	0.0769231	0.487179	-0.0142109	0.0977843	1.31769
3	20	0.0769231	0.512821	-0.0369289	0.112735	0.593192
3	21	0.0769231	0.538462	-0.0198074	0.111797	1.10047
3	22	0.0769231	0.564103	-0.0310116	0.142243	0.87608
3	23	0.0769231	0.589744	-0.0352437	0.13294	0.607943
3	24	0.0769231	0.615385	-0.0190111	0.165392	1.25321
3	25	0.0769231	0.641026	-0.0521602	0.166253	0.190969
3	26	0.0769231	0.666667	-0.0130751	0.181385	1.30298
3	27	0.0769231	0.692308	-0.0572075	0.206311	0.2099
3	28	0.0769231	0.717949	-0.0236292	0.199314	0.822658
3	29	0.0769231	0.74359	-0.0452516	0.238834	0.591197
3	30	0.0769231	0.769231	-0.0462533	0.228419	0.137518
3	31	0.0769231	0.794872	-0.0258129	0.253532	0.784236
3	32	0.0769231	0.820513	-0.0585505	0.260491	-0.18825
3	33	0.0769231	0.846154	-0.00684529	0.250603	0.351552
3	34	0.0769231	0.871795	-0.027195	0.262178	-0.0697979
3	35	0.0769231	0.897436	0.0455663	0.221122	-0.417354
3	36	0.0769231	0.923077	0.110684	0.187711	-0.0793977
3	37	0.0769231	0.948718	0.272405	0.120046	-0.758836
3	38	0.0769231	0.974359	0.545899	0.0171469	-0.493104
3	39	0.0769231	1	1	0	0
4	0	0.102564	0	0	0	0.932805
4	1	0.102564	0.025641	-0.00329761	-0.000214131	0.932805
4	2	0.102564	0.0512821	-0.00619629	0.00144639	0.951248
4	3	0.102564	0.0769231	-0.00938382	0.00100362	0.905477
4	4	0.102564	0.102564	-0.0108603	0.00500403	1.00037
4	5	0.102564	0.128205	-0.0144202	0.00660869	0.871359
4	6	0.102564	0.153846	-0.0144952	0.0103652	1.02569
4	7	0.102564	0.179487	-0.0182984	0.0167968	0.892353
4	8	0.102564	0.205128	-0.018376	0.0178519	0.963971
4	9	0.102564	0.230769	-0.0205602	0.029801	1.00595
4	10	0.102564	0.25641	-0.0233647	0.0294153	0.816543
4	11	0.102564	0.282051	-0.0214779	0.0428607	1.15436
4	12	0.102564	0.307692	-0.0287321	0.0471665	0.694597
4	13	0.102564	0.333333	-0.0230239	0.0546137	1.18303
4	14	0.102564	0.358974	-0.0320098	0.0705787	0.762169
4	15	0.102564	0.384615	-0.0280739	0.0675425	0.957105
4	16	0.102564	0.410256	-0.031049	0.0950193	1.07321
4	17	0.102564	0.435897	-0.037493	0.0875671	0.537621
4	18	0.102564	0.461538	-0.0273066	0.114422	1.42794
4	19	0.102564	0.487179	-0.0473059	0.119086	0.241825
4	20	0.102564	0.512821	-0.0269853	0.12758	1.4406
4	21	0.102564	0.538462	-0.0500124	0.158442	0.429675
4	22	0.102564	0.564103	-0.0370185	0.142476	0.875955
4	23	0.102564	0.589744	-0.041525	0.193395	1.1045
4	24	0.102564	0.615385	-0.0570743	0.171647	0.00319161
4	25	0.102564	0.641026	-0.0281696	0.213106	1.72534
4	26	0.102564	0.666667	-0.074968	0.218474	-0.477396
4	27	0.102564	0.692308	-0.0247481	0.22097	1.59184
4	28	0.102564	0.717949	-0.0742117	0.267174	-0.0829237
4	29	0.102564	0.74359	-0.0409239	0.234064	0.594607
4	30	0.102564	0.769231	-0.0497367	0.292355	0.807176
4	31	0.102564	0.794872	-0.064477	0.261819	-0.48985
4	32	0.102564	0.820513	-0.0108269	0.281752	1.19334
4	33	0.102564	0.846154	-0.0564439	0.280842	-0.760052
4	34	0.102564	0.871795	0.0462817	0.240581	0.587132
4	35	0.102564	0.897436	0.0433755	0.239813	-0.304864
4	36	0.102564	0.923077	0.192719	0.163934	-0.273846
4	37	0.102564	0.948718	0.336703	0.110784	-0.0483097
4	38	0.102564	0.974359	0.61325	0.0381689	-0.345452
4	39	0.102564	1	1	0	0
5	0	0.128205	0	0	0	0.871095
5	1	0.128205	0.025641	-0.00377548	0.000888975	0.871095
5	2	0.128205	0.0512821	-0.00742867	0.000581871	0.856883
5	3	0.128205	0.0769231	-0.0111699	0.00430313	0.913076
5	4	0.128205	0.102564	-0.0142384	0.00470386	0.812981
5	5	0.128205	0.128205	-0.0171191	0.0100266	0.9679
5	6	0.128205	0.153846	-0.0205194	0.0139442	0.786597
5	7	0.128205	0.179487	-0.0217554	0.0174192	0.962644
5	8	0.128205	0.205128	-0.0261686	0.0278361	0.852788
5	9	0.128205	0.230769	-0.0263452	0.0276254	0.837431
5	10	0.128205	0.25641	-0.0303465	0.0436922	1.02631
5	11	0.128205	0.282051	-0.0322022	0.0435877	0.638953
5	12	0.128205	0.307692	-0.0328002	0.0581949	1.18595
5	13	0.128205	0.333333	-0.0390129	0.0673921	0.549727
5	14	0.128205	0.358974	-0.0352721	0.0709082	1.11533
5	15	0.128205	0.384615	-0.0442768	0.096604	0.765116
5	16	0.128205	0.410256	-0.0409019	0.0869022	0.698407
5	17	0.128205	0.435897	-0.0454028	0.123635	1.25691
5	18	0.128205	0.461538	-0.0509468	0.114395	0.139904
5	19	0.128205	0.487179	-0.0434445	0.141245	1.64007
5	20	0.128205	0.512821	-0.061421	0.15651	-0.0535188
5	21	0.128205	0.538462	-0.0446491	0.151427	1.38779
5	22	0.128205	0.564103	-0.0645034	0.203589	0.51759
5	23	0.128205	0.589744	-0.0560758	0.168472	0.363638
5	24	0.128205	0.615385	-0.0561222	0.236762	1.60803
5	25	0.128205	0.641026	-0.0763197	0.207939	-0.798844
5	26	0.128205	0.666667	-0.0431895	0.244898	2.2758
5	27	0.128205	0.692308	-0.0905059	0.266384	-1.05736
5	28	0.128205	0.717949	-0.0407045	0.239358	1.65304
5	29	0.128205	0.74359	-0.0796294	0.313908	-0.00674042
5	30	0.128205	0.769231	-0.0550213	0.245194	-0.0347027
5	31	0.128205	0.794872	-0.0369834	0.316383	1.45271
5	32	0.128205	0.820513	-0.0625991	0.266884	-1.42308
5	33	0.128205	0.846154	0.0336232	0.266843	1.88038
5	34	0.128205	0.871795	-0.00430364	0.263458	-1.40365
5	35	0.128205	0.897436	0.154008	0.184784	0.957253
5	36	0.128205	0.923077	0.202675	0.181101	-0.470769
5	37	0.128205	0.948718	0.424004	0.0864942	-0.00569131
5	38	0.128205	0.974359	0.655763	0.0466786	0.0635076
5	39	0.128205	1	1	0	0
6	0	0.153846	0	0	0	0.802831
6	1	0.153846	0.025641	-0.00442781	0.000466184	0.802831
6	2	0.153846	0.0512821	-0.00948636	0.00266575	0.818304
6	3	0.153846	0.0769231	-0.0128322	0.00319621	0.780558
6	4	0.153846	0.102564	-0.0185371	0.00849599	0.868237
6	5	0.153846	0.128205	-0.0207745	0.0103522	0.733473
6	6	0.153846	0.153846	-0.0254314	0.0165224	0.915387
6	7	0.153846	0.179487	-0.0291157	0.0229088	0.723052
6	8	0.153846	0.205128	-0.0303196	0.0261917	0.87802
6	9	0.153846	0.230769	-0.037346	0.0399081	0.826776
6	10	0.153846	0.25641	-0.0352334	0.0393759	0.707485
6	11	0.153846	0.282051	-0.0435566	0.0579133	1.03163
6	12	0.153846	0.307692	-0.0425418	0.0596918	0.495439
6	13	0.153846	0.333333	-0.0465893	0.0734317	1.16102
6	14	0.153846	0.358974	-0.0523464	0.0886697	0.477351
6	15	0.153846	0.384615	-0.0483111	0.0874138	0.966373
6	16	0.153846	0.410256	-0.061313	0.121605	0.84054
6	17	0.153846	0.435897	-0.0531499	0.107434	0.394084
6	18	0.153846	0.461538	-0.065091	0.148453	1.43711
6	19	0.153846	0.487179	-0.0638776	0.142734	-0.188101
6	20	0.153846	0.512821	-0.0633026	0.162377	1.70941
6	21	0.153846	0.538462	-0.076932	0.19309	-0.138126
6	22	0.153846	0.564103	-0.0623133	0.170129	1.08468
6	23	0.153846	0.589744	-0.0832532	0.241855	0.856681
6	24	0.153846	0.615385	-0.070479	0.191653	-0.341121
6	25	0.153846	0.641026	-0.0764968	0.265467	2.19921
6	26	0.153846	0.666667	-0.0867703	0.241507	-1.52663
6	27	0.153846	0.692308	-0.0616092	0.256493	2.59616
6	28	0.153846	0.717949	-0.0944112	0.304763	-1.23712
6	29	0.153846	0.74359	-0.0521032	0.236614	1.23691
6	30	0.153846	0.769231	-0.0708562	0.337659	0.596431
6	31	0.153846	0.794872	-0.0496555	0.236203	-1.08966
6	32	0.153846	0.820513	-0.00400055	0.304404	2.43602
6	33	0.153846	0.846154	-0.018248	0.249699	-2.44897
6	34	0.153846	0.871795	0.112457	0.213376	2.5734
6	35	0.153846	0.897436	0.117677	0.222183	-1.8172
6	36	0.153846	0.923077	0.316189	0.108492	1.16246
6	37	0.153846	0.948718	0.442671	0.116894	-0.363982
6	38	0.153846	0.974359	0.705921	0.0359153	0.185968
6	39	0.153846	1	1	0	0
7	0	0.179487	0	0	0	0.738105
7	1	0.179487	0.025641	-0.00567807	0.00096449	0.738105
7	2	0.179487	0.0512821	-0.0104343	0.00224491	0.742306
7	3	0.179487	0.0769231	-0.0176148	0.00564142	0.7545
7	4	0.179487	0.102564	-0.0198343	0.0074543	0.721257
7	5	0.179487	0.128205	-0.0279137	0.0141905	0.804496
7	6	0.179487	0.153846	-0.0296568	0.0171376	0.669306
7	7	0.179487	0.179487	-0.0349741	0.0246773	0.853559
7	8	0.179487	0.205128	-0.0408062	0.032497	0.657346
7	9	0.179487	0.230769	-0.039704	0.0364886	0.80645
7	10	0.179487	0.25641	-0.051648	0.052257	0.77402
7	11	0.179487	0.282051	-0.0454962	0.0521604	0.614421
7	12	0.179487	0.307692	-0.0588641	0.072234	0.990487
7	13	0.179487	0.333333	-0.0557213	0.075906	0.401315
7	14	0.179487	0.358974	-0.0607983	0.088814	1.08873
7	15	0.179487	0.384615	-0.0700618	0.108573	0.43959
7	16	0.179487	0.410256	-0.0604926	0.10431	0.805475
7	17	0.179487	0.435897	-0.0830564	0.143323	0.892585
7	18	0.179487	0.461538	-0.0647396	0.12821	0.15871
7	19	0.179487	0.487179	-0.0875981	0.168452	1.49876
7	20	0.179487	0.512821	-0.0781548	0.169463	-0.350085
7	21	0.179487	0.538462	-0.0820179	0.178719	1.58496
7	22	0.179487	0.564103	-0.0966191	0.223427	-0.0275468
7	23	0.179487	0.589744	-0.0742226	0.185748	0.632115
7	24	0.179487	0.615385	-0.107502	0.267336	1.26026
7	25	0.179487	0.641026	-0.0756606	0.212599	-0.971364
7	26	0.179487	0.666667	-0.0994789	0.276158	2.57063
7	27	0.179487	0.692308	-0.0866347	0.268535	-1.86622
7	28	0.179487	0.717949	-0.0741594	0.249435	2.43115
7	29	0.179487	0.74359	-0.0876354	0.325572	-0.86379
7	30	0.179487	0.769231	-0.0439284	0.218842	0.339852
7	31	0.179487	0.794872	-0.0492669	0.331183	1.57402
7	32	0.179487	0.820513	-0.00668816	0.215135	-2.25897
7	33	0.179487	0.846154	0.0503472	0.2578	3.34667
7	34	0.179487	0.871795	0.0831801	0.219595	-3.10137
7	35	0.179487	0.897436	0.22758	0.138416	2.82519
7	36	0.179487	0.923077	0.306568	0.171848	-1.663
7	37	0.179487	0.948718	0.522697	0.0438991	0.958497
7	38	0.179487	0.974359	0.7232	0.0695083	0.0599608
7	39	0.179487	1	1	0	0
8	0	0.205128	0	0	0	0.677225
8	1	0.205128	0.025641	-0.00650483	0.0014665	0.677225
8	2	0.205128	0.0512821	-0.0140411	0.00240162	0.664181
8	3	0.205128	0.0769231	-0.0180883	0.00559999	0.703633
8	4	0.205128	0.102564	-0.027741	0.0100773	0.668296
8	5	0.205128	0.128205	-0.0289942	0.012511	0.678258
8	6	0.205128	0.153846	-0.0384901	0.0216067	0.736196
8	7	0.205128	0.179487	-0.0413219	0.0241484	0.593537
8	8	0.205128	0.205128	-0.0453238	0.0341921	0.818012
8	9	0.205128	0.230769	-0.0552328	0.0422125	0.552031
8	10	0.205128	0.25641	-0.0504045	0.0472282	0.780353
8	11	0.205128	0.282051	-0.067686	0.0648861	0.675185
8	12	0.205128	0.307692	-0.0583555	0.0642314	0.559022
8	13	0.205128	0.333333	-0.0743912	0.0868633	0.925472
8	14	0.205128	0.358974	-0.0727382	0.0902565	0.31018
8	15	0.205128	0.384615	-0.0741734	0.104207	1.03802
8	16	0.205128	0.410256	-0.0916805	0.125527	0.351763
8	17	0.205128	0.435897	-0.0721645	0.120425	0.724641
8	18	0.205128	0.461538	-0.10676	0.161226	0.836737
8	19	0.205128	0.487179	-0.077698	0.146407	0.0546175
8	20	0.205128	0.512821	-0.108279	0.184511	1.421
8	21	0.205128	0.538462	-0.0962803	0.190139	-0.381914
8	22	0.205128	0.564103	-0.0946898	0.192014	1.37264
8	23	0.205128	0.589744	-0.121135	0.242806	0.101353
8	24	0.205128	0.615385	-0.0773525	0.198935	0.272018
8	25	0.205128	0.641026	-0.133461	0.277604	1.45216
8	26	0.205128	0.666667	-0.0718775	0.22829	-1.24864
8	27	0.205128	0.692308	-0.115549	0.271042	2.49847
8	28	0.205128	0.717949	-0.0791383	0.281804	-1.69591
8	29	0.205128	0.74359	-0.0668852	0.230676	1.80688
8	30	0.205128	0.769231	-0.0737843	0.321279	-0.133903
8	31	0.205128	0.794872	-0.0015046	0.194778	-0.669608
8	32	0.205128	0.820513	-0.014977	0.293726	2.43361
8	33	0.205128	0.846154	0.0835971	0.189067	-2.97521
8	34	0.205128	0.871795	0.130356	0.188822	3.63566
8	35	0.205128	0.897436	0.238222	0.182588	-2.94558
8	36	0.205128	0.923077	0.380515	0.0677868	2.35557
8	37	0.205128	0.948718	0.53641	0.119601	-0.930629
8	38	0.205128	0.974359	0.757623	0.0213762	0.547355
8	39	0.205128	1	1	0	0
9	0	0.230769	0	0	0	0.604993
9	1	0.230769	0.025641	-0.00814579	0.000391005	0.604993
9	2	0.230769	0.0512821	-0.0149353	0.00410517	0.645658
9	3	0.230769	0.0769231	-0.0244842	0.00520465	0.562536
9	4	0.230769	0.102564	-0.0277824	0.00959936	0.686679
9	5	0.230769	0.128205	-0.0390422	0.0162822	0.575171
9	6	0.230769	0.153846	-0.0406212	0.0174792	0.62238
9	7	0.230769	0.179487	-0.049873	0.0303931	0.70004
9	8	0.230769	0.205128	-0.0552967	0.0310638	0.469909
9	9	0.230769	0.230769	-0.0569751	0.0438675	0.8362
9	10	0.230769	0.25641	-0.0710014	0.052264	0.396362
9	11	0.230769	0.282051	-0.0635064	0.0566893	0.78934
9	12	0.230769	0.307692	-0.0837707	0.0780132	0.564007
9	13	0.230769	0.333333	-0.0745096	0.0739691	0.487162
9	14	0.230769	0.358974	-0.0892261	0.101399	0.906219
9	15	0.230769	0.384615	-0.0928019	0.101783	0.146346
9	16	0.230769	0.410256	-0.0873619	0.118156	1.08109
9	17	0.230769	0.435897	-0.114401	0.139502	0.158069
9	18	0.230769	0.461538	-0.0853475	0.133107	0.752653
9	19	0.230769	0.487179	-0.12819	0.17617	0.68393
9	20	0.230769	0.512821	-0.0940981	0.158456	0.02334
9	21	0.230769	0.538462	-0.123149	0.197838	1.31665
9	22	0.230769	0.564103	-0.118272	0.201315	-0.448059
9	23	0.230769	0.589744	-0.0995959	0.202468	1.28128
9	24	0.230769	0.615385	-0.14629	0.24979	0.0199473
9	25	0.230769	0.641026	-0.0733553	0.20695	0.225135
9	26	0.230769	0.666667	-0.151825	0.275161	1.2656
9	27	0.230769	0.692308	-0.0634606	0.232332	-1.10239
9	28	0.230769	0.717949	-0.112047	0.256818	2.04903
9	29	0.230769	0.74359	-0.0685142	0.274127	-1.24478
9	30	0.230769	0.769231	-0.0281934	0.20841	1.11615
9	31	0.230769	0.794872	-0.0527924	0.290069	0.43252
9	32	0.230769	0.820513	0.080376	0.169796	-1.19504
9	33	0.230769	0.846154	0.0388008	0.234576	2.59622
9	34	0.230769	0.871795	0.215102	0.159123	-2.77365
9	35	0.230769	0.897436	0.245032	0.118622	3.01428
9	36	0.230769	0.923077	0.425986	0.139228	-1.97446
9	37	0.230769	0.948718	0.570106	0.0246352	1.37829
9	38	0.230769	0.974359	0.774249	0.0737895	-0.0353971
9	39	0.230769	1	1	0	0
10	0	0.25641	0	0	0	0.555144
10	1	0.25641	0.025641	-0.00919675	0.00235026	0.555144
10	2	0.25641	0.0512821	-0.0186501	0.00136698	0.508638
10	3	0.25641	0.0769231	-0.0254011	0.00752531	0.640808
10	4	0.25641	0.102564	-0.0360973	0.00973251	0.447747
10	5	0.25641	0.128205	-0.0396988	0.0133401	0.661881
10	6	0.25641	0.153846	-0.0511097	0.0239199	0.512423
10	7	0.25641	0.179487	-0.0541699	0.0221278	0.517399
10	8	0.25641	0.205128	-0.0625207	0.0392806	0.721255
10	9	0.25641	0.230769	-0.0702203	0.0382461	0.292332
10	10	0.25641	0.25641	-0.0708679	0.0519828	0.890842
10	11	0.25641	0.282051	-0.0866173	0.0629132	0.23152
10	12	0.25641	0.307692	-0.0794433	0.0634954	0.773677
10	13	0.25641	0.333333	-0.0992814	0.0910616	0.510995
10	14	0.25641	0.358974	-0.0929396	0.0808991	0.329501
10	15	0.25641	0.384615	-0.104207	0.114148	0.989876
10	16	0.25641	0.410256	-0.113187	0.110914	-0.123073
10	17	0.25641	0.435897	-0.10225	0.1281	1.21878
10	18	0.25641	0.461538	-0.134543	0.151386	-0.102822
10	19	0.25641	0.487179	-0.101588	0.139512	0.810442
10	20	0.25641	0.512821	-0.14431	0.188843	0.554049
10	21	0.25641	0.538462	-0.113317	0.162106	-0.0877587
10	22	0.25641	0.564103	-0.13154	0.208011	1.36155
10	23	0.25641	0.589744	-0.139738	0.202573	-0.72624
10	24	0.25641	0.615385	-0.0991813	0.207346	1.46772
10	25	0.25641	0.641026	-0.16346	0.247076	-0.372072
10	26	0.25641	0.666667	-0.0667397	0.204239	0.503143
10	27	0.25641	0.692308	-0.151623	0.265948	0.811085
10	28	0.25641	0.717949	-0.0541212	0.218437	-0.784363
10	29	0.25641	0.74359	-0.0802103	0.240355	1.61625
10	30	0.25641	0.769231	-0.0536761	0.2436	-1.01771
10	31	0.25641	0.794872	0.0433356	0.186251	0.925151
10	32	0.25641	0.820513	-0.0157946	0.239602	0.294349
10	33	0.25641	0.846154	0.192786	0.141998	-0.813443
10	34	0.25641	0.871795	0.125958	0.171692	1.82584
10	35	0.25641	0.897436	0.368629	0.121317	-1.70211
10	36	0.25641	0.923077	0.402051	0.0683367	1.77892
10	37	0.25641	0.948718	0.621636	0.0896453	-0.746975
10	38	0.25641	0.974359	0.78473	0.0212455	0.58559
10	39	0.25641	1	1	0	0
11	0	0.282051	0	0	0	0.477674
11	1	0.282051	0.025641	-0.0106737	-0.000105053	0.477674
11	2	0.282051	0.0512821	-0.0204945	0.00514058	0.541241
11	3	0.282051	0.0769231	-0.0303821	0.00405459	0.391727
11	4	0.282051	0.102564	-0.0379395	0.010674	0.636026
11	5	0.282051	0.128205	-0.0483938	0.0157363	0.356424
11	6	0.282051	0.153846	-0.0532388	0.0166011	0.592764
11	7	0.282051	0.179487	-0.0643368	0.0317143	0.505021
11	8	0.282051	0.205128	-0.0683266	0.0269056	0.358467
11	9	0.282051	0.230769	-0.0772348	0.046552	0.77994
11	10	0.282051	0.25641	-0.0847793	0.0460092	0.105118
11	11	0.282051	0.282051	-0.0872149	0.0573122	0.919816
11	12	0.282051	0.307692	-0.101706	0.0735022	0.127713
11	13	0.282051	0.333333	-0.0970323	0.0675017	0.66878
11	14	0.282051	0.358974	-0.115179	0.102194	0.562778
11	15	0.282051	0.384615	-0.111064	0.0857916	0.069129
11	16	0.282051	0.410256	-0.121025	0.122624	1.15746
11	17	0.282051	0.435897	-0.130819	0.118583	-0.439576
11	18	0.282051	0.461538	-0.119842	0.131765	1.35733
11	19	0.282051	0.487179	-0.149995	0.161455	-0.30696
11	20	0.282051	0.512821	-0.119674	0.138392	0.756935
11	21	0.282051	0.538462	-0.155299	0.198248	0.593151
11	22	0.282051	0.564103	-0.130911	0.157859	-0.409856
11	23	0.282051	0.589744	-0.136248	0.212234	1.65342
11	24	0.282051	0.615385	-0.153047	0.196774	-1.25427
11	25	0.282051	0.641026	-0.0975418	0.20195	1.88876
11	26	0.282051	0.666667	-0.163691	0.239731	-0.925417
11	27	0.282051	0.692308	-0.0600693	0.185805	0.842832
11	28	0.282051	0.717949	-0.126727	0.255273	0.466339
11	29	0.282051	0.74359	-0.0413823	0.18538	-0.755048
11	30	0.282051	0.769231	-0.0214691	0.223562	1.69783
11	31	0.282051	0.794872	-0.024402	0.197256	-1.47172
11	32	0.282051	0.820513	0.136779	0.160363	1.56498
11	33	0.282051	0.846154	0.0535343	0.185783	-0.682512
11	34	0.282051	0.871795	0.317575	0.10488	0.333933
11	35	0.282051	0.897436	0.25905	0.123428	0.519554
11	36	0.282051	0.923077	0.524653	0.0746206	-0.402643
11	37	0.282051	0.948718	0.596183	0.044789	0.670543
11	38	0.282051	0.974359	0.81281	0.0493616	0.0843514
11	39	0.282051	1	1	0	0
12	0	0.307692	0	0	0	0.432579
12	1	0.307692	0.025641	-0.0120632	0.00242423	0.432579
12	2	0.307692	0.0512821	-0.022733	0.000826066	0.380984
12	3	0.307692	0.0769231	-0.033779	0.00789249	0.534189
12	4	0.307692	0.102564	-0.0426976	0.0082274	0.289572
12	5	0.307692	0.128205	-0.0519023	0.013286	0.594963
12	6	0.307692	0.153846	-0.0616692	0.021988	0.314227
12	7	0.307692	0.179487	-0.0671285	0.0198516	0.473448
12	8	0.307692	0.205128	-0.0794048	0.0379735	0.533802
12	9	0.307692	0.230769	-0.0819229	0.0321609	0.189167
12	10	0.307692	0.25641	-0.0940634	0.051072	0.815033
12	11	0.307692	0.282051	-0.0987914	0.0536776	-0.023964
12	12	0.307692	0.307692	-0.104726	0.0598986	0.863186
12	13	0.307692	0.333333	-0.117304	0.0821513	0.123954
12	14	0.307692	0.358974	-0.113851	0.069672	0.468028
12	15	0.307692	0.384615	-0.132955	0.109027	0.688304
12	16	0.307692	0.410256	-0.126374	0.0895906	-0.224319
12	17	0.307692	0.435897	-0.140206	0.124994	1.30818
12	18	0.307692	0.461538	-0.144417	0.124767	-0.680417
12	19	0.307692	0.487179	-0.138446	0.128658	1.3685
12	20	0.307692	0.512821	-0.161603	0.168275	-0.335034
12	21	0.307692	0.538462	-0.135227	0.130941	0.500454
12	22	0.307692	0.564103	-0.164018	0.201552	0.849679
12	23	0.307692	0.589744	-0.14037	0.148636	-0.929864
12	24	0.307692	0.615385	-0.140657	0.206631	2.1055
12	25	0.307692	0.641026	-0.151375	0.188105	-1.85646
12	26	0.307692	0.666667	-0.095923	0.182709	2.28182
12	27	0.307692	0.692308	-0.143265	0.231556	-1.29299
12	28	0.307692	0.717949	-0.0495332	0.151495	0.845436
12	29	0.307692	0.74359	-0.0804752	0.243613	0.640658
12	30	0.307692	0.769231	-0.0144481	0.140132	-1.36599
12	31	0.307692	0.794872	0.0524934	0.201543	2.51129
12	32	0.307692	0.820513	0.0357673	0.149729	-2.62163
12	33	0.307692	0.846154	0.235578	0.123127	2.78887
12	34	0.307692	0.871795	0.169121	0.144874	-1.99189
12	35	0.307692	0.897436	0.439842	0.0563361	1.51781
12	36	0.307692	0.923077	0.435977	0.0962279	-0.487469
12	37	0.307692	0.948718	0.67696	0.0293396	0.337068
12	38	0.307692	0.974359	0.80448	0.0396709	0.273579
12	39	0.307692	1	1	0	0
13	0	0.333333	0	0	0	0.359964
13	1	0.333333	0.025641	-0.0130079	9.8916e-05	0.359964
13	2	0.333333	0.0512821	-0.0260306	0.00446282	0.406743
13	3	0.333333	0.0769231	-0.0352813	0.00336923	0.289837
13	4	0.333333	0.102564	-0.0483604	0.0101472	0.499523
13	5	0.333333	0.128205	-0.0557529	0.0127479	0.22856
13	6	0.333333	0.153846	-0.0660383	0.0157959	0.509656
13	7	0.333333	0.179487	-0.0765014	0.0268447	0.304739
13	8	0.333333	0.205128	-0.0802905	0.0234459	0.344211
13	9	0.333333	0.230769	-0.0962591	0.0416246	0.541414
13	10	0.333333	0.25641	-0.0949005	0.0372293	0.0727724
13	11	0.333333	0.282051	-0.111669	0.0529744	0.771954
13	12	0.333333	0.307692	-0.113331	0.0594033	-0.0622305
13	13	0.333333	0.333333	-0.121132	0.06077	0.721121
13	14	0.333333	0.358974	-0.134732	0.0866172	0.182737
13	15	0.333333	0.384615	-0.127863	0.0708897	0.245268
13	16	0.333333	0.410256	-0.152767	0.110076	0.786592
13	17	0.333333	0.435897	-0.138265	0.09203	-0.434633
13	18	0.333333	0.461538	-0.159729	0.121284	1.32868
13	19	0.333333	0.487179	-0.155309	0.127735	-0.750837
13	20	0.333333	0.512821	-0.153854	0.120387	1.19337
13	21	0.333333	0.538462	-0.172104	0.169047	-0.177061
13	22	0.333333	0.564103	-0.142848	0.119968	0.09135
13	23	0.333333	0.589744	-0.173024	0.195617	1.20739
13	24	0.333333	0.615385	-0.136881	0.137735	-1.46021
13	25	0.333333	0.641026	-0.144791	0.188941	2.46745
13	26	0.333333	0.666667	-0.133096	0.178987	-2.22733
13	27	0.333333	0.692308	-0.0895244	0.15054	2.31797
13	28	0.333333	0.717949	-0.10662	0.221902	-1.16015
13	29	0.333333	0.74359	-0.0244618	0.108278	0.266911
13	30	0.333333	0.769231	-0.0241083	0.225693	1.43965
13	31	0.333333	0.794872	0.0415672	0.0961973	-2.52559
13	32	0.333333	0.820513	0.127499	0.166641	3.72179
13	33	0.333333	0.846154	0.139204	0.115603	-3.88081
13	34	0.333333	0.871795	0.329535	0.0721467	3.81219
13	35	0.333333	0.897436	0.329118	0.122003	-2.74884
13	36	0.333333	0.923077	0.559103	0.00737756	1.91687
13	37	0.333333	0.948718	0.634637	0.0779371	-0.618889
13	38	0.333333	0.974359	0.833885	0.0102321	0.358538
13	39	0.333333	1	1	0	0
14	0	0.358974	0	0	0	0.308056
14	1	0.358974	0.025641	-0.0145949	0.00146349	0.308056
14	2	0.358974	0.0512821	-0.0263823	0.00137043	0.291337
14	3	0.358974	0.0769231	-0.041196	0.00621312	0.360098
14	4	0.358974	0.102564	-0.0482857	0.00637672	0.232303
14	5	0.358974	0.128205	-0.0629982	0.0122821	0.426714
14	6	0.358974	0.153846	-0.0700283	0.0160269	0.195898
14	7	0.358974	0.179487	-0.0793062	0.0185434	0.415931
14	8	0.358974	0.205128	-0.0927896	0.0292824	0.275608
14	9	0.358974	0.230769	-0.0927155	0.0267371	0.262762
14	10	0.358974	0.25641	-0.11358	0.0428415	0.479102
14	11	0.358974	0.282051	-0.108325	0.040332	0.0362079
14	12	0.358974	0.307692	-0.127938	0.053272	0.655853
14	13	0.358974	0.333333	-0.129571	0.0611125	-0.0504106
14	14	0.358974	0.358974	-0.134761	0.0606931	0.567538
14	15	0.358974	0.384615	-0.153892	0.0857141	0.20731
14	16	0.358974	0.410256	-0.138949	0.0706832	0.106642
14	17	0.358974	0.435897	-0.172423	0.10572	0.760584
14	18	0.358974	0.461538	-0.148361	0.0912084	-0.489665
14	19	0.358974	0.487179	-0.175645	0.113286	1.18721
14	20	0.358974	0.512821	-0.165991	0.124801	-0.669615
14	21	0.358974	0.538462	-0.161684	0.109478	0.907311
14	22	0.358974	0.564103	-0.183231	0.161273	0.0348173
14	23	0.358974	0.589744	-0.139452	0.107878	-0.28389
14	24	0.358974	0.615385	-0.181323	0.179244	1.43809
14	25	0.358974	0.641026	-0.1205	0.126349	-1.74363
14	26	0.358974	0.666667	-0.143291	0.160886	2.48173
14	27	0.358974	0.692308	-0.103124	0.1679	-2.14332
14	28	0.358974	0.717949	-0.0683572	0.112117	1.85139
14	29	0.358974	0.74359	-0.0636526	0.205547	-0.516882
14	30	0.358974	0.769231	0.0275618	0.0681377	-0.723072
14	31	0.358974	0.794872	0.0312001	0.19452	2.47529
14	32	0.358974	0.820513	0.135707	0.0662839	-3.61985
14	33	0.358974	0.846154	0.197977	0.116675	4.544
14	34	0.358974	0.871795	0.282268	0.0988361	-4.37652
14	35	0.358974	0.897436	0.423626	0.0179825	3.82889
14	36	0.358974	0.923077	0.511665	0.105923	-2.38997
14	37	0.358974	0.948718	0.688472	-0.0210216	1.33272
14	38	0.358974	0.974359	0.826949	0.0537583	-0.102597
14	39	0.358974	1	1	0	0
15	0	0.384615	0	0	0	0.250135
15	1	0.384615	0.025641	-0.0150402	0.000905702	0.250135
15	2	0.384615	0.0512821	-0.0302819	0.00227191	0.247292
15	3	0.384615	0.0769231	-0.0398785	0.0033753	0.249444
15	4	0.384615	0.102564	-0.0563301	0.0078857	0.280023
15	5	0.384615	0.128205	-0.0621238	0.00830464	0.199525
15	6	0.384615	0.153846	-0.0766478	0.0146167	0.346911
15	7	0.384615	0.179487	-0.0854176	0.0170711	0.14434
15	8	0.384615	0.205128	-0.0916783	0.0209024	0.366107
15	9	0.384615	0.230769	-0.109287	0.0294927	0.183449
15	10	0.384615	0.25641	-0.105413	0.0280258	0.251112
15	11	0.384615	0.282051	-0.129416	0.0425961	0.355769
15	12	0.384615	0.307692	-0.123241	0.0395689	0.0372152
15	13	0.384615	0.333333	-0.141469	0.0526003	0.538874
15	14	0.384615	0.358974	-0.147257	0.0578827	-0.0792034
15	15	0.384615	0.384615	-0.145809	0.0590222	0.497435
15	16	0.384615	0.410256	-0.172563	0.0800752	0.11668
15	17	0.384615	0.435897	-0.148877	0.0670684	0.104157
15	18	0.384615	0.461538	-0.188305	0.097794	0.600813
15	19	0.384615	0.487179	-0.158862	0.0846282	-0.429106
15	20	0.384615	0.512821	-0.184459	0.103145	0.974637
15	21	0.384615	0.538462	-0.177456	0.114056	-0.574003
15	22	0.384615	0.564103	-0.160223	0.097491	0.686223
15	23	0.384615	0.589744	-0.193207	0.144595	0.101587
15	24	0.384615	0.615385	-0.126327	0.0948367	-0.418535
15	25	0.384615	0.641026	-0.183381	0.154664	1.35294
15	26	0.384615	0.666667	-0.0961726	0.112354	-1.63807
15	27	0.384615	0.692308	-0.12723	0.128527	2.08635
15	28	0.384615	0.717949	-0.0695322	0.149972	-1.66727
15	29	0.384615	0.74359	-0.0226942	0.0774459	1.09981
15	30	0.384615	0.769231	-0.0222571	0.176568	0.234318
15	31	0.384615	0.794872	0.111814	0.0413541	-1.53684
15	32	0.384615	0.820513	0.0839939	0.148518	3.02116
15	33	0.384615	0.846154	0.261725	0.0529373	-3.85957
15	34	0.384615	0.871795	0.273519	0.0614223	4.25729
15	35	0.384615	0.897436	0.443193	0.0883226	-3.62774
15	36	0.384615	0.923077	0.534966	-0.0185475	2.70114
15	37	0.384615	0.948718	0.688832	0.0789272	-1.2356
15	38	0.384615	0.974359	0.838543	-0.0132618	0.468006
15	39	0.384615	1	1	0	0
16	0	0.410256	0	0	0	0.184739
16	1	0.410256	0.025641	-0.0163825	1.57333e-05	0.184739
16	2	0.410256	0.0512821	-0.0297405	0.00237308	0.219056
16	3	0.410256	0.0769231	-0.045849	0.00315923	0.154911
16	4	0.410256	0.102564	-0.053763	0.00448668	0.230907
16	5	0.410256	0.128205	-0.0703647	0.0098012	0.192768
16	6	0.410256	0.153846	-0.0767072	0.00815253	0.148961
16	7	0.410256	0.179487	-0.0892152	0.0165587	0.308039
16	8	0.410256	0.205128	-0.100786	0.0160707	0.0344904
16	9	0.410256	0.230769	-0.10407	0.02125	0.378846
16	10	0.410256	0.25641	-0.124219	0.0284115	0.0393884
16	11	0.410256	0.282051	-0.119313	0.0255625	0.266726
16	12	0.410256	0.307692	-0.142577	0.0414168	0.241066
16	13	0.410256	0.333333	-0.13931	0.0342372	-0.00878682
16	14	0.410256	0.358974	-0.152644	0.050181	0.505774
16	15	0.410256	0.384615	-0.164241	0.0505394	-0.215564
16	16	0.410256	0.410256	-0.156067	0.0537519	0.546056
16	17	0.410256	0.435897	-0.1875	0.0715174	-0.0811349
16	18	0.410256	0.461538	-0.159541	0.0577882	0.183395
16	19	0.410256	0.487179	-0.197672	0.0880543	0.406832
16	20	0.410256	0.512821	-0.170155	0.0709394	-0.388272
16	21	0.410256	0.538462	-0.185483	0.0916854	0.85087
16	22	0.410256	0.564103	-0.187395	0.0958358	-0.630748
16	23	0.410256	0.589744	-0.15156	0.0838173	0.687756
16	24	0.410256	0.615385	-0.196636	0.121554	-0.102782
16	25	0.410256	0.641026	-0.108163	0.0784382	-0.239918
16	26	0.410256	0.666667	-0.171553	0.127169	0.957774
16	27	0.410256	0.692308	-0.0700735	0.0915188	-1.25682
16	28	0.410256	0.717949	-0.0894122	0.0997285	1.5222
16	29	0.410256	0.74359	-0.0370895	0.120642	-1.18436
16	30	0.410256	0.769231	0.0494841	0.0540676	0.586986
16	31	0.410256	0.794872	0.0193713	0.134345	0.471137
16	32	0.410256	0.820513	0.219816	0.028783	-1.52203
16	33	0.410256	0.846154	0.146858	0.0966858	2.50214
16	34	0.410256	0.871795	0.398519	0.045312	-2.89823
16	35	0.410256	0.897436	0.373765	0.0198557	2.82803
16	36	0.410256	0.923077	0.59608	0.0675628	-2.03251
16	37	0.410256	0.948718	0.676001	-0.0237503	1.17591
16	38	0.410256	0.974359	0.848951	0.0401919	-0.209996
16	39	0.410256	1	1	0	0
17	0	0.435897	0	0	0	0.142009
17	1	0.435897	0.025641	-0.0166259	0.00157822	0.142009
17	2	0.435897	0.0512821	-0.032521	-0.00019924	0.0924294
17	3	0.435897	0.0769231	-0.0443056	0.00326457	0.212001
17	4	0.435897	0.102564	-0.0601924	0.00438654	0.0523961
17	5	0.435897	0.128205	-0.067979	0.00365257	0.197623
17	6	0.435897	0.153846	-0.0831135	0.0114238	0.142938
17	7	0.435897	0.179487	-0.0910331	0.0060774	0.0434801
17	8	0.435897	0.205128	-0.101499	0.0165605	0.327506
17	9	0.435897	0.230769	-0.114539	0.0139357	-0.122344
17	10	0.435897	0.25641	-0.117308	0.0179507	0.412844
17	11	0.435897	0.282051	-0.136564	0.0265064	-0.0900216
17	12	0.435897	0.307692	-0.13404	0.0188051	0.230581
17	13	0.435897	0.333333	-0.153539	0.0384472	0.211376
17	14	0.435897	0.358974	-0.154513	0.0253002	-0.157844
17	15	0.435897	0.384615	-0.163196	0.044026	0.579145
17	16	0.435897	0.410256	-0.17766	0.0408653	-0.43894
17	17	0.435897	0.435897	-0.167147	0.0428691	0.64934
17	18	0.435897	0.461538	-0.196592	0.0614574	-0.282728
17	19	0.435897	0.487179	-0.170877	0.041993	0.21467
17	20	0.435897	0.512821	-0.200553	0.0767249	0.320858
17	21	0.435897	0.538462	-0.17964	0.0510507	-0.502734
17	22	0.435897	0.564103	-0.181229	0.0777509	0.929253
17	23	0.435897	0.589744	-0.190784	0.072874	-0.911876
17	24	0.435897	0.615385	-0.139944	0.0660364	0.92796
17	25	0.435897	0.641026	-0.187245	0.0966783	-0.520712
17	26	0.435897	0.666667	-0.0894065	0.0553187	0.106627
17	27	0.435897	0.692308	-0.140876	0.10265	0.498048
17	28	0.435897	0.717949	-0.0443438	0.0608393	-0.947951
17	29	0.435897	0.74359	-0.030207	0.0794808	1.23085
17	30	0.435897	0.769231	-0.00175041	0.0805454	-1.19158
17	31	0.435897	0.794872	0.138516	0.0412565	0.806409
17	32	0.435897	0.820513	0.0748337	0.0874618	-0.207201
17	33	0.435897	0.846154	0.332084	0.0200776	-0.491104
17	34	0.435897	0.871795	0.239704	0.0558331	1.01917
17	35	0.435897	0.897436	0.523785	0.0282926	-1.22082
17	36	0.435897	0.923077	0.511278	0.0054387	1.06926
17	37	0.435897	0.948718	0.73102	0.0329193	-0.603579
17	38	0.435897	0.974359	0.838581	-0.00695213	0.229321
17	39	0.435897	1	1	0	0
18	0	0.461538	0	0	0	0.0673818
18	1	0.461538	0.025641	-0.017257	-0.00103068	0.0673818
18	2	0.461538	0.0512821	-0.0324457	0.00261019	0.130086
18	3	0.461538	0.0769231	-0.0472688	9.41944e-05	-0.0166383
18	4	0.461538	0.102564	-0.0587273	0.00235209	0.196419
18	5	0.461538	0.128205	-0.0730241	0.00551072	-0.0185166
18	6	0.461538	0.153846	-0.0816664	0.000949421	0.113325
18	7	0.461538	0.179487	-0.0952519	0.0112896	0.148755
18	8	0.461538	0.205128	-0.103681	0.00296218	-0.107677
18	9	0.461538	0.230769	-0.114241	0.0130644	0.367077
18	10	0.461538	0.25641	-0.125791	0.0111205	-0.263667
18	11	0.461538	0.282051	-0.131022	0.010554	0.394267
18	12	0.461538	0.307692	-0.146833	0.0229037	-0.1349
18	13	0.461538	0.333333	-0.147734	0.00879299	0.094263
18	14	0.461538	0.358974	-0.163935	0.0317427	0.28094
18	15	0.461538	0.384615	-0.16635	0.0144994	-0.381756
18	16	0.461538	0.410256	-0.174498	0.0323308	0.689763
18	17	0.461538	0.435897	-0.185917	0.0300097	-0.645657
18	18	0.461538	0.461538	-0.178685	0.0259238	0.684801
18	19	0.461538	0.487179	-0.200341	0.0496602	-0.362629
18	20	0.461538	0.512821	-0.180195	0.0210265	0.0894233
18	21	0.461538	0.538462	-0.199598	0.0622751	0.419371
18	22	0.461538	0.564103	-0.182819	0.0277948	-0.801465
18	23	0.461538	0.589744	-0.175394	0.0590586	1.18229
18	24	0.461538	0.615385	-0.18271	0.0490035	-1.32333
18	25	0.461538	0.641026	-0.128371	0.0417245	1.24362
18	26	0.461538	0.666667	-0.161973	0.0741918	-0.915145
18	27	0.461538	0.692308	-0.0702284	0.0240254	0.318697
18	28	0.461538	0.717949	-0.0932915	0.084026	0.329593
18	29	0.461538	0.74359	-0.0136815	0.0222628	-1.0843
18	30	0.461538	0.769231	0.0406601	0.0659444	1.55251
18	31	0.461538	0.794872	0.0494009	0.0381417	-1.92262
18	32	0.461538	0.820513	0.227449	0.0296077	1.79556
18	33	0.461538	0.846154	0.161897	0.0507833	-1.57202
18	34	0.461538	0.871795	0.431018	0.00222612	1.00275
18	35	0.461538	0.897436	0.373163	0.0380087	-0.5795
18	36	0.461538	0.923077	0.631274	-0.00125613	0.149795
18	37	0.461538	0.948718	0.676428	0.0105255	-0.0116878
18	38	0.461538	0.974359	0.860605	0.00252354	-0.0329977
18	39	0.461538	1	1	0	0
19	0	0.487179	0	0	0	0.0297881
19	1	0.487179	0.025641	-0.0175172	0.00141411	0.0297881
19	2	0.487179	0.0512821	-0.0328469	-0.0016827	-0.030124
19	3	0.487179	0.0769231	-0.0475782	0.00206893	0.11873
19	4	0.487179	0.102564	-0.0602287	0.000515581	-0.103277
19	5	0.487179	0.128205	-0.0723001	-0.000415485	0.136152
19	6	0.487179	0.153846	-0.084901	0.00516768	-0.0372549
19	7	0.487179	0.179487	-0.093567	-0.0027843	-0.0167681
19	8	0.487179	0.205128	-0.107456	0.00789391	0.176941
19	9	0.487179	0.230769	-0.113869	-0.000716579	-0.247338
19	10	0.487179	0.25641	-0.127105	0.00564768	0.358237
19	11	0.487179	0.282051	-0.135049	0.00679423	-0.324794
19	12	0.487179	0.307692	-0.143519	0.000111898	0.279628
19	13	0.487179	0.333333	-0.156538	0.0157295	-0.0855022
19	14	0.487179	0.358974	-0.158214	-0.00278399	-0.110773
19	15	0.487179	0.384615	-0.174937	0.0196611	0.379375
19	16	0.487179	0.410256	-0.173626	0.00279112	-0.579459
19	17	0.487179	0.435897	-0.186002	0.0149235	0.722976
19	18	0.487179	0.461538	-0.189808	0.0174149	-0.724799
19	19	0.487179	0.487179	-0.188036	0.00453785	0.565409
19	20	0.487179	0.512821	-0.201344	0.0343495	-0.272447
19	21	0.487179	0.538462	-0.183577	-0.00228379	-0.189958
19	22	0.487179	0.564103	-0.197908	0.0426001	0.644422
19	23	0.487179	0.589744	-0.17603	0.0043689	-1.16789
19	24	0.487179	0.615385	-0.169811	0.0340204	1.44011
19	25	0.487179	0.641026	-0.16168	0.0270751	-1.64492
19	26	0.487179	0.666667	-0.115667	0.0107364	1.37931
19	27	0.487179	0.692308	-0.123714	0.055427	-1.01042
19	28	0.487179	0.717949	-0.0448625	-0.012456	0.132874
19	29	0.487179	0.74359	-0.0377735	0.0688439	0.661554
19	30	0.487179	0.769231	0.0331086	-0.0159747	-1.76338
19	31	0.487179	0.794872	0.109337	0.0510652	2.40695
19	32	0.487179	0.820513	0.13034	0.00648102	-3.06058
19	33	0.487179	0.846154	0.303732	0.00868383	2.97188
19	34	0.487179	0.871795	0.28761	0.0346449	-2.78811
19	35	0.487179	0.897436	0.514936	-0.0267402	1.98571
19	36	0.487179	0.923077	0.535743	0.037401	-1.33211
19	37	0.487179	0.948718	0.735704	-0.0273862	0.514304
19	38	0.487179	0.974359	0.844538	0.0105578	-0.170348
19	39	0.487179	1	1	0	0
20	0	0.512821	0	0	0	-0.0424941
20	1	0.512821	0.025641	-0.017272	-0.00117605	-0.0424941
20	2	0.512821	0.0512821	-0.0336988	0.00138752	0.0056126
20	3	0.512821	0.0769231	-0.0462805	-0.00196203	-0.117669
20	4	0.512821	0.102564	-0.0614911	-0.000310729	0.0722972
20	5	0.512821	0.128205	-0.0718493	-0.000176095	-0.143839
20	6	0.512821	0.153846	-0.0839216	-0.00427281	0.0310753
20	7	0.512821	0.179487	-0.0964572	0.00189571	-0.03056
20	8	0.512821	0.205128	-0.102975	-0.00703146	-0.142095
20	9	0.512821	0.230769	-0.119458	0.000793889	0.164829
20	10	0.512821	0.25641	-0.122075	-0.00569613	-0.3154
20	11	0.512821	0.282051	-0.138575	-0.0046808	0.260598
20	12	0.512821	0.307692	-0.143698	-0.000814305	-0.297508
20	13	0.512821	0.333333	-0.152888	-0.0117509	0.100126
20	14	0.512821	0.358974	-0.166689	0.00346868	-0.00998786
20	15	0.512821	0.384615	-0.164584	-0.0150961	-0.288438
20	16	0.512821	0.410256	-0.185906	0.00219817	0.40027
20	17	0.512821	0.435897	-0.177304	-0.010576	-0.652308
20	18	0.512821	0.461538	-0.195196	-0.00644104	0.608015
20	19	0.512821	0.487179	-0.191775	0.00117128	-0.647598
20	20	0.512821	0.512821	-0.191843	-0.0185618	0.314116
20	21	0.512821	0.538462	-0.202127	0.0135934	-0.0884612
20	22	0.512821	0.564103	-0.178425	-0.0253192	-0.496297
20	23	0.512821	0.589744	-0.196407	0.0167593	0.828581
20	24	0.512821	0.615385	-0.158997	-0.0174878	-1.40364
20	25	0.512821	0.641026	-0.162468	0.00343305	1.49203
20	26	0.512821	0.666667	-0.131097	0.00722821	-1.67088
20	27	0.512821	0.692308	-0.0961514	-0.0233617	1.16153
20	28	0.512821	0.717949	-0.0802646	0.0376594	-0.700071
20	29	0.512821	0.74359	-0.00420261	-0.0465191	-0.449699
20	30	0.512821	0.769231	0.015061	0.0505617	1.33665
20	31	0.512821	0.794872	0.105768	-0.04287	-2.63048
20	32	0.512821	0.820513	0.167961	0.0270879	3.22875
20	33	0.512821	0.846154	0.243904	-0.00610487	-3.84073
20	34	0.512821	0.871795	0.370126	-0.0220156	3.4695
20	35	0.512821	0.897436	0.438703	0.0340748	-3.0177
20	36	0.512821	0.923077	0.600824	-0.0521981	1.84362
20	37	0.512821	0.948718	0.70145	0.0334886	-1.02708
20	38	0.512821	0.974359	0.857738	-0.0311577	0.128929
20	39	0.512821	1	1	0	0
21	0	0.538462	0	0	0	-0.0879011
21	1	0.538462	0.025641	-0.0174657	0.000353481	-0.0879011
21	2	0.538462	0.0512821	-0.0318324	-0.00184337	-0.118013
21	3	0.538462	0.0769231	-0.0482474	-0.000407583	-0.041632
21	4	0.538462	0.102564	-0.0579082	-0.00299655	-0.16821
21	5	0.538462	0.128205	-0.0732439	-0.00386498	-0.0153376
21	6	0.538462	0.153846	-0.0827463	-0.00339865	-0.157483
21	7	0.538462	0.179487	-0.0929448	-0.00865874	-0.0758944
21	8	0.538462	0.205128	-0.107518	-0.00479756	-0.0545973
21	9	0.538462	0.230769	-0.11032	-0.0123984	-0.207047
21	10	0.538462	0.25641	-0.129924	-0.00908579	0.0741203
21	11	0.538462	0.282051	-0.129562	-0.0136111	-0.303236
21	12	0.538462	0.307692	-0.146967	-0.0163725	0.102654
21	13	0.538462	0.333333	-0.152631	-0.013109	-0.245212
21	14	0.538462	0.358974	-0.158441	-0.0242766	-0.0549228
21	15	0.538462	0.384615	-0.176626	-0.0137935	-0.00617658
21	16	0.538462	0.410256	-0.167886	-0.0289735	-0.350552
21	17	0.538462	0.435897	-0.194506	-0.018864	0.28488
21	18	0.538462	0.461538	-0.179636	-0.0275378	-0.584236
21	19	0.538462	0.487179	-0.199211	-0.0291971	0.379678
21	20	0.538462	0.512821	-0.193835	-0.0204789	-0.498751
21	21	0.538462	0.538462	-0.188336	-0.0412617	0.0594952
21	22	0.538462	0.564103	-0.202937	-0.0130738	0.0311827
21	23	0.538462	0.589744	-0.165338	-0.0472034	-0.655371
21	24	0.538462	0.615385	-0.192634	-0.0138474	0.802115
21	25	0.538462	0.641026	-0.135327	-0.0384917	-1.36107
21	26	0.538462	0.666667	-0.148103	-0.0289732	1.23537
21	27	0.538462	0.692308	-0.0974722	-0.0133118	-1.36988
21	28	0.538462	0.717949	-0.0627447	-0.0539729	0.657076
21	29	0.538462	0.74359	-0.039266	0.0158105	-0.18147
21	30	0.538462	0.769231	0.0577574	-0.0695004	-1.0775
21	31	0.538462	0.794872	0.0612048	0.0239183	1.84543
21	32	0.538462	0.820513	0.203442	-0.0524336	-3.03558
21	33	0.538462	0.846154	0.222651	-0.00508254	3.30505
21	34	0.538462	0.871795	0.375867	-0.00447039	-3.60201
21	35	0.538462	0.897436	0.445116	-0.0491279	2.82261
21	36	0.538462	0.923077	0.590169	0.0312901	-2.16132
21	37	0.538462	0.948718	0.709988	-0.0553396	0.893494
21	38	0.538462	0.974359	0.854298	0.0106194	-0.389555
21	39	0.538462	1	1	0	0
22	0	0.564103	0	0	0	-0.148512
22	1	0.564103	0.025641	-0.0165588	-0.000655924	-0.148512
22	2	0.564103	0.0512821	-0.032825	-0.000878902	-0.144542
22	3	0.564103	0.0769231	-0.043997	-0.00296422	-0.167196
22	4	0.564103	0.102564	-0.0603972	-0.00344326	-0.124082
22	5	0.564103	0.128205	-0.0683516	-0.00615329	-0.192844
22	6	0.564103	0.153846	-0.082243	-0.00799555	-0.109547
22	7	0.564103	0.179487	-0.0928638	-0.00970787	-0.193302
22	8	0.564103	0.205128	-0.0997388	-0.0140269	-0.133814
22	9	0.564103	0.230769	-0.116946	-0.0140968	-0.145981
22	10	0.564103	0.25641	-0.116755	-0.0203553	-0.201555
22	11	0.564103	0.282051	-0.137366	-0.0202789	-0.0708442
22	12	0.564103	0.307692	-0.137141	-0.025756	-0.267916
22	13	0.564103	0.333333	-0.151726	-0.0287005	-0.0341795
22	14	0.564103	0.358974	-0.161211	-0.0299605	-0.256971
22	15	0.564103	0.384615	-0.161231	-0.0382845	-0.106497
22	16	0.564103	0.410256	-0.18421	-0.0343105	-0.123888
22	17	0.564103	0.435897	-0.17018	-0.0462864	-0.288807
22	18	0.564103	0.461538	-0.198275	-0.041142	0.0735863
22	19	0.564103	0.487179	-0.182233	-0.0496629	-0.46138
22	20	0.564103	0.512821	-0.196871	-0.051643	0.161767
22	21	0.564103	0.538462	-0.19578	-0.0476469	-0.423024
22	22	0.564103	0.564103	-0.178665	-0.0633066	-0.0484591
22	23	0.564103	0.589744	-0.201152	-0.0438893	-0.0472698
22	24	0.564103	0.615385	-0.147892	-0.0691992	-0.566094
22	25	0.564103	0.641026	-0.181929	-0.0455813	0.516022
22	26	0.564103	0.666667	-0.110319	-0.0612941	-1.06075
22	27	0.564103	0.692308	-0.121419	-0.0577494	0.777243
22	28	0.564103	0.717949	-0.065979	-0.0382881	-0.952305
22	29	0.564103	0.74359	-0.0122937	-0.0747701	0.19002
22	30	0.564103	0.769231	-0.00191371	-0.0131966	0.113473
22	31	0.564103	0.794872	0.137644	-0.0778024	-1.23284
22	32	0.564103	0.820513	0.108553	-0.00892471	1.647
22	33	0.564103	0.846154	0.312115	-0.0497888	-2.51145
22	34	0.564103	0.871795	0.29185	-0.0334279	2.34767
22	35	0.564103	0.897436	0.504096	-0.00396343	-2.38195
22	36	0.564103	0.923077	0.548987	-0.0560621	1.42583
22	37	0.564103	0.948718	0.727056	0.0139201	-0.966899
22	38	0.564103	0.974359	0.847718	-0.0387353	0.0248639
22	39	0.564103	1	1	0	0
23	0	0.589744	0	0	0	-0.208144
23	1	0.589744	0.025641	-0.0163791	-0.00100311	-0.208144
23	2	0.589744	0.0512821	-0.0299245	-0.00137045	-0.194579
23	3	0.589744	0.0769231	-0.0455234	-0.0034023	-0.229489
23	4	0.589744	0.102564	-0.0544184	-0.00583982	-0.193138
23	5	0.589744	0.128205	-0.0696181	-0.00709749	-0.215644
23	6	0.589744	0.153846	-0.0776988	-0.0120552	-0.23323
23	7	0.589744	0.179487	-0.0887942	-0.0129945	-0.164268
23	8	0.589744	0.205128	-0.101273	-0.0184111	-0.286313
23	9	0.589744	0.230769	-0.105355	-0.021666	-0.130757
23	10	0.589744	0.25641	-0.12343	-0.0246194	-0.285216
23	11	0.589744	0.282051	-0.123042	-0.0320862	-0.175616
23	12	0.589744	0.307692	-0.141308	-0.0320599	-0.196993
23	13	0.589744	0.333333	-0.144245	-0.0419817	-0.289919
23	14	0.589744	0.358974	-0.153861	-0.0424124	-0.0789541
23	15	0.589744	0.384615	-0.16751	-0.0496875	-0.375925
23	16	0.589744	0.410256	-0.163136	-0.0555145	-0.0507884
23	17	0.589744	0.435897	-0.187311	-0.0558716	-0.321222
23	18	0.589744	0.461538	-0.172774	-0.0684016	-0.186602
23	19	0.589744	0.487179	-0.196434	-0.0632459	-0.117942
23	20	0.589744	0.512821	-0.184604	-0.07679	-0.413694
23	21	0.589744	0.538462	-0.189613	-0.0739309	0.0817822
23	22	0.589744	0.564103	-0.195014	-0.0783608	-0.524095
23	23	0.589744	0.589744	-0.166218	-0.0862421	0.0554084
23	24	0.589744	0.615385	-0.192787	-0.0754206	-0.334118
23	25	0.589744	0.641026	-0.130325	-0.0936981	-0.282661
23	26	0.589744	0.666667	-0.160491	-0.0740594	0.0989987
23	27	0.589744	0.692308	-0.0872471	-0.0884614	-0.709188
23	28	0.589744	0.717949	-0.0812661	-0.0785682	0.403691
23	29	0.589744	0.74359	-0.0360014	-0.0689572	-0.768643
23	30	0.589744	0.769231	0.0505185	-0.0841608	0.152042
23	31	0.589744	0.794872	0.0399709	-0.0461195	-0.194074
23	32	0.589744	0.820513	0.222695	-0.0767423	-0.625423
23	33	0.589744	0.846154	0.173706	-0.0371535	0.622528
23	34	0.589744	0.871795	0.413783	-0.0480165	-1.21928
23	35	0.589744	0.897436	0.393022	-0.0435726	0.826367
23	36	0.589744	0.923077	0.617097	-0.0156306	-0.955147
23	37	0.589744	0.948718	0.685525	-0.0411198	0.220301
23	38	0.589744	0.974359	0.857616	-0.0135241	-0.320913
23	39	0.589744	1	1	0	0
24	0	0.615385	0	0	0	-0.257022
24	1	0.615385	0.025641	-0.0152009	-0.000148147	-0.257022
24	2	0.615385	0.0512821	-0.0297787	-0.00304554	-0.29344
24	3	0.615385	0.0769231	-0.0408728	-0.00358461	-0.219414
24	4	0.615385	0.102564	-0.0551088	-0.00655959	-0.325374
24	5	0.615385	0.128205	-0.0633557	-0.0111617	-0.229909
24	6	0.615385	0.153846	-0.0761588	-0.0115001	-0.275265
24	7	0.615385	0.179487	-0.0852459	-0.0201386	-0.322759
24	8	0.615385	0.205128	-0.0938557	-0.0199622	-0.165593
24	9	0.615385	0.230769	-0.106838	-0.0282079	-0.422109
24	10	0.615385	0.25641	-0.110535	-0.0326517	-0.109462
24	11	0.615385	0.282051	-0.126542	-0.0356199	-0.407509
24	12	0.615385	0.307692	-0.128714	-0.0474385	-0.201645
24	13	0.615385	0.333333	-0.142679	-0.0450679	-0.240346
24	14	0.615385	0.358974	-0.149158	-0.0606841	-0.407494
24	15	0.615385	0.384615	-0.155083	-0.0590858	-0.030158
24	16	0.615385	0.410256	-0.169672	-0.0702262	-0.561162
24	17	0.615385	0.435897	-0.165257	-0.0771363	0.0336626
24	18	0.615385	0.461538	-0.185398	-0.0773063	-0.491874
24	19	0.615385	0.487179	-0.175038	-0.0949494	-0.159637
24	20	0.615385	0.512821	-0.190509	-0.0855674	-0.18168
24	21	0.615385	0.538462	-0.184302	-0.10684	-0.521073
24	22	0.615385	0.564103	-0.180536	-0.0976961	0.178416
24	23	0.615385	0.589744	-0.18822	-0.109435	-0.786285
24	24	0.615385	0.615385	-0.154338	-0.112123	0.297231
24	25	0.615385	0.641026	-0.175258	-0.104178	-0.692836
24	26	0.615385	0.666667	-0.11453	-0.122286	0.00185393
24	27	0.615385	0.692308	-0.128512	-0.0964838	-0.203554
24	28	0.615385	0.717949	-0.06447	-0.119861	-0.582894
24	29	0.615385	0.74359	-0.0327463	-0.0912319	0.39974
24	30	0.615385	0.769231	-8.47539e-05	-0.101303	-1.06498
24	31	0.615385	0.794872	0.114801	-0.0872724	0.694066
24	32	0.615385	0.820513	0.0998404	-0.0732179	-1.09235
24	33	0.615385	0.846154	0.299387	-0.0770286	0.499718
24	34	0.615385	0.871795	0.269937	-0.0486063	-0.719587
24	35	0.615385	0.897436	0.501416	-0.0558906	0.0878012
24	36	0.615385	0.923077	0.527325	-0.0336714	-0.359502
24	37	0.615385	0.948718	0.724473	-0.0328477	-0.157711
24	38	0.615385	0.974359	0.84034	-0.0274868	-0.267713
24	39	0.615385	1	1	0	0
25	0	0.641026	0	0	0	-0.327358
25	1	0.641026	0.025641	-0.0143969	-0.00190408	-0.327358
25	2	0.641026	0.0512821	-0.027157	-0.00123522	-0.288612
25	3	0.641026	0.0769231	-0.0398598	-0.00578394	-0.392112
25	4	0.641026	0.102564	-0.0498611	-0.00801229	-0.249973
25	5	0.641026	0.128205	-0.0617917	-0.0103269	-0.396122
25	6	0.641026	0.153846	-0.0703497	-0.0184968	-0.309254
25	7	0.641026	0.179487	-0.0808928	-0.0175611	-0.287007
25	8	0.641026	0.205128	-0.0900389	-0.0291831	-0.452206
25	9	0.641026	0.230769	-0.0981639	-0.0298729	-0.149022
25	10	0.641026	0.25641	-0.109166	-0.0383155	-0.543904
25	11	0.641026	0.282051	-0.114934	-0.0468452	-0.134962
25	12	0.641026	0.307692	-0.127108	-0.0476058	-0.454684
25	13	0.641026	0.333333	-0.132274	-0.0648913	-0.314573
25	14	0.641026	0.358974	-0.143027	-0.0607099	-0.199963
25	15	0.641026	0.384615	-0.150257	-0.0799146	-0.582358
25	16	0.641026	0.410256	-0.15635	-0.0797153	0.0394907
25	17	0.641026	0.435897	-0.167315	-0.0905434	-0.715686
25	18	0.641026	0.461538	-0.166921	-0.10263	0.0437174
25	19	0.641026	0.487179	-0.179961	-0.0991221	-0.543618
25	20	0.641026	0.512821	-0.174725	-0.123812	-0.27006
25	21	0.641026	0.538462	-0.183261	-0.10971	-0.0972821
25	22	0.641026	0.564103	-0.178597	-0.13688	-0.752015
25	23	0.641026	0.589744	-0.172253	-0.124638	0.368415
25	24	0.641026	0.615385	-0.173754	-0.138103	-1.07479
25	25	0.641026	0.641026	-0.143952	-0.141769	0.50238
25	26	0.641026	0.666667	-0.149616	-0.128471	-0.917396
25	27	0.641026	0.692308	-0.0983643	-0.153901	0.0735233
25	28	0.641026	0.717949	-0.0909926	-0.113496	-0.190907
25	29	0.641026	0.74359	-0.0356959	-0.151152	-0.829581
25	30	0.641026	0.769231	0.015272	-0.100308	0.819107
25	31	0.641026	0.794872	0.0516838	-0.126748	-1.74868
25	32	0.641026	0.820513	0.1711	-0.0923816	1.53458
25	33	0.641026	0.846154	0.186309	-0.0844502	-2.0842
25	34	0.641026	0.871795	0.36498	-0.0849395	1.45862
25	35	0.641026	0.897436	0.395388	-0.0413327	-1.57826
25	36	0.641026	0.923077	0.586434	-0.0678654	0.657243
25	37	0.641026	0.948718	0.679297	-0.0185428	-0.676221
25	38	0.641026	0.974359	0.84804	-0.0426373	-0.167628
25	39	0.641026	1	1	0	0
26	0	0.666667	0	0	0	-0.372818
26	1	0.666667	0.025641	-0.0132348	-0.000172229	-0.372818
26	2	0.666667	0.0512821	-0.0251891	-0.0041324	-0.420386
26	3	0.666667	0.0769231	-0.0366061	-0.00443717	-0.318453
26	4	0.666667	0.102564	-0.0468201	-0.00899031	-0.473573
26	5	0.666667	0.128205	-0.0566978	-0.014357	-0.316268
26	6	0.666667	0.153846	-0.0663736	-0.0154205	-0.423729
26	7	0.666667	0.179487	-0.0746432	-0.0267055	-0.427224
26	8	0.666667	0.205128	-0.0845598	-0.0261603	-0.279092
26	9	0.666667	0.230769	-0.0917254	-0.0383556	-0.57262
26	10	0.666667	0.25641	-0.101511	-0.0426205	-0.172762
26	11	0.666667	0.282051	-0.108975	-0.0490913	-0.598301
26	12	0.666667	0.307692	-0.117275	-0.0628186	-0.240262
26	13	0.666667	0.333333	-0.126522	-0.0618142	-0.424839
26	14	0.666667	0.358974	-0.132302	-0.0825829	-0.480065
26	15	0.666667	0.384615	-0.143216	-0.0798385	-0.14216
26	16	0.666667	0.410256	-0.147249	-0.098704	-0.726314
26	17	0.666667	0.435897	-0.157018	-0.103686	0.0374062
26	18	0.666667	0.461538	-0.161826	-0.11117	-0.759382
26	19	0.666667	0.487179	-0.166102	-0.129884	-0.0703523
26	20	0.666667	0.512821	-0.173424	-0.122822	-0.467786
26	21	0.666667	0.538462	-0.169584	-0.152292	-0.478105
26	22	0.666667	0.564103	-0.17673	-0.137037	0.0497142
26	23	0.666667	0.589744	-0.166518	-0.164711	-0.979206
26	24	0.666667	0.615385	-0.165048	-0.155001	0.497454
26	25	0.666667	0.641026	-0.153157	-0.163457	-1.21953
26	26	0.666667	0.666667	-0.132747	-0.173574	0.508212
26	27	0.666667	0.692308	-0.120494	-0.149398	-0.871345
26	28	0.666667	0.717949	-0.0767341	-0.184313	-0.146365
26	29	0.666667	0.74359	-0.0549495	-0.128928	0.129133
26	30	0.666667	0.769231	0.00582567	-0.175147	-1.31787
26	31	0.666667	0.794872	0.056566	-0.111799	1.3831
26	32	0.666667	0.820513	0.123776	-0.137426	-2.37598
26	33	0.666667	0.846154	0.219912	-0.10335	2.09572
26	34	0.666667	0.871795	0.295022	-0.078299	-2.51239
26	35	0.666667	0.897436	0.432098	-0.0948807	1.6414
26	36	0.666667	0.923077	0.534752	-0.0274268	-1.5354
26	37	0.666667	0.948718	0.690534	-0.0680616	0.398282
26	38	0.666667	0.974359	0.835424	-0.0211103	-0.472366
26	39	0.666667	1	1	0	0
27	0	0.692308	0	0	0	-0.44483
27	1	0.692308	0.025641	-0.0118382	-0.00199541	-0.44483
27	2	0.692308	0.0512821	-0.0233582	-0.00185398	-0.412898
27	3	0.692308	0.0769231	-0.032619	-0.00681921	-0.505407
27	4	0.692308	0.102564	-0.0436444	-0.00952003	-0.375382
27	5	0.692308	0.128205	-0.0514117	-0.0131883	-0.517715
27	6	0.692308	0.153846	-0.06084	-0.0215626	-0.419703
27	7	0.692308	0.179487	-0.0696017	-0.0226259	-0.428961
27	8	0.692308	0.205128	-0.0759374	-0.0348974	-0.542804
27	9	0.692308	0.230769	-0.0870907	-0.0372423	-0.303068
27	10	0.692308	0.25641	-0.0909248	-0.0478458	-0.634783
27	11	0.692308	0.282051	-0.102839	-0.0568872	-0.268908
27	12	0.692308	0.307692	-0.107516	-0.0616004	-0.581131
27	13	0.692308	0.333333	-0.116327	-0.0787796	-0.396163
27	14	0.692308	0.358974	-0.12558	-0.0789878	-0.377253
27	15	0.692308	0.384615	-0.128564	-0.0995463	-0.618355
27	16	0.692308	0.410256	-0.142672	-0.101794	-0.150668
27	17	0.692308	0.435897	-0.141394	-0.11753	-0.768187
27	18	0.692308	0.461538	-0.155282	-0.128918	-0.0781176
27	19	0.692308	0.487179	-0.155314	-0.133466	-0.689967
27	20	0.692308	0.512821	-0.160918	-0.156384	-0.265908
27	21	0.692308	0.538462	-0.167384	-0.149468	-0.34766
27	22	0.692308	0.564103	-0.159076	-0.178597	-0.666615
27	23	0.692308	0.589744	-0.170805	-0.16736	0.124658
27	24	0.692308	0.615385	-0.149811	-0.189954	-1.06346
27	25	0.692308	0.641026	-0.156637	-0.186883	0.443763
27	26	0.692308	0.666667	-0.130565	-0.186809	-1.13186
27	27	0.692308	0.692308	-0.116669	-0.203681	0.283378
27	28	0.692308	0.717949	-0.0933583	-0.170044	-0.598729
27	29	0.692308	0.74359	-0.0453188	-0.207837	-0.514458
27	30	0.692308	0.769231	-0.0243103	-0.146847	0.504172
27	31	0.692308	0.794872	0.0615133	-0.186169	-1.67824
27	32	0.692308	0.820513	0.0934722	-0.127523	1.63548
27	33	0.692308	0.846154	0.210348	-0.13262	-2.44905
27	34	0.692308	0.871795	0.273805	-0.114523	1.93212
27	35	0.692308	0.897436	0.41197	-0.0641926	-2.09982
27	36	0.692308	0.923077	0.520919	-0.093476	1.03301
27	37	0.692308	0.948718	0.675705	-0.021185	-0.909224
27	38	0.692308	0.974359	0.828376	-0.0553741	-0.156966
27	39	0.692308	1	1	0	0
28	0	0.717949	0	0	0	-0.496575
28	1	0.717949	0.025641	-0.0107536	-0.000708705	-0.496575
28	2	0.717949	0.0512821	-0.0199897	-0.00393812	-0.525568
28	3	0.717949	0.0769231	-0.0308012	-0.00550586	-0.468458
28	4	0.717949	0.102564	-0.0374226	-0.0102039	-0.561297
28	5	0.717949	0.128205	-0.0479619	-0.0155264	-0.46595
28	6	0.717949	0.153846	-0.0543973	-0.0190556	-0.537695
28	7	0.717949	0.179487	-0.0620612	-0.028685	-0.527532
28	8	0.717949	0.205128	-0.0715424	-0.0319478	-0.456422
28	9	0.717949	0.230769	-0.0747711	-0.0430815	-0.610964
28	10	0.717949	0.25641	-0.0876428	-0.0496213	-0.390532
28	11	0.717949	0.282051	-0.0887606	-0.0585375	-0.631428
28	12	0.717949	0.307692	-0.101093	-0.07095	-0.414363
28	13	0.717949	0.333333	-0.105539	-0.0764973	-0.543887
28	14	0.717949	0.358974	-0.111896	-0.093719	-0.531372
28	15	0.717949	0.384615	-0.123808	-0.0984664	-0.387827
28	16	0.717949	0.410256	-0.12219	-0.116142	-0.664938
28	17	0.717949	0.435897	-0.13981	-0.12455	-0.262504
28	18	0.717949	0.461538	-0.13453	-0.13758	-0.708078
28	19	0.717949	0.487179	-0.149545	-0.153025	-0.265399
28	20	0.717949	0.512821	-0.149055	-0.158233	-0.585679
28	21	0.717949	0.538462	-0.151084	-0.180589	-0.436671
28	22	0.717949	0.564103	-0.161513	-0.178544	-0.300489
28	23	0.717949	0.589744	-0.144953	-0.202648	-0.721329
28	24	0.717949	0.615385	-0.163344	-0.198602	0.0368219
28	25	0.717949	0.641026	-0.132054	-0.21396	-0.950404
28	26	0.717949	0.666667	-0.143812	-0.216839	0.207608
28	27	0.717949	0.692308	-0.110186	-0.210568	-0.87581
28	28	0.717949	0.717949	-0.0930884	-0.227768	-0.030386
28	29	0.717949	0.74359	-0.0706244	-0.19295	-0.317421
28	30	0.717949	0.769231	-0.00460244	-0.220766	-0.735736
28	31	0.717949	0.794872	0.00387232	-0.167526	0.593057
28	32	0.717949	0.820513	0.125053	-0.184444	-1.55907
28	33	0.717949	0.846154	0.137125	-0.141872	1.28679
28	34	0.717949	0.871795	0.2995	-0.119834	-1.82585
28	35	0.717949	0.897436	0.349923	-0.114186	1.11934
28	36	0.717949	0.923077	0.527587	-0.0539064	-1.20155
28	37	0.717949	0.948718	0.644698	-0.0732457	0.220235
28	38	0.717949	0.974359	0.823957	-0.0306997	-0.445025
28	39	0.717949	1	1	0	0
29	0	0.74359	0	0	0	-0.563287
29	1	0.74359	0.025641	-0.00908515	-0.0014748	-0.563287
29	2	0.74359	0.0512821	-0.0185916	-0.00282536	-0.558382
29	3	0.74359	0.0769231	-0.0252497	-0.00649448	-0.586347
29	4	0.74359	0.102564	-0.0354998	-0.0101809	-0.551543
29	5	0.74359	0.128205	-0.040394	-0.014841	-0.593645
29	6	0.74359	0.153846	-0.0494206	-0.02147	-0.565966
29	7	0.74359	0.179487	-0.0559735	-0.0266524	-0.570623
29	8	0.74359	0.205128	-0.0608372	-0.0355492	-0.599477
29	9	0.74359	0.230769	-0.0715616	-0.0423544	-0.536926
29	10	0.74359	0.25641	-0.0721582	-0.0519466	-0.621203
29	11	0.74359	0.282051	-0.0853329	-0.061661	-0.525001
29	12	0.74359	0.307692	-0.0859555	-0.0710046	-0.605602
29	13	0.74359	0.333333	-0.0961164	-0.0837375	-0.546682
29	14	0.74359	0.358974	-0.102686	-0.0931577	-0.554945
29	15	0.74359	0.384615	-0.104997	-0.107832	-0.586809
29	16	0.74359	0.410256	-0.11984	-0.118302	-0.491074
29	17	0.74359	0.435897	-0.114804	-0.133359	-0.61951
29	18	0.74359	0.461538	-0.133264	-0.145799	-0.439645
29	19	0.74359	0.487179	-0.127713	-0.159432	-0.617405
29	20	0.74359	0.512821	-0.139658	-0.174568	-0.428927
29	21	0.74359	0.538462	-0.142627	-0.184705	-0.54917
29	22	0.74359	0.564103	-0.138232	-0.202515	-0.487382
29	23	0.74359	0.589744	-0.153875	-0.207839	-0.395011
29	24	0.74359	0.615385	-0.130231	-0.225691	-0.610776
29	25	0.74359	0.641026	-0.151807	-0.227621	-0.19413
29	26	0.74359	0.666667	-0.116434	-0.23853	-0.713385
29	27	0.74359	0.692308	-0.125039	-0.241571	-0.0770921
29	28	0.74359	0.717949	-0.0934433	-0.236115	-0.636014
29	29	0.74359	0.74359	-0.0634738	-0.243631	-0.201235
29	30	0.74359	0.769231	-0.0494851	-0.217325	-0.274519
29	31	0.74359	0.794872	0.0393715	-0.224098	-0.574314
29	32	0.74359	0.820513	0.0384061	-0.185615	0.230579
29	33	0.74359	0.846154	0.186886	-0.175989	-0.921089
29	34	0.74359	0.871795	0.200547	-0.144875	0.48067
29	35	0.74359	0.897436	0.384739	-0.107677	-0.868356
29	36	0.74359	0.923077	0.458439	-0.0956319	0.20867
29	37	0.74359	0.948718	0.648822	-0.0488365	-0.463574
29	38	0.74359	0.974359	0.804155	-0.0502657	-0.276968
29	39	0.74359	1	1	0	0
30	0	0.769231	0	0	0	-0.62555
30	1	0.769231	0.025641	-0.00801151	-0.00129105	-0.62555
30	2	0.769231	0.0512821	-0.0149909	-0.00295902	-0.62613
30	3	0.769231	0.0769231	-0.02371	-0.00617296	-0.638975
30	4	0.769231	0.102564	-0.0284693	-0.00996346	-0.626831
30	5	0.769231	0.128205	-0.0374173	-0.0148807	-0.646291
30	6	0.769231	0.153846	-0.0418556	-0.0208215	-0.63162
30	7	0.769231	0.179487	-0.0484478	-0.0270043	-0.64074
30	8	0.769231	0.205128	-0.0557055	-0.0351136	-0.645683
30	9	0.769231	0.230769	-0.0580874	-0.0426406	-0.622386
30	10	0.769231	0.25641	-0.068944	-0.0523245	-0.660477
30	11	0.769231	0.282051	-0.0688086	-0.0619832	-0.607847
30	12	0.769231	0.307692	-0.0800402	-0.0722342	-0.653287
30	13	0.769231	0.333333	-0.0822797	-0.0846833	-0.617966
30	14	0.769231	0.358974	-0.0888226	-0.0952547	-0.611845
30	15	0.769231	0.384615	-0.0978148	-0.10974	-0.647408
30	16	0.769231	0.410256	-0.0970836	-0.121892	-0.560113
30	17	0.769231	0.435897	-0.112518	-0.136246	-0.65442
30	18	0.769231	0.461538	-0.107318	-0.151582	-0.545487
30	19	0.769231	0.487179	-0.122966	-0.164101	-0.597125
30	20	0.769231	0.512821	-0.120512	-0.182139	-0.586636
30	21	0.769231	0.538462	-0.127093	-0.193497	-0.487502
30	22	0.769231	0.564103	-0.134328	-0.210566	-0.634764
30	23	0.769231	0.589744	-0.124874	-0.223176	-0.400253
30	24	0.769231	0.615385	-0.142453	-0.234378	-0.60192
30	25	0.769231	0.641026	-0.117279	-0.248962	-0.410065
30	26	0.769231	0.666667	-0.135338	-0.251748	-0.445379
30	27	0.769231	0.692308	-0.103687	-0.264162	-0.508408
30	28	0.769231	0.717949	-0.102155	-0.259801	-0.227676
30	29	0.769231	0.74359	-0.0779269	-0.261976	-0.590427
30	30	0.769231	0.769231	-0.0331752	-0.252672	-0.0750646
30	31	0.769231	0.794872	-0.0235965	-0.238285	-0.550743
30	32	0.769231	0.820513	0.0791867	-0.222643	-0.054018
30	33	0.769231	0.846154	0.0879489	-0.192905	-0.40671
30	34	0.769231	0.871795	0.243026	-0.166788	-0.103518
30	35	0.769231	0.897436	0.289909	-0.130256	-0.289656
30	36	0.769231	0.923077	0.4739	-0.096887	-0.146761
30	37	0.769231	0.948718	0.599275	-0.0644336	-0.267351
30	38	0.769231	0.974359	0.797647	-0.046206	-0.277781
30	39	0.769231	1	1	0	0
31	0	0.794872	0	0	0	-0.68644
31	1	0.794872	0.025641	-0.00650051	-0.000805585	-0.68644
31	2	0.794872	0.0512821	-0.0134343	-0.00332893	-0.705393
31	3	0.794872	0.0769231	-0.0186827	-0.00525328	-0.67217
31	4	0.794872	0.102564	-0.0261811	-0.00965458	-0.731028
31	5	0.794872	0.128205	-0.030092	-0.0144377	-0.668165
31	6	0.794872	0.153846	-0.0369404	-0.0191111	-0.724299
31	7	0.794872	0.179487	-0.0415603	-0.0274459	-0.701721
31	8	0.794872	0.205128	-0.0458754	-0.0324142	-0.675568
31	9	0.794872	0.230769	-0.0530448	-0.0430661	-0.758615
31	10	0.794872	0.25641	-0.0545159	-0.0503578	-0.622128
31	11	0.794872	0.282051	-0.0636134	-0.0607048	-0.783316
31	12	0.794872	0.307692	-0.0646273	-0.0727006	-0.623465
31	13	0.794872	0.333333	-0.0725948	-0.0811558	-0.726657
31	14	0.794872	0.358974	-0.076817	-0.0978707	-0.700404
31	15	0.794872	0.384615	-0.0805345	-0.10605	-0.604765
31	16	0.794872	0.410256	-0.0899688	-0.124064	-0.795115
31	17	0.794872	0.435897	-0.0889925	-0.136115	-0.505933
31	18	0.794872	0.461538	-0.101834	-0.150798	-0.803363
31	19	0.794872	0.487179	-0.0993604	-0.169751	-0.522723
31	20	0.794872	0.512821	-0.110228	-0.179229	-0.66432
31	21	0.794872	0.538462	-0.111472	-0.20332	-0.6612
31	22	0.794872	0.564103	-0.113942	-0.210503	-0.430202
31	23	0.794872	0.589744	-0.122556	-0.232898	-0.81084
31	24	0.794872	0.615385	-0.112758	-0.243269	-0.246672
31	25	0.794872	0.641026	-0.126801	-0.255767	-0.81169
31	26	0.794872	0.666667	-0.106347	-0.272249	-0.250891
31	27	0.794872	0.692308	-0.115785	-0.270081	-0.571714
31	28	0.794872	0.717949	-0.0917599	-0.288921	-0.465488
31	29	0.794872	0.74359	-0.0796353	-0.2729	-0.143587
31	30	0.794872	0.769231	-0.059294	-0.283804	-0.77009
31	31	0.794872	0.794872	-0.0078062	-0.258614	0.294742
31	32	0.794872	0.820513	0.0120029	-0.249374	-0.969094
31	33	0.794872	0.846154	0.112486	-0.220349	0.533095
31	34	0.794872	0.871795	0.154778	-0.184206	-0.908277
31	35	0.794872	0.897436	0.301022	-0.156042	0.436894
31	36	0.794872	0.923077	0.403439	-0.101125	-0.59454
31	37	0.794872	0.948718	0.587973	-0.0787443	0.0595566
31	38	0.794872	0.974359	0.773196	-0.0406811	-0.330027
31	39	0.794872	1	1	0	0
32	0	0.820513	0	0	0	-0.756263
32	1	0.820513	0.025641	-0.00544688	-0.00141218	-0.756263
32	2	0.820513	0.0512821	-0.0107152	-0.00181629	-0.740003
32	3	0.820513	0.0769231	-0.0164417	-0.00570946	-0.794562
32	4	0.820513	0.102564	-0.0207183	-0.00829558	-0.716237
32	5	0.820513	0.128205	-0.0263507	-0.0126723	-0.812513
32	6	0.820513	0.153846	-0.0300383	-0.0193631	-0.733301
32	7	0.820513	0.179487	-0.034812	-0.0229759	-0.770594
32	8	0.820513	0.205128	-0.0391215	-0.0335172	-0.804242
32	9	0.820513	0.230769	-0.0423997	-0.0380013	-0.688661
32	10	0.820513	0.25641	-0.0479702	-0.0493733	-0.874867
32	11	0.820513	0.282051	-0.050162	-0.0582859	-0.642919
32	12	0.820513	0.307692	-0.0563331	-0.0671422	-0.862484
32	13	0.820513	0.333333	-0.0589266	-0.0825631	-0.698308
32	14	0.820513	0.358974	-0.0642166	-0.0887521	-0.737398
32	15	0.820513	0.384615	-0.0688171	-0.108484	-0.833411
32	16	0.820513	0.410256	-0.0720575	-0.116192	-0.570955
32	17	0.820513	0.435897	-0.0792089	-0.134561	-0.934084
32	18	0.820513	0.461538	-0.0804571	-0.149387	-0.494249
32	19	0.820513	0.487179	-0.0889816	-0.161505	-0.875866
32	20	0.820513	0.512821	-0.0897311	-0.185471	-0.591122
32	21	0.820513	0.538462	-0.0968376	-0.19151	-0.632771
32	22	0.820513	0.564103	-0.0993392	-0.220063	-0.811979
32	23	0.820513	0.589744	-0.101532	-0.225774	-0.321032
32	24	0.820513	0.615385	-0.107125	-0.249344	-0.982506
32	25	0.820513	0.641026	-0.101824	-0.261979	-0.137222
32	26	0.820513	0.666667	-0.108611	-0.271063	-0.908159
32	27	0.820513	0.692308	-0.0956336	-0.293229	-0.230355
32	28	0.820513	0.717949	-0.096729	-0.283561	-0.506512
32	29	0.820513	0.74359	-0.0776399	-0.308857	-0.590009
32	30	0.820513	0.769231	-0.0615989	-0.283471	0.113945
32	31	0.820513	0.794872	-0.0350783	-0.29663	-1.01767
32	32	0.820513	0.820513	0.0112339	-0.263882	0.673762
32	33	0.820513	0.846154	0.0567106	-0.246821	-1.2093
32	34	0.820513	0.871795	0.145407	-0.215552	0.849267
32	35	0.820513	0.897436	0.235158	-0.160839	-0.955466
32	36	0.820513	0.923077	0.378302	-0.135555	0.502945
32	37	0.820513	0.948718	0.541961	-0.0659076	-0.421068
32	38	0.820513	0.974359	0.752603	-0.0517362	-0.0987486
32	39	0.820513	1	1	0	0
33	0	0.846154	0	0	0	-0.815655
33	1	0.846154	0.025641	-0.0044308	-0.000291856	-0.815655
33	2	0.846154	0.0512821	-0.00888668	-0.00276647	-0.840067
33	3	0.846154	0.0769231	-0.0133032	-0.00350767	-0.788429
33	4	0.846154	0.102564	-0.0173281	-0.00766039	-0.877923
33	5	0.846154	0.128205	-0.0211474	-0.0116548	-0.777218
33	6	0.846154	0.153846	-0.0248606	-0.0151814	-0.869349
33	7	0.846154	0.179487	-0.0280693	-0.0237384	-0.825754
33	8	0.846154	0.205128	-0.0317093	-0.0266844	-0.796906
33	9	0.846154	0.230769	-0.0345831	-0.0379647	-0.913204
33	10	0.846154	0.25641	-0.0381858	-0.0434227	-0.715888
33	11	0.846154	0.282051	-0.0411976	-0.0535545	-0.957752
33	12	0.846154	0.307692	-0.0445628	-0.0650766	-0.712618
33	13	0.846154	0.333333	-0.0482423	-0.0717565	-0.888312
33	14	0.846154	0.358974	-0.0511648	-0.0896254	-0.819116
33	15	0.846154	0.384615	-0.0557091	-0.094961	-0.721957
33	16	0.846154	0.410256	-0.058428	-0.114915	-0.963541
33	17	0.846154	0.435897	-0.0632602	-0.12456	-0.57067
33	18	0.846154	0.461538	-0.0666573	-0.140551	-1.01008
33	19	0.846154	0.487179	-0.0705379	-0.15936	-0.560945
33	20	0.846154	0.512821	-0.0755476	-0.168334	-0.86365
33	21	0.846154	0.538462	-0.0774893	-0.195846	-0.726589
33	22	0.846154	0.564103	-0.0838802	-0.200672	-0.557138
33	23	0.846154	0.589744	-0.0841276	-0.22993	-0.959112
33	24	0.846154	0.615385	-0.0896756	-0.237981	-0.251874
33	25	0.846154	0.641026	-0.0895513	-0.258666	-1.05685
33	26	0.846154	0.666667	-0.0904938	-0.276594	-0.145829
33	27	0.846154	0.692308	-0.090688	-0.280486	-0.846413
33	28	0.846154	0.717949	-0.0829235	-0.308056	-0.342164
33	29	0.846154	0.74359	-0.0810745	-0.293526	-0.308095
33	30	0.846154	0.769231	-0.0601732	-0.319887	-0.751712
33	31	0.846154	0.794872	-0.0487847	-0.292579	0.365502
33	32	0.846154	0.820513	-0.00730085	-0.29787	-1.09543
33	33	0.846154	0.846154	0.0283384	-0.266451	0.829413
33	34	0.846154	0.871795	0.105413	-0.231539	-1.05494
33	35	0.846154	0.897436	0.1902	-0.200645	0.789388
33	36	0.846154	0.923077	0.328191	-0.127399	-0.573803
33	37	0.846154	0.948718	0.496517	-0.0965462	0.296743
33	38	0.846154	0.974359	0.723376	-0.0341726	-0.152343
33	39	0.846154	1	1	0	0
34	0	0.871795	0	0	0	-0.886429
34	1	0.871795	0.025641	-0.00360917	-0.000886736	-0.886429
34	2	0.871795	0.0512821	-0.00751998	-0.000741213	-0.871765
34	3	0.871795	0.0769231	-0.0105128	-0.00381939	-0.921583
34	4	0.871795	0.102564	-0.0143767	-0.00543551	-0.847579
34	5	0.871795	0.128205	-0.0166059	-0.00904543	-0.943026
34	6	0.871795	0.153846	-0.0198453	-0.0145366	-0.860633
34	7	0.871795	0.179487	-0.0223509	-0.0173196	-0.908163
34	8	0.871795	0.205128	-0.0242986	-0.0266088	-0.927146
34	9	0.871795	0.230769	-0.0279099	-0.0299603	-0.831131
34	10	0.871795	0.25641	-0.0286339	-0.0402317	-0.998509
34	11	0.871795	0.282051	-0.0329883	-0.0475251	-0.781881
34	12	0.871795	0.307692	-0.0338061	-0.0555499	-0.996676
34	13	0.871795	0.333333	-0.0373862	-0.0689599	-0.823255
34	14	0.871795	0.358974	-0.040162	-0.0743679	-0.888766
34	15	0.871795	0.384615	-0.0415929	-0.0922869	-0.942726
34	16	0.871795	0.410256	-0.0470946	-0.098686	-0.730823
34	17	0.871795	0.435897	-0.0467428	-0.116291	-1.04434
34	18	0.871795	0.461538	-0.0534698	-0.128912	-0.635945
34	19	0.871795	0.487179	-0.0537924	-0.141677	-1.01443
34	20	0.871795	0.512821	-0.0585911	-0.163203	-0.687582
34	21	0.871795	0.538462	-0.0625279	-0.170624	-0.811593
34	22	0.871795	0.564103	-0.0628393	-0.198336	-0.863751
34	23	0.871795	0.589744	-0.0712085	-0.204971	-0.512667
34	24	0.871795	0.615385	-0.0672477	-0.231289	-1.02879
34	25	0.871795	0.641026	-0.0770776	-0.244043	-0.279642
34	26	0.871795	0.666667	-0.0720866	-0.260229	-1.00337
34	27	0.871795	0.692308	-0.0770964	-0.283096	-0.26177
34	28	0.871795	0.717949	-0.0750475	-0.283985	-0.678104
34	29	0.871795	0.74359	-0.0676188	-0.312796	-0.482569
34	30	0.871795	0.769231	-0.0690249	-0.299529	-0.11103
34	31	0.871795	0.794872	-0.0415289	-0.319749	-0.77936
34	32	0.871795	0.820513	-0.0380825	-0.297712	0.458174
34	33	0.871795	0.846154	0.018853	-0.288276	-0.865756
34	34	0.871795	0.871795	0.050826	-0.260009	0.726891
34	35	0.871795	0.897436	0.155089	-0.206114	-0.554411
34	36	0.871795	0.923077	0.260359	-0.166683	0.560441
34	37	0.871795	0.948718	0.448079	-0.0843531	-0.0616834
34	38	0.871795	0.974359	0.682321	-0.0406955	0.149291
34	39	0.871795	1	1	0	0
35	0	0.897436	0	0	0	-0.947934
35	1	0.897436	0.025641	-0.00325361	0.000122958	-0.947934
35	2	0.897436	0.0512821	-0.00596773	-0.00116467	-0.962388
35	3	0.897436	0.0769231	-0.00929261	-0.00142603	-0.931931
35	4	0.897436	0.102564	-0.0106422	-0.00431984	-0.991259
35	5	0.897436	0.128205	-0.0138518	-0.0070352	-0.923881
35	6	0.897436	0.153846	-0.0148451	-0.00997194	-0.992814
35	7	0.897436	0.179487	-0.0169863	-0.0161512	-0.954473
35	8	0.897436	0.205128	-0.0191934	-0.0188777	-0.949597
35	9	0.897436	0.230769	-0.019403	-0.027398	-1.01392
35	10	0.897436	0.25641	-0.0233735	-0.0318414	-0.893966
35	11	0.897436	0.282051	-0.0223078	-0.0401154	-1.04975
35	12	0.897436	0.307692	-0.0266781	-0.0487403	-0.882604
35	13	0.897436	0.333333	-0.0266433	-0.0550752	-1.0122
35	14	0.897436	0.358974	-0.0289895	-0.0683977	-0.941176
35	15	0.897436	0.384615	-0.0322746	-0.0739211	-0.904734
35	16	0.897436	0.410256	-0.0312989	-0.0895461	-1.03059
35	17	0.897436	0.435897	-0.0379659	-0.0978381	-0.791651
35	18	0.897436	0.461538	-0.0351912	-0.111998	-1.06722
35	19	0.897436	0.487179	-0.0423269	-0.126546	-0.753259
35	20	0.897436	0.512821	-0.0416246	-0.136982	-0.982971
35	21	0.897436	0.538462	-0.0450154	-0.158331	-0.821845
35	22	0.897436	0.564103	-0.0499517	-0.166345	-0.780319
35	23	0.897436	0.589744	-0.0471787	-0.190961	-0.944636
35	24	0.897436	0.615385	-0.057917	-0.201057	-0.543219
35	25	0.897436	0.641026	-0.0506541	-0.222705	-1.00047
35	26	0.897436	0.666667	-0.0625879	-0.239659	-0.392595
35	27	0.897436	0.692308	-0.0562508	-0.252636	-0.866498
35	28	0.897436	0.717949	-0.0613499	-0.277155	-0.403975
35	29	0.897436	0.74359	-0.0615913	-0.279428	-0.50453
35	30	0.897436	0.769231	-0.0514508	-0.304464	-0.529692
35	31	0.897436	0.794872	-0.0581585	-0.297874	-0.0153385
35	32	0.897436	0.820513	-0.0257496	-0.308058	-0.588983
35	33	0.897436	0.846154	-0.0252755	-0.293149	0.397086
35	34	0.897436	0.871795	0.0396565	-0.269321	-0.384472
35	35	0.897436	0.897436	0.084409	-0.237245	0.564475
35	36	0.897436	0.923077	0.212456	-0.168727	0.0640904
35	37	0.897436	0.948718	0.372421	-0.108253	0.476324
35	38	0.897436	0.974359	0.634868	-0.0229454	0.342381
35	39	0.897436	1	1	0	0
36	0	0.923077	0	0	0	-1.01416
36	1	0.923077	0.025641	-0.00302352	5.56352e-05	-1.01416
36	2	0.923077	0.0512821	-0.00574668	0.00040531	-1.01077
36	3	0.923077	0.0769231	-0.00703197	-0.00100045	-1.03258
36	4	0.923077	0.102564	-0.00958367	-0.0019835	-1.00365
36	5	0.923077	0.128205	-0.00973493	-0.00442941	-1.04991
36	6	0.923077	0.153846	-0.011961	-0.00773945	-1.01061
36	7	0.923077	0.179487	-0.0125173	-0.0103123	-1.04196
36	8	0.923077	0.205128	-0.0132732	-0.0159596	-1.04151
36	9	0.923077	0.230769	-0.0155672	-0.0190713	-1.01033
36	10	0.923077	0.25641	-0.0144097	-0.0258019	-1.07703
36	11	0.923077	0.282051	-0.0181935	-0.0309687	-0.984131
36	12	0.923077	0.307692	-0.016508	-0.0372435	-1.08175
36	13	0.923077	0.333333	-0.0197433	-0.0456369	-0.992895
36	14	0.923077	0.358974	-0.0200758	-0.0511229	-1.03654
36	15	0.923077	0.384615	-0.0204884	-0.0623258	-1.03582
36	16	0.923077	0.410256	-0.0244615	-0.0685043	-0.959252
36	17	0.923077	0.435897	-0.0217147	-0.0806067	-1.07532
36	18	0.923077	0.461538	-0.0282679	-0.0898989	-0.894764
36	19	0.923077	0.487179	-0.0248786	-0.100881	-1.06072
36	20	0.923077	0.512821	-0.0304562	-0.11492	-0.8816
36	21	0.923077	0.538462	-0.0304696	-0.124285	-0.964185
36	22	0.923077	0.564103	-0.0312954	-0.142538	-0.918983
36	23	0.923077	0.589744	-0.0374206	-0.152022	-0.803785
36	24	0.923077	0.615385	-0.0324121	-0.171677	-0.956011
36	25	0.923077	0.641026	-0.0434887	-0.184416	-0.637865
36	26	0.923077	0.666667	-0.035793	-0.20169	-0.912216
36	27	0.923077	0.692308	-0.046383	-0.219947	-0.528297
36	28	0.923077	0.717949	-0.0420887	-0.232184	-0.724084
36	29	0.923077	0.74359	-0.0447339	-0.254452	-0.486074
36	30	0.923077	0.769231	-0.0485246	-0.261356	-0.394277
36	31	0.923077	0.794872	-0.0371116	-0.280255	-0.433563
36	32	0.923077	0.820513	-0.0456879	-0.281661	-0.00290844
36	33	0.923077	0.846154	-0.0153599	-0.283672	-0.232875
36	34	0.923077	0.871795	-0.00863312	-0.272136	0.350166
36	35	0.923077	0.897436	0.0569742	-0.238862	0.188896
36	36	0.923077	0.923077	0.132794	-0.192178	0.622714
36	37	0.923077	0.948718	0.300495	-0.110054	0.635935
36	38	0.923077	0.974359	0.56454	-0.0125213	0.77337
36	39	0.923077	1	1	0	0
37	0	0.948718	0	0	0	-1.07496
37	1	0.948718	0.025641	-0.00328173	0.000596265	-1.07496
37	2	0.948718	0.0512821	-0.00505631	0.000689577	-1.08023
37	3	0.948718	0.0769231	-0.00672817	0.000579479	-1.07841
37	4	0.948718	0.102564	-0.00686077	-0.000715651	-1.09605
37	5	0.948718	0.128205	-0.0084726	-0.00216883	-1.08256
37	6	0.948718	0.153846	-0.00818598	-0.00414333	-1.10585
37	7	0.948718	0.179487	-0.00928934	-0.00709916	-1.09438
37	8	0.948718	0.205128	-0.00985185	-0.00944223	-1.10153
37	9	0.948718	0.230769	-0.00957303	-0.0135946	-1.11287
37	10	0.948718	0.25641	-0.0116128	-0.0167382	-1.08889
37	11	0.948718	0.282051	-0.0101009	-0.0213791	-1.12526
37	12	0.948718	0.307692	-0.0128091	-0.0260417	-1.08163
37	13	0.948718	0.333333	-0.0115926	-0.0306596	-1.11737
37	14	0.948718	0.358974	-0.0131417	-0.0371463	-1.08765
37	15	0.948718	0.384615	-0.0140758	-0.0419703	-1.08621
37	16	0.948718	0.410256	-0.013126	-0.0498453	-1.09964
37	17	0.948718	0.435897	-0.016772	-0.0558287	-1.04334
37	18	0.948718	0.461538	-0.0138502	-0.0642196	-1.09771
37	19	0.948718	0.487179	-0.0186527	-0.0724598	-1.00635
37	20	0.948718	0.512821	-0.0162225	-0.0807471	-1.06137
37	21	0.948718	0.538462	-0.0192589	-0.0917527	-0.98468
37	22	0.948718	0.564103	-0.0202594	-0.100165	-0.982406
37	23	0.948718	0.589744	-0.0191982	-0.113432	-0.968572
37	24	0.948718	0.615385	-0.0249008	-0.123141	-0.870561
37	25	0.948718	0.641026	-0.0199574	-0.137313	-0.927693
37	26	0.948718	0.666667	-0.0285294	-0.149822	-0.746822
37	27	0.948718	0.692308	-0.0230278	-0.163449	-0.822419
37	28	0.948718	0.717949	-0.0299747	-0.179355	-0.623125
37	29	0.948718	0.74359	-0.0285974	-0.191779	-0.62431
37	30	0.948718	0.769231	-0.0291841	-0.209347	-0.476246
37	31	0.948718	0.794872	-0.0340185	-0.220454	-0.330692
37	32	0.948718	0.820513	-0.0255954	-0.234392	-0.236534
37	33	0.948718	0.846154	-0.0307094	-0.241127	0.0486065
37	34	0.948718	0.871795	-0.00881852	-0.240389	0.182554
37	35	0.948718	0.897436	0.0101185	-0.227714	0.527231
37	36	0.948718	0.923077	0.0780811	-0.188039	0.793957
37	37	0.948718	0.948718	0.204966	-0.119312	1.07002
37	38	0.948718	0.974359	0.47185	0.00910027	1.42022
37	39	0.948718	1	1	0	0
38	0	0.974359	0	0	0	-1.13885
38	1	0.974359	0.025641	-0.00435266	0.000679017	-1.13885
38	2	0.974359	0.0512821	-0.0060156	0.00114613	-1.14744
38	3	0.974359	0.0769231	-0.00654225	0.000907051	-1.15527
38	4	0.974359	0.102564	-0.00729002	0.000408272	-1.16095
38	5	0.974359	0.128205	-0.00709573	-0.00051179	-1.16923
38	6	0.974359	0.153846	-0.00782797	-0.00165884	-1.1716
38	7	0.974359	0.179487	-0.00766916	-0.00296272	-1.17874
38	8	0.974359	0.205128	-0.00796739	-0.00469717	-1.18045
38	9	0.974359	0.230769	-0.00844928	-0.00635445	-1.1832
38	10	0.974359	0.25641	-0.00797544	-0.00855188	-1.18671
38	11	0.974359	0.282051	-0.00916617	-0.010702	-1.18345
38	12	0.974359	0.307692	-0.00826932	-0.013218	-1.18803
38	13	0.974359	0.333333	-0.00950096	-0.0160193	-1.18061
38	14	0.974359	0.358974	-0.00910221	-0.0188248	-1.1821
38	15	0.974359	0.384615	-0.00943912	-0.0223232	-1.17444
38	16	0.974359	0.410256	-0.0103277	-0.0255756	-1.16772
38	17	0.974359	0.435897	-0.00936081	-0.0296871	-1.16249
38	18	0.974359	0.461538	-0.0114797	-0.0336742	-1.14478
38	19	0.974359	0.487179	-0.00981247	-0.0382823	-1.14036
38	20	0.974359	0.512821	-0.0121079	-0.0432839	-1.11301
38	21	0.974359	0.538462	-0.0111358	-0.0483827	-1.10269
38	22	0.974359	0.564103	-0.0121367	-0.0545355	-1.07016
38	23	0.974359	0.589744	-0.0131947	-0.0603327	-1.04415
38	24	0.974359	0.615385	-0.0120244	-0.0675747	-1.01003
38	25	0.974359	0.641026	-0.0153777	-0.0744792	-0.959566
38	26	0.974359	0.666667	-0.0125925	-0.0826298	-0.920955
38	27	0.974359	0.692308	-0.0169551	-0.0910818	-0.841653
38	28	0.974359	0.717949	-0.0145195	-0.100053	-0.785298
38	29	0.974359	0.74359	-0.0176505	-0.110221	-0.674839
38	30	0.974359	0.769231	-0.0176377	-0.120157	-0.577837
38	31	0.974359	0.794872	-0.0178043	-0.131553	-0.424478
38	32	0.974359	0.820513	-0.0200407	-0.142293	-0.256489
38	33	0.974359	0.846154	-0.016299	-0.152855	-0.020994
38	34	0.974359	0.871795	-0.0145857	-0.161019	0.264264
38	35	0.974359	0.897436	0.00101173	-0.162449	0.661204
38	36	0.974359	0.923077	0.0349986	-0.149567	1.14583
38	37	0.974359	0.948718	0.125679	-0.106447	1.75151
38	38	0.974359	0.974359	0.358442	0.030865	2.62676
38	39	0.974359	1	1	0	0
39	0	1	0	0	0	-1.13885
39	1	1	0.025641	0	0	-1.13885
39	2	1	0.0512821	0	0	-1.14744
39	3	1	0.0769231	0	0	-1.15527
39	4	1	0.102564	0	0	-1.16095
39	5	1	0.128205	0	0	-1.16923
39	6	1	0.153846	0	0	-1.1716
39	7	1	0.179487	0	0	-1.17874
39	8	1	0.205128	0	0	-1.18045
39	9	1	0.230769	0	0	-1.1832
39	10	1	0.25641	0	0	-1.18671
39	11	1	0.282051	0	0	-1.18345
39	12	1	0.307692	0	0	-1.18803
39	13	1	0.333333	0	0	-1.18061
39	14	1	0.358974	0	0	-1.1821
39	15	1	0.384615	0	0	-1.17444
39	16	1	0.410256	0	0	-1.16772
39	17	1	0.435897	0	0	-1.16249
39	18	1	0.461538	0	0	-1.14478
39	19	1	0.487179	0	0	-1.14036
39	20	1	0.512821	0	0	-1.11301
39	21	1	0.538462	0	0	-1.10269
39	22	1	0.564103	0	0	-1.07016
39	23	1	0.589744	0	0	-1.04415
39	24	1	0.615385	0	0	-1.01003
39	25	1	0.641026	0	0	-0.959566
39	26	1	0.666667	0	0	-0.920955
39	27	1	0.692308	0	0	-0.841653
39	28	1	0.717949	0	0	-0.785298
39	29	1	0.74359	0	0	-0.674839
39	30	1	0.769231	0	0	-0.577837
39	31	1	0.794872	0	0	-0.424478
39	32	1	0.820513	0	0	-0.256489
39	33	1	0.846154	0	0	-0.020994
39	34	1	0.871795	0	0	0.264264
39	35	1	0.897436	0	0	0.661204
39	36	1	0.923077	0	0	1.14583
39	37	1	0.948718	0	0	1.75151
39	38	1	0.974359	0	0	2.62676
39	39	1	1	1	0	0
