# i		j		x		y		u		v		p
# nx		ny		
# 40		40
# =================================
0	0	0	0	0	0	1.34175
0	1	0	0.025641	0	0	1.34175
0	2	0	0.0512821	0	0	1.35116
0	3	0	0.0769231	0	0	1.37272
0	4	0	0.102564	0	0	1.35317
0	5	0	0.128205	0	0	1.40941
0	6	0	0.153846	0	0	1.36574
0	7	0	0.179487	0	0	1.42216
0	8	0	0.205128	0	0	1.41267
0	9	0	0.230769	0	0	1.40212
0	10	0	0.25641	0	0	1.48446
0	11	0	0.282051	0	0	1.37813
0	12	0	0.307692	0	0	1.53632
0	13	0	0.333333	0	0	1.40011
0	14	0	0.358974	0	0	1.52274
0	15	0	0.384615	0	0	1.49346
0	16	0	0.410256	0	0	1.44897
0	17	0	0.435897	0	0	1.6166
0	18	0	0.461538	0	0	1.38797
0	19	0	0.487179	0	0	1.67062
0	20	0	0.512821	0	0	1.42449
0	21	0	0.538462	0	0	1.58816
0	22	0	0.564103	0	0	1.55772
0	23	0	0.589744	0	0	1.43339
0	24	0	0.615385	0	0	1.65614
0	25	0	0.641026	0	0	1.36448
0	26	0	0.666667	0	0	1.54846
0	27	0	0.692308	0	0	1.43592
0	28	0	0.717949	0	0	1.23379
0	29	0	0.74359	0	0	1.4555
0	30	0	0.769231	0	0	0.967252
0	31	0	0.794872	0	0	1.11907
0	32	0	0.820513	0	0	0.942964
0	33	0	0.846154	0	0	0.340346
0	34	0	0.871795	0	0	0.853147
0	35	0	0.897436	0	0	-0.596718
0	36	0	0.923077	0	0	-0.00311568
0	37	0	0.948718	0	0	-1.45536
0	38	0	0.974359	0	0	-1.93915
0	39	0	1	1	0	0
1	0	0.025641	0	0	0	1.34175
1	1	0.025641	0.025641	-0.00443983	-0.000989156	1.34175
1	2	0.025641	0.0512821	-0.00716457	-0.00254867	1.35116
1	3	0.025641	0.0769231	-0.00470618	-0.00174172	1.37272
1	4	0.025641	0.102564	-0.0111081	-0.00294016	1.35317
1	5	0.025641	0.128205	-0.00284886	-0.00179678	1.40941
1	6	0.025641	0.153846	-0.0125656	-0.00109371	1.36574
1	7	0.025641	0.179487	-0.00488604	-0.00179773	1.42216
1	8	0.025641	0.205128	-0.00821965	0.0019543	1.41267
1	9	0.025641	0.230769	-0.0128743	-0.000715454	1.40212
1	10	0.025641	0.25641	0.000664078	0.00462375	1.48446
1	11	0.025641	0.282051	-0.0222706	0.0028622	1.37813
1	12	0.025641	0.307692	0.00645214	0.00590638	1.53632
1	13	0.025641	0.333333	-0.0235553	0.00908788	1.40011
1	14	0.025641	0.358974	-6.21621e-05	0.00651249	1.52274
1	15	0.025641	0.384615	-0.0103503	0.0159223	1.49346
1	16	0.025641	0.410256	-0.0203325	0.00923571	1.44897
1	17	0.025641	0.435897	0.0112819	0.0206522	1.6166
1	18	0.025641	0.461538	-0.0414308	0.0173229	1.38797
1	19	0.025641	0.487179	0.0228688	0.0226868	1.67062
1	20	0.025641	0.512821	-0.0423303	0.0302976	1.42449
1	21	0.025641	0.538462	0.00752189	0.0248082	1.58816
1	22	0.025641	0.564103	-0.0149172	0.042573	1.55772
1	23	0.025641	0.589744	-0.030822	0.0329727	1.43339
1	24	0.025641	0.615385	0.0202495	0.0504663	1.65614
1	25	0.025641	0.641026	-0.0616972	0.0525303	1.36448
1	26	0.025641	0.666667	0.0284409	0.058294	1.54846
1	27	0.025641	0.692308	-0.0532265	0.0788949	1.43592
1	28	0.025641	0.717949	-0.00279193	0.0737749	1.23379
1	29	0.025641	0.74359	-0.013583	0.0989122	1.4555
1	30	0.025641	0.769231	-0.0430181	0.101634	0.967252
1	31	0.025641	0.794872	0.00748005	0.111037	1.11907
1	32	0.025641	0.820513	-0.0448778	0.138291	0.942964
1	33	0.025641	0.846154	-0.0201617	0.130782	0.340346
1	34	0.025641	0.871795	-0.000377864	0.166076	0.853147
1	35	0.025641	0.897436	-0.0462076	0.16067	-0.596718
1	36	0.025641	0.923077	0.0672483	0.154738	-0.00311568
1	37	0.025641	0.948718	0.0792033	0.134843	-1.45536
1	38	0.025641	0.974359	0.355096	-0.00560065	-1.93915
1	39	0.025641	1	1	0	0
2	0	0.0512821	0	0	0	1.28
2	1	0.0512821	0.025641	-0.00396082	-0.00220103	1.28
2	2	0.0512821	0.0512821	-0.00375861	-0.000327502	1.31684
2	3	0.0512821	0.0769231	-0.0109549	-0.00554082	1.20969
2	4	0.0512821	0.102564	-0.00100861	-0.000324838	1.44258
2	5	0.0512821	0.128205	-0.0167046	-0.00296425	1.12609
2	6	0.0512821	0.153846	-0.000434823	-0.0025454	1.50109
2	7	0.0512821	0.179487	-0.0152087	0.00510423	1.20338
2	8	0.0512821	0.205128	-0.0093725	-0.00495143	1.34142
2	9	0.0512821	0.230769	-0.00299365	0.0135557	1.51238
2	10	0.0512821	0.25641	-0.0270657	-0.00159274	1.00708
2	11	0.0512821	0.282051	0.0128389	0.0160321	1.87671
2	12	0.0512821	0.307692	-0.0405987	0.0122673	0.790396
2	13	0.0512821	0.333333	0.0154502	0.0107818	1.93494
2	14	0.0512821	0.358974	-0.0320106	0.0336157	1.04289
2	15	0.0512821	0.384615	-0.0094353	0.00516216	1.44115
2	16	0.0512821	0.410256	0.00337811	0.0505938	1.80732
2	17	0.0512821	0.435897	-0.055268	0.0135646	0.614675
2	18	0.0512821	0.461538	0.0433056	0.0515605	2.58369
2	19	0.0512821	0.487179	-0.0870155	0.0447532	0.162733
2	20	0.0512821	0.512821	0.0481391	0.0379527	2.59244
2	21	0.0512821	0.538462	-0.0651703	0.086566	0.727368
2	22	0.0512821	0.564103	-0.00701709	0.0297751	1.52266
2	23	0.0512821	0.589744	0.00789571	0.111778	2.09739
2	24	0.0512821	0.615385	-0.0968671	0.0552339	0.115839
2	25	0.0512821	0.641026	0.0745859	0.108609	3.08301
2	26	0.0512821	0.666667	-0.146512	0.119501	-0.29156
2	27	0.0512821	0.692308	0.0698441	0.0982329	2.55319
2	28	0.0512821	0.717949	-0.101816	0.182608	0.764995
2	29	0.0512821	0.74359	-0.014915	0.118813	0.856699
2	30	0.0512821	0.769231	-0.00540041	0.199969	1.98536
2	31	0.0512821	0.794872	-0.106351	0.187454	-0.16216
2	32	0.0512821	0.820513	0.0417518	0.186024	1.53156
2	33	0.0512821	0.846154	-0.110384	0.260806	0.645874
2	34	0.0512821	0.871795	0.0105257	0.194394	-0.583971
2	35	0.0512821	0.897436	-0.0109388	0.25479	1.75805
2	36	0.0512821	0.923077	0.032791	0.209199	-1.99536
2	37	0.0512821	0.948718	0.207786	0.124655	0.7927
2	38	0.0512821	0.974359	0.435487	0.059499	-1.37116
2	39	0.0512821	1	1	0	0
3	0	0.0769231	0	0	0	1.22894
3	1	0.0769231	0.025641	-0.00283774	0.000916001	1.22894
3	2	0.0769231	0.0512821	-0.00778746	-0.00626386	1.14996
3	3	0.0769231	0.0769231	-0.00311906	0.00308628	1.41726
3	4	0.0769231	0.102564	-0.0163786	-0.00682573	0.926576
3	5	0.0769231	0.128205	-0.000850681	0.00104657	1.64347
3	6	0.0769231	0.153846	-0.0214078	0.00361783	0.850252
3	7	0.0769231	0.179487	-0.00462273	-0.00612334	1.54471
3	8	0.0769231	0.205128	-0.0156092	0.0204704	1.24268
3	9	0.0769231	0.230769	-0.0206686	-0.00996814	0.940281
3	10	0.0769231	0.25641	0.00170653	0.0311755	2.04643
3	11	0.0769231	0.282051	-0.0435551	0.00267484	0.169792
3	12	0.0769231	0.307692	0.0174194	0.0246567	2.64773
3	13	0.0769231	0.333333	-0.0532899	0.036856	0.0360393
3	14	0.0769231	0.358974	0.00899292	0.0042635	2.22177
3	15	0.0769231	0.384615	-0.0295415	0.0776532	1.17436
3	16	0.0769231	0.410256	-0.0367264	-0.0061475	0.542025
3	17	0.0769231	0.435897	0.0230823	0.0952913	3.20051
3	18	0.0769231	0.461538	-0.0988066	0.0244836	-1.35648
3	19	0.0769231	0.487179	0.0650897	0.0708718	4.51736
3	20	0.0769231	0.512821	-0.120678	0.100005	-1.5833
3	21	0.0769231	0.538462	0.0432543	0.0227426	3.41942
3	22	0.0769231	0.564103	-0.059698	0.174905	0.877912
3	23	0.0769231	0.589744	-0.0633842	0.00876462	-0.0332567
3	24	0.0769231	0.615385	0.0530761	0.190354	4.56101
3	25	0.0769231	0.641026	-0.19394	0.0824521	-3.21533
3	26	0.0769231	0.666667	0.126249	0.140318	6.19666
3	27	0.0769231	0.692308	-0.228147	0.216911	-2.98035
3	28	0.0769231	0.717949	0.0806539	0.0889464	3.79176
3	29	0.0769231	0.74359	-0.116148	0.303001	0.685986
3	30	0.0769231	0.769231	-0.0768578	0.123152	-0.638404
3	31	0.0769231	0.794872	0.0447084	0.276554	3.88982
3	32	0.0769231	0.820513	-0.21624	0.250071	-2.50886
3	33	0.0769231	0.846154	0.123076	0.20382	2.97634
3	34	0.0769231	0.871795	-0.187564	0.33593	-0.292047
3	35	0.0769231	0.897436	0.122768	0.183392	-0.678179
3	36	0.0769231	0.923077	0.0455162	0.239526	1.9125
3	37	0.0769231	0.948718	0.276593	0.16155	-1.89859
3	38	0.0769231	0.974359	0.541427	0.0255107	0.576178
3	39	0.0769231	1	1	0	0
4	0	0.102564	0	0	0	1.14529
4	1	0.102564	0.025641	-0.00343205	-0.00387766	1.14529
4	2	0.102564	0.0512821	-0.00490911	0.00462403	1.27541
4	3	0.102564	0.0769231	-0.0113931	-0.00942561	0.888036
4	4	0.102564	0.102564	-0.00581345	0.00663925	1.63468
4	5	0.102564	0.128205	-0.0200177	-0.00285251	0.574426
4	6	0.102564	0.153846	-0.00567371	-0.000330757	1.81406
4	7	0.102564	0.179487	-0.0246507	0.0181039	0.721989
4	8	0.102564	0.205128	-0.0120334	-0.0122369	1.31051
4	9	0.102564	0.230769	-0.0184579	0.0414803	1.6552
4	10	0.102564	0.25641	-0.030308	-0.0118214	0.120726
4	11	0.102564	0.282051	-0.00199338	0.0465783	2.94237
4	12	0.102564	0.307692	-0.0528257	0.0196582	-0.874755
4	13	0.102564	0.333333	0.00953641	0.0219616	3.35684
4	14	0.102564	0.358974	-0.0572432	0.0799129	-0.314905
4	15	0.102564	0.384615	-0.00808631	-0.0147452	1.74574
4	16	0.102564	0.410256	-0.0257042	0.132789	2.35302
4	17	0.102564	0.435897	-0.0645068	-0.0155976	-1.54799
4	18	0.102564	0.461538	0.0291157	0.129505	5.65637
4	19	0.102564	0.487179	-0.12589	0.0611287	-4.01673
4	20	0.102564	0.512821	0.0593353	0.0565311	6.49344
4	21	0.102564	0.538462	-0.125574	0.191439	-2.54908
4	22	0.102564	0.564103	0.00653986	-0.028976	2.66298
4	23	0.102564	0.589744	-0.0350112	0.278109	3.23277
4	24	0.102564	0.615385	-0.138684	-0.0179736	-4.1041
4	25	0.102564	0.641026	0.0879662	0.241217	9.26902
4	26	0.102564	0.666667	-0.274723	0.144385	-8.15749
4	27	0.102564	0.692308	0.13999	0.108837	9.87322
4	28	0.102564	0.717949	-0.255436	0.350336	-5.02006
4	29	0.102564	0.74359	0.0372197	0.0150721	3.37114
4	30	0.102564	0.769231	-0.0694405	0.414123	2.96429
4	31	0.102564	0.794872	-0.188197	0.0961274	-4.72163
4	32	0.102564	0.820513	0.138367	0.298173	8.13521
4	33	0.102564	0.846154	-0.330477	0.296701	-6.68301
4	34	0.102564	0.871795	0.24519	0.149841	5.83563
4	35	0.102564	0.897436	-0.188878	0.362077	-2.19089
4	36	0.102564	0.923077	0.304174	0.106264	0.343536
4	37	0.102564	0.948718	0.257837	0.170803	1.16503
4	38	0.102564	0.974359	0.625342	0.0808286	-0.663083
4	39	0.102564	1	1	0	0
5	0	0.128205	0	0	0	1.10738
5	1	0.128205	0.025641	-0.00355298	0.00267955	1.10738
5	2	0.128205	0.0512821	-0.00612461	-0.00763504	0.972375
5	3	0.128205	0.0769231	-0.010755	0.00879379	1.41035
5	4	0.128205	0.102564	-0.0129672	-0.00863068	0.574541
5	5	0.128205	0.128205	-0.0136856	0.0084655	1.83437
5	6	0.128205	0.153846	-0.0230463	0.00699465	0.326199
5	7	0.128205	0.179487	-0.0125778	-0.00344409	1.78813
5	8	0.128205	0.205128	-0.0323153	0.0370372	0.864046
5	9	0.128205	0.230769	-0.0158492	-0.0162821	0.76944
5	10	0.128205	0.25641	-0.0315182	0.0613367	2.34366
5	11	0.128205	0.282051	-0.0319932	-0.00440383	-0.86623
5	12	0.128205	0.307692	-0.0177016	0.0533553	3.80865
5	13	0.128205	0.333333	-0.0554261	0.0515302	-1.61933
5	14	0.128205	0.358974	-0.00491447	0.00802244	3.46999
5	15	0.128205	0.384615	-0.0642144	0.13364	0.198598
5	16	0.128205	0.410256	-0.0197363	-0.0349137	0.24699
5	17	0.128205	0.435897	-0.0399867	0.180878	4.50503
5	18	0.128205	0.461538	-0.0725307	-0.00443901	-4.33464
5	19	0.128205	0.487179	0.00704998	0.133984	8.26484
5	20	0.128205	0.512821	-0.125671	0.13345	-6.06023
5	21	0.128205	0.538462	0.0294458	0.00402833	7.06273
5	22	0.128205	0.564103	-0.116197	0.303527	-1.36404
5	23	0.128205	0.589744	-0.0358169	-0.0942316	-0.67506
5	24	0.128205	0.615385	-0.0299389	0.358734	8.06315
5	25	0.128205	0.641026	-0.18635	-0.0104544	-10.121
5	26	0.128205	0.666667	0.0749538	0.226703	14.8324
5	27	0.128205	0.692308	-0.290791	0.260318	-12.5006
5	28	0.128205	0.717949	0.099706	-0.00131679	11.654
5	29	0.128205	0.74359	-0.212435	0.495449	-3.93385
5	30	0.128205	0.769231	-0.0481741	-0.101399	-0.754643
5	31	0.128205	0.794872	0.0102585	0.473672	8.81453
5	32	0.128205	0.820513	-0.295037	0.0774218	-11.8174
5	33	0.128205	0.846154	0.232945	0.238062	14.4068
5	34	0.128205	0.871795	-0.355744	0.348802	-11.7934
5	35	0.128205	0.897436	0.370988	0.0254949	9.00366
5	36	0.128205	0.923077	-0.0280012	0.358012	-3.86914
5	37	0.128205	0.948718	0.516387	0.00544148	1.27136
5	38	0.128205	0.974359	0.612936	0.11204	0.640156
5	39	0.128205	1	1	0	0
6	0	0.153846	0	0	0	1.01919
6	1	0.153846	0.025641	-0.00304044	-0.00266748	1.01919
6	2	0.153846	0.0512821	-0.0107468	0.00521909	1.12014
6	3	0.153846	0.0769231	-0.00649287	-0.00812535	0.787566
6	4	0.153846	0.102564	-0.0220265	0.0121873	1.50644
6	5	0.153846	0.128205	-0.0138318	-0.00402313	0.354061
6	6	0.153846	0.153846	-0.0234497	0.0102754	1.8933
6	7	0.153846	0.179487	-0.0309545	0.0191404	0.247127
6	8	0.153846	0.205128	-0.0151646	-0.0041166	1.58942
6	9	0.153846	0.230769	-0.0507646	0.0549656	1.14232
6	10	0.153846	0.25641	-0.0114076	-0.0138641	0.171279
6	11	0.153846	0.282051	-0.0562831	0.0758376	2.95872
6	12	0.153846	0.307692	-0.0280659	0.0129048	-1.60519
6	13	0.153846	0.333333	-0.0378803	0.0527654	4.23222
6	14	0.153846	0.358974	-0.0631799	0.0909982	-1.73736
6	15	0.153846	0.384615	-0.0105743	-0.00707452	2.84219
6	16	0.153846	0.410256	-0.0914112	0.182791	1.43076
6	17	0.153846	0.435897	-0.00991476	-0.0398952	-1.77715
6	18	0.153846	0.461538	-0.0828836	0.206345	6.77426
6	19	0.153846	0.487179	-0.0554665	0.0369729	-6.6276
6	20	0.153846	0.512821	-0.0345018	0.106226	9.71468
6	21	0.153846	0.538462	-0.115616	0.228403	-6.24324
6	22	0.153846	0.564103	0.00494734	-0.0636011	5.33293
6	23	0.153846	0.589744	-0.132582	0.401029	2.15424
6	24	0.153846	0.615385	-0.0411516	-0.128764	-5.95198
6	25	0.153846	0.641026	-0.081427	0.381478	13.8401
6	26	0.153846	0.666667	-0.167211	0.06163	-15.6388
6	27	0.153846	0.692308	0.00854491	0.134515	18.5139
6	28	0.153846	0.717949	-0.23719	0.412004	-13.3577
6	29	0.153846	0.74359	0.0343641	-0.160392	9.13445
6	30	0.153846	0.769231	-0.147227	0.601418	1.61318
6	31	0.153846	0.794872	-0.112344	-0.195144	-8.86945
6	32	0.153846	0.820513	0.0558486	0.445055	17.2847
6	33	0.153846	0.846154	-0.303596	0.11532	-19.8813
6	34	0.153846	0.871795	0.284988	0.0918753	20.2858
6	35	0.153846	0.897436	-0.210675	0.413885	-15.104
6	36	0.153846	0.923077	0.478624	-0.128655	10.0653
6	37	0.153846	0.948718	0.292959	0.324987	-3.50585
6	38	0.153846	0.974359	0.74278	-0.032107	0.986433
6	39	0.153846	1	1	0	0
7	0	0.179487	0	0	0	0.954811
7	1	0.179487	0.025641	-0.00569487	6.24295e-05	0.954811
7	2	0.179487	0.0512821	-0.0042445	-0.00203739	0.958363
7	3	0.179487	0.0769231	-0.0234766	0.00700385	1.05326
7	4	0.179487	0.102564	-0.00585657	-0.00612413	0.723597
7	5	0.179487	0.128205	-0.035538	0.0172136	1.469
7	6	0.179487	0.153846	-0.0191078	0.000443979	0.249134
7	7	0.179487	0.179487	-0.0292936	0.0159861	1.88124
7	8	0.179487	0.205128	-0.0489767	0.0291265	0.170086
7	9	0.179487	0.230769	-0.0102227	0.000373629	1.47054
7	10	0.179487	0.25641	-0.0799879	0.0697286	1.24643
7	11	0.179487	0.282051	-0.00249811	-0.00620464	-0.155087
7	12	0.179487	0.307692	-0.0843885	0.0874119	3.20942
7	13	0.179487	0.333333	-0.0300301	0.0328838	-1.90762
7	14	0.179487	0.358974	-0.0483827	0.0532513	4.19088
7	15	0.179487	0.384615	-0.0906422	0.125603	-1.44774
7	16	0.179487	0.410256	0.00437952	-0.01092	1.9655
7	17	0.179487	0.435897	-0.145822	0.215574	2.61015
7	18	0.179487	0.461538	0.0211534	-0.0227587	-3.31408
7	19	0.179487	0.487179	-0.142498	0.208418	8.06548
7	20	0.179487	0.512821	-0.0330616	0.096886	-7.41325
7	21	0.179487	0.538462	-0.0643599	0.0667108	9.30878
7	22	0.179487	0.564103	-0.133884	0.31393	-4.50747
7	23	0.179487	0.589744	0.022967	-0.1052	1.97938
7	24	0.179487	0.615385	-0.209765	0.451185	6.45469
7	25	0.179487	0.641026	0.0158334	-0.0988872	-10.7579
7	26	0.179487	0.666667	-0.188346	0.337383	17.8223
7	27	0.179487	0.692308	-0.0893713	0.185703	-17.7199
7	28	0.179487	0.717949	-0.0669459	-0.00321638	17.8581
7	29	0.179487	0.74359	-0.173195	0.544276	-9.42777
7	30	0.179487	0.769231	0.014264	-0.290888	2.13952
7	31	0.179487	0.794872	-0.143254	0.622868	10.1477
7	32	0.179487	0.820513	-0.071864	-0.194357	-18.0766
7	33	0.179487	0.846154	0.0211081	0.322647	24.9425
7	34	0.179487	0.871795	-0.148903	0.219797	-24.8064
7	35	0.179487	0.897436	0.295579	-0.100789	22.2076
7	36	0.179487	0.923077	0.0936126	0.459607	-13.9067
7	37	0.179487	0.948718	0.589777	-0.222632	7.4209
7	38	0.179487	0.974359	0.66975	0.238698	-0.981806
7	39	0.179487	1	1	0	0
8	0	0.205128	0	0	0	0.918727
8	1	0.205128	0.025641	-0.00378492	0.00290516	0.918727
8	2	0.205128	0.0512821	-0.016996	-0.00225279	0.786144
8	3	0.205128	0.0769231	-0.00443991	0.00104767	1.0608
8	4	0.205128	0.102564	-0.03882	0.0111291	0.819501
8	5	0.205128	0.128205	-0.00890236	-0.00610811	0.779803
8	6	0.205128	0.153846	-0.0459651	0.0278515	1.39952
8	7	0.205128	0.179487	-0.0330713	0.000859227	0.0651547
8	8	0.205128	0.205128	-0.0290007	0.0269977	2.05726
8	9	0.205128	0.230769	-0.0759852	0.036507	-0.18808
8	10	0.205128	0.25641	-0.00241606	0.00701736	1.69028
8	11	0.205128	0.282051	-0.111296	0.085004	0.991528
8	12	0.205128	0.307692	0.000125391	-0.000782502	-0.146985
8	13	0.205128	0.333333	-0.103019	0.103062	3.19182
8	14	0.205128	0.358974	-0.0494759	0.0454989	-2.06608
8	15	0.205128	0.384615	-0.0407886	0.062844	4.17553
8	16	0.205128	0.410256	-0.141367	0.147315	-1.43204
8	17	0.205128	0.435897	0.0354693	-0.000780423	1.65823
8	18	0.205128	0.461538	-0.213647	0.23291	2.89243
8	19	0.205128	0.487179	0.0526892	0.00446234	-3.63653
8	20	0.205128	0.512821	-0.187611	0.203804	7.9394
8	21	0.205128	0.538462	-0.0388222	0.146428	-6.79629
8	22	0.205128	0.564103	-0.0501007	0.0480657	7.76154
8	23	0.205128	0.589744	-0.210329	0.359509	-2.3453
8	24	0.205128	0.615385	0.0956867	-0.0923494	-0.805567
8	25	0.205128	0.641026	-0.342888	0.445691	8.99442
8	26	0.205128	0.666667	0.114014	-0.0168377	-12.4146
8	27	0.205128	0.692308	-0.295995	0.256001	17.7835
8	28	0.205128	0.717949	-0.0148998	0.303346	-15.2748
8	29	0.205128	0.74359	-0.0735363	-0.113107	12.8519
8	30	0.205128	0.769231	-0.18583	0.600145	-2.57049
8	31	0.205128	0.794872	0.106827	-0.312199	-5.99041
8	32	0.205128	0.820513	-0.250237	0.549499	17.5429
8	33	0.205128	0.846154	0.109428	-0.0852221	-23.3766
8	34	0.205128	0.871795	-0.0706077	0.144468	27.4443
8	35	0.205128	0.897436	0.139514	0.336267	-23.2557
8	36	0.205128	0.923077	0.323761	-0.248687	18.0562
8	37	0.205128	0.948718	0.45088	0.42323	-8.33608
8	38	0.205128	0.974359	0.758259	-0.152123	2.83698
8	39	0.205128	1	1	0	0
9	0	0.230769	0	0	0	0.782619
9	1	0.230769	0.025641	-0.00761886	-0.00608815	0.782619
9	2	0.230769	0.0512821	-0.00683906	0.00912675	1.07292
9	3	0.230769	0.0769231	-0.0312029	-0.0027941	0.406175
9	4	0.230769	0.102564	-0.00783305	0.00148723	1.32652
9	5	0.230769	0.128205	-0.051825	0.0220269	0.533315
9	6	0.230769	0.153846	-0.0192063	-0.0118722	0.744232
9	7	0.230769	0.179487	-0.0516735	0.0447596	1.56564
9	8	0.230769	0.205128	-0.0538746	-0.0019647	-0.467095
9	9	0.230769	0.230769	-0.0276095	0.0388831	2.63342
9	10	0.230769	0.25641	-0.103428	0.0462595	-0.933398
9	11	0.230769	0.282051	-0.0015161	0.00800939	2.21218
9	12	0.230769	0.307692	-0.13339	0.107037	0.574634
9	13	0.230769	0.333333	-0.0122082	-0.00556616	-0.163153
9	14	0.230769	0.358974	-0.106407	0.127157	3.40442
9	15	0.230769	0.384615	-0.086766	0.0464562	-2.68464
9	16	0.230769	0.410256	-0.0221921	0.0801166	4.83144
9	17	0.230769	0.435897	-0.200768	0.159385	-2.29075
9	18	0.230769	0.461538	0.0622806	0.010606	2.36254
9	19	0.230769	0.487179	-0.265595	0.248593	2.11636
9	20	0.230769	0.512821	0.0574199	0.0164613	-3.02906
9	21	0.230769	0.538462	-0.189886	0.215612	7.18002
9	22	0.230769	0.564103	-0.0942629	0.158896	-6.16974
9	23	0.230769	0.589744	0.0115875	0.0686604	6.98098
9	24	0.230769	0.615385	-0.336614	0.357065	-1.96013
9	25	0.230769	0.641026	0.191784	-0.040856	-0.789787
9	26	0.230769	0.666667	-0.47332	0.409469	7.97758
9	27	0.230769	0.692308	0.193786	0.0562645	-10.1753
9	28	0.230769	0.717949	-0.319427	0.197153	14.0117
9	29	0.230769	0.74359	-0.02038	0.346609	-10.4041
9	30	0.230769	0.769231	0.0436708	-0.12483	6.96028
9	31	0.230769	0.794872	-0.323331	0.556637	2.75347
9	32	0.230769	0.820513	0.312103	-0.214025	-9.94181
9	33	0.230769	0.846154	-0.429322	0.414426	19.125
9	34	0.230769	0.871795	0.377448	0.0586389	-21.2465
9	35	0.230769	0.897436	-0.118429	-0.00842438	22.4888
9	36	0.230769	0.923077	0.452541	0.376014	-15.6854
9	37	0.230769	0.948718	0.455512	-0.253283	9.76706
9	38	0.230769	0.974359	0.757161	0.274032	-2.02312
9	39	0.230769	1	1	0	0
10	0	0.25641	0	0	0	0.82115
10	1	0.25641	0.025641	-0.00631824	0.00918394	0.82115
10	2	0.25641	0.0512821	-0.0188103	-0.0125687	0.41729
10	3	0.25641	0.0769231	-0.0129093	0.0133985	1.43844
10	4	0.25641	0.102564	-0.0435682	0.00358125	-0.0793746
10	5	0.25641	0.128205	-0.0175581	-0.00477797	1.54044
10	6	0.25641	0.153846	-0.0611082	0.0402663	0.468517
10	7	0.25641	0.179487	-0.0345454	-0.021899	0.35111
10	8	0.25641	0.205128	-0.0576985	0.0626318	2.15623
10	9	0.25641	0.230769	-0.0734327	-0.00192846	-1.40742
10	10	0.25641	0.25641	-0.0338622	0.0435971	3.50882
10	11	0.25641	0.282051	-0.12172	0.0645462	-1.79822
10	12	0.25641	0.307692	-0.0136185	-0.00293524	2.62914
10	13	0.25641	0.333333	-0.142755	0.13781	0.503027
10	14	0.25641	0.358974	-0.037119	-0.0214752	-0.748337
10	15	0.25641	0.384615	-0.103063	0.155179	4.35709
10	16	0.25641	0.410256	-0.127371	0.0418805	-4.16131
10	17	0.25641	0.435897	-0.0116181	0.0922393	6.35931
10	18	0.25641	0.461538	-0.243384	0.17457	-3.93849
10	19	0.25641	0.487179	0.0639933	0.00244949	3.63208
10	20	0.25641	0.512821	-0.278325	0.278779	1.14242
10	21	0.25641	0.538462	0.0234443	-0.0071543	-2.77507
10	22	0.25641	0.564103	-0.150989	0.252978	7.42164
10	23	0.25641	0.589744	-0.186845	0.129774	-7.33798
10	24	0.25641	0.615385	0.0842434	0.109804	8.69137
10	25	0.25641	0.641026	-0.456634	0.32964	-4.62346
10	26	0.25641	0.666667	0.25644	-0.00963873	2.3839
10	27	0.25641	0.692308	-0.515548	0.390651	4.09824
10	28	0.25641	0.717949	0.198133	0.0495165	-6.26291
10	29	0.25641	0.74359	-0.209152	0.211731	9.97474
10	30	0.25641	0.769231	-0.142059	0.282324	-7.53287
10	31	0.25641	0.794872	0.253309	-0.0389299	5.2987
10	32	0.25641	0.820513	-0.538662	0.440905	2.00189
10	33	0.25641	0.846154	0.547236	-0.0857306	-6.42239
10	34	0.25641	0.871795	-0.543342	0.29043	12.9653
10	35	0.25641	0.897436	0.626698	0.125027	-12.7238
10	36	0.25641	0.923077	0.00248719	-0.0501759	12.4873
10	37	0.25641	0.948718	0.692428	0.285138	-6.54893
10	38	0.25641	0.974359	0.713535	-0.102389	2.79661
10	39	0.25641	1	1	0	0
11	0	0.282051	0	0	0	0.629021
11	1	0.282051	0.025641	-0.00840855	-0.0103017	0.629021
11	2	0.282051	0.0512821	-0.0153699	0.0174749	1.10472
11	3	0.282051	0.0769231	-0.0286172	-0.0128821	-0.109316
11	4	0.282051	0.102564	-0.0249483	0.0109899	1.8152
11	5	0.282051	0.128205	-0.0526852	0.0179191	-0.398604
11	6	0.282051	0.153846	-0.0312906	-0.0161096	1.43578
11	7	0.282051	0.179487	-0.0714589	0.0602217	0.809053
11	8	0.282051	0.205128	-0.0474209	-0.0294142	-0.44288
11	9	0.282051	0.230769	-0.0718481	0.073289	3.04103
11	10	0.282051	0.25641	-0.0838981	0.00731741	-2.45431
11	11	0.282051	0.282051	-0.0518349	0.0360634	4.25359
11	12	0.282051	0.307692	-0.129389	0.0920525	-2.27733
11	13	0.282051	0.333333	-0.0341838	-0.0242009	2.44405
11	14	0.282051	0.358974	-0.148679	0.170901	1.18577
11	15	0.282051	0.384615	-0.0605825	-0.0398959	-2.15193
11	16	0.282051	0.410256	-0.11022	0.174831	6.06994
11	17	0.282051	0.435897	-0.150719	0.0445621	-6.2311
11	18	0.282051	0.461538	-0.0243528	0.0834221	8.19567
11	19	0.282051	0.487179	-0.252317	0.204953	-5.47402
11	20	0.282051	0.512821	0.037319	-0.0380526	4.29958
11	21	0.282051	0.538462	-0.257013	0.326846	1.35276
11	22	0.282051	0.564103	-0.0322333	-0.0644516	-4.29292
11	23	0.282051	0.589744	-0.107982	0.297498	9.90353
11	24	0.282051	0.615385	-0.267466	0.0844658	-11.0699
11	25	0.282051	0.641026	0.118125	0.122115	12.8798
11	26	0.282051	0.666667	-0.494969	0.320929	-9.27616
11	27	0.282051	0.692308	0.253135	-0.0606209	6.48301
11	28	0.282051	0.717949	-0.425065	0.42669	0.769614
11	29	0.282051	0.74359	0.112315	-0.0672681	-4.80633
11	30	0.282051	0.769231	-0.0139257	0.289266	10.2748
11	31	0.282051	0.794872	-0.329547	0.140903	-10.6889
11	32	0.282051	0.820513	0.445512	0.0527108	10.6137
11	33	0.282051	0.846154	-0.678733	0.330197	-5.94469
11	34	0.282051	0.871795	0.714559	-0.0503068	2.86451
11	35	0.282051	0.897436	-0.433962	0.253084	2.3966
11	36	0.282051	0.923077	0.779353	0.0547069	-3.00537
11	37	0.282051	0.948718	0.321808	0.0228669	3.63078
11	38	0.282051	0.974359	0.851591	0.123156	-0.874547
11	39	0.282051	1	1	0	0
12	0	0.307692	0	0	0	0.68949
12	1	0.307692	0.025641	-0.0100115	0.0103968	0.68949
12	2	0.307692	0.0512821	-0.0162762	-0.0162093	0.242178
12	3	0.307692	0.0769231	-0.0303202	0.0198831	1.45935
12	4	0.307692	0.102564	-0.0352902	-0.0052379	-0.538195
12	5	0.307692	0.128205	-0.040767	0.00316571	1.93718
12	6	0.307692	0.153846	-0.0629353	0.0347509	-0.362588
12	7	0.307692	0.179487	-0.0420502	-0.0256078	0.965092
12	8	0.307692	0.205128	-0.089897	0.0736843	1.42383
12	9	0.307692	0.230769	-0.0514428	-0.0280165	-1.33564
12	10	0.307692	0.25641	-0.0968039	0.0723638	3.79409
12	11	0.307692	0.282051	-0.0855333	0.0257399	-3.12267
12	12	0.307692	0.307692	-0.0754833	0.0193772	4.41668
12	13	0.307692	0.333333	-0.13612	0.121249	-2.03971
12	14	0.307692	0.358974	-0.0497735	-0.0458844	1.51101
12	15	0.307692	0.384615	-0.166531	0.194636	2.52006
12	16	0.307692	0.410256	-0.0667989	-0.0483635	-4.00147
12	17	0.307692	0.435897	-0.138922	0.174605	7.91468
12	18	0.307692	0.461538	-0.146794	0.0636608	-8.00686
12	19	0.307692	0.487179	-0.0575069	0.0476219	9.30052
12	20	0.307692	0.512821	-0.235994	0.250376	-5.76071
12	21	0.307692	0.538462	0.00282447	-0.103035	3.29178
12	22	0.307692	0.564103	-0.236484	0.376361	3.55879
12	23	0.307692	0.589744	-0.0686923	-0.127053	-7.93916
12	24	0.307692	0.615385	-0.105682	0.312528	14.2897
12	25	0.307692	0.641026	-0.278536	0.0656337	-16.0899
12	26	0.307692	0.666667	0.0907918	0.0610443	17.3997
12	27	0.307692	0.692308	-0.417878	0.363839	-12.7087
12	28	0.307692	0.717949	0.190488	-0.210804	7.83788
12	29	0.307692	0.74359	-0.255364	0.505388	1.91935
12	30	0.307692	0.769231	-0.00999801	-0.249829	-9.13911
12	31	0.307692	0.794872	0.139454	0.351261	16.8941
12	32	0.307692	0.820513	-0.440811	0.0171488	-20.0593
12	33	0.307692	0.846154	0.52536	0.0404742	20.6303
12	34	0.307692	0.871795	-0.578157	0.307909	-16.6711
12	35	0.307692	0.897436	0.769714	-0.160581	12.0891
12	36	0.307692	0.923077	-0.0686225	0.305535	-5.60293
12	37	0.307692	0.948718	0.833393	-0.0924604	2.20253
12	38	0.307692	0.974359	0.708264	0.0976834	0.355467
12	39	0.307692	1	1	0	0
13	0	0.333333	0	0	0	0.522524
13	1	0.333333	0.025641	-0.00869642	-0.00785328	0.522524
13	2	0.333333	0.0512821	-0.0258735	0.0153159	0.873922
13	3	0.333333	0.0769231	-0.0210254	-0.014454	-0.110169
13	4	0.333333	0.102564	-0.0493786	0.0168982	1.62538
13	5	0.333333	0.128205	-0.0426445	0.00538654	-0.672941
13	6	0.333333	0.153846	-0.0537865	-0.00348061	1.74253
13	7	0.333333	0.179487	-0.0806899	0.0459619	-0.0850152
13	8	0.333333	0.205128	-0.0443868	-0.0270945	0.408769
13	9	0.333333	0.230769	-0.118277	0.0766274	1.91172
13	10	0.333333	0.25641	-0.0480983	-0.0182555	-1.87849
13	11	0.333333	0.282051	-0.125698	0.063571	4.01431
13	12	0.333333	0.307692	-0.0880922	0.0451522	-3.14698
13	13	0.333333	0.333333	-0.0918865	0.00349496	3.92751
13	14	0.333333	0.358974	-0.155389	0.140913	-1.26629
13	15	0.333333	0.384615	-0.0484047	-0.0568795	0.255015
13	16	0.333333	0.410256	-0.204088	0.200425	3.86003
13	17	0.333333	0.435897	-0.0517828	-0.0407966	-5.46886
13	18	0.333333	0.461538	-0.182505	0.153044	8.98921
13	19	0.333333	0.487179	-0.126807	0.09576	-8.58964
13	20	0.333333	0.512821	-0.0886989	-0.0042072	8.90333
13	21	0.333333	0.538462	-0.225274	0.295472	-4.34414
13	22	0.333333	0.564103	-0.00586731	-0.16455	0.564901
13	23	0.333333	0.589744	-0.255415	0.400573	7.17263
13	24	0.333333	0.615385	-0.0475207	-0.15586	-12.3692
13	25	0.333333	0.641026	-0.159512	0.270127	18.5685
13	26	0.333333	0.666667	-0.201475	0.102151	-19.5578
13	27	0.333333	0.692308	0.0266193	-0.0766808	19.1368
13	28	0.333333	0.717949	-0.276231	0.448362	-11.7575
13	29	0.333333	0.74359	0.127655	-0.404863	3.83114
13	30	0.333333	0.769231	-0.133235	0.565802	8.68805
13	31	0.333333	0.794872	-0.0547204	-0.386374	-18.6834
13	32	0.333333	0.820513	0.15052	0.31751	27.0695
13	33	0.333333	0.846154	-0.336334	0.00988075	-30.4707
13	34	0.333333	0.871795	0.478319	-0.109972	29.212
13	35	0.333333	0.897436	-0.213026	0.382674	-22.7275
13	36	0.333333	0.923077	0.735386	-0.343748	15.1111
13	37	0.333333	0.948718	0.397013	0.344305	-6.39703
13	38	0.333333	0.974359	0.877265	-0.139769	1.61463
13	39	0.333333	1	1	0	0
14	0	0.358974	0	0	0	0.513707
14	1	0.358974	0.025641	-0.0132356	0.00441885	0.513707
14	2	0.358974	0.0512821	-0.0142609	-0.0087671	0.343837
14	3	0.358974	0.0769231	-0.0464698	0.0150486	0.924664
14	4	0.358974	0.102564	-0.02569	-0.00947335	-0.223212
14	5	0.358974	0.128205	-0.0663387	0.0146335	1.5227
14	6	0.358974	0.153846	-0.0565081	0.0110746	-0.601396
14	7	0.358974	0.179487	-0.0589506	-0.00313903	1.48021
14	8	0.358974	0.205128	-0.107424	0.047694	0.0684422
14	9	0.358974	0.230769	-0.0403609	-0.021536	0.171355
14	10	0.358974	0.25641	-0.149564	0.0729487	1.92305
14	11	0.358974	0.282051	-0.0468889	-0.00864678	-1.86302
14	12	0.358974	0.307692	-0.146157	0.0562748	3.69055
14	13	0.358974	0.333333	-0.103167	0.0547742	-2.75653
14	14	0.358974	0.358974	-0.0916735	-0.00251346	3.23201
14	15	0.358974	0.384615	-0.192315	0.144399	-0.586471
14	16	0.358974	0.410256	-0.0305187	-0.0543604	-0.578703
14	17	0.358974	0.435897	-0.252583	0.189476	4.44697
14	18	0.358974	0.461538	-0.0286947	-0.0238425	-5.87253
14	19	0.358974	0.487179	-0.218412	0.121558	8.78646
14	20	0.358974	0.512821	-0.11684	0.125203	-7.80498
14	21	0.358974	0.538462	-0.0901519	-0.0483873	7.1929
14	22	0.358974	0.564103	-0.250745	0.318857	-1.96786
14	23	0.358974	0.589744	0.0336776	-0.191437	-2.57103
14	24	0.358974	0.615385	-0.324617	0.381429	10.3578
14	25	0.358974	0.641026	0.0342326	-0.130415	-15.1908
14	26	0.358974	0.666667	-0.238978	0.174374	20.2003
14	27	0.358974	0.692308	-0.0819868	0.181659	-19.0714
14	28	0.358974	0.717949	-0.0105902	-0.237114	16.1657
14	29	0.358974	0.74359	-0.179665	0.522892	-6.01116
14	30	0.358974	0.769231	0.150508	-0.530833	-4.4938
14	31	0.358974	0.794872	-0.161288	0.548711	17.9339
14	32	0.358974	0.820513	0.0708037	-0.373237	-28.0369
14	33	0.358974	0.846154	0.0168541	0.171021	34.6708
14	34	0.358974	0.871795	-0.0118417	0.129293	-34.5752
14	35	0.358974	0.897436	0.366471	-0.325222	30.1204
14	36	0.358974	0.923077	0.254515	0.458221	-19.8098
14	37	0.358974	0.948718	0.709764	-0.422083	10.2953
14	38	0.358974	0.974359	0.767046	0.248122	-2.25334
14	39	0.358974	1	1	0	0
15	0	0.384615	0	0	0	0.452098
15	1	0.384615	0.025641	-0.00975328	0.00030288	0.452098
15	2	0.384615	0.0512821	-0.0321994	0.00308161	0.420091
15	3	0.384615	0.0769231	-0.0187829	-0.00606698	0.363792
15	4	0.384615	0.102564	-0.0660358	0.0151989	0.740626
15	5	0.384615	0.128205	-0.0356113	-0.00896997	-0.155632
15	6	0.384615	0.153846	-0.0761623	0.0186229	1.36733
15	7	0.384615	0.179487	-0.0782914	0.00805587	-0.652807
15	8	0.384615	0.205128	-0.0582609	0.00297471	1.5132
15	9	0.384615	0.230769	-0.13648	0.0439256	-0.20641
15	10	0.384615	0.25641	-0.0389406	-0.0174749	0.41461
15	11	0.384615	0.282051	-0.17216	0.0714265	1.49328
15	12	0.384615	0.307692	-0.057653	-0.00934523	-1.5481
15	13	0.384615	0.333333	-0.150482	0.0576115	3.27515
15	14	0.384615	0.358974	-0.133673	0.0496073	-2.54759
15	15	0.384615	0.384615	-0.0780094	0.00135121	2.98871
15	16	0.384615	0.410256	-0.237119	0.134796	-0.62078
15	17	0.384615	0.435897	-0.0103007	-0.0473843	-0.496723
15	18	0.384615	0.461538	-0.290526	0.172715	3.9983
15	19	0.384615	0.487179	-0.0189336	-0.0133817	-5.24767
15	20	0.384615	0.512821	-0.223519	0.0981864	7.66904
15	21	0.384615	0.538462	-0.138535	0.133908	-6.46164
15	22	0.384615	0.564103	-0.0504156	-0.0638481	5.3863
15	23	0.384615	0.589744	-0.317825	0.307427	-0.236399
15	24	0.384615	0.615385	0.1117	-0.173767	-4.18307
15	25	0.384615	0.641026	-0.412914	0.324168	11.1355
15	26	0.384615	0.666667	0.134871	-0.0698521	-14.6771
15	27	0.384615	0.692308	-0.279443	0.0683816	17.9192
15	28	0.384615	0.717949	-0.00427684	0.253195	-14.7344
15	29	0.384615	0.74359	0.0468399	-0.328149	9.76306
15	30	0.384615	0.769231	-0.218495	0.531612	1.28607
15	31	0.384615	0.794872	0.302871	-0.49757	-12.0161
15	32	0.384615	0.820513	-0.342026	0.438975	23.8044
15	33	0.384615	0.846154	0.342718	-0.213011	-30.4573
15	34	0.384615	0.871795	-0.163281	-0.0282967	33.853
15	35	0.384615	0.897436	0.383907	0.270633	-28.8579
15	36	0.384615	0.923077	0.31876	-0.447874	21.7132
15	37	0.384615	0.948718	0.625679	0.411085	-10.6871
15	38	0.384615	0.974359	0.803582	-0.268845	2.92392
15	39	0.384615	1	1	0	0
16	0	0.410256	0	0	0	0.324722
16	1	0.410256	0.025641	-0.0145795	-0.0048581	0.324722
16	2	0.410256	0.0512821	-0.0171386	0.00453992	0.567202
16	3	0.410256	0.0769231	-0.0514829	0.00186016	0.105472
16	4	0.410256	0.102564	-0.0271435	-0.00744459	0.558
16	5	0.410256	0.128205	-0.0793978	0.0213112	0.504718
16	6	0.410256	0.153846	-0.0523407	-0.0167721	-0.204131
16	7	0.410256	0.179487	-0.0803272	0.0276698	1.49012
16	8	0.410256	0.205128	-0.102063	0.000354115	-1.0992
16	9	0.410256	0.230769	-0.0599369	0.00652881	1.97175
16	10	0.410256	0.25641	-0.157347	0.0431539	-0.844044
16	11	0.410256	0.282051	-0.048491	-0.02429	0.864543
16	12	0.410256	0.307692	-0.179561	0.0778908	1.07307
16	13	0.410256	0.333333	-0.0815488	-0.0237628	-1.49365
16	14	0.410256	0.358974	-0.143217	0.0656193	3.34943
16	15	0.410256	0.384615	-0.169529	0.0345594	-3.02147
16	16	0.410256	0.410256	-0.0653016	0.00487379	3.53667
16	17	0.410256	0.435897	-0.270326	0.122949	-1.47142
16	18	0.410256	0.461538	-0.00516198	-0.0508612	0.312846
16	19	0.410256	0.487179	-0.298949	0.163651	3.00135
16	20	0.410256	0.512821	-0.0359342	-0.0237997	-4.40996
16	21	0.410256	0.538462	-0.193075	0.0951727	6.7385
16	22	0.410256	0.564103	-0.191321	0.113309	-5.89657
16	23	0.410256	0.589744	0.0130843	-0.0494105	4.97864
16	24	0.410256	0.615385	-0.396745	0.266556	-0.591253
16	25	0.410256	0.641026	0.189086	-0.135595	-3.11973
16	26	0.410256	0.666667	-0.459674	0.260325	8.84473
16	27	0.410256	0.692308	0.194195	-0.0253276	-11.2672
16	28	0.410256	0.717949	-0.222488	0.0168631	13.1582
16	29	0.410256	0.74359	-0.0343675	0.259656	-9.58942
16	30	0.410256	0.769231	0.209742	-0.284473	4.42803
16	31	0.410256	0.794872	-0.394925	0.45037	4.89683
16	32	0.410256	0.820513	0.529392	-0.326647	-12.9244
16	33	0.410256	0.846154	-0.557384	0.277278	21.3033
16	34	0.410256	0.871795	0.632291	-0.030509	-23.3923
16	35	0.410256	0.897436	-0.21907	-0.160917	23.5351
16	36	0.410256	0.923077	0.68264	0.299713	-16.6914
16	37	0.410256	0.948718	0.452746	-0.359692	9.50191
16	38	0.410256	0.974359	0.845045	0.210526	-2.55197
16	39	0.410256	1	1	0	0
17	0	0.435897	0	0	0	0.374946
17	1	0.435897	0.025641	-0.0119298	0.00817156	0.374946
17	2	0.435897	0.0512821	-0.0312646	-0.0106594	-0.0221068
17	3	0.435897	0.0769231	-0.0268158	0.00536672	0.87241
17	4	0.435897	0.102564	-0.0657163	0.00656878	-0.283694
17	5	0.435897	0.128205	-0.0411808	-0.0170425	0.659512
17	6	0.435897	0.153846	-0.0872629	0.0325433	0.525821
17	7	0.435897	0.179487	-0.0708182	-0.0289799	-0.624433
17	8	0.435897	0.205128	-0.0861538	0.0337976	2.00829
17	9	0.435897	0.230769	-0.118574	-0.00359226	-1.86568
17	10	0.435897	0.25641	-0.0712355	-0.00113119	2.5816
17	11	0.435897	0.282051	-0.164546	0.0505769	-1.40438
17	12	0.435897	0.307692	-0.0689199	-0.0440662	0.995741
17	13	0.435897	0.333333	-0.176821	0.0892639	1.18097
17	14	0.435897	0.358974	-0.108577	-0.0453527	-2.10925
17	15	0.435897	0.384615	-0.138391	0.0698514	4.13372
17	16	0.435897	0.410256	-0.193794	0.020926	-4.1487
17	17	0.435897	0.435897	-0.0679269	-0.00488463	4.57962
17	18	0.435897	0.461538	-0.277062	0.119585	-2.5731
17	19	0.435897	0.487179	-0.0221086	-0.074732	1.0565
17	20	0.435897	0.512821	-0.277295	0.168541	2.43628
17	21	0.435897	0.538462	-0.0737628	-0.0580224	-4.43816
17	22	0.435897	0.564103	-0.147577	0.10854	7.09882
17	23	0.435897	0.589744	-0.247818	0.0713597	-7.07098
17	24	0.435897	0.615385	0.0640533	-0.0287439	6.63375
17	25	0.435897	0.641026	-0.435634	0.221192	-3.18777
17	26	0.435897	0.666667	0.224046	-0.122487	-0.0414024
17	27	0.435897	0.692308	-0.414634	0.233698	5.03898
17	28	0.435897	0.717949	0.173519	-0.0475457	-7.65472
17	29	0.435897	0.74359	-0.0713761	0.0590415	9.71201
17	30	0.435897	0.769231	-0.16826	0.175515	-7.99198
17	31	0.435897	0.794872	0.400372	-0.139746	4.84576
17	32	0.435897	0.820513	-0.591626	0.309036	0.975217
17	33	0.435897	0.846154	0.715089	-0.154857	-5.56963
17	34	0.435897	0.871795	-0.609795	0.154822	10.4257
17	35	0.435897	0.897436	0.819186	0.0312336	-10.7297
17	36	0.435897	0.923077	-0.021139	-0.132876	9.60702
17	37	0.435897	0.948718	0.827778	0.172599	-5.47629
17	38	0.435897	0.974359	0.733729	-0.141708	1.54592
17	39	0.435897	1	1	0	0
18	0	0.461538	0	0	0	0.167369
18	1	0.461538	0.025641	-0.0139093	-0.010756	0.167369
18	2	0.461538	0.0512821	-0.0243749	0.0136899	0.652882
18	3	0.461538	0.0769231	-0.0442024	-0.0106197	-0.492265
18	4	0.461538	0.102564	-0.0410495	-0.00205789	1.13322
18	5	0.461538	0.128205	-0.0747466	0.0170789	-0.454819
18	6	0.461538	0.153846	-0.0567324	-0.0314061	0.41611
18	7	0.461538	0.179487	-0.0959579	0.0413768	0.92629
18	8	0.461538	0.205128	-0.0830016	-0.0372288	-1.3534
18	9	0.461538	0.230769	-0.100112	0.0288365	2.66346
18	10	0.461538	0.25641	-0.123273	0.00123579	-2.53418
18	11	0.461538	0.282051	-0.0913742	-0.0212866	2.85096
18	12	0.461538	0.307692	-0.163153	0.062588	-1.41798
18	13	0.461538	0.333333	-0.0905025	-0.069218	0.463229
18	14	0.461538	0.358974	-0.177126	0.0951861	1.95402
18	15	0.461538	0.384615	-0.124309	-0.0624102	-3.2808
18	16	0.461538	0.410256	-0.148181	0.0593829	5.26087
18	17	0.461538	0.435897	-0.195507	0.017702	-5.32713
18	18	0.461538	0.461538	-0.0885655	-0.0336884	5.35917
18	19	0.461538	0.487179	-0.259648	0.127108	-3.06536
18	20	0.461538	0.512821	-0.0512967	-0.116542	0.876416
18	21	0.461538	0.538462	-0.246237	0.180901	3.07766
18	22	0.461538	0.564103	-0.107822	-0.104228	-5.90467
18	23	0.461538	0.589744	-0.119548	0.118583	9.01132
18	24	0.461538	0.615385	-0.267664	0.0307619	-9.76865
18	25	0.461538	0.641026	0.0732013	-0.0362405	9.54129
18	26	0.461538	0.666667	-0.395965	0.203666	-6.44761
18	27	0.461538	0.692308	0.200854	-0.170925	2.73473
18	28	0.461538	0.717949	-0.286139	0.267731	2.84355
18	29	0.461538	0.74359	0.0877645	-0.149642	-7.27089
18	30	0.461538	0.769231	0.0896357	0.16141	11.0974
18	31	0.461538	0.794872	-0.305305	0.0362624	-12.5875
18	32	0.461538	0.820513	0.508951	-0.0170718	11.8689
18	33	0.461538	0.846154	-0.619241	0.193046	-9.34374
18	34	0.461538	0.871795	0.78402	-0.116603	5.89805
18	35	0.461538	0.897436	-0.368463	0.149901	-2.4424
18	36	0.461538	0.923077	0.867293	-0.0663589	0.158704
18	37	0.461538	0.948718	0.372191	0.00439625	0.477146
18	38	0.461538	0.974359	0.894194	-0.00141139	-0.569627
18	39	0.461538	1	1	0	0
19	0	0.487179	0	0	0	0.253316
19	1	0.487179	0.025641	-0.0142443	0.0100087	0.253316
19	2	0.487179	0.0512821	-0.0254283	-0.0164198	-0.227468
19	3	0.487179	0.0769231	-0.0403463	0.011142	0.959445
19	4	0.487179	0.102564	-0.0523086	-0.00390528	-0.809716
19	5	0.487179	0.128205	-0.0565916	-0.0150853	1.09427
19	6	0.487179	0.153846	-0.0838696	0.0264716	-0.266623
19	7	0.487179	0.179487	-0.0667536	-0.0424385	-0.13812
19	8	0.487179	0.205128	-0.111366	0.0398554	1.47947
19	9	0.487179	0.230769	-0.0850656	-0.0364589	-2.00747
19	10	0.487179	0.25641	-0.121244	0.0117046	2.99927
19	11	0.487179	0.282051	-0.120993	0.0110946	-2.67429
19	12	0.487179	0.307692	-0.111053	-0.0460965	2.47805
19	13	0.487179	0.333333	-0.165166	0.0688979	-0.798424
19	14	0.487179	0.358974	-0.100889	-0.0881279	-0.573913
19	15	0.487179	0.384615	-0.190932	0.0860821	2.98774
19	16	0.487179	0.410256	-0.121167	-0.067354	-4.40088
19	17	0.487179	0.435897	-0.172733	0.0314035	6.01385
19	18	0.487179	0.461538	-0.179053	0.0243812	-5.80502
19	19	0.487179	0.487179	-0.115147	-0.0754121	5.19469
19	20	0.487179	0.512821	-0.237367	0.137283	-2.43266
19	21	0.487179	0.538462	-0.0708967	-0.161901	-0.510162
19	22	0.487179	0.564103	-0.233614	0.184982	4.87827
19	23	0.487179	0.589744	-0.109126	-0.141245	-8.35231
19	24	0.487179	0.615385	-0.130049	0.102522	11.5689
19	25	0.487179	0.641026	-0.226145	0.016542	-12.4966
19	26	0.487179	0.666667	0.039517	-0.0927358	11.7481
19	27	0.487179	0.692308	-0.289538	0.229603	-7.88978
19	28	0.487179	0.717949	0.145476	-0.278263	2.60653
19	29	0.487179	0.74359	-0.152329	0.336518	4.698
19	30	0.487179	0.769231	0.0167281	-0.282986	-11.742
19	31	0.487179	0.794872	0.154514	0.232542	17.4259
19	32	0.487179	0.820513	-0.295676	-0.0663909	-21.4561
19	33	0.487179	0.846154	0.48469	-0.0213369	21.3605
19	34	0.487179	0.871795	-0.369416	0.180643	-19.5043
19	35	0.487179	0.897436	0.735349	-0.231496	14.3879
19	36	0.487179	0.923077	0.0882757	0.23189	-9.23862
19	37	0.487179	0.948718	0.838132	-0.20941	3.83376
19	38	0.487179	0.974359	0.753547	0.0700796	-1.16616
19	39	0.487179	1	1	0	0
20	0	0.512821	0	0	0	0.0614431
20	1	0.512821	0.025641	-0.0123593	-0.00944755	0.0614431
20	2	0.512821	0.0512821	-0.0312238	0.0123935	0.457186
20	3	0.512821	0.0769231	-0.0323661	-0.0147758	-0.558439
20	4	0.512821	0.102564	-0.0575609	0.00203664	1.03601
20	5	0.512821	0.128205	-0.0598534	0.00337083	-0.807154
20	6	0.512821	0.153846	-0.0671787	-0.0261236	0.749585
20	7	0.512821	0.179487	-0.0984805	0.0268571	0.0993024
20	8	0.512821	0.205128	-0.0678349	-0.0449561	-0.665233
20	9	0.512821	0.230769	-0.132727	0.0266142	1.7684
20	10	0.512821	0.25641	-0.0814566	-0.0302133	-2.18969
20	11	0.512821	0.282051	-0.14087	-0.0101375	2.74262
20	12	0.512821	0.307692	-0.122395	0.0158022	-2.22339
20	13	0.512821	0.333333	-0.119448	-0.0645336	1.63721
20	14	0.512821	0.358974	-0.179505	0.0605942	0.0427027
20	15	0.512821	0.384615	-0.0950724	-0.0945141	-1.52614
20	16	0.512821	0.410256	-0.217026	0.0607306	3.61163
20	17	0.512821	0.435897	-0.105021	-0.0630232	-4.8098
20	18	0.512821	0.461538	-0.199148	-0.00621979	5.84941
20	19	0.512821	0.487179	-0.16166	0.0309637	-5.25367
20	20	0.512821	0.512821	-0.128352	-0.115323	4.00624
20	21	0.512821	0.538462	-0.232821	0.136541	-0.930332
20	22	0.512821	0.564103	-0.0612658	-0.19258	-2.50997
20	23	0.512821	0.589744	-0.254298	0.166105	6.8911
20	24	0.512821	0.615385	-0.0656917	-0.151351	-10.4374
20	25	0.512821	0.641026	-0.172636	0.050964	13.1531
20	26	0.512821	0.666667	-0.13826	0.0372671	-13.3692
20	27	0.512821	0.692308	-0.00458376	-0.185971	11.3619
20	28	0.512821	0.717949	-0.181504	0.279015	-5.97292
20	29	0.512821	0.74359	0.120988	-0.390277	-1.29047
20	30	0.512821	0.769231	-0.10792	0.377259	10.0883
20	31	0.512821	0.794872	0.0605445	-0.355529	-18.819
20	32	0.512821	0.820513	0.0807917	0.201298	24.7326
20	33	0.512821	0.846154	-0.070408	-0.0562551	-28.4667
20	34	0.512821	0.871795	0.359389	-0.154766	26.823
20	35	0.512821	0.897436	0.0678413	0.254182	-22.4251
20	36	0.512821	0.923077	0.643211	-0.382765	14.7343
20	37	0.512821	0.948718	0.532344	0.26632	-7.57062
20	38	0.512821	0.974359	0.863443	-0.21475	1.43093
20	39	0.512821	1	1	0	0
21	0	0.538462	0	0	0	0.0854473
21	1	0.538462	0.025641	-0.0152798	0.00492399	0.0854473
21	2	0.538462	0.0512821	-0.0199474	-0.0115258	-0.163228
21	3	0.538462	0.0769231	-0.0496944	0.00754947	0.518896
21	4	0.538462	0.102564	-0.0379699	-0.0109522	-0.631295
21	5	0.538462	0.128205	-0.0704166	-0.00672304	0.831764
21	6	0.538462	0.153846	-0.0718056	0.00340635	-0.612307
21	7	0.538462	0.179487	-0.0694914	-0.0298372	0.383629
21	8	0.538462	0.205128	-0.118228	0.016319	0.269884
21	9	0.538462	0.230769	-0.0638998	-0.0419806	-0.799973
21	10	0.538462	0.25641	-0.1522	0.00837901	1.53955
21	11	0.538462	0.282051	-0.0815537	-0.0283291	-1.84241
21	12	0.538462	0.307692	-0.149263	-0.0264818	2.06262
21	13	0.538462	0.333333	-0.134989	0.00680343	-1.57589
21	14	0.538462	0.358974	-0.113197	-0.0713749	0.883623
21	15	0.538462	0.384615	-0.204257	0.0371668	0.486608
21	16	0.538462	0.410256	-0.0799045	-0.0927706	-1.81092
21	17	0.538462	0.435897	-0.242655	0.0275131	3.38749
21	18	0.538462	0.461538	-0.0910782	-0.0607888	-4.3034
21	19	0.538462	0.487179	-0.210272	-0.03982	4.82237
21	20	0.538462	0.512821	-0.160822	0.0248268	-4.0464
21	21	0.538462	0.538462	-0.115189	-0.139182	2.44754
21	22	0.538462	0.564103	-0.255535	0.114822	0.515195
21	23	0.538462	0.589744	-0.0201437	-0.198268	-3.95031
21	24	0.538462	0.615385	-0.298383	0.121125	7.80366
21	25	0.538462	0.641026	0.00478096	-0.133995	-10.775
21	26	0.538462	0.666667	-0.213676	-0.0215303	12.4657
21	27	0.538462	0.692308	-0.0547202	0.0734878	-11.5228
21	28	0.538462	0.717949	-0.00772058	-0.268012	8.07084
21	29	0.538462	0.74359	-0.146667	0.305149	-1.60339
21	30	0.538462	0.769231	0.186231	-0.428146	-6.72404
21	31	0.538462	0.794872	-0.189818	0.339875	15.3627
21	32	0.538462	0.820513	0.246441	-0.306819	-23.223
21	33	0.538462	0.846154	-0.0809186	0.0712204	27.3987
21	34	0.538462	0.871795	0.280503	0.0451357	-27.9466
21	35	0.538462	0.897436	0.237701	-0.313592	23.805
21	36	0.538462	0.923077	0.480235	0.300588	-16.7107
21	37	0.538462	0.948718	0.639363	-0.394718	8.14415
21	38	0.538462	0.974359	0.82062	0.14867	-2.55549
21	39	0.538462	1	1	0	0
22	0	0.564103	0	0	0	-0.0124394
22	1	0.564103	0.025641	-0.0111955	-0.00279103	-0.0124394
22	2	0.564103	0.0512821	-0.0328936	0.00246376	0.0560801
22	3	0.564103	0.0769231	-0.0250924	-0.0102248	-0.203518
22	4	0.564103	0.102564	-0.0646689	0.00157025	0.342744
22	5	0.564103	0.128205	-0.0468504	-0.0125362	-0.516256
22	6	0.564103	0.153846	-0.075452	-0.00964035	0.573592
22	7	0.564103	0.179487	-0.0883246	-0.00634945	-0.550713
22	8	0.564103	0.205128	-0.0667686	-0.0284718	0.329701
22	9	0.564103	0.230769	-0.136291	0.000712849	0.00580418
22	10	0.564103	0.25641	-0.063221	-0.0426696	-0.478837
22	11	0.564103	0.282051	-0.160966	-0.00543622	0.943648
22	12	0.564103	0.307692	-0.0916857	-0.0389772	-1.32667
22	13	0.564103	0.333333	-0.143904	-0.0327887	1.46977
22	14	0.564103	0.358974	-0.156514	-0.016049	-1.29558
22	15	0.564103	0.384615	-0.0996092	-0.0716732	0.732982
22	16	0.564103	0.410256	-0.227428	0.00706781	0.174882
22	17	0.564103	0.435897	-0.0689715	-0.0947231	-1.30398
22	18	0.564103	0.461538	-0.252605	-0.00120316	2.45405
22	19	0.564103	0.487179	-0.0925064	-0.0723997	-3.30769
22	20	0.564103	0.512821	-0.197357	-0.0588592	3.59715
22	21	0.564103	0.538462	-0.181512	-0.00101264	-3.04487
22	22	0.564103	0.564103	-0.0795507	-0.142764	1.5202
22	23	0.564103	0.589744	-0.294003	0.0724908	0.869065
22	24	0.564103	0.615385	0.0330757	-0.184999	-3.84433
22	25	0.564103	0.641026	-0.334426	0.0634938	6.79955
22	26	0.564103	0.666667	0.0638247	-0.11024	-8.97729
22	27	0.564103	0.692308	-0.210618	-0.0788663	9.60311
22	28	0.564103	0.717949	-0.0280389	0.0865888	-8.0228
22	29	0.564103	0.74359	0.0629628	-0.28193	3.91667
22	30	0.564103	0.769231	-0.211902	0.267628	2.05835
22	31	0.564103	0.794872	0.335726	-0.354878	-9.42283
22	32	0.564103	0.820513	-0.342029	0.224166	15.9759
22	33	0.564103	0.846154	0.490655	-0.175361	-20.7359
22	34	0.564103	0.871795	-0.200542	-0.0787331	22.0989
22	35	0.564103	0.897436	0.588615	0.127852	-19.596
22	36	0.564103	0.923077	0.258682	-0.353827	13.896
22	37	0.564103	0.948718	0.734928	0.225655	-7.57841
22	38	0.564103	0.974359	0.786762	-0.231745	1.40382
22	39	0.564103	1	1	0	0
23	0	0.589744	0	0	0	-0.0962653
23	1	0.589744	0.025641	-0.0142575	-0.00294777	-0.0962653
23	2	0.589744	0.0512821	-0.0182464	-0.00137478	0.0054951
23	3	0.589744	0.0769231	-0.0482968	-0.00219186	-0.163968
23	4	0.589744	0.102564	-0.0321227	-0.0127752	-0.0729113
23	5	0.589744	0.128205	-0.0724433	0.000105216	0.0972271
23	6	0.589744	0.153846	-0.0597392	-0.0226916	-0.489503
23	7	0.589744	0.179487	-0.0750603	-0.00803869	0.562484
23	8	0.589744	0.205128	-0.103704	-0.0209487	-0.850531
23	9	0.589744	0.230769	-0.0663313	-0.030241	0.66216
23	10	0.589744	0.25641	-0.144732	-0.011225	-0.568604
23	11	0.589744	0.282051	-0.0712848	-0.0546833	-0.0209015
23	12	0.589744	0.307692	-0.156812	-0.0106073	0.441425
23	13	0.589744	0.333333	-0.109476	-0.0620546	-1.15113
23	14	0.589744	0.358974	-0.132021	-0.034057	1.42075
23	15	0.589744	0.384615	-0.176054	-0.0443074	-1.68117
23	16	0.589744	0.410256	-0.0910588	-0.0768066	1.25808
23	17	0.589744	0.435897	-0.235685	-0.0182898	-0.707167
23	18	0.589744	0.461538	-0.0722374	-0.110823	-0.444385
23	19	0.589744	0.487179	-0.240739	-0.0175004	1.45595
23	20	0.589744	0.512821	-0.110724	-0.102114	-2.601
23	21	0.589744	0.538462	-0.167432	-0.0630616	3.01702
23	22	0.589744	0.564103	-0.211666	-0.0432553	-3.04553
23	23	0.589744	0.589744	-0.0411293	-0.135612	1.90126
23	24	0.589744	0.615385	-0.320837	0.0221067	-0.313834
23	25	0.589744	0.641026	0.0691012	-0.173662	-2.12807
23	26	0.589744	0.666667	-0.328029	0.0190905	4.26456
23	27	0.589744	0.692308	0.0780701	-0.111666	-6.12962
23	28	0.589744	0.717949	-0.144633	-0.0847206	6.37541
23	29	0.589744	0.74359	-0.0725783	0.0448763	-5.4456
23	30	0.589744	0.769231	0.184003	-0.211385	2.19659
23	31	0.589744	0.794872	-0.324792	0.163702	1.5983
23	32	0.589744	0.820513	0.492053	-0.222089	-6.42332
23	33	0.589744	0.846154	-0.430661	0.0877554	9.88522
23	34	0.589744	0.871795	0.673717	-0.0727691	-11.9
23	35	0.589744	0.897436	-0.135412	-0.139681	11.0718
23	36	0.589744	0.923077	0.755164	0.0990642	-8.65727
23	37	0.589744	0.948718	0.46947	-0.231547	4.05972
23	38	0.589744	0.974359	0.868308	0.0508968	-1.69177
23	39	0.589744	1	1	0	0
24	0	0.615385	0	0	0	-0.0942902
24	1	0.615385	0.025641	-0.0107142	0.00380574	-0.0942902
24	2	0.615385	0.0512821	-0.0281284	-0.00851365	-0.338717
24	3	0.615385	0.0769231	-0.0254676	-0.00271124	0.180733
24	4	0.615385	0.102564	-0.0575036	-0.0032514	-0.463319
24	5	0.615385	0.128205	-0.0424012	-0.0229027	0.00157025
24	6	0.615385	0.153846	-0.074455	0.00279981	0.0515787
24	7	0.615385	0.179487	-0.0720631	-0.0374016	-0.769873
24	8	0.615385	0.205128	-0.0756603	-0.00907621	0.88582
24	9	0.615385	0.230769	-0.110906	-0.0322521	-1.41847
24	10	0.615385	0.25641	-0.0731662	-0.0422455	1.10697
24	11	0.615385	0.282051	-0.141387	-0.0153347	-1.04353
24	12	0.615385	0.307692	-0.0858297	-0.0777947	0.117361
24	13	0.615385	0.333333	-0.146419	-0.011696	0.438697
24	14	0.615385	0.358974	-0.125162	-0.0892045	-1.57122
24	15	0.615385	0.384615	-0.124986	-0.0407466	1.95519
24	16	0.615385	0.410256	-0.1821	-0.0671943	-2.52713
24	17	0.615385	0.435897	-0.0954334	-0.0957081	2.02768
24	18	0.615385	0.461538	-0.224581	-0.0326194	-1.55137
24	19	0.615385	0.487179	-0.0886658	-0.142915	0.0727205
24	20	0.615385	0.512821	-0.215208	-0.0232482	1.09876
24	21	0.615385	0.538462	-0.13372	-0.143953	-2.79066
24	22	0.615385	0.564103	-0.139261	-0.0628774	3.52304
24	23	0.615385	0.589744	-0.228662	-0.0891804	-4.22945
24	24	0.615385	0.615385	-0.0225688	-0.135942	3.43834
24	25	0.615385	0.641026	-0.309938	-0.0167561	-2.47421
24	26	0.615385	0.666667	0.0686361	-0.187716	0.156831
24	27	0.615385	0.692308	-0.268756	0.0104551	1.77544
24	28	0.615385	0.717949	0.0446793	-0.158587	-4.26377
24	29	0.615385	0.74359	-0.0449217	-0.0350153	5.24041
24	30	0.615385	0.769231	-0.143561	-0.0494056	-6.19187
24	31	0.615385	0.794872	0.284489	-0.107393	4.85805
24	32	0.615385	0.820513	-0.370067	0.0413465	-3.91795
24	33	0.615385	0.846154	0.572568	-0.132077	1.23582
24	34	0.615385	0.871795	-0.327021	0.015968	-0.0922053
24	35	0.615385	0.897436	0.737493	-0.0807948	-1.70623
24	36	0.615385	0.923077	0.141398	-0.0731815	1.03939
24	37	0.615385	0.948718	0.807754	-0.0220859	-1.40283
24	38	0.615385	0.974359	0.759407	-0.0855635	-0.34262
24	39	0.615385	1	1	0	0
25	0	0.641026	0	0	0	-0.254633
25	1	0.641026	0.025641	-0.0115178	-0.00810639	-0.254633
25	2	0.641026	0.0512821	-0.0195833	0.0059622	0.0648771
25	3	0.641026	0.0769231	-0.0371571	-0.0110958	-0.680012
25	4	0.641026	0.102564	-0.0349072	-0.0110058	0.333291
25	5	0.641026	0.128205	-0.0609664	-0.000115137	-0.603069
25	6	0.641026	0.153846	-0.0524823	-0.0375527	-0.191017
25	7	0.641026	0.179487	-0.0761805	0.00354493	0.30785
25	8	0.641026	0.205128	-0.077678	-0.0491104	-1.29788
25	9	0.641026	0.230769	-0.0819601	-0.019363	1.31514
25	10	0.641026	0.25641	-0.107741	-0.036027	-1.89469
25	11	0.641026	0.282051	-0.0853708	-0.06434	1.25519
25	12	0.641026	0.307692	-0.132077	-0.0156086	-1.05475
25	13	0.641026	0.333333	-0.0981997	-0.103947	-0.289976
25	14	0.641026	0.358974	-0.14014	-0.0182169	0.956367
25	15	0.641026	0.384615	-0.128896	-0.110181	-2.37955
25	16	0.641026	0.410256	-0.129464	-0.0604699	2.66027
25	17	0.641026	0.435897	-0.171411	-0.0794921	-3.26844
25	18	0.641026	0.461538	-0.110303	-0.128449	2.42085
25	19	0.641026	0.487179	-0.202248	-0.0389714	-1.7647
25	20	0.641026	0.512821	-0.106619	-0.18313	-0.219131
25	21	0.641026	0.538462	-0.193042	-0.028626	1.65145
25	22	0.641026	0.564103	-0.143349	-0.184903	-3.88544
25	23	0.641026	0.589744	-0.130635	-0.0729045	4.82554
25	24	0.641026	0.615385	-0.214226	-0.123066	-5.96284
25	25	0.641026	0.641026	-0.0339725	-0.15926	5.16456
25	26	0.641026	0.666667	-0.257122	-0.0296666	-4.2734
25	27	0.641026	0.692308	0.0373807	-0.236415	1.42981
25	28	0.641026	0.717949	-0.185165	0.0365248	1.10904
25	29	0.641026	0.74359	0.000988618	-0.24026	-4.99212
25	30	0.641026	0.769231	0.0263445	0.0292624	7.34694
25	31	0.641026	0.794872	-0.155161	-0.150163	-10.4416
25	32	0.641026	0.820513	0.303989	-0.0503889	10.6207
25	33	0.641026	0.846154	-0.250261	-0.0261924	-11.4816
25	34	0.641026	0.871795	0.552796	-0.146995	9.04705
25	35	0.641026	0.897436	-0.025617	0.0453604	-7.85651
25	36	0.641026	0.923077	0.713868	-0.176883	4.19145
25	37	0.641026	0.948718	0.499197	0.0307926	-2.84149
25	38	0.641026	0.974359	0.860995	-0.11447	0.00716377
25	39	0.641026	1	1	0	0
26	0	0.666667	0	0	0	-0.213394
26	1	0.666667	0.025641	-0.0102461	0.00593341	-0.213394
26	2	0.666667	0.0512821	-0.0196981	-0.0133882	-0.555095
26	3	0.666667	0.0769231	-0.0295154	0.00146671	0.249707
26	4	0.666667	0.102564	-0.0408297	-0.00912665	-0.910639
26	5	0.666667	0.128205	-0.0442373	-0.0242039	0.258997
26	6	0.666667	0.153846	-0.0631631	0.00212398	-0.464621
26	7	0.666667	0.179487	-0.0570745	-0.0497894	-0.62705
26	8	0.666667	0.205128	-0.0821012	-0.00390281	0.683793
26	9	0.666667	0.230769	-0.0743728	-0.0534354	-1.7628
26	10	0.666667	0.25641	-0.0926102	-0.0390744	1.48455
26	11	0.666667	0.282051	-0.0990627	-0.0356407	-1.94743
26	12	0.666667	0.307692	-0.0953391	-0.0890332	0.898789
26	13	0.666667	0.333333	-0.126026	-0.0207828	-0.586348
26	14	0.666667	0.358974	-0.0999301	-0.123455	-1.04731
26	15	0.666667	0.384615	-0.143883	-0.0369051	1.60705
26	16	0.666667	0.410256	-0.118348	-0.120528	-3.05524
26	17	0.666667	0.435897	-0.142497	-0.092308	2.97766
26	18	0.666667	0.461538	-0.151588	-0.0850347	-3.39807
26	19	0.666667	0.487179	-0.1246	-0.166307	2.07143
26	20	0.666667	0.512821	-0.18359	-0.0471365	-1.19495
26	21	0.666667	0.538462	-0.111532	-0.218792	-1.22497
26	22	0.666667	0.564103	-0.188335	-0.0451951	2.74753
26	23	0.666667	0.589744	-0.127772	-0.212379	-5.24325
26	24	0.666667	0.615385	-0.146183	-0.102513	6.04897
26	25	0.666667	0.641026	-0.168989	-0.136118	-7.13881
26	26	0.666667	0.666667	-0.0647165	-0.207055	5.86459
26	27	0.666667	0.692308	-0.187899	-0.0200873	-4.46832
26	28	0.666667	0.717949	0.00691525	-0.303489	0.650496
26	29	0.666667	0.74359	-0.12832	0.0671803	2.82669
26	30	0.666667	0.769231	0.00526368	-0.313074	-8.07242
26	31	0.666667	0.794872	0.0230301	0.0516113	11.3314
26	32	0.666667	0.820513	-0.0459589	-0.195009	-15.4061
26	33	0.666667	0.846154	0.239489	-0.0818832	15.6206
26	34	0.666667	0.871795	0.0215836	-0.00566366	-15.9993
26	35	0.666667	0.897436	0.479324	-0.237281	12.2159
26	36	0.666667	0.923077	0.339321	0.1137	-9.22558
26	37	0.666667	0.948718	0.706138	-0.242169	3.8862
26	38	0.666667	0.974359	0.79021	0.033669	-1.78898
26	39	0.666667	1	1	0	0
27	0	0.692308	0	0	0	-0.375965
27	1	0.692308	0.025641	-0.00821911	-0.00780888	-0.375965
27	2	0.692308	0.0512821	-0.0205693	0.00603595	-0.0870599
27	3	0.692308	0.0769231	-0.0230531	-0.0138462	-0.810481
27	4	0.692308	0.102564	-0.0392682	-0.00858655	0.261956
27	5	0.692308	0.128205	-0.0426241	-0.00668203	-0.894183
27	6	0.692308	0.153846	-0.0489732	-0.03605	-0.0559351
27	7	0.692308	0.179487	-0.0682924	-0.00249319	-0.182125
27	8	0.692308	0.205128	-0.0539538	-0.0550348	-1.04562
27	9	0.692308	0.230769	-0.0915011	-0.0202419	0.854287
27	10	0.692308	0.25641	-0.0660733	-0.0530206	-1.85889
27	11	0.692308	0.282051	-0.101037	-0.0615173	1.19496
27	12	0.692308	0.307692	-0.0929026	-0.0391595	-1.55317
27	13	0.692308	0.333333	-0.0956864	-0.107244	0.210514
27	14	0.692308	0.358974	-0.128547	-0.0371307	0.00699304
27	15	0.692308	0.384615	-0.0893403	-0.132341	-1.67799
27	16	0.692308	0.410256	-0.154736	-0.0665159	1.88499
27	17	0.692308	0.435897	-0.100467	-0.124556	-3.15354
27	18	0.692308	0.461538	-0.153764	-0.127495	2.60957
27	19	0.692308	0.487179	-0.135382	-0.0933854	-2.83482
27	20	0.692308	0.512821	-0.126327	-0.197522	1.13086
27	21	0.692308	0.538462	-0.179734	-0.0666532	-0.239939
27	22	0.692308	0.564103	-0.0961848	-0.240216	-2.32951
27	23	0.692308	0.589744	-0.202605	-0.0783592	3.60902
27	24	0.692308	0.615385	-0.0909578	-0.222244	-5.96204
27	25	0.692308	0.641026	-0.173346	-0.149004	6.27233
27	26	0.692308	0.666667	-0.11483	-0.134086	-6.916
27	27	0.692308	0.692308	-0.0878144	-0.262256	4.91048
27	28	0.692308	0.717949	-0.141605	-0.0107834	-2.8906
27	29	0.692308	0.74359	0.0155059	-0.352114	-1.73291
27	30	0.692308	0.769231	-0.132388	0.0638097	5.60563
27	31	0.692308	0.794872	0.0892679	-0.329402	-11.1542
27	32	0.692308	0.820513	-0.0468209	0.00563553	14.0509
27	33	0.692308	0.846154	0.159587	-0.161032	-17.1712
27	34	0.692308	0.871795	0.151547	-0.172092	16.0928
27	35	0.692308	0.897436	0.326503	0.0558677	-14.5216
27	36	0.692308	0.923077	0.452003	-0.300409	9.33483
27	37	0.692308	0.948718	0.626929	0.120849	-5.52845
27	38	0.692308	0.974359	0.805922	-0.190917	0.679199
27	39	0.692308	1	1	0	0
28	0	0.717949	0	0	0	-0.369506
28	1	0.717949	0.025641	-0.00897856	0.0031185	-0.369506
28	2	0.717949	0.0512821	-0.0119256	-0.0104009	-0.575953
28	3	0.717949	0.0769231	-0.0307553	-7.05046e-05	-0.060825
28	4	0.717949	0.102564	-0.0241264	-0.012422	-0.868374
28	5	0.717949	0.128205	-0.0451201	-0.0187058	0.0504162
28	6	0.717949	0.153846	-0.0463922	-0.00941238	-0.714547
28	7	0.717949	0.179487	-0.0468693	-0.0417715	-0.40261
28	8	0.717949	0.205128	-0.0762394	-0.0153016	-0.0390393
28	9	0.717949	0.230769	-0.0462191	-0.055068	-1.16509
28	10	0.717949	0.25641	-0.0988417	-0.0397436	0.624076
28	11	0.717949	0.282051	-0.0596897	-0.0552105	-1.54576
28	12	0.717949	0.307692	-0.100705	-0.0782375	0.587537
28	13	0.717949	0.333333	-0.0940224	-0.0526235	-1.02598
28	14	0.717949	0.358974	-0.085105	-0.115179	-0.379007
28	15	0.717949	0.384615	-0.137064	-0.0635084	0.265741
28	16	0.717949	0.410256	-0.0727695	-0.134978	-1.78232
28	17	0.717949	0.435897	-0.163294	-0.0986633	1.53636
28	18	0.717949	0.461538	-0.0861221	-0.131582	-2.62954
28	19	0.717949	0.487179	-0.153029	-0.155326	1.7317
28	20	0.717949	0.512821	-0.131531	-0.112777	-1.97641
28	21	0.717949	0.538462	-0.111149	-0.214793	0.172553
28	22	0.717949	0.564103	-0.190478	-0.100472	0.416429
28	23	0.717949	0.589744	-0.0664888	-0.246846	-2.79717
28	24	0.717949	0.615385	-0.223289	-0.123435	3.54572
28	25	0.717949	0.641026	-0.0513893	-0.222382	-5.4885
28	26	0.717949	0.666667	-0.189219	-0.197163	5.16488
28	27	0.717949	0.692308	-0.0806499	-0.135494	-5.36729
28	28	0.717949	0.717949	-0.0777433	-0.297166	2.8444
28	29	0.717949	0.74359	-0.141704	-0.0288296	-0.733769
28	30	0.717949	0.769231	0.0755667	-0.350757	-3.8365
28	31	0.717949	0.794872	-0.184965	0.00926874	7.01782
28	32	0.717949	0.820513	0.223872	-0.28077	-11.4093
28	33	0.717949	0.846154	-0.118591	-0.0838023	12.814
28	34	0.717949	0.871795	0.368535	-0.0917538	-13.9304
28	35	0.717949	0.897436	0.137325	-0.238767	11.3443
28	36	0.717949	0.923077	0.551707	0.075713	-8.72419
28	37	0.717949	0.948718	0.551156	-0.251663	3.74205
28	38	0.717949	0.974359	0.818908	0.028485	-1.70652
28	39	0.717949	1	1	0	0
29	0	0.74359	0	0	0	-0.475516
29	1	0.74359	0.025641	-0.00550306	-0.00349564	-0.475516
29	2	0.74359	0.0512821	-0.0183515	0.000355878	-0.389852
29	3	0.74359	0.0769231	-0.0129076	-0.0101674	-0.643413
29	4	0.74359	0.102564	-0.0377773	-0.0076583	-0.221244
29	5	0.74359	0.128205	-0.0264154	-0.0143356	-0.762201
29	6	0.74359	0.153846	-0.0447906	-0.0239912	-0.230096
29	7	0.74359	0.179487	-0.0525361	-0.0192851	-0.610282
29	8	0.74359	0.205128	-0.0402743	-0.0421742	-0.525898
29	9	0.74359	0.230769	-0.0824837	-0.0316401	-0.227338
29	10	0.74359	0.25641	-0.0398039	-0.0563454	-0.92424
29	11	0.74359	0.282051	-0.0983205	-0.0546089	0.0971005
29	12	0.74359	0.307692	-0.0594883	-0.0658446	-1.09008
29	13	0.74359	0.333333	-0.0904279	-0.085386	0.0435622
29	14	0.74359	0.358974	-0.100287	-0.0752113	-0.781454
29	15	0.74359	0.384615	-0.0693475	-0.116814	-0.505453
29	16	0.74359	0.410256	-0.14323	-0.0920775	-0.0370712
29	17	0.74359	0.435897	-0.0596172	-0.140203	-1.32814
29	18	0.74359	0.461538	-0.160618	-0.123513	0.738774
29	19	0.74359	0.487179	-0.0822119	-0.148875	-1.86109
29	20	0.74359	0.512821	-0.137522	-0.170071	0.870482
29	21	0.74359	0.538462	-0.138894	-0.144512	-1.42364
29	22	0.74359	0.564103	-0.0857686	-0.219746	-0.195787
29	23	0.74359	0.589744	-0.204285	-0.142772	0.254975
29	24	0.74359	0.615385	-0.0380411	-0.247757	-2.27132
29	25	0.74359	0.641026	-0.231337	-0.167316	2.43185
29	26	0.74359	0.666667	-0.0297453	-0.228355	-4.03377
29	27	0.74359	0.692308	-0.176188	-0.227389	3.30615
29	28	0.74359	0.717949	-0.081149	-0.159352	-3.526
29	29	0.74359	0.74359	-0.0324806	-0.293456	1.14996
29	30	0.74359	0.769231	-0.175188	-0.0847249	0.200197
29	31	0.74359	0.794872	0.157655	-0.302437	-3.69034
29	32	0.74359	0.820513	-0.228247	-0.0765454	5.31338
29	33	0.74359	0.846154	0.341481	-0.210007	-7.88183
29	34	0.74359	0.871795	-0.105987	-0.154348	7.62138
29	35	0.74359	0.897436	0.503401	-0.0559297	-7.52876
29	36	0.74359	0.923077	0.259265	-0.215052	4.61244
29	37	0.74359	0.948718	0.68508	0.0242272	-3.05412
29	38	0.74359	0.974359	0.757679	-0.137228	0.00715852
29	39	0.74359	1	1	0	0
30	0	0.769231	0	0	0	-0.538431
30	1	0.769231	0.025641	-0.00670153	-0.00161526	-0.538431
30	2	0.769231	0.0512821	-0.00755496	-0.00332537	-0.520757
30	3	0.769231	0.0769231	-0.0255848	-0.005005	-0.54578
30	4	0.769231	0.102564	-0.0143607	-0.0116361	-0.566049
30	5	0.769231	0.128205	-0.0393107	-0.0118463	-0.467118
30	6	0.769231	0.153846	-0.0307651	-0.0220634	-0.68247
30	7	0.769231	0.179487	-0.0399118	-0.0242704	-0.355591
30	8	0.769231	0.205128	-0.0575033	-0.0327492	-0.766586
30	9	0.769231	0.230769	-0.0342739	-0.0426543	-0.345387
30	10	0.769231	0.25641	-0.0819285	-0.0444293	-0.681822
30	11	0.769231	0.282051	-0.0385841	-0.0644151	-0.538593
30	12	0.769231	0.307692	-0.0887112	-0.0608134	-0.397877
30	13	0.769231	0.333333	-0.0637967	-0.0845246	-0.862907
30	14	0.769231	0.358974	-0.0753185	-0.0861858	-0.104252
30	15	0.769231	0.384615	-0.104464	-0.0997217	-1.03025
30	16	0.769231	0.410256	-0.056708	-0.120219	-0.135361
30	17	0.769231	0.435897	-0.139203	-0.113641	-0.737708
30	18	0.769231	0.461538	-0.0554824	-0.15447	-0.661472
30	19	0.769231	0.487179	-0.144687	-0.136125	-0.0299184
30	20	0.769231	0.512821	-0.0871191	-0.176589	-1.37919
30	21	0.769231	0.538462	-0.113914	-0.174254	0.538554
30	22	0.769231	0.564103	-0.147372	-0.181918	-1.57807
30	23	0.769231	0.589744	-0.0634205	-0.221498	0.255448
30	24	0.769231	0.615385	-0.205739	-0.181791	-0.722961
30	25	0.769231	0.641026	-0.0255687	-0.255784	-1.0335
30	26	0.769231	0.666667	-0.214387	-0.195863	0.846759
30	27	0.769231	0.692308	-0.0341784	-0.252827	-2.48133
30	28	0.769231	0.717949	-0.136909	-0.229849	1.8666
30	29	0.769231	0.74359	-0.104218	-0.210185	-2.70881
30	30	0.769231	0.769231	0.0209347	-0.259686	1.17367
30	31	0.769231	0.794872	-0.196813	-0.161004	-1.14234
30	32	0.769231	0.820513	0.213216	-0.245805	-0.885727
30	33	0.769231	0.846154	-0.195154	-0.146104	0.966614
30	34	0.769231	0.871795	0.394687	-0.172171	-2.37014
30	35	0.769231	0.897436	0.0325521	-0.154159	1.4786
30	36	0.769231	0.923077	0.563086	-0.0792235	-1.82837
30	37	0.769231	0.948718	0.486014	-0.119669	0.167605
30	38	0.769231	0.974359	0.805458	-0.0521496	-0.667101
30	39	0.769231	1	1	0	0
31	0	0.794872	0	0	0	-0.580999
31	1	0.794872	0.025641	-0.00383328	0.00108408	-0.580999
31	2	0.794872	0.0512821	-0.0128026	-0.00581269	-0.695066
31	3	0.794872	0.0769231	-0.00924247	-0.00383328	-0.449014
31	4	0.794872	0.102564	-0.0282893	-0.00818977	-0.786108
31	5	0.794872	0.128205	-0.017522	-0.0175913	-0.485845
31	6	0.794872	0.153846	-0.0362896	-0.0116001	-0.609696
31	7	0.794872	0.179487	-0.0345183	-0.0331366	-0.802004
31	8	0.794872	0.205128	-0.034778	-0.023791	-0.231984
31	9	0.794872	0.230769	-0.056908	-0.0435429	-1.15448
31	10	0.794872	0.25641	-0.0324524	-0.0483403	-0.0255626
31	11	0.794872	0.282051	-0.0732661	-0.0494929	-1.12794
31	12	0.794872	0.307692	-0.0413592	-0.0793421	-0.333043
31	13	0.794872	0.333333	-0.074407	-0.0606637	-0.559407
31	14	0.794872	0.358974	-0.0664758	-0.1048	-1.06364
31	15	0.794872	0.384615	-0.0627712	-0.0877487	0.185994
31	16	0.794872	0.410256	-0.0997592	-0.117499	-1.63295
31	17	0.794872	0.435897	-0.0519524	-0.131155	0.424252
31	18	0.794872	0.461538	-0.123342	-0.123537	-1.40793
31	19	0.794872	0.487179	-0.0585737	-0.177255	-0.254327
31	20	0.794872	0.512821	-0.121661	-0.139047	-0.327269
31	21	0.794872	0.538462	-0.0921715	-0.207519	-1.50992
31	22	0.794872	0.564103	-0.0935076	-0.176252	0.889557
31	23	0.794872	0.589744	-0.144763	-0.213958	-2.37299
31	24	0.794872	0.615385	-0.0548022	-0.230311	1.22049
31	25	0.794872	0.641026	-0.186261	-0.206549	-1.96822
31	26	0.794872	0.666667	-0.032751	-0.278651	0.161349
31	27	0.794872	0.692308	-0.176866	-0.203761	-0.278469
31	28	0.794872	0.717949	-0.053619	-0.295336	-1.80226
31	29	0.794872	0.74359	-0.0945517	-0.214059	1.76101
31	30	0.794872	0.769231	-0.1171	-0.27128	-3.52263
31	31	0.794872	0.794872	0.0471819	-0.226925	3.00492
31	32	0.794872	0.820513	-0.160613	-0.220545	-4.08885
31	33	0.794872	0.846154	0.215465	-0.221575	2.97995
31	34	0.794872	0.871795	-0.0639229	-0.159717	-3.44222
31	35	0.794872	0.897436	0.393186	-0.183101	1.98304
31	36	0.794872	0.923077	0.255848	-0.0923527	-2.1112
31	37	0.794872	0.948718	0.616949	-0.116611	0.54656
31	38	0.794872	0.974359	0.738918	-0.0505526	-0.842457
31	39	0.794872	1	1	0	0
32	0	0.820513	0	0	0	-0.693768
32	1	0.820513	0.025641	-0.00403566	-0.00453424	-0.693768
32	2	0.820513	0.0512821	-0.00643602	0.00242872	-0.533416
32	3	0.820513	0.0769231	-0.0156911	-0.00872519	-0.929125
32	4	0.820513	0.102564	-0.0121479	-0.00777951	-0.358354
32	5	0.820513	0.128205	-0.0267332	-0.00751809	-0.958622
32	6	0.820513	0.153846	-0.020542	-0.0265383	-0.558038
32	7	0.820513	0.179487	-0.0322167	-0.0100446	-0.548161
32	8	0.820513	0.205128	-0.0339951	-0.0422081	-1.1225
32	9	0.820513	0.230769	-0.0327147	-0.0271527	0.0237319
32	10	0.820513	0.25641	-0.0494078	-0.0474668	-1.55312
32	11	0.820513	0.282051	-0.0340874	-0.0597552	0.156082
32	12	0.820513	0.307692	-0.060138	-0.0482198	-1.29664
32	13	0.820513	0.333333	-0.0430151	-0.095565	-0.496603
32	14	0.820513	0.358974	-0.0619593	-0.0602288	-0.334463
32	15	0.820513	0.384615	-0.0617443	-0.118616	-1.58315
32	16	0.820513	0.410256	-0.0570274	-0.0952466	0.650696
32	17	0.820513	0.435897	-0.084815	-0.123939	-2.21255
32	18	0.820513	0.461538	-0.0533432	-0.148865	0.754208
32	19	0.820513	0.487179	-0.101112	-0.123893	-1.65896
32	20	0.820513	0.512821	-0.0614531	-0.201293	-0.385782
32	21	0.820513	0.538462	-0.101225	-0.139613	-0.0399755
32	22	0.820513	0.564103	-0.0877915	-0.231193	-2.16467
32	23	0.820513	0.589744	-0.0843916	-0.184157	1.62505
32	24	0.820513	0.615385	-0.12529	-0.23148	-3.31065
32	25	0.820513	0.641026	-0.060884	-0.250424	2.05552
32	26	0.820513	0.666667	-0.150761	-0.213917	-2.73457
32	27	0.820513	0.692308	-0.0493792	-0.312574	0.582285
32	28	0.820513	0.717949	-0.137714	-0.199401	-0.318995
32	29	0.820513	0.74359	-0.0647436	-0.339918	-2.34117
32	30	0.820513	0.769231	-0.0749869	-0.202974	2.91145
32	31	0.820513	0.794872	-0.0909808	-0.313744	-5.29246
32	32	0.820513	0.820513	0.0319503	-0.223062	5.31826
32	33	0.820513	0.846154	-0.0594091	-0.234358	-6.59802
32	34	0.820513	0.871795	0.181352	-0.236753	5.49835
32	35	0.820513	0.897436	0.121613	-0.121271	-5.30157
32	36	0.820513	0.923077	0.397341	-0.204469	3.17427
32	37	0.820513	0.948718	0.489569	-0.0285358	-2.21379
32	38	0.820513	0.974359	0.748332	-0.108756	0.125913
32	39	0.820513	1	1	0	0
33	0	0.846154	0	0	0	-0.709938
33	1	0.846154	0.025641	-0.00302809	0.00305172	-0.709938
33	2	0.846154	0.0512821	-0.00650734	-0.00782333	-0.889224
33	3	0.846154	0.0769231	-0.00973306	0.000940608	-0.451215
33	4	0.846154	0.102564	-0.0150164	-0.00818936	-1.12369
33	5	0.846154	0.128205	-0.0151064	-0.0144756	-0.383231
33	6	0.846154	0.153846	-0.0236252	-0.00511197	-0.962226
33	7	0.846154	0.179487	-0.0204083	-0.0341022	-0.807918
33	8	0.846154	0.205128	-0.0301209	-0.0111832	-0.357751
33	9	0.846154	0.230769	-0.0278921	-0.045232	-1.47415
33	10	0.846154	0.25641	-0.0334549	-0.0352843	0.181652
33	11	0.846154	0.282051	-0.0379444	-0.0450971	-1.72752
33	12	0.846154	0.307692	-0.0350054	-0.0723385	0.0229024
33	13	0.846154	0.333333	-0.0482579	-0.0456311	-1.12415
33	14	0.846154	0.358974	-0.0387014	-0.105783	-0.952333
33	15	0.846154	0.384615	-0.055227	-0.0641656	0.0592612
33	16	0.846154	0.410256	-0.0485385	-0.121421	-2.09772
33	17	0.846154	0.435897	-0.0565644	-0.108044	0.921828
33	18	0.846154	0.461538	-0.0644355	-0.12059	-2.42533
33	19	0.846154	0.487179	-0.0544607	-0.166517	0.607014
33	20	0.846154	0.512821	-0.0808343	-0.120963	-1.39539
33	21	0.846154	0.538462	-0.0565271	-0.216815	-0.971562
33	22	0.846154	0.564103	-0.0897922	-0.144248	0.561305
33	23	0.846154	0.589744	-0.0702445	-0.239675	-2.90857
33	24	0.846154	0.615385	-0.086157	-0.200014	2.19996
33	25	0.846154	0.641026	-0.0938456	-0.232434	-3.78962
33	26	0.846154	0.666667	-0.0723171	-0.276356	2.19998
33	27	0.846154	0.692308	-0.114322	-0.210724	-2.5887
33	28	0.846154	0.717949	-0.0583489	-0.342913	0.0350927
33	29	0.846154	0.74359	-0.115826	-0.198994	0.573496
33	30	0.846154	0.769231	-0.0500911	-0.364557	-3.50684
33	31	0.846154	0.794872	-0.0855811	-0.214589	4.26936
33	32	0.846154	0.820513	-0.0267683	-0.318337	-6.49938
33	33	0.846154	0.846154	-0.00537757	-0.249368	6.37236
33	34	0.846154	0.871795	0.0672781	-0.20646	-6.88617
33	35	0.846154	0.897436	0.16193	-0.258052	5.33071
33	36	0.846154	0.923077	0.298216	-0.0718091	-4.14978
33	37	0.846154	0.948718	0.476664	-0.178639	1.86339
33	38	0.846154	0.974359	0.713665	-0.0141863	-0.867435
33	39	0.846154	1	1	0	0
34	0	0.871795	0	0	0	-0.825696
34	1	0.871795	0.025641	-0.00211769	-0.00399787	-0.825696
34	2	0.871795	0.0512821	-0.00658438	0.00404891	-0.673173
34	3	0.871795	0.0769231	-0.00642194	-0.00799527	-1.07542
34	4	0.871795	0.102564	-0.0130601	-0.00320323	-0.44816
34	5	0.871795	0.128205	-0.0127185	-0.00551453	-1.18246
34	6	0.871795	0.153846	-0.0156895	-0.0205184	-0.56519
34	7	0.871795	0.179487	-0.0216336	-0.00435657	-0.83735
34	8	0.871795	0.205128	-0.0159085	-0.036569	-1.11222
34	9	0.871795	0.230769	-0.0301281	-0.0162521	-0.22199
34	10	0.871795	0.25641	-0.0185572	-0.0421333	-1.65775
34	11	0.871795	0.282051	-0.0336876	-0.0446564	0.0811286
34	12	0.871795	0.307692	-0.0274307	-0.040441	-1.60629
34	13	0.871795	0.333333	-0.0311753	-0.0796999	-0.378313
34	14	0.871795	0.358974	-0.0411479	-0.0458711	-0.782154
34	15	0.871795	0.384615	-0.0276444	-0.105599	-1.43108
34	16	0.871795	0.410256	-0.0529989	-0.0721289	0.305833
34	17	0.871795	0.435897	-0.0311374	-0.114165	-2.3065
34	18	0.871795	0.461538	-0.0558311	-0.120091	0.778368
34	19	0.871795	0.487179	-0.0458436	-0.112671	-2.18304
34	20	0.871795	0.512821	-0.0491279	-0.175264	0.0507212
34	21	0.871795	0.538462	-0.0678442	-0.119916	-0.849317
34	22	0.871795	0.564103	-0.0414688	-0.216833	-1.64305
34	23	0.871795	0.589744	-0.0864644	-0.153734	1.02058
34	24	0.871795	0.615385	-0.0442651	-0.23144	-3.25553
34	25	0.871795	0.641026	-0.0904778	-0.217767	2.17928
34	26	0.871795	0.666667	-0.0624166	-0.222209	-3.50302
34	27	0.871795	0.692308	-0.0760041	-0.295068	1.54799
34	28	0.871795	0.717949	-0.0907313	-0.208125	-1.70473
34	29	0.871795	0.74359	-0.0488141	-0.352872	-0.98818
34	30	0.871795	0.769231	-0.114941	-0.213354	1.58959
34	31	0.871795	0.794872	-0.0137015	-0.357406	-4.20002
34	32	0.871795	0.820513	-0.108411	-0.246777	4.62921
34	33	0.871795	0.846154	0.0441471	-0.291215	-5.99599
34	34	0.871795	0.871795	-0.0243788	-0.278642	5.39117
34	35	0.871795	0.897436	0.170783	-0.166728	-4.87476
34	36	0.871795	0.923077	0.207019	-0.23964	3.24125
34	37	0.871795	0.948718	0.450701	-0.0416216	-1.73723
34	38	0.871795	0.974359	0.66596	-0.0959137	0.324785
34	39	0.871795	1	1	0	0
35	0	0.897436	0	0	0	-0.857138
35	1	0.897436	0.025641	-0.0027938	0.0023326	-0.857138
35	2	0.897436	0.0512821	-0.00281697	-0.00494258	-0.9691
35	3	0.897436	0.0769231	-0.0102044	0.00248767	-0.67341
35	4	0.897436	0.102564	-0.00498431	-0.00570864	-1.16538
35	5	0.897436	0.128205	-0.0144225	-0.0075312	-0.574936
35	6	0.897436	0.153846	-0.0110505	-0.00349213	-1.11879
35	7	0.897436	0.179487	-0.0127861	-0.0226811	-0.821268
35	8	0.897436	0.205128	-0.0211883	-0.00667202	-0.724028
35	9	0.897436	0.230769	-0.00889882	-0.0334024	-1.30823
35	10	0.897436	0.25641	-0.0297186	-0.0226865	-0.281616
35	11	0.897436	0.282051	-0.0101788	-0.0359729	-1.59936
35	12	0.897436	0.307692	-0.0300963	-0.0498829	-0.255787
35	13	0.897436	0.333333	-0.0210748	-0.0370836	-1.31823
35	14	0.897436	0.358974	-0.0220457	-0.0777449	-0.831561
35	15	0.897436	0.384615	-0.0379604	-0.0488804	-0.533812
35	16	0.897436	0.410256	-0.0136936	-0.0954428	-1.67581
35	17	0.897436	0.435897	-0.0505353	-0.078995	0.211716
35	18	0.897436	0.461538	-0.0159052	-0.101104	-2.1268
35	19	0.897436	0.487179	-0.049664	-0.123613	0.271073
35	20	0.897436	0.512821	-0.0336877	-0.104346	-1.67746
35	21	0.897436	0.538462	-0.0358929	-0.168953	-0.608874
35	22	0.897436	0.564103	-0.0613055	-0.120801	-0.397407
35	23	0.897436	0.589744	-0.0208153	-0.200048	-2.00764
35	24	0.897436	0.615385	-0.0841442	-0.162026	0.998648
35	25	0.897436	0.641026	-0.0196144	-0.210621	-2.9841
35	26	0.897436	0.666667	-0.0870568	-0.22588	1.51143
35	27	0.897436	0.692308	-0.0412679	-0.208228	-2.62339
35	28	0.897436	0.717949	-0.0648041	-0.293193	0.505136
35	29	0.897436	0.74359	-0.0819913	-0.211663	-0.707387
35	30	0.897436	0.769231	-0.0253085	-0.334666	-1.68918
35	31	0.897436	0.794872	-0.120477	-0.237764	1.90428
35	32	0.897436	0.820513	0.021653	-0.325169	-3.69669
35	33	0.897436	0.846154	-0.113608	-0.2774	3.60188
35	34	0.897436	0.871795	0.0877506	-0.255288	-3.92286
35	35	0.897436	0.897436	0.00555032	-0.27623	3.18477
35	36	0.897436	0.923077	0.239234	-0.136031	-2.05169
35	37	0.897436	0.948718	0.334273	-0.163335	1.23736
35	38	0.897436	0.974359	0.636746	-0.0173418	-0.0733223
35	39	0.897436	1	1	0	0
36	0	0.923077	0	0	0	-0.943003
36	1	0.923077	0.025641	-0.00194206	-0.00132072	-0.943003
36	2	0.923077	0.0512821	-0.00631041	0.00275611	-0.88513
36	3	0.923077	0.0769231	-0.00256011	-0.00341379	-1.06255
36	4	0.923077	0.102564	-0.0121008	1.57128e-05	-0.764511
36	5	0.923077	0.128205	-0.00400318	-0.00325111	-1.15388
36	6	0.923077	0.153846	-0.012814	-0.00943309	-0.781501
36	7	0.923077	0.179487	-0.0106818	-0.00361397	-1.03427
36	8	0.923077	0.205128	-0.0078613	-0.0201654	-1.02433
36	9	0.923077	0.230769	-0.0205224	-0.0103193	-0.740663
36	10	0.923077	0.25641	-0.00294977	-0.0268286	-1.32529
36	11	0.923077	0.282051	-0.0262542	-0.0261015	-0.532389
36	12	0.923077	0.307692	-0.00570143	-0.0297419	-1.39153
36	13	0.923077	0.333333	-0.0222958	-0.0472958	-0.661442
36	14	0.923077	0.358974	-0.018443	-0.0351554	-1.07623
36	15	0.923077	0.384615	-0.0110676	-0.0665064	-1.12403
36	16	0.923077	0.410256	-0.0348147	-0.0504292	-0.543319
36	17	0.923077	0.435897	-0.0025218	-0.078707	-1.61273
36	18	0.923077	0.461538	-0.0435302	-0.0780896	-0.185132
36	19	0.923077	0.487179	-0.00706045	-0.0855706	-1.71556
36	20	0.923077	0.512821	-0.0371361	-0.113248	-0.348544
36	21	0.923077	0.538462	-0.0275287	-0.0952216	-1.21826
36	22	0.923077	0.564103	-0.0190384	-0.146389	-1.05493
36	23	0.923077	0.589744	-0.0555584	-0.117847	-0.305435
36	24	0.923077	0.615385	-0.00282231	-0.169543	-1.90406
36	25	0.923077	0.641026	-0.0748421	-0.158881	0.478283
36	26	0.923077	0.666667	-0.00436281	-0.181934	-2.25684
36	27	0.923077	0.692308	-0.0710735	-0.213082	0.53372
36	28	0.923077	0.717949	-0.0318636	-0.192203	-1.64259
36	29	0.923077	0.74359	-0.0429388	-0.264314	-0.334571
36	30	0.923077	0.769231	-0.077326	-0.214253	-0.177706
36	31	0.923077	0.794872	-0.00368471	-0.292775	-1.59883
36	32	0.923077	0.820513	-0.111459	-0.252615	1.33806
36	33	0.923077	0.846154	0.0345697	-0.283396	-2.21122
36	34	0.923077	0.871795	-0.0842958	-0.279768	1.92802
36	35	0.923077	0.897436	0.0966311	-0.224388	-1.45866
36	36	0.923077	0.923077	0.082515	-0.226727	1.38178
36	37	0.923077	0.948718	0.312473	-0.100905	0.033209
36	38	0.923077	0.974359	0.55165	-0.041138	0.659046
36	39	0.923077	1	1	0	0
37	0	0.948718	0	0	0	-0.998456
37	1	0.948718	0.025641	-0.00314158	0.00103785	-0.998456
37	2	0.948718	0.0512821	-0.00316933	-0.000461329	-1.02034
37	3	0.948718	0.0769231	-0.00829223	0.00195542	-0.957346
37	4	0.948718	0.102564	-0.00245012	-0.00135007	-1.08987
37	5	0.948718	0.128205	-0.0111706	-0.00151158	-0.91939
37	6	0.948718	0.153846	-0.00414639	-0.0021222	-1.10897
37	7	0.948718	0.179487	-0.00921168	-0.00803907	-0.971287
37	8	0.948718	0.205128	-0.0103721	-0.00480278	-1.02286
37	9	0.948718	0.230769	-0.00376549	-0.0145131	-1.10953
37	10	0.948718	0.25641	-0.0174806	-0.0118302	-0.892327
37	11	0.948718	0.282051	-0.000584323	-0.0192637	-1.22583
37	12	0.948718	0.307692	-0.0193009	-0.0233254	-0.845637
37	13	0.948718	0.333333	-0.00491345	-0.0236709	-1.20064
37	14	0.948718	0.358974	-0.0131174	-0.0366806	-0.962485
37	15	0.948718	0.384615	-0.0163615	-0.0312156	-1.01371
37	16	0.948718	0.410256	-0.00305568	-0.0486717	-1.19159
37	17	0.948718	0.435897	-0.0280698	-0.0448854	-0.778697
37	18	0.948718	0.461538	0.00221717	-0.0580887	-1.36931
37	19	0.948718	0.487179	-0.0312318	-0.0648073	-0.674944
37	20	0.948718	0.512821	-0.00443485	-0.066966	-1.32682
37	21	0.948718	0.538462	-0.0219819	-0.0879033	-0.82061
37	22	0.948718	0.564103	-0.0229971	-0.079966	-1.01507
37	23	0.948718	0.589744	-0.0054827	-0.109897	-1.16558
37	24	0.948718	0.615385	-0.04453	-0.10197	-0.568607
37	25	0.948718	0.641026	0.00600732	-0.128271	-1.47938
37	26	0.948718	0.666667	-0.0553316	-0.134458	-0.253926
37	27	0.948718	0.692308	0.000101317	-0.144645	-1.4698
37	28	0.948718	0.717949	-0.0463551	-0.173104	-0.29345
37	29	0.948718	0.74359	-0.0268655	-0.165305	-0.991713
37	30	0.948718	0.769231	-0.0217026	-0.209279	-0.643867
37	31	0.948718	0.794872	-0.062709	-0.196884	-0.209613
37	32	0.948718	0.820513	0.00354877	-0.23395	-0.914967
37	33	0.948718	0.846154	-0.0788065	-0.233813	0.475499
37	34	0.948718	0.871795	0.0237012	-0.236272	-0.614182
37	35	0.948718	0.897436	-0.0315503	-0.240066	0.80537
37	36	0.948718	0.923077	0.0940688	-0.185957	0.333456
37	37	0.948718	0.948718	0.187145	-0.138477	0.982282
37	38	0.948718	0.974359	0.471383	-0.00198982	1.26302
37	39	0.948718	1	1	0	0
38	0	0.974359	0	0	0	-1.0626
38	1	0.974359	0.025641	-0.00407614	0.000541027	-1.0626
38	2	0.974359	0.0512821	-0.00620224	0.0013047	-1.07083
38	3	0.974359	0.0769231	-0.00494274	0.000595192	-1.08276
38	4	0.974359	0.102564	-0.00871921	0.000837779	-1.07434
38	5	0.974359	0.128205	-0.00439364	-0.00027037	-1.10574
38	6	0.974359	0.153846	-0.00934003	-0.00130148	-1.08047
38	7	0.974359	0.179487	-0.00601197	-0.00174297	-1.11545
38	8	0.974359	0.205128	-0.00719148	-0.00435978	-1.1009
38	9	0.974359	0.230769	-0.00982531	-0.00436011	-1.10796
38	10	0.974359	0.25641	-0.00401432	-0.00763636	-1.13052
38	11	0.974359	0.282051	-0.0130167	-0.00852214	-1.09558
38	12	0.974359	0.307692	-0.003197	-0.0110013	-1.15137
38	13	0.974359	0.333333	-0.0125213	-0.014014	-1.09649
38	14	0.974359	0.358974	-0.00679083	-0.0150168	-1.14752
38	15	0.974359	0.384615	-0.00798387	-0.0201845	-1.11902
38	16	0.974359	0.410256	-0.0134134	-0.0205889	-1.11819
38	17	0.974359	0.435897	-0.00257077	-0.0265138	-1.15236
38	18	0.974359	0.461538	-0.0187476	-0.028345	-1.08
38	19	0.974359	0.487179	-0.00103266	-0.0330546	-1.17043
38	20	0.974359	0.512821	-0.0184648	-0.0381865	-1.05729
38	21	0.974359	0.538462	-0.00644079	-0.0406212	-1.14689
38	22	0.974359	0.564103	-0.0116541	-0.0494551	-1.0638
38	23	0.974359	0.589744	-0.0175181	-0.0506687	-1.07227
38	24	0.974359	0.615385	-0.00232305	-0.061535	-1.08511
38	25	0.974359	0.641026	-0.0283145	-0.0645648	-0.962369
38	26	0.974359	0.666667	0.00229294	-0.0744498	-1.07603
38	27	0.974359	0.692308	-0.031483	-0.0825858	-0.848028
38	28	0.974359	0.717949	-0.00383245	-0.0894466	-0.9812
38	29	0.974359	0.74359	-0.0241397	-0.103808	-0.740501
38	30	0.974359	0.769231	-0.0201028	-0.109134	-0.76533
38	31	0.974359	0.794872	-0.0115968	-0.127029	-0.586247
38	32	0.974359	0.820513	-0.0362902	-0.135206	-0.418596
38	33	0.974359	0.846154	-0.00267634	-0.150289	-0.24975
38	34	0.974359	0.871795	-0.0343046	-0.161521	0.0976677
38	35	0.974359	0.897436	0.0106016	-0.163176	0.448108
38	36	0.974359	0.923077	0.0238539	-0.156838	0.949443
38	37	0.974359	0.948718	0.125951	-0.112708	1.60492
38	38	0.974359	0.974359	0.356161	0.0198822	2.45093
38	39	0.974359	1	1	0	0
39	0	1	0	0	0	-1.0626
39	1	1	0.025641	0	0	-1.0626
39	2	1	0.0512821	0	0	-1.07083
39	3	1	0.0769231	0	0	-1.08276
39	4	1	0.102564	0	0	-1.07434
39	5	1	0.128205	0	0	-1.10574
39	6	1	0.153846	0	0	-1.08047
39	7	1	0.179487	0	0	-1.11545
39	8	1	0.205128	0	0	-1.1009
39	9	1	0.230769	0	0	-1.10796
39	10	1	0.25641	0	0	-1.13052
39	11	1	0.282051	0	0	-1.09558
39	12	1	0.307692	0	0	-1.15137
39	13	1	0.333333	0	0	-1.09649
39	14	1	0.358974	0	0	-1.14752
39	15	1	0.384615	0	0	-1.11902
39	16	1	0.410256	0	0	-1.11819
39	17	1	0.435897	0	0	-1.15236
39	18	1	0.461538	0	0	-1.08
39	19	1	0.487179	0	0	-1.17043
39	20	1	0.512821	0	0	-1.05729
39	21	1	0.538462	0	0	-1.14689
39	22	1	0.564103	0	0	-1.0638
39	23	1	0.589744	0	0	-1.07227
39	24	1	0.615385	0	0	-1.08511
39	25	1	0.641026	0	0	-0.962369
39	26	1	0.666667	0	0	-1.07603
39	27	1	0.692308	0	0	-0.848028
39	28	1	0.717949	0	0	-0.9812
39	29	1	0.74359	0	0	-0.740501
39	30	1	0.769231	0	0	-0.76533
39	31	1	0.794872	0	0	-0.586247
39	32	1	0.820513	0	0	-0.418596
39	33	1	0.846154	0	0	-0.24975
39	34	1	0.871795	0	0	0.0976677
39	35	1	0.897436	0	0	0.448108
39	36	1	0.923077	0	0	0.949443
39	37	1	0.948718	0	0	1.60492
39	38	1	0.974359	0	0	2.45093
39	39	1	1	1	0	0
