# i		j		x		y		u		v		p
# nx		ny		
# 40		40
# =================================
0	0	0	0	0	0	4.47641
0	1	0	0.025641	0	0	4.47641
0	2	0	0.0512821	0	0	4.49656
0	3	0	0.0769231	0	0	4.56813
0	4	0	0.102564	0	0	4.47654
0	5	0	0.128205	0	0	4.70999
0	6	0	0.153846	0	0	4.52718
0	7	0	0.179487	0	0	4.78311
0	8	0	0.205128	0	0	4.76057
0	9	0	0.230769	0	0	4.75122
0	10	0	0.25641	0	0	5.14726
0	11	0	0.282051	0	0	4.73243
0	12	0	0.307692	0	0	5.49744
0	13	0	0.333333	0	0	4.93688
0	14	0	0.358974	0	0	5.6052
0	15	0	0.384615	0	0	5.50054
0	16	0	0.410256	0	0	5.47555
0	17	0	0.435897	0	0	6.29659
0	18	0	0.461538	0	0	5.37909
0	19	0	0.487179	0	0	6.88399
0	20	0	0.512821	0	0	5.65376
0	21	0	0.538462	0	0	6.86575
0	22	0	0.564103	0	0	6.43601
0	23	0	0.589744	0	0	6.39187
0	24	0	0.615385	0	0	7.43786
0	25	0	0.641026	0	0	6.01154
0	26	0	0.666667	0	0	7.82963
0	27	0	0.692308	0	0	6.07792
0	28	0	0.717949	0	0	7.02942
0	29	0	0.74359	0	0	6.38596
0	30	0	0.769231	0	0	5.75606
0	31	0	0.794872	0	0	6.28685
0	32	0	0.820513	0	0	5.22602
0	33	0	0.846154	0	0	4.91775
0	34	0	0.871795	0	0	5.41717
0	35	0	0.897436	0	0	2.47813
0	36	0	0.923077	0	0	4.48251
0	37	0	0.948718	0	0	0.761776
0	38	0	0.974359	0	0	1.23768
0	39	0	1	1	0	0
1	0	0.025641	0	0	0	4.47641
1	1	0.025641	0.025641	-0.00629201	-0.00533173	4.47641
1	2	0.025641	0.0512821	-0.0128139	-0.0141141	4.49656
1	3	0.025641	0.0769231	0.00025604	-0.0151566	4.56813
1	4	0.025641	0.102564	-0.0255078	-0.0265194	4.47654
1	5	0.025641	0.128205	0.011576	-0.0292093	4.70999
1	6	0.025641	0.153846	-0.0293852	-0.0352282	4.52718
1	7	0.025641	0.179487	0.00528559	-0.048378	4.78311
1	8	0.025641	0.205128	-0.00854919	-0.0435858	4.76057
1	9	0.025641	0.230769	-0.0275075	-0.0673393	4.75122
1	10	0.025641	0.25641	0.0315626	-0.0573248	5.14726
1	11	0.025641	0.282051	-0.0671225	-0.0787405	4.73243
1	12	0.025641	0.307692	0.0587662	-0.0798366	5.49744
1	13	0.025641	0.333333	-0.0712445	-0.0821032	4.93688
1	14	0.025641	0.358974	0.0342436	-0.109732	5.6052
1	15	0.025641	0.384615	-0.0134249	-0.0879494	5.50054
1	16	0.025641	0.410256	-0.051034	-0.135256	5.47555
1	17	0.025641	0.435897	0.0773808	-0.103539	6.29659
1	18	0.025641	0.461538	-0.144044	-0.135705	5.37909
1	19	0.025641	0.487179	0.128713	-0.125224	6.88399
1	20	0.025641	0.512821	-0.151706	-0.112514	5.65376
1	21	0.025641	0.538462	0.0762227	-0.151186	6.86575
1	22	0.025641	0.564103	-0.0406373	-0.097533	6.43601
1	23	0.025641	0.589744	-0.0818421	-0.162678	6.39187
1	24	0.025641	0.615385	0.104162	-0.0927443	7.43786
1	25	0.025641	0.641026	-0.240956	-0.111439	6.01154
1	26	0.025641	0.666667	0.165934	-0.0664852	7.82963
1	27	0.025641	0.692308	-0.248783	-0.00555186	6.07792
1	28	0.025641	0.717949	0.0901157	-0.0243834	7.02942
1	29	0.025641	0.74359	-0.0903495	0.0698253	6.38596
1	30	0.025641	0.769231	-0.0816726	0.0280885	5.75606
1	31	0.025641	0.794872	0.0588005	0.0975737	6.28685
1	32	0.025641	0.820513	-0.193605	0.135912	5.22602
1	33	0.025641	0.846154	0.0457491	0.150412	4.91775
1	34	0.025641	0.871795	-0.112048	0.272154	5.41717
1	35	0.025641	0.897436	-0.0716989	0.254306	2.47813
1	36	0.025641	0.923077	0.0737244	0.312375	4.48251
1	37	0.025641	0.948718	0.00659573	0.307866	0.761776
1	38	0.025641	0.974359	0.366495	0.179081	1.23768
1	39	0.025641	1	1	0	0
2	0	0.0512821	0	0	0	4.44279
2	1	0.0512821	0.025641	-0.00837773	-0.0132898	4.44279
2	2	0.0512821	0.0512821	-0.000921917	-0.0107384	4.5873
2	3	0.0512821	0.0769231	-0.0272865	-0.0416129	4.1245
2	4	0.0512821	0.102564	0.0202018	-0.0300612	5.11832
2	5	0.0512821	0.128205	-0.045358	-0.0555026	3.75182
2	6	0.0512821	0.153846	0.0294188	-0.0695373	5.38888
2	7	0.0512821	0.179487	-0.032884	-0.0550506	4.10297
2	8	0.0512821	0.205128	-0.00429908	-0.118936	4.74398
2	9	0.0512821	0.230769	0.0251792	-0.0613759	5.50312
2	10	0.0512821	0.25641	-0.0776728	-0.150718	3.36124
2	11	0.0512821	0.282051	0.0967892	-0.0997786	7.19754
2	12	0.0512821	0.307692	-0.131385	-0.14298	2.5053
2	13	0.0512821	0.333333	0.11245	-0.177291	7.62853
2	14	0.0512821	0.358974	-0.0863589	-0.112339	3.71113
2	15	0.0512821	0.384615	0.012016	-0.265423	5.72135
2	16	0.0512821	0.410256	0.0631636	-0.110062	7.17402
2	17	0.0512821	0.435897	-0.179739	-0.298053	2.35935
2	18	0.0512821	0.461538	0.214841	-0.169532	10.8057
2	19	0.0512821	0.487179	-0.306067	-0.230699	0.481837
2	20	0.0512821	0.512821	0.233819	-0.281889	11.3718
2	21	0.0512821	0.538462	-0.204101	-0.127015	2.80787
2	22	0.0512821	0.564103	0.0292077	-0.389962	7.40204
2	23	0.0512821	0.589744	0.0680785	-0.0934803	8.76279
2	24	0.0512821	0.615385	-0.331178	-0.368099	1.38399
2	25	0.0512821	0.641026	0.284665	-0.127655	14.1027
2	26	0.0512821	0.666667	-0.554851	-0.150328	-1.58988
2	27	0.0512821	0.692308	0.300574	-0.173262	14.0252
2	28	0.0512821	0.717949	-0.400273	0.102446	1.43146
2	29	0.0512821	0.74359	0.0566809	-0.177283	7.95739
2	30	0.0512821	0.769231	-0.0277958	0.187403	7.55968
2	31	0.0512821	0.794872	-0.329967	-0.0194672	1.47559
2	32	0.0512821	0.820513	0.200587	0.158634	10.269
2	33	0.0512821	0.846154	-0.503729	0.308659	1.07045
2	34	0.0512821	0.871795	0.165911	0.194447	5.81609
2	35	0.0512821	0.897436	-0.278696	0.515132	5.61065
2	36	0.0512821	0.923077	0.0540129	0.354766	-0.427048
2	37	0.0512821	0.948718	0.154284	0.363489	6.04695
2	38	0.0512821	0.974359	0.393368	0.366661	0.357698
2	39	0.0512821	1	1	0	0
3	0	0.0769231	0	0	0	4.43661
3	1	0.0769231	0.025641	-0.00262119	-0.00265684	4.43661
3	2	0.0769231	0.0512821	-0.0149531	-0.0423329	4.09053
3	3	0.0769231	0.0769231	0.01438	-0.0134709	5.23916
3	4	0.0769231	0.102564	-0.0379883	-0.0727205	3.09789
3	5	0.0769231	0.128205	0.0386493	-0.0566009	6.24109
3	6	0.0769231	0.153846	-0.0480447	-0.0677754	2.76294
3	7	0.0769231	0.179487	0.0333361	-0.135093	5.85085
3	8	0.0769231	0.205128	-0.0107732	-0.0473122	4.52492
3	9	0.0769231	0.230769	-0.0291696	-0.210316	3.26317
3	10	0.0769231	0.25641	0.0734818	-0.065344	8.11655
3	11	0.0769231	0.282051	-0.121849	-0.222081	-0.0205635
3	12	0.0769231	0.307692	0.147241	-0.165813	10.8476
3	13	0.0769231	0.333333	-0.148162	-0.151275	-0.449161
3	14	0.0769231	0.358974	0.119209	-0.33418	9.18624
3	15	0.0769231	0.384615	-0.0303918	-0.0738973	4.63187
3	16	0.0769231	0.410256	-0.0694381	-0.468164	2.23157
3	17	0.0769231	0.435897	0.173568	-0.106355	13.2934
3	18	0.0769231	0.461538	-0.31949	-0.427579	-5.49849
3	19	0.0769231	0.487179	0.312096	-0.291901	18.9089
3	20	0.0769231	0.512821	-0.3694	-0.212536	-6.13976
3	21	0.0769231	0.538462	0.229169	-0.565865	14.887
3	22	0.0769231	0.564103	-0.108614	-0.0401015	3.91011
3	23	0.0769231	0.589744	-0.168142	-0.720033	1.46566
3	24	0.0769231	0.615385	0.218252	-0.0739145	18.605
3	25	0.0769231	0.641026	-0.653085	-0.518276	-11.5805
3	26	0.0769231	0.666667	0.381571	-0.253168	26.569
3	27	0.0769231	0.692308	-0.752046	-0.0473767	-12.4831
3	28	0.0769231	0.717949	0.286273	-0.464499	19.9875
3	29	0.0769231	0.74359	-0.344534	0.275164	0.440163
3	30	0.0769231	0.769231	-0.180735	-0.473274	2.82277
3	31	0.0769231	0.794872	0.124132	0.251384	15.6321
3	32	0.0769231	0.820513	-0.747259	-0.0568178	-9.55533
3	33	0.0769231	0.846154	0.350284	0.112394	19.3077
3	34	0.0769231	0.871795	-0.85815	0.51323	-6.45901
3	35	0.0769231	0.897436	0.35969	0.119359	8.99413
3	36	0.0769231	0.923077	-0.349091	0.634542	3.86887
3	37	0.0769231	0.948718	0.357793	0.318903	-0.297823
3	38	0.0769231	0.974359	0.474577	0.309979	4.87621
3	39	0.0769231	1	1	0	0
4	0	0.102564	0	0	0	4.30063
4	1	0.102564	0.025641	-0.00229178	-0.0256716	4.30063
4	2	0.102564	0.0512821	0.00485296	0.000688093	4.854
4	3	0.102564	0.0769231	-0.0132193	-0.0772504	3.14275
4	4	0.102564	0.102564	0.0254966	-0.0246126	6.44905
4	5	0.102564	0.128205	-0.0318961	-0.090551	1.72995
4	6	0.102564	0.153846	0.0463061	-0.105573	7.28276
4	7	0.102564	0.179487	-0.0329719	-0.0543186	2.41232
4	8	0.102564	0.205128	0.0329447	-0.22263	5.09401
4	9	0.102564	0.230769	0.013847	-0.023777	6.62299
4	10	0.102564	0.25641	-0.0378947	-0.296177	-0.111541
4	11	0.102564	0.282051	0.0999834	-0.0877922	12.3473
4	12	0.102564	0.307692	-0.120445	-0.242629	-4.30808
4	13	0.102564	0.333333	0.161222	-0.289092	14.1905
4	14	0.102564	0.358974	-0.106454	-0.0879339	-1.50538
4	15	0.102564	0.384615	0.0940672	-0.548769	7.32717
4	16	0.102564	0.410256	0.0435222	-0.00523681	10.0579
4	17	0.102564	0.435897	-0.143405	-0.652814	-6.3012
4	18	0.102564	0.461538	0.232166	-0.157512	23.4233
4	19	0.102564	0.487179	-0.362483	-0.436327	-15.5949
4	20	0.102564	0.512821	0.321111	-0.549911	26.3994
4	21	0.102564	0.538462	-0.281269	-0.0697527	-8.56867
4	22	0.102564	0.564103	0.121746	-0.974873	11.3698
4	23	0.102564	0.589744	0.0263034	0.0540313	13.6661
4	24	0.102564	0.615385	-0.414568	-1.01114	-13.8963
4	25	0.102564	0.641026	0.253131	-0.163445	35.325
4	26	0.102564	0.666667	-0.844734	-0.486851	-28.6409
4	27	0.102564	0.692308	0.335792	-0.582157	38.9002
4	28	0.102564	0.717949	-0.68656	0.17482	-18.3448
4	29	0.102564	0.74359	0.106391	-0.952063	17.7627
4	30	0.102564	0.769231	-0.16397	0.38518	9.44052
4	31	0.102564	0.794872	-0.574282	-0.773819	-12.8645
4	32	0.102564	0.820513	0.205575	0.185342	31.7267
4	33	0.102564	0.846154	-1.16893	0.0136077	-26.7304
4	34	0.102564	0.871795	0.441404	-0.0622954	31.7269
4	35	0.102564	0.897436	-1.01678	0.723808	-15.5883
4	36	0.102564	0.923077	0.561309	-0.0683902	13.0532
4	37	0.102564	0.948718	-0.0954217	0.635393	1.07687
4	38	0.102564	0.974359	0.697029	0.244791	1.72477
4	39	0.102564	1	1	0	0
5	0	0.128205	0	0	0	4.35276
5	1	0.128205	0.025641	0.00226687	0.00169432	4.35276
5	2	0.128205	0.0512821	0.00770831	-0.0580775	3.73791
5	3	0.128205	0.0769231	0.00623496	-0.00125856	5.7002
5	4	0.128205	0.102564	0.00648436	-0.103625	1.90383
5	5	0.128205	0.128205	0.024877	-0.0518408	7.65108
5	6	0.128205	0.153846	-0.0121408	-0.0890025	0.774744
5	7	0.128205	0.179487	0.0547394	-0.171627	7.47291
5	8	0.128205	0.205128	-0.0240462	-0.0261151	3.29689
5	9	0.128205	0.230769	0.0562987	-0.308393	2.88868
5	10	0.128205	0.25641	0.0084834	-0.00993615	10.0411
5	11	0.128205	0.282051	-0.00152345	-0.342585	-4.32665
5	12	0.128205	0.307692	0.0915339	-0.152681	16.4986
5	13	0.128205	0.333333	-0.0716202	-0.196734	-7.19558
5	14	0.128205	0.358974	0.162759	-0.464105	14.8156
5	15	0.128205	0.384615	-0.0593217	0.0156022	1.36049
5	16	0.128205	0.410256	0.097269	-0.757478	0.892073
5	17	0.128205	0.435897	0.0518965	0.0279963	19.4336
5	18	0.128205	0.461538	-0.125958	-0.722597	-17.4113
5	19	0.128205	0.487179	0.203972	-0.319556	33.5646
5	20	0.128205	0.512821	-0.266775	-0.29049	-22.06
5	21	0.128205	0.538462	0.272936	-0.933541	27.4488
5	22	0.128205	0.564103	-0.145975	0.113009	-2.03944
5	23	0.128205	0.589744	0.000517859	-1.3592	-2.15027
5	24	0.128205	0.615385	0.021007	0.0527362	31.0876
5	25	0.128205	0.641026	-0.543475	-1.08052	-34.2314
5	26	0.128205	0.666667	0.12406	-0.422141	52.5302
5	27	0.128205	0.692308	-0.774481	-0.243873	-40.1393
5	28	0.128205	0.717949	0.183528	-1.10769	42.3458
5	29	0.128205	0.74359	-0.456762	0.386588	-11.6624
5	30	0.128205	0.769231	-0.17835	-1.44711	1.98571
5	31	0.128205	0.794872	-0.110002	0.352204	28.9324
5	32	0.128205	0.820513	-0.948323	-0.874918	-36.8208
5	33	0.128205	0.846154	0.102814	-0.007447	51.7894
5	34	0.128205	0.871795	-1.34041	0.234326	-44.0622
5	35	0.128205	0.897436	0.447968	-0.365102	42.2443
5	36	0.128205	0.923077	-0.759239	0.902051	-20.8554
5	37	0.128205	0.948718	0.698538	-0.301283	13.278
5	38	0.128205	0.974359	0.456682	0.565262	1.30885
5	39	0.128205	1	1	0	0
6	0	0.153846	0	0	0	4.18491
6	1	0.153846	0.025641	0.010491	-0.0238128	4.18491
6	2	0.153846	0.0512821	0.000215937	-0.00123488	4.63162
6	3	0.153846	0.0769231	0.0373546	-0.0849126	3.05931
6	4	0.153846	0.102564	-0.00624047	-0.013599	6.45502
6	5	0.153846	0.128205	0.0394777	-0.118861	1.00169
6	6	0.153846	0.153846	0.0249267	-0.0875104	8.27343
6	7	0.153846	0.179487	-0.00176963	-0.0794634	0.591532
6	8	0.153846	0.205128	0.0894013	-0.234016	6.80063
6	9	0.153846	0.230769	-0.0499539	-0.00295293	4.93958
6	10	0.153846	0.25641	0.123572	-0.365995	0.243171
6	11	0.153846	0.282051	-0.0349426	-0.0208778	13.2986
6	12	0.153846	0.307692	0.0738457	-0.338058	-7.49392
6	13	0.153846	0.333333	0.0775387	-0.251308	18.6635
6	14	0.153846	0.358974	-0.0257645	-0.10983	-7.12335
6	15	0.153846	0.384615	0.20767	-0.635437	11.9105
6	16	0.153846	0.410256	-0.0867317	0.10572	7.48089
6	17	0.153846	0.435897	0.188297	-0.867848	-7.86039
6	18	0.153846	0.461538	-0.041828	-0.011908	29.0788
6	19	0.153846	0.487179	0.00689346	-0.629145	-25.7398
6	20	0.153846	0.512821	0.135532	-0.575323	38.4369
6	21	0.153846	0.538462	-0.121536	-0.0545476	-20.2916
6	22	0.153846	0.564103	0.255289	-1.30163	19.0509
6	23	0.153846	0.589744	-0.155271	0.237769	12.3483
6	24	0.153846	0.615385	-0.0138223	-1.49918	-21.282
6	25	0.153846	0.641026	-0.202276	-0.061138	49.5013
6	26	0.153846	0.666667	-0.452425	-0.850928	-49.3654
6	27	0.153846	0.692308	-0.0945297	-0.815131	61.3751
6	28	0.153846	0.717949	-0.520876	0.103233	-37.9282
6	29	0.153846	0.74359	0.0134722	-1.63687	30.7733
6	30	0.153846	0.769231	-0.354134	0.487055	7.46632
6	31	0.153846	0.794872	-0.419992	-1.65274	-24.0399
6	32	0.153846	0.820513	-0.350648	0.218442	52.7151
6	33	0.153846	0.846154	-1.08184	-0.671028	-59.3954
6	34	0.153846	0.871795	-0.155638	-0.291443	67.9861
6	35	0.153846	0.897436	-1.08727	0.56273	-52.377
6	36	0.153846	0.923077	0.399687	-0.730513	43.3316
6	37	0.153846	0.948718	-0.142114	0.95876	-16.8398
6	38	0.153846	0.974359	0.796308	-0.283163	7.34072
6	39	0.153846	1	1	0	0
7	0	0.179487	0	0	0	4.11067
7	1	0.179487	0.025641	0.00611275	-0.0109297	4.11067
7	2	0.179487	0.0512821	0.040528	-0.0394587	4.07088
7	3	0.179487	0.0769231	-0.0166488	-0.0137629	4.62731
7	4	0.179487	0.102564	0.0813139	-0.106691	2.83317
7	5	0.179487	0.128205	-0.0208817	-0.0261667	6.67857
7	6	0.179487	0.153846	0.0641946	-0.136409	0.605198
7	7	0.179487	0.179487	0.0488816	-0.113331	8.50365
7	8	0.179487	0.205128	-0.0254634	-0.0783603	0.569944
7	9	0.179487	0.230769	0.163631	-0.27499	6.26179
7	10	0.179487	0.25641	-0.115307	0.00702971	6.03593
7	11	0.179487	0.282051	0.221821	-0.392161	-1.35261
7	12	0.179487	0.307692	-0.0847961	-0.0460074	14.9884
7	13	0.179487	0.333333	0.141736	-0.307615	-8.58759
7	14	0.179487	0.358974	0.111315	-0.340945	18.4498
7	15	0.179487	0.384615	-0.0536059	-0.0287651	-4.9142
7	16	0.179487	0.410256	0.335433	-0.72918	7.51735
7	17	0.179487	0.435897	-0.229334	0.150484	13.5204
7	18	0.179487	0.461538	0.366813	-0.835217	-14.3218
7	19	0.179487	0.487179	-0.188851	-0.107936	34.3946
7	20	0.179487	0.512821	0.178491	-0.42598	-27.1877
7	21	0.179487	0.538462	0.126626	-0.815947	35.2545
7	22	0.179487	0.564103	-0.1033	0.161504	-11.2788
7	23	0.179487	0.589744	0.351286	-1.44052	4.99873
7	24	0.179487	0.615385	-0.433855	0.281297	27.7284
7	25	0.179487	0.641026	0.132443	-1.29191	-35.824
7	26	0.179487	0.666667	-0.570881	-0.237972	60.074
7	27	0.179487	0.692308	-0.196615	-0.42291	-50.9378
7	28	0.179487	0.717949	-0.265313	-1.19231	55.381
7	29	0.179487	0.74359	-0.345419	0.405307	-22.2282
7	30	0.179487	0.769231	-0.056981	-1.84812	7.19286
7	31	0.179487	0.794872	-0.617097	0.499644	31.0533
7	32	0.179487	0.820513	-0.466538	-1.409	-47.9106
7	33	0.179487	0.846154	-0.858881	0.0576225	70.9539
7	34	0.179487	0.871795	-0.859862	-0.222785	-69.0464
7	35	0.179487	0.897436	-0.445828	-0.609587	71.2429
7	36	0.179487	0.923077	-0.492709	0.868649	-45.5081
7	37	0.179487	0.948718	0.38261	-0.919355	30.6447
7	38	0.179487	0.974359	0.510974	0.784191	-5.18271
7	39	0.179487	1	1	0	0
8	0	0.205128	0	0	0	4.15309
8	1	0.205128	0.025641	0.0221989	-0.000871592	4.15309
8	2	0.205128	0.0512821	-0.00176234	-0.0357557	3.58388
8	3	0.205128	0.0769231	0.0851769	-0.0512857	4.61867
8	4	0.205128	0.102564	-0.0384505	-0.0225995	3.93644
8	5	0.205128	0.128205	0.119605	-0.139707	3.12071
8	6	0.205128	0.153846	-0.0160521	-0.0213201	6.70792
8	7	0.205128	0.179487	0.0601905	-0.171426	-0.0182047
8	8	0.205128	0.205128	0.105975	-0.119072	9.36057
8	9	0.205128	0.230769	-0.0844095	-0.0883099	-0.478805
8	10	0.205128	0.25641	0.259701	-0.300328	7.0302
8	11	0.205128	0.282051	-0.18792	0.0169068	5.62194
8	12	0.205128	0.307692	0.30902	-0.415027	-1.38473
8	13	0.205128	0.333333	-0.0888256	-0.0547328	15.1829
8	14	0.205128	0.358974	0.145961	-0.2945	-8.64131
8	15	0.205128	0.384615	0.221616	-0.373977	17.7713
8	16	0.205128	0.410256	-0.191584	0.0144904	-3.52841
8	17	0.205128	0.435897	0.522555	-0.718758	5.41233
8	18	0.205128	0.461538	-0.441768	0.158578	15.6411
8	19	0.205128	0.487179	0.558311	-0.717731	-15.1829
8	20	0.205128	0.512821	-0.271017	-0.189718	33.198
8	21	0.205128	0.538462	0.247432	-0.2382	-22.6788
8	22	0.205128	0.564103	0.255597	-0.883025	27.1203
8	23	0.205128	0.589744	-0.358537	0.283763	-1.6581
8	24	0.205128	0.615385	0.551277	-1.24772	-5.13679
8	25	0.205128	0.641026	-0.93842	0.270336	35.2069
8	26	0.205128	0.666667	0.372491	-0.865597	-37.4155
8	27	0.205128	0.692308	-0.88717	-0.384823	56.4983
8	28	0.205128	0.717949	0.0283564	-0.0100036	-39.0911
8	29	0.205128	0.74359	-0.243857	-1.30753	36.601
8	30	0.205128	0.769231	-0.523719	0.580258	-1.89794
8	31	0.205128	0.794872	0.0357446	-1.54381	-14.8431
8	32	0.205128	0.820513	-1.27842	0.475153	47.3105
8	33	0.205128	0.846154	-0.28004	-0.831855	-56.1401
8	34	0.205128	0.871795	-1.44076	-0.0835532	73.663
8	35	0.205128	0.897436	-0.369572	0.272414	-60.3104
8	36	0.205128	0.923077	-0.578261	-0.814897	56.3772
8	37	0.205128	0.948718	0.155916	0.960275	-26.4439
8	38	0.205128	0.974359	0.564002	-0.578529	11.4645
8	39	0.205128	1	1	0	0
9	0	0.230769	0	0	0	3.74668
9	1	0.230769	0.025641	0.0130737	-0.0389582	3.74668
9	2	0.230769	0.0512821	0.0585626	0.00825832	4.97335
9	3	0.230769	0.0769231	-0.0160516	-0.0598239	2.15174
9	4	0.230769	0.102564	0.125707	-0.0781264	5.88012
9	5	0.230769	0.128205	-0.0450119	-0.00818698	2.96981
9	6	0.230769	0.153846	0.135323	-0.199035	3.10675
9	7	0.230769	0.179487	0.0157389	0.00681289	7.60932
9	8	0.230769	0.205128	0.0296179	-0.221924	-2.00188
9	9	0.230769	0.230769	0.176146	-0.117506	11.8079
9	10	0.230769	0.25641	-0.147344	-0.0914325	-3.17769
9	11	0.230769	0.282051	0.339836	-0.34023	9.20645
9	12	0.230769	0.307692	-0.218023	0.0513918	4.21653
9	13	0.230769	0.333333	0.34527	-0.473385	-1.11815
9	14	0.230769	0.358974	-0.0215128	-0.0220896	15.8049
9	15	0.230769	0.384615	0.0629249	-0.325824	-10.2698
9	16	0.230769	0.410256	0.372828	-0.345883	19.6433
9	17	0.230769	0.435897	-0.397977	0.0243645	-5.96236
9	18	0.230769	0.461538	0.691136	-0.669294	7.97954
9	19	0.230769	0.487179	-0.595062	0.174283	12.5871
9	20	0.230769	0.512821	0.660246	-0.649169	-11.594
9	21	0.230769	0.538462	-0.183189	-0.168128	28.4638
9	22	0.230769	0.564103	0.0874511	-0.18162	-18.2515
9	23	0.230769	0.589744	0.476398	-0.712084	22.3691
9	24	0.230769	0.615385	-0.875772	0.291554	0.0601817
9	25	0.230769	0.641026	0.734724	-0.8836	-3.3902
9	26	0.230769	0.666667	-1.41737	0.253108	29.2054
9	27	0.230769	0.692308	0.564981	-0.510438	-26.491
9	28	0.230769	0.717949	-0.907164	-0.371838	40.8856
9	29	0.230769	0.74359	-0.0220901	0.185481	-22.7969
9	30	0.230769	0.769231	-0.0067699	-0.998597	18.0828
9	31	0.230769	0.794872	-1.17254	0.586271	10.0039
9	32	0.230769	0.820513	0.20015	-0.893873	-20.246
9	33	0.230769	0.846154	-2.09618	0.430303	45.496
9	34	0.230769	0.871795	0.0354907	-0.254015	-44.4413
9	35	0.230769	0.897436	-1.76525	-0.147385	56.5944
9	36	0.230769	0.923077	0.176751	0.568738	-37.992
9	37	0.230769	0.948718	-0.330964	-0.700133	29.4598
9	38	0.230769	0.974359	0.651556	0.700448	-6.56662
9	39	0.230769	1	1	0	0
10	0	0.25641	0	0	0	4.10306
10	1	0.25641	0.025641	0.0275784	0.0274116	4.10306
10	2	0.25641	0.0512821	0.0177481	-0.0842682	2.29857
10	3	0.25641	0.0769231	0.0907809	0.00419832	6.74189
10	4	0.25641	0.102564	-0.0180849	-0.059322	0.196218
10	5	0.25641	0.128205	0.147151	-0.135774	7.01813
10	6	0.25641	0.153846	-0.0293855	0.034992	2.83926
10	7	0.25641	0.179487	0.133262	-0.279274	1.66975
10	8	0.25641	0.205128	0.0540403	0.0415516	10.2399
10	9	0.25641	0.230769	0.00165014	-0.263935	-5.75952
10	10	0.25641	0.25641	0.224684	-0.138082	15.6639
10	11	0.25641	0.282051	-0.17049	-0.0618181	-6.67089
10	12	0.25641	0.307692	0.378209	-0.425795	11.3449
10	13	0.25641	0.333333	-0.182891	0.124082	3.81976
10	14	0.25641	0.358974	0.323903	-0.582873	-2.90731
10	15	0.25641	0.384615	0.079697	0.0417697	19.2938
10	16	0.25641	0.410256	-0.0683539	-0.387893	-15.6863
10	17	0.25641	0.435897	0.486084	-0.318046	25.5748
10	18	0.25641	0.461538	-0.553319	0.0423384	-12.5048
10	19	0.25641	0.487179	0.772565	-0.703676	13.7138
10	20	0.25641	0.512821	-0.562437	0.249226	7.76284
10	21	0.25641	0.538462	0.598392	-0.74685	-9.08956
10	22	0.25641	0.564103	0.0376798	-0.0276656	27.4326
10	23	0.25641	0.589744	-0.307162	-0.291744	-21.464
10	24	0.25641	0.615385	0.613744	-0.465835	27.9946
10	25	0.25641	0.641026	-1.39411	0.231789	-10.4545
10	26	0.25641	0.666667	0.793003	-0.680006	9.34399
10	27	0.25641	0.692308	-1.52163	0.301569	13.4656
10	28	0.25641	0.717949	0.563982	-0.486507	-12.3418
10	29	0.25641	0.74359	-0.56122	-0.134656	25.9589
10	30	0.25641	0.769231	-0.511914	0.0524268	-15.3056
10	31	0.25641	0.794872	0.212233	-0.458196	15.341
10	32	0.25641	0.820513	-2.04606	0.432514	2.68297
10	33	0.25641	0.846154	0.272183	-0.366235	-5.48108
10	34	0.25641	0.871795	-2.58616	0.407288	23.8607
10	35	0.25641	0.897436	0.363621	0.0152267	-20.3757
10	36	0.25641	0.923077	-1.50672	-0.0558813	27.5589
10	37	0.25641	0.948718	0.601547	0.491091	-14.1506
10	38	0.25641	0.974359	0.326031	-0.235411	7.62968
10	39	0.25641	1	1	0	0
11	0	0.282051	0	0	0	3.42607
11	1	0.282051	0.025641	0.0259473	-0.058992	3.42607
11	2	0.282051	0.0512821	0.0510866	0.0489573	5.52757
11	3	0.282051	0.0769231	0.0323035	-0.109213	0.0754614
11	4	0.282051	0.102564	0.103843	-0.030354	8.66918
11	5	0.282051	0.128205	-0.00107537	-0.025918	-1.1607
11	6	0.282051	0.153846	0.155622	-0.217242	6.90598
11	7	0.282051	0.179487	-0.0111719	0.0889756	4.37659
11	8	0.282051	0.205128	0.14024	-0.351713	-1.51884
11	9	0.282051	0.230769	0.0657787	0.0550997	14.261
11	10	0.282051	0.25641	0.0116371	-0.267596	-10.256
11	11	0.282051	0.282051	0.234355	-0.202589	19.3878
11	12	0.282051	0.307692	-0.137283	0.0115734	-8.93328
11	13	0.282051	0.333333	0.38369	-0.559453	11.3078
11	14	0.282051	0.358974	-0.118628	0.219983	6.44495
11	15	0.282051	0.384615	0.283874	-0.714172	-8.36023
11	16	0.282051	0.410256	0.137313	0.0890818	26.4279
11	17	0.282051	0.435897	-0.154126	-0.426515	-24.4541
11	18	0.282051	0.461538	0.511398	-0.378777	33.7971
11	19	0.282051	0.487179	-0.542295	0.120936	-19.4155
11	20	0.282051	0.512821	0.752445	-0.909064	17.5609
11	21	0.282051	0.538462	-0.360009	0.383937	7.66349
11	22	0.282051	0.564103	0.378938	-1.01164	-14.1932
11	23	0.282051	0.589744	0.187477	0.105786	35.7411
11	24	0.282051	0.615385	-0.728965	-0.468897	-35.3221
11	25	0.282051	0.641026	0.552235	-0.418978	42.8424
11	26	0.282051	0.666667	-1.54758	0.217278	-27.6736
11	27	0.282051	0.692308	0.71417	-0.865563	23.6301
11	28	0.282051	0.717949	-1.13195	0.441153	1.30982
11	29	0.282051	0.74359	0.251541	-0.858831	-7.96262
11	30	0.282051	0.769231	-0.181139	0.155599	26.2999
11	31	0.282051	0.794872	-1.26646	-0.30672	-26.5272
11	32	0.282051	0.820513	0.128325	-0.143519	31.5704
11	33	0.282051	0.846154	-2.58107	0.267559	-22.4366
11	34	0.282051	0.871795	0.250031	-0.26316	19.6383
11	35	0.282051	0.897436	-2.35956	0.470717	-5.68728
11	36	0.282051	0.923077	0.627586	-0.127251	2.91559
11	37	0.282051	0.948718	-0.639259	0.181581	3.9163
11	38	0.282051	0.974359	0.839258	0.141719	-0.919482
11	39	0.282051	1	1	0	0
12	0	0.307692	0	0	0	3.86476
12	1	0.307692	0.025641	0.027417	0.0352673	3.86476
12	2	0.307692	0.0512821	0.0577406	-0.103263	1.80581
12	3	0.307692	0.0769231	0.0532111	0.042892	7.36911
12	4	0.307692	0.102564	0.0639436	-0.100877	-1.85095
12	5	0.307692	0.128205	0.103501	-0.0890029	9.63027
12	6	0.307692	0.153846	0.0169956	0.0229482	-1.06517
12	7	0.307692	0.179487	0.176229	-0.292198	5.21256
12	8	0.307692	0.205128	-0.0220545	0.126226	7.19595
12	9	0.307692	0.230769	0.183382	-0.384172	-5.3881
12	10	0.307692	0.25641	0.0369339	0.0323121	18.1101
12	11	0.307692	0.282051	0.0678376	-0.222809	-13.5332
12	12	0.307692	0.307692	0.223881	-0.303401	21.0554
12	13	0.307692	0.333333	-0.0824621	0.1121	-8.3122
12	14	0.307692	0.358974	0.397605	-0.701916	7.93895
12	15	0.307692	0.384615	-0.0989075	0.303213	12.2879
12	16	0.307692	0.410256	0.291515	-0.802421	-16.595
12	17	0.307692	0.435897	0.103122	0.0699945	35.2203
12	18	0.307692	0.461538	-0.113459	-0.380682	-32.9036
12	19	0.307692	0.487179	0.46895	-0.572034	39.8943
12	20	0.307692	0.512821	-0.37342	0.275067	-21.0514
12	21	0.307692	0.538462	0.67308	-1.24791	14.0051
12	22	0.307692	0.564103	-0.186965	0.502236	16.4515
12	23	0.307692	0.589744	0.138237	-1.27835	-28.8543
12	24	0.307692	0.615385	0.0979125	0.0783071	51.7417
12	25	0.307692	0.641026	-0.884948	-0.528168	-53.5432
12	26	0.307692	0.666667	0.352263	-0.693161	58.1586
12	27	0.307692	0.692308	-1.22129	0.32529	-38.4006
12	28	0.307692	0.717949	0.505523	-1.4028	27.1585
12	29	0.307692	0.74359	-0.611226	0.569527	5.24652
12	30	0.307692	0.769231	-0.284936	-1.36105	-21.8863
12	31	0.307692	0.794872	-0.222054	0.22334	43.8514
12	32	0.307692	0.820513	-1.78079	-0.567989	-52.32
12	33	0.307692	0.846154	-0.212689	-0.218544	56.0395
12	34	0.307692	0.871795	-2.42228	0.248869	-49.9222
12	35	0.307692	0.897436	0.208352	-0.5508	41.189
12	36	0.307692	0.923077	-1.44263	0.627932	-25.0073
12	37	0.307692	0.948718	0.743353	-0.52096	13.031
12	38	0.307692	0.974359	0.370144	0.314629	-2.49323
12	39	0.307692	1	1	0	0
13	0	0.333333	0	0	0	3.27813
13	1	0.333333	0.025641	0.0401953	-0.0482303	3.27813
13	2	0.333333	0.0512821	0.0305476	0.0471387	4.88645
13	3	0.333333	0.0769231	0.10474	-0.117237	0.229461
13	4	0.333333	0.102564	0.0376832	0.0135232	8.5209
13	5	0.333333	0.128205	0.0967852	-0.0750091	-2.59168
13	6	0.333333	0.153846	0.114027	-0.142647	9.24749
13	7	0.333333	0.179487	0.00666855	0.0585786	0.136702
13	8	0.333333	0.205128	0.230563	-0.32938	2.94439
13	9	0.333333	0.230769	-0.0753142	0.133375	9.77738
13	10	0.333333	0.25641	0.262777	-0.369321	-8.11296
13	11	0.333333	0.282051	-0.00964495	-0.0146921	20.071
13	12	0.333333	0.307692	0.136747	-0.150533	-14.256
13	13	0.333333	0.333333	0.237658	-0.400903	19.8747
13	14	0.333333	0.358974	-0.071502	0.206652	-5.03962
13	15	0.333333	0.384615	0.46577	-0.790406	2.36187
13	16	0.333333	0.410256	-0.174054	0.344871	19.1729
13	17	0.333333	0.435897	0.389282	-0.790837	-24.2214
13	18	0.333333	0.461538	0.00150635	-0.0270782	41.8524
13	19	0.333333	0.487179	0.0413927	-0.231093	-36.4401
13	20	0.333333	0.512821	0.430992	-0.846198	39.4556
13	21	0.333333	0.538462	-0.208752	0.459451	-14.5595
13	22	0.333333	0.564103	0.62577	-1.53308	1.76586
13	23	0.333333	0.589744	-0.254893	0.532818	31.654
13	24	0.333333	0.615385	0.0608215	-1.32367	-46.7053
13	25	0.333333	0.641026	-0.198596	-0.129545	67.4018
13	26	0.333333	0.666667	-0.679669	-0.357903	-64.1897
13	27	0.333333	0.692308	0.130147	-1.18598	63.0241
13	28	0.333333	0.717949	-0.71452	0.517112	-32.757
13	29	0.333333	0.74359	0.229513	-1.93984	12.5939
13	30	0.333333	0.769231	-0.507508	0.577869	24.7168
13	31	0.333333	0.794872	-0.700157	-1.54734	-47.9727
13	32	0.333333	0.820513	-0.711116	0.0697867	67.2032
13	33	0.333333	0.846154	-1.7584	-0.525027	-75.6403
13	34	0.333333	0.871795	-0.61074	-0.531099	74.7766
13	35	0.333333	0.897436	-1.6581	0.409163	-62.6271
13	36	0.333333	0.923077	0.159874	-1.01963	46.8667
13	37	0.333333	0.948718	-0.311797	0.733146	-23.9372
13	38	0.333333	0.974359	0.788948	-0.646036	6.85267
13	39	0.333333	1	1	0	0
14	0	0.358974	0	0	0	3.38941
14	1	0.358974	0.025641	0.0263699	0.0114008	3.38941
14	2	0.358974	0.0512821	0.0929343	-0.068228	2.54642
14	3	0.358974	0.0769231	0.00993805	0.0357436	5.42912
14	4	0.358974	0.102564	0.153767	-0.114095	-0.386572
14	5	0.358974	0.128205	0.0281597	-0.01246	8.54451
14	6	0.358974	0.153846	0.104272	-0.0614535	-2.40153
14	7	0.358974	0.179487	0.155395	-0.163039	8.41701
14	8	0.358974	0.205128	-0.044643	0.0663083	1.02304
14	9	0.358974	0.230769	0.312973	-0.325412	1.75896
14	10	0.358974	0.25641	-0.147585	0.122859	10.6051
14	11	0.358974	0.282051	0.345566	-0.334237	-8.62408
14	12	0.358974	0.307692	-0.0266665	-0.0516105	19.672
14	13	0.358974	0.333333	0.164349	-0.0877744	-12.9451
14	14	0.358974	0.358974	0.311166	-0.446165	17.1066
14	15	0.358974	0.384615	-0.150247	0.269592	-1.35478
14	16	0.358974	0.410256	0.597899	-0.784211	-2.38385
14	17	0.358974	0.435897	-0.326105	0.343245	23.7632
14	18	0.358974	0.461538	0.552238	-0.677229	-27.6117
14	19	0.358974	0.487179	-0.083607	-0.158106	42.9981
14	20	0.358974	0.512821	0.194349	-0.0217417	-33.239
14	21	0.358974	0.538462	0.478565	-1.05025	31.6568
14	22	0.358974	0.564103	-0.248424	0.611498	-2.87889
14	23	0.358974	0.589744	0.689324	-1.54498	-13.2506
14	24	0.358974	0.615385	-0.604333	0.483435	45.5153
14	25	0.358974	0.641026	0.203425	-1.06013	-56.9916
14	26	0.358974	0.666667	-0.546271	-0.414932	73.2354
14	27	0.358974	0.692308	-0.297677	-0.00312121	-59.5756
14	28	0.358974	0.717949	-0.0047998	-1.60339	50.9911
14	29	0.358974	0.74359	-0.504556	0.700881	-13.1654
14	30	0.358974	0.769231	0.0486511	-2.00959	-13.4038
14	31	0.358974	0.794872	-0.982423	0.510895	47.3945
14	32	0.358974	0.820513	-0.77533	-1.25201	-68.2528
14	33	0.358974	0.846154	-1.39241	-0.143135	82.2897
14	34	0.358974	0.871795	-1.27308	-0.218322	-81.5609
14	35	0.358974	0.897436	-0.906269	-0.898558	76.3092
14	36	0.358974	0.923077	-0.674839	0.633737	-53.7391
14	37	0.358974	0.948718	0.184152	-1.26192	32.2654
14	38	0.358974	0.974359	0.513099	0.533611	-9.85276
14	39	0.358974	1	1	0	0
15	0	0.384615	0	0	0	3.2644
15	1	0.384615	0.025641	0.0475594	-0.00951924	3.2644
15	2	0.384615	0.0512821	0.0208522	-0.00150381	3.15895
15	3	0.384615	0.0769231	0.148591	-0.0721595	2.63385
15	4	0.384615	0.102564	-0.0119393	0.0261184	4.97878
15	5	0.384615	0.128205	0.181111	-0.123938	-0.185352
15	6	0.384615	0.153846	0.045888	-0.00939806	8.22231
15	7	0.384615	0.179487	0.0750585	-0.0764099	-2.5788
15	8	0.384615	0.205128	0.220379	-0.150135	8.63163
15	9	0.384615	0.230769	-0.115222	0.0582104	0.260482
15	10	0.384615	0.25641	0.390788	-0.311465	2.51286
15	11	0.384615	0.282051	-0.190702	0.124596	9.48979
15	12	0.384615	0.307692	0.389199	-0.319907	-7.63565
15	13	0.384615	0.333333	0.0195799	-0.0454357	18.3061
15	14	0.384615	0.358974	0.11593	-0.0610122	-11.7841
15	15	0.384615	0.384615	0.434764	-0.419493	15.4238
15	16	0.384615	0.410256	-0.304103	0.297779	-0.0989405
15	17	0.384615	0.435897	0.751247	-0.702965	-3.49188
15	18	0.384615	0.461538	-0.469606	0.326552	23.7267
15	19	0.384615	0.487179	0.69688	-0.523325	-25.7632
15	20	0.384615	0.512821	-0.0596134	-0.231415	38.4493
15	21	0.384615	0.538462	0.19537	0.16495	-26.1503
15	22	0.384615	0.564103	0.633982	-1.01925	21.4038
15	23	0.384615	0.589744	-0.580739	0.694585	6.7344
15	24	0.384615	0.615385	0.840527	-1.231	-21.3727
15	25	0.384615	0.641026	-1.09228	0.405813	49.575
15	26	0.384615	0.666667	0.455145	-0.608838	-53.3272
15	27	0.384615	0.692308	-0.752611	-0.60555	63.8491
15	28	0.384615	0.717949	-0.0619831	0.371549	-42.5299
15	29	0.384615	0.74359	0.03416	-1.58285	27.4856
15	30	0.384615	0.769231	-0.855665	0.816059	7.98206
15	31	0.384615	0.794872	0.0343039	-1.48032	-32.627
15	32	0.384615	0.820513	-1.82123	0.431625	58.8473
15	33	0.384615	0.846154	-0.556112	-0.68396	-69.0425
15	34	0.384615	0.871795	-1.96207	-0.313704	78.7391
15	35	0.384615	0.897436	-0.576543	0.161434	-66.9831
15	36	0.384615	0.923077	-0.923907	-1.10517	56.7403
15	37	0.384615	0.948718	0.128232	0.698262	-30.6736
15	38	0.384615	0.974359	0.469216	-0.894379	9.48452
15	39	0.384615	1	1	0	0
16	0	0.410256	0	0	0	2.82763
16	1	0.410256	0.025641	0.029496	-0.0291723	2.82763
16	2	0.410256	0.0512821	0.0992467	-0.00152101	3.8791
16	3	0.410256	0.0769231	0.00513557	-0.0150875	1.97313
16	4	0.410256	0.102564	0.18584	-0.0896139	3.52195
16	5	0.410256	0.128205	-0.0118965	0.0435801	4.20743
16	6	0.410256	0.153846	0.176653	-0.163728	-0.345264
16	7	0.410256	0.179487	0.0859067	0.021533	8.92101
16	8	0.410256	0.205128	0.0281644	-0.106936	-4.32199
16	9	0.410256	0.230769	0.276925	-0.135533	10.5943
16	10	0.410256	0.25641	-0.159987	0.0642391	-2.13152
16	11	0.410256	0.282051	0.430242	-0.32817	4.37198
16	12	0.410256	0.307692	-0.170502	0.162658	7.96179
16	13	0.410256	0.333333	0.372863	-0.349408	-7.2491
16	14	0.410256	0.358974	0.11333	0.00694196	18.3543
16	15	0.410256	0.384615	0.00682208	-0.0690413	-13.1145
16	16	0.410256	0.410256	0.552868	-0.353842	16.9131
16	17	0.410256	0.435897	-0.453218	0.312424	-2.6882
16	18	0.410256	0.461538	0.859617	-0.620599	-0.647778
16	19	0.410256	0.487179	-0.500033	0.343392	19.7028
16	20	0.410256	0.512821	0.728917	-0.420933	-21.3923
16	21	0.410256	0.538462	0.0969232	-0.159838	32.3564
16	22	0.410256	0.564103	-0.0423114	0.250588	-21.3324
16	23	0.410256	0.589744	0.80684	-0.735016	16.74
16	24	0.410256	0.615385	-1.09519	0.696529	6.96828
16	25	0.410256	0.641026	0.967938	-0.788021	-17.0298
16	26	0.410256	0.666667	-1.4431	0.370485	39.9584
16	27	0.410256	0.692308	0.628222	-0.223397	-38.6807
16	28	0.410256	0.717949	-0.660092	-0.510779	43.8488
16	29	0.410256	0.74359	-0.241623	0.570233	-24.3375
16	30	0.410256	0.769231	0.196177	-1.01994	9.22676
16	31	0.410256	0.794872	-1.67552	0.785934	16.3023
16	32	0.410256	0.820513	0.0834823	-0.719605	-31.2195
16	33	0.410256	0.846154	-2.59804	0.352077	49.6846
16	34	0.410256	0.871795	-0.191512	-0.200138	-50.3562
16	35	0.410256	0.897436	-2.10014	-0.379053	55.2351
16	36	0.410256	0.923077	0.0744291	0.371251	-40.2417
16	37	0.410256	0.948718	-0.499773	-0.931672	26.3102
16	38	0.410256	0.974359	0.640023	0.393304	-9.18016
16	39	0.410256	1	1	0	0
17	0	0.435897	0	0	0	3.20519
17	1	0.435897	0.025641	0.0455551	0.0295911	3.20519
17	2	0.435897	0.0512821	0.0372462	-0.0628516	1.39638
17	3	0.435897	0.0769231	0.135143	-0.00625279	5.38068
17	4	0.435897	0.102564	0.0038051	-0.00185316	0.371959
17	5	0.435897	0.128205	0.194921	-0.138181	4.1449
17	6	0.435897	0.153846	0.00931934	0.088328	4.40311
17	7	0.435897	0.179487	0.156785	-0.219373	-1.99603
17	8	0.435897	0.205128	0.118013	0.0507104	11.2617
17	9	0.435897	0.230769	0.00241234	-0.119933	-7.51441
17	10	0.435897	0.25641	0.295812	-0.155508	13.42
17	11	0.435897	0.282051	-0.147137	0.107491	-4.54454
17	12	0.435897	0.307692	0.423053	-0.391535	5.3185
17	13	0.435897	0.333333	-0.102595	0.232963	8.19594
17	14	0.435897	0.358974	0.315804	-0.409535	-9.41291
17	15	0.435897	0.384615	0.194037	0.0704561	21.3053
17	16	0.435897	0.410256	-0.0957812	-0.0822797	-17.6065
17	17	0.435897	0.435897	0.607223	-0.315988	21.3219
17	18	0.435897	0.461538	-0.49874	0.349706	-7.70591
17	19	0.435897	0.487179	0.876447	-0.618008	3.44587
17	20	0.435897	0.512821	-0.379116	0.432163	15.6379
17	21	0.435897	0.538462	0.597017	-0.439115	-19.5679
17	22	0.435897	0.564103	0.282231	0.0438666	31.0017
17	23	0.435897	0.589744	-0.444873	0.206057	-24.5281
17	24	0.435897	0.615385	0.853231	-0.403661	22.2784
17	25	0.435897	0.641026	-1.48664	0.654618	-4.2027
17	26	0.435897	0.666667	0.981201	-0.524649	-3.43112
17	27	0.435897	0.692308	-1.3883	0.459198	22.3041
17	28	0.435897	0.717949	0.543122	-0.144287	-23.4445
17	29	0.435897	0.74359	-0.317619	-0.0971637	28.0099
17	30	0.435897	0.769231	-0.873903	0.447958	-18.4614
17	31	0.435897	0.794872	0.246176	-0.319867	10.3438
17	32	0.435897	0.820513	-2.49031	0.59987	3.58142
17	33	0.435897	0.846154	0.0989254	-0.248009	-10.9746
17	34	0.435897	0.871795	-2.83403	0.300576	22.5027
17	35	0.435897	0.897436	0.191324	-0.0425745	-22.5918
17	36	0.435897	0.923077	-1.60464	-0.273709	23.0996
17	37	0.435897	0.948718	0.525876	0.248592	-14.8883
17	38	0.435897	0.974359	0.285657	-0.457698	4.12293
17	39	0.435897	1	1	0	0
18	0	0.461538	0	0	0	2.397
18	1	0.461538	0.025641	0.03819	-0.0560742	2.397
18	2	0.461538	0.0512821	0.077416	0.049784	4.6255
18	3	0.461538	0.0769231	0.0501813	-0.0708145	-0.662874
18	4	0.461538	0.102564	0.144555	-0.0426859	6.82344
18	5	0.461538	0.128205	0.0204997	0.0419917	-0.409246
18	6	0.461538	0.153846	0.189938	-0.204062	3.38779
18	7	0.461538	0.179487	0.025055	0.133208	6.18504
18	8	0.461538	0.205128	0.153729	-0.254905	-5.03959
18	9	0.461538	0.230769	0.11416	0.0464677	14.3718
18	10	0.461538	0.25641	0.0241245	-0.0899383	-10.5662
18	11	0.461538	0.282051	0.27608	-0.21906	15.1906
18	12	0.461538	0.307692	-0.0907854	0.182625	-4.97553
18	13	0.461538	0.333333	0.39431	-0.47739	3.67659
18	14	0.461538	0.358974	-0.0465955	0.303528	11.2174
18	15	0.461538	0.384615	0.271428	-0.45678	-14.2972
18	16	0.461538	0.410256	0.204971	0.0967417	26.435
18	17	0.461538	0.435897	-0.114974	-0.0599292	-23.3793
18	18	0.461538	0.461538	0.580656	-0.359006	25.9868
18	19	0.461538	0.487179	-0.404775	0.436749	-11.3709
18	20	0.461538	0.512821	0.798799	-0.728032	4.53946
18	21	0.461538	0.538462	-0.198915	0.574615	16.3603
18	22	0.461538	0.564103	0.353582	-0.565622	-24.508
18	23	0.461538	0.589744	0.325777	0.231498	37.6284
18	24	0.461538	0.615385	-0.760733	0.102891	-36.2044
18	25	0.461538	0.641026	0.724044	-0.290404	34.9195
18	26	0.461538	0.666667	-1.46082	0.660106	-19.7755
18	27	0.461538	0.692308	0.844776	-0.633103	9.54822
18	28	0.461538	0.717949	-0.939296	0.674766	10.3579
18	29	0.461538	0.74359	0.125002	-0.438315	-19.8829
18	30	0.461538	0.769231	-0.090203	0.325269	29.4166
18	31	0.461538	0.794872	-1.57658	0.100855	-31.7182
18	32	0.461538	0.820513	0.0408831	-0.0106501	28.8993
18	33	0.461538	0.846154	-2.73911	0.403301	-23.7586
18	34	0.461538	0.871795	0.0986764	-0.23998	15.6574
18	35	0.461538	0.897436	-2.31916	0.329253	-7.97271
18	36	0.461538	0.923077	0.478846	-0.245555	1.14071
18	37	0.461538	0.948718	-0.603898	-0.0232084	0.309189
18	38	0.461538	0.974359	0.774814	-0.115115	-2.58127
18	39	0.461538	1	1	0	0
19	0	0.487179	0	0	0	2.93262
19	1	0.487179	0.025641	0.0388321	0.0420462	2.93262
19	2	0.487179	0.0512821	0.0710767	-0.0897515	0.680338
19	3	0.487179	0.0769231	0.0824844	0.0385466	6.29554
19	4	0.487179	0.102564	0.0759807	-0.0441678	-2.17795
19	5	0.487179	0.128205	0.139132	-0.0994232	7.08193
19	6	0.487179	0.153846	0.0334548	0.0917289	0.318023
19	7	0.487179	0.179487	0.19841	-0.251022	1.24031
19	8	0.487179	0.205128	0.00783271	0.148399	8.76157
19	9	0.487179	0.230769	0.187582	-0.242975	-7.99438
19	10	0.487179	0.25641	0.0749669	0.00338583	16.4478
19	11	0.487179	0.282051	0.0802999	-0.0229544	-11.6311
19	12	0.487179	0.307692	0.24764	-0.29751	14.43
19	13	0.487179	0.333333	-0.044738	0.258588	-2.72297
19	14	0.487179	0.358974	0.387915	-0.53493	-0.440948
19	15	0.487179	0.384615	-0.058534	0.339469	15.9341
19	16	0.487179	0.410256	0.290653	-0.446752	-19.8252
19	17	0.487179	0.435897	0.138364	0.0602547	31.1306
19	18	0.487179	0.461538	-0.0294443	0.0216133	-27.029
19	19	0.487179	0.487179	0.505339	-0.483034	27.39
19	20	0.487179	0.512821	-0.249218	0.564142	-10.1305
19	21	0.487179	0.538462	0.681907	-0.89462	-0.370204
19	22	0.487179	0.564103	-0.133012	0.690281	23.5197
19	23	0.487179	0.589744	0.164058	-0.681634	-35.6144
19	24	0.487179	0.615385	0.154613	0.250005	49.1246
19	25	0.487179	0.641026	-0.757581	0.0788334	-49.2321
19	26	0.487179	0.666667	0.483412	-0.491088	45.8542
19	27	0.487179	0.692308	-1.03377	0.765501	-27.4469
19	28	0.487179	0.717949	0.558846	-1.04716	10.9222
19	29	0.487179	0.74359	-0.525961	0.854543	14.4895
19	30	0.487179	0.769231	-0.397291	-0.835771	-33.2799
19	31	0.487179	0.794872	-0.28484	0.418226	45.9128
19	32	0.487179	0.820513	-1.83238	-0.156334	-55.3654
19	33	0.487179	0.846154	-0.307973	-0.136491	51.6528
19	34	0.487179	0.871795	-2.26986	0.331852	-48.4928
19	35	0.487179	0.897436	0.0830655	-0.563813	35.3681
19	36	0.487179	0.923077	-1.25521	0.440751	-24.8996
19	37	0.487179	0.948718	0.603442	-0.609643	10.1564
19	38	0.487179	0.974359	0.39527	0.0794643	-4.71694
19	39	0.487179	1	1	0	0
20	0	0.512821	0	0	0	2.19303
20	1	0.512821	0.025641	0.047241	-0.0493562	2.19303
20	2	0.512821	0.0512821	0.0479734	0.0546297	4.07695
20	3	0.512821	0.0769231	0.111031	-0.0871984	-0.868198
20	4	0.512821	0.102564	0.0694621	0.00321977	7.07999
20	5	0.512821	0.128205	0.0981262	-0.00453359	-2.35196
20	6	0.512821	0.153846	0.143938	-0.142639	5.98772
20	7	0.512821	0.179487	0.0170985	0.116843	1.91759
20	8	0.512821	0.205128	0.236147	-0.251453	-0.994824
20	9	0.512821	0.230769	-0.043304	0.127716	10.4625
20	10	0.512821	0.25641	0.245514	-0.19083	-9.15482
20	11	0.512821	0.282051	0.0322288	-0.0512515	16.1694
20	12	0.512821	0.307692	0.125637	0.0470762	-10.1908
20	13	0.512821	0.333333	0.25049	-0.342368	11.3932
20	14	0.512821	0.358974	-0.0600968	0.303186	0.914839
20	15	0.512821	0.384615	0.433351	-0.523478	-4.93255
20	16	0.512821	0.410256	-0.146179	0.328488	19.7841
20	17	0.512821	0.435897	0.377356	-0.367698	-23.0033
20	18	0.512821	0.461538	0.0405128	-0.0229132	32.5213
20	19	0.512821	0.487179	0.0978257	0.148957	-26.0917
20	20	0.512821	0.512821	0.446884	-0.620585	23.5216
20	21	0.512821	0.538462	-0.179596	0.684831	-3.66358
20	22	0.512821	0.564103	0.622258	-0.983885	-10.044
20	23	0.512821	0.589744	-0.286171	0.708373	33.6123
20	24	0.512821	0.615385	0.17019	-0.645951	-46.3499
20	25	0.512821	0.641026	-0.155401	0.0792016	57.932
20	26	0.512821	0.666667	-0.456313	0.211321	-53.6867
20	27	0.512821	0.692308	0.228042	-0.876059	45.8148
20	28	0.512821	0.717949	-0.589417	0.908699	-20.2652
20	29	0.512821	0.74359	0.256982	-1.40386	-3.17013
20	30	0.512821	0.769231	-0.583121	0.855358	30.935
20	31	0.512821	0.794872	-0.645505	-0.943199	-53.7524
20	32	0.512821	0.820513	-0.808763	0.236574	64.1456
20	33	0.512821	0.846154	-1.52803	-0.163124	-71.9157
20	34	0.512821	0.871795	-0.662921	-0.471416	65.2795
20	35	0.512821	0.897436	-1.33903	0.40074	-56.2664
20	36	0.512821	0.923077	0.0495531	-0.976205	38.087
20	37	0.512821	0.948718	-0.16094	0.496181	-22.0092
20	38	0.512821	0.974359	0.710521	-0.703666	3.9228
20	39	0.512821	1	1	0	0
21	0	0.538462	0	0	0	2.44047
21	1	0.538462	0.025641	0.0330788	0.0224025	2.44047
21	2	0.538462	0.0512821	0.0964808	-0.0639731	1.22732
21	3	0.538462	0.0769231	0.0331311	0.0401461	4.70436
21	4	0.538462	0.102564	0.146581	-0.065765	-1.34639
21	5	0.538462	0.128205	0.0621531	-0.0261689	6.63785
21	6	0.538462	0.153846	0.0941707	0.0165024	-1.60765
21	7	0.538462	0.179487	0.173842	-0.145629	4.62079
21	8	0.538462	0.205128	-0.0315362	0.107767	2.8825
21	9	0.538462	0.230769	0.290341	-0.212941	-1.75032
21	10	0.538462	0.25641	-0.0978978	0.0943539	10.0903
21	11	0.538462	0.282051	0.290087	-0.135855	-8.0747
21	12	0.538462	0.307692	0.0257439	-0.075941	13.8623
21	13	0.538462	0.333333	0.118019	0.0850695	-7.5838
21	14	0.538462	0.358974	0.301929	-0.321845	8.1006
21	15	0.538462	0.384615	-0.145025	0.305458	3.49142
21	16	0.538462	0.410256	0.517888	-0.445807	-7.15151
21	17	0.538462	0.435897	-0.261443	0.288555	20.4264
21	18	0.538462	0.461538	0.479457	-0.250688	-22.1437
21	19	0.538462	0.487179	-0.0155859	-0.0975541	29.4463
21	20	0.538462	0.512821	0.158922	0.276119	-21.0672
21	21	0.538462	0.538462	0.465604	-0.66325	15.9299
21	22	0.538462	0.564103	-0.299482	0.748109	4.34073
21	23	0.538462	0.589744	0.672146	-0.884259	-18.7163
21	24	0.538462	0.615385	-0.612229	0.624826	40.0773
21	25	0.538462	0.641026	0.345763	-0.42518	-48.9656
21	26	0.538462	0.666667	-0.452075	-0.170774	56.743
21	27	0.538462	0.692308	-0.121953	0.442945	-45.3828
21	28	0.538462	0.717949	0.0828276	-1.13337	32.0252
21	29	0.538462	0.74359	-0.535643	0.991201	-3.42137
21	30	0.538462	0.769231	0.130381	-1.32684	-22.767
21	31	0.538462	0.794872	-1.10996	0.720225	46.3392
21	32	0.538462	0.820513	-0.534134	-0.687755	-64.3965
21	33	0.538462	0.846154	-1.40998	-0.0261865	71.0539
21	34	0.538462	0.871795	-0.889496	0.0102005	-70.4222
21	35	0.538462	0.897436	-0.889579	-0.807222	60.9835
21	36	0.538462	0.923077	-0.377749	0.492218	-44.6751
21	37	0.538462	0.948718	0.131586	-1.11103	23.3831
21	38	0.538462	0.974359	0.569828	0.261433	-9.35431
21	39	0.538462	1	1	0	0
22	0	0.564103	0	0	0	2.13481
22	1	0.564103	0.025641	0.0495568	-0.0163064	2.13481
22	2	0.564103	0.0512821	0.0322897	0.0166404	2.53349
22	3	0.564103	0.0769231	0.141038	-0.0564684	1.0151
22	4	0.564103	0.102564	0.0170683	0.0246398	4.30766
22	5	0.564103	0.128205	0.158543	-0.0567906	-0.941087
22	6	0.564103	0.153846	0.0771505	-0.0238938	5.8123
22	7	0.564103	0.179487	0.0599312	0.00573114	-1.25975
22	8	0.564103	0.205128	0.217514	-0.114488	4.4016
22	9	0.564103	0.230769	-0.0858057	0.0836361	2.11024
22	10	0.564103	0.25641	0.32896	-0.173354	-0.587152
22	11	0.564103	0.282051	-0.11634	0.08395	7.99429
22	12	0.564103	0.307692	0.289055	-0.115313	-6.02249
22	13	0.564103	0.333333	0.0693775	-0.0473187	11.4252
22	14	0.564103	0.358974	0.0512305	0.0794536	-6.07284
22	15	0.564103	0.384615	0.377983	-0.248804	6.88886
22	16	0.564103	0.410256	-0.255368	0.281805	3.1055
22	17	0.564103	0.435897	0.593387	-0.348121	-5.91034
22	18	0.564103	0.461538	-0.329121	0.259916	17.4064
22	19	0.564103	0.487179	0.524021	-0.150581	-18.1939
22	20	0.564103	0.512821	0.0206258	-0.0958402	23.6937
22	21	0.564103	0.538462	0.0758276	0.349591	-15.3977
22	22	0.564103	0.564103	0.557132	-0.543235	9.4489
22	23	0.564103	0.589744	-0.587412	0.729523	8.36458
22	24	0.564103	0.615385	0.776089	-0.618424	-20.2664
22	25	0.564103	0.641026	-0.943886	0.495414	37.476
22	26	0.564103	0.666667	0.527869	-0.132044	-41.0137
22	27	0.564103	0.692308	-0.567799	-0.307588	44.0153
22	28	0.564103	0.717949	-0.0420777	0.63043	-29.6012
22	29	0.564103	0.74359	0.122343	-0.978922	13.2413
22	30	0.564103	0.769231	-0.957623	0.95341	10.5466
22	31	0.564103	0.794872	0.171747	-0.836822	-31.8285
22	32	0.564103	0.820513	-1.81017	0.523539	48.3254
22	33	0.564103	0.846154	-0.228612	-0.307689	-56.8753
22	34	0.564103	0.871795	-1.80013	-0.245187	59.8469
22	35	0.564103	0.897436	-0.210442	0.185294	-52.2075
22	36	0.564103	0.923077	-0.80244	-0.934422	39.6193
22	37	0.564103	0.948718	0.305418	0.430126	-23.492
22	38	0.564103	0.974359	0.487449	-0.78053	4.69354
22	39	0.564103	1	1	0	0
23	0	0.589744	0	0	0	1.89018
23	1	0.589744	0.025641	0.0315673	-0.0119704	1.89018
23	2	0.589744	0.0512821	0.0954038	-0.00994557	2.31496
23	3	0.589744	0.0769231	0.0204014	0.00536879	1.81218
23	4	0.589744	0.102564	0.164478	-0.056416	1.59454
23	5	0.589744	0.128205	0.0190156	0.0334399	3.49807
23	6	0.589744	0.153846	0.142137	-0.0761635	-0.760087
23	7	0.589744	0.179487	0.106731	0.00698883	5.87377
23	8	0.589744	0.205128	0.0172882	-0.0208263	-2.33863
23	9	0.589744	0.230769	0.246291	-0.0838922	5.78752
23	10	0.589744	0.25641	-0.108758	0.0773282	-0.0787841
23	11	0.589744	0.282051	0.327384	-0.168943	1.35629
23	12	0.589744	0.307692	-0.0840977	0.115901	5.93721
23	13	0.589744	0.333333	0.240344	-0.138689	-5.05823
23	14	0.589744	0.358974	0.135092	0.0183484	10.9148
23	15	0.589744	0.384615	-0.0369955	0.0492835	-7.21155
23	16	0.589744	0.410256	0.430285	-0.173022	8.60459
23	17	0.589744	0.435897	-0.321159	0.267048	-0.178559
23	18	0.589744	0.461538	0.611184	-0.287586	-2.3956
23	19	0.589744	0.487179	-0.299938	0.282749	12.7708
23	20	0.589744	0.512821	0.464463	-0.114758	-14.2459
23	21	0.589744	0.538462	0.126832	0.0102373	19.2647
23	22	0.589744	0.564103	-0.139571	0.337796	-13.4272
23	23	0.589744	0.589744	0.637228	-0.312277	8.76667
23	24	0.589744	0.615385	-0.890453	0.646792	4.69088
23	25	0.589744	0.641026	0.82458	-0.343395	-13.2887
23	26	0.589744	0.666667	-1.07378	0.419386	25.8337
23	27	0.589744	0.692308	0.550842	0.0559388	-27.378
23	28	0.589744	0.717949	-0.432327	-0.170845	27.3106
23	29	0.589744	0.74359	-0.329897	0.634659	-17.073
23	30	0.589744	0.769231	0.237244	-0.470604	3.74603
23	31	0.589744	0.794872	-1.6038	0.76146	10.6123
23	32	0.589744	0.820513	0.230443	-0.319067	-23.2325
23	33	0.589744	0.846154	-2.26756	0.325537	32.5494
23	34	0.589744	0.871795	0.103903	-0.0761225	-35.4114
23	35	0.589744	0.897436	-1.71595	-0.327902	34.3021
23	36	0.589744	0.923077	0.307996	0.189234	-27.3697
23	37	0.589744	0.948718	-0.301688	-0.721567	14.2947
23	38	0.589744	0.974359	0.701182	0.0891393	-7.18594
23	39	0.589744	1	1	0	0
24	0	0.615385	0	0	0	2.05304
24	1	0.615385	0.025641	0.0438291	0.0173858	2.05304
24	2	0.615385	0.0512821	0.0385075	-0.0321369	0.975085
24	3	0.615385	0.0769231	0.12291	-0.00767412	3.21383
24	4	0.615385	0.102564	0.0191572	0.0139567	0.668482
24	5	0.615385	0.128205	0.161291	-0.0813675	2.06237
24	6	0.615385	0.153846	0.0363241	0.067298	3.40398
24	7	0.615385	0.179487	0.1149	-0.110546	-1.77826
24	8	0.615385	0.205128	0.125197	0.0369597	7.3053
24	9	0.615385	0.230769	-0.00162638	-0.0312336	-4.60421
24	10	0.615385	0.25641	0.239375	-0.0865824	7.79742
24	11	0.615385	0.282051	-0.0851531	0.108186	-2.0812
24	12	0.615385	0.307692	0.288013	-0.205797	2.21922
24	13	0.615385	0.333333	-0.0278721	0.175515	5.73181
24	14	0.615385	0.358974	0.176184	-0.181274	-6.49013
24	15	0.615385	0.384615	0.173673	0.0765848	12.9187
24	16	0.615385	0.410256	-0.0881561	0.0322457	-10.6293
24	17	0.615385	0.435897	0.423136	-0.143822	11.9485
24	18	0.615385	0.461538	-0.2982	0.292263	-4.16894
24	19	0.615385	0.487179	0.553047	-0.296134	0.584142
24	20	0.615385	0.512821	-0.197327	0.36502	9.90911
24	21	0.615385	0.538462	0.315665	-0.154911	-13.6511
24	22	0.615385	0.564103	0.209	0.167773	19.5362
24	23	0.615385	0.589744	-0.368889	0.259588	-17.4303
24	24	0.615385	0.615385	0.614063	-0.118529	14.5511
24	25	0.615385	0.641026	-1.00683	0.568207	-5.29784
24	26	0.615385	0.666667	0.745897	-0.228984	-2.2963
24	27	0.615385	0.692308	-0.907786	0.483307	12.2828
24	28	0.615385	0.717949	0.337559	0.013144	-17
24	29	0.615385	0.74359	-0.194319	0.179746	18.5393
24	30	0.615385	0.769231	-0.831154	0.41003	-16.9979
24	31	0.615385	0.794872	0.226805	-0.00731853	10.1018
24	32	0.615385	0.820513	-2.02063	0.48762	-5.26743
24	33	0.615385	0.846154	0.235113	-0.102415	-2.73985
24	34	0.615385	0.871795	-2.16211	0.202316	6.29259
24	35	0.615385	0.897436	0.363881	-0.112562	-10.737
24	36	0.615385	0.923077	-1.09574	-0.222839	7.94964
24	37	0.615385	0.948718	0.598831	-0.029866	-8.05455
24	38	0.615385	0.974359	0.420622	-0.380446	-0.281585
24	39	0.615385	1	1	0	0
25	0	0.641026	0	0	0	1.46636
25	1	0.641026	0.025641	0.0341069	-0.0356716	1.46636
25	2	0.641026	0.0512821	0.0719398	0.0324005	2.95389
25	3	0.641026	0.0769231	0.0459955	-0.0344854	-0.429776
25	4	0.641026	0.102564	0.125365	-0.0282673	4.11861
25	5	0.641026	0.128205	0.0313093	0.0470764	0.102213
25	6	0.641026	0.153846	0.145408	-0.120958	1.48841
25	7	0.641026	0.179487	0.0472234	0.101839	4.54345
25	8	0.641026	0.205128	0.103804	-0.129005	-3.87154
25	9	0.641026	0.230769	0.112687	0.0371147	9.28864
25	10	0.641026	0.25641	0.017785	-0.00498647	-6.63636
25	11	0.641026	0.282051	0.201451	-0.126278	8.76386
25	12	0.641026	0.307692	-0.0374308	0.164537	-2.29125
25	13	0.641026	0.333333	0.240095	-0.255397	0.858162
25	14	0.641026	0.358974	0.00456959	0.225358	7.77032
25	15	0.641026	0.384615	0.142423	-0.201295	-9.81314
25	16	0.641026	0.410256	0.153546	0.089509	16.0897
25	17	0.641026	0.435897	-0.0676385	0.0580508	-14.1565
25	18	0.641026	0.461538	0.356909	-0.176918	14.3672
25	19	0.641026	0.487179	-0.20838	0.360138	-5.98675
25	20	0.641026	0.512821	0.444875	-0.360509	0.387523
25	21	0.641026	0.538462	-0.110952	0.465884	11.0989
25	22	0.641026	0.564103	0.161784	-0.229678	-17.651
25	23	0.641026	0.589744	0.176688	0.273299	24.4635
25	24	0.641026	0.615385	-0.457112	0.187819	-25.3212
25	25	0.641026	0.641026	0.465198	-0.0845761	22.7405
25	26	0.641026	0.666667	-0.851933	0.569292	-14.9741
25	27	0.641026	0.692308	0.533409	-0.337456	5.19734
25	28	0.641026	0.717949	-0.595929	0.655409	6.32223
25	29	0.641026	0.74359	-0.0251494	-0.231302	-17.2499
25	30	0.641026	0.769231	-0.126222	0.45918	23.075
25	31	0.641026	0.794872	-1.17001	0.103693	-29.828
25	32	0.641026	0.820513	0.0395617	0.120047	26.4112
25	33	0.641026	0.846154	-1.89512	0.280184	-27.4394
25	34	0.641026	0.871795	0.189368	-0.216164	18.358
25	35	0.641026	0.897436	-1.48925	0.204294	-16.0923
25	36	0.641026	0.923077	0.487449	-0.371935	6.1006
25	37	0.641026	0.948718	-0.201866	-0.0229233	-5.61312
25	38	0.641026	0.974359	0.762013	-0.314657	-1.73889
25	39	0.641026	1	1	0	0
26	0	0.666667	0	0	0	1.8217
26	1	0.666667	0.025641	0.0344654	0.0303431	1.8217
26	2	0.666667	0.0512821	0.0570183	-0.0558085	0.241683
26	3	0.666667	0.0769231	0.0758956	0.0258243	4.04571
26	4	0.666667	0.102564	0.0618771	-0.0107228	-1.44157
26	5	0.666667	0.128205	0.113469	-0.0648391	4.13546
26	6	0.666667	0.153846	0.0401561	0.0847177	0.68334
26	7	0.666667	0.179487	0.139718	-0.146329	-0.139111
26	8	0.666667	0.205128	0.0322402	0.110659	6.2645
26	9	0.666667	0.230769	0.121923	-0.110285	-5.81693
26	10	0.666667	0.25641	0.0731963	0.00396022	10.3377
26	11	0.666667	0.282051	0.0580569	0.0484185	-6.99545
26	12	0.666667	0.307692	0.160214	-0.174753	7.65779
26	13	0.666667	0.333333	-0.00840606	0.213261	-0.434232
26	14	0.666667	0.358974	0.219763	-0.275353	-2.19897
26	15	0.666667	0.384615	-0.0175649	0.235238	10.7009
26	16	0.666667	0.410256	0.16282	-0.171224	-12.977
26	17	0.666667	0.435897	0.0824686	0.0518425	18.1102
26	18	0.666667	0.461538	0.00457318	0.125264	-15.3627
26	19	0.666667	0.487179	0.267812	-0.245214	13.7494
26	20	0.666667	0.512821	-0.128725	0.438646	-4.19096
26	21	0.666667	0.538462	0.349268	-0.423958	-3.55741
26	22	0.666667	0.564103	-0.12745	0.521666	15.6303
26	23	0.666667	0.589744	0.10264	-0.263348	-23.942
26	24	0.666667	0.615385	0.0174423	0.258074	30.3875
26	25	0.666667	0.641026	-0.3489	0.194744	-31.4706
26	26	0.666667	0.666667	0.238453	-0.21886	27.1886
26	27	0.666667	0.692308	-0.560763	0.651628	-17.2756
26	28	0.666667	0.717949	0.266942	-0.569354	3.4868
26	29	0.666667	0.74359	-0.433767	0.780405	11.2718
26	30	0.666667	0.769231	-0.285534	-0.466362	-27.5628
26	31	0.666667	0.794872	-0.333065	0.480153	35.2076
26	32	0.666667	0.820513	-1.09024	-0.0774956	-45.4495
26	33	0.666667	0.846154	-0.243635	-0.0471349	41.4822
26	34	0.666667	0.871795	-1.28409	0.217128	-42.0495
26	35	0.666667	0.897436	0.095888	-0.519036	29.6887
26	36	0.666667	0.923077	-0.563907	0.279614	-23.5459
26	37	0.666667	0.948718	0.52532	-0.624266	8.80211
26	38	0.666667	0.974359	0.545255	-0.0143966	-5.54966
26	39	0.666667	1	1	0	0
27	0	0.692308	0	0	0	1.237
27	1	0.692308	0.025641	0.0366875	-0.0344523	1.237
27	2	0.692308	0.0512821	0.0436144	0.0399979	2.63812
27	3	0.692308	0.0769231	0.0818125	-0.0481577	-0.861599
27	4	0.692308	0.102564	0.0634081	0.000572051	4.46715
27	5	0.692308	0.128205	0.0749092	0.0231078	-1.42435
27	6	0.692308	0.153846	0.107345	-0.0916846	3.10828
27	7	0.692308	0.179487	0.0276799	0.101557	1.94009
27	8	0.692308	0.205128	0.156066	-0.136109	-1.80416
27	9	0.692308	0.230769	-0.00704016	0.0884621	7.25104
27	10	0.692308	0.25641	0.155918	-0.0623649	-6.30485
27	11	0.692308	0.282051	0.0325623	-0.0377495	9.50411
27	12	0.692308	0.307692	0.0835248	0.0973889	-5.44005
27	13	0.692308	0.333333	0.146315	-0.192843	4.96352
27	14	0.692308	0.358974	-0.0270543	0.226548	2.19332
27	15	0.692308	0.384615	0.241522	-0.242129	-5.06104
27	16	0.692308	0.410256	-0.0862202	0.203032	12.4156
27	17	0.692308	0.435897	0.218281	-0.0994316	-13.8942
27	18	0.692308	0.461538	0.00152368	-0.00712388	17.2818
27	19	0.692308	0.487179	0.0675086	0.201294	-13.3618
27	20	0.692308	0.512821	0.208227	-0.29287	9.95289
27	21	0.692308	0.538462	-0.132837	0.482237	0.0737782
27	22	0.692308	0.564103	0.322645	-0.420537	-8.95847
27	23	0.692308	0.589744	-0.262142	0.494507	20.1557
27	24	0.692308	0.615385	0.163145	-0.206635	-27.9483
27	25	0.692308	0.641026	-0.200994	0.135623	32.4561
27	26	0.692308	0.666667	-0.148077	0.281972	-30.9938
27	27	0.692308	0.692308	0.031851	-0.40922	23.7555
27	28	0.692308	0.717949	-0.381916	0.727868	-10.8749
27	29	0.692308	0.74359	0.0996094	-0.708743	-6.20634
27	30	0.692308	0.769231	-0.569353	0.748819	21.375
27	31	0.692308	0.794872	-0.274159	-0.500817	-38.5109
27	32	0.692308	0.820513	-0.706683	0.293712	44.4863
27	33	0.692308	0.846154	-0.667921	-0.0773054	-51.8954
27	34	0.692308	0.871795	-0.519586	-0.341147	45.8312
27	35	0.692308	0.897436	-0.502	0.252784	-41.3163
27	36	0.692308	0.923077	0.0368581	-0.784081	26.0202
27	37	0.692308	0.948718	0.206021	0.276794	-16.6403
27	38	0.692308	0.974359	0.672468	-0.602263	1.61617
27	39	0.692308	1	1	0	0
28	0	0.717949	0	0	0	1.44383
28	1	0.717949	0.025641	0.0261949	0.0194014	1.44383
28	2	0.717949	0.0512821	0.0691182	-0.0421663	0.459121
28	3	0.717949	0.0769231	0.032812	0.0288122	3.08068
28	4	0.717949	0.102564	0.1024	-0.0247774	-1.14271
28	5	0.717949	0.128205	0.0526842	-0.0213948	3.91867
28	6	0.717949	0.153846	0.0696461	0.0423525	-0.651949
28	7	0.717949	0.179487	0.118743	-0.0877358	1.83691
28	8	0.717949	0.205128	-0.00693965	0.089379	2.7272
28	9	0.717949	0.230769	0.184204	-0.0962603	-2.31155
28	10	0.717949	0.25641	-0.0478074	0.0552537	6.61011
28	11	0.717949	0.282051	0.177068	-0.0159029	-5.0609
28	12	0.717949	0.307692	0.0189213	-0.0537126	7.19093
28	13	0.717949	0.333333	0.0690528	0.113879	-3.14597
28	14	0.717949	0.358974	0.168785	-0.161052	2.38982
28	15	0.717949	0.384615	-0.0874932	0.201256	3.68021
28	16	0.717949	0.410256	0.285466	-0.170006	-5.88545
28	17	0.717949	0.435897	-0.160824	0.154697	11.5261
28	18	0.717949	0.461538	0.261674	-0.0236051	-11.9893
28	19	0.717949	0.487179	-0.040817	-0.0411132	13.75
28	20	0.717949	0.512821	0.0651875	0.244836	-9.4674
28	21	0.717949	0.538462	0.209318	-0.271362	5.14859
28	22	0.717949	0.564103	-0.236212	0.462559	3.80546
28	23	0.717949	0.589744	0.362916	-0.32911	-12.0868
28	24	0.717949	0.615385	-0.449699	0.396449	20.9236
28	25	0.717949	0.641026	0.268256	-0.0844456	-26.3427
28	26	0.717949	0.666667	-0.368258	-0.00832643	27.9674
28	27	0.717949	0.692308	-0.0258614	0.373296	-23.8317
28	28	0.717949	0.717949	-0.0508901	-0.487767	14.0483
28	29	0.717949	0.74359	-0.452935	0.7073	-1.26187
28	30	0.717949	0.769231	0.104046	-0.618884	-15.6227
28	31	0.717949	0.794872	-0.908998	0.571853	27.4096
28	32	0.717949	0.820513	-0.0645079	-0.352436	-40.2793
28	33	0.717949	0.846154	-1.05575	0.027534	42.9216
28	34	0.717949	0.871795	-0.15528	0.0100652	-44.5862
28	35	0.717949	0.897436	-0.63399	-0.578201	36.0214
28	36	0.717949	0.923077	0.130793	0.256099	-28.1065
28	37	0.717949	0.948718	0.180331	-0.767744	12.351
28	38	0.717949	0.974359	0.675788	0.0457484	-6.52949
28	39	0.717949	1	1	0	0
29	0	0.74359	0	0	0	1.1361
29	1	0.74359	0.025641	0.034687	-0.0140293	1.1361
29	2	0.74359	0.0512821	0.0258381	0.0170285	1.61177
29	3	0.74359	0.0769231	0.0957516	-0.0301273	0.220757
29	4	0.74359	0.102564	0.0189011	0.0146446	2.72053
29	5	0.74359	0.128205	0.106228	-0.00899625	-0.672765
29	6	0.74359	0.153846	0.0564256	-0.0195681	2.98004
29	7	0.74359	0.179487	0.0437514	0.0358355	-0.086197
29	8	0.74359	0.205128	0.140281	-0.0559924	1.39594
29	9	0.74359	0.230769	-0.0448141	0.0634388	2.19369
29	10	0.74359	0.25641	0.200701	-0.0551987	-1.32133
29	11	0.74359	0.282051	-0.063718	0.0409134	4.63968
29	12	0.74359	0.307692	0.164858	0.00092004	-3.09165
29	13	0.74359	0.333333	0.0397555	-0.0269981	4.91096
29	14	0.74359	0.358974	0.018597	0.0932707	-1.83072
29	15	0.74359	0.384615	0.206837	-0.0955837	1.58639
29	16	0.74359	0.410256	-0.153521	0.159928	2.8567
29	17	0.74359	0.435897	0.313241	-0.0995821	-4.2448
29	18	0.74359	0.461538	-0.195514	0.127843	8.36104
29	19	0.74359	0.487179	0.253236	0.0162956	-8.5808
29	20	0.74359	0.512821	-0.0236514	-0.0175406	9.54056
29	21	0.74359	0.538462	-0.0140766	0.231914	-6.29822
29	22	0.74359	0.564103	0.251722	-0.179395	2.39388
29	23	0.74359	0.589744	-0.384647	0.386028	4.14419
29	24	0.74359	0.615385	0.40931	-0.196961	-10.607
29	25	0.74359	0.641026	-0.582318	0.283547	16.4097
29	26	0.74359	0.666667	0.311992	0.0207018	-19.6921
29	27	0.74359	0.692308	-0.396345	-0.0657049	18.8353
29	28	0.74359	0.717949	-0.0799773	0.379196	-14.7501
29	29	0.74359	0.74359	-0.00107913	-0.373035	4.93683
29	30	0.74359	0.769231	-0.711317	0.558287	3.96047
29	31	0.74359	0.794872	0.19351	-0.379221	-16.7956
29	32	0.74359	0.820513	-1.22651	0.31903	23.2859
29	33	0.74359	0.846154	0.169444	-0.182565	-30.5274
29	34	0.74359	0.871795	-1.16445	-0.189903	29.3518
29	35	0.74359	0.897436	0.240808	0.0466861	-27.9652
29	36	0.74359	0.923077	-0.438983	-0.601779	17.934
29	37	0.74359	0.948718	0.505471	0.128794	-12.4273
29	38	0.74359	0.974359	0.559219	-0.506309	0.532986
29	39	0.74359	1	1	0	0
30	0	0.769231	0	0	0	1.03427
30	1	0.769231	0.025641	0.0211463	-0.00241562	1.03427
30	2	0.769231	0.0512821	0.062962	-0.00815139	1.09925
30	3	0.769231	0.0769231	0.0156276	0.00786308	1.19793
30	4	0.769231	0.102564	0.106662	-0.0194853	0.636039
30	5	0.769231	0.128205	0.0159751	0.017169	1.92446
30	6	0.769231	0.153846	0.0902125	-0.0142248	-0.21773
30	7	0.769231	0.179487	0.070552	0.00652405	2.59014
30	8	0.769231	0.205128	0.0121504	0.0144762	-0.534207
30	9	0.769231	0.230769	0.15232	-0.0208838	2.19019
30	10	0.769231	0.25641	-0.0621092	0.0501782	0.516214
30	11	0.769231	0.282051	0.188819	-0.0399967	0.354303
30	12	0.769231	0.307692	-0.0466995	0.0616623	2.64865
30	13	0.769231	0.333333	0.12246	-0.0171356	-1.92272
30	14	0.769231	0.358974	0.0750338	0.0280457	4.14153
30	15	0.769231	0.384615	-0.0377043	0.0565067	-2.51895
30	16	0.769231	0.410256	0.226562	-0.0352609	2.91743
30	17	0.769231	0.435897	-0.183698	0.135917	0.133261
30	18	0.769231	0.461538	0.296846	-0.0677764	-1.38257
30	19	0.769231	0.487179	-0.172402	0.146185	4.80553
30	20	0.769231	0.512821	0.187246	0.00306785	-5.95013
30	21	0.769231	0.538462	0.0275104	0.0558353	7.18202
30	22	0.769231	0.564103	-0.128456	0.17085	-6.04066
30	23	0.769231	0.589744	0.279598	-0.0693204	3.35944
30	24	0.769231	0.615385	-0.485964	0.293709	0.388261
30	25	0.769231	0.641026	0.396227	-0.104602	-5.35571
30	26	0.769231	0.666667	-0.580382	0.224586	8.76448
30	27	0.769231	0.692308	0.238701	0.033044	-11.9876
30	28	0.769231	0.717949	-0.29877	0.00659635	10.6452
30	29	0.769231	0.74359	-0.273879	0.261121	-9.68113
30	30	0.769231	0.769231	0.0746199	-0.157434	2.71921
30	31	0.769231	0.794872	-0.956233	0.319816	0.506539
30	32	0.769231	0.820513	0.244719	-0.182876	-8.55856
30	33	0.769231	0.846154	-1.28795	0.0894335	9.87978
30	34	0.769231	0.871795	0.315582	-0.129567	-14.4206
30	35	0.769231	0.897436	-0.909583	-0.256479	10.7158
30	36	0.769231	0.923077	0.453468	-0.0460548	-11.0974
30	37	0.769231	0.948718	0.033727	-0.406686	3.08672
30	38	0.769231	0.974359	0.730704	-0.124547	-3.75947
30	39	0.769231	1	1	0	0
31	0	0.794872	0	0	0	1.0413
31	1	0.794872	0.025641	0.0271769	0.00782957	1.0413
31	2	0.794872	0.0512821	0.022913	-0.0135388	0.559509
31	3	0.794872	0.0769231	0.0768455	0.000593067	1.57965
31	4	0.794872	0.102564	0.0111592	0.0101054	0.379728
31	5	0.794872	0.128205	0.0983131	-0.0248076	1.13362
31	6	0.794872	0.153846	0.0236315	0.0400875	1.48493
31	7	0.794872	0.179487	0.065906	-0.0334785	-0.527208
31	8	0.794872	0.205128	0.0787036	0.0374044	3.19795
31	9	0.794872	0.230769	-0.00457313	0.00170946	-1.94454
31	10	0.794872	0.25641	0.140359	-0.00720262	3.60458
31	11	0.794872	0.282051	-0.0499309	0.0661264	-1.2063
31	12	0.794872	0.307692	0.151565	-0.0561856	1.38211
31	13	0.794872	0.333333	-0.0141263	0.106978	1.95183
31	14	0.794872	0.358974	0.0744276	-0.0499309	-2.48388
31	15	0.794872	0.384615	0.093396	0.077545	5.22006
31	16	0.794872	0.410256	-0.0648132	0.0355457	-4.80875
31	17	0.794872	0.435897	0.206522	-0.0123089	5.25474
31	18	0.794872	0.461538	-0.161718	0.150108	-2.76163
31	19	0.794872	0.487179	0.236714	-0.0845843	0.688543
31	20	0.794872	0.512821	-0.116174	0.200679	2.98592
31	21	0.794872	0.538462	0.0965148	-0.0475967	-5.82915
31	22	0.794872	0.564103	0.0599791	0.133382	7.86335
31	23	0.794872	0.589744	-0.207146	0.100512	-8.91587
31	24	0.794872	0.615385	0.247023	-0.00776849	7.10128
31	25	0.794872	0.641026	-0.474138	0.237802	-5.26972
31	26	0.794872	0.666667	0.300966	-0.105212	0.307515
31	27	0.794872	0.692308	-0.460134	0.246379	2.52243
31	28	0.794872	0.717949	0.076252	-0.0630093	-7.80362
31	29	0.794872	0.74359	-0.188458	0.136449	8.13055
31	30	0.794872	0.769231	-0.461585	0.0624307	-11.5299
31	31	0.794872	0.794872	0.0680384	-0.0111887	7.95136
31	32	0.794872	0.820513	-0.98334	0.0903592	-9.58593
31	33	0.794872	0.846154	0.208099	-0.147713	3.9136
31	34	0.794872	0.871795	-1.00511	-0.0294784	-5.42564
31	35	0.794872	0.897436	0.347519	-0.222868	-0.0246644
31	36	0.794872	0.923077	-0.379811	-0.170435	-2.82451
31	37	0.794872	0.948718	0.549035	-0.214337	-1.61453
31	38	0.794872	0.974359	0.564302	-0.231726	-2.44239
31	39	0.794872	1	1	0	0
32	0	0.820513	0	0	0	0.718395
32	1	0.820513	0.025641	0.0185433	-0.0177585	0.718395
32	2	0.820513	0.0512821	0.0415325	0.0191929	1.48468
32	3	0.820513	0.0769231	0.0232019	-0.0157145	-0.278936
32	4	0.820513	0.102564	0.0724712	-0.00271987	2.18262
32	5	0.820513	0.128205	0.0156439	0.0298897	-0.196552
32	6	0.820513	0.153846	0.0795725	-0.0426507	1.0371
32	7	0.820513	0.179487	0.0290317	0.0688003	1.8703
32	8	0.820513	0.205128	0.0506114	-0.0465266	-1.66376
32	9	0.820513	0.230769	0.0676182	0.0511041	4.37101
32	10	0.820513	0.25641	0.00261989	0.014231	-3.42941
32	11	0.820513	0.282051	0.106903	-0.0210768	4.49951
32	12	0.820513	0.307692	-0.0219501	0.104747	-1.8149
32	13	0.820513	0.333333	0.109364	-0.0852799	0.90322
32	14	0.820513	0.358974	0.00550258	0.148562	2.87824
32	15	0.820513	0.384615	0.0490429	-0.0667207	-4.44353
32	16	0.820513	0.410256	0.0761517	0.0938961	7.15435
32	17	0.820513	0.435897	-0.0487819	0.0505436	-7.15637
32	18	0.820513	0.461538	0.151281	-0.0320712	6.81572
32	19	0.820513	0.487179	-0.108581	0.195084	-4.00979
32	20	0.820513	0.512821	0.16111	-0.128527	0.526321
32	21	0.820513	0.538462	-0.0745465	0.254753	3.75259
32	22	0.820513	0.564103	0.0325665	-0.0953333	-8.20992
32	23	0.820513	0.589744	0.0358818	0.165396	10.601
32	24	0.820513	0.615385	-0.201207	0.0658446	-12.8798
32	25	0.820513	0.641026	0.15019	-0.0271805	10.7776
32	26	0.820513	0.666667	-0.363579	0.240097	-9.18544
32	27	0.820513	0.692308	0.155952	-0.189945	2.81253
32	28	0.820513	0.717949	-0.324149	0.302941	1.06495
32	29	0.820513	0.74359	-0.0767342	-0.208198	-9.10072
32	30	0.820513	0.769231	-0.171735	0.203338	11.3468
32	31	0.820513	0.794872	-0.493128	-0.115327	-17.9612
32	32	0.820513	0.820513	-0.0411007	-0.0210295	15.9145
32	33	0.820513	0.846154	-0.73999	-0.0421102	-19.4519
32	34	0.820513	0.871795	0.100412	-0.260511	13.5247
32	35	0.820513	0.897436	-0.502514	-0.0272735	-14.2482
32	36	0.820513	0.923077	0.320255	-0.380576	6.42067
32	37	0.820513	0.948718	0.183068	-0.0543799	-6.25463
32	38	0.820513	0.974359	0.691465	-0.317083	-0.819126
32	39	0.820513	1	1	0	0
33	0	0.846154	0	0	0	0.868918
33	1	0.846154	0.025641	0.0170313	0.0167683	0.868918
33	2	0.846154	0.0512821	0.0270467	-0.0284336	0.0379155
33	3	0.846154	0.0769231	0.0388997	0.0211362	2.0972
33	4	0.846154	0.102564	0.028494	-0.0016396	-0.967352
33	5	0.846154	0.128205	0.056614	-0.0176451	2.31368
33	6	0.846154	0.153846	0.0200253	0.056774	-0.0635867
33	7	0.846154	0.179487	0.065013	-0.0563781	0.192321
33	8	0.846154	0.205128	0.020134	0.0841396	2.80826
33	9	0.846154	0.230769	0.0529265	-0.0372828	-2.94306
33	10	0.846154	0.25641	0.0386668	0.0404997	5.16083
33	11	0.846154	0.282051	0.0236997	0.0486627	-3.9812
33	12	0.846154	0.307692	0.0693723	-0.0471368	4.08435
33	13	0.846154	0.333333	-0.00274119	0.142498	-0.975336
33	14	0.846154	0.358974	0.084982	-0.0991156	-0.851046
33	15	0.846154	0.384615	-0.00514957	0.16214	4.58568
33	16	0.846154	0.410256	0.0570977	-0.0484851	-6.46467
33	17	0.846154	0.435897	0.0292509	0.0730774	8.37907
33	18	0.846154	0.461538	-0.00669546	0.0952606	-7.99043
33	19	0.846154	0.487179	0.0872443	-0.072269	6.35839
33	20	0.846154	0.512821	-0.0649648	0.240604	-2.97202
33	21	0.846154	0.538462	0.108216	-0.160307	-1.78457
33	22	0.846154	0.564103	-0.0808395	0.270837	6.13756
33	23	0.846154	0.589744	0.0282655	-0.101912	-11.2862
33	24	0.846154	0.615385	-0.0416485	0.132422	12.9882
33	25	0.846154	0.641026	-0.122784	0.0826334	-15.0302
33	26	0.846154	0.666667	0.0275689	-0.107354	11.5891
33	27	0.846154	0.692308	-0.23645	0.270289	-9.01727
33	28	0.846154	0.717949	0.0325858	-0.293548	0.838981
33	29	0.846154	0.74359	-0.269189	0.315489	4.01254
33	30	0.846154	0.769231	-0.1231	-0.309761	-13.6848
33	31	0.846154	0.794872	-0.262304	0.147884	16.2132
33	32	0.846154	0.820513	-0.341098	-0.197822	-23.2464
33	33	0.846154	0.846154	-0.200058	-0.157207	20.6416
33	34	0.846154	0.871795	-0.353728	-0.0689691	-22.7657
33	35	0.846154	0.897436	-0.00583142	-0.420357	15.4437
33	36	0.846154	0.923077	-0.0101378	0.013471	-13.6151
33	37	0.846154	0.948718	0.368193	-0.441528	4.58562
33	38	0.846154	0.974359	0.618677	-0.0758151	-3.69572
33	39	0.846154	1	1	0	0
34	0	0.871795	0	0	0	0.539622
34	1	0.871795	0.025641	0.0153917	-0.0179588	0.539622
34	2	0.871795	0.0512821	0.0173704	0.0245967	1.29872
34	3	0.871795	0.0769231	0.0352038	-0.0229276	-0.617049
34	4	0.871795	0.102564	0.0246429	0.0115486	2.36905
34	5	0.871795	0.128205	0.0333765	0.0215357	-1.05568
34	6	0.871795	0.153846	0.0418205	-0.0313291	1.75432
34	7	0.871795	0.179487	0.0139818	0.074166	0.642178
34	8	0.871795	0.205128	0.0627262	-0.0513378	-0.903123
34	9	0.871795	0.230769	-0.00301804	0.0778897	3.53399
34	10	0.871795	0.25641	0.0657702	-0.00692027	-3.50684
34	11	0.871795	0.282051	0.00666263	0.0169107	4.85357
34	12	0.871795	0.307692	0.0385122	0.0852539	-3.25481
34	13	0.871795	0.333333	0.0467874	-0.0612702	2.48782
34	14	0.871795	0.358974	-0.00805797	0.157295	0.631081
34	15	0.871795	0.384615	0.0862487	-0.0807129	-2.76163
34	16	0.871795	0.410256	-0.0406504	0.142743	5.72632
34	17	0.871795	0.435897	0.084265	-0.00128183	-7.18924
34	18	0.871795	0.461538	-0.0222311	0.0341229	7.81903
34	19	0.871795	0.487179	0.0282208	0.142756	-6.78976
34	20	0.871795	0.512821	0.0451064	-0.0984194	3.97267
34	21	0.871795	0.538462	-0.0594697	0.255446	-0.53711
34	22	0.871795	0.564103	0.0986582	-0.149247	-4.6968
34	23	0.871795	0.589744	-0.131069	0.234733	8.11087
34	24	0.871795	0.615385	0.0720465	-0.0600706	-12.7311
34	25	0.871795	0.641026	-0.132742	0.0545614	12.8387
34	26	0.871795	0.666667	-0.03241	0.124132	-13.7374
34	27	0.871795	0.692308	-0.0623336	-0.190211	8.67499
34	28	0.871795	0.717949	-0.170294	0.272363	-5.40164
34	29	0.871795	0.74359	-0.00968802	-0.341003	-3.68041
34	30	0.871795	0.769231	-0.309569	0.240885	7.93795
34	31	0.871795	0.794872	-0.0530663	-0.320058	-17.0124
34	32	0.871795	0.820513	-0.391842	-0.00425203	18.0057
34	33	0.871795	0.846154	-0.10931	-0.194542	-22.9187
34	34	0.871795	0.871795	-0.314417	-0.325878	18.7314
34	35	0.871795	0.897436	-0.010738	-0.0570086	-18.3163
34	36	0.871795	0.923077	0.00153233	-0.493179	10.1979
34	37	0.871795	0.948718	0.33845	0.00378155	-7.4962
34	38	0.871795	0.974359	0.592507	-0.343148	-0.0111446
34	39	0.871795	1	1	0	0
35	0	0.897436	0	0	0	0.629133
35	1	0.897436	0.025641	0.00783502	0.0114954	0.629133
35	2	0.897436	0.0512821	0.0254326	-0.021644	0.0927398
35	3	0.897436	0.0769231	0.0059178	0.0214907	1.56002
35	4	0.897436	0.102564	0.0407987	-0.00619686	-0.826341
35	5	0.897436	0.128205	0.00993692	-0.000325358	2.04503
35	6	0.897436	0.153846	0.0296368	0.039621	-0.570987
35	7	0.897436	0.179487	0.0359709	-0.0311537	0.840192
35	8	0.897436	0.205128	-0.00343565	0.0730416	1.32743
35	9	0.897436	0.230769	0.067956	-0.0272234	-1.53872
35	10	0.897436	0.25641	-0.0282219	0.0572912	3.42057
35	11	0.897436	0.282051	0.0730732	0.028029	-3.0058
35	12	0.897436	0.307692	-0.0118783	-0.000295269	3.49252
35	13	0.897436	0.333333	0.0333924	0.103753	-1.77115
35	14	0.897436	0.358974	0.0451461	-0.0491015	0.614938
35	15	0.897436	0.384615	-0.0337568	0.142647	1.87484
35	16	0.897436	0.410256	0.100518	-0.0361485	-3.67132
35	17	0.897436	0.435897	-0.0779989	0.104656	5.38475
35	18	0.897436	0.461538	0.103558	0.0498977	-6.16818
35	19	0.897436	0.487179	-0.0514286	0.00482144	5.55509
35	20	0.897436	0.512821	0.0323689	0.165147	-4.3237
35	21	0.897436	0.538462	0.038252	-0.0872769	0.958992
35	22	0.897436	0.564103	-0.0891816	0.226788	1.60256
35	23	0.897436	0.589744	0.119848	-0.0953926	-6.32532
35	24	0.897436	0.615385	-0.188634	0.161693	7.97382
35	25	0.897436	0.641026	0.119648	0.00176356	-11.3682
35	26	0.897436	0.666667	-0.186029	-0.0229027	9.63826
35	27	0.897436	0.692308	0.013121	0.144733	-9.71517
35	28	0.897436	0.717949	-0.0811609	-0.219872	3.71293
35	29	0.897436	0.74359	-0.179233	0.211941	-1.15234
35	30	0.897436	0.769231	0.0251837	-0.307707	-7.16958
35	31	0.897436	0.794872	-0.381659	0.0951881	9.2507
35	32	0.897436	0.820513	0.0573868	-0.269006	-15.9554
35	33	0.897436	0.846154	-0.459652	-0.17794	14.6091
35	34	0.897436	0.871795	0.07099	-0.171677	-16.9027
35	35	0.897436	0.897436	-0.293357	-0.421148	11.5492
35	36	0.897436	0.923077	0.192663	-0.0750661	-10.0954
35	37	0.897436	0.948718	0.179044	-0.404118	3.30308
35	38	0.897436	0.974359	0.602187	-0.0791926	-2.48146
35	39	0.897436	1	1	0	0
36	0	0.923077	0	0	0	0.444877
36	1	0.923077	0.025641	0.00892608	-0.0082588	0.444877
36	2	0.923077	0.0512821	0.00186941	0.0127839	0.758092
36	3	0.923077	0.0769231	0.0304754	-0.0128267	-0.116221
36	4	0.923077	0.102564	-0.00684945	0.0132317	1.39116
36	5	0.923077	0.128205	0.0378071	0.00990734	-0.539228
36	6	0.923077	0.153846	0.00271711	-0.00425301	1.32961
36	7	0.923077	0.179487	0.0158617	0.0432698	0.0469446
36	8	0.923077	0.205128	0.0363467	-0.0159035	0.139814
36	9	0.923077	0.230769	-0.0226067	0.0571524	1.45736
36	10	0.923077	0.25641	0.068043	0.00235353	-1.37621
36	11	0.923077	0.282051	-0.0410711	0.0371213	2.44995
36	12	0.923077	0.307692	0.063369	0.0492296	-1.81704
36	13	0.923077	0.333333	-0.0116091	0.000524141	1.78924
36	14	0.923077	0.358974	0.0111445	0.0966335	-0.452553
36	15	0.923077	0.384615	0.0533071	-0.016453	-0.570555
36	16	0.923077	0.410256	-0.0599879	0.10853	1.99413
36	17	0.923077	0.435897	0.105479	0.0115173	-3.19221
36	18	0.923077	0.461538	-0.0931446	0.0692358	3.64184
36	19	0.923077	0.487179	0.0959589	0.0796474	-4.04983
36	20	0.923077	0.512821	-0.0482455	0.00205126	2.67724
36	21	0.923077	0.538462	0.00743055	0.150456	-1.99347
36	22	0.923077	0.564103	0.0533855	-0.0432916	-1.14901
36	23	0.923077	0.589744	-0.123623	0.165336	2.12705
36	24	0.923077	0.615385	0.137375	-0.0281352	-5.78866
36	25	0.923077	0.641026	-0.209029	0.0853934	5.46696
36	26	0.923077	0.666667	0.130576	0.0438496	-7.89145
36	27	0.923077	0.692308	-0.173509	-0.0596068	4.85542
36	28	0.923077	0.717949	0.00154643	0.117399	-5.2549
36	29	0.923077	0.74359	-0.0413054	-0.184293	-0.464263
36	30	0.923077	0.769231	-0.214513	0.100046	1.01769
36	31	0.923077	0.794872	0.0790684	-0.23177	-7.35671
36	32	0.923077	0.820513	-0.396342	-0.0621919	6.74126
36	33	0.923077	0.846154	0.122421	-0.219586	-10.9565
36	34	0.923077	0.871795	-0.397084	-0.290051	7.85429
36	35	0.923077	0.897436	0.138248	-0.179543	-8.82663
36	36	0.923077	0.923077	-0.129654	-0.390198	4.06116
36	37	0.923077	0.948718	0.301062	-0.117099	-3.32477
36	38	0.923077	0.974359	0.486767	-0.222961	-0.286139
36	39	0.923077	1	1	0	0
37	0	0.948718	0	0	0	0.409131
37	1	0.948718	0.025641	0.00135752	0.00226275	0.409131
37	2	0.948718	0.0512821	0.0118786	-0.00656887	0.316569
37	3	0.948718	0.0769231	-0.00682377	0.00877008	0.668382
37	4	0.948718	0.102564	0.0268221	-0.00138916	0.0094272
37	5	0.948718	0.128205	-0.0126939	0.00749358	0.900544
37	6	0.948718	0.153846	0.0250078	0.0161804	-0.0638637
37	7	0.948718	0.179487	0.00235916	0.00134318	0.663808
37	8	0.948718	0.205128	-0.000459912	0.0334659	0.355283
37	9	0.948718	0.230769	0.0333575	0.00338519	-0.0332739
37	10	0.948718	0.25641	-0.0311118	0.0372506	0.974948
37	11	0.948718	0.282051	0.0536784	0.0209986	-0.673773
37	12	0.948718	0.307692	-0.036142	0.0264126	1.17195
37	13	0.948718	0.333333	0.0385924	0.0486096	-0.678546
37	14	0.948718	0.358974	-0.00158101	0.0139403	0.531936
37	15	0.948718	0.384615	-0.0119301	0.0704957	0.0761864
37	16	0.948718	0.410256	0.0528974	0.0157874	-0.739327
37	17	0.948718	0.435897	-0.0659095	0.070978	1.07356
37	18	0.948718	0.461538	0.0862455	0.0389926	-1.86666
37	19	0.948718	0.487179	-0.0774304	0.0483482	1.4194
37	20	0.948718	0.512821	0.0627817	0.0768404	-1.99939
37	21	0.948718	0.538462	-0.0251525	0.0191166	0.441606
37	22	0.948718	0.564103	-0.0227244	0.10643	-0.840829
37	23	0.948718	0.589744	0.062324	0.0051901	-1.67427
37	24	0.948718	0.615385	-0.126436	0.0963316	0.939526
37	25	0.948718	0.641026	0.121958	0.0172417	-3.72326
37	26	0.948718	0.666667	-0.170528	0.0352939	1.8854
37	27	0.948718	0.692308	0.0957205	0.04573	-4.18436
37	28	0.948718	0.717949	-0.11079	-0.0487985	0.761241
37	29	0.948718	0.74359	-0.0333288	0.0534411	-2.45215
37	30	0.948718	0.769231	0.00802141	-0.117859	-2.1437
37	31	0.948718	0.794872	-0.207304	-0.0129455	0.398548
37	32	0.948718	0.820513	0.094565	-0.164958	-4.81272
37	33	0.948718	0.846154	-0.304903	-0.160145	2.26081
37	34	0.948718	0.871795	0.108455	-0.199932	-5.09673
37	35	0.948718	0.897436	-0.227754	-0.296287	1.89293
37	36	0.948718	0.923077	0.123597	-0.202006	-2.73909
37	37	0.948718	0.948718	0.0920047	-0.263239	0.40147
37	38	0.948718	0.974359	0.456685	-0.0980615	-0.210114
37	39	0.948718	1	1	0	0
38	0	0.974359	0	0	0	0.338637
38	1	0.974359	0.025641	-0.000970154	-0.000860707	0.338637
38	2	0.974359	0.0512821	-0.0040138	0.00111499	0.343209
38	3	0.974359	0.0769231	0.00629747	-0.00096035	0.3163
38	4	0.974359	0.102564	-0.0108533	0.00413848	0.396987
38	5	0.974359	0.128205	0.0127674	0.00395345	0.25511
38	6	0.974359	0.153846	-0.011421	0.00569478	0.408448
38	7	0.974359	0.179487	0.00711011	0.0113901	0.23049
38	8	0.974359	0.205128	0.000976168	0.00742507	0.316343
38	9	0.974359	0.230769	-0.00996271	0.0175103	0.260846
38	10	0.974359	0.25641	0.0184843	0.0119718	0.143332
38	11	0.974359	0.282051	-0.0245435	0.0199274	0.286222
38	12	0.974359	0.307692	0.0251753	0.0200821	-0.0254403
38	13	0.974359	0.333333	-0.0211721	0.0199373	0.213022
38	14	0.974359	0.358974	0.0106376	0.0297946	-0.115493
38	15	0.974359	0.384615	0.00244998	0.0210387	-0.0124359
38	16	0.974359	0.410256	-0.0199073	0.0368201	-0.122033
38	17	0.974359	0.435897	0.0316033	0.0257891	-0.349971
38	18	0.974359	0.461538	-0.0454584	0.0377789	-0.124483
38	19	0.974359	0.487179	0.0435455	0.035016	-0.679349
38	20	0.974359	0.512821	-0.0428429	0.0339516	-0.258985
38	21	0.974359	0.538462	0.0212882	0.0464134	-0.878273
38	22	0.974359	0.564103	-0.00670525	0.0293077	-0.630814
38	23	0.974359	0.589744	-0.0317552	0.0516252	-0.906887
38	24	0.974359	0.615385	0.0418303	0.0258982	-1.19032
38	25	0.974359	0.641026	-0.0835609	0.0410557	-0.861909
38	26	0.974359	0.666667	0.0661785	0.0238283	-1.70838
38	27	0.974359	0.692308	-0.0916894	0.0151533	-0.959265
38	28	0.974359	0.717949	0.0362669	0.0193943	-1.93837
38	29	0.974359	0.74359	-0.0449909	-0.0180871	-1.35731
38	30	0.974359	0.769231	-0.0457807	-0.00325257	-1.81165
38	31	0.974359	0.794872	0.0193103	-0.0588402	-1.89289
38	32	0.974359	0.820513	-0.129326	-0.0635602	-1.46016
38	33	0.974359	0.846154	0.0522104	-0.112909	-2.05917
38	34	0.974359	0.871795	-0.14471	-0.151266	-1.02762
38	35	0.974359	0.897436	0.0475501	-0.168529	-1.36379
38	36	0.974359	0.923077	-0.0470047	-0.20593	-0.341292
38	37	0.974359	0.948718	0.125422	-0.163439	0.237433
38	38	0.974359	0.974359	0.335192	-0.0700072	1.18046
38	39	0.974359	1	1	0	0
39	0	1	0	0	0	0.338637
39	1	1	0.025641	0	0	0.338637
39	2	1	0.0512821	0	0	0.343209
39	3	1	0.0769231	0	0	0.3163
39	4	1	0.102564	0	0	0.396987
39	5	1	0.128205	0	0	0.25511
39	6	1	0.153846	0	0	0.408448
39	7	1	0.179487	0	0	0.23049
39	8	1	0.205128	0	0	0.316343
39	9	1	0.230769	0	0	0.260846
39	10	1	0.25641	0	0	0.143332
39	11	1	0.282051	0	0	0.286222
39	12	1	0.307692	0	0	-0.0254403
39	13	1	0.333333	0	0	0.213022
39	14	1	0.358974	0	0	-0.115493
39	15	1	0.384615	0	0	-0.0124359
39	16	1	0.410256	0	0	-0.122033
39	17	1	0.435897	0	0	-0.349971
39	18	1	0.461538	0	0	-0.124483
39	19	1	0.487179	0	0	-0.679349
39	20	1	0.512821	0	0	-0.258985
39	21	1	0.538462	0	0	-0.878273
39	22	1	0.564103	0	0	-0.630814
39	23	1	0.589744	0	0	-0.906887
39	24	1	0.615385	0	0	-1.19032
39	25	1	0.641026	0	0	-0.861909
39	26	1	0.666667	0	0	-1.70838
39	27	1	0.692308	0	0	-0.959265
39	28	1	0.717949	0	0	-1.93837
39	29	1	0.74359	0	0	-1.35731
39	30	1	0.769231	0	0	-1.81165
39	31	1	0.794872	0	0	-1.89289
39	32	1	0.820513	0	0	-1.46016
39	33	1	0.846154	0	0	-2.05917
39	34	1	0.871795	0	0	-1.02762
39	35	1	0.897436	0	0	-1.36379
39	36	1	0.923077	0	0	-0.341292
39	37	1	0.948718	0	0	0.237433
39	38	1	0.974359	0	0	1.18046
39	39	1	1	1	0	0
