# i		j		x		y		u		v		p
# nx		ny		
# 40		40
# =================================
0	0	0	0	0	0	13.6717
0	1	0	0.025641	0	0	13.6717
0	2	0	0.0512821	0	0	13.703
0	3	0	0.0769231	0	0	13.8688
0	4	0	0.102564	0	0	13.5363
0	5	0	0.128205	0	0	14.1318
0	6	0	0.153846	0	0	13.5243
0	7	0	0.179487	0	0	14.1038
0	8	0	0.205128	0	0	13.9833
0	9	0	0.230769	0	0	13.7129
0	10	0	0.25641	0	0	14.7737
0	11	0	0.282051	0	0	13.3146
0	12	0	0.307692	0	0	15.272
0	13	0	0.333333	0	0	13.4716
0	14	0	0.358974	0	0	14.9313
0	15	0	0.384615	0	0	14.5324
0	16	0	0.410256	0	0	13.9156
0	17	0	0.435897	0	0	16.0837
0	18	0	0.461538	0	0	12.9914
0	19	0	0.487179	0	0	16.8146
0	20	0	0.512821	0	0	13.0287
0	21	0	0.538462	0	0	15.8947
0	22	0	0.564103	0	0	14.5317
0	23	0	0.589744	0	0	13.9978
0	24	0	0.615385	0	0	16.8897
0	25	0	0.641026	0	0	12.3297
0	26	0	0.666667	0	0	17.9466
0	27	0	0.692308	0	0	11.7045
0	28	0	0.717949	0	0	16.2397
0	29	0	0.74359	0	0	12.4197
0	30	0	0.769231	0	0	12.9337
0	31	0	0.794872	0	0	13.9646
0	32	0	0.820513	0	0	10.1699
0	33	0	0.846154	0	0	13.9739
0	34	0	0.871795	0	0	8.94556
0	35	0	0.897436	0	0	10.1621
0	36	0	0.923077	0	0	8.04939
0	37	0	0.948718	0	0	4.8804
0	38	0	0.974359	0	0	4.9859
0	39	0	1	1	0	0
1	0	0.025641	0	0	0	13.6717
1	1	0.025641	0.025641	-0.0109247	-0.0103057	13.6717
1	2	0.025641	0.0512821	-0.0286835	-0.0306019	13.703
1	3	0.025641	0.0769231	0.0127389	-0.0285577	13.8688
1	4	0.025641	0.102564	-0.0641191	-0.0567784	13.5363
1	5	0.025641	0.128205	0.0451841	-0.0625225	14.1318
1	6	0.025641	0.153846	-0.0687244	-0.0747709	13.5243
1	7	0.025641	0.179487	0.0218514	-0.113509	14.1038
1	8	0.025641	0.205128	-0.00168668	-0.0967884	13.9833
1	9	0.025641	0.230769	-0.0749493	-0.161803	13.7129
1	10	0.025641	0.25641	0.105143	-0.13433	14.7737
1	11	0.025641	0.282051	-0.173668	-0.181967	13.3146
1	12	0.025641	0.307692	0.15983	-0.190645	15.272
1	13	0.025641	0.333333	-0.15492	-0.184393	13.4716
1	14	0.025641	0.358974	0.0765776	-0.266705	14.9313
1	15	0.025641	0.384615	0.0108853	-0.208584	14.5324
1	16	0.025641	0.410256	-0.141056	-0.324339	13.9156
1	17	0.025641	0.435897	0.208472	-0.250306	16.0837
1	18	0.025641	0.461538	-0.331276	-0.304893	12.9914
1	19	0.025641	0.487179	0.292525	-0.295288	16.8146
1	20	0.025641	0.512821	-0.287684	-0.253984	13.0287
1	21	0.025641	0.538462	0.159951	-0.371555	15.8947
1	22	0.025641	0.564103	-0.0202587	-0.260705	14.5317
1	23	0.025641	0.589744	-0.183731	-0.420107	13.9978
1	24	0.025641	0.615385	0.253603	-0.270116	16.8897
1	25	0.025641	0.641026	-0.51205	-0.313819	12.3297
1	26	0.025641	0.666667	0.381605	-0.213301	17.9466
1	27	0.025641	0.692308	-0.528822	-0.109759	11.7045
1	28	0.025641	0.717949	0.281069	-0.17115	16.2397
1	29	0.025641	0.74359	-0.207146	0.00761649	12.4197
1	30	0.025641	0.769231	-0.0857993	-0.155764	12.9337
1	31	0.025641	0.794872	0.151014	0.0541126	13.9646
1	32	0.025641	0.820513	-0.504116	0.0138224	10.1699
1	33	0.025641	0.846154	0.306884	0.189686	13.9739
1	34	0.025641	0.871795	-0.585927	0.363986	8.94556
1	35	0.025641	0.897436	0.230329	0.384611	10.1621
1	36	0.025641	0.923077	-0.220962	0.586917	8.04939
1	37	0.025641	0.948718	0.126462	0.482392	4.8804
1	38	0.025641	0.974359	0.328221	0.460645	4.9859
1	39	0.025641	1	1	0	0
2	0	0.0512821	0	0	0	13.6914
2	1	0.0512821	0.025641	-0.0222306	-0.0329023	13.6914
2	2	0.0512821	0.0512821	0.00453443	-0.0160978	14.1274
2	3	0.0512821	0.0769231	-0.0774239	-0.100821	12.653
2	4	0.0512821	0.102564	0.0705997	-0.0637324	15.5914
2	5	0.0512821	0.128205	-0.122714	-0.126398	11.5034
2	6	0.0512821	0.153846	0.0918833	-0.176161	16.0274
2	7	0.0512821	0.179487	-0.0673469	-0.121569	12.5778
2	8	0.0512821	0.205128	-0.0166836	-0.312796	13.682
2	9	0.0512821	0.230769	0.101303	-0.154515	16.4137
2	10	0.0512821	0.25641	-0.218857	-0.382773	9.56153
2	11	0.0512821	0.282051	0.264107	-0.275866	20.3108
2	12	0.0512821	0.307692	-0.313581	-0.341557	7.55023
2	13	0.0512821	0.333333	0.260056	-0.483212	20.0769
2	14	0.0512821	0.358974	-0.130468	-0.286505	11.1836
2	15	0.0512821	0.384615	-0.0172748	-0.689407	13.97
2	16	0.0512821	0.410256	0.20853	-0.338234	19.443
2	17	0.0512821	0.435897	-0.434113	-0.71745	5.56779
2	18	0.0512821	0.461538	0.449709	-0.49551	26.3759
2	19	0.0512821	0.487179	-0.582504	-0.534633	2.07762
2	20	0.0512821	0.512821	0.432123	-0.740012	25.4295
2	21	0.0512821	0.538462	-0.252043	-0.381332	8.07685
2	22	0.0512821	0.564103	0.0125474	-0.969382	15.3402
2	23	0.0512821	0.589744	0.215453	-0.399011	20.6053
2	24	0.0512821	0.615385	-0.645112	-0.906963	2.27995
2	25	0.0512821	0.641026	0.485097	-0.454351	31.1727
2	26	0.0512821	0.666667	-0.985628	-0.48867	-4.4864
2	27	0.0512821	0.692308	0.533432	-0.531532	31.5724
2	28	0.0512821	0.717949	-0.657537	-0.0497161	0.524297
2	29	0.0512821	0.74359	0.182132	-0.648406	19.8042
2	30	0.0512821	0.769231	-0.0200742	0.111705	14.1342
2	31	0.0512821	0.794872	-0.591843	-0.509915	3.18033
2	32	0.0512821	0.820513	0.368415	0.160658	26.2231
2	33	0.0512821	0.846154	-1.1937	0.105065	-6.53191
2	34	0.0512821	0.871795	0.506535	0.265622	26.5054
2	35	0.0512821	0.897436	-1.0084	0.821639	-2.9302
2	36	0.0512821	0.923077	0.439114	0.394567	13.6544
2	37	0.0512821	0.948718	-0.144115	0.880642	5.47431
2	38	0.0512821	0.974359	0.488481	0.569575	4.44345
2	39	0.0512821	1	1	0	0
3	0	0.0769231	0	0	0	13.8254
3	1	0.0769231	0.025641	-0.00723618	0.00148671	13.8254
3	2	0.0769231	0.0512821	-0.0471783	-0.113827	12.6797
3	3	0.0769231	0.0769231	0.0531844	-0.0189869	16.2747
3	4	0.0769231	0.102564	-0.113229	-0.184238	9.60559
3	5	0.0769231	0.128205	0.128402	-0.1499	18.9078
3	6	0.0769231	0.153846	-0.120696	-0.15552	8.918
3	7	0.0769231	0.179487	0.101087	-0.382883	16.9289
3	8	0.0769231	0.205128	0.015422	-0.11877	14.4297
3	9	0.0769231	0.230769	-0.0942767	-0.578455	8.89253
3	10	0.0769231	0.25641	0.233138	-0.224808	23.8345
3	11	0.0769231	0.282051	-0.320567	-0.566647	0.551156
3	12	0.0769231	0.307692	0.370145	-0.532738	28.8241
3	13	0.0769231	0.333333	-0.2821	-0.385351	1.62533
3	14	0.0769231	0.358974	0.241695	-0.95223	21.6237
3	15	0.0769231	0.384615	0.0597347	-0.315464	15.5338
3	16	0.0769231	0.410256	-0.222996	-1.18722	3.78072
3	17	0.0769231	0.435897	0.394897	-0.510547	33.4533
3	18	0.0769231	0.461538	-0.645309	-0.987478	-11.1381
3	19	0.0769231	0.487179	0.550965	-0.923224	40.871
3	20	0.0769231	0.512821	-0.509403	-0.577674	-8.19198
3	21	0.0769231	0.538462	0.351198	-1.43375	28.2841
3	22	0.0769231	0.564103	0.0151446	-0.432699	13.5393
3	23	0.0769231	0.589744	-0.355909	-1.62463	1.16046
3	24	0.0769231	0.615385	0.332628	-0.566972	39.3051
3	25	0.0769231	0.641026	-1.05508	-1.19321	-21.5246
3	26	0.0769231	0.666667	0.457295	-0.802899	52.0008
3	27	0.0769231	0.692308	-1.04878	-0.420801	-22.7131
3	28	0.0769231	0.717949	0.395747	-1.16428	40.6628
3	29	0.0769231	0.74359	-0.384585	0.0814003	0.123677
3	30	0.0769231	0.769231	-0.268599	-1.31442	8.82993
3	31	0.0769231	0.794872	0.1198	0.142587	30.8299
3	32	0.0769231	0.820513	-1.26435	-0.747151	-21.9774
3	33	0.0769231	0.846154	0.307644	0.107146	48.7417
3	34	0.0769231	0.871795	-1.67757	0.388846	-30.3234
3	35	0.0769231	0.897436	0.550644	0.0353822	40.7678
3	36	0.0769231	0.923077	-0.970369	1.19964	-12.816
3	37	0.0769231	0.948718	0.640207	0.123256	14.3506
3	38	0.0769231	0.974359	0.353361	0.887705	5.41992
3	39	0.0769231	1	1	0	0
4	0	0.102564	0	0	0	13.5302
4	1	0.102564	0.025641	-0.0116788	-0.0750732	13.5302
4	2	0.102564	0.0512821	0.0183348	0.0205075	15.3764
4	3	0.102564	0.0769231	-0.0479107	-0.215574	9.72359
4	4	0.102564	0.102564	0.0973255	-0.0603719	20.1576
4	5	0.102564	0.128205	-0.0930344	-0.230105	5.62744
4	6	0.102564	0.153846	0.16265	-0.321302	21.7276
4	7	0.102564	0.179487	-0.0561226	-0.125583	8.64735
4	8	0.102564	0.205128	0.100713	-0.661856	13.8831
4	9	0.102564	0.230769	0.105977	-0.1139	21.158
4	10	0.102564	0.25641	-0.121642	-0.813615	-0.931068
4	11	0.102564	0.282051	0.308349	-0.392392	34.6077
4	12	0.102564	0.307692	-0.273219	-0.61221	-9.11332
4	13	0.102564	0.333333	0.404276	-0.959603	34.5548
4	14	0.102564	0.358974	-0.0992837	-0.324979	2.50508
4	15	0.102564	0.384615	0.162551	-1.51276	13.637
4	16	0.102564	0.410256	0.216568	-0.384392	29.6837
4	17	0.102564	0.435897	-0.3632	-1.53956	-15.6055
4	18	0.102564	0.461538	0.437505	-0.842315	52.1674
4	19	0.102564	0.487179	-0.575024	-0.992572	-27.1252
4	20	0.102564	0.512821	0.525556	-1.58451	49.3871
4	21	0.102564	0.538462	-0.200304	-0.503464	-6.3962
4	22	0.102564	0.564103	0.127716	-2.18423	16.0653
4	23	0.102564	0.589744	0.128235	-0.542467	32.8427
4	24	0.102564	0.615385	-0.690861	-2.00514	-25.6341
4	25	0.102564	0.641026	0.168179	-0.867647	64.1354
4	26	0.102564	0.666667	-1.11443	-1.12917	-45.1182
4	27	0.102564	0.692308	0.264635	-1.40001	66.9292
4	28	0.102564	0.717949	-0.720796	-0.199982	-26.8762
4	29	0.102564	0.74359	0.0662417	-1.95718	32.4211
4	30	0.102564	0.769231	-0.184927	0.118253	17.6052
4	31	0.102564	0.794872	-0.832323	-1.7662	-19.8455
4	32	0.102564	0.820513	-0.116348	0.0281106	58.2766
4	33	0.102564	0.846154	-1.71381	-0.653749	-53.6602
4	34	0.102564	0.871795	0.0413995	-0.167988	71.8189
4	35	0.102564	0.897436	-1.63595	0.795405	-48.3452
4	36	0.102564	0.923077	0.546966	-0.452097	46.9547
4	37	0.102564	0.948718	-0.396031	1.32016	-13.2581
4	38	0.102564	0.974359	0.809078	0.023893	9.7927
4	39	0.102564	1	1	0	0
5	0	0.128205	0	0	0	13.9419
5	1	0.128205	0.025641	0.00273296	0.0180724	13.9419
5	2	0.128205	0.0512821	0.014116	-0.175577	11.7253
5	3	0.128205	0.0769231	0.0353073	0.0163042	18.4411
5	4	0.128205	0.102564	0.0101135	-0.292124	5.73957
5	5	0.128205	0.128205	0.118557	-0.166445	23.9923
5	6	0.128205	0.153846	-0.0221494	-0.220307	3.16428
5	7	0.128205	0.179487	0.207155	-0.556187	21.62
5	8	0.128205	0.205128	-0.00067499	-0.0752413	12.3969
5	9	0.128205	0.230769	0.164417	-0.92359	6.43447
5	10	0.128205	0.25641	0.123116	-0.169961	31.2006
5	11	0.128205	0.282051	-0.0225713	-0.912835	-12.0156
5	12	0.128205	0.307692	0.326811	-0.688542	43.6773
5	13	0.128205	0.333333	-0.0955625	-0.510921	-13.0303
5	14	0.128205	0.358974	0.433775	-1.47872	31.8537
5	15	0.128205	0.384615	0.0465171	-0.261217	13.0862
5	16	0.128205	0.410256	0.146561	-1.93217	-3.88648
5	17	0.128205	0.435897	0.189745	-0.557324	49.264
5	18	0.128205	0.461538	-0.289956	-1.56499	-35.4178
5	19	0.128205	0.487179	0.381294	-1.332	66.3159
5	20	0.128205	0.512821	-0.27452	-0.769809	-31.2801
5	21	0.128205	0.538462	0.45227	-2.29996	43.1109
5	22	0.128205	0.564103	-0.022754	-0.447671	10.1971
5	23	0.128205	0.589744	-0.0837825	-2.60751	-9.74936
5	24	0.128205	0.615385	-0.112324	-0.716159	58.6249
5	25	0.128205	0.641026	-0.781087	-1.92052	-52.1665
5	26	0.128205	0.666667	-0.149352	-1.27522	83.5971
5	27	0.128205	0.692308	-0.838874	-0.766382	-54.0155
5	28	0.128205	0.717949	0.0330782	-2.08947	64.5764
5	29	0.128205	0.74359	-0.426915	0.0225587	-11.5036
5	30	0.128205	0.769231	-0.312591	-2.46516	4.69337
5	31	0.128205	0.794872	-0.428283	0.0708717	46.4134
5	32	0.128205	0.820513	-1.23277	-1.72196	-54.6367
5	33	0.128205	0.846154	-0.646926	-0.174174	85.5953
5	34	0.128205	0.871795	-1.72304	-0.249118	-76.5163
5	35	0.128205	0.897436	-0.242323	-0.625371	84.3776
5	36	0.128205	0.923077	-1.06417	1.17481	-49.6677
5	37	0.128205	0.948718	0.533276	-0.89813	37.6484
5	38	0.128205	0.974359	0.381354	1.15089	-3.11103
5	39	0.128205	1	1	0	0
6	0	0.153846	0	0	0	13.5135
6	1	0.153846	0.025641	0.0244027	-0.0780904	13.5135
6	2	0.153846	0.0512821	0.0024635	0.0218635	15.3144
6	3	0.153846	0.0769231	0.10643	-0.26184	9.26676
6	4	0.153846	0.102564	0.0210542	-0.0307864	21.4429
6	5	0.153846	0.128205	0.117233	-0.331351	2.76456
6	6	0.153846	0.153846	0.152375	-0.313792	25.8815
6	7	0.153846	0.179487	0.030611	-0.188679	3.44689
6	8	0.153846	0.205128	0.326672	-0.779202	18.4449
6	9	0.153846	0.230769	-0.0377871	-0.0535048	18.6226
6	10	0.153846	0.25641	0.340907	-1.0738	-2.14229
6	11	0.153846	0.282051	0.0633726	-0.300729	40.2005
6	12	0.153846	0.307692	0.181612	-0.85549	-18.8756
6	13	0.153846	0.333333	0.368487	-1.04935	46.2238
6	14	0.153846	0.358974	0.0527905	-0.350888	-8.50337
6	15	0.153846	0.384615	0.549869	-1.88135	20.4358
6	16	0.153846	0.410256	-0.031306	-0.250249	29.1612
6	17	0.153846	0.435897	0.286299	-2.00413	-22.8735
6	18	0.153846	0.461538	0.00167955	-0.795055	65.6672
6	19	0.153846	0.487179	-0.0154945	-1.2675	-45.0047
6	20	0.153846	0.512821	0.334589	-1.84306	67.5176
6	21	0.153846	0.538462	-0.0282396	-0.474338	-20.5191
6	22	0.153846	0.564103	0.413477	-2.70004	22.4313
6	23	0.153846	0.589744	-0.253645	-0.417783	33.7759
6	24	0.153846	0.615385	-0.150744	-2.46829	-36.0872
6	25	0.153846	0.641026	-0.614047	-0.868346	79.4927
6	26	0.153846	0.666667	-0.599043	-1.42507	-64.6107
6	27	0.153846	0.692308	-0.450163	-1.66481	87.3835
6	28	0.153846	0.717949	-0.506403	-0.260547	-43.3884
6	29	0.153846	0.74359	-0.149069	-2.50268	42.0965
6	30	0.153846	0.769231	-0.547923	0.215712	15.839
6	31	0.153846	0.794872	-0.586264	-2.35298	-30.1375
6	32	0.153846	0.820513	-1.09248	0.0373672	74.3942
6	33	0.153846	0.846154	-1.31626	-1.21261	-78.7441
6	34	0.153846	0.871795	-1.24421	-0.409718	101.474
6	35	0.153846	0.897436	-1.296	0.331149	-79.3576
6	36	0.153846	0.923077	-0.414115	-1.09907	77.0437
6	37	0.153846	0.948718	-0.267859	1.34236	-33.0541
6	38	0.153846	0.974359	0.616785	-0.674259	16.9322
6	39	0.153846	1	1	0	0
7	0	0.179487	0	0	0	13.6161
7	1	0.179487	0.025641	0.0110148	-0.0175356	13.6161
7	2	0.179487	0.0512821	0.120822	-0.135214	12.9483
7	3	0.179487	0.0769231	-0.0359016	-0.0097342	16.1197
7	4	0.179487	0.102564	0.254204	-0.331548	7.97969
7	5	0.179487	0.128205	0.00806469	-0.0940381	22.871
7	6	0.179487	0.153846	0.20962	-0.372173	1.5453
7	7	0.179487	0.179487	0.261175	-0.443053	26.0962
7	8	0.179487	0.205128	-0.0159838	-0.180285	4.78018
7	9	0.179487	0.230769	0.549149	-0.920806	15.1585
7	10	0.179487	0.25641	-0.182682	-0.0686622	23.4821
7	11	0.179487	0.282051	0.597466	-1.10156	-7.34568
7	12	0.179487	0.307692	0.014844	-0.458385	44.2434
7	13	0.179487	0.333333	0.365639	-0.726424	-19.26
7	14	0.179487	0.358974	0.525423	-1.32388	41.846
7	15	0.179487	0.384615	-0.0242056	-0.220554	0.631173
7	16	0.179487	0.410256	0.786586	-1.96674	7.38354
7	17	0.179487	0.435897	-0.371872	-0.261676	42.324
7	18	0.179487	0.461538	0.569884	-1.72743	-33.0509
7	19	0.179487	0.487179	-0.207193	-1.00395	70.9147
7	20	0.179487	0.512821	0.281411	-0.824939	-40.5346
7	21	0.179487	0.538462	0.388352	-2.11169	54.43
7	22	0.179487	0.564103	-0.152288	-0.2214	-2.1039
7	23	0.179487	0.589744	0.451824	-2.50776	-0.404661
7	24	0.179487	0.615385	-0.904628	-0.350655	52.1672
7	25	0.179487	0.641026	-0.0388253	-1.85771	-48.3848
7	26	0.179487	0.666667	-1.16922	-0.918871	85.2739
7	27	0.179487	0.692308	-0.282493	-0.729706	-58.0325
7	28	0.179487	0.717949	-0.609407	-1.82602	71.5814
7	29	0.179487	0.74359	-0.448334	0.229778	-20.0777
7	30	0.179487	0.769231	-0.222169	-2.30586	10.1301
7	31	0.179487	0.794872	-1.18899	0.401813	41.9675
7	32	0.179487	0.820513	-0.670892	-1.65658	-53.5512
7	33	0.179487	0.846154	-1.96683	0.0505523	89.3354
7	34	0.179487	0.871795	-1.06436	-0.456271	-81.2808
7	35	0.179487	0.897436	-1.68113	-0.623152	96.5463
7	36	0.179487	0.923077	-0.631637	0.875124	-61.0788
7	37	0.179487	0.948718	-0.331762	-1.23164	49.096
7	38	0.179487	0.974359	0.427426	1.1563	-8.87767
7	39	0.179487	1	1	0	0
8	0	0.205128	0	0	0	13.8611
8	1	0.205128	0.025641	0.0626651	-0.0111462	13.8611
8	2	0.205128	0.0512821	-0.0125298	-0.0822171	12.5465
8	3	0.205128	0.0769231	0.280268	-0.183832	14.212
8	4	0.205128	0.102564	-0.087577	-0.0425675	14.9359
8	5	0.205128	0.128205	0.399362	-0.435404	8.3067
8	6	0.205128	0.153846	0.0611133	-0.12394	23.4156
8	7	0.205128	0.179487	0.215797	-0.463827	0.103465
8	8	0.205128	0.205128	0.464632	-0.515001	27.5166
8	9	0.205128	0.230769	-0.184202	-0.203433	3.62725
8	10	0.205128	0.25641	0.824795	-0.992914	15.4337
8	11	0.205128	0.282051	-0.346093	-0.0852467	23.9564
8	12	0.205128	0.307692	0.833994	-1.10394	-7.67658
8	13	0.205128	0.333333	0.0997075	-0.557005	43.3422
8	14	0.205128	0.358974	0.362712	-0.648841	-16.6363
8	15	0.205128	0.384615	0.803513	-1.36844	36.4516
8	16	0.205128	0.410256	-0.421626	-0.148961	6.27602
8	17	0.205128	0.435897	1.07491	-1.74382	2.38746
8	18	0.205128	0.461538	-0.821346	-0.24267	44.887
8	19	0.205128	0.487179	0.88366	-1.32755	-30.2813
8	20	0.205128	0.512821	-0.247745	-1.0561	62.8821
8	21	0.205128	0.538462	0.327261	-0.480804	-28.0015
8	22	0.205128	0.564103	0.551939	-1.90188	37.0203
8	23	0.205128	0.589744	-0.79226	-0.0656508	11.1666
8	24	0.205128	0.615385	0.520248	-1.83524	-9.58308
8	25	0.205128	0.641026	-1.74447	-0.225751	54.397
8	26	0.205128	0.666667	0.17811	-1.11569	-41.2878
8	27	0.205128	0.692308	-1.52597	-0.803134	71.837
8	28	0.205128	0.717949	-0.0759793	-0.120567	-38.3924
8	29	0.205128	0.74359	-0.547568	-1.54638	44.0777
8	30	0.205128	0.769231	-0.897104	0.558624	2.62461
8	31	0.205128	0.794872	-0.203854	-1.50343	-11.9343
8	32	0.205128	0.820513	-2.21271	0.53165	53.1525
8	33	0.205128	0.846154	-0.583109	-0.742721	-53.6539
8	34	0.205128	0.871795	-2.72073	0.0910314	82.1292
8	35	0.205128	0.897436	-0.589579	0.235434	-62.6088
8	36	0.205128	0.923077	-1.7063	-0.693691	69.1564
8	37	0.205128	0.948718	0.0262424	1.09892	-31.4857
8	38	0.205128	0.974359	0.172427	-0.631223	17.1722
8	39	0.205128	1	1	0	0
9	0	0.230769	0	0	0	12.8931
9	1	0.230769	0.025641	0.0302361	-0.114251	12.8931
9	2	0.230769	0.0512821	0.196363	0.00622857	16.4118
9	3	0.230769	0.0769231	-0.0561202	-0.157766	8.64897
9	4	0.230769	0.102564	0.448585	-0.285637	17.7568
9	5	0.230769	0.128205	-0.0872068	-0.022114	12.7155
9	6	0.230769	0.153846	0.484297	-0.629621	8.00721
9	7	0.230769	0.179487	0.205214	-0.103795	26.131
9	8	0.230769	0.205128	0.115969	-0.611689	-5.02465
9	9	0.230769	0.230769	0.701233	-0.564217	33.2582
9	10	0.230769	0.25641	-0.393025	-0.219268	-2.27198
9	11	0.230769	0.282051	1.06715	-1.10329	19.9796
9	12	0.230769	0.307692	-0.374068	-0.0538756	21.0228
9	13	0.230769	0.333333	0.936795	-1.22092	-6.68465
9	14	0.230769	0.358974	0.352034	-0.537903	42.8129
9	15	0.230769	0.384615	0.0623629	-0.701467	-18.3845
9	16	0.230769	0.410256	1.06706	-1.21713	38.5442
9	17	0.230769	0.435897	-1.00205	-0.117727	1.30459
9	18	0.230769	0.461538	1.30342	-1.48804	9.32565
9	19	0.230769	0.487179	-1.06207	-0.147752	35.6003
9	20	0.230769	0.512821	1.05104	-1.13378	-20.1414
9	21	0.230769	0.538462	-0.0107549	-0.85545	49.9376
9	22	0.230769	0.564103	-0.109011	-0.429596	-19.9244
9	23	0.230769	0.589744	0.662533	-1.32819	31.2581
9	24	0.230769	0.615385	-1.74394	-0.0398306	7.56511
9	25	0.230769	0.641026	0.515013	-1.1683	0.930512
9	26	0.230769	0.666667	-2.3415	-0.0458529	37.4277
9	27	0.230769	0.692308	0.352394	-0.642552	-21.5176
9	28	0.230769	0.717949	-1.45618	-0.475321	46.7739
9	29	0.230769	0.74359	-0.253929	0.123422	-18.7621
9	30	0.230769	0.769231	-0.332676	-0.837009	23.6025
9	31	0.230769	0.794872	-1.84243	0.582928	9.92367
9	32	0.230769	0.820513	-0.237535	-0.580492	-10.2277
9	33	0.230769	0.846154	-3.17893	0.557065	40.4739
9	34	0.230769	0.871795	-0.400409	-0.0890563	-32.7512
9	35	0.230769	0.897436	-2.94529	0.160188	53.4671
9	36	0.230769	0.923077	-0.0505604	0.570972	-32.9663
9	37	0.230769	0.948718	-1.10303	-0.462454	32.0201
9	38	0.230769	0.974359	0.562066	0.842159	-5.8611
9	39	0.230769	1	1	0	0
10	0	0.25641	0	0	0	14.2879
10	1	0.25641	0.025641	0.0875069	0.0841043	14.2879
10	2	0.25641	0.0512821	0.0436319	-0.266281	8.47992
10	3	0.25641	0.0769231	0.345813	-0.0262914	22.1664
10	4	0.25641	0.102564	-0.0598168	-0.170835	2.75691
10	5	0.25641	0.128205	0.577984	-0.500754	21.2885
10	6	0.25641	0.153846	-0.000742823	0.067488	12.8042
10	7	0.25641	0.179487	0.500483	-0.913982	3.52015
10	8	0.25641	0.205128	0.377877	-0.0817582	33.9115
10	9	0.25641	0.230769	-0.0234742	-0.756114	-15.6701
10	10	0.25641	0.25641	0.886119	-0.688157	43.4767
10	11	0.25641	0.282051	-0.488231	-0.168362	-10.9917
10	12	0.25641	0.307692	1.22339	-1.38292	24.9844
10	13	0.25641	0.333333	-0.18375	0.0364584	20.3075
10	14	0.25641	0.358974	0.828031	-1.52581	-11.233
10	15	0.25641	0.384615	0.61651	-0.464869	49.8911
10	16	0.25641	0.410256	-0.447268	-0.854736	-30.6407
10	17	0.25641	0.435897	1.16349	-1.12897	51.4609
10	18	0.25641	0.461538	-1.39049	-0.063978	-13.8644
10	19	0.25641	0.487179	1.4241	-1.55268	22.2864
10	20	0.25641	0.512821	-0.831199	0.0263407	23.7424
10	21	0.25641	0.538462	0.875955	-1.37111	-14.9927
10	22	0.25641	0.564103	0.295392	-0.533904	47.2856
10	23	0.25641	0.589744	-0.942377	-0.677367	-28.1031
10	24	0.25641	0.615385	0.495456	-0.902162	44.1641
10	25	0.25641	0.641026	-2.4565	-0.0718874	-14.0774
10	26	0.25641	0.666667	0.416746	-0.953447	23.0005
10	27	0.25641	0.692308	-2.31352	0.188481	11.908
10	28	0.25641	0.717949	0.30511	-0.697723	-2.98434
10	29	0.25641	0.74359	-1.00138	-0.00499414	28.6116
10	30	0.25641	0.769231	-0.938755	-0.122362	-14.1782
10	31	0.25641	0.794872	-0.293389	-0.162989	25.5597
10	32	0.25641	0.820513	-2.81856	0.34764	-6.51261
10	33	0.25641	0.846154	-0.406565	-0.112613	11.921
10	34	0.25641	0.871795	-3.53502	0.539318	8.77843
10	35	0.25641	0.897436	-0.157474	0.0653188	-3.30521
10	36	0.25641	0.923077	-2.36751	0.317759	17.5975
10	37	0.25641	0.948718	0.409993	0.408295	-6.91949
10	38	0.25641	0.974359	0.00952251	0.0465167	7.43109
10	39	0.25641	1	1	0	0
11	0	0.282051	0	0	0	12.2793
11	1	0.282051	0.025641	0.0799139	-0.203581	12.2793
11	2	0.282051	0.0512821	0.200645	0.148294	19.367
11	3	0.282051	0.0769231	0.0946124	-0.371831	1.00684
11	4	0.282051	0.102564	0.460229	-0.168943	29.021
11	5	0.282051	0.128205	0.013043	-0.0855972	-1.65459
11	6	0.282051	0.153846	0.672911	-0.823344	21.1809
11	7	0.282051	0.179487	0.116237	0.177255	18.1697
11	8	0.282051	0.205128	0.503844	-1.20535	-6.90859
11	9	0.282051	0.230769	0.482273	-0.132127	46.5682
11	10	0.282051	0.25641	-0.0780047	-0.803717	-29.4645
11	11	0.282051	0.282051	1.00153	-0.973772	54.4089
11	12	0.282051	0.307692	-0.369806	-0.0221661	-16.5224
11	13	0.282051	0.333333	1.28821	-1.87376	23.9051
11	14	0.282051	0.358974	0.0947971	0.117699	28.216
11	15	0.282051	0.384615	0.546811	-1.9225	-26.5714
11	16	0.282051	0.410256	0.66928	-0.504171	67.0336
11	17	0.282051	0.435897	-0.852518	-0.958777	-51.7988
11	18	0.282051	0.461538	1.12313	-1.36087	69.6764
11	19	0.282051	0.487179	-1.26748	0.0767858	-28.4763
11	20	0.282051	0.512821	1.41247	-2.09086	28.9139
11	21	0.282051	0.538462	-0.305933	0.161669	23.8425
11	22	0.282051	0.564103	0.313127	-1.90054	-26.3382
11	23	0.282051	0.589744	0.226624	-0.43502	62.0719
11	24	0.282051	0.615385	-1.67567	-0.942955	-52.3202
11	25	0.282051	0.641026	0.0945167	-0.942747	67.4537
11	26	0.282051	0.666667	-2.51604	-0.0255303	-39.9412
11	27	0.282051	0.692308	0.255825	-1.27713	41.9486
11	28	0.282051	0.717949	-1.71574	0.441424	-3.08267
11	29	0.282051	0.74359	-0.10423	-1.22287	-0.480758
11	30	0.282051	0.769231	-0.682205	0.311818	32.1461
11	31	0.282051	0.794872	-1.79325	-0.58087	-32.0388
11	32	0.282051	0.820513	-0.637847	0.0254909	46.7753
11	33	0.282051	0.846154	-3.23936	0.12878	-38.1344
11	34	0.282051	0.871795	-0.597368	-0.17317	40.3748
11	35	0.282051	0.897436	-3.05435	0.594763	-24.282
11	36	0.282051	0.923077	0.100849	-0.245093	20.2613
11	37	0.282051	0.948718	-1.11613	0.554169	-5.06481
11	38	0.282051	0.974359	0.712607	0.01892	3.44398
11	39	0.282051	1	1	0	0
12	0	0.307692	0	0	0	14.1219
12	1	0.307692	0.025641	0.101858	0.124355	14.1219
12	2	0.307692	0.0512821	0.200849	-0.381838	6.61931
12	3	0.307692	0.0769231	0.270007	0.118984	26.4943
12	4	0.307692	0.102564	0.216786	-0.369305	-6.2337
12	5	0.307692	0.128205	0.545898	-0.410942	33.3989
12	6	0.307692	0.153846	0.11598	0.0594392	-1.42429
12	7	0.307692	0.179487	0.788682	-1.15957	15.5764
12	8	0.307692	0.205128	0.153506	0.244448	28.4374
12	9	0.307692	0.230769	0.583151	-1.3814	-20.8562
12	10	0.307692	0.25641	0.488828	-0.2875	60.4105
12	11	0.307692	0.282051	0.0354797	-0.692513	-40.5734
12	12	0.307692	0.307692	1.10343	-1.42363	60.2188
12	13	0.307692	0.333333	-0.122821	0.181377	-13.0341
12	14	0.307692	0.358974	1.29769	-2.431	11.9447
12	15	0.307692	0.384615	0.182657	0.108705	45.9689
12	16	0.307692	0.410256	0.286598	-2.16846	-50.3939
12	17	0.307692	0.435897	0.485119	-0.738008	89.1702
12	18	0.307692	0.461538	-0.8762	-0.846602	-71.2279
12	19	0.307692	0.487179	1.08595	-1.94529	82.2061
12	20	0.307692	0.512821	-0.734236	0.287002	-28.9516
12	21	0.307692	0.538462	1.21755	-2.83468	17.8982
12	22	0.307692	0.564103	-0.104035	0.118962	41.271
12	23	0.307692	0.589744	-0.336142	-2.22153	-52.9905
12	24	0.307692	0.615385	-0.306639	-0.624936	86.1539
12	25	0.307692	0.641026	-1.92011	-0.93316	-77.5043
12	26	0.307692	0.666667	-0.332644	-1.31549	86.9231
12	27	0.307692	0.692308	-2.01062	0.182567	-52.0163
12	28	0.307692	0.717949	0.00863635	-1.89714	43.9452
12	29	0.307692	0.74359	-1.145	0.613714	4.07936
12	30	0.307692	0.769231	-0.720996	-1.72464	-20.0783
12	31	0.307692	0.794872	-0.936338	0.305627	53.3936
12	32	0.307692	0.820513	-2.29208	-0.789784	-61.5468
12	33	0.307692	0.846154	-1.17985	-0.14961	72.5177
12	34	0.307692	0.871795	-2.95497	0.12282	-65.7351
12	35	0.307692	0.897436	-0.7048	-0.561156	61.0414
12	36	0.307692	0.923077	-1.91925	0.771822	-40.1979
12	37	0.307692	0.948718	0.295458	-0.756035	25.4644
12	38	0.307692	0.974359	0.175413	0.604135	-5.58639
12	39	0.307692	1	1	0	0
13	0	0.333333	0	0	0	12.2453
13	1	0.333333	0.025641	0.149763	-0.186962	12.2453
13	2	0.333333	0.0512821	0.15279	0.177974	18.3919
13	3	0.333333	0.0769231	0.394268	-0.465393	0.321893
13	4	0.333333	0.102564	0.288332	0.00779863	32.152
13	5	0.333333	0.128205	0.370651	-0.28519	-9.91725
13	6	0.333333	0.153846	0.662507	-0.661836	33.3113
13	7	0.333333	0.179487	0.138855	0.194838	3.12651
13	8	0.333333	0.205128	0.987138	-1.37738	6.70819
13	9	0.333333	0.230769	0.0459135	0.258168	39.7425
13	10	0.333333	0.25641	0.790052	-1.37119	-32.7856
13	11	0.333333	0.282051	0.46346	-0.513757	70.311
13	12	0.333333	0.307692	0.269321	-0.433834	-43.8826
13	13	0.333333	0.333333	1.26459	-1.9049	56.5729
13	14	0.333333	0.358974	-0.00489571	0.380165	-0.153559
13	15	0.333333	0.384615	1.33114	-2.75585	-8.53204
13	16	0.333333	0.410256	-0.0807366	0.0410463	67.9291
13	17	0.333333	0.435897	0.24892	-2.061	-72.4086
13	18	0.333333	0.461538	0.227715	-1.08287	107.014
13	19	0.333333	0.487179	-0.523456	-0.442653	-77.0515
13	20	0.333333	0.512821	1.11169	-2.63105	78.3837
13	21	0.333333	0.538462	-0.334122	0.495098	-11.7002
13	22	0.333333	0.564103	0.900806	-3.16147	-9.8737
13	23	0.333333	0.589744	-0.57277	0.00170125	66.8053
13	24	0.333333	0.615385	-0.73308	-1.99286	-78.6717
13	25	0.333333	0.641026	-1.0396	-0.851265	105.665
13	26	0.333333	0.666667	-1.68439	-0.558342	-87.5695
13	27	0.333333	0.692308	-0.653256	-1.73265	90.2334
13	28	0.333333	0.717949	-1.40343	0.53479	-42.4688
13	29	0.333333	0.74359	-0.281213	-2.30913	23.7648
13	30	0.333333	0.769231	-1.16567	0.685161	27.2787
13	31	0.333333	0.794872	-1.18016	-1.69949	-49.6001
13	32	0.333333	0.820513	-1.6272	0.166301	77.0541
13	33	0.333333	0.846154	-2.26932	-0.608527	-83.18
13	34	0.333333	0.871795	-1.67278	-0.435021	89.0535
13	35	0.333333	0.897436	-2.1353	0.352462	-74.3325
13	36	0.333333	0.923077	-0.683083	-1.06183	62.2912
13	37	0.333333	0.948718	-0.640221	0.912162	-32.3351
13	38	0.333333	0.974359	0.520678	-0.812757	11.9026
13	39	0.333333	1	1	0	0
14	0	0.358974	0	0	0	12.9789
14	1	0.358974	0.025641	0.110308	0.0540827	12.9789
14	2	0.358974	0.0512821	0.3736	-0.286199	9.34528
14	3	0.358974	0.0769231	0.122536	0.157004	21.6846
14	4	0.358974	0.102564	0.623573	-0.47188	-3.20658
14	5	0.358974	0.128205	0.317849	-0.10498	34.2223
14	6	0.358974	0.153846	0.45916	-0.203954	-10.0944
14	7	0.358974	0.179487	0.866126	-0.804948	30.6328
14	8	0.358974	0.205128	-0.00632949	0.288626	8.01999
14	9	0.358974	0.230769	1.27766	-1.41248	-0.141834
14	10	0.358974	0.25641	-0.164234	0.260601	47.1766
14	11	0.358974	0.282051	1.09005	-1.20681	-38.2002
14	12	0.358974	0.307692	0.517764	-0.715463	72.6682
14	13	0.358974	0.333333	0.439524	-0.103962	-39.2476
14	14	0.358974	0.358974	1.51727	-2.16124	44.9497
14	15	0.358974	0.384615	-0.270345	0.573099	15.8262
14	16	0.358974	0.410256	1.45613	-2.61726	-27.2139
14	17	0.358974	0.435897	-0.630546	0.0375143	84.9641
14	18	0.358974	0.461538	0.495355	-1.55986	-81.7337
14	19	0.358974	0.487179	0.0593438	-1.36012	111.189
14	20	0.358974	0.512821	-0.0947423	0.176752	-65.8127
14	21	0.358974	0.538462	1.1714	-2.91462	56.232
14	22	0.358974	0.564103	-0.587296	0.717803	13.3364
14	23	0.358974	0.589744	0.606482	-2.66986	-37.2477
14	24	0.358974	0.615385	-1.55066	0.0152016	85.6409
14	25	0.358974	0.641026	-0.768875	-1.27745	-86.8708
14	26	0.358974	0.666667	-1.69393	-0.901715	108.858
14	27	0.358974	0.692308	-1.20151	0.0772402	-77.1913
14	28	0.358974	0.717949	-0.79663	-1.88702	72.1827
14	29	0.358974	0.74359	-1.18645	0.916474	-18.3394
14	30	0.358974	0.769231	-0.479071	-2.06932	-7.07027
14	31	0.358974	0.794872	-1.80747	0.726147	50.6456
14	32	0.358974	0.820513	-1.31272	-1.1432	-68.3968
14	33	0.358974	0.846154	-2.42315	0.0587901	88.982
14	34	0.358974	0.871795	-1.80564	-0.179074	-84.8995
14	35	0.358974	0.897436	-1.92366	-0.715616	86.4138
14	36	0.358974	0.923077	-1.10476	0.671909	-60.5207
14	37	0.358974	0.948718	-0.441469	-1.30106	41.207
14	38	0.358974	0.974359	0.326353	0.722242	-11.9823
14	39	0.358974	1	1	0	0
15	0	0.384615	0	0	0	12.737
15	1	0.384615	0.025641	0.194578	-0.0470219	12.737
15	2	0.384615	0.0512821	0.114001	0.0285531	12.7908
15	3	0.384615	0.0769231	0.636847	-0.321743	8.99491
15	4	0.384615	0.102564	0.0692608	0.135074	21.6982
15	5	0.384615	0.128205	0.805685	-0.499112	-3.66881
15	6	0.384615	0.153846	0.432117	-0.12807	34.3002
15	7	0.384615	0.179487	0.397937	-0.191349	-10.5689
15	8	0.384615	0.205128	1.13963	-0.798098	30.2035
15	9	0.384615	0.230769	-0.302721	0.36028	8.40183
15	10	0.384615	0.25641	1.60137	-1.33482	-0.840861
15	11	0.384615	0.282051	-0.33455	0.312235	47.9535
15	12	0.384615	0.307692	1.36443	-1.00715	-37.2732
15	13	0.384615	0.333333	0.730042	-0.755505	68.4727
15	14	0.384615	0.358974	0.304302	0.193383	-32.4221
15	15	0.384615	0.384615	1.79556	-1.97497	34.1745
15	16	0.384615	0.410256	-0.984241	0.796932	25.1494
15	17	0.384615	0.435897	1.66388	-2.054	-32.8763
15	18	0.384615	0.461538	-1.24733	0.193213	88.3183
15	19	0.384615	0.487179	0.910445	-0.82742	-74.8516
15	20	0.384615	0.512821	0.0823982	-1.34644	97.454
15	21	0.384615	0.538462	-0.042328	0.783173	-45.5838
15	22	0.384615	0.564103	1.19911	-2.36076	29.5312
15	23	0.384615	0.589744	-1.58761	0.952508	30.1833
15	24	0.384615	0.615385	0.400786	-1.5841	-44.5381
15	25	0.384615	0.641026	-2.63518	0.217982	84.9241
15	26	0.384615	0.666667	-0.509	-0.427629	-73.3814
15	27	0.384615	0.692308	-2.02522	-0.712881	90.814
15	28	0.384615	0.717949	-0.814544	0.681188	-53.3063
15	29	0.384615	0.74359	-0.716761	-1.52625	41.4707
15	30	0.384615	0.769231	-1.59048	1.15579	5.00191
15	31	0.384615	0.794872	-0.539434	-1.2311	-26.8308
15	32	0.384615	0.820513	-2.76669	0.724331	58.9758
15	33	0.384615	0.846154	-1.14918	-0.440972	-64.98
15	34	0.384615	0.871795	-2.97609	-0.00401984	80.5428
15	35	0.384615	0.897436	-1.08809	0.247895	-66.7986
15	36	0.384615	0.923077	-1.75818	-0.874354	62.4492
15	37	0.384615	0.948718	-0.192619	0.800762	-33.4697
15	38	0.384615	0.974359	0.156252	-0.88237	12.7951
15	39	0.384615	1	1	0	0
16	0	0.410256	0	0	0	11.3783
16	1	0.410256	0.025641	0.124289	-0.102056	11.3783
16	2	0.410256	0.0512821	0.435261	-0.0288335	15.058
16	3	0.410256	0.0769231	0.0636317	-0.0101789	9.11436
16	4	0.410256	0.102564	0.863662	-0.395762	11.8365
16	5	0.410256	0.128205	0.0868259	0.193283	19.8965
16	6	0.410256	0.153846	0.875581	-0.634019	-4.58647
16	7	0.410256	0.179487	0.626598	-0.0467281	36.8723
16	8	0.410256	0.205128	0.190156	-0.247053	-16.0012
16	9	0.410256	0.230769	1.39034	-0.734459	35.7764
16	10	0.410256	0.25641	-0.598018	0.458272	2.29779
16	11	0.410256	0.282051	1.87557	-1.31285	3.95436
16	12	0.410256	0.307692	-0.297634	0.457632	44.0634
16	13	0.410256	0.333333	1.44233	-0.928656	-35.295
16	14	0.410256	0.358974	1.0436	-0.54397	64.6377
16	15	0.410256	0.384615	-0.271257	0.35524	-32.4085
16	16	0.410256	0.410256	1.92641	-1.43486	34.8985
16	17	0.410256	0.435897	-1.89258	1.04322	19.5875
16	18	0.410256	0.461538	1.87801	-1.41463	-22.4755
16	19	0.410256	0.487179	-1.57892	0.513244	74.8784
16	20	0.410256	0.512821	1.20869	-0.254616	-58.523
16	21	0.410256	0.538462	0.344273	-0.850007	74.4996
16	22	0.410256	0.564103	-0.701758	1.05638	-31.6642
16	23	0.410256	0.589744	1.05157	-1.20148	20.2697
16	24	0.410256	0.615385	-2.89034	1.06473	24.5653
16	25	0.410256	0.641026	0.265414	-0.628229	-27.2145
16	26	0.410256	0.666667	-3.27058	0.51252	61.4341
16	27	0.410256	0.692308	-0.167154	0.0886914	-47.2671
16	28	0.410256	0.717949	-1.83918	-0.295403	59.7495
16	29	0.410256	0.74359	-0.871996	0.89734	-30.3117
16	30	0.410256	0.769231	-0.493423	-0.710437	19.2261
16	31	0.410256	0.794872	-2.48029	1.07555	11.6857
16	32	0.410256	0.820513	-0.565956	-0.382156	-22.2725
16	33	0.410256	0.846154	-3.53327	0.645748	44.4493
16	34	0.410256	0.871795	-0.800164	-0.00758078	-42.8487
16	35	0.410256	0.897436	-2.97006	-0.033824	53.0305
16	36	0.410256	0.923077	-0.344838	0.433365	-38.2338
16	37	0.410256	0.948718	-1.05502	-0.733069	28.6036
16	38	0.410256	0.974359	0.481406	0.503348	-9.2872
16	39	0.410256	1	1	0	0
17	0	0.435897	0	0	0	13.1337
17	1	0.435897	0.025641	0.19613	0.111921	13.1337
17	2	0.435897	0.0512821	0.169619	-0.238654	6.14222
17	3	0.435897	0.0769231	0.646442	-0.0540294	21.0622
17	4	0.435897	0.102564	0.0581693	0.0313231	3.15459
17	5	0.435897	0.128205	1.00641	-0.599397	14.6756
17	6	0.435897	0.153846	0.201931	0.341237	20.7205
17	7	0.435897	0.179487	0.838321	-0.87374	-10.488
17	8	0.435897	0.205128	0.795802	0.0437128	45.3509
17	9	0.435897	0.230769	-0.0358232	-0.299386	-27.8079
17	10	0.435897	0.25641	1.54289	-0.781555	46.4563
17	11	0.435897	0.282051	-0.681596	0.627395	-6.78395
17	12	0.435897	0.307692	2.03462	-1.51162	8.6502
17	13	0.435897	0.333333	-0.0147835	0.676092	42.4627
17	14	0.435897	0.358974	1.18887	-1.07902	-40.1299
17	15	0.435897	0.384615	1.21184	-0.209325	70.0448
17	16	0.435897	0.410256	-1.07768	0.341411	-45.8429
17	17	0.435897	0.435897	1.8028	-0.997741	49.9309
17	18	0.435897	0.461538	-2.43883	1.27352	-0.227615
17	19	0.435897	0.487179	2.03547	-1.20723	-4.22159
17	20	0.435897	0.512821	-1.25638	0.913667	54.3272
17	21	0.435897	0.538462	1.02299	-0.292385	-47.2349
17	22	0.435897	0.564103	0.623021	-0.0895951	63.6043
17	23	0.435897	0.589744	-1.83601	0.790877	-38.8248
17	24	0.435897	0.615385	0.607078	-0.420509	36.2254
17	25	0.435897	0.641026	-3.64407	1.01475	-3.66986
17	26	0.435897	0.666667	0.196102	-0.3974	1.72024
17	27	0.435897	0.692308	-3.04334	0.779725	28.4303
17	28	0.435897	0.717949	-0.0483165	-0.032721	-24.0544
17	29	0.435897	0.74359	-1.23211	0.234208	36.7056
17	30	0.435897	0.769231	-1.48394	0.555616	-23.9182
17	31	0.435897	0.794872	-0.444254	-0.0277918	21.2464
17	32	0.435897	0.820513	-3.28198	0.733631	-5.38771
17	33	0.435897	0.846154	-0.624351	-0.0595547	1.02408
17	34	0.435897	0.871795	-3.6378	0.538663	13.3632
17	35	0.435897	0.897436	-0.379601	0.0153882	-13.8797
17	36	0.435897	0.923077	-2.26087	0.0266717	19.2748
17	37	0.435897	0.948718	0.248001	0.253399	-12.48
17	38	0.435897	0.974359	0.0415735	-0.314794	4.87207
17	39	0.435897	1	1	0	0
18	0	0.461538	0	0	0	10.2876
18	1	0.461538	0.025641	0.16624	-0.229369	10.2876
18	2	0.461538	0.0512821	0.373246	0.193303	19.1043
18	3	0.461538	0.0769231	0.234629	-0.303706	-2.27382
18	4	0.461538	0.102564	0.780736	-0.205733	27.9444
18	5	0.461538	0.128205	0.144725	0.185403	-0.655514
18	6	0.461538	0.153846	1.08374	-0.921222	13.0473
18	7	0.461538	0.179487	0.319482	0.496175	27.4803
18	8	0.461538	0.205128	0.786607	-1.10568	-22.6937
18	9	0.461538	0.230769	0.837056	0.0236517	58.675
18	10	0.461538	0.25641	-0.0978742	-0.249381	-41.8063
18	11	0.461538	0.282051	1.61088	-1.05469	56.8099
18	12	0.461538	0.307692	-0.46791	0.862985	-11.1421
18	13	0.461538	0.333333	2.03806	-1.96314	5.62502
18	14	0.461538	0.358974	0.276131	0.845914	50.433
18	15	0.461538	0.384615	0.695566	-1.37472	-56.7437
18	16	0.461538	0.410256	1.0159	-0.0737011	87.1346
18	17	0.461538	0.435897	-1.59608	0.261753	-69.3116
18	18	0.461538	0.461538	1.57774	-1.09901	71.1597
18	19	0.461538	0.487179	-2.15116	1.46158	-20.2942
18	20	0.461538	0.512821	2.04712	-1.74292	6.58382
18	21	0.461538	0.538462	-0.449764	1.1642	47.0427
18	22	0.461538	0.564103	0.255859	-0.916883	-55.7586
18	23	0.461538	0.589744	0.395551	0.184027	76.2749
18	24	0.461538	0.615385	-2.6064	0.313001	-65.6674
18	25	0.461538	0.641026	0.0465747	-0.516834	63.4079
18	26	0.461538	0.666667	-3.41138	0.921002	-35.0896
18	27	0.461538	0.692308	0.125578	-0.880171	24.5862
18	28	0.461538	0.717949	-2.14018	0.957714	8.51517
18	29	0.461538	0.74359	-0.379225	-0.683421	-18.9427
18	30	0.461538	0.769231	-0.819539	0.519869	37.823
18	31	0.461538	0.794872	-2.21425	-0.020623	-40.4123
18	32	0.461538	0.820513	-0.734312	0.0682712	42.0075
18	33	0.461538	0.846154	-3.45239	0.42052	-35.5663
18	34	0.461538	0.871795	-0.662802	-0.221728	28.5264
18	35	0.461538	0.897436	-2.98063	0.500008	-17.7163
18	36	0.461538	0.923077	0.00162912	-0.300634	9.2512
18	37	0.461538	0.948718	-1.02218	0.197774	-2.96933
18	38	0.461538	0.974359	0.644203	-0.140387	-0.98331
18	39	0.461538	1	1	0	0
19	0	0.487179	0	0	0	12.6683
19	1	0.487179	0.025641	0.182643	0.170732	12.6683
19	2	0.487179	0.0512821	0.333	-0.403602	3.39809
19	3	0.487179	0.0769231	0.466719	0.161409	26.9584
19	4	0.487179	0.102564	0.370036	-0.233384	-9.6834
19	5	0.487179	0.128205	0.861126	-0.466386	31.371
19	6	0.487179	0.153846	0.252249	0.388783	1.16465
19	7	0.487179	0.179487	1.1689	-1.22631	5.33788
19	8	0.487179	0.205128	0.30439	0.573314	38.8977
19	9	0.487179	0.230769	0.845707	-1.18309	-37.0576
19	10	0.487179	0.25641	0.757481	-0.143203	71.7408
19	11	0.487179	0.282051	0.0806909	-0.0450762	-50.5443
19	12	0.487179	0.307692	1.66231	-1.52299	59.8407
19	13	0.487179	0.333333	-0.147036	1.09745	-4.78965
19	14	0.487179	0.358974	1.92414	-2.44463	-9.27797
19	15	0.487179	0.384615	0.215794	0.852798	68.4283
19	16	0.487179	0.410256	0.304645	-1.55015	-80.4431
19	17	0.487179	0.435897	0.565624	-0.290927	109.047
19	18	0.487179	0.461538	-1.47657	0.302243	-88.6276
19	19	0.487179	0.487179	1.46227	-1.7936	84.7268
19	20	0.487179	0.512821	-1.20837	1.56573	-22.1983
19	21	0.487179	0.538462	1.76312	-2.65743	-4.40318
19	22	0.487179	0.564103	-0.122002	1.01866	62.4345
19	23	0.487179	0.589744	-0.55047	-1.39058	-82.1906
19	24	0.487179	0.615385	-0.353843	-0.157858	100.091
19	25	0.487179	0.641026	-2.61404	0.0862903	-90.8617
19	26	0.487179	0.666667	-0.428729	-1.09115	83.5278
19	27	0.487179	0.692308	-2.53342	0.923375	-48.1715
19	28	0.487179	0.717949	-0.0721991	-1.65183	27.248
19	29	0.487179	0.74359	-1.36911	0.985956	13.8632
19	30	0.487179	0.769231	-0.946636	-1.26432	-36.6029
19	31	0.487179	0.794872	-1.0387	0.408145	57.0043
19	32	0.487179	0.820513	-2.5137	-0.325153	-66.6126
19	33	0.487179	0.846154	-1.17352	-0.194287	65.3956
19	34	0.487179	0.871795	-2.9507	0.310876	-60.0591
19	35	0.487179	0.897436	-0.645437	-0.621823	47.4911
19	36	0.487179	0.923077	-1.7914	0.571787	-33.0767
19	37	0.487179	0.948718	0.2718	-0.734821	16.1838
19	38	0.487179	0.974359	0.208095	0.227392	-6.046
19	39	0.487179	1	1	0	0
20	0	0.512821	0	0	0	10.0988
20	1	0.512821	0.025641	0.22398	-0.213537	10.0988
20	2	0.512821	0.0512821	0.27037	0.244456	17.8319
20	3	0.512821	0.0769231	0.548474	-0.443246	-3.78303
20	4	0.512821	0.102564	0.486374	0.0337533	32.4945
20	5	0.512821	0.128205	0.52689	-0.0706206	-12.319
20	6	0.512821	0.153846	0.958685	-0.709371	29.3103
20	7	0.512821	0.179487	0.244753	0.553083	7.4859
20	8	0.512821	0.205128	1.33433	-1.3449	-4.817
20	9	0.512821	0.230769	0.111805	0.570626	49.7723
20	10	0.512821	0.25641	1.0656	-1.04448	-46.6309
20	11	0.512821	0.282051	0.659208	-0.38721	78.463
20	12	0.512821	0.307692	0.376729	0.283898	-49.2251
20	13	0.512821	0.333333	1.76595	-1.95722	51.6552
20	14	0.512821	0.358974	-0.0902358	1.28157	10.6129
20	15	0.512821	0.384615	1.83519	-2.58845	-30.702
20	16	0.512821	0.410256	-0.285094	0.752467	88.9138
20	17	0.512821	0.435897	0.282569	-1.39891	-98.324
20	18	0.512821	0.461538	0.145291	-0.727182	124.555
20	19	0.512821	0.487179	-0.837085	0.597439	-89.9507
20	20	0.512821	0.512821	1.48986	-2.67179	77.5768
20	21	0.512821	0.538462	-0.526939	1.58386	-2.04559
20	22	0.512821	0.564103	1.30495	-2.99106	-34.7487
20	23	0.512821	0.589744	-0.732234	0.697372	87.2055
20	24	0.512821	0.615385	-0.932944	-1.21443	-104.281
20	25	0.512821	0.641026	-1.22991	-0.580096	116.642
20	26	0.512821	0.666667	-2.10314	0.258623	-96.2852
20	27	0.512821	0.692308	-0.734708	-1.64702	83.845
20	28	0.512821	0.717949	-1.68553	1.07148	-36.77
20	29	0.512821	0.74359	-0.335263	-2.08793	6.63623
20	30	0.512821	0.769231	-1.33693	0.906155	35.4944
20	31	0.512821	0.794872	-1.30528	-1.26177	-61.9658
20	32	0.512821	0.820513	-1.67217	0.164731	76.9287
20	33	0.512821	0.846154	-2.28764	-0.253657	-83.0643
20	34	0.512821	0.871795	-1.54546	-0.521054	78.3509
20	35	0.512821	0.897436	-2.00074	0.401489	-66.3731
20	36	0.512821	0.923077	-0.546698	-1.06332	48.5312
20	37	0.512821	0.948718	-0.536076	0.627408	-27.5722
20	38	0.512821	0.974359	0.542407	-0.824792	6.62991
20	39	0.512821	1	1	0	0
21	0	0.538462	0	0	0	11.1494
21	1	0.538462	0.025641	0.172883	0.0962009	11.1494
21	2	0.538462	0.0512821	0.481981	-0.305955	6.18856
21	3	0.538462	0.0769231	0.253515	0.226354	21.7448
21	4	0.538462	0.102564	0.774532	-0.372754	-7.32051
21	5	0.538462	0.128205	0.505462	-0.0860261	33.3366
21	6	0.538462	0.153846	0.594422	0.0796253	-10.6535
21	7	0.538462	0.179487	1.12634	-0.780096	24.4835
21	8	0.538462	0.205128	0.043401	0.646627	13.1455
21	9	0.538462	0.230769	1.58119	-1.22285	-10.8727
21	10	0.538462	0.25641	-0.172457	0.55372	54.4227
21	11	0.538462	0.282051	1.37174	-0.755592	-47.3266
21	12	0.538462	0.307692	0.666476	-0.550006	75.5523
21	13	0.538462	0.333333	0.524364	0.650832	-40.0362
21	14	0.538462	0.358974	1.94642	-2.01576	36.4436
21	15	0.538462	0.384615	-0.535805	1.44957	26.2479
21	16	0.538462	0.410256	1.87607	-2.21595	-45.6818
21	17	0.538462	0.435897	-1.02409	0.701781	101.405
21	18	0.538462	0.461538	0.632305	-0.886168	-99.9212
21	19	0.538462	0.487179	-0.047877	-1.1028	123.107
21	20	0.538462	0.512821	-0.188886	1.13657	-71.989
21	21	0.538462	0.538462	1.57823	-2.95029	49.1863
21	22	0.538462	0.564103	-0.82894	1.67605	25.132
21	23	0.538462	0.589744	0.91312	-2.27473	-60.7195
21	24	0.538462	0.615385	-1.89321	0.556825	102.137
21	25	0.538462	0.641026	-0.889058	-0.527033	-104.403
21	26	0.538462	0.666667	-1.90141	-0.735262	113.595
21	27	0.538462	0.692308	-1.43198	0.725552	-79.9543
21	28	0.538462	0.717949	-0.810133	-1.80766	61.683
21	29	0.538462	0.74359	-1.39349	1.28581	-11.6757
21	30	0.538462	0.769231	-0.480167	-1.77608	-21.9004
21	31	0.538462	0.794872	-1.94888	0.815248	55.2229
21	32	0.538462	0.820513	-1.30697	-0.768434	-74.2407
21	33	0.538462	0.846154	-2.3482	-0.0221384	83.6973
21	34	0.538462	0.871795	-1.6738	0.01572	-80.3206
21	35	0.538462	0.897436	-1.68054	-0.801706	72.9794
21	36	0.538462	0.923077	-0.930743	0.554771	-53.0394
21	37	0.538462	0.948718	-0.275186	-1.23888	30.7265
21	38	0.538462	0.974359	0.390865	0.388046	-11.5605
21	39	0.538462	1	1	0	0
22	0	0.564103	0	0	0	10.3964
22	1	0.564103	0.025641	0.246698	-0.0657555	10.3964
22	2	0.564103	0.0512821	0.205639	0.101839	11.8211
22	3	0.564103	0.0769231	0.739263	-0.293705	4.85682
22	4	0.564103	0.102564	0.203417	0.19859	21.7837
22	5	0.564103	0.128205	0.925548	-0.303978	-6.90147
22	6	0.564103	0.153846	0.593074	-0.0783408	31.3607
22	7	0.564103	0.179487	0.496069	0.14068	-9.23552
22	8	0.564103	0.205128	1.33378	-0.638846	22.6741
22	9	0.564103	0.230769	-0.292369	0.696453	12.7094
22	10	0.564103	0.25641	1.83268	-0.980001	-8.91636
22	11	0.564103	0.282051	-0.372615	0.613731	50.4893
22	12	0.564103	0.307692	1.60397	-0.466743	-41.2773
22	13	0.564103	0.333333	0.842281	-0.442725	66.0365
22	14	0.564103	0.358974	0.281104	0.946141	-31.1501
22	15	0.564103	0.384615	2.11674	-1.53581	25.7288
22	16	0.564103	0.410256	-1.40269	1.62788	31.4519
22	17	0.564103	0.435897	2.01374	-1.48938	-44.2883
22	18	0.564103	0.461538	-1.68718	0.814816	97.3217
22	19	0.564103	0.487179	1.13424	-0.166514	-85.0526
22	20	0.564103	0.512821	0.0501353	-1.06953	101.693
22	21	0.564103	0.538462	-0.12509	1.72404	-47.2328
22	22	0.564103	0.564103	1.59808	-2.10122	19.2367
22	23	0.564103	0.589744	-2.01445	1.83873	39.7644
22	24	0.564103	0.615385	0.630816	-0.975248	-61.1091
22	25	0.564103	0.641026	-3.01867	0.676156	93.9342
22	26	0.564103	0.666667	-0.548166	0.236758	-82.754
22	27	0.564103	0.692308	-2.1174	-0.559789	88.7116
22	28	0.564103	0.717949	-0.96491	1.17645	-52.5102
22	29	0.564103	0.74359	-0.634763	-1.35287	29.9147
22	30	0.564103	0.769231	-1.78473	1.38179	9.65326
22	31	0.564103	0.794872	-0.471191	-0.920823	-35.9025
22	32	0.564103	0.820513	-2.78959	0.703704	58.1182
22	33	0.564103	0.846154	-1.02362	-0.219731	-65.174
22	34	0.564103	0.871795	-2.72238	-0.136785	70.984
22	35	0.564103	0.897436	-0.885511	0.253552	-60.6679
22	36	0.564103	0.923077	-1.43368	-0.933281	49.6033
22	37	0.564103	0.948718	-0.0466458	0.551642	-29.0971
22	38	0.564103	0.974359	0.28466	-0.899437	7.57508
22	39	0.564103	1	1	0	0
23	0	0.589744	0	0	0	9.34162
23	1	0.589744	0.025641	0.169144	-0.0506914	9.34162
23	2	0.589744	0.0512821	0.489706	-0.0428139	11.4974
23	3	0.589744	0.0769231	0.169558	0.0840284	9.32777
23	4	0.589744	0.102564	0.924617	-0.28121	6.99357
23	5	0.589744	0.128205	0.211275	0.25674	19.2545
23	6	0.589744	0.153846	0.945186	-0.335414	-6.22788
23	7	0.589744	0.179487	0.732927	0.0796493	31.5111
23	8	0.589744	0.205128	0.268337	0.109941	-13.0377
23	9	0.589744	0.230769	1.48315	-0.423396	27.6465
23	10	0.589744	0.25641	-0.568854	0.766781	4.71685
23	11	0.589744	0.282051	1.99706	-0.824268	-1.05104
23	12	0.589744	0.307692	-0.326524	0.822274	41.6874
23	13	0.589744	0.333333	1.59098	-0.346525	-35.6156
23	14	0.589744	0.358974	1.09072	-0.0137009	59.1177
23	15	0.589744	0.384615	-0.36908	1.05309	-32.0024
23	16	0.589744	0.410256	2.10046	-0.789803	29.183
23	17	0.589744	0.435897	-2.27279	1.78897	19.7727
23	18	0.589744	0.461538	2.14657	-0.821531	-27.6528
23	19	0.589744	0.487179	-1.90781	1.12338	76.0651
23	20	0.589744	0.512821	1.42584	0.382951	-63.6555
23	21	0.589744	0.538462	0.399235	-0.375805	73.0594
23	22	0.589744	0.564103	-0.90167	1.97515	-33.0931
23	23	0.589744	0.589744	1.3624	-0.623873	12.2094
23	24	0.589744	0.615385	-3.33898	1.85687	28.1346
23	25	0.589744	0.641026	0.451985	-0.0128692	-36.6721
23	26	0.589744	0.666667	-3.47566	0.925098	63.0127
23	27	0.589744	0.692308	-0.150469	0.607815	-52.1253
23	28	0.589744	0.717949	-1.75074	-0.0964619	54.2519
23	29	0.589744	0.74359	-1.01466	1.24982	-29.6896
23	30	0.589744	0.769231	-0.345486	-0.473732	11.0954
23	31	0.589744	0.794872	-2.57679	1.18466	12.0126
23	32	0.589744	0.820513	-0.421562	-0.188853	-25.9841
23	33	0.589744	0.846154	-3.3202	0.559509	39.3944
23	34	0.589744	0.871795	-0.589531	0.0340713	-40.901
23	35	0.589744	0.897436	-2.54148	-0.187567	42.8147
23	36	0.589744	0.923077	-0.154735	0.282632	-33.682
23	37	0.589744	0.948718	-0.736699	-0.775951	20.2214
23	38	0.589744	0.974359	0.558808	0.198613	-9.21903
23	39	0.589744	1	1	0	0
24	0	0.615385	0	0	0	10.4827
24	1	0.615385	0.025641	0.219375	0.0859502	10.4827
24	2	0.615385	0.0512821	0.228628	-0.130957	5.53384
24	3	0.615385	0.0769231	0.664955	-0.0220871	15.6777
24	4	0.615385	0.102564	0.164196	0.131134	4.51561
24	5	0.615385	0.128205	0.999515	-0.36569	9.67362
24	6	0.615385	0.153846	0.293815	0.422883	18.4938
24	7	0.615385	0.179487	0.860093	-0.471997	-9.80009
24	8	0.615385	0.205128	0.820542	0.26979	37.2657
24	9	0.615385	0.230769	0.0715115	0.0668176	-23.0751
24	10	0.615385	0.25641	1.50675	-0.336702	37.61
24	11	0.615385	0.282051	-0.583927	0.924893	-6.00771
24	12	0.615385	0.307692	2.01396	-0.91305	5.87329
24	13	0.615385	0.333333	-0.0509354	1.14918	36.6239
24	14	0.615385	0.358974	1.26894	-0.479677	-38.3825
24	15	0.615385	0.384615	1.15009	0.479665	63.2619
24	16	0.615385	0.410256	-1.06186	0.960654	-46.6918
24	17	0.615385	0.435897	1.84463	-0.31732	45.7348
24	18	0.615385	0.461538	-2.57265	1.92486	-4.07644
24	19	0.615385	0.487179	2.19751	-0.650876	-6.61208
24	20	0.615385	0.512821	-1.4167	1.57409	50.9252
24	21	0.615385	0.538462	1.15405	0.321021	-50.8199
24	22	0.615385	0.564103	0.687079	0.609361	60.8709
24	23	0.615385	0.589744	-2.01367	1.62179	-42.647
24	24	0.615385	0.615385	0.830542	0.213691	31.2571
24	25	0.615385	0.641026	-3.81759	1.70706	-4.78205
24	26	0.615385	0.666667	0.388102	0.0845018	-4.78902
24	27	0.615385	0.692308	-2.95955	1.16233	27.0908
24	28	0.615385	0.717949	-0.0332739	0.35166	-28.5244
24	29	0.615385	0.74359	-1.03132	0.472781	32.6472
24	30	0.615385	0.769231	-1.57138	0.812708	-25.9591
24	31	0.615385	0.794872	-0.265803	0.146529	17.0729
24	32	0.615385	0.820513	-3.12524	0.799791	-7.92086
24	33	0.615385	0.846154	-0.387161	-0.012555	-1.14185
24	34	0.615385	0.871795	-3.1673	0.428431	8.40095
24	35	0.615385	0.897436	-0.147514	-0.0651569	-13.2615
24	36	0.615385	0.923077	-1.75952	-0.132763	12.5129
24	37	0.615385	0.948718	0.363818	0.0432749	-11.2615
24	38	0.615385	0.974359	0.224001	-0.440062	1.23724
24	39	0.615385	1	1	0	0
25	0	0.641026	0	0	0	8.18189
25	1	0.641026	0.025641	0.178297	-0.155685	8.18189
25	2	0.641026	0.0512821	0.376846	0.163228	14.7266
25	3	0.641026	0.0769231	0.282189	-0.151636	-0.65649
25	4	0.641026	0.102564	0.738627	-0.0876922	20.6378
25	5	0.641026	0.128205	0.229708	0.278921	1.23037
25	6	0.641026	0.153846	0.993676	-0.545977	8.80736
25	7	0.641026	0.179487	0.360469	0.611707	22.6984
25	8	0.641026	0.205128	0.781826	-0.607205	-18.6808
25	9	0.641026	0.230769	0.768014	0.343074	47.1354
25	10	0.641026	0.25641	0.0749285	0.123836	-34.4629
25	11	0.641026	0.282051	1.41949	-0.481097	46.3039
25	12	0.641026	0.307692	-0.324862	1.17178	-11.0601
25	13	0.641026	0.333333	1.87614	-1.22668	4.37324
25	14	0.641026	0.358974	0.168108	1.42416	41.9392
25	15	0.641026	0.384615	0.836348	-0.720208	-52.2702
25	16	0.641026	0.410256	0.854255	0.67336	77.7364
25	17	0.641026	0.435897	-1.29314	0.840135	-67.7763
25	18	0.641026	0.461538	1.50064	-0.422447	64.9226
25	19	0.641026	0.487179	-2.02532	2.05256	-23.6072
25	20	0.641026	0.512821	2.05281	-1.15024	4.05176
25	21	0.641026	0.538462	-0.559651	1.91555	42.757
25	22	0.641026	0.564103	0.380819	-0.277036	-58.9799
25	23	0.641026	0.589744	0.41392	0.949934	73.0112
25	24	0.641026	0.615385	-2.49218	1.08415	-69.091
25	25	0.641026	0.641026	0.254715	0.0282756	57.8028
25	26	0.641026	0.666667	-3.20514	1.53075	-35.1504
25	27	0.641026	0.692308	0.293473	-0.50495	16.737
25	28	0.641026	0.717949	-1.87555	1.30533	8.99086
25	29	0.641026	0.74359	-0.369443	-0.339152	-25.2335
25	30	0.641026	0.769231	-0.623887	0.726923	36.0585
25	31	0.641026	0.794872	-2.08437	0.236765	-43.3668
25	32	0.641026	0.820513	-0.48816	0.148496	38.1133
25	33	0.641026	0.846154	-2.99313	0.489978	-36.2119
25	34	0.641026	0.871795	-0.357016	-0.260683	24.1001
25	35	0.641026	0.897436	-2.35627	0.371618	-18.5667
25	36	0.641026	0.923077	0.179186	-0.408549	6.54815
25	37	0.641026	0.948718	-0.625651	0.0137398	-5.07621
25	38	0.641026	0.974359	0.687301	-0.322423	-2.53135
25	39	0.641026	1	1	0	0
26	0	0.666667	0	0	0	9.88917
26	1	0.666667	0.025641	0.176353	0.137234	9.88917
26	2	0.666667	0.0512821	0.313926	-0.257638	3.10852
26	3	0.666667	0.0769231	0.434765	0.163716	20.1993
26	4	0.666667	0.102564	0.378876	-0.0630023	-5.87225
26	5	0.666667	0.128205	0.739924	-0.235393	22.6815
26	6	0.666667	0.153846	0.302055	0.469917	2.52814
26	7	0.666667	0.179487	0.988821	-0.706971	3.04328
26	8	0.666667	0.205128	0.301377	0.717239	30.5416
26	9	0.666667	0.230769	0.82389	-0.600428	-28.6422
26	10	0.666667	0.25641	0.588827	0.254441	55.5854
26	11	0.666667	0.282051	0.290131	0.326385	-39.777
26	12	0.666667	0.307692	1.29098	-0.77898	46.9966
26	13	0.666667	0.333333	-0.0451359	1.41952	-5.64468
26	14	0.666667	0.358974	1.68649	-1.50046	-7.7152
26	15	0.666667	0.384615	0.0229412	1.50162	55.4127
26	16	0.666667	0.410256	0.628408	-0.779493	-69.5117
26	17	0.666667	0.435897	0.330469	0.493995	93.2202
26	18	0.666667	0.461538	-0.913001	0.870334	-80.1388
26	19	0.666667	0.487179	1.20254	-1.00765	73.3159
26	20	0.666667	0.512821	-1.04662	2.14309	-23.0395
26	21	0.666667	0.538462	1.66065	-1.86197	-6.83792
26	22	0.666667	0.564103	-0.299762	1.85029	56.4577
26	23	0.666667	0.589744	-0.216849	-0.63884	-81.2501
26	24	0.666667	0.615385	-0.324831	0.585464	92.7243
26	25	0.666667	0.641026	-2.13258	0.824025	-88.0485
26	26	0.666667	0.666667	-0.230224	-0.623476	73.0394
26	27	0.666667	0.692308	-2.09548	1.42824	-43.2226
26	28	0.666667	0.717949	0.042643	-1.26497	16.0668
26	29	0.666667	0.74359	-1.12009	1.26391	16.1889
26	30	0.666667	0.769231	-0.809924	-0.85379	-42.3795
26	31	0.666667	0.794872	-0.827385	0.551307	53.9098
26	32	0.666667	0.820513	-2.08321	-0.0465669	-65.5178
26	33	0.666667	0.846154	-0.830583	-0.180952	57.763
26	34	0.666667	0.871795	-2.27561	0.357439	-55.1026
26	35	0.666667	0.897436	-0.33592	-0.673718	38.5245
26	36	0.666667	0.923077	-1.2041	0.391053	-29.1855
26	37	0.666667	0.948718	0.373513	-0.75991	11.0178
26	38	0.666667	0.974359	0.383181	-0.00700824	-6.66174
26	39	0.666667	1	1	0	0
27	0	0.692308	0	0	0	7.84783
27	1	0.692308	0.025641	0.189341	-0.144436	7.84783
27	2	0.692308	0.0512821	0.246276	0.201452	13.6128
27	3	0.692308	0.0769231	0.459611	-0.24603	-1.91509
27	4	0.692308	0.102564	0.41382	0.0890237	23.54
27	5	0.692308	0.128205	0.47977	0.0966551	-7.07782
27	6	0.692308	0.153846	0.739695	-0.364411	20.1617
27	7	0.692308	0.179487	0.276806	0.611133	7.4253
27	8	0.692308	0.205128	1.05314	-0.707113	-4.30273
27	9	0.692308	0.230769	0.0972199	0.711168	37.0217
27	10	0.692308	0.25641	0.989246	-0.406582	-33.3173
27	11	0.692308	0.282051	0.382632	0.0867208	56.8716
27	12	0.692308	0.307692	0.538031	0.609722	-35.5455
27	13	0.692308	0.333333	1.21774	-0.981445	37.6633
27	14	0.692308	0.358974	-0.0571867	1.58269	6.58116
27	15	0.692308	0.384615	1.59689	-1.42044	-23.0294
27	16	0.692308	0.410256	-0.487753	1.41233	67.7095
27	17	0.692308	0.435897	0.754683	-0.526538	-77.3503
27	18	0.692308	0.461538	-0.177702	0.121591	98.3938
27	19	0.692308	0.487179	-0.240794	1.09883	-74.0406
27	20	0.692308	0.512821	1.025	-1.60102	61.4414
27	21	0.692308	0.538462	-0.523245	2.16996	-3.84557
27	22	0.692308	0.564103	1.28925	-1.93673	-31.9819
27	23	0.692308	0.589744	-0.887043	1.54108	75.1236
27	24	0.692308	0.615385	-0.312055	-0.39976	-94.1124
27	25	0.692308	0.641026	-1.11842	0.0781981	101.017
27	26	0.692308	0.666667	-1.40467	0.875225	-84.9082
27	27	0.692308	0.692308	-0.549572	-1.19816	66.5031
27	28	0.692308	0.717949	-1.25705	1.40783	-28.3856
27	29	0.692308	0.74359	-0.190511	-1.58591	-4.83664
27	30	0.692308	0.769231	-1.12968	1.07801	35.5315
27	31	0.692308	0.794872	-0.937018	-0.815733	-61.9415
27	32	0.692308	0.820513	-1.35702	0.223206	68.4714
27	33	0.692308	0.846154	-1.6227	-0.0292206	-74.8897
27	34	0.692308	0.871795	-1.12026	-0.552266	64.5914
27	35	0.692308	0.897436	-1.29298	0.359181	-55.8769
27	36	0.692308	0.923077	-0.277508	-1.03438	35.826
27	37	0.692308	0.948718	-0.154126	0.370335	-22.4089
27	38	0.692308	0.974359	0.604535	-0.796868	2.63838
27	39	0.692308	1	1	0	0
28	0	0.717949	0	0	0	8.6846
28	1	0.717949	0.025641	0.141209	0.0844018	8.6846
28	2	0.717949	0.0512821	0.364387	-0.187941	4.87786
28	3	0.717949	0.0769231	0.223114	0.19288	16.214
28	4	0.717949	0.102564	0.592866	-0.145299	-3.87627
28	5	0.717949	0.128205	0.380511	0.0170502	22.8885
28	6	0.717949	0.153846	0.503894	0.235103	-4.65398
28	7	0.717949	0.179487	0.789559	-0.354231	15.4272
28	8	0.717949	0.205128	0.114509	0.656848	11.5381
28	9	0.717949	0.230769	1.17148	-0.515009	-7.74096
28	10	0.717949	0.25641	-0.158582	0.649239	37.2128
28	11	0.717949	0.282051	1.16284	-0.118483	-29.8321
28	12	0.717949	0.307692	0.277332	0.00929207	49.3985
28	13	0.717949	0.333333	0.594643	0.856441	-25.426
28	14	0.717949	0.358974	1.25213	-0.836414	24.3191
28	15	0.717949	0.384615	-0.44616	1.63595	16.4731
28	16	0.717949	0.410256	1.62252	-0.947363	-30.0412
28	17	0.717949	0.435897	-1.11156	1.26547	69.1854
28	18	0.717949	0.461538	1.04942	-0.0651824	-69.6073
28	19	0.717949	0.487179	-0.443498	-0.15449	86.4242
28	20	0.717949	0.512821	0.205667	1.43371	-53.6801
28	21	0.717949	0.538462	1.02865	-1.56854	34.9465
28	22	0.717949	0.564103	-0.855014	2.16849	17.0939
28	23	0.717949	0.589744	1.09581	-1.18075	-48.2167
28	24	0.717949	0.615385	-1.81722	1.24662	80.4321
28	25	0.717949	0.641026	-0.113697	0.138623	-85.3034
28	26	0.717949	0.666667	-1.62665	-0.224282	88.6346
28	27	0.717949	0.692308	-0.765654	1.08052	-63.4874
28	28	0.717949	0.717949	-0.588938	-1.30925	41.2279
28	29	0.717949	0.74359	-1.07093	1.39966	-5.02783
28	30	0.717949	0.769231	-0.215604	-1.22647	-27.4231
28	31	0.717949	0.794872	-1.65225	0.835703	48.9705
28	32	0.717949	0.820513	-0.747327	-0.433083	-66.345
28	33	0.717949	0.846154	-1.85685	-0.0695648	68.1812
28	34	0.717949	0.871795	-0.948913	0.0972997	-66.3792
28	35	0.717949	0.897436	-1.19675	-0.823448	54.1423
28	36	0.717949	0.923077	-0.382902	0.369698	-40.9515
28	37	0.717949	0.948718	-0.0448873	-1.08296	19.3333
28	38	0.717949	0.974359	0.547103	0.0937024	-9.66119
28	39	0.717949	1	1	0	0
29	0	0.74359	0	0	0	7.89694
29	1	0.74359	0.025641	0.174976	-0.0476728	7.89694
29	2	0.74359	0.0512821	0.164158	0.0984209	9.495
29	3	0.74359	0.0769231	0.512354	-0.139553	3.80522
29	4	0.74359	0.102564	0.169448	0.167952	15.6971
29	5	0.74359	0.128205	0.655513	-0.0429952	-2.51179
29	6	0.74359	0.153846	0.39139	0.0416031	19.7752
29	7	0.74359	0.179487	0.412202	0.286649	-2.16088
29	8	0.74359	0.205128	0.867764	-0.18262	13.0802
29	9	0.74359	0.230769	-0.113708	0.630497	10.6008
29	10	0.74359	0.25641	1.25775	-0.247851	-4.53103
29	11	0.74359	0.282051	-0.314827	0.636614	30.1447
29	12	0.74359	0.307692	1.20924	0.11155	-21.2481
29	13	0.74359	0.333333	0.334598	0.170123	38.087
29	14	0.74359	0.358974	0.362948	0.964723	-17.2903
29	15	0.74359	0.384615	1.31678	-0.349835	16.969
29	16	0.74359	0.410256	-1.01323	1.5784	15.9011
29	17	0.74359	0.435897	1.64829	-0.353174	-23.5044
29	18	0.74359	0.461538	-1.50534	1.18152	55.9759
29	19	0.74359	0.487179	1.26551	0.374515	-51.0166
29	20	0.74359	0.512821	-0.339791	-0.0340445	62.0172
29	21	0.74359	0.538462	0.0977964	1.67831	-32.8016
29	22	0.74359	0.564103	1.11087	-0.75901	13.7486
29	23	0.74359	0.589744	-1.70403	2.04919	23.4826
29	24	0.74359	0.615385	0.960383	-0.209065	-42.3085
29	25	0.74359	0.641026	-2.49016	1.06523	64.6759
29	26	0.74359	0.666667	0.150901	0.568996	-60.8265
29	27	0.74359	0.692308	-1.62854	-0.188015	59.9414
29	28	0.74359	0.717949	-0.494511	1.21193	-37.1843
29	29	0.74359	0.74359	-0.352782	-0.848556	14.2528
29	30	0.74359	0.769231	-1.44498	1.26189	10.3499
29	31	0.74359	0.794872	-0.09995	-0.539279	-33.5671
29	32	0.74359	0.820513	-2.22875	0.566318	45.3035
29	33	0.74359	0.846154	-0.409933	-0.0986394	-52.7728
29	34	0.74359	0.871795	-2.02459	-0.264465	51
29	35	0.74359	0.897436	-0.29207	0.158678	-45.4808
29	36	0.74359	0.923077	-0.923589	-0.879782	31.2797
29	37	0.74359	0.948718	0.25696	0.249418	-20.591
29	38	0.74359	0.974359	0.437475	-0.777107	2.23429
29	39	0.74359	1	1	0	0
30	0	0.769231	0	0	0	7.43979
30	1	0.769231	0.025641	0.11502	-0.00869596	7.43979
30	2	0.769231	0.0512821	0.316903	-0.0206297	8.1056
30	3	0.769231	0.0769231	0.132331	0.0886024	8.16111
30	4	0.769231	0.102564	0.590551	-0.0753987	5.38166
30	5	0.769231	0.128205	0.149978	0.200848	12.96
30	6	0.769231	0.153846	0.618724	-0.0120647	-0.51405
30	7	0.769231	0.179487	0.436861	0.182627	17.9533
30	8	0.769231	0.205128	0.252494	0.256177	-3.29147
30	9	0.769231	0.230769	0.89752	0.0402424	15.7906
30	10	0.769231	0.25641	-0.265723	0.610216	4.02342
30	11	0.769231	0.282051	1.23414	-0.0685757	2.94306
30	12	0.769231	0.307692	-0.276669	0.761373	20.3797
30	13	0.769231	0.333333	1.06287	0.1735	-14.1545
30	14	0.769231	0.358974	0.466479	0.538513	31.2406
30	15	0.769231	0.384615	-0.0450896	0.896995	-17.7853
30	16	0.769231	0.410256	1.26782	0.173053	20.7436
30	17	0.769231	0.435897	-1.38985	1.47077	3.39911
30	18	0.769231	0.461538	1.58069	0.030278	-8.0338
30	19	0.769231	0.487179	-1.41794	1.27367	34.3986
30	20	0.769231	0.512821	1.20471	0.558809	-32.6072
30	21	0.769231	0.538462	0.0205696	0.528724	40.9092
30	22	0.769231	0.564103	-0.49476	1.60097	-24.6307
30	23	0.769231	0.589744	1.03631	0.200417	12.3683
30	24	0.769231	0.615385	-2.37506	1.77535	9.59631
30	25	0.769231	0.641026	0.818367	0.321976	-20.6291
30	26	0.769231	0.666667	-2.48599	1.03445	35.2607
30	27	0.769231	0.692308	0.294222	0.654966	-34.1155
30	28	0.769231	0.717949	-1.15264	0.168292	31.0846
30	29	0.769231	0.74359	-0.681242	1.06143	-19.9348
30	30	0.769231	0.769231	-0.0611888	-0.155161	3.37749
30	31	0.769231	0.794872	-1.96987	0.93202	7.6643
30	32	0.769231	0.820513	0.00282664	-0.0777241	-20.9438
30	33	0.769231	0.846154	-2.41511	0.325146	25.1739
30	34	0.769231	0.871795	-0.0668638	-0.0224833	-29.5532
30	35	0.769231	0.897436	-1.70128	-0.328497	24.7898
30	36	0.769231	0.923077	0.19162	0.0566424	-22.3014
30	37	0.769231	0.948718	-0.304165	-0.67027	9.02645
30	38	0.769231	0.974359	0.656807	-0.0939498	-6.95724
30	39	0.769231	1	1	0	0
31	0	0.794872	0	0	0	7.84954
31	1	0.794872	0.025641	0.131749	0.0441379	7.84954
31	2	0.794872	0.0512821	0.142045	-0.0408241	5.61718
31	3	0.794872	0.0769231	0.393036	0.026864	10.2425
31	4	0.794872	0.102564	0.114014	0.115094	5.09775
31	5	0.794872	0.128205	0.579118	-0.0643397	7.68286
31	6	0.794872	0.153846	0.17338	0.315101	11.0213
31	7	0.794872	0.179487	0.516679	-0.0539724	-1.06804
31	8	0.794872	0.205128	0.448773	0.357229	19.9111
31	9	0.794872	0.230769	0.134163	0.216822	-8.64586
31	10	0.794872	0.25641	0.822446	0.172085	21.8719
31	11	0.794872	0.282051	-0.242894	0.677412	-4.03723
31	12	0.794872	0.307692	1.08249	-0.061936	9.06064
31	13	0.794872	0.333333	-0.109426	1.00067	14.9268
31	14	0.794872	0.358974	0.780618	0.0722697	-14.1631
31	15	0.794872	0.384615	0.489683	0.884962	33.3513
31	16	0.794872	0.410256	-0.34769	0.750595	-27.2972
31	17	0.794872	0.435897	1.05307	0.420929	31.8572
31	18	0.794872	0.461538	-1.30433	1.43188	-13.2582
31	19	0.794872	0.487179	1.37555	0.0446232	6.40293
31	20	0.794872	0.512821	-0.913337	1.53742	18.2021
31	21	0.794872	0.538462	0.810975	0.384062	-25.2343
31	22	0.794872	0.564103	0.264484	1.11309	36.2696
31	23	0.794872	0.589744	-1.06842	1.24347	-33.5844
31	24	0.794872	0.615385	0.7364	0.605158	26.5852
31	25	0.794872	0.641026	-2.33948	1.5154	-14.4345
31	26	0.794872	0.666667	0.649869	0.271014	2.14968
31	27	0.794872	0.692308	-1.83182	1.13246	9.63171
31	28	0.794872	0.717949	0.154349	0.360306	-17.7226
31	29	0.794872	0.74359	-0.558278	0.596549	18.4008
31	30	0.794872	0.769231	-1.0956	0.641389	-20.2507
31	31	0.794872	0.794872	0.0253334	0.225809	11.4365
31	32	0.794872	0.820513	-2.13194	0.564139	-10.233
31	33	0.794872	0.846154	0.0406938	-0.0472363	-0.0221727
31	34	0.794872	0.871795	-2.03319	0.169743	-0.0192424
31	35	0.794872	0.897436	0.175841	-0.188718	-7.41614
31	36	0.794872	0.923077	-0.966506	-0.253304	2.5286
31	37	0.794872	0.948718	0.469618	-0.184359	-6.50204
31	38	0.794872	0.974359	0.428634	-0.423576	-2.20437
31	39	0.794872	1	1	0	0
32	0	0.820513	0	0	0	6.67825
32	1	0.820513	0.025641	0.0952327	-0.0685362	6.67825
32	2	0.820513	0.0512821	0.202534	0.0978105	9.90031
32	3	0.820513	0.0769231	0.153948	-0.0397219	2.42111
32	4	0.820513	0.102564	0.387838	0.0346353	12.9822
32	5	0.820513	0.128205	0.131782	0.205634	2.69548
32	6	0.820513	0.153846	0.506625	-0.110866	8.00729
32	7	0.820513	0.179487	0.186369	0.456224	12.1208
32	8	0.820513	0.205128	0.427145	-0.0988375	-4.97531
32	9	0.820513	0.230769	0.370976	0.457005	24.5389
32	10	0.820513	0.25641	0.136619	0.255394	-14.847
32	11	0.820513	0.282051	0.651309	0.154807	26.6618
32	12	0.820513	0.307692	-0.0911487	0.836838	-7.75881
32	13	0.820513	0.333333	0.857446	-0.179781	8.92275
32	14	0.820513	0.358974	-0.00169152	1.21342	17.2025
32	15	0.820513	0.384615	0.537131	-0.0449132	-21.4918
32	16	0.820513	0.410256	0.309257	1.00155	41.22
32	17	0.820513	0.435897	-0.330857	0.694663	-38.4368
32	18	0.820513	0.461538	0.725836	0.326116	41.3938
32	19	0.820513	0.487179	-0.831605	1.50998	-22.2077
32	20	0.820513	0.512821	1.03082	-0.232177	10.2442
32	21	0.820513	0.538462	-0.423503	1.76356	17.0161
32	22	0.820513	0.564103	0.338526	0.074551	-32.4943
32	23	0.820513	0.589744	0.12371	1.25725	45.3424
32	24	0.820513	0.615385	-1.13024	0.94795	-49.3938
32	25	0.820513	0.641026	0.332886	0.4207	41.8135
32	26	0.820513	0.666667	-1.6741	1.37973	-30.8876
32	27	0.820513	0.692308	0.381552	-0.148296	13.508
32	28	0.820513	0.717949	-1.00947	1.23129	1.50124
32	29	0.820513	0.74359	-0.186286	-0.10062	-18.5881
32	30	0.820513	0.769231	-0.291944	0.738371	23.909
32	31	0.820513	0.794872	-1.2681	0.244788	-33.8706
32	32	0.820513	0.820513	-0.109656	0.147556	27.0558
32	33	0.820513	0.846154	-1.75056	0.313017	-29.5569
32	34	0.820513	0.871795	0.00479635	-0.299191	17.3386
32	35	0.820513	0.897436	-1.25001	0.112693	-17.1558
32	36	0.820513	0.923077	0.279401	-0.468839	5.1496
32	37	0.820513	0.948718	-0.122529	-0.125383	-6.71703
32	38	0.820513	0.974359	0.67823	-0.418862	-2.50805
32	39	0.820513	1	1	0	0
33	0	0.846154	0	0	0	7.48442
33	1	0.846154	0.025641	0.0811977	0.0725667	7.48442
33	2	0.846154	0.0512821	0.145518	-0.106404	4.20791
33	3	0.846154	0.0769231	0.199792	0.119349	12.5681
33	4	0.846154	0.102564	0.181461	0.0215867	-0.264806
33	5	0.846154	0.128205	0.325691	-0.00470793	14.0735
33	6	0.846154	0.153846	0.150314	0.325856	2.94824
33	7	0.846154	0.179487	0.431587	-0.155239	5.37483
33	8	0.846154	0.205128	0.133375	0.543198	15.5886
33	9	0.846154	0.230769	0.406474	-0.064611	-9.7554
33	10	0.846154	0.25641	0.212919	0.439088	28.1071
33	11	0.846154	0.282051	0.23036	0.390418	-17.2464
33	12	0.846154	0.307692	0.451038	0.0447885	26.0109
33	13	0.846154	0.333333	0.0332401	1.00053	-4.66559
33	14	0.846154	0.358974	0.669428	-0.265418	2.19226
33	15	0.846154	0.384615	-0.0809107	1.27138	24.1347
33	16	0.846154	0.410256	0.471046	-0.0115845	-29.9438
33	17	0.846154	0.435897	-0.00667628	0.869104	47.1792
33	18	0.846154	0.461538	-0.0579565	0.793212	-41.8442
33	19	0.846154	0.487179	0.383349	0.0340368	41.1578
33	20	0.846154	0.512821	-0.353353	1.61316	-17.6234
33	21	0.846154	0.538462	0.690913	-0.484835	0.71152
33	22	0.846154	0.564103	-0.336168	1.74156	26.9324
33	23	0.846154	0.589744	0.144277	-0.00464364	-45.0498
33	24	0.846154	0.615385	-0.27846	0.985331	54.819
33	25	0.846154	0.641026	-0.725683	0.871212	-56.3712
33	26	0.846154	0.666667	-0.0663752	-0.0309064	45.7066
33	27	0.846154	0.692308	-0.883589	1.31451	-29.9839
33	28	0.846154	0.717949	0.0792312	-0.580256	7.89707
33	29	0.846154	0.74359	-0.55768	1.1654	9.82855
33	30	0.846154	0.769231	-0.377582	-0.365609	-31.227
33	31	0.846154	0.794872	-0.411955	0.536148	35.7456
33	32	0.846154	0.820513	-1.00971	0.060963	-46.3364
33	33	0.846154	0.846154	-0.345769	-0.173784	37.5943
33	34	0.846154	0.871795	-1.0476	0.185183	-38.1058
33	35	0.846154	0.897436	-0.0811719	-0.61701	23.4367
33	36	0.846154	0.923077	-0.417177	0.0973789	-20.1521
33	37	0.846154	0.948718	0.352828	-0.643796	5.57178
33	38	0.846154	0.974359	0.533749	-0.163143	-5.6518
33	39	0.846154	1	1	0	0
34	0	0.871795	0	0	0	6.4573
34	1	0.871795	0.025641	0.0741438	-0.0648841	6.4573
34	2	0.871795	0.0512821	0.0908881	0.1102	9.30999
34	3	0.871795	0.0769231	0.18762	-0.0821258	1.84112
34	4	0.871795	0.102564	0.144344	0.0974181	13.9921
34	5	0.871795	0.128205	0.205044	0.120462	-0.669758
34	6	0.871795	0.153846	0.255301	-0.0464405	12.4602
34	7	0.871795	0.179487	0.122573	0.411612	5.55646
34	8	0.871795	0.205128	0.394499	-0.129094	1.47303
34	9	0.871795	0.230769	0.0148186	0.536728	18.5238
34	10	0.871795	0.25641	0.436178	0.0645541	-11.7677
34	11	0.871795	0.282051	0.0432977	0.344395	27.2649
34	12	0.871795	0.307692	0.306073	0.552138	-13.9434
34	13	0.871795	0.333333	0.30833	-0.0318103	19.5058
34	14	0.871795	0.358974	0.0148896	1.06798	2.47885
34	15	0.871795	0.384615	0.589159	-0.18683	-6.18563
34	16	0.871795	0.410256	-0.301812	1.15284	29.2797
34	17	0.871795	0.435897	0.541986	0.189269	-32.1813
34	18	0.871795	0.461538	-0.302433	0.603595	44.774
34	19	0.871795	0.487179	0.214221	0.956475	-34.2303
34	20	0.871795	0.512821	0.163936	-0.190389	29.2908
34	21	0.871795	0.538462	-0.190799	1.60918	-4.49409
34	22	0.871795	0.564103	0.535608	-0.417977	-13.9088
34	23	0.871795	0.589744	-0.59192	1.47294	36.0642
34	24	0.871795	0.615385	0.238135	0.191866	-49.4185
34	25	0.871795	0.641026	-0.678056	0.544967	53.6416
34	26	0.871795	0.666667	-0.233517	0.904712	-48.2838
34	27	0.871795	0.692308	-0.318104	-0.411631	34.1299
34	28	0.871795	0.717949	-0.419801	1.20712	-15.8522
34	29	0.871795	0.74359	-0.0425058	-0.698187	-8.13877
34	30	0.871795	0.769231	-0.566866	0.907489	22.3303
34	31	0.871795	0.794872	-0.261457	-0.326179	-41.2459
34	32	0.871795	0.820513	-0.695001	0.167171	41.3083
34	33	0.871795	0.846154	-0.521696	0.0197139	-47.1501
34	34	0.871795	0.871795	-0.547829	-0.510391	36.2165
34	35	0.871795	0.897436	-0.365171	0.107425	-33.0913
34	36	0.871795	0.923077	-0.0976998	-0.79826	17.3786
34	37	0.871795	0.948718	0.190405	0.0363959	-12.9097
34	38	0.871795	0.974359	0.573878	-0.583701	-0.431013
34	39	0.871795	1	1	0	0
35	0	0.897436	0	0	0	6.91163
35	1	0.897436	0.025641	0.0407582	0.0446664	6.91163
35	2	0.897436	0.0512821	0.123391	-0.0772711	5.02675
35	3	0.897436	0.0769231	0.050144	0.108373	10.5092
35	4	0.897436	0.102564	0.213391	-0.0129992	1.14609
35	5	0.897436	0.128205	0.0793316	0.0621029	13.1267
35	6	0.897436	0.153846	0.190268	0.203497	1.21924
35	7	0.897436	0.179487	0.210766	-0.038783	9.21377
35	8	0.897436	0.205128	0.0427151	0.422703	8.33857
35	9	0.897436	0.230769	0.382918	-0.0226248	-0.879923
35	10	0.897436	0.25641	-0.110952	0.457172	18.2921
35	11	0.897436	0.282051	0.445304	0.223228	-9.40745
35	12	0.897436	0.307692	-0.0591347	0.258046	21.6532
35	13	0.897436	0.333333	0.280862	0.647282	-7.09652
35	14	0.897436	0.358974	0.25763	0.0154507	10.9293
35	15	0.897436	0.384615	-0.123786	0.996472	8.50507
35	16	0.897436	0.410256	0.573815	0.0340021	-10.3218
35	17	0.897436	0.435897	-0.506869	0.917367	27.8542
35	18	0.897436	0.461538	0.599976	0.428226	-25.9947
35	19	0.897436	0.487179	-0.424211	0.374088	33.2227
35	20	0.897436	0.512821	0.28751	1.04435	-20.245
35	21	0.897436	0.538462	0.138573	-0.150319	12.7147
35	22	0.897436	0.564103	-0.328428	1.43212	7.268
35	23	0.897436	0.589744	0.533673	-0.0799989	-21.9511
35	24	0.897436	0.615385	-0.885401	1.06166	35.4765
35	25	0.897436	0.641026	0.392892	0.436851	-41.1171
35	26	0.897436	0.666667	-0.83952	0.169608	39.3817
35	27	0.897436	0.692308	0.0504117	0.892352	-30.5672
35	28	0.897436	0.717949	-0.300074	-0.489265	14.134
35	29	0.897436	0.74359	-0.362213	0.987292	-0.0839679
35	30	0.897436	0.769231	0.063271	-0.485826	-20.7591
35	31	0.897436	0.794872	-0.786131	0.529542	27.4507
35	32	0.897436	0.820513	0.0028419	-0.172891	-39.5593
35	33	0.897436	0.846154	-0.894286	-0.192114	35.053
35	34	0.897436	0.871795	-0.0819106	-0.0138973	-36.302
35	35	0.897436	0.897436	-0.569372	-0.698319	24.1197
35	36	0.897436	0.923077	0.0806384	0.0056746	-20.2617
35	37	0.897436	0.948718	0.0801678	-0.711509	6.3216
35	38	0.897436	0.974359	0.574503	-0.143939	-5.26046
35	39	0.897436	1	1	0	0
36	0	0.923077	0	0	0	6.48294
36	1	0.923077	0.025641	0.0434293	-0.0270317	6.48294
36	2	0.923077	0.0512821	0.025778	0.0531247	7.51819
36	3	0.923077	0.0769231	0.146355	-0.0425449	4.44042
36	4	0.923077	0.102564	-0.0010961	0.0840421	10.1227
36	5	0.923077	0.128205	0.200196	0.0566702	2.35973
36	6	0.923077	0.153846	0.0377425	0.0501746	10.6046
36	7	0.923077	0.179487	0.13047	0.230512	3.82715
36	8	0.923077	0.205128	0.18581	0.0243125	6.47639
36	9	0.923077	0.230769	-0.0461665	0.363843	9.22768
36	10	0.923077	0.25641	0.349934	0.104842	-0.262295
36	11	0.923077	0.282051	-0.17493	0.357712	14.6073
36	12	0.923077	0.307692	0.381107	0.32547	-4.18701
36	13	0.923077	0.333333	-0.0701119	0.236452	14.1155
36	14	0.923077	0.358974	0.16474	0.625199	-0.655334
36	15	0.923077	0.384615	0.24886	0.154118	4.88357
36	16	0.923077	0.410256	-0.259796	0.806721	9.9246
36	17	0.923077	0.435897	0.527339	0.254837	-8.35396
36	18	0.923077	0.461538	-0.54883	0.663593	19.9152
36	19	0.923077	0.487179	0.537724	0.562745	-15.078
36	20	0.923077	0.512821	-0.337525	0.29486	18.1662
36	21	0.923077	0.538462	0.158035	0.968313	-7.48181
36	22	0.923077	0.564103	0.212343	0.0907448	0.902234
36	23	0.923077	0.589744	-0.525898	1.09112	10.9246
36	24	0.923077	0.615385	0.530771	0.245052	-19.3608
36	25	0.923077	0.641026	-0.941309	0.648392	24.3467
36	26	0.923077	0.666667	0.435815	0.534978	-25.4796
36	27	0.923077	0.692308	-0.676997	0.010522	19.2023
36	28	0.923077	0.717949	0.0584979	0.747827	-13.1599
36	29	0.923077	0.74359	-0.0841923	-0.28811	-1.83031
36	30	0.923077	0.769231	-0.510441	0.648441	7.70122
36	31	0.923077	0.794872	0.230391	-0.202479	-21.884
36	32	0.923077	0.820513	-0.910465	0.147934	21.2471
36	33	0.923077	0.846154	0.209012	-0.101473	-27.8842
36	34	0.923077	0.871795	-0.837749	-0.411211	20.2414
36	35	0.923077	0.897436	0.155013	-0.103656	-20.6594
36	36	0.923077	0.923077	-0.357166	-0.663549	9.41942
36	37	0.923077	0.948718	0.29366	-0.12411	-8.18711
36	38	0.923077	0.974359	0.436842	-0.460046	-0.985471
36	39	0.923077	1	1	0	0
37	0	0.948718	0	0	0	6.463
37	1	0.948718	0.025641	0.0152502	0.00671652	6.463
37	2	0.948718	0.0512821	0.0593137	-0.0217426	6.23278
37	3	0.948718	0.0769231	-0.00445676	0.041491	7.38141
37	4	0.948718	0.102564	0.130005	0.00317353	5.05423
37	5	0.948718	0.128205	-0.0301451	0.0619575	8.48524
37	6	0.948718	0.153846	0.144104	0.0885249	4.39892
37	7	0.948718	0.179487	0.0210579	0.065747	8.02631
37	8	0.948718	0.205128	0.0557213	0.196061	5.51282
37	9	0.948718	0.230769	0.149147	0.0935034	5.50489
37	10	0.948718	0.25641	-0.0895534	0.267182	7.92383
37	11	0.948718	0.282051	0.263731	0.177198	2.36766
37	12	0.948718	0.307692	-0.155134	0.273097	9.57238
37	13	0.948718	0.333333	0.251336	0.323948	0.947842
37	14	0.948718	0.358974	-0.0357101	0.250309	8.09945
37	15	0.948718	0.384615	0.039914	0.490858	2.78405
37	16	0.948718	0.410256	0.20873	0.261757	2.96384
37	17	0.948718	0.435897	-0.277791	0.558791	7.08748
37	18	0.948718	0.461538	0.396758	0.346811	-2.9949
37	19	0.948718	0.487179	-0.406663	0.461114	9.95184
37	20	0.948718	0.512821	0.35468	0.526587	-5.11171
37	21	0.948718	0.538462	-0.16052	0.318262	6.67652
37	22	0.948718	0.564103	-0.0262413	0.721849	-0.881249
37	23	0.948718	0.589744	0.238535	0.288828	-2.54219
37	24	0.948718	0.615385	-0.542011	0.680595	6.53127
37	25	0.948718	0.641026	0.432132	0.353935	-10.6383
37	26	0.948718	0.666667	-0.688876	0.353655	9.4866
37	27	0.948718	0.692308	0.317128	0.44062	-10.9516
37	28	0.948718	0.717949	-0.333755	0.0449869	3.6162
37	29	0.948718	0.74359	-0.0883616	0.474501	-3.56943
37	30	0.948718	0.769231	0.116543	-0.0483194	-6.99196
37	31	0.948718	0.794872	-0.574032	0.283577	5.16103
37	32	0.948718	0.820513	0.295703	-0.0660097	-14.0784
37	33	0.948718	0.846154	-0.755346	-0.107122	8.56449
37	34	0.948718	0.871795	0.252873	-0.14246	-13.7597
37	35	0.948718	0.897436	-0.53519	-0.434766	5.67362
37	36	0.948718	0.923077	0.186086	-0.216237	-7.93125
37	37	0.948718	0.948718	-0.0245194	-0.457654	0.572499
37	38	0.948718	0.974359	0.455773	-0.202947	-2.21035
37	39	0.948718	1	1	0	0
38	0	0.974359	0	0	0	6.41048
38	1	0.974359	0.025641	0.00773358	-0.00359793	6.41048
38	2	0.974359	0.0512821	0.00388887	0.00272262	6.42471
38	3	0.974359	0.0769231	0.0411125	-0.00202045	6.40074
38	4	0.974359	0.102564	-0.019131	0.0230814	6.6508
38	5	0.974359	0.128205	0.0744665	0.0247537	6.16727
38	6	0.974359	0.153846	-0.0282115	0.0446657	6.76672
38	7	0.974359	0.179487	0.0670524	0.0690342	5.9504
38	8	0.974359	0.205128	0.0109599	0.0692836	6.4939
38	9	0.974359	0.230769	0.00635651	0.116619	5.87652
38	10	0.974359	0.25641	0.0825003	0.102225	5.79097
38	11	0.974359	0.282051	-0.0678378	0.152817	5.88334
38	12	0.974359	0.307692	0.134711	0.148963	4.86914
38	13	0.974359	0.333333	-0.0854987	0.178849	5.69313
38	14	0.974359	0.358974	0.109594	0.214508	4.00323
38	15	0.974359	0.384615	-0.0116007	0.204524	4.88328
38	16	0.974359	0.410256	-0.0170598	0.277065	3.43598
38	17	0.974359	0.435897	0.113674	0.228473	3.33393
38	18	0.974359	0.461538	-0.167449	0.296022	3.23981
38	19	0.974359	0.487179	0.198704	0.261235	1.57117
38	20	0.974359	0.512821	-0.189606	0.279957	2.85455
38	21	0.974359	0.538462	0.139218	0.326451	0.285477
38	22	0.974359	0.564103	-0.0366327	0.272426	1.36584
38	23	0.974359	0.589744	-0.0974195	0.373992	-0.213445
38	24	0.974359	0.615385	0.153194	0.263702	-1.08563
38	25	0.974359	0.641026	-0.325328	0.309591	-0.236572
38	26	0.974359	0.666667	0.223462	0.235638	-3.02324
38	27	0.974359	0.692308	-0.301922	0.178924	-0.8195
38	28	0.974359	0.717949	0.106622	0.218999	-3.44662
38	29	0.974359	0.74359	-0.0656712	0.0946499	-2.54267
38	30	0.974359	0.769231	-0.164271	0.179767	-2.80137
38	31	0.974359	0.794872	0.139851	0.0369252	-4.54729
38	32	0.974359	0.820513	-0.386957	0.0376712	-2.08071
38	33	0.974359	0.846154	0.192366	-0.0647097	-5.35423
38	34	0.974359	0.871795	-0.383505	-0.163673	-1.79128
38	35	0.974359	0.897436	0.139238	-0.183668	-4.24336
38	36	0.974359	0.923077	-0.17199	-0.294651	-1.54134
38	37	0.974359	0.948718	0.149079	-0.227523	-1.62644
38	38	0.974359	0.974359	0.307711	-0.189111	-0.273796
38	39	0.974359	1	1	0	0
39	0	1	0	0	0	6.41048
39	1	1	0.025641	0	0	6.41048
39	2	1	0.0512821	0	0	6.42471
39	3	1	0.0769231	0	0	6.40074
39	4	1	0.102564	0	0	6.6508
39	5	1	0.128205	0	0	6.16727
39	6	1	0.153846	0	0	6.76672
39	7	1	0.179487	0	0	5.9504
39	8	1	0.205128	0	0	6.4939
39	9	1	0.230769	0	0	5.87652
39	10	1	0.25641	0	0	5.79097
39	11	1	0.282051	0	0	5.88334
39	12	1	0.307692	0	0	4.86914
39	13	1	0.333333	0	0	5.69313
39	14	1	0.358974	0	0	4.00323
39	15	1	0.384615	0	0	4.88328
39	16	1	0.410256	0	0	3.43598
39	17	1	0.435897	0	0	3.33393
39	18	1	0.461538	0	0	3.23981
39	19	1	0.487179	0	0	1.57117
39	20	1	0.512821	0	0	2.85455
39	21	1	0.538462	0	0	0.285477
39	22	1	0.564103	0	0	1.36584
39	23	1	0.589744	0	0	-0.213445
39	24	1	0.615385	0	0	-1.08563
39	25	1	0.641026	0	0	-0.236572
39	26	1	0.666667	0	0	-3.02324
39	27	1	0.692308	0	0	-0.8195
39	28	1	0.717949	0	0	-3.44662
39	29	1	0.74359	0	0	-2.54267
39	30	1	0.769231	0	0	-2.80137
39	31	1	0.794872	0	0	-4.54729
39	32	1	0.820513	0	0	-2.08071
39	33	1	0.846154	0	0	-5.35423
39	34	1	0.871795	0	0	-1.79128
39	35	1	0.897436	0	0	-4.24336
39	36	1	0.923077	0	0	-1.54134
39	37	1	0.948718	0	0	-1.62644
39	38	1	0.974359	0	0	-0.273796
39	39	1	1	1	0	0
