# i		j		x		y		u		v		p
# nx		ny		
# 40		40
# =================================
0	0	0	0	0	0	1.12219
0	1	0	0.025641	0	0	1.12219
0	2	0	0.0512821	0	0	1.13058
0	3	0	0.0769231	0	0	1.13956
0	4	0	0.102564	0	0	1.1431
0	5	0	0.128205	0	0	1.15443
0	6	0	0.153846	0	0	1.15332
0	7	0	0.179487	0	0	1.16291
0	8	0	0.205128	0	0	1.16364
0	9	0	0.230769	0	0	1.16347
0	10	0	0.25641	0	0	1.17244
0	11	0	0.282051	0	0	1.15893
0	12	0	0.307692	0	0	1.17369
0	13	0	0.333333	0	0	1.1545
0	14	0	0.358974	0	0	1.16119
0	15	0	0.384615	0	0	1.15187
0	16	0	0.410256	0	0	1.13495
0	17	0	0.435897	0	0	1.14405
0	18	0	0.461538	0	0	1.10306
0	19	0	0.487179	0	0	1.11774
0	20	0	0.512821	0	0	1.07399
0	21	0	0.538462	0	0	1.06471
0	22	0	0.564103	0	0	1.04348
0	23	0	0.589744	0	0	0.992175
0	24	0	0.615385	0	0	0.989941
0	25	0	0.641026	0	0	0.916141
0	26	0	0.666667	0	0	0.88971
0	27	0	0.692308	0	0	0.835462
0	28	0	0.717949	0	0	0.740632
0	29	0	0.74359	0	0	0.710907
0	30	0	0.769231	0	0	0.558884
0	31	0	0.794872	0	0	0.478128
0	32	0	0.820513	0	0	0.326956
0	33	0	0.846154	0	0	0.0800204
0	34	0	0.871795	0	0	-0.0741156
0	35	0	0.897436	0	0	-0.549849
0	36	0	0.923077	0	0	-0.874385
0	37	0	0.948718	0	0	-1.5317
0	38	0	0.974359	0	0	-2.36509
0	39	0	1	1	0	0
1	0	0.025641	0	0	0	1.12219
1	1	0.025641	0.025641	-0.00435599	-0.000663891	1.12219
1	2	0.025641	0.0512821	-0.00608929	-0.00116297	1.13058
1	3	0.025641	0.0769231	-0.00645789	-0.000838243	1.13956
1	4	0.025641	0.102564	-0.00754132	-0.00038397	1.1431
1	5	0.025641	0.128205	-0.00687405	0.000624143	1.15443
1	6	0.025641	0.153846	-0.00818821	0.00182148	1.15332
1	7	0.025641	0.179487	-0.00751234	0.00308788	1.16291
1	8	0.025641	0.205128	-0.00808669	0.00506112	1.16364
1	9	0.025641	0.230769	-0.00876534	0.00651283	1.16347
1	10	0.025641	0.25641	-0.00745647	0.00905217	1.17244
1	11	0.025641	0.282051	-0.010135	0.0110032	1.15893
1	12	0.025641	0.307692	-0.00721201	0.013645	1.17369
1	13	0.025641	0.333333	-0.0105561	0.016562	1.1545
1	14	0.025641	0.358974	-0.008397	0.018956	1.16119
1	15	0.025641	0.384615	-0.00937478	0.0229678	1.15187
1	16	0.025641	0.410256	-0.0110515	0.0253555	1.13495
1	17	0.025641	0.435897	-0.00740433	0.0299119	1.14405
1	18	0.025641	0.461538	-0.0135739	0.0331886	1.10306
1	19	0.025641	0.487179	-0.00684196	0.0373638	1.11774
1	20	0.025641	0.512821	-0.013694	0.0423848	1.07399
1	21	0.025641	0.538462	-0.00945858	0.0458368	1.06471
1	22	0.025641	0.564103	-0.0108513	0.0524201	1.04348
1	23	0.025641	0.589744	-0.0143167	0.05617	0.992175
1	24	0.025641	0.615385	-0.00772798	0.0629444	0.989941
1	25	0.025641	0.641026	-0.0177113	0.0688067	0.916141
1	26	0.025641	0.666667	-0.00841771	0.0745886	0.88971
1	27	0.025641	0.692308	-0.0167193	0.0832807	0.835462
1	28	0.025641	0.717949	-0.0139498	0.0889379	0.740632
1	29	0.025641	0.74359	-0.0133808	0.0989164	0.710907
1	30	0.025641	0.769231	-0.0200046	0.10727	0.558884
1	31	0.025641	0.794872	-0.0135685	0.116278	0.478128
1	32	0.025641	0.820513	-0.0206114	0.128759	0.326956
1	33	0.025641	0.846154	-0.0182755	0.136229	0.0800204
1	34	0.025641	0.871795	-0.0115118	0.147962	-0.0741156
1	35	0.025641	0.897436	-0.00854897	0.150618	-0.549849
1	36	0.025641	0.923077	0.0344822	0.14161	-0.874385
1	37	0.025641	0.948718	0.110999	0.10754	-1.5317
1	38	0.025641	0.974359	0.345633	-0.0216087	-2.36509
1	39	0.025641	1	1	0	0
2	0	0.0512821	0	0	0	1.0581
2	1	0.0512821	0.025641	-0.00331907	-0.000634576	1.0581
2	2	0.0512821	0.0512821	-0.00504654	-0.000557593	1.06536
2	3	0.0512821	0.0769231	-0.00696157	-0.000667894	1.05728
2	4	0.0512821	0.102564	-0.00665686	0.000970488	1.08735
2	5	0.0512821	0.128205	-0.00903322	0.0022382	1.05525
2	6	0.0512821	0.153846	-0.00778231	0.00432624	1.10054
2	7	0.0512821	0.179487	-0.00992603	0.00763135	1.06872
2	8	0.0512821	0.205128	-0.00974769	0.00936628	1.08599
2	9	0.0512821	0.230769	-0.00951558	0.0146446	1.1045
2	10	0.0512821	0.25641	-0.0125694	0.0165817	1.04801
2	11	0.0512821	0.282051	-0.00871202	0.0224121	1.14103
2	12	0.0512821	0.307692	-0.0148411	0.0264165	1.01982
2	13	0.0512821	0.333333	-0.00947049	0.0307416	1.13579
2	14	0.0512821	0.358974	-0.0146572	0.0384711	1.03974
2	15	0.0512821	0.384615	-0.0132758	0.0405981	1.06223
2	16	0.0512821	0.410256	-0.0116516	0.0513695	1.10729
2	17	0.0512821	0.435897	-0.0191005	0.0536297	0.949761
2	18	0.0512821	0.461538	-0.00850517	0.0638194	1.1591
2	19	0.0512821	0.487179	-0.0230109	0.0706092	0.880014
2	20	0.0512821	0.512821	-0.00974216	0.0762739	1.10671
2	21	0.0512821	0.538462	-0.0210795	0.0900377	0.916322
2	22	0.0512821	0.564103	-0.0176042	0.0914533	0.926488
2	23	0.0512821	0.589744	-0.0140523	0.108916	1.01564
2	24	0.0512821	0.615385	-0.0283319	0.112302	0.716148
2	25	0.0512821	0.641026	-0.00877675	0.125978	1.02847
2	26	0.0512821	0.666667	-0.0338767	0.138454	0.621617
2	27	0.0512821	0.692308	-0.0128398	0.144239	0.835718
2	28	0.0512821	0.717949	-0.0298933	0.165267	0.661364
2	29	0.0512821	0.74359	-0.0260147	0.168729	0.504018
2	30	0.0512821	0.769231	-0.0220339	0.188106	0.641998
2	31	0.0512821	0.794872	-0.0377855	0.199315	0.241587
2	32	0.0512821	0.820513	-0.0196517	0.20657	0.330551
2	33	0.0512821	0.846154	-0.0340995	0.223959	0.117091
2	34	0.0512821	0.871795	-0.0146649	0.216686	-0.259466
2	35	0.0512821	0.897436	0.00688649	0.214787	-0.126078
2	36	0.0512821	0.923077	0.0586258	0.183146	-0.850486
2	37	0.0512821	0.948718	0.192039	0.117812	-0.717678
2	38	0.0512821	0.974359	0.453374	0.00500482	-1.27473
2	39	0.0512821	1	1	0	0
3	0	0.0769231	0	0	0	0.997766
3	1	0.0769231	0.025641	-0.00307549	3.1477e-05	0.997766
3	2	0.0769231	0.0512821	-0.00584358	-0.000546214	0.991292
3	3	0.0769231	0.0769231	-0.00708652	0.00134766	1.02388
3	4	0.0769231	0.102564	-0.00996188	0.00178326	0.97234
3	5	0.0769231	0.128205	-0.00949969	0.00485983	1.05486
3	6	0.0769231	0.153846	-0.0128114	0.00795738	0.968585
3	7	0.0769231	0.179487	-0.0120101	0.0102764	1.04758
3	8	0.0769231	0.205128	-0.0141237	0.017147	1.014
3	9	0.0769231	0.230769	-0.0155846	0.018275	0.981003
3	10	0.0769231	0.25641	-0.0140611	0.0276861	1.10003
3	11	0.0769231	0.282051	-0.0197288	0.0301604	0.894056
3	12	0.0769231	0.307692	-0.0142188	0.0382382	1.15501
3	13	0.0769231	0.333333	-0.0223845	0.046344	0.876274
3	14	0.0769231	0.358974	-0.0171055	0.0493238	1.08713
3	15	0.0769231	0.384615	-0.0214859	0.06503	0.992351
3	16	0.0769231	0.410256	-0.0238954	0.0637896	0.879802
3	17	0.0769231	0.435897	-0.0176425	0.0828341	1.18704
3	18	0.0769231	0.461538	-0.0320341	0.084853	0.658801
3	19	0.0769231	0.487179	-0.0154227	0.0978278	1.2735
3	20	0.0769231	0.512821	-0.0356972	0.112406	0.629274
3	21	0.0769231	0.538462	-0.0207081	0.112741	1.07351
3	22	0.0769231	0.564103	-0.030679	0.141184	0.87689
3	23	0.0769231	0.589744	-0.0347387	0.134287	0.628385
3	24	0.0769231	0.615385	-0.0203208	0.164494	1.20412
3	25	0.0769231	0.641026	-0.0500501	0.166881	0.251503
3	26	0.0769231	0.666667	-0.0154587	0.18165	1.23478
3	27	0.0769231	0.692308	-0.0548075	0.205561	0.261569
3	28	0.0769231	0.717949	-0.0253198	0.200725	0.790522
3	29	0.0769231	0.74359	-0.0444718	0.237456	0.588254
3	30	0.0769231	0.769231	-0.0457502	0.229661	0.163645
3	31	0.0769231	0.794872	-0.0272842	0.253049	0.737297
3	32	0.0769231	0.820513	-0.0562284	0.260303	-0.145112
3	33	0.0769231	0.846154	-0.0091854	0.251452	0.319736
3	34	0.0769231	0.871795	-0.025023	0.261043	-0.0662544
3	35	0.0769231	0.897436	0.0442332	0.221932	-0.401375
3	36	0.0769231	0.923077	0.111409	0.187303	-0.110637
3	37	0.0769231	0.948718	0.272302	0.119664	-0.733975
3	38	0.0769231	0.974359	0.545872	0.0175023	-0.506142
3	39	0.0769231	1	1	0	0
4	0	0.102564	0	0	0	0.931284
4	1	0.102564	0.025641	-0.0032914	-0.000163847	0.931284
4	2	0.102564	0.0512821	-0.00620464	0.0013773	0.947932
4	3	0.102564	0.0769231	-0.00933445	0.00113311	0.907619
4	4	0.102564	0.102564	-0.0109096	0.00493167	0.992289
4	5	0.102564	0.128205	-0.0143068	0.00668332	0.877843
4	6	0.102564	0.153846	-0.0145889	0.0104466	1.0155
4	7	0.102564	0.179487	-0.018168	0.0166599	0.896809
4	8	0.102564	0.205128	-0.0184258	0.0181813	0.961008
4	9	0.102564	0.230769	-0.0205514	0.0294608	0.997864
4	10	0.102564	0.25641	-0.0232168	0.0298486	0.829773
4	11	0.102564	0.282051	-0.0217229	0.0426025	1.12944
4	12	0.102564	0.307692	-0.0283332	0.0473142	0.720781
4	13	0.102564	0.333333	-0.0234509	0.054863	1.15368
4	14	0.102564	0.358974	-0.0315944	0.070094	0.779991
4	15	0.102564	0.384615	-0.0282977	0.0684611	0.950598
4	16	0.102564	0.410256	-0.0310994	0.0940472	1.05479
4	17	0.102564	0.435897	-0.0370284	0.0886706	0.575241
4	18	0.102564	0.461538	-0.0281512	0.113771	1.36626
4	19	0.102564	0.487179	-0.0461081	0.119374	0.310479
4	20	0.102564	0.512821	-0.0282724	0.128218	1.37076
4	21	0.102564	0.538462	-0.0488801	0.157258	0.475506
4	22	0.102564	0.564103	-0.0376144	0.144515	0.860696
4	23	0.102564	0.589744	-0.0417175	0.191375	1.07031
4	24	0.102564	0.615385	-0.0558386	0.173751	0.0783572
4	25	0.102564	0.641026	-0.0302498	0.212049	1.61091
4	26	0.102564	0.666667	-0.0720875	0.218728	-0.353052
4	27	0.102564	0.692308	-0.0276295	0.222255	1.47498
4	28	0.102564	0.717949	-0.0716638	0.265116	-0.00839376
4	29	0.102564	0.74359	-0.0422645	0.236943	0.570161
4	30	0.102564	0.769231	-0.0497839	0.289908	0.768611
4	31	0.102564	0.794872	-0.0626636	0.263715	-0.409077
4	32	0.102564	0.820513	-0.0137612	0.281323	1.08663
4	33	0.102564	0.846154	-0.0524988	0.280149	-0.663822
4	34	0.102564	0.871795	0.042626	0.242152	0.51728
4	35	0.102564	0.897436	0.0466044	0.238033	-0.278373
4	36	0.102564	0.923077	0.19077	0.165042	-0.271028
4	37	0.102564	0.948718	0.337716	0.110335	-0.0674758
4	38	0.102564	0.974359	0.613024	0.037818	-0.33489
4	39	0.102564	1	1	0	0
5	0	0.128205	0	0	0	0.869206
5	1	0.128205	0.025641	-0.00377097	0.000851429	0.869206
5	2	0.128205	0.0512821	-0.0074313	0.000689551	0.856935
5	3	0.128205	0.0769231	-0.0111439	0.00420021	0.907133
5	4	0.128205	0.102564	-0.0142247	0.00485307	0.818508
5	5	0.128205	0.128205	-0.0171175	0.00998329	0.956498
5	6	0.128205	0.153846	-0.0204374	0.0139495	0.795412
5	7	0.128205	0.179487	-0.0218303	0.0176245	0.952302
5	8	0.128205	0.205128	-0.0260182	0.0275486	0.854323
5	9	0.128205	0.230769	-0.0264422	0.0281181	0.841052
5	10	0.128205	0.25641	-0.0302553	0.0432333	1.0083
5	11	0.128205	0.282051	-0.0321507	0.0440644	0.664216
5	12	0.128205	0.307692	-0.0329434	0.0580325	1.14929
5	13	0.128205	0.333333	-0.0387024	0.0673029	0.584205
5	14	0.128205	0.358974	-0.0356408	0.0715562	1.08461
5	15	0.128205	0.384615	-0.0438878	0.0956445	0.774475
5	16	0.128205	0.410256	-0.0411441	0.0883208	0.71151
5	17	0.128205	0.435897	-0.0453986	0.122317	1.2089
5	18	0.128205	0.461538	-0.0505764	0.115616	0.213023
5	19	0.128205	0.487179	-0.0441631	0.140877	1.54396
5	20	0.128205	0.512821	-0.0603985	0.156151	0.0397643
5	21	0.128205	0.538462	-0.0457365	0.15311	1.31164
5	22	0.128205	0.564103	-0.0636362	0.201241	0.544826
5	23	0.128205	0.589744	-0.0563771	0.171692	0.393455
5	24	0.128205	0.615385	-0.05661	0.23401	1.50671
5	25	0.128205	0.641026	-0.0747837	0.210264	-0.644627
5	26	0.128205	0.666667	-0.0454153	0.244447	2.08595
5	27	0.128205	0.692308	-0.0876376	0.265406	-0.877427
5	28	0.128205	0.717949	-0.0432832	0.242454	1.51375
5	29	0.128205	0.74359	-0.0777301	0.310058	0.0496468
5	30	0.128205	0.769231	-0.0553611	0.249717	-0.00278158
5	31	0.128205	0.794872	-0.0382324	0.313118	1.33099
5	32	0.128205	0.820513	-0.0593349	0.268914	-1.24791
5	33	0.128205	0.846154	0.0295027	0.26708	1.68696
5	34	0.128205	0.871795	0.00068765	0.261693	-1.24014
5	35	0.128205	0.897436	0.149872	0.18742	0.844653
5	36	0.128205	0.923077	0.205937	0.178566	-0.420929
5	37	0.128205	0.948718	0.422363	0.0879102	-0.015923
5	38	0.128205	0.974359	0.656341	0.0461545	0.0565882
5	39	0.128205	1	1	0	0
6	0	0.153846	0	0	0	0.801306
6	1	0.153846	0.025641	-0.0044377	0.000506039	0.801306
6	2	0.153846	0.0512821	-0.00943851	0.00260649	0.815422
6	3	0.153846	0.0769231	-0.0128943	0.00333051	0.782256
6	4	0.153846	0.102564	-0.0184232	0.00839051	0.860373
6	5	0.153846	0.128205	-0.0208294	0.0104899	0.740931
6	6	0.153846	0.153846	-0.025381	0.0165251	0.902735
6	7	0.153846	0.179487	-0.0290196	0.0228407	0.731861
6	8	0.153846	0.205128	-0.0304671	0.0265009	0.869741
6	9	0.153846	0.230769	-0.0370513	0.0395116	0.823844
6	10	0.153846	0.25641	-0.0355194	0.0399614	0.71802
6	11	0.153846	0.282051	-0.043255	0.0574257	1.00519
6	12	0.153846	0.307692	-0.0426785	0.0601052	0.529021
6	13	0.153846	0.333333	-0.0466119	0.0734641	1.11873
6	14	0.153846	0.358974	-0.0520595	0.0882723	0.511968
6	15	0.153846	0.384615	-0.048789	0.0884665	0.943528
6	16	0.153846	0.410256	-0.0606943	0.120253	0.832834
6	17	0.153846	0.435897	-0.0537362	0.109154	0.432532
6	18	0.153846	0.461538	-0.0646853	0.147086	1.35917
6	19	0.153846	0.487179	-0.0639273	0.143691	-0.0867529
6	20	0.153846	0.512821	-0.0636769	0.162673	1.59472
6	21	0.153846	0.538462	-0.0761678	0.191778	-0.0442293
6	22	0.153846	0.564103	-0.0633286	0.172979	1.03149
6	23	0.153846	0.589744	-0.0823018	0.238484	0.835741
6	24	0.153846	0.615385	-0.0710367	0.195597	-0.242485
6	25	0.153846	0.641026	-0.0765466	0.262687	2.01965
6	26	0.153846	0.666667	-0.0857685	0.243143	-1.30023
6	27	0.153846	0.692308	-0.0631793	0.257535	2.35726
6	28	0.153846	0.717949	-0.0922966	0.301865	-1.04663
6	29	0.153846	0.74359	-0.0538956	0.241875	1.13203
6	30	0.153846	0.769231	-0.0697809	0.332173	0.575241
6	31	0.153846	0.794872	-0.0491333	0.24178	-0.948926
6	32	0.153846	0.820513	-0.0058306	0.3012	2.1954
6	33	0.153846	0.846154	-0.0144526	0.250819	-2.16476
6	34	0.153846	0.871795	0.108385	0.215108	2.29895
6	35	0.153846	0.897436	0.122264	0.218823	-1.60777
6	36	0.153846	0.923077	0.312914	0.112297	1.0348
6	37	0.153846	0.948718	0.444798	0.113888	-0.316005
6	38	0.153846	0.974359	0.705236	0.0371672	0.179294
6	39	0.153846	1	1	0	0
7	0	0.179487	0	0	0	0.736577
7	1	0.179487	0.025641	-0.00566091	0.000969798	0.736577
7	2	0.179487	0.0512821	-0.0104978	0.00228604	0.740778
7	3	0.179487	0.0769231	-0.0174675	0.00558982	0.75186
7	4	0.179487	0.102564	-0.0199913	0.0075983	0.722788
7	5	0.179487	0.128205	-0.0277084	0.0140749	0.796693
7	6	0.179487	0.153846	-0.0297401	0.0172886	0.677065
7	7	0.179487	0.179487	-0.0349599	0.0246821	0.84053
7	8	0.179487	0.205128	-0.0405796	0.0324077	0.666385
7	9	0.179487	0.230769	-0.0400556	0.0368428	0.798744
7	10	0.179487	0.25641	-0.0510925	0.0518062	0.769433
7	11	0.179487	0.282051	-0.0460484	0.0527886	0.627846
7	12	0.179487	0.307692	-0.0583462	0.071751	0.960633
7	13	0.179487	0.333333	-0.05597	0.0762459	0.437635
7	14	0.179487	0.358974	-0.0608734	0.089011	1.04629
7	15	0.179487	0.384615	-0.0695456	0.107948	0.469982
7	16	0.179487	0.410256	-0.0613902	0.105617	0.792472
7	17	0.179487	0.435897	-0.0818848	0.141785	0.869764
7	18	0.179487	0.461538	-0.0659527	0.129962	0.215252
7	19	0.179487	0.487179	-0.086619	0.167305	1.40418
7	20	0.179487	0.512821	-0.0786474	0.169929	-0.239646
7	21	0.179487	0.538462	-0.0822426	0.17977	1.47478
7	22	0.179487	0.564103	-0.0957051	0.221262	0.0435169
7	23	0.179487	0.589744	-0.0757714	0.189393	0.62087
7	24	0.179487	0.615385	-0.105694	0.263531	1.18256
7	25	0.179487	0.641026	-0.0772892	0.216435	-0.810902
7	26	0.179487	0.666667	-0.0983289	0.274183	2.33798
7	27	0.179487	0.692308	-0.0867805	0.268719	-1.61169
7	28	0.179487	0.717949	-0.0747939	0.252403	2.20068
7	29	0.179487	0.74359	-0.0862158	0.32077	-0.72581
7	30	0.179487	0.769231	-0.0453934	0.225714	0.327568
7	31	0.179487	0.794872	-0.0480784	0.325017	1.43415
7	32	0.179487	0.820513	-0.00649216	0.220414	-1.99326
7	33	0.179487	0.846154	0.0494471	0.255877	2.99916
7	34	0.179487	0.871795	0.0858839	0.218739	-2.74735
7	35	0.179487	0.897436	0.225043	0.142115	2.52499
7	36	0.179487	0.923077	0.309404	0.167048	-1.4674
7	37	0.179487	0.948718	0.521099	0.0481278	0.865396
7	38	0.179487	0.974359	0.723922	0.0671428	0.0778459
7	39	0.179487	1	1	0	0
8	0	0.205128	0	0	0	0.675344
8	1	0.205128	0.025641	-0.00652667	0.00143267	0.675344
8	2	0.205128	0.0512821	-0.0139504	0.00245718	0.66422
8	3	0.205128	0.0769231	-0.0182401	0.00562316	0.699749
8	4	0.205128	0.102564	-0.0274845	0.0100148	0.668327
8	5	0.205128	0.128205	-0.0292148	0.0127112	0.677927
8	6	0.205128	0.153846	-0.0382657	0.0214111	0.728825
8	7	0.205128	0.179487	-0.0413342	0.0243864	0.602907
8	8	0.205128	0.205128	-0.0454575	0.0341333	0.801671
8	9	0.205128	0.230769	-0.0547807	0.0421445	0.565541
8	10	0.205128	0.25641	-0.0510166	0.0476134	0.768283
8	11	0.205128	0.282051	-0.0668783	0.0643627	0.6739
8	12	0.205128	0.307692	-0.0590926	0.0649521	0.571104
8	13	0.205128	0.333333	-0.0738218	0.0863065	0.895067
8	14	0.205128	0.358974	-0.0728718	0.090629	0.348411
8	15	0.205128	0.384615	-0.0745709	0.104436	0.993698
8	16	0.205128	0.410256	-0.0906641	0.124825	0.382845
8	17	0.205128	0.435897	-0.0737011	0.121818	0.713032
8	18	0.205128	0.461538	-0.104918	0.159655	0.810896
8	19	0.205128	0.487179	-0.079507	0.148078	0.114001
8	20	0.205128	0.512821	-0.106955	0.183599	1.32681
8	21	0.205128	0.538462	-0.0967978	0.190231	-0.278633
8	22	0.205128	0.564103	-0.0953634	0.193508	1.27908
8	23	0.205128	0.589744	-0.119335	0.240267	0.146087
8	24	0.205128	0.615385	-0.0801683	0.202692	0.293707
8	25	0.205128	0.641026	-0.130115	0.274057	1.34194
8	26	0.205128	0.666667	-0.0750231	0.23133	-1.06664
8	27	0.205128	0.692308	-0.1131	0.270273	2.26539
8	28	0.205128	0.717949	-0.0801518	0.280487	-1.47198
8	29	0.205128	0.74359	-0.0673299	0.235089	1.6403
8	30	0.205128	0.769231	-0.0718781	0.315481	-0.0883284
8	31	0.205128	0.794872	-0.00404354	0.20184	-0.573867
8	32	0.205128	0.820513	-0.0119819	0.288269	2.19083
8	33	0.205128	0.846154	0.0818731	0.19259	-2.63371
8	34	0.205128	0.871795	0.131816	0.189012	3.25461
8	35	0.205128	0.897436	0.238666	0.179527	-2.60946
8	36	0.205128	0.923077	0.380119	0.0728419	2.11317
8	37	0.205128	0.948718	0.537334	0.114672	-0.810271
8	38	0.205128	0.974359	0.757315	0.0242598	0.516057
8	39	0.205128	1	1	0	0
9	0	0.230769	0	0	0	0.60413
9	1	0.230769	0.025641	-0.00812816	0.000484494	0.60413
9	2	0.230769	0.0512821	-0.0150107	0.00399839	0.640811
9	3	0.230769	0.0769231	-0.0243045	0.00529955	0.567142
9	4	0.230769	0.102564	-0.0279969	0.00965731	0.678164
9	5	0.230769	0.128205	-0.0387364	0.0161219	0.578538
9	6	0.230769	0.153846	-0.0408231	0.0178303	0.621653
9	7	0.230769	0.179487	-0.0497197	0.0300351	0.689545
9	8	0.230769	0.205128	-0.0551684	0.0314372	0.486034
9	9	0.230769	0.230769	-0.0572886	0.043743	0.810753
9	10	0.230769	0.25641	-0.0703513	0.0521709	0.419719
9	11	0.230769	0.282051	-0.0642897	0.0571962	0.769047
9	12	0.230769	0.307692	-0.0828668	0.0772975	0.567537
9	13	0.230769	0.333333	-0.0752341	0.07492	0.499293
9	14	0.230769	0.358974	-0.0888276	0.100634	0.870818
9	15	0.230769	0.384615	-0.0926147	0.102312	0.19389
9	16	0.230769	0.410256	-0.088229	0.11832	1.025
9	17	0.230769	0.435897	-0.112833	0.138785	0.201604
9	18	0.230769	0.461538	-0.0874388	0.13458	0.729802
9	19	0.230769	0.487179	-0.125928	0.174501	0.667264
9	20	0.230769	0.512821	-0.0961015	0.160216	0.0757384
9	21	0.230769	0.538462	-0.122033	0.196879	1.22809
9	22	0.230769	0.564103	-0.118173	0.201437	-0.349631
9	23	0.230769	0.589744	-0.101335	0.203885	1.19217
9	24	0.230769	0.615385	-0.143052	0.24741	0.0623816
9	25	0.230769	0.641026	-0.0777117	0.210311	0.243811
9	26	0.230769	0.666667	-0.146982	0.272165	1.16823
9	27	0.230769	0.692308	-0.0676732	0.234575	-0.948352
9	28	0.230769	0.717949	-0.109227	0.256827	1.86171
9	29	0.230769	0.74359	-0.0690932	0.272149	-1.08348
9	30	0.230769	0.769231	-0.0299816	0.212966	1.02343
9	31	0.230769	0.794872	-0.0486478	0.284654	0.406038
9	32	0.230769	0.820513	0.0753042	0.175517	-1.04469
9	33	0.230769	0.846154	0.0448843	0.230834	2.33157
9	34	0.230769	0.871795	0.210709	0.160351	-2.45727
9	35	0.230769	0.897436	0.248976	0.120597	2.7034
9	36	0.230769	0.923077	0.424476	0.1351	-1.74322
9	37	0.230769	0.948718	0.570999	0.0292269	1.24928
9	38	0.230769	0.974359	0.774263	0.0707347	-0.00113263
9	39	0.230769	1	1	0	0
10	0	0.25641	0	0	0	0.552904
10	1	0.25641	0.025641	-0.00921159	0.00223127	0.552904
10	2	0.25641	0.0512821	-0.0185885	0.00156647	0.512072
10	3	0.25641	0.0769231	-0.0255065	0.00738783	0.630069
10	4	0.25641	0.102564	-0.0358797	0.00977747	0.458321
10	5	0.25641	0.128205	-0.0399046	0.0135389	0.649643
10	6	0.25641	0.153846	-0.0508293	0.0235631	0.515789
10	7	0.25641	0.179487	-0.0543039	0.0226912	0.52155
10	8	0.25641	0.205128	-0.0624495	0.0387534	0.70149
10	9	0.25641	0.230769	-0.0699974	0.0387012	0.320928
10	10	0.25641	0.25641	-0.071262	0.0519015	0.852379
10	11	0.25641	0.282051	-0.0859205	0.0626505	0.265783
10	12	0.25641	0.307692	-0.0802237	0.0642841	0.747557
10	13	0.25641	0.333333	-0.098463	0.0900102	0.513464
10	14	0.25641	0.358974	-0.0935062	0.0821933	0.350528
10	15	0.25641	0.384615	-0.104062	0.113118	0.938665
10	16	0.25641	0.410256	-0.112691	0.111598	-0.0546302
10	17	0.25641	0.435897	-0.103454	0.12827	1.14004
10	18	0.25641	0.461538	-0.132686	0.150515	-0.0381442
10	19	0.25641	0.487179	-0.103859	0.141283	0.771417
10	20	0.25641	0.512821	-0.142114	0.186799	0.546174
10	21	0.25641	0.538462	-0.114995	0.164308	-0.0350446
10	22	0.25641	0.564103	-0.131116	0.206623	1.2633
10	23	0.25641	0.589744	-0.13863	0.203113	-0.608549
10	24	0.25641	0.615385	-0.102104	0.208376	1.351
10	25	0.25641	0.641026	-0.158935	0.24501	-0.294097
10	26	0.25641	0.666667	-0.0720821	0.207323	0.479884
10	27	0.25641	0.692308	-0.146271	0.263084	0.760583
10	28	0.25641	0.717949	-0.0581148	0.220702	-0.678803
10	29	0.25641	0.74359	-0.0785627	0.240028	1.47518
10	30	0.25641	0.769231	-0.052179	0.242248	-0.892206
10	31	0.25641	0.794872	0.0389273	0.189612	0.850472
10	32	0.25641	0.820513	-0.00833773	0.235554	0.277956
10	33	0.25641	0.846154	0.184912	0.145819	-0.709375
10	34	0.25641	0.871795	0.134744	0.169503	1.64571
10	35	0.25641	0.897436	0.362511	0.121196	-1.50455
10	36	0.25641	0.923077	0.406866	0.0705222	1.60651
10	37	0.25641	0.948718	0.619754	0.0864384	-0.646389
10	38	0.25641	0.974359	0.785439	0.0235136	0.552796
10	39	0.25641	1	1	0	0
11	0	0.282051	0	0	0	0.477261
11	1	0.282051	0.025641	-0.0106747	4.59021e-05	0.477261
11	2	0.282051	0.0512821	-0.0205045	0.00492293	0.53431
11	3	0.282051	0.0769231	-0.0303183	0.00428241	0.401623
11	4	0.282051	0.102564	-0.0380077	0.0106112	0.619417
11	5	0.282051	0.128205	-0.0482041	0.015624	0.370406
11	6	0.282051	0.153846	-0.0533978	0.0170142	0.581543
11	7	0.282051	0.179487	-0.0640806	0.0311422	0.50249
11	8	0.282051	0.205128	-0.0684512	0.027634	0.373169
11	9	0.282051	0.230769	-0.0771398	0.0459638	0.746965
11	10	0.282051	0.25641	-0.0846101	0.0463948	0.147193
11	11	0.282051	0.282051	-0.0875317	0.0574409	0.87096
11	12	0.282051	0.307692	-0.101112	0.072921	0.166599
11	13	0.282051	0.333333	-0.0977113	0.0686786	0.64609
11	14	0.282051	0.358974	-0.114477	0.10077	0.553208
11	15	0.282051	0.384615	-0.111536	0.0873921	0.110183
11	16	0.282051	0.410256	-0.120965	0.121445	1.08095
11	17	0.282051	0.435897	-0.130282	0.119239	-0.344008
11	18	0.282051	0.461538	-0.121039	0.132189	1.25439
11	19	0.282051	0.487179	-0.148261	0.160154	-0.225422
11	20	0.282051	0.512821	-0.121726	0.140775	0.712474
11	21	0.282051	0.538462	-0.153521	0.19554	0.576598
11	22	0.282051	0.564103	-0.132035	0.160766	-0.33303
11	23	0.282051	0.589744	-0.136507	0.210266	1.51689
11	24	0.282051	0.615385	-0.151175	0.197746	-1.0863
11	25	0.282051	0.641026	-0.101047	0.202828	1.71519
11	26	0.282051	0.666667	-0.158825	0.237525	-0.789638
11	27	0.282051	0.692308	-0.0652271	0.189413	0.768595
11	28	0.282051	0.717949	-0.122281	0.251585	0.452803
11	29	0.282051	0.74359	-0.0437798	0.188825	-0.664389
11	30	0.282051	0.769231	-0.0220511	0.221849	1.54498
11	31	0.282051	0.794872	-0.0200446	0.197369	-1.30194
11	32	0.282051	0.820513	0.129898	0.162189	1.41449
11	33	0.282051	0.846154	0.0635306	0.182898	-0.591949
11	34	0.282051	0.871795	0.308416	0.107757	0.308062
11	35	0.282051	0.897436	0.268229	0.121411	0.484082
11	36	0.282051	0.923077	0.519019	0.0749859	-0.345755
11	37	0.282051	0.948718	0.599649	0.0455309	0.620547
11	38	0.282051	0.974359	0.811911	0.0482478	0.103352
11	39	0.282051	1	1	0	0
12	0	0.307692	0	0	0	0.4305
12	1	0.307692	0.025641	-0.0120559	0.00228954	0.4305
12	2	0.307692	0.0512821	-0.0227609	0.00106894	0.385123
12	3	0.307692	0.0769231	-0.033717	0.00767203	0.521717
12	4	0.307692	0.102564	-0.0426937	0.00837626	0.304347
12	5	0.307692	0.128205	-0.0518966	0.0133776	0.576329
12	6	0.307692	0.153846	-0.0615039	0.0216879	0.326408
12	7	0.307692	0.179487	-0.0673028	0.0204431	0.468486
12	8	0.307692	0.205128	-0.0790662	0.0372835	0.52162
12	9	0.307692	0.230769	-0.0821815	0.03291	0.215438
12	10	0.307692	0.25641	-0.0937991	0.0505834	0.771336
12	11	0.307692	0.282051	-0.098802	0.053848	0.0255377
12	12	0.307692	0.307692	-0.1049	0.0603357	0.812845
12	13	0.307692	0.333333	-0.116809	0.0812241	0.15702
12	14	0.307692	0.358974	-0.114528	0.0711817	0.459038
12	15	0.307692	0.384615	-0.132181	0.107365	0.658511
12	16	0.307692	0.410256	-0.127017	0.0912897	-0.158794
12	17	0.307692	0.435897	-0.13992	0.123919	1.20698
12	18	0.307692	0.461538	-0.144177	0.125118	-0.564262
12	19	0.307692	0.487179	-0.139346	0.129606	1.25385
12	20	0.307692	0.512821	-0.16022	0.166318	-0.254809
12	21	0.307692	0.538462	-0.136978	0.134096	0.473179
12	22	0.307692	0.564103	-0.162544	0.198139	0.799317
12	23	0.307692	0.589744	-0.141262	0.152146	-0.80391
12	24	0.307692	0.615385	-0.140992	0.204385	1.90956
12	25	0.307692	0.641026	-0.149588	0.189014	-1.62552
12	26	0.307692	0.666667	-0.099001	0.184181	2.05159
12	27	0.307692	0.692308	-0.13924	0.22836	-1.11753
12	28	0.307692	0.717949	-0.0534671	0.156623	0.758437
12	29	0.307692	0.74359	-0.0777294	0.238291	0.605207
12	30	0.307692	0.769231	-0.0148257	0.145384	-1.21441
12	31	0.307692	0.794872	0.0501352	0.19836	2.2624
12	32	0.307692	0.820513	0.041966	0.150905	-2.32532
12	33	0.307692	0.846154	0.228111	0.12452	2.49686
12	34	0.307692	0.871795	0.178996	0.141736	-1.75578
12	35	0.307692	0.897436	0.432002	0.0600658	1.36009
12	36	0.307692	0.923077	0.442721	0.0929393	-0.412516
12	37	0.307692	0.948718	0.67367	0.0312183	0.316019
12	38	0.307692	0.974359	0.80573	0.0390026	0.270919
12	39	0.307692	1	1	0	0
13	0	0.333333	0	0	0	0.35939
13	1	0.333333	0.025641	-0.0130331	0.000212731	0.35939
13	2	0.333333	0.0512821	-0.0259472	0.00427784	0.401432
13	3	0.333333	0.0769231	-0.0353947	0.00360214	0.297857
13	4	0.333333	0.102564	-0.0481834	0.0100047	0.484401
13	5	0.333333	0.128205	-0.0558098	0.0127795	0.243859
13	6	0.333333	0.153846	-0.0660153	0.0160171	0.493581
13	7	0.333333	0.179487	-0.0762602	0.0264402	0.31175
13	8	0.333333	0.205128	-0.0806157	0.0240858	0.346439
13	9	0.333333	0.230769	-0.0957043	0.0409629	0.521859
13	10	0.333333	0.25641	-0.0954014	0.0378655	0.105067
13	11	0.333333	0.282051	-0.111192	0.0526717	0.725678
13	12	0.333333	0.307692	-0.113492	0.0593398	-0.0147381
13	13	0.333333	0.333333	-0.121285	0.0614519	0.678345
13	14	0.333333	0.358974	-0.134138	0.085483	0.20318
13	15	0.333333	0.384615	-0.128793	0.0725248	0.252987
13	16	0.333333	0.410256	-0.151642	0.108415	0.73856
13	17	0.333333	0.435897	-0.139345	0.0935724	-0.352179
13	18	0.333333	0.461538	-0.159014	0.120537	1.21565
13	19	0.333333	0.487179	-0.155482	0.127608	-0.631558
13	20	0.333333	0.512821	-0.15449	0.121942	1.0875
13	21	0.333333	0.538462	-0.170876	0.166458	-0.119482
13	22	0.333333	0.564103	-0.144672	0.123719	0.100863
13	23	0.333333	0.589744	-0.17127	0.191819	1.10879
13	24	0.333333	0.615385	-0.138271	0.141339	-1.27953
13	25	0.333333	0.641026	-0.14436	0.18707	2.2187
13	26	0.333333	0.666667	-0.132296	0.179068	-1.9562
13	27	0.333333	0.692308	-0.0914593	0.153407	2.07065
13	28	0.333333	0.717949	-0.10394	0.217069	-1.0017
13	29	0.333333	0.74359	-0.0271113	0.115324	0.236281
13	30	0.333333	0.769231	-0.0224061	0.218818	1.30897
13	31	0.333333	0.794872	0.0420421	0.102628	-2.24603
13	32	0.333333	0.820513	0.125402	0.163196	3.32969
13	33	0.333333	0.846154	0.144636	0.116219	-3.44279
13	34	0.333333	0.871795	0.324161	0.0749491	3.40097
13	35	0.333333	0.897436	0.335919	0.117133	-2.42915
13	36	0.333333	0.923077	0.554586	0.0128978	1.71572
13	37	0.333333	0.948718	0.637766	0.073563	-0.531914
13	38	0.333333	0.974359	0.832946	0.0124216	0.341613
13	39	0.333333	1	1	0	0
14	0	0.358974	0	0	0	0.306795
14	1	0.358974	0.025641	-0.0145697	0.00141131	0.306795
14	2	0.358974	0.0512821	-0.026486	0.00150049	0.292384
14	3	0.358974	0.0769231	-0.0409819	0.00605868	0.353608
14	4	0.358974	0.102564	-0.0484939	0.00655701	0.240647
14	5	0.358974	0.128205	-0.0627504	0.0122011	0.412859
14	6	0.358974	0.153846	-0.0700577	0.0160131	0.208806
14	7	0.358974	0.179487	-0.0793911	0.0187789	0.403171
14	8	0.358974	0.205128	-0.0923503	0.0289038	0.279578
14	9	0.358974	0.230769	-0.0932873	0.0273088	0.267156
14	10	0.358974	0.25641	-0.112778	0.0422794	0.459441
14	11	0.358974	0.282051	-0.109025	0.0408488	0.0662842
14	12	0.358974	0.307692	-0.12738	0.0530871	0.614632
14	13	0.358974	0.333333	-0.129684	0.0609523	-0.0102516
14	14	0.358974	0.358974	-0.135136	0.061427	0.534002
14	15	0.358974	0.384615	-0.152948	0.0845879	0.218097
14	16	0.358974	0.410256	-0.140345	0.072225	0.123226
14	17	0.358974	0.435897	-0.170811	0.104238	0.706628
14	18	0.358974	0.461538	-0.14991	0.092473	-0.406038
14	19	0.358974	0.487179	-0.174616	0.112894	1.0799
14	20	0.358974	0.512821	-0.166327	0.124266	-0.564384
14	21	0.358974	0.538462	-0.162457	0.111432	0.824716
14	22	0.358974	0.564103	-0.181615	0.158366	0.0609428
14	23	0.358974	0.589744	-0.141965	0.111746	-0.237153
14	24	0.358974	0.615385	-0.178609	0.175608	1.30187
14	25	0.358974	0.641026	-0.123019	0.129391	-1.53243
14	26	0.358974	0.666667	-0.141645	0.159997	2.21809
14	27	0.358974	0.692308	-0.10353	0.166648	-1.88317
14	28	0.358974	0.717949	-0.0693777	0.116585	1.64693
14	29	0.358974	0.74359	-0.0615407	0.199243	-0.436366
14	30	0.358974	0.769231	0.0249526	0.076332	-0.644815
14	31	0.358974	0.794872	0.0338503	0.187291	2.21851
14	32	0.358974	0.820513	0.134744	0.0721062	-3.21504
14	33	0.358974	0.846154	0.198633	0.114795	4.04988
14	34	0.358974	0.871795	0.284387	0.0972183	-3.88141
14	35	0.358974	0.897436	0.422061	0.023176	3.41105
14	36	0.358974	0.923077	0.514328	0.0994391	-2.11152
14	37	0.358974	0.948718	0.687199	-0.0150299	1.19701
14	38	0.358974	0.974359	0.827627	0.050495	-0.0716744
14	39	0.358974	1	1	0	0
15	0	0.384615	0	0	0	0.24894
15	1	0.384615	0.025641	-0.0150748	0.000902838	0.24894
15	2	0.384615	0.0512821	-0.0301574	0.00225239	0.246695
15	3	0.384615	0.0769231	-0.0400794	0.00347418	0.249167
15	4	0.384615	0.102564	-0.0560109	0.0077516	0.275773
15	5	0.384615	0.128205	-0.0623536	0.00849582	0.205622
15	6	0.384615	0.153846	-0.0764412	0.0144927	0.334924
15	7	0.384615	0.179487	-0.0853089	0.0171292	0.156891
15	8	0.384615	0.205128	-0.0919593	0.0210517	0.352041
15	9	0.384615	0.230769	-0.108624	0.029196	0.190896
15	10	0.384615	0.25641	-0.106184	0.0285371	0.250521
15	11	0.384615	0.282051	-0.128498	0.0420587	0.342279
15	12	0.384615	0.307692	-0.123949	0.0401029	0.0611988
15	13	0.384615	0.333333	-0.141059	0.0523569	0.503064
15	14	0.384615	0.358974	-0.147099	0.0578149	-0.0425282
15	15	0.384615	0.384615	-0.14658	0.0596336	0.465172
15	16	0.384615	0.410256	-0.171181	0.0790855	0.129264
15	17	0.384615	0.435897	-0.150711	0.0684526	0.115924
15	18	0.384615	0.461538	-0.186369	0.0964708	0.555231
15	19	0.384615	0.487179	-0.160598	0.0857247	-0.357218
15	20	0.384615	0.512821	-0.183522	0.102896	0.88268
15	21	0.384615	0.538462	-0.177465	0.11341	-0.486785
15	22	0.384615	0.564103	-0.161647	0.0994378	0.623443
15	23	0.384615	0.589744	-0.190678	0.141815	0.109144
15	24	0.384615	0.615385	-0.129932	0.0983128	-0.358051
15	25	0.384615	0.641026	-0.179469	0.151629	1.21319
15	26	0.384615	0.666667	-0.0998047	0.114486	-1.43975
15	27	0.384615	0.692308	-0.124784	0.12869	1.85686
15	28	0.384615	0.717949	-0.0703205	0.147616	-1.4657
15	29	0.384615	0.74359	-0.0240484	0.0827312	0.976798
15	30	0.384615	0.769231	-0.0189204	0.169909	0.21967
15	31	0.384615	0.794872	0.107359	0.0489543	-1.36355
15	32	0.384615	0.820513	0.0897213	0.142637	2.68967
15	33	0.384615	0.846154	0.257494	0.0563821	-3.42323
15	34	0.384615	0.871795	0.278107	0.0621455	3.78493
15	35	0.384615	0.897436	0.44148	0.0843589	-3.21497
15	36	0.384615	0.923077	0.536603	-0.0121403	2.40587
15	37	0.384615	0.948718	0.688818	0.072984	-1.08736
15	38	0.384615	0.974359	0.838658	-0.00959705	0.430684
15	39	0.384615	1	1	0	0
16	0	0.410256	0	0	0	0.184521
16	1	0.410256	0.025641	-0.0163602	8.83364e-05	0.184521
16	2	0.410256	0.0512821	-0.0298404	0.0023105	0.215421
16	3	0.410256	0.0769231	-0.0456261	0.00317018	0.15815
16	4	0.410256	0.102564	-0.0540046	0.00461144	0.226834
16	5	0.410256	0.128205	-0.0700355	0.00958883	0.191378
16	6	0.410256	0.153846	-0.0768602	0.00846529	0.154698
16	7	0.410256	0.179487	-0.0891325	0.0163004	0.293605
16	8	0.410256	0.205128	-0.100515	0.016246	0.0526786
16	9	0.410256	0.230769	-0.104505	0.0213328	0.357108
16	10	0.410256	0.25641	-0.123455	0.0281131	0.0555498
16	11	0.410256	0.282051	-0.120108	0.026153	0.258459
16	12	0.410256	0.307692	-0.141755	0.0407381	0.232935
16	13	0.410256	0.333333	-0.139829	0.0349568	0.0137912
16	14	0.410256	0.358974	-0.152529	0.0497437	0.46719
16	15	0.410256	0.384615	-0.163754	0.050647	-0.171626
16	16	0.410256	0.410256	-0.157175	0.0542311	0.503218
16	17	0.410256	0.435897	-0.185862	0.0706005	-0.0554433
16	18	0.410256	0.461538	-0.161525	0.0591598	0.181328
16	19	0.410256	0.487179	-0.195799	0.0866799	0.374809
16	20	0.410256	0.512821	-0.17165	0.0721405	-0.327917
16	21	0.410256	0.538462	-0.18506	0.0912572	0.76766
16	22	0.410256	0.564103	-0.18669	0.0954214	-0.547478
16	23	0.410256	0.589744	-0.153866	0.0854036	0.623058
16	24	0.410256	0.615385	-0.193116	0.119191	-0.0846691
16	25	0.410256	0.641026	-0.112671	0.0813355	-0.200484
16	26	0.410256	0.666667	-0.166952	0.124714	0.852017
16	27	0.410256	0.692308	-0.0739953	0.0930329	-1.10577
16	28	0.410256	0.717949	-0.0873459	0.100246	1.35217
16	29	0.410256	0.74359	-0.0367513	0.11819	-1.04744
16	30	0.410256	0.769231	0.0462918	0.0586819	0.525082
16	31	0.410256	0.794872	0.0255956	0.128832	0.415229
16	32	0.410256	0.820513	0.212418	0.0341964	-1.3438
16	33	0.410256	0.846154	0.156258	0.093159	2.21519
16	34	0.410256	0.871795	0.391232	0.0461412	-2.56538
16	35	0.410256	0.897436	0.380954	0.0222998	2.50827
16	36	0.410256	0.923077	0.592465	0.0631807	-1.79778
16	37	0.410256	0.948718	0.67837	-0.0188495	1.04921
16	38	0.410256	0.974359	0.848511	0.0372206	-0.176298
16	39	0.410256	1	1	0	0
17	0	0.435897	0	0	0	0.140324
17	1	0.435897	0.025641	-0.0166471	0.00146353	0.140324
17	2	0.435897	0.0512821	-0.0324431	-4.29255e-05	0.0963302
17	3	0.435897	0.0769231	-0.0444314	0.00319103	0.203246
17	4	0.435897	0.102564	-0.0599449	0.00433271	0.0604162
17	5	0.435897	0.128205	-0.0681757	0.00391294	0.191276
17	6	0.435897	0.153846	-0.0828515	0.0110422	0.140447
17	7	0.435897	0.179487	-0.0910844	0.00655482	0.054477
17	8	0.435897	0.205128	-0.101508	0.0161922	0.304699
17	9	0.435897	0.230769	-0.114212	0.0141385	-0.0938471
17	10	0.435897	0.25641	-0.117741	0.0181104	0.381432
17	11	0.435897	0.282051	-0.135886	0.0260421	-0.0667118
17	12	0.435897	0.307692	-0.134688	0.0196315	0.219944
17	13	0.435897	0.333333	-0.152937	0.037516	0.200155
17	14	0.435897	0.358974	-0.154807	0.0262535	-0.126312
17	15	0.435897	0.384615	-0.163304	0.0434274	0.5272
17	16	0.435897	0.410256	-0.177027	0.041043	-0.378659
17	17	0.435897	0.435897	-0.168316	0.0433908	0.589974
17	18	0.435897	0.461538	-0.195049	0.0603977	-0.242348
17	19	0.435897	0.487179	-0.172649	0.0436015	0.202373
17	20	0.435897	0.512821	-0.199085	0.0750476	0.293247
17	21	0.435897	0.538462	-0.180627	0.0526023	-0.439179
17	22	0.435897	0.564103	-0.181432	0.0769317	0.834981
17	23	0.435897	0.589744	-0.189405	0.0728455	-0.808469
17	24	0.435897	0.615385	-0.142839	0.0672194	0.834769
17	25	0.435897	0.641026	-0.183273	0.0946364	-0.465486
17	26	0.435897	0.666667	-0.0940372	0.0579713	0.102737
17	27	0.435897	0.692308	-0.136641	0.100191	0.439493
17	28	0.435897	0.717949	-0.0473511	0.062609	-0.841296
17	29	0.435897	0.74359	-0.0296939	0.0792061	1.09592
17	30	0.435897	0.769231	0.000889679	0.0792351	-1.06789
17	31	0.435897	0.794872	0.132959	0.0439889	0.726315
17	32	0.435897	0.820513	0.0840429	0.0839383	-0.201065
17	33	0.435897	0.846154	0.322587	0.023167	-0.423169
17	34	0.435897	0.871795	0.25088	0.0540069	0.889398
17	35	0.435897	0.897436	0.515801	0.0282085	-1.07465
17	36	0.435897	0.923077	0.517943	0.00727549	0.943723
17	37	0.435897	0.948718	0.728172	0.0305099	-0.530973
17	38	0.435897	0.974359	0.839709	-0.00516451	0.208338
17	39	0.435897	1	1	0	0
18	0	0.461538	0	0	0	0.0677951
18	1	0.461538	0.025641	-0.0172568	-0.000883776	0.0677951
18	2	0.461538	0.0512821	-0.0324659	0.00241618	0.123792
18	3	0.461538	0.0769231	-0.0471836	0.000244301	-0.00699656
18	4	0.461538	0.102564	-0.0588053	0.00237889	0.183359
18	5	0.461538	0.128205	-0.0728216	0.00529413	-0.0090807
18	6	0.461538	0.153846	-0.0817929	0.00139595	0.109904
18	7	0.461538	0.179487	-0.0950347	0.0107566	0.13949
18	8	0.461538	0.205128	-0.103722	0.00351664	-0.0869022
18	9	0.461538	0.230769	-0.114207	0.0127288	0.334032
18	10	0.461538	0.25641	-0.125571	0.0111851	-0.226595
18	11	0.461538	0.282051	-0.131308	0.0109437	0.358647
18	12	0.461538	0.307692	-0.146344	0.0221708	-0.112955
18	13	0.461538	0.333333	-0.148217	0.00988453	0.0913787
18	14	0.461538	0.358974	-0.163474	0.030616	0.256762
18	15	0.461538	0.384615	-0.166593	0.0155505	-0.333535
18	16	0.461538	0.410256	-0.174575	0.0317671	0.620474
18	17	0.461538	0.435897	-0.185442	0.0300303	-0.569875
18	18	0.461538	0.461538	-0.179616	0.02672	0.614888
18	19	0.461538	0.487179	-0.199157	0.0482523	-0.318514
18	20	0.461538	0.512821	-0.181585	0.0230368	0.0820068
18	21	0.461538	0.538462	-0.198562	0.0601921	0.37804
18	22	0.461538	0.564103	-0.183417	0.0297288	-0.714929
18	23	0.461538	0.589744	-0.175885	0.057917	1.05737
18	24	0.461538	0.615385	-0.18118	0.0491866	-1.18259
18	25	0.461538	0.641026	-0.131147	0.0428524	1.10999
18	26	0.461538	0.666667	-0.15844	0.0719756	-0.819796
18	27	0.461538	0.692308	-0.0740541	0.0271483	0.28143
18	28	0.461538	0.717949	-0.0903078	0.0807285	0.291318
18	29	0.461538	0.74359	-0.0150304	0.0252182	-0.975257
18	30	0.461538	0.769231	0.0394637	0.0640806	1.38617
18	31	0.461538	0.794872	0.0540849	0.0385359	-1.72937
18	32	0.461538	0.820513	0.220743	0.0305498	1.60831
18	33	0.461538	0.846154	0.171984	0.0486306	-1.42077
18	34	0.461538	0.871795	0.421986	0.00457352	0.903072
18	35	0.461538	0.897436	0.382678	0.0359483	-0.532199
18	36	0.461538	0.923077	0.625436	-5.73429e-05	0.138638
18	37	0.461538	0.948718	0.680179	0.0102249	-0.0158748
18	38	0.461538	0.974359	0.859621	0.00246663	-0.0283016
18	39	0.461538	1	1	0	0
19	0	0.487179	0	0	0	0.0282538
19	1	0.487179	0.025641	-0.0175136	0.00127256	0.0282538
19	2	0.487179	0.0512821	-0.0328644	-0.0014679	-0.0250611
19	3	0.487179	0.0769231	-0.0475327	0.00190635	0.107581
19	4	0.487179	0.102564	-0.0601956	0.000552058	-0.0903054
19	5	0.487179	0.128205	-0.0723042	-0.000223413	0.123309
19	6	0.487179	0.153846	-0.0847292	0.00478967	-0.0317603
19	7	0.487179	0.179487	-0.0937002	-0.00222628	-0.0127244
19	8	0.487179	0.205128	-0.10717	0.00734336	0.158774
19	9	0.487179	0.230769	-0.114038	-0.000248588	-0.21813
19	10	0.487179	0.25641	-0.126907	0.00549738	0.320015
19	11	0.487179	0.282051	-0.135017	0.00661641	-0.28728
19	12	0.487179	0.307692	-0.143657	0.000757491	0.249529
19	13	0.487179	0.333333	-0.156154	0.0147911	-0.0742937
19	14	0.487179	0.358974	-0.158698	-0.0015758	-0.0988682
19	15	0.487179	0.384615	-0.174388	0.0185437	0.339241
19	16	0.487179	0.410256	-0.174077	0.00370479	-0.516586
19	17	0.487179	0.435897	-0.185805	0.0146145	0.643537
19	18	0.487179	0.461538	-0.189685	0.0170989	-0.645329
19	19	0.487179	0.487179	-0.188636	0.00571723	0.50003
19	20	0.487179	0.512821	-0.200489	0.0325622	-0.241296
19	21	0.487179	0.538462	-0.184754	6.68671e-05	-0.176002
19	22	0.487179	0.564103	-0.196961	0.0402565	0.575096
19	23	0.487179	0.589744	-0.176714	0.00644213	-1.04824
19	24	0.487179	0.615385	-0.169976	0.0329001	1.28053
19	25	0.487179	0.641026	-0.160706	0.0270298	-1.47149
19	26	0.487179	0.666667	-0.117635	0.0123636	1.2204
19	27	0.487179	0.692308	-0.121246	0.0524376	-0.903165
19	28	0.487179	0.717949	-0.047477	-0.00824148	0.104049
19	29	0.487179	0.74359	-0.035978	0.0642439	0.589002
19	30	0.487179	0.769231	0.0329489	-0.0115988	-1.58867
19	31	0.487179	0.794872	0.107749	0.047909	2.14554
19	32	0.487179	0.820513	0.135084	0.0078357	-2.74485
19	33	0.487179	0.846154	0.298361	0.00933701	2.64889
19	34	0.487179	0.871795	0.29536	0.0321309	-2.50006
19	35	0.487179	0.897436	0.509025	-0.0231607	1.76841
19	36	0.487179	0.923077	0.541166	0.0337694	-1.19771
19	37	0.487179	0.948718	0.733173	-0.0244866	0.455044
19	38	0.487179	0.974359	0.845562	0.00919061	-0.157058
19	39	0.487179	1	1	0	0
20	0	0.512821	0	0	0	-0.0421531
20	1	0.512821	0.025641	-0.0172954	-0.0010559	-0.0421531
20	2	0.512821	0.0512821	-0.0336287	0.001209	0.000610811
20	3	0.512821	0.0769231	-0.0463643	-0.00179299	-0.109086
20	4	0.512821	0.102564	-0.0613499	-0.000361056	0.0597922
20	5	0.512821	0.128205	-0.0718606	-0.000273977	-0.132309
20	6	0.512821	0.153846	-0.0839169	-0.00396812	0.0229041
20	7	0.512821	0.179487	-0.0962188	0.001472	-0.0315097
20	8	0.512821	0.205128	-0.103238	-0.00651464	-0.131226
20	9	0.512821	0.230769	-0.118999	0.000374547	0.141963
20	10	0.512821	0.25641	-0.122438	-0.00542183	-0.28503
20	11	0.512821	0.282051	-0.138223	-0.00461417	0.226173
20	12	0.512821	0.307692	-0.14377	-0.00117867	-0.268325
20	13	0.512821	0.333333	-0.153037	-0.0109926	0.0821248
20	14	0.512821	0.358974	-0.166203	0.00252461	-0.0121405
20	15	0.512821	0.384615	-0.165294	-0.0140025	-0.264057
20	16	0.512821	0.410256	-0.185069	0.00129925	0.351555
20	17	0.512821	0.435897	-0.178101	-0.00996263	-0.586487
20	18	0.512821	0.461538	-0.194687	-0.00641864	0.532898
20	19	0.512821	0.487179	-0.191929	0.000528831	-0.579709
20	20	0.512821	0.512821	-0.192312	-0.0171149	0.267266
20	21	0.512821	0.538462	-0.201268	0.0116175	-0.0808135
20	22	0.512821	0.564103	-0.179808	-0.0229125	-0.455572
20	23	0.512821	0.589744	-0.195039	0.0144875	0.732584
20	24	0.512821	0.615385	-0.160297	-0.0156744	-1.26037
20	25	0.512821	0.641026	-0.161819	0.00275602	1.31611
20	26	0.512821	0.666667	-0.131072	0.00652489	-1.49287
20	27	0.512821	0.692308	-0.0971508	-0.0208676	1.01444
20	28	0.512821	0.717949	-0.0786672	0.033668	-0.625222
20	29	0.512821	0.74359	-0.0061759	-0.0412534	-0.422659
20	30	0.512821	0.769231	0.0168999	0.0450783	1.18673
20	31	0.512821	0.794872	0.105123	-0.0379593	-2.36088
20	32	0.512821	0.820513	0.168155	0.024023	2.86711
20	33	0.512821	0.846154	0.246136	-0.00545123	-3.43335
20	34	0.512821	0.871795	0.368268	-0.0199016	3.07834
20	35	0.512821	0.897436	0.442138	0.0299685	-2.69776
20	36	0.512821	0.923077	0.59886	-0.0470129	1.63103
20	37	0.512821	0.948718	0.703125	0.0291639	-0.923826
20	38	0.512821	0.974359	0.85734	-0.0285857	0.105287
20	39	0.512821	1	1	0	0
21	0	0.538462	0	0	0	-0.0886401
21	1	0.538462	0.025641	-0.0174452	0.000280805	-0.0886401
21	2	0.538462	0.0512821	-0.0319191	-0.00171639	-0.115511
21	3	0.538462	0.0769231	-0.0480703	-0.000530256	-0.0478921
21	4	0.538462	0.102564	-0.0580572	-0.00291566	-0.159978
21	5	0.538462	0.128205	-0.0730592	-0.00382987	-0.0251065
21	6	0.538462	0.153846	-0.0827182	-0.00353965	-0.150117
21	7	0.538462	0.179487	-0.0930422	-0.00837515	-0.0793222
21	8	0.538462	0.205128	-0.10712	-0.0051281	-0.0588216
21	9	0.538462	0.230769	-0.110769	-0.012029	-0.195463
21	10	0.538462	0.25641	-0.129305	-0.00933475	0.0544473
21	11	0.538462	0.282051	-0.130036	-0.0134869	-0.279625
21	12	0.538462	0.307692	-0.146612	-0.0162158	0.0780633
21	13	0.538462	0.333333	-0.152613	-0.013475	-0.226795
21	14	0.538462	0.358974	-0.158801	-0.0236205	-0.0629782
21	15	0.538462	0.384615	-0.175867	-0.0145484	-0.0147817
21	16	0.538462	0.410256	-0.168919	-0.028141	-0.324582
21	17	0.538462	0.435897	-0.193381	-0.0194854	0.240883
21	18	0.538462	0.461538	-0.180674	-0.0271926	-0.529121
21	19	0.538462	0.487179	-0.198607	-0.0289797	0.320761
21	20	0.538462	0.512821	-0.193957	-0.0212377	-0.450365
21	21	0.538462	0.538462	-0.189039	-0.0398375	0.0336391
21	22	0.538462	0.564103	-0.201666	-0.014924	0.0196403
21	23	0.538462	0.589744	-0.167303	-0.0450928	-0.599617
21	24	0.538462	0.615385	-0.190524	-0.0157217	0.698676
21	25	0.538462	0.641026	-0.137436	-0.0372408	-1.22064
21	26	0.538462	0.666667	-0.146654	-0.029011	1.0754
21	27	0.538462	0.692308	-0.0981133	-0.0147416	-1.22292
21	28	0.538462	0.717949	-0.0633774	-0.0508154	0.557048
21	29	0.538462	0.74359	-0.0374807	0.0112897	-0.167077
21	30	0.538462	0.769231	0.0550935	-0.0641043	-0.981036
21	31	0.538462	0.794872	0.0648187	0.0187749	1.62783
21	32	0.538462	0.820513	0.20051	-0.0485382	-2.71312
21	33	0.538462	0.846154	0.226183	-0.00654954	2.9183
21	34	0.538462	0.871795	0.374369	-0.00567568	-3.21142
21	35	0.538462	0.897436	0.446979	-0.0452067	2.48879
21	36	0.538462	0.923077	0.590006	0.0262942	-1.93161
21	37	0.538462	0.948718	0.710417	-0.0504295	0.779082
21	38	0.538462	0.974359	0.854381	0.00796576	-0.360367
21	39	0.538462	1	1	0	0
22	0	0.564103	0	0	0	-0.14869
22	1	0.564103	0.025641	-0.0165902	-0.000634682	-0.14869
22	2	0.564103	0.0512821	-0.0327208	-0.000926181	-0.145472
22	3	0.564103	0.0769231	-0.0441546	-0.00288925	-0.165326
22	4	0.564103	0.102564	-0.0601474	-0.00351322	-0.128126
22	5	0.564103	0.128205	-0.0684958	-0.00609488	-0.187633
22	6	0.564103	0.153846	-0.0821156	-0.00798588	-0.116011
22	7	0.564103	0.179487	-0.0927104	-0.0097681	-0.187859
22	8	0.564103	0.205128	-0.0999952	-0.0138641	-0.137436
22	9	0.564103	0.230769	-0.116397	-0.0142909	-0.146787
22	10	0.564103	0.25641	-0.117317	-0.020101	-0.196159
22	11	0.564103	0.282051	-0.136728	-0.0204657	-0.0819848
22	12	0.564103	0.307692	-0.13755	-0.0256167	-0.253244
22	13	0.564103	0.333333	-0.151552	-0.0286457	-0.0508774
22	14	0.564103	0.358974	-0.160955	-0.0301523	-0.243083
22	15	0.564103	0.384615	-0.161878	-0.0378576	-0.114387
22	16	0.564103	0.410256	-0.183196	-0.0348304	-0.127116
22	17	0.564103	0.435897	-0.171416	-0.0456698	-0.273143
22	18	0.564103	0.461538	-0.197078	-0.0416244	0.0442067
22	19	0.564103	0.487179	-0.183225	-0.0493753	-0.422887
22	20	0.564103	0.512821	-0.196494	-0.051501	0.119647
22	21	0.564103	0.538462	-0.19554	-0.0482364	-0.388425
22	22	0.564103	0.564103	-0.179868	-0.0621992	-0.0655157
22	23	0.564103	0.589744	-0.199275	-0.0453626	-0.0596532
22	24	0.564103	0.615385	-0.150485	-0.0675846	-0.518851
22	25	0.564103	0.641026	-0.179207	-0.046967	0.432255
22	26	0.564103	0.666667	-0.112893	-0.0605668	-0.951104
22	27	0.564103	0.692308	-0.119766	-0.0574101	0.658797
22	28	0.564103	0.717949	-0.0664079	-0.0399665	-0.853852
22	29	0.564103	0.74359	-0.0135998	-0.0717788	0.141072
22	30	0.564103	0.769231	0.00133917	-0.0172083	0.0841283
22	31	0.564103	0.794872	0.133149	-0.0735861	-1.11029
22	32	0.564103	0.820513	0.114897	-0.012487	1.43351
22	33	0.564103	0.846154	0.306447	-0.0478935	-2.23489
22	34	0.564103	0.871795	0.298301	-0.0329758	2.05056
22	35	0.564103	0.897436	0.500034	-0.00646224	-2.11974
22	36	0.564103	0.923077	0.552517	-0.0519506	1.2389
22	37	0.564103	0.948718	0.725749	0.0101631	-0.87094
22	38	0.564103	0.974359	0.848319	-0.0362906	0.00186041
22	39	0.564103	1	1	0	0
23	0	0.589744	0	0	0	-0.207914
23	1	0.589744	0.025641	-0.016361	-0.000971094	-0.207914
23	2	0.589744	0.0512821	-0.0300083	-0.00139654	-0.19599
23	3	0.589744	0.0769231	-0.0453434	-0.00340955	-0.227824
23	4	0.589744	0.102564	-0.0545928	-0.00577302	-0.194346
23	5	0.589744	0.128205	-0.0693829	-0.00720435	-0.216641
23	6	0.589744	0.153846	-0.0777582	-0.0119114	-0.229494
23	7	0.589744	0.179487	-0.0887844	-0.0131012	-0.17139
23	8	0.589744	0.205128	-0.100994	-0.0183471	-0.277172
23	9	0.589744	0.230769	-0.105711	-0.0215997	-0.140501
23	10	0.589744	0.25641	-0.122854	-0.0247703	-0.277987
23	11	0.589744	0.282051	-0.123557	-0.0318001	-0.178255
23	12	0.589744	0.307692	-0.140819	-0.0323545	-0.201434
23	13	0.589744	0.333333	-0.144454	-0.0416716	-0.27854
23	14	0.589744	0.358974	-0.153934	-0.0425665	-0.0965022
23	15	0.589744	0.384615	-0.167038	-0.0496728	-0.356157
23	16	0.589744	0.410256	-0.16395	-0.0552624	-0.0687279
23	17	0.589744	0.435897	-0.186248	-0.0562928	-0.310983
23	18	0.589744	0.461538	-0.17395	-0.0677994	-0.185489
23	19	0.589744	0.487179	-0.195451	-0.0638313	-0.133449
23	20	0.589744	0.512821	-0.185282	-0.0763109	-0.38549
23	21	0.589744	0.538462	-0.189655	-0.0740974	0.0446938
23	22	0.589744	0.564103	-0.194308	-0.0785964	-0.486768
23	23	0.589744	0.589744	-0.167872	-0.0855663	0.0271768
23	24	0.589744	0.615385	-0.190501	-0.0764966	-0.325623
23	25	0.589744	0.641026	-0.13317	-0.0924725	-0.264897
23	26	0.589744	0.666667	-0.157722	-0.0752214	0.0523566
23	27	0.589744	0.692308	-0.089561	-0.0878118	-0.640036
23	28	0.589744	0.717949	-0.0802248	-0.0785239	0.324801
23	29	0.589744	0.74359	-0.0353166	-0.0700471	-0.699876
23	30	0.589744	0.769231	0.047861	-0.0823239	0.114935
23	31	0.589744	0.794872	0.0451717	-0.0486701	-0.205803
23	32	0.589744	0.820513	0.216476	-0.0744034	-0.557686
23	33	0.589744	0.846154	0.181937	-0.0388936	0.506247
23	34	0.589744	0.871795	0.406861	-0.0475842	-1.07782
23	35	0.589744	0.897436	0.399989	-0.0425143	0.69023
23	36	0.589744	0.923077	0.613035	-0.0175398	-0.853017
23	37	0.589744	0.948718	0.688166	-0.0388604	0.167572
23	38	0.589744	0.974359	0.856976	-0.0147505	-0.306401
23	39	0.589744	1	1	0	0
24	0	0.615385	0	0	0	-0.257617
24	1	0.615385	0.025641	-0.0152213	-0.000221078	-0.257617
24	2	0.615385	0.0512821	-0.0297128	-0.00295502	-0.290538
24	3	0.615385	0.0769231	-0.0409729	-0.00363043	-0.224308
24	4	0.615385	0.102564	-0.0549202	-0.00660024	-0.320102
24	5	0.615385	0.128205	-0.0634753	-0.011008	-0.233166
24	6	0.615385	0.153846	-0.0760005	-0.0117276	-0.276435
24	7	0.615385	0.179487	-0.0852103	-0.0198661	-0.315703
24	8	0.615385	0.205128	-0.0939232	-0.0201668	-0.178546
24	9	0.615385	0.230769	-0.106536	-0.0281014	-0.405213
24	10	0.615385	0.25641	-0.110854	-0.0325497	-0.126915
24	11	0.615385	0.282051	-0.12609	-0.0358806	-0.393996
24	12	0.615385	0.307692	-0.129062	-0.0469814	-0.207139
24	13	0.615385	0.333333	-0.1424	-0.0455618	-0.246013
24	14	0.615385	0.358974	-0.149186	-0.060183	-0.390133
24	15	0.615385	0.384615	-0.155292	-0.0593877	-0.0574114
24	16	0.615385	0.410256	-0.169171	-0.0701407	-0.528885
24	17	0.615385	0.435897	-0.166001	-0.0768681	0.00276549
24	18	0.615385	0.461538	-0.184539	-0.077846	-0.469924
24	19	0.615385	0.487179	-0.175934	-0.0941493	-0.166429
24	20	0.615385	0.512821	-0.189886	-0.0864353	-0.194432
24	21	0.615385	0.538462	-0.184617	-0.106046	-0.488593
24	22	0.615385	0.564103	-0.180902	-0.0982174	0.129805
24	23	0.615385	0.589744	-0.187269	-0.109355	-0.729458
24	24	0.615385	0.615385	-0.156069	-0.11173	0.242955
24	25	0.615385	0.641026	-0.17307	-0.105112	-0.652811
24	26	0.615385	0.666667	-0.117029	-0.121057	-0.0135186
24	27	0.615385	0.692308	-0.126335	-0.0979385	-0.219225
24	28	0.615385	0.717949	-0.0659029	-0.118656	-0.535337
24	29	0.615385	0.74359	-0.0327111	-0.0921594	0.326734
24	30	0.615385	0.769231	0.00188387	-0.101152	-0.976986
24	31	0.615385	0.794872	0.111186	-0.0869781	0.607438
24	32	0.615385	0.820513	0.105998	-0.0742223	-1.01857
24	33	0.615385	0.846154	0.293009	-0.0759795	0.450324
24	34	0.615385	0.871795	0.277662	-0.0496157	-0.693423
24	35	0.615385	0.897436	0.495663	-0.0552609	0.0819183
24	36	0.615385	0.923077	0.532208	-0.0337533	-0.361108
24	37	0.615385	0.948718	0.722262	-0.0328868	-0.153564
24	38	0.615385	0.974359	0.841227	-0.0272442	-0.26722
24	39	0.615385	1	1	0	0
25	0	0.641026	0	0	0	-0.326518
25	1	0.641026	0.025641	-0.0143957	-0.00180795	-0.326518
25	2	0.641026	0.0512821	-0.0271804	-0.00136578	-0.292313
25	3	0.641026	0.0769231	-0.0397864	-0.00569702	-0.385219
25	4	0.641026	0.102564	-0.049917	-0.00799067	-0.257861
25	5	0.641026	0.128205	-0.0616535	-0.0104824	-0.389811
25	6	0.641026	0.153846	-0.0703971	-0.0182097	-0.310409
25	7	0.641026	0.179487	-0.0807886	-0.017899	-0.293015
25	8	0.641026	0.205128	-0.0899897	-0.0288533	-0.438068
25	9	0.641026	0.230769	-0.0981947	-0.0300552	-0.169357
25	10	0.641026	0.25641	-0.108972	-0.0383088	-0.520785
25	11	0.641026	0.282051	-0.115108	-0.0465785	-0.155408
25	12	0.641026	0.307692	-0.126838	-0.04806	-0.44215
25	13	0.641026	0.333333	-0.13247	-0.0642501	-0.31448
25	14	0.641026	0.358974	-0.142863	-0.0613393	-0.214762
25	15	0.641026	0.384615	-0.150269	-0.0793578	-0.553376
25	16	0.641026	0.410256	-0.156487	-0.0799834	0.000521608
25	17	0.641026	0.435897	-0.167002	-0.0905874	-0.673303
25	18	0.641026	0.461538	-0.167411	-0.102163	0.00664437
25	19	0.641026	0.487179	-0.179418	-0.0999206	-0.520481
25	20	0.641026	0.512821	-0.175323	-0.122741	-0.271794
25	21	0.641026	0.538462	-0.182888	-0.110856	-0.121082
25	22	0.641026	0.564103	-0.178768	-0.135858	-0.70241
25	23	0.641026	0.589744	-0.172597	-0.125341	0.298235
25	24	0.641026	0.615385	-0.172992	-0.137957	-0.993078
25	25	0.641026	0.641026	-0.145278	-0.141322	0.423026
25	26	0.641026	0.666667	-0.148017	-0.12966	-0.854985
25	27	0.641026	0.692308	-0.100099	-0.152215	0.0435112
25	28	0.641026	0.717949	-0.0896325	-0.115678	-0.204307
25	29	0.641026	0.74359	-0.0362531	-0.149011	-0.765533
25	30	0.641026	0.769231	0.0147786	-0.102349	0.707308
25	31	0.641026	0.794872	0.0540086	-0.12546	-1.59563
25	32	0.641026	0.820513	0.167959	-0.092997	1.36017
25	33	0.641026	0.846154	0.19138	-0.0848932	-1.90443
25	34	0.641026	0.871795	0.360497	-0.0837203	1.29931
25	35	0.641026	0.897436	0.400345	-0.0430857	-1.45133
25	36	0.641026	0.923077	0.583417	-0.0658624	0.57597
25	37	0.641026	0.948718	0.681325	-0.0200703	-0.634598
25	38	0.641026	0.974359	0.847541	-0.0416112	-0.177134
25	39	0.641026	1	1	0	0
26	0	0.666667	0	0	0	-0.373343
26	1	0.666667	0.025641	-0.0132361	-0.000273835	-0.373343
26	2	0.666667	0.0512821	-0.0251948	-0.00399248	-0.41625
26	3	0.666667	0.0769231	-0.0365829	-0.00454333	-0.325495
26	4	0.666667	0.102564	-0.0467886	-0.00899058	-0.46449
26	5	0.666667	0.128205	-0.0566885	-0.0142131	-0.323649
26	6	0.666667	0.153846	-0.0662761	-0.0156935	-0.420639
26	7	0.666667	0.179487	-0.074681	-0.0263422	-0.422608
26	8	0.666667	0.205128	-0.0844182	-0.0265012	-0.291704
26	9	0.666667	0.230769	-0.0917734	-0.0381019	-0.552466
26	10	0.666667	0.25641	-0.101412	-0.042657	-0.196385
26	11	0.666667	0.282051	-0.108941	-0.0492673	-0.575536
26	12	0.666667	0.307692	-0.117317	-0.062373	-0.255935
26	13	0.666667	0.333333	-0.126352	-0.0624019	-0.420569
26	14	0.666667	0.358974	-0.132489	-0.0818888	-0.469276
26	15	0.666667	0.384615	-0.142983	-0.0804303	-0.167691
26	16	0.666667	0.410256	-0.147433	-0.0982812	-0.68832
26	17	0.666667	0.435897	-0.156927	-0.103756	-0.00660258
26	18	0.666667	0.461538	-0.161791	-0.111459	-0.716842
26	19	0.666667	0.487179	-0.16634	-0.129178	-0.101849
26	20	0.666667	0.512821	-0.173086	-0.123843	-0.455292
26	21	0.666667	0.538462	-0.170088	-0.151069	-0.464662
26	22	0.666667	0.564103	-0.176305	-0.138276	0.00816412
26	23	0.666667	0.589744	-0.166899	-0.163709	-0.910632
26	24	0.666667	0.615385	-0.164992	-0.155596	0.409761
26	25	0.666667	0.641026	-0.15294	-0.16356	-1.12383
26	26	0.666667	0.666667	-0.133396	-0.17276	0.421637
26	27	0.666667	0.692308	-0.119591	-0.15111	-0.811239
26	28	0.666667	0.717949	-0.0778057	-0.181995	-0.161058
26	29	0.666667	0.74359	-0.0539499	-0.13182	0.0856655
26	30	0.666667	0.769231	0.00537017	-0.17232	-1.20741
26	31	0.666667	0.794872	0.0567169	-0.114326	1.21169
26	32	0.666667	0.820513	0.124922	-0.135923	-2.15459
26	33	0.666667	0.846154	0.218807	-0.103623	1.85413
26	34	0.666667	0.871795	0.297355	-0.0794461	-2.27751
26	35	0.666667	0.897436	0.430567	-0.0924683	1.44865
26	36	0.666667	0.923077	0.536506	-0.0302715	-1.40209
26	37	0.666667	0.948718	0.689882	-0.0652878	0.332527
26	38	0.666667	0.974359	0.835769	-0.0225587	-0.453977
26	39	0.666667	1	1	0	0
27	0	0.692308	0	0	0	-0.443935
27	1	0.692308	0.025641	-0.0118541	-0.00191042	-0.443935
27	2	0.692308	0.0512821	-0.0233168	-0.00198195	-0.415958
27	3	0.692308	0.0769231	-0.0326677	-0.00672159	-0.498781
27	4	0.692308	0.102564	-0.0435515	-0.00953588	-0.383112
27	5	0.692308	0.128205	-0.0514204	-0.0132958	-0.510186
27	6	0.692308	0.153846	-0.0608136	-0.0213341	-0.422997
27	7	0.692308	0.179487	-0.0694725	-0.0229262	-0.431197
27	8	0.692308	0.205128	-0.0760597	-0.0345802	-0.532811
27	9	0.692308	0.230769	-0.0868324	-0.0374665	-0.319033
27	10	0.692308	0.25641	-0.0911176	-0.0477544	-0.61434
27	11	0.692308	0.282051	-0.10262	-0.0567553	-0.288768
27	12	0.692308	0.307692	-0.107573	-0.06191	-0.565518
27	13	0.692308	0.333333	-0.116362	-0.0782755	-0.402194
27	14	0.692308	0.358974	-0.125349	-0.0795462	-0.382837
27	15	0.692308	0.384615	-0.128903	-0.0989794	-0.599265
27	16	0.692308	0.410256	-0.142238	-0.102195	-0.180677
27	17	0.692308	0.435897	-0.141818	-0.117344	-0.730449
27	18	0.692308	0.461538	-0.154976	-0.128767	-0.11641
27	19	0.692308	0.487179	-0.155451	-0.133949	-0.657727
27	20	0.692308	0.512821	-0.161087	-0.155574	-0.283454
27	21	0.692308	0.538462	-0.166994	-0.150523	-0.350485
27	22	0.692308	0.564103	-0.159772	-0.177462	-0.638151
27	23	0.692308	0.589744	-0.170034	-0.168441	0.0710084
27	24	0.692308	0.615385	-0.150648	-0.189225	-0.987344
27	25	0.692308	0.641026	-0.156021	-0.187153	0.355293
27	26	0.692308	0.666667	-0.130913	-0.187321	-1.04343
27	27	0.692308	0.692308	-0.116801	-0.202449	0.213508
27	28	0.692308	0.717949	-0.092746	-0.172179	-0.564674
27	29	0.692308	0.74359	-0.0463495	-0.205201	-0.49417
27	30	0.692308	0.769231	-0.0227767	-0.14988	0.420465
27	31	0.692308	0.794872	0.0601032	-0.183482	-1.52688
27	32	0.692308	0.820513	0.0953371	-0.129509	1.43041
27	33	0.692308	0.846154	0.209315	-0.131963	-2.21032
27	34	0.692308	0.871795	0.275243	-0.113605	1.69588
27	35	0.692308	0.897436	0.411573	-0.066391	-1.89758
27	36	0.692308	0.923077	0.521616	-0.0903185	0.893807
27	37	0.692308	0.948718	0.67565	-0.0239373	-0.83729
27	38	0.692308	0.974359	0.828541	-0.053558	-0.173982
27	39	0.692308	1	1	0	0
28	0	0.717949	0	0	0	-0.496571
28	1	0.717949	0.025641	-0.0107424	-0.000769572	-0.496571
28	2	0.717949	0.0512821	-0.0200448	-0.00385224	-0.522917
28	3	0.717949	0.0769231	-0.0306887	-0.00558553	-0.472482
28	4	0.717949	0.102564	-0.0375171	-0.0101871	-0.555158
28	5	0.717949	0.128205	-0.0478353	-0.0154661	-0.471072
28	6	0.717949	0.153846	-0.0543888	-0.0192028	-0.534082
28	7	0.717949	0.179487	-0.0620984	-0.0284772	-0.526418
28	8	0.717949	0.205128	-0.0713131	-0.0321629	-0.461726
28	9	0.717949	0.230769	-0.0750215	-0.0428991	-0.600279
28	10	0.717949	0.25641	-0.0872739	-0.049695	-0.403678
28	11	0.717949	0.282051	-0.0890387	-0.0585752	-0.616943
28	12	0.717949	0.307692	-0.100864	-0.0707526	-0.425755
28	13	0.717949	0.333333	-0.105548	-0.0767924	-0.537225
28	14	0.717949	0.358974	-0.112064	-0.093325	-0.529643
28	15	0.717949	0.384615	-0.123403	-0.0988502	-0.39773
28	16	0.717949	0.410256	-0.122738	-0.1158	-0.64595
28	17	0.717949	0.435897	-0.139192	-0.12474	-0.287196
28	18	0.717949	0.461538	-0.135097	-0.137576	-0.68001
28	19	0.717949	0.487179	-0.14919	-0.152787	-0.290707
28	20	0.717949	0.512821	-0.149144	-0.158724	-0.567329
28	21	0.717949	0.538462	-0.151419	-0.179898	-0.441304
28	22	0.717949	0.564103	-0.160844	-0.179411	-0.312547
28	23	0.717949	0.589744	-0.146005	-0.201807	-0.688828
28	24	0.717949	0.615385	-0.162146	-0.199369	-0.0138325
28	25	0.717949	0.641026	-0.133304	-0.213592	-0.884759
28	26	0.717949	0.666667	-0.142825	-0.216798	0.137456
28	27	0.717949	0.692308	-0.110738	-0.211351	-0.812211
28	28	0.717949	0.717949	-0.0932098	-0.226426	-0.070508
28	29	0.717949	0.74359	-0.0696369	-0.195025	-0.313749
28	30	0.717949	0.769231	-0.00629749	-0.218488	-0.689018
28	31	0.717949	0.794872	0.00661609	-0.169899	0.494167
28	32	0.717949	0.820513	0.122194	-0.182716	-1.41098
28	33	0.717949	0.846154	0.140781	-0.142662	1.10928
28	34	0.717949	0.871795	0.296663	-0.1203	-1.64243
28	35	0.717949	0.897436	0.352876	-0.112413	0.961552
28	36	0.717949	0.923077	0.525975	-0.0562279	-1.08969
28	37	0.717949	0.948718	0.645874	-0.0708194	0.164916
28	38	0.717949	0.974359	0.823697	-0.031964	-0.43003
28	39	0.717949	1	1	0	0
29	0	0.74359	0	0	0	-0.562681
29	1	0.74359	0.025641	-0.00910618	-0.00145203	-0.562681
29	2	0.74359	0.0512821	-0.0185267	-0.00287089	-0.558857
29	3	0.74359	0.0769231	-0.0253502	-0.00646015	-0.58393
29	4	0.74359	0.102564	-0.035339	-0.0102039	-0.553802
29	5	0.74359	0.128205	-0.0404888	-0.0148625	-0.590349
29	6	0.74359	0.153846	-0.0493302	-0.0214166	-0.567614
29	7	0.74359	0.179487	-0.0558872	-0.0267394	-0.569622
29	8	0.74359	0.205128	-0.0609808	-0.0354492	-0.597513
29	9	0.74359	0.230769	-0.0712337	-0.0424404	-0.540158
29	10	0.74359	0.25641	-0.0724884	-0.0518835	-0.615362
29	11	0.74359	0.282051	-0.0849478	-0.0616652	-0.53088
29	12	0.74359	0.307692	-0.0861968	-0.0710428	-0.599101
29	13	0.74359	0.333333	-0.0960004	-0.0836275	-0.550858
29	14	0.74359	0.358974	-0.102545	-0.093301	-0.552598
29	15	0.74359	0.384615	-0.105345	-0.107643	-0.584697
29	16	0.74359	0.410256	-0.119278	-0.118487	-0.496522
29	17	0.74359	0.435897	-0.115468	-0.133191	-0.609116
29	18	0.74359	0.461538	-0.132614	-0.145904	-0.452531
29	19	0.74359	0.487179	-0.128229	-0.159435	-0.602052
29	20	0.74359	0.512821	-0.139453	-0.174447	-0.442515
29	21	0.74359	0.538462	-0.142487	-0.185008	-0.538882
29	22	0.74359	0.564103	-0.138849	-0.202111	-0.489104
29	23	0.74359	0.589744	-0.152892	-0.208406	-0.40311
29	24	0.74359	0.615385	-0.13156	-0.225182	-0.589234
29	25	0.74359	0.641026	-0.15038	-0.228124	-0.226755
29	26	0.74359	0.666667	-0.117774	-0.238371	-0.671065
29	27	0.74359	0.692308	-0.124105	-0.241493	-0.12055
29	28	0.74359	0.717949	-0.0936968	-0.236776	-0.598232
29	29	0.74359	0.74359	-0.0640692	-0.24269	-0.22064
29	30	0.74359	0.769231	-0.0477069	-0.218757	-0.279863
29	31	0.74359	0.794872	0.0368216	-0.222744	-0.535962
29	32	0.74359	0.820513	0.0421981	-0.18688	0.16327
29	33	0.74359	0.846154	0.18314	-0.175366	-0.830264
29	34	0.74359	0.871795	0.20486	-0.144744	0.384362
29	35	0.74359	0.897436	0.381566	-0.108509	-0.781333
29	36	0.74359	0.923077	0.461143	-0.0941895	0.148799
29	37	0.74359	0.948718	0.647608	-0.0500764	-0.432475
29	38	0.74359	0.974359	0.804683	-0.0493878	-0.282734
29	39	0.74359	1	1	0	0
30	0	0.769231	0	0	0	-0.624913
30	1	0.769231	0.025641	-0.00800098	-0.00128612	-0.624913
30	2	0.769231	0.0512821	-0.0150447	-0.00297129	-0.625926
30	3	0.769231	0.0769231	-0.0235965	-0.00617864	-0.637945
30	4	0.769231	0.102564	-0.0285813	-0.00996129	-0.626721
30	5	0.769231	0.128205	-0.0372671	-0.0149062	-0.645657
30	6	0.769231	0.153846	-0.041897	-0.020799	-0.630614
30	7	0.769231	0.179487	-0.0484374	-0.0270375	-0.641429
30	8	0.769231	0.205128	-0.0555373	-0.0350914	-0.643225
30	9	0.769231	0.230769	-0.0583018	-0.0426476	-0.624274
30	10	0.769231	0.25641	-0.0685967	-0.0523408	-0.657596
30	11	0.769231	0.282051	-0.069113	-0.0619325	-0.608987
30	12	0.769231	0.307692	-0.0797502	-0.0723032	-0.65257
30	13	0.769231	0.333333	-0.0823931	-0.0845952	-0.615738
30	14	0.769231	0.358974	-0.0888649	-0.0953237	-0.615095
30	15	0.769231	0.384615	-0.0975371	-0.109702	-0.641669
30	16	0.769231	0.410256	-0.0975321	-0.121866	-0.565217
30	17	0.769231	0.435897	-0.111933	-0.136343	-0.64956
30	18	0.769231	0.461538	-0.10793	-0.151429	-0.546445
30	19	0.769231	0.487179	-0.122455	-0.164303	-0.599377
30	20	0.769231	0.512821	-0.120829	-0.181976	-0.578741
30	21	0.769231	0.538462	-0.127124	-0.193631	-0.498228
30	22	0.769231	0.564103	-0.133946	-0.210601	-0.621177
30	23	0.769231	0.589744	-0.12568	-0.223064	-0.411481
30	24	0.769231	0.615385	-0.141344	-0.234716	-0.59431
30	25	0.769231	0.641026	-0.118603	-0.248626	-0.408714
30	26	0.769231	0.666667	-0.134037	-0.252224	-0.455069
30	27	0.769231	0.692308	-0.104731	-0.263894	-0.488158
30	28	0.769231	0.717949	-0.101626	-0.260054	-0.253375
30	29	0.769231	0.74359	-0.0776195	-0.262114	-0.560826
30	30	0.769231	0.769231	-0.0342945	-0.252479	-0.100174
30	31	0.769231	0.794872	-0.0212624	-0.238816	-0.531504
30	32	0.769231	0.820513	0.0763565	-0.222215	-0.0610103
30	33	0.769231	0.846154	0.0917605	-0.193333	-0.407832
30	34	0.769231	0.871795	0.239657	-0.166613	-0.0937249
30	35	0.769231	0.897436	0.293326	-0.130145	-0.298937
30	36	0.769231	0.923077	0.471783	-0.0970692	-0.13855
30	37	0.769231	0.948718	0.600672	-0.0641042	-0.268712
30	38	0.769231	0.974359	0.797299	-0.0462325	-0.277362
30	39	0.769231	1	1	0	0
31	0	0.794872	0	0	0	-0.686081
31	1	0.794872	0.025641	-0.00651361	-0.000842518	-0.686081
31	2	0.794872	0.0512821	-0.0133932	-0.00328769	-0.703442
31	3	0.794872	0.0769231	-0.0187473	-0.00529763	-0.67402
31	4	0.794872	0.102564	-0.0260634	-0.00965909	-0.727355
31	5	0.794872	0.128205	-0.0301692	-0.0144033	-0.670282
31	6	0.794872	0.153846	-0.0368447	-0.0192076	-0.722465
31	7	0.794872	0.179487	-0.0415377	-0.0273302	-0.699892
31	8	0.794872	0.205128	-0.0459234	-0.0325435	-0.679164
31	9	0.794872	0.230769	-0.0528571	-0.0429752	-0.75116
31	10	0.794872	0.25641	-0.0547129	-0.0503864	-0.629983
31	11	0.794872	0.282051	-0.0633442	-0.0607656	-0.774537
31	12	0.794872	0.307692	-0.0648235	-0.0725482	-0.628719
31	13	0.794872	0.333333	-0.072444	-0.0813765	-0.724588
31	14	0.794872	0.358974	-0.07681	-0.0976228	-0.695796
31	15	0.794872	0.384615	-0.0806676	-0.106267	-0.613819
31	16	0.794872	0.410256	-0.08967	-0.12394	-0.780696
31	17	0.794872	0.435897	-0.0893936	-0.136111	-0.520837
31	18	0.794872	0.461538	-0.101377	-0.150972	-0.789137
31	19	0.794872	0.487179	-0.0997936	-0.169458	-0.530441
31	20	0.794872	0.512821	-0.109929	-0.179647	-0.663701
31	21	0.794872	0.538462	-0.111585	-0.202929	-0.650962
31	22	0.794872	0.564103	-0.114123	-0.21088	-0.44847
31	23	0.794872	0.589744	-0.122097	-0.232747	-0.784622
31	24	0.794872	0.615385	-0.113514	-0.243291	-0.27406
31	25	0.794872	0.641026	-0.125855	-0.256087	-0.785864
31	26	0.794872	0.666667	-0.107367	-0.271827	-0.266972
31	27	0.794872	0.692308	-0.114871	-0.2708	-0.567281
31	28	0.794872	0.717949	-0.0923349	-0.288276	-0.452383
31	29	0.794872	0.74359	-0.0795103	-0.273679	-0.171964
31	30	0.794872	0.769231	-0.0586424	-0.283314	-0.724626
31	31	0.794872	0.794872	-0.00896518	-0.259066	0.239439
31	32	0.794872	0.820513	0.0140911	-0.249298	-0.904992
31	33	0.794872	0.846154	0.110346	-0.220264	0.47034
31	34	0.794872	0.871795	0.157427	-0.184559	-0.848265
31	35	0.794872	0.897436	0.299055	-0.155477	0.389349
31	36	0.794872	0.923077	0.405165	-0.101705	-0.558903
31	37	0.794872	0.948718	0.587226	-0.0780667	0.0412956
31	38	0.794872	0.974359	0.773524	-0.0409958	-0.322969
31	39	0.794872	1	1	0	0
32	0	0.820513	0	0	0	-0.755244
32	1	0.820513	0.025641	-0.00544556	-0.00136713	-0.755244
32	2	0.820513	0.0512821	-0.010731	-0.00189549	-0.741236
32	3	0.820513	0.0769231	-0.0163952	-0.00565667	-0.790233
32	4	0.820513	0.102564	-0.0207566	-0.00832281	-0.720338
32	5	0.820513	0.128205	-0.026269	-0.0127326	-0.807295
32	6	0.820513	0.153846	-0.0300659	-0.0192502	-0.735303
32	7	0.820513	0.179487	-0.0347621	-0.0231592	-0.770694
32	8	0.820513	0.205128	-0.0390807	-0.0333338	-0.798538
32	9	0.820513	0.230769	-0.0424368	-0.0381602	-0.697188
32	10	0.820513	0.25641	-0.0478449	-0.0493091	-0.862276
32	11	0.820513	0.282051	-0.0502694	-0.0582354	-0.654607
32	12	0.820513	0.307692	-0.0561844	-0.067329	-0.852096
32	13	0.820513	0.333333	-0.0590156	-0.0822717	-0.702004
32	14	0.820513	0.358974	-0.0641518	-0.0891051	-0.739898
32	15	0.820513	0.384615	-0.0687852	-0.108155	-0.821626
32	16	0.820513	0.410256	-0.0721554	-0.116434	-0.588306
32	17	0.820513	0.435897	-0.0790189	-0.134498	-0.911613
32	18	0.820513	0.461538	-0.0807007	-0.149265	-0.515057
32	19	0.820513	0.487179	-0.0887147	-0.161862	-0.859025
32	20	0.820513	0.512821	-0.0899819	-0.184987	-0.597077
32	21	0.820513	0.538462	-0.0966771	-0.192125	-0.638202
32	22	0.820513	0.564103	-0.0993858	-0.219531	-0.791673
32	23	0.820513	0.589744	-0.101668	-0.226244	-0.351908
32	24	0.820513	0.615385	-0.106818	-0.2492	-0.942495
32	25	0.820513	0.641026	-0.102302	-0.261915	-0.177295
32	26	0.820513	0.666667	-0.108019	-0.271578	-0.872591
32	27	0.820513	0.692308	-0.096238	-0.292534	-0.250874
32	28	0.820513	0.717949	-0.0961835	-0.284632	-0.504494
32	29	0.820513	0.74359	-0.0779224	-0.30782	-0.565996
32	30	0.820513	0.769231	-0.06151	-0.284622	0.0660885
32	31	0.820513	0.794872	-0.0346485	-0.295811	-0.944557
32	32	0.820513	0.820513	0.0107115	-0.264471	0.585476
32	33	0.820513	0.846154	0.0577672	-0.246761	-1.11072
32	34	0.820513	0.871795	0.144597	-0.215135	0.756045
32	35	0.820513	0.897436	0.236191	-0.161666	-0.874612
32	36	0.820513	0.923077	0.377799	-0.134378	0.447342
32	37	0.820513	0.948718	0.542376	-0.0669242	-0.390024
32	38	0.820513	0.974359	0.752562	-0.0509685	-0.106474
32	39	0.820513	1	1	0	0
33	0	0.846154	0	0	0	-0.815263
33	1	0.846154	0.025641	-0.00443128	-0.000347973	-0.815263
33	2	0.846154	0.0512821	-0.00888689	-0.00269349	-0.837322
33	3	0.846154	0.0769231	-0.0132941	-0.0035907	-0.791688
33	4	0.846154	0.102564	-0.017308	-0.00764409	-0.871841
33	5	0.846154	0.128205	-0.021144	-0.0116212	-0.781853
33	6	0.846154	0.153846	-0.0248154	-0.0153178	-0.865106
33	7	0.846154	0.179487	-0.0280789	-0.0235597	-0.82501
33	8	0.846154	0.205128	-0.0316546	-0.0269046	-0.80088
33	9	0.846154	0.230769	-0.0345895	-0.0377913	-0.90317
33	10	0.846154	0.25641	-0.0381524	-0.0435233	-0.727888
33	11	0.846154	0.282051	-0.0411729	-0.0535926	-0.943417
33	12	0.846154	0.307692	-0.0445779	-0.0649059	-0.723395
33	13	0.846154	0.333333	-0.048174	-0.0720614	-0.881478
33	14	0.846154	0.358974	-0.0512238	-0.0892561	-0.816886
33	15	0.846154	0.384615	-0.0556258	-0.0953419	-0.731506
33	16	0.846154	0.410256	-0.0584796	-0.114632	-0.9448
33	17	0.846154	0.435897	-0.0632298	-0.124701	-0.593178
33	18	0.846154	0.461538	-0.0666296	-0.140646	-0.985308
33	19	0.846154	0.487179	-0.0706211	-0.159072	-0.580251
33	20	0.846154	0.512821	-0.0754119	-0.168858	-0.852
33	21	0.846154	0.538462	-0.0776688	-0.19525	-0.724064
33	22	0.846154	0.564103	-0.0837012	-0.201348	-0.572892
33	23	0.846154	0.589744	-0.0842834	-0.229428	-0.928016
33	24	0.846154	0.615385	-0.089594	-0.238351	-0.291956
33	25	0.846154	0.641026	-0.0895302	-0.258704	-1.01072
33	26	0.846154	0.666667	-0.0906281	-0.276303	-0.187304
33	27	0.846154	0.692308	-0.0904202	-0.281261	-0.814889
33	28	0.846154	0.717949	-0.0832579	-0.307111	-0.352751
33	29	0.846154	0.74359	-0.0806248	-0.294792	-0.321022
33	30	0.846154	0.769231	-0.0605504	-0.318734	-0.709066
33	31	0.846154	0.794872	-0.0482869	-0.293683	0.298219
33	32	0.846154	0.820513	-0.00756378	-0.29722	-1.00542
33	33	0.846154	0.846154	0.0287848	-0.266652	0.730613
33	34	0.846154	0.871795	0.105277	-0.231924	-0.95594
33	35	0.846154	0.897436	0.190553	-0.199704	0.707073
33	36	0.846154	0.923077	0.328111	-0.128557	-0.51437
33	37	0.846154	0.948718	0.496725	-0.0953146	0.267063
33	38	0.846154	0.974359	0.723353	-0.0348121	-0.143304
33	39	0.846154	1	1	0	0
34	0	0.871795	0	0	0	-0.88538
34	1	0.871795	0.025641	-0.00361534	-0.000845796	-0.88538
34	2	0.871795	0.0512821	-0.00749896	-0.000822586	-0.872728
34	3	0.871795	0.0769231	-0.0105349	-0.00376	-0.917267
34	4	0.871795	0.102564	-0.0143297	-0.00548051	-0.851732
34	5	0.871795	0.128205	-0.0166166	-0.00908984	-0.937139
34	6	0.871795	0.153846	-0.0198223	-0.0144429	-0.863566
34	7	0.871795	0.179487	-0.0223069	-0.0174978	-0.906756
34	8	0.871795	0.205128	-0.0243404	-0.0264245	-0.922897
34	9	0.871795	0.230769	-0.0278041	-0.0301425	-0.838178
34	10	0.871795	0.25641	-0.0287187	-0.0401372	-0.986642
34	11	0.871795	0.282051	-0.032881	-0.0475233	-0.793546
34	12	0.871795	0.307692	-0.0338507	-0.0556937	-0.984987
34	13	0.871795	0.333333	-0.0373708	-0.0687118	-0.829183
34	14	0.871795	0.358974	-0.0400889	-0.0747068	-0.887981
34	15	0.871795	0.384615	-0.0417102	-0.091949	-0.934317
34	16	0.871795	0.410256	-0.0469165	-0.0989818	-0.745125
34	17	0.871795	0.435897	-0.0469208	-0.116148	-1.02332
34	18	0.871795	0.461538	-0.0533106	-0.128902	-0.657331
34	19	0.871795	0.487179	-0.0538771	-0.141924	-0.994163
34	20	0.871795	0.512821	-0.0586059	-0.162812	-0.699393
34	21	0.871795	0.538462	-0.0623972	-0.171198	-0.809072
34	22	0.871795	0.564103	-0.0630835	-0.197778	-0.851867
34	23	0.871795	0.589744	-0.0708844	-0.205542	-0.536031
34	24	0.871795	0.615385	-0.0676034	-0.230969	-0.993285
34	25	0.871795	0.641026	-0.0767473	-0.244197	-0.319511
34	26	0.871795	0.666667	-0.0723094	-0.2605	-0.962517
34	27	0.871795	0.692308	-0.0770154	-0.282605	-0.292929
34	28	0.871795	0.717949	-0.0748931	-0.284887	-0.66062
34	29	0.871795	0.74359	-0.0679582	-0.311826	-0.477229
34	30	0.871795	0.769231	-0.0683761	-0.300663	-0.138658
34	31	0.871795	0.794872	-0.0422735	-0.318856	-0.726466
34	32	0.871795	0.820513	-0.0370323	-0.298381	0.388663
34	33	0.871795	0.846154	0.0179127	-0.288104	-0.784395
34	34	0.871795	0.871795	0.0519506	-0.259682	0.648529
34	35	0.871795	0.897436	0.154299	-0.206845	-0.486549
34	36	0.871795	0.923077	0.261114	-0.165617	0.514914
34	37	0.871795	0.948718	0.447744	-0.0852507	-0.0374758
34	38	0.871795	0.974359	0.682506	-0.0400481	0.144278
34	39	0.871795	1	1	0	0
35	0	0.897436	0	0	0	-0.947294
35	1	0.897436	0.025641	-0.00324667	8.60301e-05	-0.947294
35	2	0.897436	0.0512821	-0.00598998	-0.00111761	-0.960361
35	3	0.897436	0.0769231	-0.00923918	-0.0014939	-0.93373
35	4	0.897436	0.102564	-0.0106899	-0.00430115	-0.986699
35	5	0.897436	0.128205	-0.0137841	-0.00703185	-0.927162
35	6	0.897436	0.153846	-0.0148614	-0.0100579	-0.988815
35	7	0.897436	0.179487	-0.0169826	-0.0160393	-0.954724
35	8	0.897436	0.205128	-0.0191157	-0.0190374	-0.950831
35	9	0.897436	0.230769	-0.0195013	-0.0272677	-1.00778
35	10	0.897436	0.25641	-0.0232149	-0.0319405	-0.901271
35	11	0.897436	0.282051	-0.022445	-0.0401129	-1.03957
35	12	0.897436	0.307692	-0.0265484	-0.0486602	-0.890545
35	13	0.897436	0.333333	-0.0266871	-0.0552626	-1.00557
35	14	0.897436	0.358974	-0.029016	-0.0681592	-0.941579
35	15	0.897436	0.384615	-0.0321352	-0.0741974	-0.908573
35	16	0.897436	0.410256	-0.0315069	-0.0893224	-1.01951
35	17	0.897436	0.435897	-0.037697	-0.0979963	-0.80568
35	18	0.897436	0.461538	-0.0354493	-0.111997	-1.04961
35	19	0.897436	0.487179	-0.0421195	-0.126426	-0.768293
35	20	0.897436	0.512821	-0.0417159	-0.137289	-0.970892
35	21	0.897436	0.538462	-0.0450713	-0.157959	-0.82493
35	22	0.897436	0.564103	-0.0497294	-0.166829	-0.785188
35	23	0.897436	0.589744	-0.047548	-0.190568	-0.928191
35	24	0.897436	0.615385	-0.0574387	-0.20142	-0.566827
35	25	0.897436	0.641026	-0.0511577	-0.22261	-0.969598
35	26	0.897436	0.666667	-0.062128	-0.239613	-0.4229
35	27	0.897436	0.692308	-0.0565437	-0.253037	-0.838971
35	28	0.897436	0.717949	-0.0612658	-0.276633	-0.419819
35	29	0.897436	0.74359	-0.0613395	-0.280216	-0.501414
35	30	0.897436	0.769231	-0.0519665	-0.303739	-0.513972
35	31	0.897436	0.794872	-0.0572517	-0.298605	-0.0458916
35	32	0.897436	0.820513	-0.0267823	-0.307627	-0.543247
35	33	0.897436	0.846154	-0.0239728	-0.293298	0.346179
35	34	0.897436	0.871795	0.0385193	-0.269535	-0.332555
35	35	0.897436	0.897436	0.0855449	-0.236687	0.522944
35	36	0.897436	0.923077	0.211742	-0.169365	0.0933845
35	37	0.897436	0.948718	0.372918	-0.107573	0.463555
35	38	0.897436	0.974359	0.634736	-0.0232296	0.345973
35	39	0.897436	1	1	0	0
36	0	0.923077	0	0	0	-1.01326
36	1	0.923077	0.025641	-0.00302875	6.92576e-05	-1.01326
36	2	0.923077	0.0512821	-0.00571859	0.000363368	-1.01059
36	3	0.923077	0.0769231	-0.00707219	-0.000973706	-1.03024
36	4	0.923077	0.102564	-0.00951196	-0.00201956	-1.0051
36	5	0.923077	0.128205	-0.00978895	-0.0044456	-1.04645
36	6	0.923077	0.153846	-0.0119049	-0.00771072	-1.01201
36	7	0.923077	0.179487	-0.0125118	-0.0103964	-1.04009
36	8	0.923077	0.205128	-0.0133094	-0.0158759	-1.0399
36	9	0.923077	0.230769	-0.0154551	-0.0191712	-1.01236
36	10	0.923077	0.25641	-0.0145427	-0.0257443	-1.07155
36	11	0.923077	0.282051	-0.0180259	-0.0309933	-0.989024
36	12	0.923077	0.307692	-0.0166381	-0.0372922	-1.07537
36	13	0.923077	0.333333	-0.0196525	-0.0455418	-0.996221
36	14	0.923077	0.358974	-0.020067	-0.0512775	-1.03427
36	15	0.923077	0.384615	-0.0205826	-0.0621659	-1.03308
36	16	0.923077	0.410256	-0.024262	-0.0686686	-0.964004
36	17	0.923077	0.435897	-0.0219701	-0.0805093	-1.06599
36	18	0.923077	0.461538	-0.0279814	-0.0899443	-0.904267
36	19	0.923077	0.487179	-0.0251236	-0.100958	-1.04974
36	20	0.923077	0.512821	-0.0302957	-0.114783	-0.888888
36	21	0.923077	0.538462	-0.0304875	-0.124542	-0.95941
36	22	0.923077	0.564103	-0.0314382	-0.142284	-0.91663
36	23	0.923077	0.589744	-0.0371076	-0.152333	-0.810708
36	24	0.923077	0.615385	-0.0328526	-0.171484	-0.941718
36	25	0.923077	0.641026	-0.0429655	-0.184581	-0.654694
36	26	0.923077	0.666667	-0.0362947	-0.201746	-0.892091
36	27	0.923077	0.692308	-0.04597	-0.219821	-0.545104
36	28	0.923077	0.717949	-0.042285	-0.232545	-0.71049
36	29	0.923077	0.74359	-0.0447747	-0.254082	-0.490062
36	30	0.923077	0.769231	-0.0481379	-0.261849	-0.397894
36	31	0.923077	0.794872	-0.0377308	-0.279892	-0.418643
36	32	0.923077	0.820513	-0.0447593	-0.281952	-0.0233775
36	33	0.923077	0.846154	-0.0163172	-0.283607	-0.206642
36	34	0.923077	0.871795	-0.00757969	-0.271996	0.326454
36	35	0.923077	0.897436	0.0561727	-0.23913	0.209564
36	36	0.923077	0.923077	0.133451	-0.191773	0.611189
36	37	0.923077	0.948718	0.300196	-0.11031	0.641686
36	38	0.923077	0.974359	0.564672	-0.0123037	0.773604
36	39	0.923077	1	1	0	0
37	0	0.948718	0	0	0	-1.07411
37	1	0.948718	0.025641	-0.00327648	0.000585852	-1.07411
37	2	0.948718	0.0512821	-0.00506969	0.000697427	-1.07917
37	3	0.948718	0.0769231	-0.00668858	0.000552352	-1.07814
37	4	0.948718	0.102564	-0.00690428	-0.000711646	-1.09423
37	5	0.948718	0.128205	-0.00841053	-0.00218008	-1.0829
37	6	0.948718	0.153846	-0.00822294	-0.00416746	-1.10389
37	7	0.948718	0.179487	-0.00926484	-0.00707591	-1.0942
37	8	0.948718	0.205128	-0.00982154	-0.00949182	-1.10075
37	9	0.948718	0.230769	-0.0096333	-0.0135571	-1.11105
37	10	0.948718	0.25641	-0.0115016	-0.0167779	-1.08988
37	11	0.948718	0.282051	-0.0102187	-0.0213699	-1.12203
37	12	0.948718	0.307692	-0.0126855	-0.0260341	-1.08331
37	13	0.948718	0.333333	-0.0116699	-0.0307047	-1.11451
37	14	0.948718	0.358974	-0.0131139	-0.0370877	-1.08788
37	15	0.948718	0.384615	-0.0140185	-0.0420524	-1.08576
37	16	0.948718	0.410256	-0.013251	-0.0497769	-1.09691
37	17	0.948718	0.435897	-0.0165767	-0.0558946	-1.04589
37	18	0.948718	0.461538	-0.01407	-0.0642024	-1.09258
37	19	0.948718	0.487179	-0.0184345	-0.0724569	-1.01017
37	20	0.948718	0.512821	-0.0163815	-0.0808199	-1.05654
37	21	0.948718	0.538462	-0.0191886	-0.091671	-0.98644
37	22	0.948718	0.564103	-0.0202014	-0.100311	-0.981235
37	23	0.948718	0.589744	-0.0193835	-0.113322	-0.965473
37	24	0.948718	0.615385	-0.0245893	-0.123284	-0.87465
37	25	0.948718	0.641026	-0.0203426	-0.137266	-0.919769
37	26	0.948718	0.666667	-0.0281108	-0.14987	-0.754241
37	27	0.948718	0.692308	-0.023387	-0.163535	-0.813352
37	28	0.948718	0.717949	-0.0297198	-0.17927	-0.628896
37	29	0.948718	0.74359	-0.0286539	-0.191982	-0.619477
37	30	0.948718	0.769231	-0.0293118	-0.209193	-0.475666
37	31	0.948718	0.794872	-0.0336475	-0.220646	-0.332967
37	32	0.948718	0.820513	-0.0260827	-0.2343	-0.229478
37	33	0.948718	0.846154	-0.0300818	-0.241159	0.0420748
37	34	0.948718	0.871795	-0.00937209	-0.240438	0.190603
37	35	0.948718	0.897436	0.0106329	-0.227571	0.522937
37	36	0.948718	0.923077	0.0777863	-0.188137	0.797275
37	37	0.948718	0.948718	0.205147	-0.119169	1.07049
37	38	0.948718	0.974359	0.471822	0.0091242	1.42031
37	39	0.948718	1	1	0	0
38	0	0.974359	0	0	0	-1.13802
38	1	0.974359	0.025641	-0.00435243	0.000677351	-1.13802
38	2	0.974359	0.0512821	-0.00600688	0.00113867	-1.14658
38	3	0.974359	0.0769231	-0.0065553	0.000905955	-1.15436
38	4	0.974359	0.102564	-0.00726084	0.000398602	-1.1602
38	5	0.974359	0.128205	-0.00712279	-0.000515956	-1.16819
38	6	0.974359	0.153846	-0.00779584	-0.00166161	-1.17092
38	7	0.974359	0.179487	-0.00768145	-0.00297342	-1.17772
38	8	0.974359	0.205128	-0.00796718	-0.00469174	-1.17967
38	9	0.974359	0.230769	-0.0084183	-0.00636789	-1.18239
38	10	0.974359	0.25641	-0.00802116	-0.00854584	-1.18569
38	11	0.974359	0.282051	-0.0090993	-0.0107093	-1.18289
38	12	0.974359	0.307692	-0.00833151	-0.0132209	-1.18684
38	13	0.974359	0.333333	-0.00944559	-0.0160144	-1.18012
38	14	0.974359	0.358974	-0.00912464	-0.0188399	-1.18101
38	15	0.974359	0.384615	-0.00944863	-0.0223093	-1.17373
38	16	0.974359	0.410256	-0.0102718	-0.0255964	-1.167
38	17	0.974359	0.435897	-0.00944883	-0.029676	-1.16136
38	18	0.974359	0.461538	-0.0113623	-0.0336882	-1.14449
38	19	0.974359	0.487179	-0.00993112	-0.0382877	-1.1389
38	20	0.974359	0.512821	-0.0120025	-0.0432819	-1.11288
38	21	0.974359	0.538462	-0.011197	-0.0484109	-1.10129
38	22	0.974359	0.564103	-0.012131	-0.0545199	-1.06971
38	23	0.974359	0.589744	-0.0131267	-0.0603757	-1.04329
38	24	0.974359	0.615385	-0.0121568	-0.0675606	-1.00884
38	25	0.974359	0.641026	-0.0151855	-0.0745171	-0.95945
38	26	0.974359	0.666667	-0.0128077	-0.0826376	-0.919041
38	27	0.974359	0.692308	-0.0167388	-0.0910958	-0.84198
38	28	0.974359	0.717949	-0.0146847	-0.100092	-0.783179
38	29	0.974359	0.74359	-0.0175507	-0.110209	-0.674936
38	30	0.974359	0.769231	-0.0176297	-0.120211	-0.57616
38	31	0.974359	0.794872	-0.0178912	-0.131535	-0.42388
38	32	0.974359	0.820513	-0.0198576	-0.142323	-0.255407
38	33	0.974359	0.846154	-0.0164943	-0.152853	-0.0200021
38	34	0.974359	0.871795	-0.0143723	-0.160999	0.265278
38	35	0.974359	0.897436	0.000875979	-0.162456	0.661801
38	36	0.974359	0.923077	0.0350919	-0.149519	1.14718
38	37	0.974359	0.948718	0.125669	-0.106425	1.75161
38	38	0.974359	0.974359	0.358443	0.030904	2.62774
38	39	0.974359	1	1	0	0
39	0	1	0	0	0	-1.13802
39	1	1	0.025641	0	0	-1.13802
39	2	1	0.0512821	0	0	-1.14658
39	3	1	0.0769231	0	0	-1.15436
39	4	1	0.102564	0	0	-1.1602
39	5	1	0.128205	0	0	-1.16819
39	6	1	0.153846	0	0	-1.17092
39	7	1	0.179487	0	0	-1.17772
39	8	1	0.205128	0	0	-1.17967
39	9	1	0.230769	0	0	-1.18239
39	10	1	0.25641	0	0	-1.18569
39	11	1	0.282051	0	0	-1.18289
39	12	1	0.307692	0	0	-1.18684
39	13	1	0.333333	0	0	-1.18012
39	14	1	0.358974	0	0	-1.18101
39	15	1	0.384615	0	0	-1.17373
39	16	1	0.410256	0	0	-1.167
39	17	1	0.435897	0	0	-1.16136
39	18	1	0.461538	0	0	-1.14449
39	19	1	0.487179	0	0	-1.1389
39	20	1	0.512821	0	0	-1.11288
39	21	1	0.538462	0	0	-1.10129
39	22	1	0.564103	0	0	-1.06971
39	23	1	0.589744	0	0	-1.04329
39	24	1	0.615385	0	0	-1.00884
39	25	1	0.641026	0	0	-0.95945
39	26	1	0.666667	0	0	-0.919041
39	27	1	0.692308	0	0	-0.84198
39	28	1	0.717949	0	0	-0.783179
39	29	1	0.74359	0	0	-0.674936
39	30	1	0.769231	0	0	-0.57616
39	31	1	0.794872	0	0	-0.42388
39	32	1	0.820513	0	0	-0.255407
39	33	1	0.846154	0	0	-0.0200021
39	34	1	0.871795	0	0	0.265278
39	35	1	0.897436	0	0	0.661801
39	36	1	0.923077	0	0	1.14718
39	37	1	0.948718	0	0	1.75161
39	38	1	0.974359	0	0	2.62774
39	39	1	1	1	0	0
