# i		j		x		y		u		v		p
# nx		ny		
# 40		40
# =================================
0	0	0	0	0	0	1.25936
0	1	0	0.025641	0	0	1.25936
0	2	0	0.0512821	0	0	1.26829
0	3	0	0.0769231	0	0	1.28677
0	4	0	0.102564	0	0	1.27197
0	5	0	0.128205	0	0	1.3175
0	6	0	0.153846	0	0	1.28282
0	7	0	0.179487	0	0	1.32762
0	8	0	0.205128	0	0	1.31958
0	9	0	0.230769	0	0	1.30998
0	10	0	0.25641	0	0	1.37431
0	11	0	0.282051	0	0	1.28757
0	12	0	0.307692	0	0	1.41091
0	13	0	0.333333	0	0	1.30012
0	14	0	0.358974	0	0	1.39298
0	15	0	0.384615	0	0	1.36719
0	16	0	0.410256	0	0	1.32491
0	17	0	0.435897	0	0	1.45432
0	18	0	0.461538	0	0	1.2654
0	19	0	0.487179	0	0	1.48234
0	20	0	0.512821	0	0	1.28227
0	21	0	0.538462	0	0	1.399
0	22	0	0.564103	0	0	1.37279
0	23	0	0.589744	0	0	1.25728
0	24	0	0.615385	0	0	1.42812
0	25	0	0.641026	0	0	1.18448
0	26	0	0.666667	0	0	1.31256
0	27	0	0.692308	0	0	1.2229
0	28	0	0.717949	0	0	1.03263
0	29	0	0.74359	0	0	1.21179
0	30	0	0.769231	0	0	0.792604
0	31	0	0.794872	0	0	0.896795
0	32	0	0.820513	0	0	0.733142
0	33	0	0.846154	0	0	0.203985
0	34	0	0.871795	0	0	0.581699
0	35	0	0.897436	0	0	-0.652148
0	36	0	0.923077	0	0	-0.25545
0	37	0	0.948718	0	0	-1.52096
0	38	0	0.974359	0	0	-2.08181
0	39	0	1	1	0	0
1	0	0.025641	0	0	0	1.25936
1	1	0.025641	0.025641	-0.00438976	-0.000847754	1.25936
1	2	0.025641	0.0512821	-0.00688493	-0.00209456	1.26829
1	3	0.025641	0.0769231	-0.00506888	-0.00132256	1.28677
1	4	0.025641	0.102564	-0.0102613	-0.00206151	1.27197
1	5	0.025641	0.128205	-0.00374824	-0.000866417	1.3175
1	6	0.025641	0.153846	-0.0115299	4.79723e-05	1.28282
1	7	0.025641	0.179487	-0.00548532	-0.000110616	1.32762
1	8	0.025641	0.205128	-0.00815525	0.00334309	1.31958
1	9	0.025641	0.230769	-0.0119303	0.00173141	1.30998
1	10	0.025641	0.25641	-0.00118294	0.0065359	1.37431
1	11	0.025641	0.282051	-0.0194464	0.00576249	1.28757
1	12	0.025641	0.307692	0.00327894	0.00881457	1.41091
1	13	0.025641	0.333333	-0.0204731	0.0120958	1.30012
1	14	0.025641	0.358974	-0.00207868	0.0107815	1.39298
1	15	0.025641	0.384615	-0.00999099	0.0191188	1.36719
1	16	0.025641	0.410256	-0.0182813	0.0146813	1.32491
1	17	0.025641	0.435897	0.00710916	0.0246259	1.45432
1	18	0.025641	0.461538	-0.0349221	0.0229956	1.2654
1	19	0.025641	0.487179	0.016041	0.0280813	1.48234
1	20	0.025641	0.512821	-0.0353838	0.0352713	1.28227
1	21	0.025641	0.538462	0.00342508	0.0318358	1.399
1	22	0.025641	0.564103	-0.0134387	0.047153	1.37279
1	23	0.025641	0.589744	-0.0271488	0.0407239	1.25728
1	24	0.025641	0.615385	0.0143914	0.0555687	1.42812
1	25	0.025641	0.641026	-0.0510839	0.0585603	1.18448
1	26	0.025641	0.666667	0.020232	0.0637081	1.31256
1	27	0.025641	0.692308	-0.0435865	0.0814352	1.2229
1	28	0.025641	0.717949	-0.00562765	0.0782503	1.03263
1	29	0.025641	0.74359	-0.0121402	0.0995519	1.21179
1	30	0.025641	0.769231	-0.0379015	0.103564	0.792604
1	31	0.025641	0.794872	0.00343087	0.112149	0.896795
1	32	0.025641	0.820513	-0.0384211	0.136106	0.733142
1	33	0.025641	0.846154	-0.0197644	0.131152	0.203985
1	34	0.025641	0.871795	-0.00130371	0.160614	0.581699
1	35	0.025641	0.897436	-0.0377903	0.156642	-0.652148
1	36	0.025641	0.923077	0.060839	0.149296	-0.25545
1	37	0.025641	0.948718	0.0866649	0.126187	-1.52096
1	38	0.025641	0.974359	0.353321	-0.0124273	-2.08181
1	39	0.025641	1	1	0	0
2	0	0.0512821	0	0	0	1.19669
2	1	0.0512821	0.025641	-0.00377265	-0.00173719	1.19669
2	2	0.0512821	0.0512821	-0.00400383	-0.000150641	1.22676
2	3	0.0512821	0.0769231	-0.0099994	-0.00406688	1.14173
2	4	0.0512821	0.102564	-0.00228085	0.000457186	1.328
2	5	0.0512821	0.128205	-0.0149085	-0.00112112	1.07614
2	6	0.0512821	0.153846	-0.0021423	-0.000185405	1.37441
2	7	0.0512821	0.179487	-0.0139623	0.00665562	1.13772
2	8	0.0512821	0.205128	-0.00950452	-0.000521024	1.24575
2	9	0.0512821	0.230769	-0.0044856	0.0151216	1.38177
2	10	0.0512821	0.25641	-0.023738	0.00414384	0.977417
2	11	0.0512821	0.282051	0.00781998	0.0191811	1.66652
2	12	0.0512821	0.307692	-0.0345852	0.0175232	0.802698
2	13	0.0512821	0.333333	0.00953193	0.0174843	1.70387
2	14	0.0512821	0.358974	-0.0278672	0.0371923	0.999912
2	15	0.0512821	0.384615	-0.0105693	0.015999	1.30037
2	16	0.0512821	0.410256	9.03858e-05	0.0536953	1.59912
2	17	0.0512821	0.435897	-0.0469884	0.0261145	0.634936
2	18	0.0512821	0.461538	0.0315369	0.0576641	2.1983
2	19	0.0512821	0.487179	-0.0719187	0.0545146	0.272121
2	20	0.0512821	0.512821	0.0347468	0.0503452	2.17801
2	21	0.0512821	0.538462	-0.0543526	0.0914707	0.717232
2	22	0.0512821	0.564103	-0.00975135	0.0480833	1.30086
2	23	0.0512821	0.589744	0.0038646	0.115334	1.78983
2	24	0.0512821	0.615385	-0.0808603	0.072999	0.170735
2	25	0.0512821	0.641026	0.0568099	0.116219	2.53157
2	26	0.0512821	0.666667	-0.119164	0.12801	-0.147138
2	27	0.0512821	0.692308	0.0516998	0.111301	2.05175
2	28	0.0512821	0.717949	-0.0830472	0.181273	0.694871
2	29	0.0512821	0.74359	-0.0175607	0.132358	0.66241
2	30	0.0512821	0.769231	-0.00697114	0.198237	1.62637
2	31	0.0512821	0.794872	-0.0901267	0.192069	-0.151642
2	32	0.0512821	0.820513	0.0291913	0.190154	1.17222
2	33	0.0512821	0.846154	-0.0906021	0.252372	0.484975
2	34	0.0512821	0.871795	0.00512634	0.19769	-0.611965
2	35	0.0512821	0.897436	-0.00404906	0.242709	1.29889
2	36	0.0512821	0.923077	0.0387395	0.200465	-1.80872
2	37	0.0512821	0.948718	0.205621	0.118922	0.407108
2	38	0.0512821	0.974359	0.439991	0.0429811	-1.39662
2	39	0.0512821	1	1	0	0
3	0	0.0769231	0	0	0	1.14336
3	1	0.0769231	0.025641	-0.00286944	0.000850924	1.14336
3	2	0.0769231	0.0512821	-0.00732675	-0.00467032	1.08065
3	3	0.0769231	0.0769231	-0.00404081	0.00312609	1.29422
3	4	0.0769231	0.102564	-0.0149091	-0.00420648	0.903845
3	5	0.0769231	0.128205	-0.00291908	0.0027096	1.47392
3	6	0.0769231	0.153846	-0.0194471	0.00565217	0.844018
3	7	0.0769231	0.179487	-0.00646571	-0.00113868	1.39352
3	8	0.0769231	0.205128	-0.0153238	0.0211536	1.15537
3	9	0.0769231	0.230769	-0.0196349	-0.00172847	0.910891
3	10	0.0769231	0.25641	-0.00206541	0.032254	1.78978
3	11	0.0769231	0.282051	-0.0381039	0.011328	0.298107
3	12	0.0769231	0.307692	0.00985422	0.0301592	2.25745
3	13	0.0769231	0.333333	-0.0461341	0.0419424	0.192457
3	14	0.0769231	0.358974	0.00255079	0.017691	1.9047
3	15	0.0769231	0.384615	-0.0276811	0.0782382	1.09346
3	16	0.0769231	0.410256	-0.0341107	0.0139333	0.559557
3	17	0.0769231	0.435897	0.013759	0.0964891	2.68833
3	18	0.0769231	0.461538	-0.0832996	0.0432485	-0.947988
3	19	0.0769231	0.487179	0.0466575	0.0815693	3.7027
3	20	0.0769231	0.512821	-0.100643	0.108312	-1.12012
3	21	0.0769231	0.538462	0.0283484	0.0485701	2.78835
3	22	0.0769231	0.564103	-0.0523661	0.173121	0.83603
3	23	0.0769231	0.589744	-0.0568551	0.043898	0.0186028
3	24	0.0769231	0.615385	0.0379801	0.19042	3.73639
3	25	0.0769231	0.641026	-0.159715	0.108708	-2.49918
3	26	0.0769231	0.666667	0.0965933	0.154502	4.96488
3	27	0.0769231	0.692308	-0.186143	0.220147	-2.2776
3	28	0.0769231	0.717949	0.0581309	0.11822	2.96548
3	29	0.0769231	0.74359	-0.0971357	0.29195	0.647531
3	30	0.0769231	0.769231	-0.0691462	0.151709	-0.585432
3	31	0.0769231	0.794872	0.0316946	0.272766	3.12452
3	32	0.0769231	0.820513	-0.177772	0.255827	-2.02913
3	33	0.0769231	0.846154	0.0961483	0.213717	2.25627
3	34	0.0769231	0.871795	-0.146719	0.31824	-0.239827
3	35	0.0769231	0.897436	0.106155	0.189925	-0.743447
3	36	0.0769231	0.923077	0.0637497	0.223067	1.44466
3	37	0.0769231	0.948718	0.275924	0.148961	-1.70431
3	38	0.0769231	0.974359	0.543435	0.0184703	0.286273
3	39	0.0769231	1	1	0	0
4	0	0.102564	0	0	0	1.06336
4	1	0.102564	0.025641	-0.00341449	-0.00288148	1.06336
4	2	0.102564	0.0512821	-0.00525623	0.00418861	1.16763
4	3	0.102564	0.0769231	-0.0109821	-0.00647648	0.859574
4	4	0.102564	0.102564	-0.0071308	0.00691751	1.45317
4	5	0.102564	0.128205	-0.0187925	0.000305888	0.611825
4	6	0.102564	0.153846	-0.00797256	0.00326449	1.59353
4	7	0.102564	0.179487	-0.0232952	0.0191801	0.729841
4	8	0.102564	0.205128	-0.0138009	-0.00354429	1.19081
4	9	0.102564	0.230769	-0.0191877	0.040573	1.46808
4	10	0.102564	0.25641	-0.0289062	0.000147286	0.245903
4	11	0.102564	0.282051	-0.00693822	0.0480379	2.48056
4	12	0.102564	0.307692	-0.0473238	0.0290727	-0.540933
4	13	0.102564	0.333333	0.00135943	0.0326038	2.79325
4	14	0.102564	0.358974	-0.0515622	0.0813231	-0.0946162
4	15	0.102564	0.384615	-0.013383	0.00850859	1.49855
4	16	0.102564	0.410256	-0.0272974	0.128253	2.01496
4	17	0.102564	0.435897	-0.0584516	0.0137302	-1.11842
4	18	0.102564	0.461538	0.0157772	0.130976	4.61138
4	19	0.102564	0.487179	-0.107321	0.0807877	-3.06589
4	20	0.102564	0.512821	0.0391097	0.0787843	5.22915
4	21	0.102564	0.538462	-0.107884	0.190623	-1.88885
4	22	0.102564	0.564103	-0.00380387	0.0179732	2.13981
4	23	0.102564	0.589744	-0.0359914	0.26633	2.70157
4	24	0.102564	0.615385	-0.1189	0.0347068	-3.2469
4	25	0.102564	0.641026	0.0640824	0.242456	7.46034
4	26	0.102564	0.666667	-0.22615	0.170326	-6.43561
4	27	0.102564	0.692308	0.106128	0.140825	7.8391
4	28	0.102564	0.717949	-0.211376	0.338734	-3.89517
4	29	0.102564	0.74359	0.0215623	0.0717572	2.56931
4	30	0.102564	0.769231	-0.0619388	0.39218	2.464
4	31	0.102564	0.794872	-0.15775	0.14138	-3.86249
4	32	0.102564	0.820513	0.110216	0.296964	6.47876
4	33	0.102564	0.846154	-0.263497	0.297327	-5.33665
4	34	0.102564	0.871795	0.205196	0.169618	4.48257
4	35	0.102564	0.897436	-0.130787	0.332159	-1.72301
4	36	0.102564	0.923077	0.280384	0.117518	0.070145
4	37	0.102564	0.948718	0.278528	0.151709	0.881931
4	38	0.102564	0.974359	0.622773	0.0675394	-0.64687
4	39	0.102564	1	1	0	0
5	0	0.128205	0	0	0	1.02004
5	1	0.128205	0.025641	-0.00366594	0.00241499	1.02004
5	2	0.128205	0.0512821	-0.00653665	-0.00537712	0.913032
5	3	0.128205	0.0769231	-0.0110396	0.00823419	1.26139
5	4	0.128205	0.102564	-0.0134325	-0.00472054	0.598807
5	5	0.128205	0.128205	-0.0148068	0.00973799	1.59594
5	6	0.128205	0.153846	-0.0226761	0.00987284	0.403856
5	7	0.128205	0.179487	-0.0151439	0.00289991	1.55575
5	8	0.128205	0.205128	-0.031212	0.036566	0.829748
5	9	0.128205	0.230769	-0.0187369	-0.00384327	0.746465
5	10	0.128205	0.25641	-0.0317527	0.0593633	1.99576
5	11	0.128205	0.282051	-0.0324143	0.009725	-0.546861
5	12	0.128205	0.307692	-0.0219239	0.057291	3.14216
5	13	0.128205	0.333333	-0.052027	0.0587666	-1.13869
5	14	0.128205	0.358974	-0.0128496	0.026506	2.85504
5	15	0.128205	0.384615	-0.0602854	0.129143	0.300182
5	16	0.128205	0.410256	-0.0253998	-0.00134002	0.289882
5	17	0.128205	0.435897	-0.0420518	0.172546	3.69801
5	18	0.128205	0.461538	-0.0677211	0.0296401	-3.33564
5	19	0.128205	0.487179	-0.00518459	0.141671	6.64412
5	20	0.128205	0.512821	-0.110934	0.145982	-4.6918
5	21	0.128205	0.538462	0.0118324	0.0456198	5.63853
5	22	0.128205	0.564103	-0.105	0.288807	-0.96079
5	23	0.128205	0.589744	-0.04034	-0.0239381	-0.540463
5	24	0.128205	0.615385	-0.0351469	0.340743	6.526
5	25	0.128205	0.641026	-0.158845	0.0507066	-8.04359
5	26	0.128205	0.666667	0.0522919	0.240477	11.8615
5	27	0.128205	0.692308	-0.242147	0.27222	-9.9088
5	28	0.128205	0.717949	0.0723359	0.0623455	9.21275
5	29	0.128205	0.74359	-0.180576	0.464489	-3.04686
5	30	0.128205	0.769231	-0.0466198	-0.0122199	-0.747639
5	31	0.128205	0.794872	0.00470099	0.447162	7.12965
5	32	0.128205	0.820513	-0.237679	0.130306	-9.52159
5	33	0.128205	0.846154	0.198305	0.247866	11.4693
5	34	0.128205	0.871795	-0.269645	0.333559	-9.39754
5	35	0.128205	0.897436	0.329105	0.0609456	6.99898
5	36	0.128205	0.923077	0.0290852	0.314737	-3.0462
5	37	0.128205	0.948718	0.496827	0.0227515	0.870827
5	38	0.128205	0.974359	0.623886	0.0916652	0.485199
5	39	0.128205	1	1	0	0
6	0	0.153846	0	0	0	0.936431
6	1	0.153846	0.025641	-0.00347274	-0.00177793	0.936431
6	2	0.153846	0.0512821	-0.0106577	0.00493064	1.01742
6	3	0.153846	0.0769231	-0.00821897	-0.0048912	0.754446
6	4	0.153846	0.102564	-0.0215796	0.0120077	1.32239
6	5	0.153846	0.128205	-0.0157828	0.000409613	0.413728
6	6	0.153846	0.153846	-0.0244224	0.0129337	1.62528
6	7	0.153846	0.179487	-0.0309593	0.021519	0.330177
6	8	0.153846	0.205128	-0.0193054	0.00485641	1.38225
6	9	0.153846	0.230769	-0.0482282	0.0533435	1.03408
6	10	0.153846	0.25641	-0.017598	0.00123942	0.261583
6	11	0.153846	0.282051	-0.0540975	0.0741067	2.45972
6	12	0.153846	0.307692	-0.0321424	0.0271628	-1.13948
6	13	0.153846	0.333333	-0.0408777	0.060953	3.45153
6	14	0.153846	0.358974	-0.0616449	0.0942847	-1.24382
6	15	0.153846	0.384615	-0.0204303	0.0196153	2.33826
6	16	0.153846	0.410256	-0.085725	0.173024	1.25259
6	17	0.153846	0.435897	-0.0208197	0.000452057	-1.32065
6	18	0.153846	0.461538	-0.0799284	0.198502	5.46152
6	19	0.153846	0.487179	-0.0580393	0.0685025	-5.15731
6	20	0.153846	0.512821	-0.0420093	0.126376	7.7571
6	21	0.153846	0.538462	-0.107987	0.227986	-4.85681
6	22	0.153846	0.564103	-0.011193	-0.000345622	4.24436
6	23	0.153846	0.589744	-0.122771	0.374257	1.80292
6	24	0.153846	0.615385	-0.046901	-0.0438402	-4.73822
6	25	0.153846	0.641026	-0.0785832	0.366768	11.097
6	26	0.153846	0.666667	-0.145769	0.114445	-12.4569
6	27	0.153846	0.692308	-0.002202	0.173577	14.7667
6	28	0.153846	0.717949	-0.202964	0.399803	-10.642
6	29	0.153846	0.74359	0.0193981	-0.0585069	7.1867
6	30	0.153846	0.769231	-0.128184	0.556223	1.35827
6	31	0.153846	0.794872	-0.0932427	-0.0845524	-7.22809
6	32	0.153846	0.820513	0.0524364	0.424862	13.9194
6	33	0.153846	0.846154	-0.231705	0.15614	-15.9787
6	34	0.153846	0.871795	0.260926	0.122044	16.172
6	35	0.153846	0.897436	-0.129622	0.374	-12.0531
6	36	0.153846	0.923077	0.449198	-0.0749693	7.87903
6	37	0.153846	0.948718	0.329924	0.274441	-2.75991
6	38	0.153846	0.974359	0.735225	-0.0180599	0.736507
6	39	0.153846	1	1	0	0
7	0	0.179487	0	0	0	0.872313
7	1	0.179487	0.025641	-0.00585358	0.000420092	0.872313
7	2	0.179487	0.0512821	-0.00596442	-0.000672418	0.876192
7	3	0.179487	0.0769231	-0.0224928	0.00715649	0.950106
7	4	0.179487	0.102564	-0.00955108	-0.00210142	0.693674
7	5	0.179487	0.128205	-0.0343057	0.0174191	1.27567
7	6	0.179487	0.153846	-0.0221309	0.00564914	0.320843
7	7	0.179487	0.179487	-0.0313082	0.0195597	1.59928
7	8	0.179487	0.205128	-0.0477671	0.031586	0.255001
7	9	0.179487	0.230769	-0.0179069	0.0111117	1.27654
7	10	0.179487	0.25641	-0.0742097	0.0677406	1.09508
7	11	0.179487	0.282051	-0.0134808	0.0104311	-0.00410679
7	12	0.179487	0.307692	-0.0794258	0.0867067	2.63368
7	13	0.179487	0.333333	-0.0372719	0.0464321	-1.38984
7	14	0.179487	0.358974	-0.0524564	0.0655359	3.40137
7	15	0.179487	0.384615	-0.0874823	0.125538	-1.03866
7	16	0.179487	0.410256	-0.0119938	0.0211983	1.63998
7	17	0.179487	0.435897	-0.132916	0.203458	2.14974
7	18	0.179487	0.461538	-1.55033e-05	0.0185931	-2.53834
7	19	0.179487	0.487179	-0.131089	0.205351	6.44921
7	20	0.179487	0.512821	-0.0451516	0.12049	-5.79873
7	21	0.179487	0.538462	-0.0695862	0.100835	7.42099
7	22	0.179487	0.564103	-0.127909	0.300959	-3.52421
7	23	0.179487	0.589744	0.000125291	-0.0280845	1.5927
7	24	0.179487	0.615385	-0.187704	0.419661	5.17565
7	25	0.179487	0.641026	-0.00311289	-0.0167861	-8.56589
7	26	0.179487	0.666667	-0.165166	0.335803	14.2398
7	27	0.179487	0.692308	-0.0858968	0.215629	-14.1733
7	28	0.179487	0.717949	-0.0634962	0.0664816	14.2373
7	29	0.179487	0.74359	-0.153348	0.508883	-7.56971
7	30	0.179487	0.769231	0.00616757	-0.162654	1.61746
7	31	0.179487	0.794872	-0.117509	0.574397	8.18932
7	32	0.179487	0.820513	-0.0489728	-0.0898076	-14.6171
7	33	0.179487	0.846154	0.0435842	0.318341	20.079
7	34	0.179487	0.871795	-0.0867454	0.229046	-19.9775
7	35	0.179487	0.897436	0.296605	-0.0456916	17.7151
7	36	0.179487	0.923077	0.147623	0.397279	-11.1201
7	37	0.179487	0.948718	0.580281	-0.161702	5.83316
7	38	0.179487	0.974359	0.683338	0.196688	-0.75019
7	39	0.179487	1	1	0	0
8	0	0.205128	0	0	0	0.830648
8	1	0.205128	0.025641	-0.00463167	0.00273153	0.830648
8	2	0.205128	0.0512821	-0.0166696	-0.000872131	0.725717
8	3	0.205128	0.0769231	-0.00810972	0.00271112	0.94701
8	4	0.205128	0.102564	-0.0367914	0.0115466	0.748871
8	5	0.205128	0.128205	-0.0142719	-0.0006785	0.728946
8	6	0.205128	0.153846	-0.0449305	0.0275875	1.20424
8	7	0.205128	0.179487	-0.0358392	0.00778592	0.162593
8	8	0.205128	0.205128	-0.0336867	0.0305762	1.72665
8	9	0.205128	0.230769	-0.0720703	0.0396823	-0.048011
8	10	0.205128	0.25641	-0.0147058	0.0190094	1.44324
8	11	0.205128	0.282051	-0.102102	0.0826842	0.870176
8	12	0.205128	0.307692	-0.0149732	0.017546	-0.00786344
8	13	0.205128	0.333333	-0.0974967	0.102612	2.60357
8	14	0.205128	0.358974	-0.0567966	0.0594658	-1.53865
8	15	0.205128	0.384615	-0.0499847	0.0769749	3.38795
8	16	0.205128	0.410256	-0.131797	0.146178	-1.06421
8	17	0.205128	0.435897	0.00883479	0.0327765	1.40184
8	18	0.205128	0.461538	-0.190409	0.221212	2.33606
8	19	0.205128	0.487179	0.0204576	0.0431918	-2.80624
8	20	0.205128	0.512821	-0.170615	0.20615	6.33724
8	21	0.205128	0.538462	-0.0550671	0.162705	-5.35631
8	22	0.205128	0.564103	-0.0618202	0.0898761	6.21714
8	23	0.205128	0.589744	-0.192785	0.340243	-1.87222
8	24	0.205128	0.615385	0.0561824	-0.01657	-0.59803
8	25	0.205128	0.641026	-0.294766	0.417493	7.15222
8	26	0.205128	0.666667	0.0744788	0.0474518	-9.92327
8	27	0.205128	0.692308	-0.251085	0.27114	14.2055
8	28	0.205128	0.717949	-0.0277688	0.308377	-12.305
8	29	0.205128	0.74359	-0.0674998	-0.0236454	10.2793
8	30	0.205128	0.769231	-0.15988	0.552038	-2.12771
8	31	0.205128	0.794872	0.0899177	-0.187996	-4.87961
8	32	0.205128	0.820513	-0.187486	0.50747	14.1413
8	33	0.205128	0.846154	0.116719	-0.0150875	-18.9513
8	34	0.205128	0.871795	-0.00545661	0.159845	22.0912
8	35	0.205128	0.897436	0.173174	0.308991	-18.7952
8	36	0.205128	0.923077	0.351205	-0.177775	14.4059
8	37	0.205128	0.948718	0.47481	0.355763	-6.66468
8	38	0.205128	0.974359	0.76136	-0.113526	2.2542
8	39	0.205128	1	1	0	0
9	0	0.230769	0	0	0	0.709918
9	1	0.230769	0.025641	-0.00800352	-0.0044319	0.709918
9	2	0.230769	0.0512821	-0.00918418	0.00830754	0.942206
9	3	0.230769	0.0769231	-0.0301909	-0.000453549	0.410205
9	4	0.230769	0.102564	-0.0132342	0.00419954	1.14806
9	5	0.230769	0.128205	-0.0495507	0.0215888	0.506609
9	6	0.230769	0.153846	-0.0251875	-0.00374245	0.689031
9	7	0.230769	0.179487	-0.0521326	0.0429062	1.32357
9	8	0.230769	0.205128	-0.055311	0.00743052	-0.27653
9	9	0.230769	0.230769	-0.0355905	0.0422239	2.17547
9	10	0.230769	0.25641	-0.0969219	0.0497722	-0.659552
9	11	0.230769	0.282051	-0.0175082	0.0221217	1.84701
9	12	0.230769	0.307692	-0.1229	0.103061	0.524415
9	13	0.230769	0.333333	-0.0288189	0.0162081	-0.0427408
9	14	0.230769	0.358974	-0.103797	0.12496	2.77125
9	15	0.230769	0.384615	-0.0904975	0.0629902	-2.06548
9	16	0.230769	0.410256	-0.0391325	0.0936216	3.9165
9	17	0.230769	0.435897	-0.182485	0.158961	-1.78229
9	18	0.230769	0.461538	0.0258336	0.0440298	1.95456
9	19	0.230769	0.487179	-0.234986	0.237242	1.7074
9	20	0.230769	0.512821	0.019264	0.0545228	-2.36638
9	21	0.230769	0.538462	-0.176176	0.218733	5.76177
9	22	0.230769	0.564103	-0.10345	0.174351	-4.93037
9	23	0.230769	0.589744	-0.0154001	0.107173	5.64191
9	24	0.230769	0.615385	-0.294272	0.339504	-1.62605
9	25	0.230769	0.641026	0.132784	0.0220364	-0.588996
9	26	0.230769	0.666667	-0.397271	0.388072	6.33523
9	27	0.230769	0.692308	0.138315	0.102061	-8.21014
9	28	0.230769	0.717949	-0.268614	0.220895	11.2488
9	29	0.230769	0.74359	-0.0308613	0.338827	-8.48834
9	30	0.230769	0.769231	0.0326535	-0.041737	5.62715
9	31	0.230769	0.794872	-0.258469	0.50936	2.12785
9	32	0.230769	0.820513	0.273788	-0.124306	-8.10353
9	33	0.230769	0.846154	-0.308002	0.383481	15.4399
9	34	0.230769	0.871795	0.359652	0.0855209	-17.3382
9	35	0.230769	0.897436	-0.0159709	0.0198702	18.113
9	36	0.230769	0.923077	0.457686	0.327339	-12.7149
9	37	0.230769	0.948718	0.491929	-0.192342	7.80664
9	38	0.230769	0.974359	0.76365	0.227309	-1.58928
9	39	0.230769	1	1	0	0
10	0	0.25641	0	0	0	0.728278
10	1	0.25641	0.025641	-0.00730381	0.00773905	0.728278
10	2	0.25641	0.0512821	-0.0192867	-0.00900469	0.407819
10	3	0.25641	0.0769231	-0.0165562	0.0125691	1.22181
10	4	0.25641	0.102564	-0.0425476	0.00571121	0.0114917
10	5	0.25641	0.128205	-0.0237807	0.000455155	1.30582
10	6	0.25641	0.153846	-0.0596399	0.0376153	0.443528
10	7	0.25641	0.179487	-0.0404113	-0.010135	0.360935
10	8	0.25641	0.205128	-0.0599271	0.0589292	1.78382
10	9	0.25641	0.230769	-0.0739649	0.00941984	-1.04126
10	10	0.25641	0.25641	-0.0439933	0.047869	2.86001
10	11	0.25641	0.282051	-0.114678	0.0666677	-1.35961
10	12	0.25641	0.307692	-0.0310636	0.0153933	2.15661
10	13	0.25641	0.333333	-0.133924	0.130152	0.466081
10	14	0.25641	0.358974	-0.0527237	0.00583401	-0.5417
10	15	0.25641	0.384615	-0.105143	0.149694	3.53532
10	16	0.25641	0.410256	-0.126341	0.0620484	-3.27224
10	17	0.25641	0.435897	-0.0349706	0.105057	5.12665
10	18	0.25641	0.461538	-0.219408	0.174014	-3.10319
10	19	0.25641	0.487179	0.0226253	0.0388711	2.9256
10	20	0.25641	0.512821	-0.248692	0.264045	0.957155
10	21	0.25641	0.538462	-0.0120839	0.03717	-2.23372
10	22	0.25641	0.564103	-0.148883	0.249872	6.0019
10	23	0.25641	0.589744	-0.17859	0.152467	-5.92448
10	24	0.25641	0.615385	0.0417012	0.138431	7.02693
10	25	0.25641	0.641026	-0.387652	0.317796	-3.76099
10	26	0.25641	0.666667	0.18597	0.0432747	1.89377
10	27	0.25641	0.692308	-0.428878	0.370944	3.2941
10	28	0.25641	0.717949	0.142944	0.0925457	-5.17102
10	29	0.25641	0.74359	-0.177262	0.22647	8.11225
10	30	0.25641	0.769231	-0.120797	0.281175	-6.2416
10	31	0.25641	0.794872	0.216289	0.0141797	4.31832
10	32	0.25641	0.820513	-0.410534	0.404686	1.55176
10	33	0.25641	0.846154	0.491347	-0.0366358	-5.35836
10	34	0.25641	0.871795	-0.372665	0.266558	10.5307
10	35	0.25641	0.897436	0.589891	0.125831	-10.4932
10	36	0.25641	0.923077	0.109616	-0.0273553	10.1
10	37	0.25641	0.948718	0.684088	0.242641	-5.31614
10	38	0.25641	0.974359	0.734468	-0.077319	2.2678
10	39	0.25641	1	1	0	0
11	0	0.282051	0	0	0	0.563523
11	1	0.282051	0.025641	-0.00929438	-0.00777048	0.563523
11	2	0.282051	0.0512821	-0.0171932	0.0148921	0.942826
11	3	0.282051	0.0769231	-0.029762	-0.00840507	-0.0219646
11	4	0.282051	0.102564	-0.0290167	0.0116118	1.50842
11	5	0.282051	0.128205	-0.0525698	0.0183379	-0.25204
11	6	0.282051	0.153846	-0.0377848	-0.00728607	1.20638
11	7	0.282051	0.179487	-0.0708665	0.0549367	0.706223
11	8	0.282051	0.205128	-0.0538215	-0.0145041	-0.287601
11	9	0.282051	0.230769	-0.0745204	0.0688989	2.47684
11	10	0.282051	0.25641	-0.0855084	0.018691	-1.88559
11	11	0.282051	0.282051	-0.0620544	0.0433662	3.43128
11	12	0.282051	0.307692	-0.124283	0.0906189	-1.74186
11	13	0.282051	0.333333	-0.0514559	0.000209435	1.97624
11	14	0.282051	0.358974	-0.142631	0.158382	1.01485
11	15	0.282051	0.384615	-0.0751079	-0.00662836	-1.68995
11	16	0.282051	0.410256	-0.115129	0.166697	4.89355
11	17	0.282051	0.435897	-0.148	0.0666526	-4.92835
11	18	0.282051	0.461538	-0.0494759	0.0989564	6.55188
11	19	0.282051	0.487179	-0.229824	0.200455	-4.30343
11	20	0.282051	0.512821	-0.00283632	0.00784127	3.39022
11	21	0.282051	0.538462	-0.235882	0.30376	1.16289
11	22	0.282051	0.564103	-0.0586804	-0.00678059	-3.50316
11	23	0.282051	0.589744	-0.117203	0.285147	8.00266
11	24	0.282051	0.615385	-0.241026	0.117478	-8.91156
11	25	0.282051	0.641026	0.0699655	0.146164	10.3382
11	26	0.282051	0.666667	-0.415176	0.310404	-7.4282
11	27	0.282051	0.692308	0.1854	6.37521e-05	5.08706
11	28	0.282051	0.717949	-0.355233	0.397193	0.711765
11	29	0.282051	0.74359	0.0790314	-0.00395557	-4.07743
11	30	0.282051	0.769231	-0.0117397	0.282047	8.42076
11	31	0.282051	0.794872	-0.254404	0.161321	-8.77783
11	32	0.282051	0.820513	0.397447	0.0765702	8.58231
11	33	0.282051	0.846154	-0.49739	0.303971	-4.77346
11	34	0.282051	0.871795	0.656674	-0.0189957	2.10432
11	35	0.282051	0.897436	-0.259047	0.22324	2.07199
11	36	0.282051	0.923077	0.738882	0.0596472	-2.59537
11	37	0.282051	0.948718	0.393768	0.0235172	3.00224
11	38	0.282051	0.974359	0.845576	0.106367	-0.694108
11	39	0.282051	1	1	0	0
12	0	0.307692	0	0	0	0.600027
12	1	0.307692	0.025641	-0.010897	0.00865796	0.600027
12	2	0.307692	0.0512821	-0.0184483	-0.0118925	0.245657
12	3	0.307692	0.0769231	-0.0320638	0.0174973	1.21208
12	4	0.307692	0.102564	-0.0379517	-0.00134652	-0.371389
12	5	0.307692	0.128205	-0.0447027	0.0063596	1.5887
12	6	0.307692	0.153846	-0.0637269	0.0328756	-0.229643
12	7	0.307692	0.179487	-0.049536	-0.0135823	0.813669
12	8	0.307692	0.205128	-0.0887902	0.0667752	1.18677
12	9	0.307692	0.230769	-0.0602462	-0.0118787	-1.01082
12	10	0.307692	0.25641	-0.0979509	0.0691974	3.05741
12	11	0.307692	0.282051	-0.0902332	0.0349341	-2.41929
12	12	0.307692	0.307692	-0.0847225	0.0312335	3.5295
12	13	0.307692	0.333333	-0.133529	0.115188	-1.54721
12	14	0.307692	0.358974	-0.0676362	-0.015503	1.20134
12	15	0.307692	0.384615	-0.161102	0.178054	2.07333
12	16	0.307692	0.410256	-0.0833384	-0.0115274	-3.17305
12	17	0.307692	0.435897	-0.142237	0.166815	6.32888
12	18	0.307692	0.461538	-0.148073	0.0834379	-6.32163
12	19	0.307692	0.487179	-0.0799316	0.0709903	7.36675
12	20	0.307692	0.512821	-0.220893	0.237369	-4.49913
12	21	0.307692	0.538462	-0.0332759	-0.0425051	2.52762
12	22	0.307692	0.564103	-0.223448	0.342978	2.93124
12	23	0.307692	0.589744	-0.0873511	-0.0552541	-6.41725
12	24	0.307692	0.615385	-0.11601	0.296007	11.4675
12	25	0.307692	0.641026	-0.246606	0.10255	-12.8725
12	26	0.307692	0.666667	0.0502773	0.0960781	13.8693
12	27	0.307692	0.692308	-0.351987	0.343518	-10.1189
12	28	0.307692	0.717949	0.13865	-0.120652	6.09547
12	29	0.307692	0.74359	-0.216036	0.45856	1.67044
12	30	0.307692	0.769231	-0.00673599	-0.15264	-7.5668
12	31	0.307692	0.794872	0.130745	0.32789	13.7739
12	32	0.307692	0.820513	-0.320143	0.0556844	-16.2731
12	33	0.307692	0.846154	0.492691	0.0597352	16.6693
12	34	0.307692	0.871795	-0.391557	0.277532	-13.3656
12	35	0.307692	0.897436	0.724895	-0.114277	9.5823
12	36	0.307692	0.923077	0.0580343	0.258509	-4.35645
12	37	0.307692	0.948718	0.80682	-0.0636842	1.67858
12	38	0.307692	0.974359	0.733244	0.0820544	0.361625
12	39	0.307692	1	1	0	0
13	0	0.333333	0	0	0	0.455846
13	1	0.333333	0.025641	-0.0101449	-0.00584382	0.455846
13	2	0.333333	0.0512821	-0.0266707	0.0129933	0.735333
13	3	0.333333	0.0769231	-0.025282	-0.00973916	-0.0429124
13	4	0.333333	0.102564	-0.050356	0.0158243	1.32807
13	5	0.333333	0.128205	-0.0468558	0.00802716	-0.483697
13	6	0.333333	0.153846	-0.0582281	0.00200994	1.41471
13	7	0.333333	0.179487	-0.0810555	0.0426449	-0.0147042
13	8	0.333333	0.205128	-0.0545848	-0.0136232	0.35564
13	9	0.333333	0.230769	-0.114777	0.0697824	1.56044
13	10	0.333333	0.25641	-0.0609066	-0.00294123	-1.44748
13	11	0.333333	0.282051	-0.124545	0.0628211	3.20492
13	12	0.333333	0.307692	-0.0959996	0.0512538	-2.43402
13	13	0.333333	0.333333	-0.101432	0.0194563	3.10809
13	14	0.333333	0.358974	-0.153006	0.13107	-0.932486
13	15	0.333333	0.384615	-0.0699444	-0.0231529	0.186478
13	16	0.333333	0.410256	-0.195112	0.182255	3.11275
13	17	0.333333	0.435897	-0.0746062	-0.00467218	-4.32526
13	18	0.333333	0.461538	-0.180709	0.149219	7.1247
13	19	0.333333	0.487179	-0.135968	0.108851	-6.75364
13	20	0.333333	0.512821	-0.107951	0.0300913	6.98885
13	21	0.333333	0.538462	-0.216652	0.271916	-3.36355
13	22	0.333333	0.564103	-0.0413636	-0.0907257	0.34546
13	23	0.333333	0.589744	-0.240839	0.360277	5.76692
13	24	0.333333	0.615385	-0.0683169	-0.0787562	-9.89836
13	25	0.333333	0.641026	-0.157699	0.260303	14.7937
13	26	0.333333	0.666667	-0.182442	0.129444	-15.5904
13	27	0.333333	0.692308	0.00179119	-0.0146965	15.1715
13	28	0.333333	0.717949	-0.237303	0.409058	-9.35996
13	29	0.333333	0.74359	0.0961094	-0.276818	2.87741
13	30	0.333333	0.769231	-0.107582	0.506426	7.09549
13	31	0.333333	0.794872	-0.0223931	-0.267085	-15.1969
13	32	0.333333	0.820513	0.165923	0.297503	21.9994
13	33	0.333333	0.846154	-0.209996	0.0438324	-24.6556
13	34	0.333333	0.871795	0.479834	-0.067395	23.5998
13	35	0.333333	0.897436	-0.074435	0.333348	-18.2579
13	36	0.333333	0.923077	0.715766	-0.264561	12.0437
13	37	0.333333	0.948718	0.4573	0.286593	-5.02173
13	38	0.333333	0.974359	0.870302	-0.103169	1.29125
13	39	0.333333	1	1	0	0
14	0	0.358974	0	0	0	0.437826
14	1	0.358974	0.025641	-0.0140287	0.00382205	0.437826
14	2	0.358974	0.0512821	-0.0178907	-0.00606514	0.304627
14	3	0.358974	0.0769231	-0.0462871	0.0132596	0.761581
14	4	0.358974	0.102564	-0.0321494	-0.00503748	-0.138439
14	5	0.358974	0.128205	-0.0669877	0.0146898	1.2279
14	6	0.358974	0.153846	-0.0610796	0.013219	-0.431195
14	7	0.358974	0.179487	-0.0654538	0.00310692	1.18883
14	8	0.358974	0.205128	-0.105618	0.0444481	0.0969108
14	9	0.358974	0.230769	-0.054569	-0.00837404	0.158358
14	10	0.358974	0.25641	-0.143036	0.0671022	1.54713
14	11	0.358974	0.282051	-0.0634627	0.0052335	-1.43361
14	12	0.358974	0.307692	-0.144244	0.0573266	2.91812
14	13	0.358974	0.333333	-0.111956	0.058792	-2.12279
14	14	0.358974	0.358974	-0.104603	0.0151084	2.53633
14	15	0.358974	0.384615	-0.186357	0.132947	-0.411121
14	16	0.358974	0.410256	-0.0589201	-0.0210052	-0.468393
14	17	0.358974	0.435897	-0.237162	0.172287	3.53042
14	18	0.358974	0.461538	-0.0597945	0.00798872	-4.61781
14	19	0.358974	0.487179	-0.212207	0.123323	6.9046
14	20	0.358974	0.512821	-0.132213	0.129947	-6.11622
14	21	0.358974	0.538462	-0.111094	-0.00546474	5.60944
14	22	0.358974	0.564103	-0.240044	0.286959	-1.51311
14	23	0.358974	0.589744	-0.00940028	-0.11369	-2.10166
14	24	0.358974	0.615385	-0.295586	0.341274	8.21069
14	25	0.358974	0.641026	-0.000462468	-0.0624904	-12.0806
14	26	0.358974	0.666667	-0.21807	0.181024	15.995
14	27	0.358974	0.692308	-0.0850207	0.187683	-15.1974
14	28	0.358974	0.717949	-0.022895	-0.144923	12.7741
14	29	0.358974	0.74359	-0.154869	0.464985	-4.81314
14	30	0.358974	0.769231	0.128988	-0.383361	-3.72896
14	31	0.358974	0.794872	-0.111481	0.489199	14.5098
14	32	0.358974	0.820513	0.10488	-0.265636	-22.7194
14	33	0.358974	0.846154	0.0838901	0.17175	28.1151
14	34	0.358974	0.871795	0.0783463	0.134858	-28.0162
14	35	0.358974	0.897436	0.4083	-0.246778	24.2668
14	36	0.358974	0.923077	0.326127	0.390709	-15.9171
14	37	0.358974	0.948718	0.716145	-0.32852	8.1966
14	38	0.358974	0.974359	0.783544	0.206655	-1.71796
14	39	0.358974	1	1	0	0
15	0	0.384615	0	0	0	0.377919
15	1	0.384615	0.025641	-0.0114908	0.000581169	0.377919
15	2	0.384615	0.0512821	-0.0325881	0.00304859	0.351834
15	3	0.384615	0.0769231	-0.0248184	-0.00335255	0.313168
15	4	0.384615	0.102564	-0.0650218	0.0138372	0.598947
15	5	0.384615	0.128205	-0.043268	-0.00409961	-0.0895899
15	6	0.384615	0.153846	-0.0778455	0.0184359	1.08713
15	7	0.384615	0.179487	-0.0816478	0.0111133	-0.480224
15	8	0.384615	0.205128	-0.0679492	0.00852581	1.20395
15	9	0.384615	0.230769	-0.131936	0.0414881	-0.138993
15	10	0.384615	0.25641	-0.0567112	-0.00487251	0.349448
15	11	0.384615	0.282051	-0.164181	0.0658437	1.18077
15	12	0.384615	0.307692	-0.0757354	0.00436402	-1.18404
15	13	0.384615	0.333333	-0.150847	0.0583449	2.56911
15	14	0.384615	0.358974	-0.140052	0.0536023	-1.97096
15	15	0.384615	0.384615	-0.0968473	0.0178257	2.34491
15	16	0.384615	0.410256	-0.225256	0.12366	-0.476232
15	17	0.384615	0.435897	-0.0461449	-0.0167231	-0.381789
15	18	0.384615	0.461538	-0.269877	0.157313	3.12414
15	19	0.384615	0.487179	-0.0559024	0.0136023	-4.10589
15	20	0.384615	0.512821	-0.218311	0.103324	5.99317
15	21	0.384615	0.538462	-0.152896	0.132552	-5.07635
15	22	0.384615	0.564103	-0.0802501	-0.0200798	4.21171
15	23	0.384615	0.589744	-0.293739	0.272615	-0.219441
15	24	0.384615	0.615385	0.0544089	-0.104624	-3.30884
15	25	0.384615	0.641026	-0.362401	0.290624	8.72884
15	26	0.384615	0.666667	0.0823994	-0.0217213	-11.6372
15	27	0.384615	0.692308	-0.245348	0.0921395	14.134
15	28	0.384615	0.717949	-0.0197401	0.23666	-11.7831
15	29	0.384615	0.74359	0.0324586	-0.224196	7.7325
15	30	0.384615	0.769231	-0.174036	0.464313	0.960913
15	31	0.384615	0.794872	0.273657	-0.36937	-9.69758
15	32	0.384615	0.820513	-0.23289	0.390528	19.1891
15	33	0.384615	0.846154	0.354328	-0.147462	-24.7174
15	34	0.384615	0.871795	-0.0385444	-0.000832335	27.3529
15	35	0.384615	0.897436	0.423822	0.24319	-23.399
15	36	0.384615	0.923077	0.388077	-0.349796	17.4138
15	37	0.384615	0.948718	0.650315	0.345374	-8.53711
15	38	0.384615	0.974359	0.816693	-0.207165	2.34417
15	39	0.384615	1	1	0	0
16	0	0.410256	0	0	0	0.266004
16	1	0.410256	0.025641	-0.0155179	-0.00363423	0.266004
16	2	0.410256	0.0512821	-0.0209803	0.00431559	0.460456
16	3	0.410256	0.0769231	-0.0512508	0.00238975	0.0882766
16	4	0.410256	0.102564	-0.0347747	-0.00403057	0.460802
16	5	0.410256	0.128205	-0.0786668	0.0190799	0.395946
16	6	0.410256	0.153846	-0.0597952	-0.0100902	-0.136291
16	7	0.410256	0.179487	-0.0840788	0.025975	1.17283
16	8	0.410256	0.205128	-0.103671	0.00492755	-0.849507
16	9	0.410256	0.230769	-0.0723185	0.0114204	1.5632
16	10	0.410256	0.25641	-0.151504	0.0406287	-0.666084
16	11	0.410256	0.282051	-0.0677059	-0.0107547	0.703372
16	12	0.410256	0.307692	-0.173003	0.070634	0.829954
16	13	0.410256	0.333333	-0.0983757	-0.00822499	-1.15388
16	14	0.410256	0.358974	-0.148033	0.064038	2.62662
16	15	0.410256	0.384615	-0.171752	0.0399331	-2.37733
16	16	0.410256	0.410256	-0.0898161	0.0191198	2.79444
16	17	0.410256	0.435897	-0.253972	0.112301	-1.19087
16	18	0.410256	0.461538	-0.0455334	-0.0222384	0.272401
16	19	0.410256	0.487179	-0.278374	0.148154	2.31086
16	20	0.410256	0.512821	-0.0728456	0.00115896	-3.46059
16	21	0.410256	0.538462	-0.195428	0.0983027	5.28033
16	22	0.410256	0.564103	-0.195933	0.110804	-4.69317
16	23	0.410256	0.589744	-0.0292884	-0.0134944	3.9569
16	24	0.410256	0.615385	-0.353202	0.234349	-0.587739
16	25	0.410256	0.641026	0.118546	-0.0820331	-2.41112
16	26	0.410256	0.666667	-0.393742	0.234255	6.86121
16	27	0.410256	0.692308	0.132628	0.00418599	-8.94267
16	28	0.410256	0.717949	-0.192784	0.044396	10.4008
16	29	0.410256	0.74359	-0.0363138	0.231264	-7.76167
16	30	0.410256	0.769231	0.178777	-0.201626	3.59328
16	31	0.410256	0.794872	-0.295352	0.387175	3.7738
16	32	0.410256	0.820513	0.485431	-0.247485	-10.4002
16	33	0.410256	0.846154	-0.37972	0.245694	17.0928
16	34	0.410256	0.871795	0.617409	-0.00948772	-19.0024
16	35	0.410256	0.897436	-0.0622949	-0.118166	18.9137
16	36	0.410256	0.923077	0.6866	0.257774	-13.4742
16	37	0.410256	0.948718	0.516274	-0.281602	7.58577
16	38	0.410256	0.974359	0.851227	0.175925	-1.97898
16	39	0.410256	1	1	0	0
17	0	0.435897	0	0	0	0.295359
17	1	0.435897	0.025641	-0.0135679	0.00673661	0.295359
17	2	0.435897	0.0512821	-0.0324349	-0.00804489	-0.0207236
17	3	0.435897	0.0769231	-0.0321418	0.00526524	0.694235
17	4	0.435897	0.102564	-0.0656616	0.00638545	-0.233902
17	5	0.435897	0.128205	-0.0491628	-0.0115284	0.531821
17	6	0.435897	0.153846	-0.0877643	0.0281902	0.401783
17	7	0.435897	0.179487	-0.0775524	-0.0199193	-0.48425
17	8	0.435897	0.205128	-0.0915543	0.0307486	1.57829
17	9	0.435897	0.230769	-0.119642	0.0014366	-1.47628
17	10	0.435897	0.25641	-0.0843837	0.00471964	2.04196
17	11	0.435897	0.282051	-0.159949	0.0459824	-1.12592
17	12	0.435897	0.307692	-0.0873047	-0.0276729	0.793526
17	13	0.435897	0.333333	-0.173597	0.0787733	0.912984
17	14	0.435897	0.358974	-0.12298	-0.027075	-1.66932
17	15	0.435897	0.384615	-0.147074	0.0657322	3.2587
17	16	0.435897	0.410256	-0.193322	0.0271111	-3.3037
17	17	0.435897	0.435897	-0.0950055	0.00859886	3.62793
17	18	0.435897	0.461538	-0.260948	0.107468	-2.08212
17	19	0.435897	0.487179	-0.0621856	-0.0450377	0.842867
17	20	0.435897	0.512821	-0.262607	0.149328	1.88057
17	21	0.435897	0.538462	-0.104588	-0.0307439	-3.5363
17	22	0.435897	0.564103	-0.159823	0.104594	5.62008
17	23	0.435897	0.589744	-0.238554	0.0722612	-5.69321
17	24	0.435897	0.615385	0.0129179	-0.00384355	5.32221
17	25	0.435897	0.641026	-0.378177	0.19309	-2.68622
17	26	0.435897	0.666667	0.149471	-0.0801687	0.0301364
17	27	0.435897	0.692308	-0.35129	0.207376	3.8797
17	28	0.435897	0.717949	0.121336	-0.0231937	-6.14252
17	29	0.435897	0.74359	-0.0619305	0.0690463	7.7878
17	30	0.435897	0.769231	-0.128046	0.153166	-6.59038
17	31	0.435897	0.794872	0.355382	-0.0995059	4.04371
17	32	0.435897	0.820513	-0.426638	0.261505	0.556044
17	33	0.435897	0.846154	0.666014	-0.120104	-4.42728
17	34	0.435897	0.871795	-0.396442	0.135156	8.26221
17	35	0.435897	0.897436	0.788591	0.0328185	-8.65839
17	36	0.435897	0.923077	0.117007	-0.100622	7.65702
17	37	0.435897	0.948718	0.820095	0.145327	-4.35184
17	38	0.435897	0.974359	0.76347	-0.108262	1.25117
17	39	0.435897	1	1	0	0
18	0	0.461538	0	0	0	0.119933
18	1	0.461538	0.025641	-0.0152344	-0.00838455	0.119933
18	2	0.461538	0.0512821	-0.0272178	0.0112876	0.506283
18	3	0.461538	0.0769231	-0.0460276	-0.00783663	-0.405108
18	4	0.461538	0.102564	-0.0467324	-0.000591082	0.89015
18	5	0.461538	0.128205	-0.0756844	0.0148079	-0.378971
18	6	0.461538	0.153846	-0.0645443	-0.0231371	0.323448
18	7	0.461538	0.179487	-0.0973792	0.034981	0.714184
18	8	0.461538	0.205128	-0.0899856	-0.0269066	-1.08069
18	9	0.461538	0.230769	-0.105453	0.0260553	2.09251
18	10	0.461538	0.25641	-0.12591	0.00459042	-2.0208
18	11	0.461538	0.282051	-0.10341	-0.0126278	2.24116
18	12	0.461538	0.307692	-0.16139	0.0544409	-1.13952
18	13	0.461538	0.333333	-0.107408	-0.0494234	0.344785
18	14	0.461538	0.358974	-0.17652	0.0816412	1.53357
18	15	0.461538	0.384615	-0.137783	-0.0426698	-2.62733
18	16	0.461538	0.410256	-0.157657	0.054543	4.15516
18	17	0.461538	0.435897	-0.196258	0.0222564	-4.25198
18	18	0.461538	0.461538	-0.114241	-0.0180397	4.22438
18	19	0.461538	0.487179	-0.248511	0.110602	-2.45754
18	20	0.461538	0.512821	-0.0873409	-0.0824717	0.650939
18	21	0.461538	0.538462	-0.239079	0.155093	2.42889
18	22	0.461538	0.564103	-0.130647	-0.0718813	-4.75412
18	23	0.461538	0.589744	-0.137081	0.106781	7.17427
18	24	0.461538	0.615385	-0.249409	0.0355758	-7.85823
18	25	0.461538	0.641026	0.0228701	-0.016882	7.62333
18	26	0.461538	0.666667	-0.340331	0.174637	-5.23966
18	27	0.461538	0.692308	0.1354	-0.12604	2.16821
18	28	0.461538	0.717949	-0.242173	0.228742	2.23571
18	29	0.461538	0.74359	0.063945	-0.112296	-5.93821
18	30	0.461538	0.769231	0.0822713	0.142405	9.02985
18	31	0.461538	0.794872	-0.214386	0.0337431	-10.3437
18	32	0.461538	0.820513	0.470406	-0.00943874	9.77998
18	33	0.461538	0.846154	-0.421636	0.160752	-7.76255
18	34	0.461538	0.871795	0.743361	-0.0941646	4.90861
18	35	0.461538	0.897436	-0.18057	0.12661	-2.1055
18	36	0.461538	0.923077	0.83782	-0.0516051	0.209075
18	37	0.461538	0.948718	0.452056	0.00853545	0.358343
18	38	0.461538	0.974359	0.891591	0.00164827	-0.411369
18	39	0.461538	1	1	0	0
19	0	0.487179	0	0	0	0.177834
19	1	0.487179	0.025641	-0.0155701	0.00806151	0.177834
19	2	0.487179	0.0512821	-0.0280705	-0.0127581	-0.203715
19	3	0.487179	0.0769231	-0.043327	0.00923392	0.737754
19	4	0.487179	0.102564	-0.0554232	-0.00248546	-0.664999
19	5	0.487179	0.128205	-0.0620717	-0.0112072	0.843086
19	6	0.487179	0.153846	-0.0855655	0.0219615	-0.233965
19	7	0.487179	0.179487	-0.0751671	-0.0324063	-0.135086
19	8	0.487179	0.205128	-0.11221	0.0329222	1.14835
19	9	0.487179	0.230769	-0.093997	-0.0270737	-1.61413
19	10	0.487179	0.25641	-0.124927	0.0109811	2.34531
19	11	0.487179	0.282051	-0.126407	0.0112023	-2.13532
19	12	0.487179	0.307692	-0.121721	-0.0342507	1.91963
19	13	0.487179	0.333333	-0.165442	0.0574669	-0.641713
19	14	0.487179	0.358974	-0.117903	-0.0666267	-0.505891
19	15	0.487179	0.384615	-0.190035	0.0713821	2.35504
19	16	0.487179	0.410256	-0.136863	-0.049068	-3.52839
19	17	0.487179	0.435897	-0.179639	0.0284045	4.73022
19	18	0.487179	0.461538	-0.18451	0.0245018	-4.61701
19	19	0.487179	0.487179	-0.137291	-0.0554062	4.04579
19	20	0.487179	0.512821	-0.23217	0.114502	-1.9235
19	21	0.487179	0.538462	-0.102915	-0.122641	-0.49754
19	22	0.487179	0.564103	-0.229525	0.152749	3.87969
19	23	0.487179	0.589744	-0.128339	-0.105393	-6.71035
19	24	0.487179	0.615385	-0.143715	0.0875778	9.18472
19	25	0.487179	0.641026	-0.210826	0.020072	-9.98785
19	26	0.487179	0.666667	-5.71615e-05	-0.0678087	9.3044
19	27	0.487179	0.692308	-0.250271	0.190675	-6.31295
19	28	0.487179	0.717949	0.0992384	-0.216564	1.97644
19	29	0.487179	0.74359	-0.12653	0.278587	3.80408
19	30	0.487179	0.769231	0.0256437	-0.22377	-9.56876
19	31	0.487179	0.794872	0.154603	0.194743	14.1867
19	32	0.487179	0.820513	-0.180135	-0.0523772	-17.4724
19	33	0.487179	0.846154	0.473542	-0.015725	17.4689
19	34	0.487179	0.871795	-0.19733	0.149797	-15.912
19	35	0.487179	0.897436	0.714516	-0.188292	11.7562
19	36	0.487179	0.923077	0.205005	0.193261	-7.50923
19	37	0.487179	0.948718	0.825816	-0.167749	3.13299
19	38	0.487179	0.974359	0.778635	0.0607318	-0.90686
19	39	0.487179	1	1	0	0
20	0	0.512821	0	0	0	0.0150949
20	1	0.512821	0.025641	-0.0140628	-0.00740348	0.0150949
20	2	0.512821	0.0512821	-0.0327665	0.00989456	0.328148
20	3	0.512821	0.0769231	-0.0367707	-0.0114441	-0.474285
20	4	0.512821	0.102564	-0.0600181	0.00168583	0.782339
20	5	0.512821	0.128205	-0.0640604	0.0029715	-0.666675
20	6	0.512821	0.153846	-0.0730572	-0.0205382	0.550004
20	7	0.512821	0.179487	-0.0996146	0.021388	0.0529697
20	8	0.512821	0.205128	-0.0782493	-0.0352454	-0.56921
20	9	0.512821	0.230769	-0.131576	0.0208736	1.36609
20	10	0.512821	0.25641	-0.0931976	-0.0234011	-1.76362
20	11	0.512821	0.282051	-0.142863	-0.00840687	2.11779
20	12	0.512821	0.307692	-0.129706	0.0128876	-1.77223
20	13	0.512821	0.333333	-0.130457	-0.051234	1.22475
20	14	0.512821	0.358974	-0.17913	0.0477598	0.0278945
20	15	0.512821	0.384615	-0.114819	-0.0743532	-1.27526
20	16	0.512821	0.410256	-0.212913	0.0471625	2.83069
20	17	0.512821	0.435897	-0.125269	-0.0489013	-3.84092
20	18	0.512821	0.461538	-0.202312	-0.00596584	4.55441
20	19	0.512821	0.487179	-0.172042	0.0253267	-4.15012
20	20	0.512821	0.512821	-0.148289	-0.0914448	3.05563
20	21	0.512821	0.538462	-0.229532	0.108068	-0.714514
20	22	0.512821	0.564103	-0.0933999	-0.151272	-2.0953
20	23	0.512821	0.589744	-0.245147	0.131013	5.44964
20	24	0.512821	0.615385	-0.0894876	-0.11804	-8.32486
20	25	0.512821	0.641026	-0.174297	0.0403802	10.3644
20	26	0.512821	0.666667	-0.136082	0.0313515	-10.6153
20	27	0.512821	0.692308	-0.0290453	-0.146488	8.90941
20	28	0.512821	0.717949	-0.158532	0.224707	-4.73812
20	29	0.512821	0.74359	0.0928744	-0.309621	-1.16399
20	30	0.512821	0.769231	-0.0780073	0.307133	8.1398
20	31	0.512821	0.794872	0.0840908	-0.285595	-15.2219
20	32	0.512821	0.820513	0.115958	0.16701	20.0551
20	33	0.512821	0.846154	0.0260702	-0.044491	-23.0777
20	34	0.512821	0.871795	0.387226	-0.12448	21.7849
20	35	0.512821	0.897436	0.173961	0.211592	-18.1813
20	36	0.512821	0.923077	0.649995	-0.30835	11.9121
20	37	0.512821	0.948718	0.580426	0.220764	-6.07827
20	38	0.512821	0.974359	0.865898	-0.169625	1.16251
20	39	0.512821	1	1	0	0
21	0	0.538462	0	0	0	0.02368
21	1	0.538462	0.025641	-0.0163468	0.0038777	0.02368
21	2	0.538462	0.0512821	-0.0236511	-0.00902955	-0.172304
21	3	0.538462	0.0769231	-0.0505914	0.00573159	0.362166
21	4	0.538462	0.102564	-0.0439722	-0.00868916	-0.536495
21	5	0.538462	0.128205	-0.0727556	-0.00586214	0.600848
21	6	0.538462	0.153846	-0.0759258	0.00216815	-0.51476
21	7	0.538462	0.179487	-0.0769862	-0.0243519	0.242305
21	8	0.538462	0.205128	-0.117488	0.0115153	0.179238
21	9	0.538462	0.230769	-0.076969	-0.0341746	-0.683402
21	10	0.538462	0.25641	-0.149076	0.00432114	1.16354
21	11	0.538462	0.282051	-0.0951686	-0.0239264	-1.4846
21	12	0.538462	0.307692	-0.151332	-0.0238146	1.55146
21	13	0.538462	0.333333	-0.141745	0.00268643	-1.25544
21	14	0.538462	0.358974	-0.126904	-0.0594319	0.610713
21	15	0.538462	0.384615	-0.20067	0.0250634	0.365379
21	16	0.538462	0.410256	-0.10388	-0.0763537	-1.49353
21	17	0.538462	0.435897	-0.234658	0.0161134	2.61346
21	18	0.538462	0.461538	-0.115403	-0.0516086	-3.41266
21	19	0.538462	0.487179	-0.211729	-0.0373141	3.69399
21	20	0.538462	0.512821	-0.172533	0.0144805	-3.17429
21	21	0.538462	0.538462	-0.136941	-0.114993	1.80473
21	22	0.538462	0.564103	-0.247406	0.0836517	0.408139
21	23	0.538462	0.589744	-0.0577902	-0.160906	-3.199
21	24	0.538462	0.615385	-0.277477	0.0882004	6.09775
21	25	0.538462	0.641026	-0.0293007	-0.110372	-8.52323
21	26	0.538462	0.666667	-0.201676	-0.0227358	9.72827
21	27	0.538462	0.692308	-0.065103	0.0531841	-9.10338
21	28	0.538462	0.717949	-0.0223112	-0.215845	6.26317
21	29	0.538462	0.74359	-0.122365	0.239089	-1.26875
21	30	0.538462	0.769231	0.162829	-0.344743	-5.4498
21	31	0.538462	0.794872	-0.126882	0.272335	12.3089
21	32	0.538462	0.820513	0.258232	-0.250238	-18.6988
21	33	0.538462	0.846154	0.00443315	0.0585846	22.0734
21	34	0.538462	0.871795	0.330673	0.0382531	-22.5791
21	35	0.538462	0.897436	0.302602	-0.252417	19.1572
21	36	0.538462	0.923077	0.523428	0.249177	-13.454
21	37	0.538462	0.948718	0.663981	-0.314565	6.5112
21	38	0.538462	0.974359	0.832887	0.122905	-2.00776
21	39	0.538462	1	1	0	0
22	0	0.564103	0	0	0	-0.0643176
22	1	0.564103	0.025641	-0.0129954	-0.00219043	-0.0643176
22	2	0.564103	0.0512821	-0.0337899	0.00168343	-0.0126683
22	3	0.564103	0.0769231	-0.0306995	-0.00820823	-0.210704
22	4	0.564103	0.102564	-0.0650469	0.000412384	0.204474
22	5	0.564103	0.128205	-0.0534016	-0.010673	-0.448591
22	6	0.564103	0.153846	-0.0787519	-0.00903267	0.378165
22	7	0.564103	0.179487	-0.0911058	-0.00696837	-0.473361
22	8	0.564103	0.205128	-0.0764824	-0.0245167	0.189834
22	9	0.564103	0.230769	-0.133624	-0.00287111	-0.0481067
22	10	0.564103	0.25641	-0.0780362	-0.0366397	-0.427832
22	11	0.564103	0.282051	-0.157556	-0.00905676	0.665973
22	12	0.564103	0.307692	-0.104958	-0.0352604	-1.07282
22	13	0.564103	0.333333	-0.148289	-0.0315895	1.06333
22	14	0.564103	0.358974	-0.160486	-0.0193684	-1.04382
22	15	0.564103	0.384615	-0.117061	-0.0630345	0.493829
22	16	0.564103	0.410256	-0.22021	-0.00345144	0.085894
22	17	0.564103	0.435897	-0.096186	-0.0822916	-1.07001
22	18	0.564103	0.461538	-0.243	-0.0115002	1.83177
22	19	0.564103	0.487179	-0.117647	-0.0666169	-2.60447
22	20	0.564103	0.512821	-0.20101	-0.0572715	2.70345
22	21	0.564103	0.538462	-0.189224	-0.0131699	-2.39556
22	22	0.564103	0.564103	-0.106802	-0.123185	1.09943
22	23	0.564103	0.589744	-0.275892	0.0424815	0.625024
22	24	0.564103	0.615385	-0.0122904	-0.156892	-3.0468
22	25	0.564103	0.641026	-0.301356	0.0358712	5.21651
22	26	0.564103	0.666667	0.0214932	-0.0993652	-7.04168
22	27	0.564103	0.692308	-0.192032	-0.0733279	7.4191
22	28	0.564103	0.717949	-0.0379906	0.0550295	-6.33329
22	29	0.564103	0.74359	0.0464091	-0.232283	3.02176
22	30	0.564103	0.769231	-0.161678	0.201373	1.56966
22	31	0.564103	0.794872	0.303539	-0.292755	-7.5014
22	32	0.564103	0.820513	-0.22938	0.173151	12.6657
22	33	0.564103	0.846154	0.478373	-0.147694	-16.6056
22	34	0.564103	0.871795	-0.0731262	-0.0656486	17.6155
22	35	0.564103	0.897436	0.596709	0.104109	-15.716
22	36	0.564103	0.923077	0.337038	-0.282892	11.0429
22	37	0.564103	0.948718	0.745158	0.184122	-6.01919
22	38	0.564103	0.974359	0.804864	-0.182521	1.10469
22	39	0.564103	1	1	0	0
23	0	0.589744	0	0	0	-0.141665
23	1	0.589744	0.025641	-0.0152779	-0.00248216	-0.141665
23	2	0.589744	0.0512821	-0.0218869	-0.00118345	-0.0591786
23	3	0.589744	0.0769231	-0.0487513	-0.00250221	-0.202788
23	4	0.589744	0.102564	-0.0387397	-0.0108272	-0.112535
23	5	0.589744	0.128205	-0.0731912	-0.00155674	-0.00732201
23	6	0.589744	0.153846	-0.0656353	-0.0199593	-0.434706
23	7	0.589744	0.179487	-0.0799616	-0.00893756	0.358093
23	8	0.589744	0.205128	-0.104947	-0.0203953	-0.726673
23	9	0.589744	0.230769	-0.0774909	-0.0277006	0.451568
23	10	0.589744	0.25641	-0.141597	-0.0146412	-0.526135
23	11	0.589744	0.282051	-0.0858716	-0.0488274	-0.0635871
23	12	0.589744	0.307692	-0.155232	-0.0158359	0.249306
23	13	0.589744	0.333333	-0.120487	-0.0571969	-0.94226
23	14	0.589744	0.358974	-0.139611	-0.0358402	1.02262
23	15	0.589744	0.384615	-0.176948	-0.046171	-1.37571
23	16	0.589744	0.410256	-0.111015	-0.0712938	0.92548
23	17	0.589744	0.435897	-0.22703	-0.0283045	-0.649031
23	18	0.589744	0.461538	-0.0996788	-0.100507	-0.372741
23	19	0.589744	0.487179	-0.233202	-0.0293163	1.01965
23	20	0.589744	0.512821	-0.132571	-0.096903	-2.05333
23	21	0.589744	0.538462	-0.176077	-0.065947	2.26203
23	22	0.589744	0.564103	-0.211764	-0.0540845	-2.44453
23	23	0.589744	0.589744	-0.074019	-0.123911	1.45847
23	24	0.589744	0.615385	-0.293108	-0.00444245	-0.383496
23	25	0.589744	0.641026	0.0195152	-0.155648	-1.62865
23	26	0.589744	0.666667	-0.290073	-0.00506383	3.16585
23	27	0.589744	0.692308	0.0372776	-0.10935	-4.77844
23	28	0.589744	0.717949	-0.130778	-0.0832484	4.90566
23	29	0.589744	0.74359	-0.0641027	0.0128676	-4.36091
23	30	0.589744	0.769231	0.158242	-0.182681	1.78138
23	31	0.589744	0.794872	-0.234258	0.11087	1.07194
23	32	0.589744	0.820513	0.450699	-0.192103	-4.96839
23	33	0.589744	0.846154	-0.279029	0.0587471	7.63009
23	34	0.589744	0.871795	0.644204	-0.0673762	-9.36663
23	35	0.589744	0.897436	-0.000859732	-0.115087	8.63027
23	36	0.589744	0.923077	0.743677	0.0768777	-6.8041
23	37	0.589744	0.948718	0.527178	-0.182931	3.14528
23	38	0.589744	0.974359	0.870917	0.0396714	-1.31129
23	39	0.589744	1	1	0	0
24	0	0.615385	0	0	0	-0.150588
24	1	0.615385	0.025641	-0.0122777	0.00294965	-0.150588
24	2	0.615385	0.0512821	-0.0293408	-0.00722643	-0.347385
24	3	0.615385	0.0769231	-0.0302436	-0.00269818	0.0716895
24	4	0.615385	0.102564	-0.0581089	-0.0040541	-0.455482
24	5	0.615385	0.128205	-0.0488921	-0.0199062	-0.0620331
24	6	0.615385	0.153846	-0.0762365	-0.000499327	-0.055162
24	7	0.615385	0.179487	-0.0769523	-0.0332706	-0.671542
24	8	0.615385	0.205128	-0.081602	-0.0113891	0.61041
24	9	0.615385	0.230769	-0.111752	-0.0314802	-1.19747
24	10	0.615385	0.25641	-0.0840559	-0.0396441	0.803351
24	11	0.615385	0.282051	-0.139678	-0.0204181	-0.920715
24	12	0.615385	0.307692	-0.0985499	-0.0704686	0.0377894
24	13	0.615385	0.333333	-0.147517	-0.0197622	0.242231
24	14	0.615385	0.358974	-0.133712	-0.0827809	-1.29746
24	15	0.615385	0.384615	-0.134523	-0.0450848	1.45597
24	16	0.615385	0.410256	-0.18186	-0.0688174	-2.07648
24	17	0.615385	0.435897	-0.1151	-0.0913552	1.54668
24	18	0.615385	0.461538	-0.217764	-0.0444346	-1.33821
24	19	0.615385	0.487179	-0.113148	-0.132138	0.0299742
24	20	0.615385	0.512821	-0.212044	-0.0391	0.74583
24	21	0.615385	0.538462	-0.149953	-0.136973	-2.24015
24	22	0.615385	0.564103	-0.152155	-0.071919	2.7043
24	23	0.615385	0.589744	-0.222013	-0.097292	-3.43752
24	24	0.615385	0.615385	-0.0568279	-0.131415	2.72454
24	25	0.615385	0.641026	-0.279115	-0.0411461	-2.13209
24	26	0.615385	0.666667	0.0226902	-0.174919	0.193828
24	27	0.615385	0.692308	-0.236253	-0.0170028	1.22031
24	28	0.615385	0.717949	0.0174976	-0.154964	-3.35466
24	29	0.615385	0.74359	-0.0411988	-0.0491436	4.11448
24	30	0.615385	0.769231	-0.106549	-0.0693055	-5.06763
24	31	0.615385	0.794872	0.255371	-0.105049	4.04938
24	32	0.615385	0.820513	-0.249772	0.00897953	-3.45113
24	33	0.615385	0.846154	0.533185	-0.122596	1.29658
24	34	0.615385	0.871795	-0.174723	0.000831801	-0.43958
24	35	0.615385	0.897436	0.706571	-0.0758571	-1.09117
24	36	0.615385	0.923077	0.241372	-0.0594504	0.603932
24	37	0.615385	0.948718	0.798875	-0.0236505	-1.00281
24	38	0.615385	0.974359	0.782121	-0.0665022	-0.310977
24	39	0.615385	1	1	0	0
25	0	0.641026	0	0	0	-0.288972
25	1	0.641026	0.025641	-0.0126692	-0.00662693	-0.288972
25	2	0.641026	0.0512821	-0.0222074	0.0043786	-0.0349645
25	3	0.641026	0.0769231	-0.038755	-0.00983698	-0.631506
25	4	0.641026	0.102564	-0.0397785	-0.0101359	0.182255
25	5	0.641026	0.128205	-0.0623177	-0.00252176	-0.577421
25	6	0.641026	0.153846	-0.058375	-0.0329551	-0.229414
25	7	0.641026	0.179487	-0.0786478	-0.00137516	0.142751
25	8	0.641026	0.205128	-0.0823775	-0.0444602	-1.1095
25	9	0.641026	0.230769	-0.0874976	-0.0217379	0.948251
25	10	0.641026	0.25641	-0.109777	-0.0367863	-1.59244
25	11	0.641026	0.282051	-0.0945897	-0.0601716	0.912246
25	12	0.641026	0.307692	-0.132593	-0.0234769	-0.936307
25	13	0.641026	0.333333	-0.108944	-0.0949084	-0.305213
25	14	0.641026	0.358974	-0.142786	-0.028601	0.658072
25	15	0.641026	0.384615	-0.136656	-0.103596	-1.96447
25	16	0.641026	0.410256	-0.138385	-0.065447	2.02155
25	17	0.641026	0.435897	-0.172794	-0.0831148	-2.68204
25	18	0.641026	0.461538	-0.127131	-0.123027	1.85021
25	19	0.641026	0.487179	-0.199173	-0.0545332	-1.50298
25	20	0.641026	0.512821	-0.126803	-0.170376	-0.231183
25	21	0.641026	0.538462	-0.193286	-0.0492604	1.21157
25	22	0.641026	0.564103	-0.155152	-0.175885	-3.14921
25	23	0.641026	0.589744	-0.14349	-0.0867142	3.7695
25	24	0.641026	0.615385	-0.206127	-0.130068	-4.83877
25	25	0.641026	0.641026	-0.0630638	-0.157342	4.09977
25	26	0.641026	0.666667	-0.231676	-0.056533	-3.54213
25	27	0.641026	0.692308	0.00284282	-0.220886	1.16112
25	28	0.641026	0.717949	-0.162843	-0.00108043	0.766997
25	29	0.641026	0.74359	-0.0068154	-0.226061	-4.01864
25	30	0.641026	0.769231	0.0270582	-0.00231462	5.90697
25	31	0.641026	0.794872	-0.0981712	-0.152828	-8.54108
25	32	0.641026	0.820513	0.286184	-0.0619168	8.75556
25	33	0.641026	0.846154	-0.133516	-0.0439778	-9.53194
25	34	0.641026	0.871795	0.528691	-0.135039	7.59086
25	35	0.641026	0.897436	0.0860405	0.0281313	-6.60147
25	36	0.641026	0.923077	0.697318	-0.153239	3.57283
25	37	0.641026	0.948718	0.548394	0.0255542	-2.38932
25	38	0.641026	0.974359	0.861509	-0.0961136	0.029361
25	39	0.641026	1	1	0	0
26	0	0.666667	0	0	0	-0.2673
26	1	0.666667	0.025641	-0.0114098	0.0045284	-0.2673
26	2	0.666667	0.0512821	-0.0217223	-0.01116	-0.539855
26	3	0.666667	0.0769231	-0.0322525	0.000148868	0.0996332
26	4	0.666667	0.102564	-0.0432397	-0.00906572	-0.8249
26	5	0.666667	0.128205	-0.0486513	-0.0218199	0.108009
26	6	0.666667	0.153846	-0.065059	-0.00203127	-0.473451
26	7	0.666667	0.179487	-0.0629166	-0.0443336	-0.594196
26	8	0.666667	0.205128	-0.0840684	-0.00923395	0.437326
26	9	0.666667	0.230769	-0.0801475	-0.0499641	-1.49532
26	10	0.666667	0.25641	-0.0965348	-0.040078	1.07368
26	11	0.666667	0.282051	-0.102978	-0.0390598	-1.64208
26	12	0.666667	0.307692	-0.102851	-0.0831093	0.610582
26	13	0.666667	0.333333	-0.127798	-0.0309396	-0.562196
26	14	0.666667	0.358974	-0.110162	-0.114206	-0.929704
26	15	0.666667	0.384615	-0.145773	-0.0477855	1.17751
26	16	0.666667	0.410256	-0.127567	-0.116045	-2.51636
26	17	0.666667	0.435897	-0.148671	-0.0959917	2.26359
26	18	0.666667	0.461538	-0.156081	-0.0923341	-2.78243
26	19	0.666667	0.487179	-0.137906	-0.158933	1.54606
26	20	0.666667	0.512821	-0.183304	-0.0667011	-1.03184
26	21	0.666667	0.538462	-0.128832	-0.204726	-1.06166
26	22	0.666667	0.564103	-0.188123	-0.0690299	2.10078
26	23	0.666667	0.589744	-0.139226	-0.203563	-4.24393
26	24	0.666667	0.615385	-0.153565	-0.117329	4.73759
26	25	0.666667	0.641026	-0.165598	-0.145884	-5.75701
26	26	0.666667	0.666667	-0.083663	-0.202068	4.61762
26	27	0.666667	0.692308	-0.171499	-0.0539841	-3.64611
26	28	0.666667	0.717949	-0.0139597	-0.279767	0.480733
26	29	0.666667	0.74359	-0.110092	0.0188932	2.2058
26	30	0.666667	0.769231	0.010184	-0.287275	-6.52497
26	31	0.666667	0.794872	0.036008	0.0127562	9.14488
26	32	0.666667	0.820513	0.00717882	-0.187727	-12.5137
26	33	0.666667	0.846154	0.246436	-0.0876306	12.7415
26	34	0.666667	0.871795	0.102047	-0.0227948	-13.0706
26	35	0.666667	0.897436	0.479847	-0.20591	10.007
26	36	0.666667	0.923077	0.39628	0.0867801	-7.55057
26	37	0.666667	0.948718	0.708078	-0.201959	3.17972
26	38	0.666667	0.974359	0.804277	0.0266474	-1.45863
26	39	0.666667	1	1	0	0
27	0	0.692308	0	0	0	-0.407693
27	1	0.692308	0.025641	-0.00949096	-0.00639824	-0.407693
27	2	0.692308	0.0512821	-0.0219702	0.0041884	-0.180026
27	3	0.692308	0.0769231	-0.0261557	-0.0121109	-0.752967
27	4	0.692308	0.102564	-0.0414971	-0.00882351	0.0936617
27	5	0.692308	0.128205	-0.0457015	-0.00820121	-0.818178
27	6	0.692308	0.153846	-0.053273	-0.0326581	-0.160846
27	7	0.692308	0.179487	-0.0697576	-0.00738591	-0.253459
27	8	0.692308	0.205128	-0.0607474	-0.0503091	-0.943662
27	9	0.692308	0.230769	-0.09191	-0.0245901	0.563865
27	10	0.692308	0.25641	-0.0734812	-0.0519126	-1.58051
27	11	0.692308	0.282051	-0.103345	-0.0608833	0.825787
27	12	0.692308	0.307692	-0.0978689	-0.0448459	-1.32853
27	13	0.692308	0.333333	-0.102818	-0.100998	0.0416175
27	14	0.692308	0.358974	-0.129549	-0.0478549	-0.0897195
27	15	0.692308	0.384615	-0.100917	-0.125114	-1.44556
27	16	0.692308	0.410256	-0.154025	-0.0761304	1.38783
27	17	0.692308	0.435897	-0.11223	-0.123703	-2.59299
27	18	0.692308	0.461538	-0.156882	-0.129337	1.94566
27	19	0.692308	0.487179	-0.142068	-0.104329	-2.3202
27	20	0.692308	0.512821	-0.137684	-0.189362	0.7706
27	21	0.692308	0.538462	-0.178956	-0.0885712	-0.261058
27	22	0.692308	0.564103	-0.113777	-0.227453	-1.95041
27	23	0.692308	0.589744	-0.197517	-0.102341	2.77569
27	24	0.692308	0.615385	-0.106119	-0.217114	-4.79762
27	25	0.692308	0.641026	-0.172002	-0.160974	4.87761
27	26	0.692308	0.666667	-0.118369	-0.149938	-5.53933
27	27	0.692308	0.692308	-0.0966513	-0.251516	3.81113
27	28	0.692308	0.717949	-0.129518	-0.0519071	-2.34722
27	29	0.692308	0.74359	0.00254411	-0.322273	-1.44342
27	30	0.692308	0.769231	-0.105048	0.0121904	4.44264
27	31	0.692308	0.794872	0.0918604	-0.301154	-8.96885
27	32	0.692308	0.820513	-0.00857604	-0.0257853	11.2777
27	33	0.692308	0.846154	0.187905	-0.157196	-13.8481
27	34	0.692308	0.871795	0.187855	-0.158854	12.9768
27	35	0.692308	0.897436	0.362005	0.031301	-11.7386
27	36	0.692308	0.923077	0.473974	-0.252125	7.5186
27	37	0.692308	0.948718	0.645944	0.0935744	-4.45988
27	38	0.692308	0.974359	0.813452	-0.156623	0.526052
27	39	0.692308	1	1	0	0
28	0	0.717949	0	0	0	-0.414351
28	1	0.717949	0.025641	-0.00979193	0.00221162	-0.414351
28	2	0.717949	0.0512821	-0.01447	-0.00878884	-0.578053
28	3	0.717949	0.0769231	-0.0316617	-0.00141775	-0.174481
28	4	0.717949	0.102564	-0.0281624	-0.0118178	-0.80641
28	5	0.717949	0.128205	-0.0470128	-0.0180612	-0.0928921
28	6	0.717949	0.153846	-0.0493068	-0.0117738	-0.680413
28	7	0.717949	0.179487	-0.0518747	-0.0387491	-0.453916
28	8	0.717949	0.205128	-0.0763225	-0.0196056	-0.148096
28	9	0.717949	0.230769	-0.0544238	-0.052285	-1.04899
28	10	0.717949	0.25641	-0.097668	-0.0426946	0.364233
28	11	0.717949	0.282051	-0.0680071	-0.0562275	-1.33305
28	12	0.717949	0.307692	-0.102612	-0.0771856	0.321298
28	13	0.717949	0.333333	-0.0982762	-0.0589808	-0.909186
28	14	0.717949	0.358974	-0.093468	-0.110698	-0.442586
28	15	0.717949	0.384615	-0.13568	-0.073117	0.106219
28	16	0.717949	0.410256	-0.0864655	-0.131172	-1.52881
28	17	0.717949	0.435897	-0.159849	-0.106559	1.08664
28	18	0.717949	0.461538	-0.0995116	-0.134136	-2.16402
28	19	0.717949	0.487179	-0.15473	-0.156604	1.22058
28	20	0.717949	0.512821	-0.137671	-0.125645	-1.62811
28	21	0.717949	0.538462	-0.123186	-0.208425	-0.0017332
28	22	0.717949	0.564103	-0.18569	-0.122118	0.249733
28	23	0.717949	0.589744	-0.0869134	-0.23836	-2.30446
28	24	0.717949	0.615385	-0.211165	-0.144828	2.68921
28	25	0.717949	0.641026	-0.071089	-0.22322	-4.38329
28	26	0.717949	0.666667	-0.180384	-0.20505	3.95442
28	27	0.717949	0.692308	-0.087304	-0.157192	-4.27393
28	28	0.717949	0.717949	-0.0818981	-0.283721	2.15214
28	29	0.717949	0.74359	-0.123801	-0.0717103	-0.626119
28	30	0.717949	0.769231	0.0610823	-0.323814	-3.08752
28	31	0.717949	0.794872	-0.137628	-0.0348156	5.52198
28	32	0.717949	0.820513	0.213115	-0.261755	-9.09415
28	33	0.717949	0.846154	-0.0536026	-0.0978128	10.1671
28	34	0.717949	0.871795	0.369001	-0.0981596	-11.1257
28	35	0.717949	0.897436	0.192373	-0.208769	9.01131
28	36	0.717949	0.923077	0.557886	0.0495902	-6.96252
28	37	0.717949	0.948718	0.576648	-0.207578	2.94794
28	38	0.717949	0.974359	0.823483	0.0187358	-1.3702
28	39	0.717949	1	1	0	0
29	0	0.74359	0	0	0	-0.510274
29	1	0.74359	0.025641	-0.00670482	-0.002972	-0.510274
29	2	0.74359	0.0512821	-0.0190127	-0.00044784	-0.444973
29	3	0.74359	0.0769231	-0.016577	-0.00919175	-0.641112
29	4	0.74359	0.102564	-0.03817	-0.00840593	-0.319357
29	5	0.74359	0.128205	-0.0306517	-0.0144408	-0.728343
29	6	0.74359	0.153846	-0.0470341	-0.0235502	-0.333645
29	7	0.74359	0.179487	-0.054399	-0.0213035	-0.605546
29	8	0.74359	0.205128	-0.0464145	-0.0406904	-0.564091
29	9	0.74359	0.230769	-0.081091	-0.0348067	-0.312922
29	10	0.74359	0.25641	-0.0487986	-0.0554341	-0.861092
29	11	0.74359	0.282051	-0.096646	-0.0571002	-0.0757116
29	12	0.74359	0.307692	-0.0671794	-0.0675624	-0.971155
29	13	0.74359	0.333333	-0.0934014	-0.0857665	-0.12834
29	14	0.74359	0.358974	-0.102407	-0.0806241	-0.722992
29	15	0.74359	0.384615	-0.0795444	-0.115369	-0.546462
29	16	0.74359	0.410256	-0.139378	-0.100096	-0.15636
29	17	0.74359	0.435897	-0.0745002	-0.139491	-1.15781
29	18	0.74359	0.461538	-0.156037	-0.130863	0.425532
29	19	0.74359	0.487179	-0.0949065	-0.153072	-1.5437
29	20	0.74359	0.512821	-0.140132	-0.173087	0.522598
29	21	0.74359	0.538462	-0.141722	-0.156934	-1.19745
29	22	0.74359	0.564103	-0.100144	-0.217533	-0.280662
29	23	0.74359	0.589744	-0.194051	-0.162054	0.0888876
29	24	0.74359	0.615385	-0.0611295	-0.244867	-1.85123
29	25	0.74359	0.641026	-0.213887	-0.185495	1.76401
29	26	0.74359	0.666667	-0.0506484	-0.234279	-3.19463
29	27	0.74359	0.692308	-0.164998	-0.233876	2.4621
29	28	0.74359	0.717949	-0.0835306	-0.182379	-2.80802
29	29	0.74359	0.74359	-0.0385296	-0.284412	0.839058
29	30	0.74359	0.769231	-0.143417	-0.12102	0.0737911
29	31	0.74359	0.794872	0.136806	-0.286988	-2.89085
29	32	0.74359	0.820513	-0.161277	-0.105176	4.07189
29	33	0.74359	0.846154	0.318583	-0.203865	-6.16662
29	34	0.74359	0.871795	-0.0287901	-0.152059	5.902
29	35	0.74359	0.897436	0.489005	-0.0668916	-5.8932
29	36	0.74359	0.923077	0.310453	-0.184386	3.55811
29	37	0.74359	0.948718	0.683267	0.00957751	-2.38672
29	38	0.74359	0.974359	0.770708	-0.11289	-0.038854
29	39	0.74359	1	1	0	0
30	0	0.769231	0	0	0	-0.57255
30	1	0.769231	0.025641	-0.00732699	-0.00155424	-0.57255
30	2	0.769231	0.0512821	-0.00985803	-0.00315581	-0.558239
30	3	0.769231	0.0769231	-0.0258155	-0.00540693	-0.584541
30	4	0.769231	0.102564	-0.0185132	-0.0111645	-0.588219
30	5	0.769231	0.128205	-0.0397348	-0.0127733	-0.531889
30	6	0.769231	0.153846	-0.0343475	-0.0218994	-0.67346
30	7	0.769231	0.179487	-0.0429554	-0.0250865	-0.447029
30	8	0.769231	0.205128	-0.0581136	-0.0338124	-0.743512
30	9	0.769231	0.230769	-0.041065	-0.0427785	-0.426711
30	10	0.769231	0.25641	-0.0799582	-0.0471291	-0.694
30	11	0.769231	0.282051	-0.0470346	-0.0641621	-0.556169
30	12	0.769231	0.307692	-0.0878885	-0.0644322	-0.487713
30	13	0.769231	0.333333	-0.0696031	-0.085434	-0.797331
30	14	0.769231	0.358974	-0.0799166	-0.0891493	-0.25301
30	15	0.769231	0.384615	-0.104362	-0.103685	-0.939683
30	16	0.769231	0.410256	-0.0678382	-0.121463	-0.246024
30	17	0.769231	0.435897	-0.134348	-0.121094	-0.739358
30	18	0.769231	0.461538	-0.0695242	-0.155127	-0.619169
30	19	0.769231	0.487179	-0.141097	-0.144924	-0.20237
30	20	0.769231	0.512821	-0.0969141	-0.180272	-1.16611
30	21	0.769231	0.538462	-0.118689	-0.180826	0.265804
30	22	0.769231	0.564103	-0.145918	-0.192264	-1.34724
30	23	0.769231	0.589744	-0.079456	-0.224015	0.107309
30	24	0.769231	0.615385	-0.191798	-0.198436	-0.724633
30	25	0.769231	0.641026	-0.0482801	-0.257073	-0.836739
30	26	0.769231	0.666667	-0.196233	-0.212892	0.487065
30	27	0.769231	0.692308	-0.050888	-0.259875	-1.95583
30	28	0.769231	0.717949	-0.128542	-0.2398	1.34514
30	29	0.769231	0.74359	-0.0967795	-0.228147	-2.19329
30	30	0.769231	0.769231	0.0110347	-0.260406	0.930497
30	31	0.769231	0.794872	-0.152215	-0.184583	-1.06121
30	32	0.769231	0.820513	0.189676	-0.242437	-0.561947
30	33	0.769231	0.846154	-0.122768	-0.159517	0.536773
30	34	0.769231	0.871795	0.370153	-0.171783	-1.68467
30	35	0.769231	0.897436	0.098661	-0.146909	0.970766
30	36	0.769231	0.923077	0.550254	-0.0828885	-1.31704
30	37	0.769231	0.948718	0.516289	-0.102757	0.0424988
30	38	0.769231	0.974359	0.806118	-0.0487731	-0.526328
30	39	0.769231	1	1	0	0
31	0	0.794872	0	0	0	-0.618878
31	1	0.794872	0.025641	-0.00474806	0.000667633	-0.618878
31	2	0.794872	0.0512821	-0.0134039	-0.00527867	-0.711285
31	3	0.794872	0.0769231	-0.0121195	-0.00409302	-0.512466
31	4	0.794872	0.102564	-0.0284326	-0.00872228	-0.791177
31	5	0.794872	0.128205	-0.0213443	-0.0168633	-0.534425
31	6	0.794872	0.153846	-0.0372077	-0.0136123	-0.659442
31	7	0.794872	0.179487	-0.0371267	-0.0321002	-0.781377
31	8	0.794872	0.205128	-0.0383121	-0.026027	-0.357407
31	9	0.794872	0.230769	-0.0569362	-0.0441168	-1.07001
31	10	0.794872	0.25641	-0.0387657	-0.0490729	-0.176186
31	11	0.794872	0.282051	-0.0719204	-0.0530742	-1.06759
31	12	0.794872	0.307692	-0.0481467	-0.0783785	-0.398867
31	13	0.794872	0.333333	-0.0750111	-0.0664562	-0.626962
31	14	0.794872	0.358974	-0.0702773	-0.104395	-0.972727
31	15	0.794872	0.384615	-0.0682042	-0.0929889	-0.020814
31	16	0.794872	0.410256	-0.0986948	-0.120917	-1.44264
31	17	0.794872	0.435897	-0.0622128	-0.133475	0.205315
31	18	0.794872	0.461538	-0.1194	-0.132184	-1.29142
31	19	0.794872	0.487179	-0.069961	-0.177335	-0.298467
31	20	0.794872	0.512821	-0.120165	-0.150745	-0.439204
31	21	0.794872	0.538462	-0.0983949	-0.209445	-1.29106
31	22	0.794872	0.564103	-0.0996587	-0.186504	0.56543
31	23	0.794872	0.589744	-0.140564	-0.222303	-2.01055
31	24	0.794872	0.615385	-0.069762	-0.235879	0.900562
31	25	0.794872	0.641026	-0.172491	-0.222291	-1.73353
31	26	0.794872	0.666667	-0.0510469	-0.28065	0.120563
31	27	0.794872	0.692308	-0.162255	-0.222906	-0.390707
31	28	0.794872	0.717949	-0.0624651	-0.298794	-1.44133
31	29	0.794872	0.74359	-0.0900051	-0.230463	1.31842
31	30	0.794872	0.769231	-0.100891	-0.280077	-2.88927
31	31	0.794872	0.794872	0.037819	-0.236213	2.46351
31	32	0.794872	0.820513	-0.114401	-0.231798	-3.44695
31	33	0.794872	0.846154	0.197954	-0.222578	2.57355
31	34	0.794872	0.871795	-0.00573537	-0.166046	-2.96922
31	35	0.794872	0.897436	0.378307	-0.177475	1.78337
31	36	0.794872	0.923077	0.295745	-0.091149	-1.82516
31	37	0.794872	0.948718	0.613798	-0.107543	0.51509
31	38	0.794872	0.974359	0.749001	-0.0441678	-0.707332
31	39	0.794872	1	1	0	0
32	0	0.820513	0	0	0	-0.720961
32	1	0.820513	0.025641	-0.00460425	-0.00379591	-0.720961
32	2	0.820513	0.0512821	-0.00787686	0.00146389	-0.594608
32	3	0.820513	0.0769231	-0.0163369	-0.00811183	-0.911347
32	4	0.820513	0.102564	-0.0148603	-0.00787999	-0.452358
32	5	0.820513	0.128205	-0.0272019	-0.00896206	-0.942242
32	6	0.820513	0.153846	-0.0236197	-0.0249886	-0.604721
32	7	0.820513	0.179487	-0.0334904	-0.013365	-0.621148
32	8	0.820513	0.205128	-0.0360598	-0.0406187	-1.05272
32	9	0.820513	0.230769	-0.0358386	-0.029998	-0.160365
32	10	0.820513	0.25641	-0.0498503	-0.0487072	-1.40537
32	11	0.820513	0.282051	-0.0389435	-0.0598676	-0.0382178
32	12	0.820513	0.307692	-0.059995	-0.0536545	-1.21533
32	13	0.820513	0.333333	-0.0479844	-0.0933881	-0.542109
32	14	0.820513	0.358974	-0.0633711	-0.0679675	-0.451735
32	15	0.820513	0.384615	-0.0645706	-0.117702	-1.40655
32	16	0.820513	0.410256	-0.0617174	-0.101304	0.351478
32	17	0.820513	0.435897	-0.0844439	-0.12842	-1.92338
32	18	0.820513	0.461538	-0.061195	-0.150509	0.465631
32	19	0.820513	0.487179	-0.099098	-0.134983	-1.49785
32	20	0.820513	0.512821	-0.0696998	-0.19984	-0.418656
32	21	0.820513	0.538462	-0.101147	-0.154125	-0.199697
32	22	0.820513	0.564103	-0.0917148	-0.231753	-1.83744
32	23	0.820513	0.589744	-0.0895608	-0.196377	1.16945
32	24	0.820513	0.615385	-0.121395	-0.23951	-2.7754
32	25	0.820513	0.641026	-0.0716728	-0.256057	1.57248
32	26	0.820513	0.666667	-0.140518	-0.231182	-2.33602
32	27	0.820513	0.692308	-0.0609139	-0.311895	0.438462
32	28	0.820513	0.717949	-0.127388	-0.222338	-0.382597
32	29	0.820513	0.74359	-0.0667089	-0.33754	-1.905
32	30	0.820513	0.769231	-0.0703631	-0.224047	2.29144
32	31	0.820513	0.794872	-0.0737276	-0.314607	-4.32228
32	32	0.820513	0.820513	0.0302093	-0.233941	4.34345
32	33	0.820513	0.846154	-0.0254693	-0.23976	-5.42176
32	34	0.820513	0.871795	0.177036	-0.232594	4.56045
32	35	0.820513	0.897436	0.154742	-0.129108	-4.36458
32	36	0.820513	0.923077	0.396102	-0.188618	2.65657
32	37	0.820513	0.948718	0.505562	-0.0336768	-1.80869
32	38	0.820513	0.974359	0.750684	-0.0937922	0.112659
32	39	0.820513	1	1	0	0
33	0	0.846154	0	0	0	-0.74716
33	1	0.846154	0.025641	-0.00356517	0.00226483	-0.74716
33	2	0.846154	0.0512821	-0.00738821	-0.00663908	-0.889604
33	3	0.846154	0.0769231	-0.0110614	-0.000101441	-0.542955
33	4	0.846154	0.102564	-0.0159855	-0.00820566	-1.07926
33	5	0.846154	0.128205	-0.017201	-0.013872	-0.485651
33	6	0.846154	0.153846	-0.02439	-0.00775289	-0.956985
33	7	0.846154	0.179487	-0.0229652	-0.0319218	-0.818761
33	8	0.846154	0.205128	-0.0310791	-0.0151695	-0.478558
33	9	0.846154	0.230769	-0.0301749	-0.0440828	-1.34961
33	10	0.846154	0.25641	-0.0353483	-0.0376278	-0.0424916
33	11	0.846154	0.282051	-0.0393231	-0.0479314	-1.55922
33	12	0.846154	0.307692	-0.0382366	-0.0713004	-0.155613
33	13	0.846154	0.333333	-0.0488683	-0.0527989	-1.08636
33	14	0.846154	0.358974	-0.0426747	-0.103077	-0.92202
33	15	0.846154	0.384615	-0.0561204	-0.0725575	-0.140358
33	16	0.846154	0.410256	-0.0517543	-0.121484	-1.83469
33	17	0.846154	0.435897	-0.0592031	-0.113308	0.564287
33	18	0.846154	0.461538	-0.0656432	-0.127291	-2.10382
33	19	0.846154	0.487179	-0.0595472	-0.166671	0.33684
33	20	0.846154	0.512821	-0.0802392	-0.134368	-1.28589
33	21	0.846154	0.538462	-0.0626827	-0.214387	-0.904712
33	22	0.846154	0.564103	-0.0891984	-0.159957	0.289749
33	23	0.846154	0.589744	-0.074171	-0.240568	-2.44694
33	24	0.846154	0.615385	-0.0879506	-0.211623	1.63304
33	25	0.846154	0.641026	-0.092729	-0.242179	-3.1569
33	26	0.846154	0.666667	-0.0774835	-0.279553	1.67709
33	27	0.846154	0.692308	-0.108161	-0.230581	-2.19502
33	28	0.846154	0.717949	-0.0641688	-0.33853	-0.0207424
33	29	0.846154	0.74359	-0.106771	-0.224003	0.369302
33	30	0.846154	0.769231	-0.0503164	-0.358252	-2.84887
33	31	0.846154	0.794872	-0.0754833	-0.234696	3.40303
33	32	0.846154	0.820513	-0.0171775	-0.316716	-5.26021
33	33	0.846154	0.846154	0.00466381	-0.25425	5.16776
33	34	0.846154	0.871795	0.082624	-0.212702	-5.5685
33	35	0.846154	0.897436	0.170739	-0.244787	4.3598
33	36	0.846154	0.923077	0.310145	-0.0823724	-3.33299
33	37	0.846154	0.948718	0.48292	-0.158593	1.5438
33	38	0.846154	0.974359	0.717616	-0.0157394	-0.677634
33	39	0.846154	1	1	0	0
34	0	0.871795	0	0	0	-0.851686
34	1	0.871795	0.025641	-0.00263075	-0.00324159	-0.851686
34	2	0.871795	0.0512821	-0.00709277	0.0029096	-0.732577
34	3	0.871795	0.0769231	-0.00770777	-0.00704826	-1.05037
34	4	0.871795	0.102564	-0.0138378	-0.00377189	-0.554755
34	5	0.871795	0.128205	-0.0139975	-0.0065321	-1.13854
34	6	0.871795	0.153846	-0.0172543	-0.0192548	-0.644987
34	7	0.871795	0.179487	-0.0222049	-0.00772946	-0.868722
34	8	0.871795	0.205128	-0.0184961	-0.034577	-1.07665
34	9	0.871795	0.230769	-0.0301185	-0.0199046	-0.380178
34	10	0.871795	0.25641	-0.021474	-0.0423114	-1.51116
34	11	0.871795	0.282051	-0.0342065	-0.0459041	-0.133347
34	12	0.871795	0.307692	-0.0294086	-0.0448779	-1.47445
34	13	0.871795	0.333333	-0.0334532	-0.0780096	-0.489414
34	14	0.871795	0.358974	-0.0414323	-0.0536655	-0.820805
34	15	0.871795	0.384615	-0.0317208	-0.103686	-1.31969
34	16	0.871795	0.410256	-0.0522925	-0.079675	0.0506701
34	17	0.871795	0.435897	-0.0354437	-0.116304	-2.01416
34	18	0.871795	0.461538	-0.0561814	-0.123757	0.440607
34	19	0.871795	0.487179	-0.0482201	-0.121509	-1.91574
34	20	0.871795	0.512821	-0.052366	-0.174447	-0.121042
34	21	0.871795	0.538462	-0.0671191	-0.134168	-0.848308
34	22	0.871795	0.564103	-0.047283	-0.215036	-1.45412
34	23	0.871795	0.589744	-0.0835179	-0.16836	0.658033
34	24	0.871795	0.615385	-0.0499037	-0.234447	-2.72813
34	25	0.871795	0.641026	-0.0880431	-0.226752	1.61048
34	26	0.871795	0.666667	-0.0643595	-0.234441	-2.91669
34	27	0.871795	0.692308	-0.0767221	-0.29534	1.14347
34	28	0.871795	0.717949	-0.0863811	-0.229103	-1.46464
34	29	0.871795	0.74359	-0.0525755	-0.346796	-0.845237
34	30	0.871795	0.769231	-0.103221	-0.236105	1.20368
34	31	0.871795	0.794872	-0.0174204	-0.35159	-3.38374
34	32	0.871795	0.820513	-0.0906084	-0.260195	3.68916
34	33	0.871795	0.846154	0.0430541	-0.291956	-4.79505
34	34	0.871795	0.871795	-0.00522516	-0.274592	4.34914
34	35	0.871795	0.897436	0.172007	-0.175	-3.86207
34	36	0.871795	0.923077	0.220978	-0.221721	2.65135
34	37	0.871795	0.948718	0.452855	-0.0493577	-1.32605
34	38	0.871795	0.974359	0.670649	-0.0808284	0.308094
34	39	0.871795	1	1	0	0
35	0	0.897436	0	0	0	-0.890294
35	1	0.897436	0.025641	-0.00302742	0.00180209	-0.890294
35	2	0.897436	0.0512821	-0.00377145	-0.0040277	-0.978498
35	3	0.897436	0.0769231	-0.0102701	0.00152954	-0.747315
35	4	0.897436	0.102564	-0.0066052	-0.00545931	-1.13482
35	5	0.897436	0.128205	-0.0146754	-0.00750832	-0.669846
35	6	0.897436	0.153846	-0.0122462	-0.00525054	-1.10068
35	7	0.897436	0.179487	-0.0142321	-0.0213591	-0.863277
35	8	0.897436	0.205128	-0.0210497	-0.0099214	-0.790348
35	9	0.897436	0.230769	-0.0118304	-0.0324062	-1.24756
35	10	0.897436	0.25641	-0.0286413	-0.0253489	-0.439062
35	11	0.897436	0.282051	-0.0134417	-0.0376135	-1.47841
35	12	0.897436	0.307692	-0.0298266	-0.0502904	-0.414223
35	13	0.897436	0.333333	-0.022763	-0.0422347	-1.25594
35	14	0.897436	0.358974	-0.0242826	-0.0764758	-0.864472
35	15	0.897436	0.384615	-0.0370434	-0.0559303	-0.631665
35	16	0.897436	0.410256	-0.0183936	-0.0953219	-1.52806
35	17	0.897436	0.435897	-0.0481146	-0.0848298	-0.0335462
35	18	0.897436	0.461538	-0.0208954	-0.105307	-1.8806
35	19	0.897436	0.487179	-0.0486043	-0.12599	0.0250429
35	20	0.897436	0.512821	-0.0359477	-0.114041	-1.51757
35	21	0.897436	0.538462	-0.03871	-0.168507	-0.658083
35	22	0.897436	0.564103	-0.0590312	-0.133869	-0.490699
35	23	0.897436	0.589744	-0.0274451	-0.200381	-1.75149
35	24	0.897436	0.615385	-0.0783936	-0.173797	0.635893
35	25	0.897436	0.641026	-0.0269323	-0.216296	-2.50955
35	26	0.897436	0.666667	-0.0816812	-0.231833	1.07082
35	27	0.897436	0.692308	-0.0444385	-0.221683	-2.20342
35	28	0.897436	0.717949	-0.0639998	-0.292193	0.308671
35	29	0.897436	0.74359	-0.0765443	-0.230443	-0.653016
35	30	0.897436	0.769231	-0.0303616	-0.330197	-1.3916
35	31	0.897436	0.794872	-0.10484	-0.254045	1.4646
35	32	0.897436	0.820513	0.013227	-0.322964	-2.94025
35	33	0.897436	0.846154	-0.0915624	-0.28204	2.86662
35	34	0.897436	0.871795	0.0800814	-0.258756	-3.06555
35	35	0.897436	0.897436	0.0254614	-0.266588	2.58711
35	36	0.897436	0.923077	0.235817	-0.142346	-1.52533
35	37	0.897436	0.948718	0.344389	-0.148729	1.07436
35	38	0.897436	0.974359	0.637334	-0.0165361	0.0515139
35	39	0.897436	1	1	0	0
36	0	0.923077	0	0	0	-0.971077
36	1	0.923077	0.025641	-0.00229055	-0.000971296	-0.971077
36	2	0.923077	0.0512821	-0.00632119	0.00218776	-0.926867
36	3	0.923077	0.0769231	-0.00381814	-0.00284649	-1.06598
36	4	0.923077	0.102564	-0.0117217	-0.000515508	-0.833877
36	5	0.923077	0.128205	-0.00559002	-0.0036478	-1.13963
36	6	0.923077	0.153846	-0.0128875	-0.00917015	-0.84791
36	7	0.923077	0.179487	-0.0113469	-0.00545721	-1.04725
36	8	0.923077	0.205128	-0.00945544	-0.0194396	-1.03891
36	9	0.923077	0.230769	-0.019596	-0.0127857	-0.816495
36	10	0.923077	0.25641	-0.00597257	-0.0270375	-1.27551
36	11	0.923077	0.282051	-0.0246443	-0.0277896	-0.651003
36	12	0.923077	0.307692	-0.00854615	-0.0321826	-1.32663
36	13	0.923077	0.333333	-0.022054	-0.0476164	-0.749668
36	14	0.923077	0.358974	-0.0191095	-0.0398291	-1.07538
36	15	0.923077	0.384615	-0.0136828	-0.0664664	-1.11003
36	16	0.923077	0.410256	-0.0326703	-0.0558358	-0.650133
36	17	0.923077	0.435897	-0.00741513	-0.0803929	-1.4897
36	18	0.923077	0.461538	-0.040282	-0.0822515	-0.359894
36	19	0.923077	0.487179	-0.0115822	-0.0907511	-1.56301
36	20	0.923077	0.512821	-0.0359711	-0.115278	-0.477878
36	21	0.923077	0.538462	-0.0284998	-0.103992	-1.15964
36	22	0.923077	0.564103	-0.0223103	-0.147426	-1.02068
36	23	0.923077	0.589744	-0.0515059	-0.128116	-0.423758
36	24	0.923077	0.615385	-0.0100078	-0.172313	-1.67264
36	25	0.923077	0.641026	-0.0676194	-0.167271	0.216848
36	26	0.923077	0.666667	-0.0117292	-0.189117	-1.92891
36	27	0.923077	0.692308	-0.0653394	-0.21709	0.291881
36	28	0.923077	0.717949	-0.033956	-0.204255	-1.41546
36	29	0.923077	0.74359	-0.0431126	-0.264269	-0.350992
36	30	0.923077	0.769231	-0.0698633	-0.227731	-0.220159
36	31	0.923077	0.794872	-0.0105257	-0.291667	-1.29419
36	32	0.923077	0.820513	-0.0948756	-0.261005	1.02889
36	33	0.923077	0.846154	0.0246816	-0.284281	-1.70802
36	34	0.923077	0.871795	-0.0651333	-0.278164	1.56224
36	35	0.923077	0.897436	0.0892669	-0.227307	-1.03155
36	36	0.923077	0.923077	0.0956256	-0.217368	1.2113
36	37	0.923077	0.948718	0.31088	-0.101714	0.206281
36	38	0.923077	0.974359	0.55536	-0.0322185	0.70396
36	39	0.923077	1	1	0	0
37	0	0.948718	0	0	0	-1.02783
37	1	0.948718	0.025641	-0.00322911	0.000936442	-1.02783
37	2	0.948718	0.0512821	-0.0037222	-0.000165598	-1.04554
37	3	0.948718	0.0769231	-0.00802342	0.00161081	-0.998001
37	4	0.948718	0.102564	-0.00365042	-0.0012338	-1.10195
37	5	0.948718	0.128205	-0.0106599	-0.00174231	-0.970289
37	6	0.948718	0.153846	-0.00526481	-0.00273725	-1.11885
37	7	0.948718	0.179487	-0.00939333	-0.0079753	-1.01203
37	8	0.948718	0.205128	-0.0103962	-0.00615444	-1.05252
37	9	0.948718	0.230769	-0.00533373	-0.014572	-1.1206
37	10	0.948718	0.25641	-0.0162326	-0.0133631	-0.950136
37	11	0.948718	0.282051	-0.00303882	-0.020191	-1.21102
37	12	0.948718	0.307692	-0.0179268	-0.0244657	-0.912135
37	13	0.948718	0.333333	-0.00668528	-0.0259285	-1.18913
37	14	0.948718	0.358974	-0.0133242	-0.0374435	-1.0009
37	15	0.948718	0.384615	-0.0159909	-0.0345576	-1.03866
37	16	0.948718	0.410256	-0.0056643	-0.0497979	-1.17594
37	17	0.948718	0.435897	-0.0255539	-0.0484659	-0.848405
37	18	0.948718	0.461538	-0.00180834	-0.0606212	-1.30846
37	19	0.948718	0.487179	-0.0284305	-0.0678058	-0.758483
37	20	0.948718	0.512821	-0.00742192	-0.0715741	-1.2654
37	21	0.948718	0.538462	-0.021545	-0.0902225	-0.860736
37	22	0.948718	0.564103	-0.0224863	-0.0863611	-1.00731
37	23	0.948718	0.589744	-0.00892339	-0.112382	-1.11509
37	24	0.948718	0.615385	-0.0399357	-0.108796	-0.638318
37	25	0.948718	0.641026	-0.000243597	-0.132277	-1.34004
37	26	0.948718	0.666667	-0.0489841	-0.139993	-0.365185
37	27	0.948718	0.692308	-0.00532134	-0.151113	-1.3048
37	28	0.948718	0.717949	-0.0424357	-0.176448	-0.359145
37	29	0.948718	0.74359	-0.0269645	-0.173583	-0.892443
37	30	0.948718	0.769231	-0.0232573	-0.210945	-0.582238
37	31	0.948718	0.794872	-0.0552254	-0.204103	-0.227244
37	32	0.948718	0.820513	-0.00278874	-0.235126	-0.723128
37	33	0.948718	0.846154	-0.0663784	-0.236295	0.383822
37	34	0.948718	0.871795	0.016794	-0.237376	-0.389255
37	35	0.948718	0.897436	-0.0205506	-0.236677	0.749143
37	36	0.948718	0.923077	0.0909904	-0.185646	0.475583
37	37	0.948718	0.948718	0.192216	-0.132477	1.01647
37	38	0.948718	0.974359	0.471902	0.00224046	1.32318
37	39	0.948718	1	1	0	0
38	0	0.974359	0	0	0	-1.09178
38	1	0.974359	0.025641	-0.00417055	0.000585661	-1.09178
38	2	0.974359	0.0512821	-0.00619474	0.00127596	-1.10029
38	3	0.974359	0.0769231	-0.00539217	0.000673603	-1.11117
38	4	0.974359	0.102564	-0.00842315	0.000715526	-1.10644
38	5	0.974359	0.128205	-0.00512132	-0.000370523	-1.13196
38	6	0.974359	0.153846	-0.00903489	-0.00145457	-1.11359
38	7	0.974359	0.179487	-0.00648559	-0.00213942	-1.14151
38	8	0.974359	0.205128	-0.007451	-0.00457024	-1.13083
38	9	0.974359	0.230769	-0.00956202	-0.00501184	-1.13661
38	10	0.974359	0.25641	-0.00505006	-0.00806036	-1.15414
38	11	0.974359	0.282051	-0.0121566	-0.00929441	-1.12671
38	12	0.974359	0.307692	-0.00450311	-0.0118255	-1.1694
38	13	0.974359	0.333333	-0.0118686	-0.0148322	-1.12575
38	14	0.974359	0.358974	-0.0074302	-0.0163256	-1.16399
38	15	0.974359	0.384615	-0.00841746	-0.0211393	-1.13992
38	16	0.974359	0.410256	-0.0127478	-0.022294	-1.13692
38	17	0.974359	0.435897	-0.00429043	-0.0278366	-1.16048
38	18	0.974359	0.461538	-0.0170734	-0.0302524	-1.10063
38	19	0.974359	0.487179	-0.00322673	-0.0350055	-1.1667
38	20	0.974359	0.512821	-0.0170178	-0.0401704	-1.0733
38	21	0.974359	0.538462	-0.0076379	-0.0433302	-1.13731
38	22	0.974359	0.564103	-0.0118567	-0.0515784	-1.06473
38	23	0.974359	0.589744	-0.0165142	-0.053977	-1.06367
38	24	0.974359	0.615385	-0.00472051	-0.0640203	-1.06265
38	25	0.974359	0.641026	-0.0252057	-0.0680338	-0.956386
38	26	0.974359	0.666667	-0.00129507	-0.0775456	-1.03039
38	27	0.974359	0.692308	-0.0279853	-0.0857576	-0.836864
38	28	0.974359	0.717949	-0.0063099	-0.0931667	-0.921979
38	29	0.974359	0.74359	-0.0225738	-0.10644	-0.709728
38	30	0.974359	0.769231	-0.0192389	-0.112865	-0.704778
38	31	0.974359	0.794872	-0.0130348	-0.12899	-0.526522
38	32	0.974359	0.820513	-0.0318779	-0.137639	-0.361654
38	33	0.974359	0.846154	-0.0058327	-0.151301	-0.169353
38	34	0.974359	0.871795	-0.0288989	-0.161496	0.156812
38	35	0.974359	0.897436	0.00843297	-0.162761	0.525572
38	36	0.974359	0.923077	0.0271462	-0.154457	1.01545
38	37	0.974359	0.948718	0.126049	-0.110393	1.66155
38	38	0.974359	0.974359	0.357011	0.02381	2.51067
38	39	0.974359	1	1	0	0
39	0	1	0	0	0	-1.09178
39	1	1	0.025641	0	0	-1.09178
39	2	1	0.0512821	0	0	-1.10029
39	3	1	0.0769231	0	0	-1.11117
39	4	1	0.102564	0	0	-1.10644
39	5	1	0.128205	0	0	-1.13196
39	6	1	0.153846	0	0	-1.11359
39	7	1	0.179487	0	0	-1.14151
39	8	1	0.205128	0	0	-1.13083
39	9	1	0.230769	0	0	-1.13661
39	10	1	0.25641	0	0	-1.15414
39	11	1	0.282051	0	0	-1.12671
39	12	1	0.307692	0	0	-1.1694
39	13	1	0.333333	0	0	-1.12575
39	14	1	0.358974	0	0	-1.16399
39	15	1	0.384615	0	0	-1.13992
39	16	1	0.410256	0	0	-1.13692
39	17	1	0.435897	0	0	-1.16048
39	18	1	0.461538	0	0	-1.10063
39	19	1	0.487179	0	0	-1.1667
39	20	1	0.512821	0	0	-1.0733
39	21	1	0.538462	0	0	-1.13731
39	22	1	0.564103	0	0	-1.06473
39	23	1	0.589744	0	0	-1.06367
39	24	1	0.615385	0	0	-1.06265
39	25	1	0.641026	0	0	-0.956386
39	26	1	0.666667	0	0	-1.03039
39	27	1	0.692308	0	0	-0.836864
39	28	1	0.717949	0	0	-0.921979
39	29	1	0.74359	0	0	-0.709728
39	30	1	0.769231	0	0	-0.704778
39	31	1	0.794872	0	0	-0.526522
39	32	1	0.820513	0	0	-0.361654
39	33	1	0.846154	0	0	-0.169353
39	34	1	0.871795	0	0	0.156812
39	35	1	0.897436	0	0	0.525572
39	36	1	0.923077	0	0	1.01545
39	37	1	0.948718	0	0	1.66155
39	38	1	0.974359	0	0	2.51067
39	39	1	1	1	0	0
