# i		j		x		y		u		v		p
# nx		ny		
# 40		40
# =================================
0	0	0	0	0	0	1.11085
0	1	0	0.025641	0	0	1.11085
0	2	0	0.0512821	0	0	1.11899
0	3	0	0.0769231	0	0	1.1263
0	4	0	0.102564	0	0	1.13282
0	5	0	0.128205	0	0	1.13859
0	6	0	0.153846	0	0	1.14332
0	7	0	0.179487	0	0	1.14739
0	8	0	0.205128	0	0	1.15031
0	9	0	0.230769	0	0	1.15231
0	10	0	0.25641	0	0	1.15332
0	11	0	0.282051	0	0	1.15279
0	12	0	0.307692	0	0	1.15149
0	13	0	0.333333	0	0	1.14813
0	14	0	0.358974	0	0	1.14375
0	15	0	0.384615	0	0	1.13737
0	16	0	0.410256	0	0	1.12889
0	17	0	0.435897	0	0	1.119
0	18	0	0.461538	0	0	1.10564
0	19	0	0.487179	0	0	1.09092
0	20	0	0.512821	0	0	1.07225
0	21	0	0.538462	0	0	1.05066
0	22	0	0.564103	0	0	1.02587
0	23	0	0.589744	0	0	0.99534
0	24	0	0.615385	0	0	0.961933
0	25	0	0.641026	0	0	0.920718
0	26	0	0.666667	0	0	0.873843
0	27	0	0.692308	0	0	0.818894
0	28	0	0.717949	0	0	0.751495
0	29	0	0.74359	0	0	0.674598
0	30	0	0.769231	0	0	0.576169
0	31	0	0.794872	0	0	0.458517
0	32	0	0.820513	0	0	0.307704
0	33	0	0.846154	0	0	0.111721
0	34	0	0.871795	0	0	-0.141352
0	35	0	0.897436	0	0	-0.486635
0	36	0	0.923077	0	0	-0.939535
0	37	0	0.948718	0	0	-1.49934
0	38	0	0.974359	0	0	-2.37941
0	39	0	1	1	0	0
1	0	0.025641	0	0	0	1.11085
1	1	0.025641	0.025641	-0.00433174	-0.000626732	1.11085
1	2	0.025641	0.0512821	-0.00591507	-0.0010139	1.11899
1	3	0.025641	0.0769231	-0.00660896	-0.000802747	1.1263
1	4	0.025641	0.102564	-0.00700755	-0.000220948	1.13282
1	5	0.025641	0.128205	-0.00726891	0.000664401	1.13859
1	6	0.025641	0.153846	-0.00752073	0.00180237	1.14332
1	7	0.025641	0.179487	-0.00771198	0.0031748	1.14739
1	8	0.025641	0.205128	-0.00792832	0.004775	1.15031
1	9	0.025641	0.230769	-0.00812607	0.00657713	1.15231
1	10	0.025641	0.25641	-0.0083021	0.00860724	1.15332
1	11	0.025641	0.282051	-0.00854114	0.0108299	1.15279
1	12	0.025641	0.307692	-0.00868432	0.0132767	1.15149
1	13	0.025641	0.333333	-0.00895067	0.0159384	1.14813
1	14	0.025641	0.358974	-0.00911749	0.0188069	1.14375
1	15	0.025641	0.384615	-0.00934987	0.0219337	1.13737
1	16	0.025641	0.410256	-0.009616	0.025257	1.12889
1	17	0.025641	0.435897	-0.00977027	0.0288665	1.119
1	18	0.025641	0.461538	-0.010149	0.0327051	1.10564
1	19	0.025641	0.487179	-0.0102805	0.0368151	1.09092
1	20	0.025641	0.512821	-0.0106765	0.0412362	1.07225
1	21	0.025641	0.538462	-0.0109366	0.0458973	1.05066
1	22	0.025641	0.564103	-0.0112257	0.0509523	1.02587
1	23	0.025641	0.589744	-0.0117318	0.0562773	0.99534
1	24	0.025641	0.615385	-0.0119335	0.0620191	0.961933
1	25	0.025641	0.641026	-0.0126304	0.0681758	0.920718
1	26	0.025641	0.666667	-0.0129895	0.0747308	0.873843
1	27	0.025641	0.692308	-0.0137015	0.0819107	0.818894
1	28	0.025641	0.717949	-0.01452	0.0895515	0.751495
1	29	0.025641	0.74359	-0.0152007	0.0979576	0.674598
1	30	0.025641	0.769231	-0.0164919	0.107041	0.576169
1	31	0.025641	0.794872	-0.0172514	0.116806	0.458517
1	32	0.025641	0.820513	-0.018226	0.12727	0.307704
1	33	0.025641	0.846154	-0.0179766	0.137574	0.111721
1	34	0.025641	0.871795	-0.0145072	0.146645	-0.141352
1	35	0.025641	0.897436	-0.00342131	0.150764	-0.486635
1	36	0.025641	0.923077	0.0292052	0.142019	-0.939535
1	37	0.025641	0.948718	0.114945	0.106121	-1.49934
1	38	0.025641	0.974359	0.344052	-0.0208624	-2.37941
1	39	0.025641	1	1	0	0
2	0	0.0512821	0	0	0	1.04672
2	1	0.0512821	0.025641	-0.00320502	-0.00045837	1.04672
2	2	0.0512821	0.0512821	-0.00510891	-0.000653	1.05019
2	3	0.0512821	0.0769231	-0.00631103	-0.000226533	1.05444
2	4	0.0512821	0.102564	-0.00713683	0.00082464	1.05931
2	5	0.0512821	0.128205	-0.00783725	0.00239979	1.06297
2	6	0.0512821	0.153846	-0.00838903	0.00447985	1.06741
2	7	0.0512821	0.179487	-0.00896747	0.00700987	1.06955
2	8	0.0512821	0.205128	-0.00945788	0.00993572	1.0722
2	9	0.0512821	0.230769	-0.00996134	0.0133193	1.07331
2	10	0.0512821	0.25641	-0.0104921	0.0170247	1.07261
2	11	0.0512821	0.282051	-0.0109169	0.0211968	1.07307
2	12	0.0512821	0.307692	-0.011524	0.0257058	1.06844
2	13	0.0512821	0.333333	-0.0119261	0.0306176	1.0669
2	14	0.0512821	0.358974	-0.0125459	0.0359899	1.05969
2	15	0.0512821	0.384615	-0.0130593	0.041648	1.05297
2	16	0.0512821	0.410256	-0.0135746	0.0479027	1.04521
2	17	0.0512821	0.435897	-0.0143146	0.0544082	1.03067
2	18	0.0512821	0.461538	-0.0147001	0.0614978	1.02181
2	19	0.0512821	0.487179	-0.0156186	0.0690089	1.00039
2	20	0.0512821	0.512821	-0.0160554	0.0768972	0.985354
2	21	0.0512821	0.538462	-0.0169255	0.0855084	0.961173
2	22	0.0512821	0.564103	-0.0177166	0.0942954	0.933142
2	23	0.0512821	0.589744	-0.0183495	0.103951	0.908023
2	24	0.0512821	0.615385	-0.0196464	0.11389	0.864632
2	25	0.0512821	0.641026	-0.0201866	0.12447	0.832131
2	26	0.0512821	0.666667	-0.0217987	0.135779	0.777643
2	27	0.0512821	0.692308	-0.0227442	0.147292	0.724236
2	28	0.0512821	0.717949	-0.0242991	0.159859	0.661815
2	29	0.0512821	0.74359	-0.026029	0.172393	0.576006
2	30	0.0512821	0.769231	-0.0272416	0.18548	0.494939
2	31	0.0512821	0.794872	-0.0290807	0.198328	0.373021
2	32	0.0512821	0.820513	-0.0288877	0.209706	0.244988
2	33	0.0512821	0.846154	-0.0267931	0.218752	0.0816187
2	34	0.0512821	0.871795	-0.0177486	0.221036	-0.125074
2	35	0.0512821	0.897436	0.0061744	0.212129	-0.348309
2	36	0.0512821	0.923077	0.0621907	0.182076	-0.634442
2	37	0.0512821	0.948718	0.188552	0.120673	-0.877419
2	38	0.0512821	0.974359	0.455314	0.00155422	-1.22019
2	39	0.0512821	1	1	0	0
3	0	0.0769231	0	0	0	0.985544
3	1	0.0769231	0.025641	-0.00302871	-0.000115363	0.985544
3	2	0.0769231	0.0512821	-0.00541705	4.58726e-05	0.987945
3	3	0.0769231	0.0769231	-0.0072649	0.000886121	0.991518
3	4	0.0769231	0.102564	-0.00879066	0.0024004	0.994282
3	5	0.0769231	0.128205	-0.0100503	0.00465469	0.998876
3	6	0.0769231	0.153846	-0.0112481	0.00753079	1.00004
3	7	0.0769231	0.179487	-0.0122779	0.0110193	1.00401
3	8	0.0769231	0.205128	-0.0133323	0.015141	1.00417
3	9	0.0769231	0.230769	-0.0143147	0.0197145	1.00477
3	10	0.0769231	0.25641	-0.0152581	0.0249834	1.00579
3	11	0.0769231	0.282051	-0.016309	0.0306291	1.00066
3	12	0.0769231	0.307692	-0.017171	0.036931	1.00251
3	13	0.0769231	0.333333	-0.0183058	0.0437421	0.992787
3	14	0.0769231	0.358974	-0.0192017	0.0509893	0.991023
3	15	0.0769231	0.384615	-0.0203128	0.0590372	0.981769
3	16	0.0769231	0.410256	-0.0214234	0.0672767	0.969612
3	17	0.0769231	0.435897	-0.0223807	0.076483	0.964882
3	18	0.0769231	0.461538	-0.0238031	0.0859309	0.940015
3	19	0.0769231	0.487179	-0.0246435	0.0960944	0.935755
3	20	0.0769231	0.512821	-0.0262368	0.106975	0.905192
3	21	0.0769231	0.538462	-0.0272576	0.117988	0.888483
3	22	0.0769231	0.564103	-0.0286912	0.13026	0.863538
3	23	0.0769231	0.589744	-0.0302724	0.142298	0.822759
3	24	0.0769231	0.615385	-0.0313398	0.155546	0.805205
3	25	0.0769231	0.641026	-0.0335678	0.168912	0.74306
3	26	0.0769231	0.666667	-0.034495	0.182584	0.71634
3	27	0.0769231	0.692308	-0.0369183	0.197136	0.649204
3	28	0.0769231	0.717949	-0.0381831	0.210779	0.588525
3	29	0.0769231	0.74359	-0.0398602	0.225243	0.526288
3	30	0.0769231	0.769231	-0.0411376	0.237926	0.421446
3	31	0.0769231	0.794872	-0.0402291	0.249203	0.347028
3	32	0.0769231	0.820513	-0.0379221	0.257277	0.211387
3	33	0.0769231	0.846154	-0.028205	0.258706	0.0896878
3	34	0.0769231	0.871795	-0.00863392	0.251579	-0.0582105
3	35	0.0769231	0.897436	0.0338553	0.228581	-0.235017
3	36	0.0769231	0.923077	0.116373	0.184835	-0.378387
3	37	0.0769231	0.948718	0.271678	0.116628	-0.515559
3	38	0.0769231	0.974359	0.545444	0.0212573	-0.607876
3	39	0.0769231	1	1	0	0
4	0	0.102564	0	0	0	0.921591
4	1	0.102564	0.025641	-0.00313763	0.000237321	0.921591
4	2	0.102564	0.0512821	-0.00604777	0.0008271	0.924075
4	3	0.102564	0.0769231	-0.0086151	0.00208934	0.926323
4	4	0.102564	0.102564	-0.0108611	0.00418017	0.930326
4	5	0.102564	0.128205	-0.0129085	0.00698762	0.931068
4	6	0.102564	0.153846	-0.014735	0.0106039	0.935885
4	7	0.102564	0.179487	-0.0165138	0.0149428	0.934759
4	8	0.102564	0.205128	-0.0181386	0.0199101	0.937676
4	9	0.102564	0.230769	-0.019769	0.0257057	0.93724
4	10	0.102564	0.25641	-0.0213606	0.031935	0.934038
4	11	0.102564	0.282051	-0.0228844	0.0390608	0.936861
4	12	0.102564	0.307692	-0.0245569	0.0466276	0.925935
4	13	0.102564	0.333333	-0.0260298	0.0549072	0.929523
4	14	0.102564	0.358974	-0.0277849	0.063956	0.915884
4	15	0.102564	0.384615	-0.0293419	0.0732924	0.911119
4	16	0.102564	0.410256	-0.0310582	0.0838237	0.903928
4	17	0.102564	0.435897	-0.0328755	0.0943539	0.881744
4	18	0.102564	0.461538	-0.0344264	0.106094	0.884146
4	19	0.102564	0.487179	-0.0365606	0.11814	0.846704
4	20	0.102564	0.512821	-0.0380096	0.130695	0.846764
4	21	0.102564	0.538462	-0.040246	0.144413	0.810703
4	22	0.102564	0.564103	-0.0419192	0.157625	0.786245
4	23	0.102564	0.589744	-0.0438362	0.172597	0.768901
4	24	0.102564	0.615385	-0.0460827	0.186683	0.707643
4	25	0.102564	0.641026	-0.0473716	0.201885	0.704945
4	26	0.102564	0.666667	-0.0500657	0.21693	0.621429
4	27	0.102564	0.692308	-0.0507577	0.231133	0.601934
4	28	0.102564	0.717949	-0.0528265	0.246048	0.52772
4	29	0.102564	0.74359	-0.0527404	0.257925	0.457444
4	30	0.102564	0.769231	-0.0516908	0.269456	0.406488
4	31	0.102564	0.794872	-0.0483058	0.276268	0.284337
4	32	0.102564	0.820513	-0.0384025	0.278243	0.231487
4	33	0.102564	0.846154	-0.021832	0.27285	0.0943564
4	34	0.102564	0.871795	0.0128674	0.255098	0.00498922
4	35	0.102564	0.897436	0.0713945	0.223898	-0.103305
4	36	0.102564	0.923077	0.175162	0.17372	-0.205196
4	37	0.102564	0.948718	0.345314	0.107879	-0.235885
4	38	0.102564	0.974359	0.611219	0.0351045	-0.2384
4	39	0.102564	1	1	0	0
5	0	0.128205	0	0	0	0.856829
5	1	0.128205	0.025641	-0.00358462	0.000556733	0.856829
5	2	0.128205	0.0512821	-0.00713786	0.00150117	0.859469
5	3	0.128205	0.0769231	-0.010466	0.00327483	0.862594
5	4	0.128205	0.102564	-0.0135283	0.00579722	0.863879
5	5	0.128205	0.128205	-0.0163605	0.00923227	0.868372
5	6	0.128205	0.153846	-0.0190138	0.013418	0.867052
5	7	0.128205	0.179487	-0.0214926	0.0184196	0.871684
5	8	0.128205	0.205128	-0.0239195	0.0242588	0.869248
5	9	0.128205	0.230769	-0.0262074	0.0306789	0.869792
5	10	0.128205	0.25641	-0.0285208	0.0380998	0.870327
5	11	0.128205	0.282051	-0.0307772	0.0459292	0.862108
5	12	0.128205	0.307692	-0.0330173	0.054753	0.867284
5	13	0.128205	0.333333	-0.0353679	0.0641444	0.851256
5	14	0.128205	0.358974	-0.0375665	0.0741462	0.854609
5	15	0.128205	0.384615	-0.0400266	0.0852299	0.840351
5	16	0.128205	0.410256	-0.042285	0.096342	0.828706
5	17	0.128205	0.435897	-0.0447211	0.108958	0.827456
5	18	0.128205	0.461538	-0.0471943	0.121412	0.792728
5	19	0.128205	0.487179	-0.0494257	0.135038	0.802912
5	20	0.128205	0.512821	-0.0521549	0.149167	0.755305
5	21	0.128205	0.538462	-0.0541654	0.163224	0.754948
5	22	0.128205	0.564103	-0.056871	0.178919	0.720892
5	23	0.128205	0.589744	-0.0589019	0.193199	0.681052
5	24	0.128205	0.615385	-0.0609782	0.209445	0.679478
5	25	0.128205	0.641026	-0.0632187	0.22406	0.593298
5	26	0.128205	0.666667	-0.0639974	0.239038	0.608756
5	27	0.128205	0.692308	-0.0658328	0.253497	0.507416
5	28	0.128205	0.717949	-0.0646496	0.265121	0.492372
5	29	0.128205	0.74359	-0.0637067	0.276913	0.422286
5	30	0.128205	0.769231	-0.0587415	0.282746	0.338362
5	31	0.128205	0.794872	-0.0495813	0.286401	0.314158
5	32	0.128205	0.820513	-0.034233	0.281993	0.17579
5	33	0.128205	0.846154	-0.004985	0.269258	0.163575
5	34	0.128205	0.871795	0.0394612	0.246236	0.0334075
5	35	0.128205	0.897436	0.115803	0.208421	0.000882885
5	36	0.128205	0.923077	0.231335	0.158981	-0.0580447
5	37	0.128205	0.948718	0.408955	0.0988004	-0.0671022
5	38	0.128205	0.974359	0.660804	0.0430323	-0.000910781
5	39	0.128205	1	1	0	0
6	0	0.153846	0	0	0	0.791916
6	1	0.153846	0.025641	-0.00430747	0.000804334	0.791916
6	2	0.153846	0.0512821	-0.00863848	0.00209072	0.795231
6	3	0.153846	0.0769231	-0.0127698	0.00422426	0.797547
6	4	0.153846	0.102564	-0.0167049	0.00726884	0.800982
6	5	0.153846	0.128205	-0.0203571	0.0110914	0.801025
6	6	0.153846	0.153846	-0.0238559	0.0158465	0.805517
6	7	0.153846	0.179487	-0.0271621	0.0213868	0.802705
6	8	0.153846	0.205128	-0.0303279	0.0277091	0.806242
6	9	0.153846	0.230769	-0.0334777	0.0349652	0.803488
6	10	0.153846	0.25641	-0.0364439	0.0427465	0.800876
6	11	0.153846	0.282051	-0.0395421	0.0516267	0.802721
6	12	0.153846	0.307692	-0.0424814	0.0609254	0.790004
6	13	0.153846	0.333333	-0.0455134	0.0711994	0.796162
6	14	0.153846	0.358974	-0.0485924	0.0821967	0.777379
6	15	0.153846	0.384615	-0.0515074	0.0936112	0.777742
6	16	0.153846	0.410256	-0.0547528	0.106355	0.765731
6	17	0.153846	0.435897	-0.0576008	0.118873	0.745312
6	18	0.153846	0.461538	-0.060799	0.132991	0.750647
6	19	0.153846	0.487179	-0.063744	0.146873	0.705079
6	20	0.153846	0.512821	-0.0665396	0.161591	0.719564
6	21	0.153846	0.538462	-0.0696257	0.177041	0.667715
6	22	0.153846	0.564103	-0.0718022	0.191594	0.660644
6	23	0.153846	0.589744	-0.0746048	0.208066	0.635824
6	24	0.153846	0.615385	-0.0762118	0.222125	0.576058
6	25	0.153846	0.641026	-0.0777123	0.23786	0.593956
6	26	0.153846	0.666667	-0.078594	0.251244	0.485024
6	27	0.153846	0.692308	-0.0773669	0.263547	0.515862
6	28	0.153846	0.717949	-0.0759831	0.27492	0.407276
6	29	0.153846	0.74359	-0.0700132	0.280854	0.389286
6	30	0.153846	0.769231	-0.0618601	0.286196	0.339617
6	31	0.153846	0.794872	-0.0466004	0.282528	0.235963
6	32	0.153846	0.820513	-0.0221439	0.274879	0.255785
6	33	0.153846	0.846154	0.0143733	0.256922	0.102215
6	34	0.153846	0.871795	0.0736132	0.228801	0.144964
6	35	0.153846	0.897436	0.158002	0.19136	0.0296729
6	36	0.153846	0.923077	0.285428	0.142197	0.0599967
6	37	0.153846	0.948718	0.461507	0.0907357	0.0491739
6	38	0.153846	0.974359	0.699506	0.0470273	0.138386
6	39	0.153846	1	1	0	0
7	0	0.179487	0	0	0	0.727305
7	1	0.179487	0.025641	-0.00525518	0.000994431	0.727305
7	2	0.179487	0.0512821	-0.0104572	0.0025224	0.731151
7	3	0.179487	0.0769231	-0.015505	0.00501751	0.733881
7	4	0.179487	0.102564	-0.0202482	0.00835794	0.735997
7	5	0.179487	0.128205	-0.0248487	0.0126414	0.738938
7	6	0.179487	0.153846	-0.0291227	0.0176924	0.738099
7	7	0.179487	0.179487	-0.0333052	0.0236701	0.741901
7	8	0.179487	0.205128	-0.0373137	0.0304379	0.738051
7	9	0.179487	0.230769	-0.0411555	0.0379573	0.740234
7	10	0.179487	0.25641	-0.0451002	0.046448	0.737004
7	11	0.179487	0.282051	-0.0487329	0.0554282	0.731977
7	12	0.179487	0.307692	-0.0526626	0.06553	0.733907
7	13	0.179487	0.333333	-0.0563035	0.076059	0.718442
7	14	0.179487	0.358974	-0.0600888	0.0874947	0.723809
7	15	0.179487	0.384615	-0.063944	0.0997367	0.703939
7	16	0.179487	0.410256	-0.06743	0.112212	0.70055
7	17	0.179487	0.435897	-0.0714693	0.126099	0.690649
7	18	0.179487	0.461538	-0.0746837	0.139555	0.663295
7	19	0.179487	0.487179	-0.0784899	0.154496	0.672308
7	20	0.179487	0.512821	-0.081632	0.169127	0.620493
7	21	0.179487	0.538462	-0.0845527	0.184081	0.634646
7	22	0.179487	0.564103	-0.0876085	0.199845	0.583903
7	23	0.179487	0.589744	-0.0891379	0.213826	0.566869
7	24	0.179487	0.615385	-0.0913429	0.22964	0.553962
7	25	0.179487	0.641026	-0.0912263	0.242103	0.476244
7	26	0.179487	0.666667	-0.0908265	0.25542	0.510694
7	27	0.179487	0.692308	-0.088303	0.265758	0.388582
7	28	0.179487	0.717949	-0.0826551	0.273084	0.426207
7	29	0.179487	0.74359	-0.0747698	0.27909	0.326316
7	30	0.179487	0.769231	-0.0598538	0.276996	0.295509
7	31	0.179487	0.794872	-0.0393514	0.273594	0.282887
7	32	0.179487	0.820513	-0.00720819	0.259075	0.156161
7	33	0.179487	0.846154	0.039715	0.239479	0.229177
7	34	0.179487	0.871795	0.10592	0.20999	0.069073
7	35	0.179487	0.897436	0.20207	0.171129	0.162128
7	36	0.179487	0.923077	0.331468	0.128594	0.07652
7	37	0.179487	0.948718	0.507176	0.081424	0.144085
7	38	0.179487	0.974359	0.729556	0.0488894	0.219694
7	39	0.179487	1	1	0	0
8	0	0.205128	0	0	0	0.663463
8	1	0.205128	0.025641	-0.00635826	0.0011347	0.663463
8	2	0.205128	0.0512821	-0.0125621	0.00282389	0.667289
8	3	0.205128	0.0769231	-0.0184755	0.00555721	0.670893
8	4	0.205128	0.102564	-0.0242061	0.00918704	0.67251
8	5	0.205128	0.128205	-0.0295474	0.0136521	0.674727
8	6	0.205128	0.153846	-0.0348068	0.019059	0.67648
8	7	0.205128	0.179487	-0.0397278	0.0251737	0.674904
8	8	0.205128	0.205128	-0.0445673	0.0322265	0.678124
8	9	0.205128	0.230769	-0.0493239	0.0400151	0.672566
8	10	0.205128	0.25641	-0.053812	0.0485449	0.674538
8	11	0.205128	0.282051	-0.058575	0.0580351	0.669383
8	12	0.205128	0.307692	-0.0628699	0.0679563	0.663555
8	13	0.205128	0.333333	-0.0675763	0.0790156	0.664317
8	14	0.205128	0.358974	-0.0719388	0.0904186	0.646886
8	15	0.205128	0.384615	-0.0763206	0.102696	0.651772
8	16	0.205128	0.410256	-0.0809325	0.115719	0.629634
8	17	0.205128	0.435897	-0.0847553	0.128824	0.625011
8	18	0.205128	0.461538	-0.0894125	0.143283	0.614181
8	19	0.205128	0.487179	-0.0927091	0.157064	0.583812
8	20	0.205128	0.512821	-0.0966756	0.17213	0.593151
8	21	0.205128	0.538462	-0.0996336	0.186654	0.53851
8	22	0.205128	0.564103	-0.101887	0.200982	0.550938
8	23	0.205128	0.589744	-0.104271	0.215912	0.502103
8	24	0.205128	0.615385	-0.103955	0.228236	0.477896
8	25	0.205128	0.641026	-0.104394	0.241926	0.473384
8	26	0.205128	0.666667	-0.100807	0.251442	0.386322
8	27	0.205128	0.692308	-0.0964733	0.260633	0.428993
8	28	0.205128	0.717949	-0.0879684	0.266322	0.307828
8	29	0.205128	0.74359	-0.0745907	0.267033	0.341767
8	30	0.205128	0.769231	-0.0564465	0.266087	0.265562
8	31	0.205128	0.794872	-0.027633	0.255145	0.216781
8	32	0.205128	0.820513	0.0102412	0.242396	0.247593
8	33	0.205128	0.846154	0.0655413	0.218429	0.106847
8	34	0.205128	0.871795	0.140045	0.189398	0.22196
8	35	0.205128	0.897436	0.24075	0.154043	0.0783288
8	36	0.205128	0.923077	0.374364	0.112746	0.194345
8	37	0.205128	0.948718	0.544227	0.0752874	0.150933
8	38	0.205128	0.974359	0.754225	0.0473212	0.272641
8	39	0.205128	1	1	0	0
9	0	0.230769	0	0	0	0.600279
9	1	0.230769	0.025641	-0.00757646	0.00119473	0.600279
9	2	0.230769	0.0512821	-0.0148008	0.00303431	0.605183
9	3	0.230769	0.0769231	-0.0217249	0.00586513	0.60686
9	4	0.230769	0.102564	-0.0282402	0.00964954	0.611316
9	5	0.230769	0.128205	-0.0345923	0.0142989	0.610916
9	6	0.230769	0.153846	-0.0405208	0.0196996	0.613345
9	7	0.230769	0.179487	-0.0463953	0.0260684	0.61413
9	8	0.230769	0.205128	-0.0519841	0.0330156	0.610845
9	9	0.230769	0.230769	-0.0574412	0.0409414	0.614947
9	10	0.230769	0.25641	-0.0629496	0.0495094	0.605906
9	11	0.230769	0.282051	-0.068067	0.0587789	0.609434
9	12	0.230769	0.307692	-0.0735841	0.0690226	0.601181
9	13	0.230769	0.333333	-0.0785428	0.0795296	0.59493
9	14	0.230769	0.358974	-0.0838714	0.0912617	0.595496
9	15	0.230769	0.384615	-0.0889154	0.103111	0.574086
9	16	0.230769	0.410256	-0.0936699	0.115842	0.581751
9	17	0.230769	0.435897	-0.0988498	0.129163	0.553832
9	18	0.230769	0.461538	-0.10274	0.142345	0.55177
9	19	0.230769	0.487179	-0.107576	0.156821	0.537365
9	20	0.230769	0.512821	-0.110599	0.170189	0.505933
9	21	0.230769	0.538462	-0.113982	0.1847	0.515937
9	22	0.230769	0.564103	-0.116171	0.198189	0.457236
9	23	0.230769	0.589744	-0.116684	0.211034	0.472065
9	24	0.230769	0.615385	-0.117359	0.224015	0.420637
9	25	0.230769	0.641026	-0.113725	0.233642	0.397206
9	26	0.230769	0.666667	-0.110656	0.243959	0.393704
9	27	0.230769	0.692308	-0.101568	0.249356	0.308633
9	28	0.230769	0.717949	-0.0905867	0.25326	0.350886
9	29	0.230769	0.74359	-0.0733001	0.253177	0.242314
9	30	0.230769	0.769231	-0.0483189	0.246747	0.268236
9	31	0.230769	0.794872	-0.0162799	0.23833	0.219548
9	32	0.230769	0.820513	0.031212	0.219557	0.16188
9	33	0.230769	0.846154	0.0903366	0.198819	0.222332
9	34	0.230769	0.871795	0.172884	0.169118	0.0941027
9	35	0.230769	0.897436	0.276703	0.135661	0.218823
9	36	0.230769	0.923077	0.411009	0.101519	0.123133
9	37	0.230769	0.948718	0.576263	0.0659605	0.220336
9	38	0.230769	0.974359	0.773969	0.0463813	0.277717
9	39	0.230769	1	1	0	0
10	0	0.25641	0	0	0	0.53835
10	1	0.25641	0.025641	-0.00884332	0.00125309	0.53835
10	2	0.25641	0.0512821	-0.0171614	0.00305869	0.542119
10	3	0.25641	0.0769231	-0.0249902	0.00602297	0.547072
10	4	0.25641	0.102564	-0.0324848	0.00978428	0.546337
10	5	0.25641	0.128205	-0.0395336	0.0144235	0.551801
10	6	0.25641	0.153846	-0.0464322	0.019919	0.54953
10	7	0.25641	0.179487	-0.0529402	0.0260059	0.551166
10	8	0.25641	0.205128	-0.0593808	0.0331259	0.552551
10	9	0.25641	0.230769	-0.0656232	0.0406534	0.545579
10	10	0.25641	0.25641	-0.071676	0.0491763	0.552522
10	11	0.25641	0.282051	-0.0778655	0.058286	0.538682
10	12	0.25641	0.307692	-0.083606	0.0679431	0.544121
10	13	0.25641	0.333333	-0.0897312	0.0786848	0.533943
10	14	0.25641	0.358974	-0.0953034	0.0893755	0.524856
10	15	0.25641	0.384615	-0.101052	0.101435	0.528952
10	16	0.25641	0.410256	-0.106586	0.113315	0.49962
10	17	0.25641	0.435897	-0.111474	0.126004	0.513973
10	18	0.25641	0.461538	-0.116803	0.139186	0.477896
10	19	0.25641	0.487179	-0.120443	0.151797	0.479438
10	20	0.25641	0.512821	-0.124776	0.165768	0.463067
10	21	0.25641	0.538462	-0.126999	0.17796	0.427617
10	22	0.25641	0.564103	-0.128857	0.191242	0.443781
10	23	0.25641	0.589744	-0.129354	0.202855	0.3754
10	24	0.25641	0.615385	-0.126898	0.213389	0.400265
10	25	0.25641	0.641026	-0.124351	0.223533	0.339906
10	26	0.25641	0.666667	-0.115789	0.229561	0.325547
10	27	0.25641	0.692308	-0.106936	0.235701	0.317551
10	28	0.25641	0.717949	-0.0902161	0.236154	0.241519
10	29	0.25641	0.74359	-0.0694679	0.234427	0.282016
10	30	0.25641	0.769231	-0.0406777	0.228162	0.186465
10	31	0.25641	0.794872	-0.000353597	0.215322	0.214036
10	32	0.25641	0.820513	0.0486189	0.200205	0.178517
10	33	0.25641	0.846154	0.11813	0.176117	0.137692
10	34	0.25641	0.871795	0.20062	0.150536	0.196271
10	35	0.25641	0.897436	0.310861	0.119784	0.114242
10	36	0.25641	0.923077	0.44211	0.0880889	0.213545
10	37	0.25641	0.948718	0.603519	0.0603304	0.17673
10	38	0.25641	0.974359	0.79025	0.0421388	0.290423
10	39	0.25641	1	1	0	0
11	0	0.282051	0	0	0	0.477075
11	1	0.282051	0.025641	-0.0101241	0.00120595	0.477075
11	2	0.282051	0.0512821	-0.0195067	0.00308315	0.482307
11	3	0.282051	0.0769231	-0.0283049	0.00588279	0.483071
11	4	0.282051	0.102564	-0.0365972	0.00966699	0.489199
11	5	0.282051	0.128205	-0.0445404	0.0141752	0.48596
11	6	0.282051	0.153846	-0.0520794	0.0194036	0.491604
11	7	0.282051	0.179487	-0.0594595	0.0255279	0.488929
11	8	0.282051	0.205128	-0.0665145	0.0320376	0.487811
11	9	0.282051	0.230769	-0.073496	0.0396332	0.491818
11	10	0.282051	0.25641	-0.0803163	0.0475038	0.479707
11	11	0.282051	0.282051	-0.0869581	0.056279	0.489984
11	12	0.282051	0.307692	-0.0936933	0.0656945	0.47242
11	13	0.282051	0.333333	-0.100007	0.0753573	0.477342
11	14	0.282051	0.358974	-0.106564	0.0862907	0.46907
11	15	0.282051	0.384615	-0.112565	0.0967957	0.453019
11	16	0.282051	0.410256	-0.118533	0.108742	0.464645
11	17	0.282051	0.435897	-0.124166	0.120302	0.425073
11	18	0.282051	0.461538	-0.128916	0.132377	0.446692
11	19	0.282051	0.487179	-0.13378	0.145023	0.404819
11	20	0.282051	0.512821	-0.136707	0.156427	0.405817
11	21	0.282051	0.538462	-0.139723	0.169366	0.394055
11	22	0.282051	0.564103	-0.140326	0.179745	0.347966
11	23	0.282051	0.589744	-0.139642	0.191127	0.377857
11	24	0.282051	0.615385	-0.13712	0.200254	0.294288
11	25	0.282051	0.641026	-0.130411	0.207749	0.334806
11	26	0.282051	0.666667	-0.122707	0.214531	0.263344
11	27	0.282051	0.692308	-0.107556	0.216328	0.260246
11	28	0.282051	0.717949	-0.090365	0.218076	0.250489
11	29	0.282051	0.74359	-0.0638945	0.213286	0.179802
11	30	0.282051	0.769231	-0.0304072	0.206438	0.229667
11	31	0.282051	0.794872	0.0123572	0.194493	0.132781
11	32	0.282051	0.820513	0.0707124	0.176953	0.184887
11	33	0.282051	0.846154	0.138802	0.157221	0.135714
11	34	0.282051	0.871795	0.231184	0.131	0.141258
11	35	0.282051	0.897436	0.337163	0.104837	0.168085
11	36	0.282051	0.923077	0.471646	0.0773405	0.150651
11	37	0.282051	0.948718	0.625353	0.0522176	0.204987
11	38	0.282051	0.974359	0.804071	0.0390665	0.263567
11	39	0.282051	1	1	0	0
12	0	0.307692	0	0	0	0.417184
12	1	0.307692	0.025641	-0.0113722	0.00119065	0.417184
12	2	0.307692	0.0512821	-0.0217911	0.0028906	0.420697
12	3	0.307692	0.0769231	-0.0314994	0.00569997	0.425704
12	4	0.307692	0.102564	-0.0406051	0.00918575	0.424091
12	5	0.307692	0.128205	-0.0492784	0.0135122	0.430714
12	6	0.307692	0.153846	-0.0575818	0.0185357	0.426247
12	7	0.307692	0.179487	-0.0655595	0.0240791	0.430306
12	8	0.307692	0.205128	-0.0733892	0.030558	0.429151
12	9	0.307692	0.230769	-0.0809116	0.0372493	0.423823
12	10	0.307692	0.25641	-0.0884289	0.0449866	0.431062
12	11	0.307692	0.282051	-0.0957031	0.0529744	0.41469
12	12	0.307692	0.307692	-0.102891	0.0616388	0.426087
12	13	0.307692	0.333333	-0.110022	0.0710839	0.40844
12	14	0.307692	0.358974	-0.11674	0.0804166	0.408821
12	15	0.307692	0.384615	-0.123566	0.091149	0.406383
12	16	0.307692	0.410256	-0.129643	0.10118	0.381091
12	17	0.307692	0.435897	-0.135606	0.112506	0.400634
12	18	0.307692	0.461538	-0.140797	0.123446	0.353494
12	19	0.307692	0.487179	-0.145008	0.134365	0.377616
12	20	0.307692	0.512821	-0.148715	0.146068	0.337124
12	21	0.307692	0.538462	-0.1502	0.155775	0.330292
12	22	0.307692	0.564103	-0.151067	0.167133	0.330702
12	23	0.307692	0.589744	-0.148883	0.175299	0.269011
12	24	0.307692	0.615385	-0.144627	0.18417	0.316245
12	25	0.307692	0.641026	-0.137434	0.190505	0.218073
12	26	0.307692	0.666667	-0.125142	0.194454	0.272242
12	27	0.307692	0.692308	-0.110176	0.197766	0.196363
12	28	0.307692	0.717949	-0.0867158	0.195125	0.196786
12	29	0.307692	0.74359	-0.0588085	0.192833	0.19828
12	30	0.307692	0.769231	-0.0204984	0.183199	0.118509
12	31	0.307692	0.794872	0.0278771	0.172368	0.197386
12	32	0.307692	0.820513	0.0867422	0.156254	0.0784407
12	33	0.307692	0.846154	0.164036	0.136146	0.17671
12	34	0.307692	0.871795	0.252364	0.114887	0.0944087
12	35	0.307692	0.897436	0.365744	0.0895376	0.156349
12	36	0.307692	0.923077	0.493264	0.0671108	0.147749
12	37	0.307692	0.948718	0.645827	0.0453563	0.174488
12	38	0.307692	0.974359	0.814923	0.0343457	0.244911
12	39	0.307692	1	1	0	0
13	0	0.333333	0	0	0	0.357928
13	1	0.333333	0.025641	-0.0125449	0.00107551	0.357928
13	2	0.333333	0.0512821	-0.0239629	0.00273688	0.362444
13	3	0.333333	0.0769231	-0.0344728	0.00521746	0.3634
13	4	0.333333	0.102564	-0.0443926	0.00855973	0.368554
13	5	0.333333	0.128205	-0.0536949	0.0124823	0.365541
13	6	0.333333	0.153846	-0.0626804	0.0170606	0.371192
13	7	0.333333	0.179487	-0.0713019	0.0223219	0.367218
13	8	0.333333	0.205128	-0.0796352	0.0279328	0.368374
13	9	0.333333	0.230769	-0.0879102	0.0344428	0.369367
13	10	0.333333	0.25641	-0.0957864	0.0410934	0.360552
13	11	0.333333	0.282051	-0.103807	0.0486277	0.369088
13	12	0.333333	0.307692	-0.11141	0.056477	0.351756
13	13	0.333333	0.333333	-0.118998	0.0647207	0.360569
13	14	0.333333	0.358974	-0.126399	0.0738433	0.346514
13	15	0.333333	0.384615	-0.13321	0.0825984	0.340208
13	16	0.333333	0.410256	-0.140129	0.0926803	0.34391
13	17	0.333333	0.435897	-0.145813	0.102003	0.312057
13	18	0.333333	0.461538	-0.15143	0.112243	0.334641
13	19	0.333333	0.487179	-0.155601	0.122245	0.287185
13	20	0.333333	0.512821	-0.158631	0.131627	0.306344
13	21	0.333333	0.538462	-0.160509	0.141935	0.274633
13	22	0.333333	0.564103	-0.159529	0.149694	0.255409
13	23	0.333333	0.589744	-0.15742	0.158953	0.270273
13	24	0.333333	0.615385	-0.151038	0.16476	0.195426
13	25	0.333333	0.641026	-0.14212	0.170703	0.255031
13	26	0.333333	0.666667	-0.12852	0.174225	0.151893
13	27	0.333333	0.692308	-0.109191	0.174497	0.208848
13	28	0.333333	0.717949	-0.0850622	0.174585	0.143118
13	29	0.333333	0.74359	-0.0514625	0.16788	0.132648
13	30	0.333333	0.769231	-0.0111271	0.162286	0.162053
13	31	0.333333	0.794872	0.0410397	0.149009	0.0582967
13	32	0.333333	0.820513	0.105163	0.135592	0.179472
13	33	0.333333	0.846154	0.181684	0.117658	0.0300522
13	34	0.333333	0.871795	0.276953	0.0970673	0.173929
13	35	0.333333	0.897436	0.385206	0.0775866	0.0664005
13	36	0.333333	0.923077	0.515802	0.0556564	0.162373
13	37	0.333333	0.948718	0.660799	0.0393673	0.138727
13	38	0.333333	0.974359	0.824702	0.0291759	0.213563
13	39	0.333333	1	1	0	0
14	0	0.358974	0	0	0	0.299792
14	1	0.358974	0.025641	-0.0136249	0.000981045	0.299792
14	2	0.358974	0.0512821	-0.0259034	0.00241266	0.303093
14	3	0.358974	0.0769231	-0.0372537	0.00471904	0.306319
14	4	0.358974	0.102564	-0.0477345	0.00760578	0.306321
14	5	0.358974	0.128205	-0.0577896	0.0111734	0.31035
14	6	0.358974	0.153846	-0.0672383	0.0152408	0.307456
14	7	0.358974	0.179487	-0.0764524	0.0198137	0.311029
14	8	0.358974	0.205128	-0.0853871	0.0249959	0.308112
14	9	0.358974	0.230769	-0.0939723	0.0304508	0.307031
14	10	0.358974	0.25641	-0.102671	0.036665	0.30847
14	11	0.358974	0.282051	-0.110797	0.043031	0.299121
14	12	0.358974	0.307692	-0.119201	0.0500745	0.305662
14	13	0.358974	0.333333	-0.12704	0.0574644	0.290663
14	14	0.358974	0.358974	-0.134759	0.065067	0.295
14	15	0.358974	0.384615	-0.1423	0.0734673	0.28474
14	16	0.358974	0.410256	-0.148805	0.0814527	0.274322
14	17	0.358974	0.435897	-0.155536	0.0904809	0.279494
14	18	0.358974	0.461538	-0.160353	0.098842	0.24798
14	19	0.358974	0.487179	-0.165064	0.107691	0.266463
14	20	0.358974	0.512821	-0.167685	0.116384	0.225595
14	21	0.358974	0.538462	-0.168638	0.124073	0.235724
14	22	0.358974	0.564103	-0.168032	0.132551	0.214149
14	23	0.358974	0.589744	-0.163382	0.138322	0.186049
14	24	0.358974	0.615385	-0.157391	0.14514	0.208709
14	25	0.358974	0.641026	-0.145387	0.148632	0.131925
14	26	0.358974	0.666667	-0.130539	0.151577	0.191341
14	27	0.358974	0.692308	-0.109026	0.15247	0.0983876
14	28	0.358974	0.717949	-0.0810128	0.14944	0.144253
14	29	0.358974	0.74359	-0.0463627	0.146775	0.10255
14	30	0.358974	0.769231	-0.000737237	0.137031	0.0712418
14	31	0.358974	0.794872	0.0528215	0.129034	0.134735
14	32	0.358974	0.820513	0.12052	0.113988	0.00784032
14	33	0.358974	0.846154	0.200025	0.0994024	0.161213
14	34	0.358974	0.871795	0.29468	0.0822638	0.000239972
14	35	0.358974	0.897436	0.405753	0.0631062	0.158072
14	36	0.358974	0.923077	0.531766	0.0479293	0.0607027
14	37	0.358974	0.948718	0.675196	0.031028	0.144845
14	38	0.358974	0.974359	0.832122	0.0248937	0.168717
14	39	0.358974	1	1	0	0
15	0	0.384615	0	0	0	0.242397
15	1	0.384615	0.025641	-0.0145596	0.00083829	0.242397
15	2	0.384615	0.0512821	-0.0276584	0.0020812	0.245312
15	3	0.384615	0.0769231	-0.0395844	0.00401995	0.247476
15	4	0.384615	0.102564	-0.0508036	0.00654758	0.249109
15	5	0.384615	0.128205	-0.0612094	0.00953065	0.249429
15	6	0.384615	0.153846	-0.0713245	0.0130488	0.251451
15	7	0.384615	0.179487	-0.0809158	0.0169433	0.249145
15	8	0.384615	0.205128	-0.0902661	0.021283	0.251335
15	9	0.384615	0.230769	-0.0995025	0.0260727	0.247917
15	10	0.384615	0.25641	-0.108255	0.0311341	0.247289
15	11	0.384615	0.282051	-0.117282	0.0367836	0.246263
15	12	0.384615	0.307692	-0.125596	0.0425662	0.23927
15	13	0.384615	0.333333	-0.134156	0.0489185	0.242262
15	14	0.384615	0.358974	-0.142144	0.0554893	0.229619
15	15	0.384615	0.384615	-0.14966	0.0622836	0.231994
15	16	0.384615	0.410256	-0.157119	0.0696117	0.221148
15	17	0.384615	0.435897	-0.162936	0.0766123	0.212966
15	18	0.384615	0.461538	-0.168999	0.0843434	0.213127
15	19	0.384615	0.487179	-0.172541	0.0914279	0.188039
15	20	0.384615	0.512821	-0.175568	0.0987952	0.199092
15	21	0.384615	0.538462	-0.176129	0.105812	0.165334
15	22	0.384615	0.564103	-0.17398	0.111832	0.170588
15	23	0.384615	0.589744	-0.170134	0.118205	0.151754
15	24	0.384615	0.615385	-0.160654	0.12207	0.126354
15	25	0.384615	0.641026	-0.14966	0.126431	0.144027
15	26	0.384615	0.666667	-0.130851	0.127755	0.0797865
15	27	0.384615	0.692308	-0.108574	0.128086	0.126565
15	28	0.384615	0.717949	-0.0780741	0.126656	0.054759
15	29	0.384615	0.74359	-0.0396323	0.121231	0.0837984
15	30	0.384615	0.769231	0.00627572	0.116403	0.0668203
15	31	0.384615	0.794872	0.0655568	0.105159	0.0220474
15	32	0.384615	0.820513	0.132402	0.0957379	0.103208
15	33	0.384615	0.846154	0.216417	0.0810104	-0.0212068
15	34	0.384615	0.871795	0.3103	0.0667195	0.127932
15	35	0.384615	0.897436	0.421937	0.0524155	-0.00429701
15	36	0.384615	0.923077	0.54638	0.036592	0.122784
15	37	0.384615	0.948718	0.686173	0.0262878	0.0666515
15	38	0.384615	0.974359	0.838566	0.01847	0.139287
15	39	0.384615	1	1	0	0
16	0	0.410256	0	0	0	0.185566
16	1	0.410256	0.025641	-0.0153534	0.00066582	0.185566
16	2	0.410256	0.0512821	-0.029066	0.00169793	0.188518
16	3	0.410256	0.0769231	-0.0416414	0.0032455	0.188964
16	4	0.410256	0.102564	-0.0531952	0.00527598	0.191817
16	5	0.410256	0.128205	-0.0642349	0.00773086	0.191058
16	6	0.410256	0.153846	-0.0745722	0.0104806	0.192127
16	7	0.410256	0.179487	-0.0846726	0.0137139	0.192877
16	8	0.410256	0.205128	-0.0944062	0.0171289	0.189693
16	9	0.410256	0.230769	-0.103826	0.0210012	0.193029
16	10	0.410256	0.25641	-0.113294	0.0251448	0.186477
16	11	0.410256	0.282051	-0.122175	0.0295288	0.188878
16	12	0.410256	0.307692	-0.131346	0.0344298	0.184147
16	13	0.410256	0.333333	-0.139796	0.0392988	0.179322
16	14	0.410256	0.358974	-0.148238	0.0448088	0.1813
16	15	0.410256	0.384615	-0.156208	0.0502531	0.166853
16	16	0.410256	0.410256	-0.163218	0.0560462	0.173099
16	17	0.410256	0.435897	-0.170194	0.0621054	0.155917
16	18	0.410256	0.461538	-0.175017	0.0678437	0.155121
16	19	0.410256	0.487179	-0.179746	0.0742273	0.14786
16	20	0.410256	0.512821	-0.181626	0.0797235	0.128825
16	21	0.410256	0.538462	-0.182105	0.0856624	0.137154
16	22	0.410256	0.564103	-0.179982	0.0907921	0.102815
16	23	0.410256	0.589744	-0.173794	0.0952337	0.114418
16	24	0.410256	0.615385	-0.165718	0.0995397	0.0863478
16	25	0.410256	0.641026	-0.150492	0.101614	0.0764214
16	26	0.410256	0.666667	-0.133128	0.103912	0.0789893
16	27	0.410256	0.692308	-0.106677	0.103277	0.0349662
16	28	0.410256	0.717949	-0.0753709	0.101811	0.0672136
16	29	0.410256	0.74359	-0.035203	0.0984741	0.0130434
16	30	0.410256	0.769231	0.0151735	0.0919354	0.0367435
16	31	0.410256	0.794872	0.0727155	0.0856746	0.0250545
16	32	0.410256	0.820513	0.14649	0.0745935	-0.0054967
16	33	0.410256	0.846154	0.226474	0.0649132	0.0572573
16	34	0.410256	0.871795	0.326158	0.0521469	-0.0252297
16	35	0.410256	0.897436	0.433439	0.0397741	0.0773487
16	36	0.410256	0.923077	0.559227	0.0292129	0.00723963
16	37	0.410256	0.948718	0.694783	0.0180817	0.0764784
16	38	0.410256	0.974359	0.843771	0.0140855	0.0839261
16	39	0.410256	1	1	0	0
17	0	0.435897	0	0	0	0.129597
17	1	0.435897	0.025641	-0.0159589	0.000517877	0.129597
17	2	0.435897	0.0512821	-0.0302078	0.001218	0.130612
17	3	0.435897	0.0769231	-0.0431381	0.00242721	0.133786
17	4	0.435897	0.102564	-0.0551952	0.00389016	0.131594
17	5	0.435897	0.128205	-0.0664131	0.00566847	0.135547
17	6	0.435897	0.153846	-0.0772299	0.00780145	0.133124
17	7	0.435897	0.179487	-0.0875158	0.0100103	0.13358
17	8	0.435897	0.205128	-0.0975555	0.0127261	0.135487
17	9	0.435897	0.230769	-0.107385	0.0154176	0.128967
17	10	0.435897	0.25641	-0.116857	0.0185498	0.13585
17	11	0.435897	0.282051	-0.126411	0.021877	0.125117
17	12	0.435897	0.307692	-0.1354	0.0252743	0.130224
17	13	0.435897	0.333333	-0.144495	0.0292887	0.124359
17	14	0.435897	0.358974	-0.152964	0.0329674	0.117676
17	15	0.435897	0.384615	-0.161052	0.0374554	0.124118
17	16	0.435897	0.410256	-0.16868	0.0416116	0.102686
17	17	0.435897	0.435897	-0.17496	0.0461464	0.117165
17	18	0.435897	0.461538	-0.180896	0.0509154	0.0920942
17	19	0.435897	0.487179	-0.184439	0.0551154	0.0974461
17	20	0.435897	0.512821	-0.187115	0.0602168	0.088041
17	21	0.435897	0.538462	-0.18683	0.0639641	0.0671522
17	22	0.435897	0.564103	-0.184007	0.0685525	0.0834697
17	23	0.435897	0.589744	-0.178342	0.0718832	0.0377481
17	24	0.435897	0.615385	-0.167411	0.0748233	0.0663281
17	25	0.435897	0.641026	-0.153879	0.0774702	0.0217242
17	26	0.435897	0.666667	-0.132257	0.077902	0.0313901
17	27	0.435897	0.692308	-0.10708	0.0788791	0.020682
17	28	0.435897	0.717949	-0.0723619	0.0766201	-0.0101307
17	29	0.435897	0.74359	-0.0306775	0.0744217	0.0216609
17	30	0.435897	0.769231	0.0197438	0.0698051	-0.0350543
17	31	0.435897	0.794872	0.0828408	0.0634581	0.00970075
17	32	0.435897	0.820513	0.152464	0.0567825	-0.028314
17	33	0.435897	0.846154	0.240342	0.0471406	-0.0115026
17	34	0.435897	0.871795	0.333523	0.0386456	-0.000612061
17	35	0.435897	0.897436	0.44679	0.0286027	-0.016324
17	36	0.435897	0.923077	0.566643	0.0197217	0.0232506
17	37	0.435897	0.948718	0.702891	0.012621	0.0117553
17	38	0.435897	0.974359	0.847429	0.00791798	0.0476168
17	39	0.435897	1	1	0	0
18	0	0.461538	0	0	0	0.0736018
18	1	0.461538	0.025641	-0.0163828	0.000290904	0.0736018
18	2	0.461538	0.0512821	-0.0309621	0.000808172	0.0756625
18	3	0.461538	0.0769231	-0.0442305	0.00146317	0.0739117
18	4	0.461538	0.102564	-0.0564721	0.00243146	0.0783055
18	5	0.461538	0.128205	-0.0680221	0.00354609	0.074042
18	6	0.461538	0.153846	-0.0789526	0.00475518	0.0779229
18	7	0.461538	0.179487	-0.0895298	0.00633386	0.076146
18	8	0.461538	0.205128	-0.0997452	0.00776083	0.0736605
18	9	0.461538	0.230769	-0.109727	0.00969692	0.0790648
18	10	0.461538	0.25641	-0.119546	0.0115042	0.0682048
18	11	0.461538	0.282051	-0.129073	0.0136027	0.0783297
18	12	0.461538	0.307692	-0.138543	0.0159877	0.0659287
18	13	0.461538	0.333333	-0.147563	0.0181412	0.0698521
18	14	0.461538	0.358974	-0.156404	0.021101	0.0680988
18	15	0.461538	0.384615	-0.164637	0.0234504	0.0547276
18	16	0.461538	0.410256	-0.172216	0.0266715	0.0695076
18	17	0.461538	0.435897	-0.179044	0.0295371	0.0401087
18	18	0.461538	0.461538	-0.184393	0.0325562	0.0609678
18	19	0.461538	0.487179	-0.1887	0.0361037	0.0337405
18	20	0.461538	0.512821	-0.190565	0.0386357	0.0371437
18	21	0.461538	0.538462	-0.190593	0.0425115	0.0359146
18	22	0.461538	0.564103	-0.187412	0.0446343	0.00339852
18	23	0.461538	0.589744	-0.180756	0.0479062	0.0364014
18	24	0.461538	0.615385	-0.170475	0.0498572	-0.0253583
18	25	0.461538	0.641026	-0.154301	0.0513964	0.0209952
18	26	0.461538	0.666667	-0.134044	0.053065	-0.0348805
18	27	0.461538	0.692308	-0.105461	0.0521543	-0.0156666
18	28	0.461538	0.717949	-0.0712918	0.0526957	-0.0237265
18	29	0.461538	0.74359	-0.0276023	0.0494193	-0.0612398
18	30	0.461538	0.769231	0.0251611	0.0474975	-0.00632753
18	31	0.461538	0.794872	0.0866545	0.0425802	-0.0908779
18	32	0.461538	0.820513	0.162244	0.0373822	-0.000905194
18	33	0.461538	0.846154	0.244674	0.0316405	-0.0866466
18	34	0.461538	0.871795	0.345144	0.0240505	-0.0101338
18	35	0.461538	0.897436	0.451658	0.0181984	-0.054789
18	36	0.461538	0.923077	0.575792	0.0109337	-0.0161551
18	37	0.461538	0.948718	0.707009	0.00623282	-0.018431
18	38	0.461538	0.974359	0.850728	0.00257708	-0.000629608
18	39	0.461538	1	1	0	0
19	0	0.487179	0	0	0	0.0183858
19	1	0.487179	0.025641	-0.0166025	0.000136841	0.0183858
19	2	0.487179	0.0512821	-0.031362	0.000251261	0.0178191
19	3	0.487179	0.0769231	-0.0447807	0.000578085	0.0205188
19	4	0.487179	0.102564	-0.0571642	0.000864328	0.0166777
19	5	0.487179	0.128205	-0.0688208	0.00126408	0.0213801
19	6	0.487179	0.153846	-0.0798928	0.00179541	0.0171522
19	7	0.487179	0.179487	-0.0905519	0.0021916	0.0188036
19	8	0.487179	0.205128	-0.100917	0.00296497	0.0199836
19	9	0.487179	0.230769	-0.110991	0.00345415	0.0135002
19	10	0.487179	0.25641	-0.120941	0.00433165	0.0222652
19	11	0.487179	0.282051	-0.130621	0.0051394	0.0093645
19	12	0.487179	0.307692	-0.140163	0.00596043	0.0190914
19	13	0.487179	0.333333	-0.14942	0.00724806	0.0100271
19	14	0.487179	0.358974	-0.158278	0.00803017	0.00816857
19	15	0.487179	0.384615	-0.166766	0.00970134	0.0141755
19	16	0.487179	0.410256	-0.174395	0.0107272	-0.00664866
19	17	0.487179	0.435897	-0.181328	0.0124326	0.0143986
19	18	0.487179	0.461538	-0.186888	0.0140749	-0.017095
19	19	0.487179	0.487179	-0.190995	0.0154599	0.00203731
19	20	0.487179	0.512821	-0.193217	0.0178214	-0.0173461
19	21	0.487179	0.538462	-0.192796	0.0188241	-0.0249339
19	22	0.487179	0.564103	-0.189786	0.0214661	-0.0106563
19	23	0.487179	0.589744	-0.182796	0.0223846	-0.0575191
19	24	0.487179	0.615385	-0.171925	0.0243931	-0.00953803
19	25	0.487179	0.641026	-0.155949	0.025595	-0.0794142
19	26	0.487179	0.666667	-0.134024	0.0260077	-0.0276965
19	27	0.487179	0.692308	-0.106046	0.027442	-0.077567
19	28	0.487179	0.717949	-0.0697517	0.0258051	-0.0682018
19	29	0.487179	0.74359	-0.0259859	0.0266858	-0.0529387
19	30	0.487179	0.769231	0.0276831	0.0233888	-0.116303
19	31	0.487179	0.794872	0.091429	0.0224444	-0.0229633
19	32	0.487179	0.820513	0.165078	0.018545	-0.144842
19	33	0.487179	0.846154	0.252154	0.0149684	-0.0102192
19	34	0.487179	0.871795	0.348081	0.0115388	-0.133613
19	35	0.487179	0.897436	0.45931	0.00614796	-0.0218016
19	36	0.487179	0.923077	0.578738	0.00371092	-0.0898919
19	37	0.487179	0.948718	0.711536	-0.000834422	-0.0380416
19	38	0.487179	0.974359	0.852327	-0.00246076	-0.0493261
19	39	0.487179	1	1	0	0
20	0	0.512821	0	0	0	-0.0372316
20	1	0.512821	0.025641	-0.0166114	-0.000102061	-0.0372316
20	2	0.512821	0.0512821	-0.0313952	-0.000185297	-0.0368001
20	3	0.512821	0.0769231	-0.0447825	-0.00044674	-0.0391284
20	4	0.512821	0.102564	-0.0572307	-0.000674997	-0.0361033
20	5	0.512821	0.128205	-0.0688296	-0.000995021	-0.040268
20	6	0.512821	0.153846	-0.0799693	-0.00141418	-0.0371446
20	7	0.512821	0.179487	-0.0906261	-0.00170498	-0.0391058
20	8	0.512821	0.205128	-0.100981	-0.00227684	-0.040803
20	9	0.512821	0.230769	-0.111186	-0.00257127	-0.0365594
20	10	0.512821	0.25641	-0.121028	-0.00312692	-0.0450784
20	11	0.512821	0.282051	-0.130936	-0.00354051	-0.0362056
20	12	0.512821	0.307692	-0.140393	-0.00387303	-0.0464827
20	13	0.512821	0.333333	-0.149804	-0.00445319	-0.0415073
20	14	0.512821	0.358974	-0.158797	-0.0044831	-0.0436941
20	15	0.512821	0.384615	-0.167199	-0.0050675	-0.0521302
20	16	0.512821	0.410256	-0.175253	-0.00492726	-0.0402905
20	17	0.512821	0.435897	-0.181912	-0.00516391	-0.0629383
20	18	0.512821	0.461538	-0.187965	-0.00509481	-0.0434157
20	19	0.512821	0.487179	-0.191919	-0.00465853	-0.0674453
20	20	0.512821	0.512821	-0.194285	-0.00477737	-0.0584928
20	21	0.512821	0.538462	-0.194152	-0.00364564	-0.0635602
20	22	0.512821	0.564103	-0.190686	-0.00377112	-0.0837377
20	23	0.512821	0.589744	-0.184356	-0.0023549	-0.0570723
20	24	0.512821	0.615385	-0.172672	-0.00206086	-0.108867
20	25	0.512821	0.641026	-0.15714	-0.00107301	-0.0596067
20	26	0.512821	0.666667	-0.134668	1.43471e-05	-0.119709
20	27	0.512821	0.692308	-0.106247	-8.16968e-05	-0.0813176
20	28	0.512821	0.717949	-0.0700547	0.00172119	-0.106949
20	29	0.512821	0.74359	-0.0249834	0.000377126	-0.121707
20	30	0.512821	0.769231	0.0283861	0.00211534	-0.074782
20	31	0.512821	0.794872	0.0932468	0.000111705	-0.164131
20	32	0.512821	0.820513	0.167418	0.000525015	-0.0430762
20	33	0.512821	0.846154	0.254153	-0.00103365	-0.181374
20	34	0.512821	0.871795	0.351707	-0.00276303	-0.035773
20	35	0.512821	0.897436	0.46113	-0.00311044	-0.156595
20	36	0.512821	0.923077	0.581968	-0.00618128	-0.0569143
20	37	0.512821	0.948718	0.712879	-0.0055879	-0.105803
20	38	0.512821	0.974359	0.853468	-0.00856996	-0.0860671
20	39	0.512821	1	1	0	0
21	0	0.538462	0	0	0	-0.0924882
21	1	0.538462	0.025641	-0.0164207	-0.000272593	-0.0924882
21	2	0.538462	0.0512821	-0.03101	-0.00072731	-0.0940727
21	3	0.538462	0.0769231	-0.0443263	-0.00136422	-0.0935479
21	4	0.538462	0.102564	-0.0565436	-0.00225215	-0.0962172
21	5	0.538462	0.128205	-0.0681682	-0.00329207	-0.0943911
21	6	0.538462	0.153846	-0.079098	-0.00444443	-0.0968219
21	7	0.538462	0.179487	-0.0897366	-0.0058386	-0.0963948
21	8	0.538462	0.205128	-0.100059	-0.00719494	-0.0957578
21	9	0.538462	0.230769	-0.110058	-0.00883548	-0.0992156
21	10	0.538462	0.25641	-0.120119	-0.0104169	-0.094691
21	11	0.538462	0.282051	-0.129681	-0.0121436	-0.101028
21	12	0.538462	0.307692	-0.139445	-0.0139698	-0.0960695
21	13	0.538462	0.333333	-0.148662	-0.0156456	-0.100314
21	14	0.538462	0.358974	-0.157713	-0.0176285	-0.100991
21	15	0.538462	0.384615	-0.166406	-0.0192089	-0.0978966
21	16	0.538462	0.410256	-0.174068	-0.0211099	-0.107797
21	17	0.538462	0.435897	-0.181518	-0.0226279	-0.0972945
21	18	0.538462	0.461538	-0.186966	-0.0241261	-0.112879
21	19	0.538462	0.487179	-0.191736	-0.0255872	-0.102682
21	20	0.538462	0.512821	-0.193916	-0.0264277	-0.1134
21	21	0.538462	0.538462	-0.193923	-0.0276902	-0.115665
21	22	0.538462	0.564103	-0.191244	-0.0278187	-0.11003
21	23	0.538462	0.589744	-0.184032	-0.0285547	-0.133033
21	24	0.538462	0.615385	-0.174002	-0.0281611	-0.107749
21	25	0.538462	0.641026	-0.15702	-0.02795	-0.146982
21	26	0.538462	0.666667	-0.136123	-0.0273894	-0.113911
21	27	0.538462	0.692308	-0.106791	-0.0259353	-0.148202
21	28	0.538462	0.717949	-0.0708412	-0.0255292	-0.133788
21	29	0.538462	0.74359	-0.0263693	-0.0229515	-0.131544
21	30	0.538462	0.769231	0.0286697	-0.0227067	-0.164531
21	31	0.538462	0.794872	0.09145	-0.0197605	-0.102725
21	32	0.538462	0.820513	0.168464	-0.0191958	-0.191029
21	33	0.538462	0.846154	0.252767	-0.0170943	-0.0802234
21	34	0.538462	0.871795	0.352766	-0.0155612	-0.19181
21	35	0.538462	0.897436	0.460608	-0.0150958	-0.0829622
21	36	0.538462	0.923077	0.582507	-0.0127432	-0.160604
21	37	0.538462	0.948718	0.712844	-0.0130871	-0.104451
21	38	0.538462	0.974359	0.85351	-0.0129336	-0.138106
21	39	0.538462	1	1	0	0
22	0	0.564103	0	0	0	-0.148236
22	1	0.564103	0.025641	-0.0160116	-0.000480469	-0.148236
22	2	0.564103	0.0512821	-0.0303027	-0.00118789	-0.149893
22	3	0.564103	0.0769231	-0.0432471	-0.00231622	-0.151453
22	4	0.564103	0.102564	-0.0553547	-0.00375984	-0.151999
22	5	0.564103	0.128205	-0.0665958	-0.00548711	-0.153203
22	6	0.564103	0.153846	-0.0774792	-0.00749422	-0.153607
22	7	0.564103	0.179487	-0.0878596	-0.00970036	-0.153819
22	8	0.564103	0.205128	-0.0979859	-0.0121637	-0.154837
22	9	0.564103	0.230769	-0.108022	-0.0147879	-0.153915
22	10	0.564103	0.25641	-0.117645	-0.0176084	-0.155406
22	11	0.564103	0.282051	-0.127499	-0.0205938	-0.154226
22	12	0.564103	0.307692	-0.136794	-0.0236748	-0.155175
22	13	0.564103	0.333333	-0.146234	-0.026922	-0.155098
22	14	0.564103	0.358974	-0.155216	-0.0301603	-0.154559
22	15	0.564103	0.384615	-0.163684	-0.0335088	-0.15638
22	16	0.564103	0.410256	-0.171963	-0.0367713	-0.154403
22	17	0.564103	0.435897	-0.17872	-0.0400035	-0.157719
22	18	0.564103	0.461538	-0.185244	-0.0431028	-0.155579
22	19	0.564103	0.487179	-0.189396	-0.0459547	-0.15886
22	20	0.564103	0.512821	-0.192382	-0.0486402	-0.158688
22	21	0.564103	0.538462	-0.192681	-0.0508198	-0.159705
22	22	0.564103	0.564103	-0.189785	-0.0527847	-0.163817
22	23	0.564103	0.589744	-0.184258	-0.0540131	-0.160395
22	24	0.564103	0.615385	-0.172873	-0.0549108	-0.17004
22	25	0.564103	0.641026	-0.158517	-0.0549953	-0.161716
22	26	0.564103	0.666667	-0.136011	-0.0544799	-0.174684
22	27	0.564103	0.692308	-0.108807	-0.0533868	-0.165511
22	28	0.564103	0.717949	-0.0725495	-0.0512215	-0.173408
22	29	0.564103	0.74359	-0.0279891	-0.0490736	-0.173787
22	30	0.564103	0.769231	0.024813	-0.0453491	-0.162862
22	31	0.564103	0.794872	0.0906976	-0.0423002	-0.185386
22	32	0.564103	0.820513	0.163132	-0.0376765	-0.146019
22	33	0.564103	0.846154	0.252529	-0.0338077	-0.192494
22	34	0.564103	0.871795	0.347556	-0.0294519	-0.134618
22	35	0.564103	0.897436	0.460079	-0.0250446	-0.184821
22	36	0.564103	0.923077	0.579014	-0.022009	-0.139684
22	37	0.564103	0.948718	0.711881	-0.0179707	-0.163055
22	38	0.564103	0.974359	0.85232	-0.0186049	-0.1721
22	39	0.564103	1	1	0	0
23	0	0.589744	0	0	0	-0.204285
23	1	0.589744	0.025641	-0.0154203	-0.000665861	-0.204285
23	2	0.589744	0.0512821	-0.0291768	-0.00163926	-0.206521
23	3	0.589744	0.0769231	-0.0417851	-0.00320608	-0.208821
23	4	0.589744	0.102564	-0.053387	-0.00518219	-0.209059
23	5	0.589744	0.128205	-0.064463	-0.00758536	-0.211539
23	6	0.589744	0.153846	-0.0749033	-0.0103476	-0.210713
23	7	0.589744	0.179487	-0.0850855	-0.0134067	-0.212369
23	8	0.589744	0.205128	-0.0950002	-0.016848	-0.212263
23	9	0.589744	0.230769	-0.104623	-0.0204751	-0.211463
23	10	0.589744	0.25641	-0.114345	-0.024475	-0.213487
23	11	0.589744	0.282051	-0.123628	-0.0286371	-0.210039
23	12	0.589744	0.307692	-0.133139	-0.0330375	-0.213191
23	13	0.589744	0.333333	-0.142198	-0.0376746	-0.209713
23	14	0.589744	0.358974	-0.151142	-0.0423152	-0.21057
23	15	0.589744	0.384615	-0.159818	-0.0472467	-0.210899
23	16	0.589744	0.410256	-0.167592	-0.0519885	-0.206661
23	17	0.589744	0.435897	-0.175206	-0.0568817	-0.21203
23	18	0.589744	0.461538	-0.181031	-0.0615545	-0.204141
23	19	0.589744	0.487179	-0.18623	-0.0659854	-0.210767
23	20	0.589744	0.512821	-0.189047	-0.0702799	-0.20521
23	21	0.589744	0.538462	-0.189837	-0.0738324	-0.206353
23	22	0.589744	0.564103	-0.188031	-0.0772335	-0.209334
23	23	0.589744	0.589744	-0.181956	-0.0795508	-0.200881
23	24	0.589744	0.615385	-0.173053	-0.0813995	-0.21295
23	25	0.589744	0.641026	-0.157403	-0.0821613	-0.198053
23	26	0.589744	0.666667	-0.137907	-0.0818519	-0.211707
23	27	0.589744	0.692308	-0.10986	-0.0807319	-0.200034
23	28	0.589744	0.717949	-0.0754265	-0.0779677	-0.203879
23	29	0.589744	0.74359	-0.0320795	-0.0746766	-0.2047
23	30	0.589744	0.769231	0.0218289	-0.0696587	-0.192439
23	31	0.589744	0.794872	0.0835252	-0.0641641	-0.206205
23	32	0.589744	0.820513	0.160482	-0.0575915	-0.18334
23	33	0.589744	0.846154	0.243676	-0.0504845	-0.200321
23	34	0.589744	0.871795	0.344974	-0.0434008	-0.180377
23	35	0.589744	0.897436	0.452183	-0.0361176	-0.190623
23	36	0.589744	0.923077	0.576243	-0.0299029	-0.182835
23	37	0.589744	0.948718	0.707408	-0.0241532	-0.183977
23	38	0.589744	0.974359	0.85062	-0.0232041	-0.212366
23	39	0.589744	1	1	0	0
24	0	0.615385	0	0	0	-0.260768
24	1	0.615385	0.025641	-0.0146324	-0.000817015	-0.260768
24	2	0.615385	0.0512821	-0.0277709	-0.00208599	-0.264355
24	3	0.615385	0.0769231	-0.0397548	-0.00398268	-0.26501
24	4	0.615385	0.102564	-0.0509846	-0.00651374	-0.269008
24	5	0.615385	0.128205	-0.0614999	-0.00950646	-0.26727
24	6	0.615385	0.153846	-0.0716533	-0.0129381	-0.270943
24	7	0.615385	0.179487	-0.0814203	-0.0168914	-0.269629
24	8	0.615385	0.205128	-0.090943	-0.0210763	-0.26969
24	9	0.615385	0.230769	-0.100401	-0.0258469	-0.272151
24	10	0.615385	0.25641	-0.109572	-0.0307744	-0.266772
24	11	0.615385	0.282051	-0.118884	-0.0361577	-0.272755
24	12	0.615385	0.307692	-0.127878	-0.0418422	-0.26508
24	13	0.615385	0.333333	-0.136913	-0.0476324	-0.269109
24	14	0.615385	0.358974	-0.145703	-0.0539502	-0.266215
24	15	0.615385	0.384615	-0.154074	-0.0600178	-0.261537
24	16	0.615385	0.410256	-0.162253	-0.0666091	-0.26828
24	17	0.615385	0.435897	-0.169345	-0.0728648	-0.2539
24	18	0.615385	0.461538	-0.175975	-0.0791871	-0.266772
24	19	0.615385	0.487179	-0.180881	-0.0854116	-0.250993
24	20	0.615385	0.512821	-0.184442	-0.0908954	-0.258319
24	21	0.615385	0.538462	-0.185776	-0.0965568	-0.254377
24	22	0.615385	0.564103	-0.184207	-0.100726	-0.244151
24	23	0.615385	0.589744	-0.179879	-0.104942	-0.260149
24	24	0.615385	0.615385	-0.170641	-0.107409	-0.230337
24	25	0.615385	0.641026	-0.157702	-0.109117	-0.26049
24	26	0.615385	0.666667	-0.13784	-0.109497	-0.224434
24	27	0.615385	0.692308	-0.112472	-0.107793	-0.248213
24	28	0.615385	0.717949	-0.0787116	-0.105628	-0.230375
24	29	0.615385	0.74359	-0.036486	-0.100185	-0.22225
24	30	0.615385	0.769231	0.0146284	-0.0950165	-0.244174
24	31	0.615385	0.794872	0.078071	-0.0864335	-0.191339
24	32	0.615385	0.820513	0.149993	-0.0781424	-0.253981
24	33	0.615385	0.846154	0.237776	-0.0679857	-0.171802
24	34	0.615385	0.871795	0.33354	-0.0574524	-0.248308
24	35	0.615385	0.897436	0.4463	-0.0478444	-0.176456
24	36	0.615385	0.923077	0.567367	-0.0376367	-0.230564
24	37	0.615385	0.948718	0.702835	-0.0303829	-0.198297
24	38	0.615385	0.974359	0.847194	-0.0274925	-0.249594
24	39	0.615385	1	1	0	0
25	0	0.641026	0	0	0	-0.318201
25	1	0.641026	0.025641	-0.0136906	-0.000992441	-0.318201
25	2	0.641026	0.0512821	-0.0260251	-0.00240672	-0.321072
25	3	0.641026	0.0769231	-0.0373839	-0.0047386	-0.32538
25	4	0.641026	0.102564	-0.0479608	-0.0076403	-0.3242
25	5	0.641026	0.128205	-0.0580166	-0.0111857	-0.329341
25	6	0.641026	0.153846	-0.0676306	-0.0153187	-0.326832
25	7	0.641026	0.179487	-0.0769465	-0.0198256	-0.329247
25	8	0.641026	0.205128	-0.0860892	-0.0250457	-0.330028
25	9	0.641026	0.230769	-0.0950221	-0.0304632	-0.325907
25	10	0.641026	0.25641	-0.103964	-0.0365617	-0.332016
25	11	0.641026	0.282051	-0.11275	-0.0429454	-0.322511
25	12	0.641026	0.307692	-0.12155	-0.0496808	-0.329471
25	13	0.641026	0.333333	-0.130248	-0.0570012	-0.322024
25	14	0.641026	0.358974	-0.138755	-0.0642103	-0.321067
25	15	0.641026	0.384615	-0.147131	-0.0721847	-0.323799
25	16	0.641026	0.410256	-0.154963	-0.079802	-0.309865
25	17	0.641026	0.435897	-0.162391	-0.0878853	-0.323087
25	18	0.641026	0.461538	-0.168845	-0.0957824	-0.301669
25	19	0.641026	0.487179	-0.174253	-0.103317	-0.314575
25	20	0.641026	0.512821	-0.178152	-0.111057	-0.300344
25	21	0.641026	0.538462	-0.179991	-0.117431	-0.297098
25	22	0.641026	0.564103	-0.179526	-0.124127	-0.304038
25	23	0.641026	0.589744	-0.175692	-0.128807	-0.275552
25	24	0.641026	0.615385	-0.168337	-0.133198	-0.305266
25	25	0.641026	0.641026	-0.156059	-0.135645	-0.258753
25	26	0.641026	0.666667	-0.138553	-0.136372	-0.294602
25	27	0.641026	0.692308	-0.114364	-0.135949	-0.254743
25	28	0.641026	0.717949	-0.0827574	-0.131993	-0.266193
25	29	0.641026	0.74359	-0.0426516	-0.127969	-0.265421
25	30	0.641026	0.769231	0.00746783	-0.119201	-0.223694
25	31	0.641026	0.794872	0.0676536	-0.110974	-0.282392
25	32	0.641026	0.820513	0.140558	-0.0986145	-0.183816
25	33	0.641026	0.846154	0.224558	-0.0863291	-0.288734
25	34	0.641026	0.871795	0.323248	-0.072928	-0.17057
25	35	0.641026	0.897436	0.433489	-0.0585488	-0.273081
25	36	0.641026	0.923077	0.558391	-0.0472933	-0.196081
25	37	0.641026	0.948718	0.6946	-0.0350003	-0.246801
25	38	0.641026	0.974359	0.843004	-0.0323463	-0.272136
25	39	0.641026	1	1	0	0
26	0	0.666667	0	0	0	-0.376076
26	1	0.666667	0.025641	-0.0126036	-0.00108108	-0.376076
26	2	0.666667	0.0512821	-0.0240442	-0.00276368	-0.380863
26	3	0.666667	0.0769231	-0.0346207	-0.00527316	-0.38154
26	4	0.666667	0.102564	-0.0445294	-0.00862286	-0.38687
26	5	0.666667	0.128205	-0.0539638	-0.0126186	-0.384626
26	6	0.666667	0.153846	-0.0629894	-0.0171886	-0.388891
26	7	0.666667	0.179487	-0.071797	-0.0225136	-0.387893
26	8	0.666667	0.205128	-0.0803669	-0.0281665	-0.386629
26	9	0.666667	0.230769	-0.0888621	-0.0346383	-0.390695
26	10	0.666667	0.25641	-0.0972824	-0.0414138	-0.382544
26	11	0.666667	0.282051	-0.105637	-0.0487953	-0.389833
26	12	0.666667	0.307692	-0.11405	-0.0567327	-0.380111
26	13	0.666667	0.333333	-0.122305	-0.0648329	-0.382729
26	14	0.666667	0.358974	-0.1306	-0.0737668	-0.380194
26	15	0.666667	0.384615	-0.138622	-0.0825062	-0.370706
26	16	0.666667	0.410256	-0.14638	-0.0919885	-0.379246
26	17	0.666667	0.435897	-0.153732	-0.101288	-0.358809
26	18	0.666667	0.461538	-0.160223	-0.110686	-0.371677
26	19	0.666667	0.487179	-0.165991	-0.12022	-0.351802
26	20	0.666667	0.512821	-0.170143	-0.128868	-0.354551
26	21	0.666667	0.538462	-0.1728	-0.13786	-0.349894
26	22	0.666667	0.564103	-0.173057	-0.145104	-0.330434
26	23	0.666667	0.589744	-0.170424	-0.152312	-0.347799
26	24	0.666667	0.615385	-0.164499	-0.157423	-0.306342
26	25	0.666667	0.641026	-0.153773	-0.161314	-0.337351
26	26	0.666667	0.666667	-0.138418	-0.163388	-0.290222
26	27	0.666667	0.692308	-0.11618	-0.162452	-0.311606
26	28	0.666667	0.717949	-0.0871681	-0.160437	-0.287052
26	29	0.666667	0.74359	-0.0493558	-0.153672	-0.269393
26	30	0.666667	0.769231	-0.00180589	-0.146563	-0.295011
26	31	0.666667	0.794872	0.0561923	-0.13414	-0.220261
26	32	0.666667	0.820513	0.127091	-0.12149	-0.303041
26	33	0.666667	0.846154	0.209902	-0.105321	-0.18611
26	34	0.666667	0.871795	0.307846	-0.0882688	-0.296213
26	35	0.666667	0.897436	0.418826	-0.071916	-0.190242
26	36	0.666667	0.923077	0.545167	-0.0545994	-0.275122
26	37	0.666667	0.948718	0.684543	-0.0419745	-0.229369
26	38	0.666667	0.974359	0.837208	-0.0353943	-0.304401
26	39	0.666667	1	1	0	0
27	0	0.692308	0	0	0	-0.435288
27	1	0.692308	0.025641	-0.0114068	-0.00120522	-0.435288
27	2	0.692308	0.0512821	-0.0218623	-0.00293888	-0.438907
27	3	0.692308	0.0769231	-0.0315656	-0.00576124	-0.443602
27	4	0.692308	0.102564	-0.0407535	-0.00932984	-0.443121
27	5	0.692308	0.128205	-0.0494354	-0.0136685	-0.447865
27	6	0.692308	0.153846	-0.0578786	-0.0187766	-0.446497
27	7	0.692308	0.179487	-0.0659951	-0.0243984	-0.447681
27	8	0.692308	0.205128	-0.0740107	-0.0308829	-0.449485
27	9	0.692308	0.230769	-0.0819239	-0.0377703	-0.444384
27	10	0.692308	0.25641	-0.0897263	-0.0454305	-0.44983
27	11	0.692308	0.282051	-0.0976653	-0.0536397	-0.440975
27	12	0.692308	0.307692	-0.105411	-0.0622909	-0.444692
27	13	0.692308	0.333333	-0.113377	-0.071754	-0.439124
27	14	0.692308	0.358974	-0.121131	-0.0813048	-0.433931
27	15	0.692308	0.384615	-0.128858	-0.0917098	-0.436777
27	16	0.692308	0.410256	-0.136458	-0.102102	-0.420999
27	17	0.692308	0.435897	-0.143449	-0.112932	-0.429279
27	18	0.692308	0.461538	-0.150295	-0.123927	-0.410082
27	19	0.692308	0.487179	-0.15584	-0.134576	-0.413308
27	20	0.692308	0.512821	-0.160743	-0.145537	-0.402175
27	21	0.692308	0.538462	-0.163795	-0.155338	-0.389817
27	22	0.692308	0.564103	-0.164941	-0.165162	-0.393829
27	23	0.692308	0.589744	-0.163817	-0.173278	-0.363427
27	24	0.692308	0.615385	-0.158817	-0.180481	-0.379315
27	25	0.692308	0.641026	-0.150837	-0.185767	-0.339507
27	26	0.692308	0.666667	-0.136749	-0.188662	-0.353773
27	27	0.692308	0.692308	-0.117989	-0.189679	-0.321789
27	28	0.692308	0.717949	-0.0912109	-0.186654	-0.315443
27	29	0.692308	0.74359	-0.0565727	-0.181901	-0.311207
27	30	0.692308	0.769231	-0.0126393	-0.171956	-0.268034
27	31	0.692308	0.794872	0.0436157	-0.160369	-0.304612
27	32	0.692308	0.820513	0.110057	-0.143945	-0.224029
27	33	0.692308	0.846154	0.193252	-0.125819	-0.294832
27	34	0.692308	0.871795	0.287769	-0.105586	-0.20403
27	35	0.692308	0.897436	0.401382	-0.0839831	-0.278387
27	36	0.692308	0.923077	0.527816	-0.0650151	-0.224407
27	37	0.692308	0.948718	0.672057	-0.0464184	-0.266823
27	38	0.692308	0.974359	0.829643	-0.0394529	-0.313463
27	39	0.692308	1	1	0	0
28	0	0.717949	0	0	0	-0.495115
28	1	0.717949	0.025641	-0.0101395	-0.00123296	-0.495115
28	2	0.717949	0.0512821	-0.0195211	-0.00311817	-0.500157
28	3	0.717949	0.0769231	-0.0283528	-0.00599992	-0.501883
28	4	0.717949	0.102564	-0.0366441	-0.00979445	-0.50618
28	5	0.717949	0.128205	-0.0446656	-0.014404	-0.505976
28	6	0.717949	0.153846	-0.0522814	-0.0197049	-0.508251
28	7	0.717949	0.179487	-0.0597884	-0.0258707	-0.509091
28	8	0.717949	0.205128	-0.0670996	-0.0325895	-0.50677
28	9	0.717949	0.230769	-0.074305	-0.0401494	-0.510051
28	10	0.717949	0.25641	-0.0816082	-0.0483192	-0.503813
28	11	0.717949	0.282051	-0.0887111	-0.0571221	-0.506522
28	12	0.717949	0.307692	-0.0961186	-0.0667256	-0.500986
28	13	0.717949	0.333333	-0.103303	-0.0766935	-0.497738
28	14	0.717949	0.358974	-0.110686	-0.0875364	-0.497158
28	15	0.717949	0.384615	-0.118004	-0.0986336	-0.485771
28	16	0.717949	0.410256	-0.125036	-0.110346	-0.488831
28	17	0.717949	0.435897	-0.132198	-0.122405	-0.47361
28	18	0.717949	0.461538	-0.13842	-0.13452	-0.473212
28	19	0.717949	0.487179	-0.144614	-0.147037	-0.461858
28	20	0.717949	0.512821	-0.149364	-0.158998	-0.45083
28	21	0.717949	0.538462	-0.153194	-0.171045	-0.447605
28	22	0.717949	0.564103	-0.155348	-0.182058	-0.424906
28	23	0.717949	0.589744	-0.154874	-0.192322	-0.426671
28	24	0.717949	0.615385	-0.152451	-0.201157	-0.398315
28	25	0.717949	0.641026	-0.145215	-0.208026	-0.396738
28	26	0.717949	0.666667	-0.134997	-0.212953	-0.371578
28	27	0.717949	0.692308	-0.117884	-0.214589	-0.358417
28	28	0.717949	0.717949	-0.0952159	-0.213585	-0.343749
28	29	0.717949	0.74359	-0.0641364	-0.208158	-0.314489
28	30	0.717949	0.769231	-0.0230628	-0.199406	-0.314575
28	31	0.717949	0.794872	0.0274279	-0.185761	-0.270279
28	32	0.717949	0.820513	0.0935123	-0.168534	-0.28561
28	33	0.717949	0.846154	0.1702	-0.147371	-0.236092
28	34	0.717949	0.871795	0.267263	-0.123433	-0.261424
28	35	0.717949	0.897436	0.377031	-0.0986481	-0.227032
28	36	0.717949	0.923077	0.508603	-0.0739369	-0.254653
28	37	0.717949	0.948718	0.655181	-0.0527753	-0.250588
28	38	0.717949	0.974359	0.820514	-0.0418453	-0.324091
28	39	0.717949	1	1	0	0
29	0	0.74359	0	0	0	-0.556306
29	1	0.74359	0.025641	-0.00882992	-0.00126553	-0.556306
29	2	0.74359	0.0512821	-0.0171439	-0.00313092	-0.560543
29	3	0.74359	0.0769231	-0.0249646	-0.00609924	-0.564313
29	4	0.74359	0.102564	-0.0324821	-0.00996308	-0.565926
29	5	0.74359	0.128205	-0.0395725	-0.0146484	-0.568268
29	6	0.74359	0.153846	-0.046528	-0.0202129	-0.569632
29	7	0.74359	0.179487	-0.0531986	-0.0264722	-0.568849
29	8	0.74359	0.205128	-0.059779	-0.03359	-0.571114
29	9	0.74359	0.230769	-0.0663468	-0.0414205	-0.567362
29	10	0.74359	0.25641	-0.0727495	-0.0499757	-0.568702
29	11	0.74359	0.282051	-0.0794176	-0.0593716	-0.564925
29	12	0.74359	0.307692	-0.085871	-0.0693173	-0.561662
29	13	0.74359	0.333333	-0.0926406	-0.0801578	-0.560614
29	14	0.74359	0.358974	-0.099326	-0.0914966	-0.551378
29	15	0.74359	0.384615	-0.106018	-0.103537	-0.5516
29	16	0.74359	0.410256	-0.11289	-0.116175	-0.539901
29	17	0.74359	0.435897	-0.119223	-0.129108	-0.535678
29	18	0.74359	0.461538	-0.125821	-0.142671	-0.527088
29	19	0.74359	0.487179	-0.131402	-0.156119	-0.513594
29	20	0.74359	0.512821	-0.136767	-0.169857	-0.509612
29	21	0.74359	0.538462	-0.140901	-0.183209	-0.488314
29	22	0.74359	0.564103	-0.14359	-0.19603	-0.483369
29	23	0.74359	0.589744	-0.144939	-0.208175	-0.461626
29	24	0.74359	0.615385	-0.143031	-0.21868	-0.447123
29	25	0.74359	0.641026	-0.139222	-0.227844	-0.431556
29	26	0.74359	0.666667	-0.130169	-0.234279	-0.403767
29	27	0.74359	0.692308	-0.117455	-0.238112	-0.393596
29	28	0.74359	0.717949	-0.0977123	-0.238315	-0.358095
29	29	0.74359	0.74359	-0.070754	-0.234286	-0.345236
29	30	0.74359	0.769231	-0.0352177	-0.22595	-0.313789
29	31	0.74359	0.794872	0.0128692	-0.212138	-0.290554
29	32	0.74359	0.820513	0.071338	-0.193796	-0.273513
29	33	0.74359	0.846154	0.148398	-0.170229	-0.242103
29	34	0.74359	0.871795	0.238652	-0.143178	-0.243362
29	35	0.74359	0.897436	0.351999	-0.113785	-0.219393
29	36	0.74359	0.923077	0.482217	-0.0845505	-0.238753
29	37	0.74359	0.948718	0.635965	-0.0584089	-0.238998
29	38	0.74359	0.974359	0.808519	-0.0439769	-0.319634
29	39	0.74359	1	1	0	0
30	0	0.769231	0	0	0	-0.618349
30	1	0.769231	0.025641	-0.00753988	-0.00122548	-0.618349
30	2	0.769231	0.0512821	-0.0147387	-0.00306467	-0.622866
30	3	0.769231	0.0769231	-0.0216469	-0.00597857	-0.625862
30	4	0.769231	0.102564	-0.0281775	-0.00978286	-0.62814
30	5	0.769231	0.128205	-0.0345292	-0.01451	-0.630692
30	6	0.769231	0.153846	-0.040558	-0.0200254	-0.630474
30	7	0.769231	0.179487	-0.0464844	-0.0264172	-0.63308
30	8	0.769231	0.205128	-0.0522863	-0.0336125	-0.63074
30	9	0.769231	0.230769	-0.0579632	-0.0415694	-0.63174
30	10	0.769231	0.25641	-0.0637877	-0.0504341	-0.629655
30	11	0.769231	0.282051	-0.069443	-0.0599346	-0.62609
30	12	0.769231	0.307692	-0.0753995	-0.070383	-0.62618
30	13	0.769231	0.333333	-0.0812667	-0.081473	-0.61735
30	14	0.769231	0.358974	-0.0873095	-0.0933402	-0.617582
30	15	0.769231	0.384615	-0.0934936	-0.106009	-0.607244
30	16	0.769231	0.410256	-0.0994849	-0.119114	-0.601757
30	17	0.769231	0.435897	-0.105798	-0.133119	-0.595271
30	18	0.769231	0.461538	-0.111532	-0.147272	-0.579536
30	19	0.769231	0.487179	-0.117404	-0.162045	-0.57758
30	20	0.769231	0.512821	-0.122486	-0.176881	-0.554096
30	21	0.769231	0.538462	-0.126959	-0.191559	-0.549284
30	22	0.769231	0.564103	-0.130552	-0.206247	-0.527381
30	23	0.769231	0.589744	-0.132277	-0.219706	-0.508537
30	24	0.769231	0.615385	-0.132775	-0.232698	-0.496717
30	25	0.769231	0.641026	-0.129857	-0.243456	-0.458631
30	26	0.769231	0.666667	-0.124557	-0.252424	-0.455164
30	27	0.769231	0.692308	-0.11417	-0.258411	-0.406008
30	28	0.769231	0.717949	-0.098898	-0.260452	-0.396307
30	29	0.769231	0.74359	-0.0766574	-0.258878	-0.355709
30	30	0.769231	0.769231	-0.0453455	-0.251046	-0.321043
30	31	0.769231	0.794872	-0.00452703	-0.238844	-0.308384
30	32	0.769231	0.820513	0.0510979	-0.219225	-0.242706
30	33	0.769231	0.846154	0.120075	-0.194676	-0.263115
30	34	0.769231	0.871795	0.21014	-0.164368	-0.187213
30	35	0.769231	0.897436	0.318805	-0.130355	-0.227776
30	36	0.769231	0.923077	0.453191	-0.0964209	-0.185826
30	37	0.769231	0.948718	0.61081	-0.0638759	-0.227109
30	38	0.769231	0.974359	0.79402	-0.0455199	-0.294289
30	39	0.769231	1	1	0	0
31	0	0.794872	0	0	0	-0.681484
31	1	0.794872	0.025641	-0.00630152	-0.00114119	-0.681484
31	2	0.794872	0.0512821	-0.0124625	-0.00287814	-0.685777
31	3	0.794872	0.0769231	-0.0183628	-0.00561462	-0.688297
31	4	0.794872	0.102564	-0.0240601	-0.0093094	-0.69176
31	5	0.794872	0.128205	-0.0294532	-0.0138357	-0.691954
31	6	0.794872	0.153846	-0.0346998	-0.019273	-0.695485
31	7	0.794872	0.179487	-0.0397546	-0.0255576	-0.693737
31	8	0.794872	0.205128	-0.0446914	-0.0326356	-0.695607
31	9	0.794872	0.230769	-0.0496497	-0.0406664	-0.694268
31	10	0.794872	0.25641	-0.0544876	-0.0493638	-0.691419
31	11	0.794872	0.282051	-0.0595252	-0.0590709	-0.692516
31	12	0.794872	0.307692	-0.064503	-0.0694595	-0.684002
31	13	0.794872	0.333333	-0.0696823	-0.0807181	-0.685655
31	14	0.794872	0.358974	-0.074973	-0.0928628	-0.675166
31	15	0.794872	0.384615	-0.0802784	-0.105568	-0.671195
31	16	0.794872	0.410256	-0.0858656	-0.11936	-0.664678
31	17	0.794872	0.435897	-0.0912311	-0.133458	-0.649506
31	18	0.794872	0.461538	-0.096833	-0.148514	-0.648702
31	19	0.794872	0.487179	-0.102072	-0.163878	-0.623704
31	20	0.794872	0.512821	-0.107139	-0.179561	-0.621634
31	21	0.794872	0.538462	-0.111764	-0.195703	-0.596294
31	22	0.794872	0.564103	-0.115476	-0.211178	-0.580192
31	23	0.794872	0.589744	-0.118475	-0.226956	-0.565282
31	24	0.794872	0.615385	-0.1196	-0.241096	-0.526264
31	25	0.794872	0.641026	-0.119196	-0.254543	-0.523333
31	26	0.794872	0.666667	-0.115736	-0.265648	-0.465914
31	27	0.794872	0.692308	-0.109054	-0.273979	-0.461421
31	28	0.794872	0.717949	-0.0976399	-0.279387	-0.405104
31	29	0.794872	0.74359	-0.0801122	-0.279207	-0.375564
31	30	0.794872	0.769231	-0.0551146	-0.275178	-0.345289
31	31	0.794872	0.794872	-0.0195632	-0.26305	-0.273752
31	32	0.794872	0.820513	0.0279968	-0.245569	-0.283428
31	33	0.794872	0.846154	0.0923443	-0.219459	-0.179832
31	34	0.794872	0.871795	0.175461	-0.186982	-0.22092
31	35	0.794872	0.897436	0.282845	-0.149409	-0.130622
31	36	0.794872	0.923077	0.416765	-0.108363	-0.182321
31	37	0.794872	0.948718	0.580952	-0.0709157	-0.159337
31	38	0.794872	0.974359	0.77552	-0.0451438	-0.258677
31	39	0.794872	1	1	0	0
32	0	0.820513	0	0	0	-0.745517
32	1	0.820513	0.025641	-0.00518363	-0.00101146	-0.745517
32	2	0.820513	0.0512821	-0.0103417	-0.00253426	-0.74906
32	3	0.820513	0.0769231	-0.0153408	-0.00506857	-0.752646
32	4	0.820513	0.102564	-0.020094	-0.00843098	-0.753615
32	5	0.820513	0.128205	-0.0246503	-0.0127345	-0.757754
32	6	0.820513	0.153846	-0.0289957	-0.0178828	-0.756575
32	7	0.820513	0.179487	-0.0331896	-0.0238685	-0.759763
32	8	0.820513	0.205128	-0.0373187	-0.0307996	-0.758507
32	9	0.820513	0.230769	-0.041343	-0.0384227	-0.757518
32	10	0.820513	0.25641	-0.0454504	-0.0470789	-0.758673
32	11	0.820513	0.282051	-0.0495318	-0.0564007	-0.751628
32	12	0.820513	0.307692	-0.0537476	-0.0666757	-0.754385
32	13	0.820513	0.333333	-0.0580758	-0.0778072	-0.743918
32	14	0.820513	0.358974	-0.0624767	-0.0896255	-0.742681
32	15	0.820513	0.384615	-0.0671191	-0.102575	-0.7348
32	16	0.820513	0.410256	-0.0717465	-0.115958	-0.722991
32	17	0.820513	0.435897	-0.0765996	-0.130518	-0.721153
32	18	0.820513	0.461538	-0.0814121	-0.145508	-0.697766
32	19	0.820513	0.487179	-0.0862133	-0.16126	-0.697317
32	20	0.820513	0.512821	-0.0909622	-0.177683	-0.669755
32	21	0.820513	0.538462	-0.0953009	-0.194062	-0.658748
32	22	0.820513	0.564103	-0.0993866	-0.211233	-0.638059
32	23	0.820513	0.589744	-0.102604	-0.227486	-0.605187
32	24	0.820513	0.615385	-0.104945	-0.243992	-0.596395
32	25	0.820513	0.641026	-0.105841	-0.258908	-0.540625
32	26	0.820513	0.666667	-0.104674	-0.272501	-0.535254
32	27	0.820513	0.692308	-0.100997	-0.283958	-0.470029
32	28	0.820513	0.717949	-0.0933826	-0.291493	-0.447156
32	29	0.820513	0.74359	-0.0810279	-0.295983	-0.395154
32	30	0.820513	0.769231	-0.0618025	-0.293472	-0.333106
32	31	0.820513	0.794872	-0.0335507	-0.286042	-0.312973
32	32	0.820513	0.820513	0.00644837	-0.269173	-0.208256
32	33	0.820513	0.846154	0.0627066	-0.244771	-0.221381
32	34	0.820513	0.871795	0.138685	-0.211044	-0.104722
32	35	0.820513	0.897436	0.241207	-0.169092	-0.136441
32	36	0.820513	0.923077	0.374231	-0.123561	-0.0696278
32	37	0.820513	0.948718	0.544146	-0.0767556	-0.112612
32	38	0.820513	0.974359	0.752204	-0.0444187	-0.181157
32	39	0.820513	1	1	0	0
33	0	0.846154	0	0	0	-0.810141
33	1	0.846154	0.025641	-0.00423285	-0.000801366	-0.810141
33	2	0.846154	0.0512821	-0.0085046	-0.00210102	-0.813702
33	3	0.846154	0.0769231	-0.0126117	-0.00423184	-0.815539
33	4	0.846154	0.102564	-0.0164953	-0.00727845	-0.819595
33	5	0.846154	0.128205	-0.020169	-0.0111421	-0.819462
33	6	0.846154	0.153846	-0.0236383	-0.0158808	-0.823547
33	7	0.846154	0.179487	-0.0270013	-0.0215116	-0.822529
33	8	0.846154	0.205128	-0.0302347	-0.027872	-0.823758
33	9	0.846154	0.230769	-0.0334694	-0.0352235	-0.824352
33	10	0.846154	0.25641	-0.036683	-0.0432206	-0.820006
33	11	0.846154	0.282051	-0.039943	-0.0521983	-0.82276
33	12	0.846154	0.307692	-0.0433217	-0.0619413	-0.813707
33	13	0.846154	0.333333	-0.0467353	-0.0724747	-0.81466
33	14	0.846154	0.358974	-0.0503747	-0.0840501	-0.805805
33	15	0.846154	0.384615	-0.0540553	-0.0961781	-0.798482
33	16	0.846154	0.410256	-0.0579395	-0.109526	-0.794326
33	17	0.846154	0.435897	-0.0619456	-0.12338	-0.775501
33	18	0.846154	0.461538	-0.0659769	-0.138277	-0.774336
33	19	0.846154	0.487179	-0.0702194	-0.153906	-0.748097
33	20	0.846154	0.512821	-0.0742509	-0.170028	-0.740759
33	21	0.846154	0.538462	-0.0784018	-0.187145	-0.716184
33	22	0.846154	0.564103	-0.0821817	-0.204067	-0.69147
33	23	0.846154	0.589744	-0.0856239	-0.221841	-0.674978
33	24	0.846154	0.615385	-0.0885862	-0.238845	-0.627862
33	25	0.846154	0.641026	-0.0903477	-0.255752	-0.615945
33	26	0.846154	0.666667	-0.0912347	-0.271426	-0.552527
33	27	0.846154	0.692308	-0.08971	-0.285085	-0.530327
33	28	0.846154	0.717949	-0.0859774	-0.296752	-0.465873
33	29	0.846154	0.74359	-0.078121	-0.303651	-0.413769
33	30	0.846154	0.769231	-0.0648848	-0.306796	-0.364235
33	31	0.846154	0.794872	-0.044447	-0.301999	-0.2712
33	32	0.846154	0.820513	-0.0124611	-0.2902	-0.242929
33	33	0.846154	0.846154	0.0331392	-0.267787	-0.121866
33	34	0.846154	0.871795	0.100832	-0.23476	-0.109531
33	35	0.846154	0.897436	0.194343	-0.191421	-0.005529
33	36	0.846154	0.923077	0.325146	-0.138801	-0.0108869
33	37	0.846154	0.948718	0.498718	-0.0849896	0.0105349
33	38	0.846154	0.974359	0.722601	-0.0407843	-0.0735746
33	39	0.846154	1	1	0	0
34	0	0.871795	0	0	0	-0.875215
34	1	0.871795	0.025641	-0.00351227	-0.000554382	-0.875215
34	2	0.871795	0.0512821	-0.00701765	-0.0014858	-0.877715
34	3	0.871795	0.0769231	-0.0102957	-0.00324721	-0.881097
34	4	0.871795	0.102564	-0.0133452	-0.00577188	-0.882316
34	5	0.871795	0.128205	-0.0161385	-0.00917052	-0.886551
34	6	0.871795	0.153846	-0.0188007	-0.0133903	-0.886465
34	7	0.871795	0.179487	-0.0212896	-0.0183724	-0.889385
34	8	0.871795	0.205128	-0.0237415	-0.0242481	-0.889676
34	9	0.871795	0.230769	-0.0261422	-0.0307641	-0.888426
34	10	0.871795	0.25641	-0.0285318	-0.0382067	-0.890434
34	11	0.871795	0.282051	-0.0310218	-0.0463174	-0.884239
34	12	0.871795	0.307692	-0.0334861	-0.0552546	-0.886034
34	13	0.871795	0.333333	-0.0361644	-0.0650689	-0.877816
34	14	0.871795	0.358974	-0.0388474	-0.0755249	-0.874295
34	15	0.871795	0.384615	-0.0417286	-0.0870858	-0.868271
34	16	0.871795	0.410256	-0.0447473	-0.0992082	-0.855196
34	17	0.871795	0.435897	-0.0478058	-0.112447	-0.851929
34	18	0.871795	0.461538	-0.0511728	-0.126403	-0.830215
34	19	0.871795	0.487179	-0.0543942	-0.141185	-0.824011
34	20	0.871795	0.512821	-0.057953	-0.156971	-0.799539
34	21	0.871795	0.538462	-0.0613172	-0.173129	-0.781291
34	22	0.871795	0.564103	-0.0647358	-0.190388	-0.759687
34	23	0.871795	0.589744	-0.0680835	-0.207613	-0.723004
34	24	0.871795	0.615385	-0.0708761	-0.225515	-0.7036
34	25	0.871795	0.641026	-0.0736638	-0.243067	-0.649205
34	26	0.871795	0.666667	-0.0751021	-0.260157	-0.622804
34	27	0.871795	0.692308	-0.0760361	-0.276389	-0.558062
34	28	0.871795	0.717949	-0.0747041	-0.290248	-0.510134
34	29	0.871795	0.74359	-0.0710798	-0.301945	-0.444082
34	30	0.871795	0.769231	-0.0636508	-0.308549	-0.362459
34	31	0.871795	0.794872	-0.0498266	-0.310107	-0.299364
34	32	0.871795	0.820513	-0.0282815	-0.30299	-0.184461
34	33	0.871795	0.846154	0.00789285	-0.286043	-0.121971
34	34	0.871795	0.871795	0.0617332	-0.256581	0.00320921
34	35	0.871795	0.897436	0.145686	-0.212911	0.0609806
34	36	0.871795	0.923077	0.267661	-0.156969	0.143156
34	37	0.871795	0.948718	0.444003	-0.0929241	0.150321
34	38	0.871795	0.974359	0.683988	-0.0352918	0.101256
34	39	0.871795	1	1	0	0
35	0	0.897436	0	0	0	-0.940007
35	1	0.897436	0.025641	-0.0030788	-0.000225485	-0.940007
35	2	0.897436	0.0512821	-0.00594061	-0.00079979	-0.942542
35	3	0.897436	0.0769231	-0.00847806	-0.00204321	-0.944745
35	4	0.897436	0.102564	-0.0106884	-0.00409096	-0.948664
35	5	0.897436	0.128205	-0.012718	-0.00689298	-0.950085
35	6	0.897436	0.153846	-0.0145351	-0.0104549	-0.953865
35	7	0.897436	0.179487	-0.0162983	-0.0147891	-0.954722
35	8	0.897436	0.205128	-0.0179681	-0.0197564	-0.956031
35	9	0.897436	0.230769	-0.0196111	-0.0255247	-0.957483
35	10	0.897436	0.25641	-0.0213069	-0.0318814	-0.954726
35	11	0.897436	0.282051	-0.0229452	-0.0390076	-0.956371
35	12	0.897436	0.307692	-0.0247626	-0.0468322	-0.950464
35	13	0.897436	0.333333	-0.0265297	-0.0553177	-0.949209
35	14	0.897436	0.358974	-0.0284889	-0.0646973	-0.942985
35	15	0.897436	0.384615	-0.0305189	-0.0746611	-0.935015
35	16	0.897436	0.410256	-0.0326122	-0.0856298	-0.929948
35	17	0.897436	0.435897	-0.0349728	-0.0972673	-0.914154
35	18	0.897436	0.461538	-0.0372269	-0.109823	-0.907501
35	19	0.897436	0.487179	-0.039864	-0.123279	-0.886578
35	20	0.897436	0.512821	-0.0423512	-0.137424	-0.872137
35	21	0.897436	0.538462	-0.0450968	-0.152662	-0.849712
35	22	0.897436	0.564103	-0.0478567	-0.168367	-0.821726
35	23	0.897436	0.589744	-0.0504874	-0.185076	-0.797926
35	24	0.897436	0.615385	-0.0533813	-0.202107	-0.75445
35	25	0.897436	0.641026	-0.0556377	-0.219623	-0.723698
35	26	0.897436	0.666667	-0.0581623	-0.237229	-0.666553
35	27	0.897436	0.692308	-0.0595827	-0.2543	-0.619007
35	28	0.897436	0.717949	-0.0605685	-0.270736	-0.550588
35	29	0.897436	0.74359	-0.0598791	-0.284958	-0.476018
35	30	0.897436	0.769231	-0.0566998	-0.296646	-0.395332
35	31	0.897436	0.794872	-0.0501429	-0.303322	-0.288008
35	32	0.897436	0.820513	-0.0363388	-0.303468	-0.189443
35	33	0.897436	0.846154	-0.0133544	-0.293858	-0.0540504
35	34	0.897436	0.871795	0.0279213	-0.271099	0.0643207
35	35	0.897436	0.897436	0.0948332	-0.232187	0.201797
35	36	0.897436	0.923077	0.205034	-0.174581	0.308539
35	37	0.897436	0.948718	0.376865	-0.102641	0.367298
35	38	0.897436	0.974359	0.633443	-0.0257657	0.365515
35	39	0.897436	1	1	0	0
36	0	0.923077	0	0	0	-1.00402
36	1	0.923077	0.025641	-0.00298602	0.000127591	-1.00402
36	2	0.923077	0.0512821	-0.00534118	-1.40361e-05	-1.00637
36	3	0.923077	0.0769231	-0.00715892	-0.000818232	-1.00995
36	4	0.923077	0.102564	-0.00866046	-0.00230611	-1.01296
36	5	0.923077	0.128205	-0.00990725	-0.00449983	-1.01714
36	6	0.923077	0.153846	-0.0110743	-0.00734614	-1.0194
36	7	0.923077	0.179487	-0.0121225	-0.0107817	-1.0224
36	8	0.923077	0.205128	-0.0131512	-0.0148539	-1.02418
36	9	0.923077	0.230769	-0.0141788	-0.019437	-1.02445
36	10	0.923077	0.25641	-0.015157	-0.0246493	-1.02591
36	11	0.923077	0.282051	-0.0162527	-0.030398	-1.02314
36	12	0.923077	0.307692	-0.0172749	-0.0367333	-1.02291
36	13	0.923077	0.333333	-0.0184591	-0.0437245	-1.01826
36	14	0.923077	0.358974	-0.019639	-0.051259	-1.01385
36	15	0.923077	0.384615	-0.0209014	-0.0595714	-1.00847
36	16	0.923077	0.410256	-0.0223223	-0.0684675	-0.998181
36	17	0.923077	0.435897	-0.023683	-0.0781715	-0.991071
36	18	0.923077	0.461538	-0.0253453	-0.0886137	-0.975325
36	19	0.923077	0.487179	-0.0268834	-0.0998004	-0.962958
36	20	0.923077	0.512821	-0.0287077	-0.111908	-0.94321
36	21	0.923077	0.538462	-0.0305192	-0.124691	-0.921395
36	22	0.923077	0.564103	-0.0324068	-0.138464	-0.89744
36	23	0.923077	0.589744	-0.0345182	-0.1529	-0.863503
36	24	0.923077	0.615385	-0.0364081	-0.168188	-0.83165
36	25	0.923077	0.641026	-0.0386946	-0.184121	-0.784534
36	26	0.923077	0.666667	-0.0405349	-0.200528	-0.738049
36	27	0.923077	0.692308	-0.0426377	-0.217337	-0.676087
36	28	0.923077	0.717949	-0.0441723	-0.233918	-0.606932
36	29	0.923077	0.74359	-0.0452512	-0.250039	-0.524965
36	30	0.923077	0.769231	-0.0453456	-0.264538	-0.425183
36	31	0.923077	0.794872	-0.0430814	-0.276357	-0.313024
36	32	0.923077	0.820513	-0.0376009	-0.283443	-0.175677
36	33	0.923077	0.846154	-0.0245057	-0.28284	-0.0211994
36	34	0.923077	0.871795	0.000554954	-0.270653	0.154967
36	35	0.923077	0.897436	0.0493455	-0.241228	0.34781
36	36	0.923077	0.923077	0.138407	-0.188966	0.532887
36	37	0.923077	0.948718	0.297624	-0.112378	0.671527
36	38	0.923077	0.974359	0.565581	-0.0112483	0.774855
36	39	0.923077	1	1	0	0
37	0	0.948718	0	0	0	-1.06519
37	1	0.948718	0.025641	-0.00318144	0.000469132	-1.06519
37	2	0.948718	0.0512821	-0.00506316	0.000682657	-1.06864
37	3	0.948718	0.0769231	-0.00624675	0.000282765	-1.07292
37	4	0.948718	0.102564	-0.00706085	-0.000723429	-1.07774
37	5	0.948718	0.128205	-0.00773719	-0.00226125	-1.08179
37	6	0.948718	0.153846	-0.00829659	-0.00428167	-1.08594
37	7	0.948718	0.179487	-0.00884222	-0.00675936	-1.08898
37	8	0.948718	0.205128	-0.00935657	-0.00963779	-1.09143
37	9	0.948718	0.230769	-0.00984959	-0.0129542	-1.0934
37	10	0.948718	0.25641	-0.0103937	-0.0166539	-1.09356
37	11	0.948718	0.282051	-0.0108821	-0.0207817	-1.09401
37	12	0.948718	0.307692	-0.0114752	-0.0253396	-1.0919
37	13	0.948718	0.333333	-0.0120285	-0.0303178	-1.08968
37	14	0.948718	0.358974	-0.0126588	-0.0358051	-1.08558
37	15	0.948718	0.384615	-0.0133441	-0.0417383	-1.07944
37	16	0.948718	0.410256	-0.0140131	-0.048242	-1.07293
37	17	0.948718	0.435897	-0.0148516	-0.0552779	-1.06223
37	18	0.948718	0.461538	-0.0156073	-0.0629082	-1.05156
37	19	0.948718	0.487179	-0.0165656	-0.0711962	-1.03616
37	20	0.948718	0.512821	-0.0174862	-0.0800966	-1.01879
37	21	0.948718	0.538462	-0.0185187	-0.0897573	-0.997806
37	22	0.948718	0.564103	-0.0196605	-0.100084	-0.971335
37	23	0.948718	0.589744	-0.0207633	-0.111202	-0.94204
37	24	0.948718	0.615385	-0.0221216	-0.123067	-0.904258
37	25	0.948718	0.641026	-0.0233455	-0.135679	-0.861893
37	26	0.948718	0.666667	-0.0248559	-0.149065	-0.80947
37	27	0.948718	0.692308	-0.0262526	-0.163072	-0.747645
37	28	0.948718	0.717949	-0.027784	-0.177678	-0.673988
37	29	0.948718	0.74359	-0.0292365	-0.192567	-0.584351
37	30	0.948718	0.769231	-0.0303811	-0.207367	-0.477482
37	31	0.948718	0.794872	-0.0310129	-0.221393	-0.347695
37	32	0.948718	0.820513	-0.0299253	-0.233281	-0.188748
37	33	0.948718	0.846154	-0.0255887	-0.241034	3.73554e-05
37	34	0.948718	0.871795	-0.0136425	-0.240751	0.233928
37	35	0.948718	0.897436	0.0141834	-0.226571	0.499395
37	36	0.948718	0.923077	0.0755743	-0.188939	0.806719
37	37	0.948718	0.948718	0.206252	-0.118539	1.0772
37	38	0.948718	0.974359	0.471605	0.00907726	1.41401
37	39	0.948718	1	1	0	0
38	0	0.974359	0	0	0	-1.12927
38	1	0.974359	0.025641	-0.00432012	0.000631484	-1.12927
38	2	0.974359	0.0512821	-0.00589253	0.00102873	-1.13737
38	3	0.974359	0.0769231	-0.00657779	0.000837937	-1.14466
38	4	0.974359	0.102564	-0.00696546	0.000281137	-1.15124
38	5	0.974359	0.128205	-0.00722736	-0.000569112	-1.15708
38	6	0.974359	0.153846	-0.00746106	-0.00167066	-1.16207
38	7	0.974359	0.179487	-0.00766353	-0.00300001	-1.16633
38	8	0.974359	0.205128	-0.00786255	-0.00455337	-1.16976
38	9	0.974359	0.230769	-0.00806952	-0.00631596	-1.17227
38	10	0.974359	0.25641	-0.00825555	-0.00829897	-1.17397
38	11	0.974359	0.282051	-0.00848334	-0.0104995	-1.1745
38	12	0.974359	0.307692	-0.00868314	-0.0129268	-1.17408
38	13	0.974359	0.333333	-0.00892717	-0.0156002	-1.17234
38	14	0.974359	0.358974	-0.00917466	-0.0185198	-1.16923
38	15	0.974359	0.384615	-0.00942954	-0.0217225	-1.1647
38	16	0.974359	0.410256	-0.00974351	-0.0252105	-1.15822
38	17	0.974359	0.435897	-0.010025	-0.0290179	-1.14998
38	18	0.974359	0.461538	-0.0103967	-0.0331682	-1.13924
38	19	0.974359	0.487179	-0.0107418	-0.0376771	-1.12594
38	20	0.974359	0.512821	-0.0111515	-0.0425923	-1.10959
38	21	0.974359	0.538462	-0.0115934	-0.0479191	-1.08944
38	22	0.974359	0.564103	-0.0120417	-0.0537097	-1.06528
38	23	0.974359	0.589744	-0.0125884	-0.0599834	-1.03584
38	24	0.974359	0.615385	-0.0131101	-0.0667733	-1.00054
38	25	0.974359	0.641026	-0.0137524	-0.0741267	-0.958128
38	26	0.974359	0.666667	-0.0144008	-0.0820555	-0.906706
38	27	0.974359	0.692308	-0.0151408	-0.0906165	-0.845172
38	28	0.974359	0.717949	-0.0159513	-0.0998184	-0.769883
38	29	0.974359	0.74359	-0.0168	-0.109671	-0.678504
38	30	0.974359	0.769231	-0.0176954	-0.120161	-0.565797
38	31	0.974359	0.794872	-0.0184656	-0.131115	-0.424969
38	32	0.974359	0.820513	-0.0187519	-0.142259	-0.248541
38	33	0.974359	0.846154	-0.0177748	-0.152721	-0.0204773
38	34	0.974359	0.871795	-0.0131508	-0.160784	0.272284
38	35	0.974359	0.897436	9.33524e-05	-0.162529	0.657926
38	36	0.974359	0.923077	0.0354588	-0.149332	1.15595
38	37	0.974359	0.948718	0.12572	-0.106387	1.74646
38	38	0.974359	0.974359	0.358338	0.0308675	2.63174
38	39	0.974359	1	1	0	0
39	0	1	0	0	0	-1.12927
39	1	1	0.025641	0	0	-1.12927
39	2	1	0.0512821	0	0	-1.13737
39	3	1	0.0769231	0	0	-1.14466
39	4	1	0.102564	0	0	-1.15124
39	5	1	0.128205	0	0	-1.15708
39	6	1	0.153846	0	0	-1.16207
39	7	1	0.179487	0	0	-1.16633
39	8	1	0.205128	0	0	-1.16976
39	9	1	0.230769	0	0	-1.17227
39	10	1	0.25641	0	0	-1.17397
39	11	1	0.282051	0	0	-1.1745
39	12	1	0.307692	0	0	-1.17408
39	13	1	0.333333	0	0	-1.17234
39	14	1	0.358974	0	0	-1.16923
39	15	1	0.384615	0	0	-1.1647
39	16	1	0.410256	0	0	-1.15822
39	17	1	0.435897	0	0	-1.14998
39	18	1	0.461538	0	0	-1.13924
39	19	1	0.487179	0	0	-1.12594
39	20	1	0.512821	0	0	-1.10959
39	21	1	0.538462	0	0	-1.08944
39	22	1	0.564103	0	0	-1.06528
39	23	1	0.589744	0	0	-1.03584
39	24	1	0.615385	0	0	-1.00054
39	25	1	0.641026	0	0	-0.958128
39	26	1	0.666667	0	0	-0.906706
39	27	1	0.692308	0	0	-0.845172
39	28	1	0.717949	0	0	-0.769883
39	29	1	0.74359	0	0	-0.678504
39	30	1	0.769231	0	0	-0.565797
39	31	1	0.794872	0	0	-0.424969
39	32	1	0.820513	0	0	-0.248541
39	33	1	0.846154	0	0	-0.0204773
39	34	1	0.871795	0	0	0.272284
39	35	1	0.897436	0	0	0.657926
39	36	1	0.923077	0	0	1.15595
39	37	1	0.948718	0	0	1.74646
39	38	1	0.974359	0	0	2.63174
39	39	1	1	1	0	0
