# i		j		x		y		u		v		p
# nx		ny		
# 40		40
# =================================
0	0	0	0	0	0	1.10654
0	1	0	0.025641	0	0	1.10654
0	2	0	0.0512821	0	0	1.11494
0	3	0	0.0769231	0	0	1.12248
0	4	0	0.102564	0	0	1.1292
0	5	0	0.128205	0	0	1.1352
0	6	0	0.153846	0	0	1.14006
0	7	0	0.179487	0	0	1.14431
0	8	0	0.205128	0	0	1.14735
0	9	0	0.230769	0	0	1.14946
0	10	0	0.25641	0	0	1.1506
0	11	0	0.282051	0	0	1.1501
0	12	0	0.307692	0	0	1.14896
0	13	0	0.333333	0	0	1.14557
0	14	0	0.358974	0	0	1.14128
0	15	0	0.384615	0	0	1.13492
0	16	0	0.410256	0	0	1.1264
0	17	0	0.435897	0	0	1.11662
0	18	0	0.461538	0	0	1.10309
0	19	0	0.487179	0	0	1.0885
0	20	0	0.512821	0	0	1.06968
0	21	0	0.538462	0	0	1.04806
0	22	0	0.564103	0	0	1.0233
0	23	0	0.589744	0	0	0.992522
0	24	0	0.615385	0	0	0.959287
0	25	0	0.641026	0	0	0.917795
0	26	0	0.666667	0	0	0.870943
0	27	0	0.692308	0	0	0.816015
0	28	0	0.717949	0	0	0.748263
0	29	0	0.74359	0	0	0.671726
0	30	0	0.769231	0	0	0.572795
0	31	0	0.794872	0	0	0.455384
0	32	0	0.820513	0	0	0.304507
0	33	0	0.846154	0	0	0.108115
0	34	0	0.871795	0	0	-0.144304
0	35	0	0.897436	0	0	-0.49051
0	36	0	0.923077	0	0	-0.942546
0	37	0	0.948718	0	0	-1.50287
0	38	0	0.974359	0	0	-2.38277
0	39	0	1	1	0	0
1	0	0.025641	0	0	0	1.10654
1	1	0.025641	0.025641	-0.00437289	-0.00066231	1.10654
1	2	0.025641	0.0512821	-0.00598162	-0.00107738	1.11494
1	3	0.025641	0.0769231	-0.00668777	-0.000874708	1.12248
1	4	0.025641	0.102564	-0.00709622	-0.000294081	1.1292
1	5	0.025641	0.128205	-0.00735524	0.00059581	1.1352
1	6	0.025641	0.153846	-0.00761329	0.00173911	1.14006
1	7	0.025641	0.179487	-0.00779833	0.00311674	1.14431
1	8	0.025641	0.205128	-0.00801671	0.00472419	1.14735
1	9	0.025641	0.230769	-0.00821445	0.00652962	1.14946
1	10	0.025641	0.25641	-0.00838245	0.00856778	1.1506
1	11	0.025641	0.282051	-0.00863259	0.0107939	1.1501
1	12	0.025641	0.307692	-0.00875807	0.0132471	1.14896
1	13	0.025641	0.333333	-0.00903934	0.0159153	1.14557
1	14	0.025641	0.358974	-0.00919188	0.018786	1.14128
1	15	0.025641	0.384615	-0.00942517	0.0219223	1.13492
1	16	0.025641	0.410256	-0.00969795	0.025244	1.1264
1	17	0.025641	0.435897	-0.00982667	0.0288616	1.11662
1	18	0.025641	0.461538	-0.0102351	0.0326993	1.10309
1	19	0.025641	0.487179	-0.0103262	0.0368089	1.0885
1	20	0.025641	0.512821	-0.0107501	0.0412337	1.06968
1	21	0.025641	0.538462	-0.0109892	0.0458838	1.04806
1	22	0.025641	0.564103	-0.0112697	0.0509439	1.0233
1	23	0.025641	0.589744	-0.0118001	0.0562543	0.992522
1	24	0.025641	0.615385	-0.0119499	0.0619924	0.959287
1	25	0.025641	0.641026	-0.0126994	0.0681416	0.917795
1	26	0.025641	0.666667	-0.0130041	0.0746776	0.870943
1	27	0.025641	0.692308	-0.0137423	0.0818588	0.816015
1	28	0.025641	0.717949	-0.0145583	0.0894736	0.748263
1	29	0.025641	0.74359	-0.0152038	0.0978771	0.671726
1	30	0.025641	0.769231	-0.0165464	0.106947	0.572795
1	31	0.025641	0.794872	-0.0172454	0.116692	0.455384
1	32	0.025641	0.820513	-0.0182582	0.127162	0.304507
1	33	0.025641	0.846154	-0.0179998	0.137435	0.108115
1	34	0.025641	0.871795	-0.0144916	0.146514	-0.144304
1	35	0.025641	0.897436	-0.0034663	0.150614	-0.49051
1	36	0.025641	0.923077	0.0292483	0.141851	-0.942546
1	37	0.025641	0.948718	0.114934	0.105951	-1.50287
1	38	0.025641	0.974359	0.344089	-0.0211087	-2.38277
1	39	0.025641	1	1	0	0
2	0	0.0512821	0	0	0	1.04256
2	1	0.0512821	0.025641	-0.00328489	-0.000508676	1.04256
2	2	0.0512821	0.0512821	-0.00523818	-0.000740258	1.04625
2	3	0.0512821	0.0769231	-0.00647245	-0.000331098	1.05065
2	4	0.0512821	0.102564	-0.00730728	0.000721422	1.05583
2	5	0.0512821	0.128205	-0.00802238	0.00229909	1.05948
2	6	0.0512821	0.153846	-0.00856489	0.00438787	1.06431
2	7	0.0512821	0.179487	-0.00915178	0.00692979	1.06638
2	8	0.0512821	0.205128	-0.00963431	0.0098585	1.06929
2	9	0.0512821	0.230769	-0.0101337	0.0132609	1.07055
2	10	0.0512821	0.25641	-0.0106735	0.0169647	1.0697
2	11	0.0512821	0.282051	-0.011074	0.0211551	1.07071
2	12	0.0512821	0.307692	-0.0117073	0.0256693	1.06553
2	13	0.0512821	0.333333	-0.012075	0.0305863	1.06468
2	14	0.0512821	0.358974	-0.0127148	0.0359799	1.05704
2	15	0.0512821	0.384615	-0.0132147	0.0416246	1.05048
2	16	0.0512821	0.410256	-0.0137102	0.0479106	1.04308
2	17	0.0512821	0.435897	-0.0144833	0.0543973	1.02769
2	18	0.0512821	0.461538	-0.0148	0.0615035	1.02007
2	19	0.0512821	0.487179	-0.0157842	0.0690149	0.997234
2	20	0.0512821	0.512821	-0.0161439	0.0768814	0.983352
2	21	0.0512821	0.538462	-0.0170511	0.0855215	0.958501
2	22	0.0512821	0.564103	-0.0178274	0.0942548	0.930223
2	23	0.0512821	0.589744	-0.0184087	0.103942	0.906145
2	24	0.0512821	0.615385	-0.0197862	0.113836	0.860878
2	25	0.0512821	0.641026	-0.0201968	0.124403	0.830429
2	26	0.0512821	0.666667	-0.0219284	0.135716	0.774032
2	27	0.0512821	0.692308	-0.0227621	0.147159	0.721573
2	28	0.0512821	0.717949	-0.0243652	0.159763	0.659261
2	29	0.0512821	0.74359	-0.0260982	0.172221	0.57202
2	30	0.0512821	0.769231	-0.0272358	0.185314	0.493052
2	31	0.0512821	0.794872	-0.0291804	0.198148	0.368848
2	32	0.0512821	0.820513	-0.0288659	0.209461	0.242211
2	33	0.0512821	0.846154	-0.0268566	0.218559	0.0787568
2	34	0.0512821	0.871795	-0.0177656	0.220758	-0.129583
2	35	0.0512821	0.897436	0.00618387	0.21188	-0.350012
2	36	0.0512821	0.923077	0.0621626	0.181809	-0.639423
2	37	0.0512821	0.948718	0.188606	0.120361	-0.879679
2	38	0.0512821	0.974359	0.455341	0.00123115	-1.22427
2	39	0.0512821	1	1	0	0
3	0	0.0769231	0	0	0	0.98151
3	1	0.0769231	0.025641	-0.00313988	-0.000168141	0.98151
3	2	0.0769231	0.0512821	-0.00560604	-5.09376e-05	0.984071
3	3	0.0769231	0.0769231	-0.00749773	0.000778717	0.987947
3	4	0.0769231	0.102564	-0.00905529	0.00228501	0.990623
3	5	0.0769231	0.128205	-0.0103166	0.00455123	0.995787
3	6	0.0769231	0.153846	-0.0115289	0.00743677	0.996612
3	7	0.0769231	0.179487	-0.0125459	0.0109321	1.00119
3	8	0.0769231	0.205128	-0.0136049	0.0150792	1.00119
3	9	0.0769231	0.230769	-0.0145839	0.0196456	1.00183
3	10	0.0769231	0.25641	-0.0155124	0.0249494	1.00349
3	11	0.0769231	0.282051	-0.0165827	0.0305878	0.99742
3	12	0.0769231	0.307692	-0.0174066	0.0369119	1.00072
3	13	0.0769231	0.333333	-0.0185735	0.0437407	0.989601
3	14	0.0769231	0.358974	-0.0194301	0.0509737	0.98901
3	15	0.0769231	0.384615	-0.0205497	0.0590744	0.97939
3	16	0.0769231	0.410256	-0.0216606	0.0672677	0.966582
3	17	0.0769231	0.435897	-0.0225652	0.076532	0.963706
3	18	0.0769231	0.461538	-0.0240487	0.0859459	0.93598
3	19	0.0769231	0.487179	-0.0247817	0.0961146	0.935049
3	20	0.0769231	0.512821	-0.0264586	0.107023	0.901375
3	21	0.0769231	0.538462	-0.0273885	0.117956	0.88659
3	22	0.0769231	0.564103	-0.0288381	0.130313	0.861488
3	23	0.0769231	0.589744	-0.0304382	0.14223	0.818561
3	24	0.0769231	0.615385	-0.0313866	0.155541	0.805079
3	25	0.0769231	0.641026	-0.0337656	0.168846	0.737478
3	26	0.0769231	0.666667	-0.0344814	0.182466	0.716153
3	27	0.0769231	0.692308	-0.0370851	0.197074	0.644799
3	28	0.0769231	0.717949	-0.0381961	0.210559	0.585796
3	29	0.0769231	0.74359	-0.0399237	0.225126	0.524668
3	30	0.0769231	0.769231	-0.0412359	0.237674	0.416033
3	31	0.0769231	0.794872	-0.0401858	0.248961	0.34668
3	32	0.0769231	0.820513	-0.0380734	0.257044	0.206102
3	33	0.0769231	0.846154	-0.0281331	0.258351	0.0873891
3	34	0.0769231	0.871795	-0.00874479	0.251328	-0.0608487
3	35	0.0769231	0.897436	0.0338866	0.228213	-0.240097
3	36	0.0769231	0.923077	0.116359	0.184497	-0.379598
3	37	0.0769231	0.948718	0.271695	0.116313	-0.520556
3	38	0.0769231	0.974359	0.545484	0.0208334	-0.611067
3	39	0.0769231	1	1	0	0
4	0	0.102564	0	0	0	0.917672
4	1	0.102564	0.025641	-0.00328009	0.000183201	0.917672
4	2	0.102564	0.0512821	-0.00629229	0.000738191	0.920395
4	3	0.102564	0.0769231	-0.00892732	0.00197835	0.922613
4	4	0.102564	0.102564	-0.0112059	0.0040792	0.927174
4	5	0.102564	0.128205	-0.0132769	0.00688806	0.927463
4	6	0.102564	0.153846	-0.0150992	0.0105204	0.933174
4	7	0.102564	0.179487	-0.016887	0.0148814	0.931454
4	8	0.102564	0.205128	-0.0184992	0.0198463	0.934962
4	9	0.102564	0.230769	-0.0201288	0.025686	0.934676
4	10	0.102564	0.25641	-0.0217198	0.031897	0.93082
4	11	0.102564	0.282051	-0.023223	0.0390696	0.935232
4	12	0.102564	0.307692	-0.0249152	0.0466333	0.922272
4	13	0.102564	0.333333	-0.0263465	0.0549228	0.92822
4	14	0.102564	0.358974	-0.0281265	0.0640191	0.912709
4	15	0.102564	0.384615	-0.0296468	0.0733041	0.908831
4	16	0.102564	0.410256	-0.0313543	0.0839283	0.902436
4	17	0.102564	0.435897	-0.0331806	0.0943783	0.877558
4	18	0.102564	0.461538	-0.0346557	0.106188	0.884416
4	19	0.102564	0.487179	-0.0368587	0.11821	0.841429
4	20	0.102564	0.512821	-0.0381838	0.130722	0.846907
4	21	0.102564	0.538462	-0.0404958	0.144531	0.806872
4	22	0.102564	0.564103	-0.0420854	0.157573	0.783477
4	23	0.102564	0.589744	-0.0439813	0.172703	0.768693
4	24	0.102564	0.615385	-0.046286	0.186604	0.700997
4	25	0.102564	0.641026	-0.0473938	0.201876	0.707514
4	26	0.102564	0.666667	-0.0502942	0.216885	0.613564
4	27	0.102564	0.692308	-0.0507188	0.230949	0.60321
4	28	0.102564	0.717949	-0.0529979	0.246021	0.523121
4	29	0.102564	0.74359	-0.0527556	0.25762	0.453726
4	30	0.102564	0.769231	-0.0517189	0.269338	0.406902
4	31	0.102564	0.794872	-0.0484464	0.275964	0.27649
4	32	0.102564	0.820513	-0.0382922	0.277943	0.233552
4	33	0.102564	0.846154	-0.0220474	0.272599	0.0872606
4	34	0.102564	0.871795	0.0130082	0.254667	0.00387517
4	35	0.102564	0.897436	0.0712355	0.223621	-0.106561
4	36	0.102564	0.923077	0.175239	0.173311	-0.209787
4	37	0.102564	0.948718	0.345283	0.107511	-0.237746
4	38	0.102564	0.974359	0.611247	0.0347221	-0.243049
4	39	0.102564	1	1	0	0
5	0	0.128205	0	0	0	0.853041
5	1	0.128205	0.025641	-0.00375889	0.000508452	0.853041
5	2	0.128205	0.0512821	-0.00744068	0.00141165	0.855795
5	3	0.128205	0.0769231	-0.0108539	0.00318302	0.85929
5	4	0.128205	0.102564	-0.0139634	0.00569814	0.860283
5	5	0.128205	0.128205	-0.016818	0.00915595	0.865627
5	6	0.128205	0.153846	-0.0194811	0.013354	0.863547
5	7	0.128205	0.179487	-0.0219533	0.0183687	0.869223
5	8	0.128205	0.205128	-0.0243841	0.0242462	0.866238
5	9	0.128205	0.230769	-0.0266563	0.0306529	0.866985
5	10	0.128205	0.25641	-0.0289713	0.0381342	0.868353
5	11	0.128205	0.282051	-0.0312185	0.045941	0.858512
5	12	0.128205	0.307692	-0.033443	0.0548114	0.866291
5	13	0.128205	0.333333	-0.0358017	0.0642177	0.847375
5	14	0.128205	0.358974	-0.0379597	0.0742017	0.853423
5	15	0.128205	0.384615	-0.0404364	0.0853721	0.837695
5	16	0.128205	0.410256	-0.0426496	0.0963917	0.825605
5	17	0.128205	0.435897	-0.0450751	0.109131	0.827318
5	18	0.128205	0.461538	-0.0475413	0.121489	0.787151
5	19	0.128205	0.487179	-0.0496979	0.135167	0.804549
5	20	0.128205	0.512821	-0.0524788	0.149313	0.74928
5	21	0.128205	0.538462	-0.0543651	0.163247	0.755095
5	22	0.128205	0.564103	-0.0571309	0.17912	0.71819
5	23	0.128205	0.589744	-0.0590799	0.193132	0.676206
5	24	0.128205	0.615385	-0.0611161	0.209596	0.6822
5	25	0.128205	0.641026	-0.0634258	0.223997	0.583526
5	26	0.128205	0.666667	-0.0639995	0.239003	0.61418
5	27	0.128205	0.692308	-0.0660547	0.25351	0.497766
5	28	0.128205	0.717949	-0.0645961	0.264858	0.494079
5	29	0.128205	0.74359	-0.0638487	0.276947	0.418963
5	30	0.128205	0.769231	-0.0587713	0.282369	0.33206
5	31	0.128205	0.794872	-0.0495507	0.286291	0.318167
5	32	0.128205	0.820513	-0.0344204	0.281671	0.164218
5	33	0.128205	0.846154	-0.0048071	0.268907	0.169074
5	34	0.128205	0.871795	0.0391989	0.246004	0.0237535
5	35	0.128205	0.897436	0.115983	0.207939	0.00157936
5	36	0.128205	0.923077	0.231166	0.158715	-0.0624932
5	37	0.128205	0.948718	0.409028	0.0983891	-0.0706446
5	38	0.128205	0.974359	0.66078	0.042631	-0.00428485
5	39	0.128205	1	1	0	0
6	0	0.153846	0	0	0	0.788251
6	1	0.153846	0.025641	-0.00451425	0.000756974	0.788251
6	2	0.153846	0.0512821	-0.00900261	0.00201463	0.791781
6	3	0.153846	0.0769231	-0.0132319	0.00413324	0.794085
6	4	0.153846	0.102564	-0.0172335	0.00719568	0.798032
6	5	0.153846	0.128205	-0.0209061	0.0110229	0.797589
6	6	0.153846	0.153846	-0.0244206	0.0158061	0.803079
6	7	0.153846	0.179487	-0.027725	0.0213693	0.799412
6	8	0.153846	0.205128	-0.0308784	0.0277001	0.803899
6	9	0.153846	0.230769	-0.0340369	0.0350076	0.800872
6	10	0.153846	0.25641	-0.0369726	0.0427693	0.797929
6	11	0.153846	0.282051	-0.0400863	0.0517177	0.801286
6	12	0.153846	0.307692	-0.0429964	0.0609987	0.786194
6	13	0.153846	0.333333	-0.046021	0.0713086	0.795529
6	14	0.153846	0.358974	-0.0490975	0.0823447	0.773644
6	15	0.153846	0.384615	-0.0519589	0.093711	0.776291
6	16	0.153846	0.410256	-0.0552312	0.106573	0.763924
6	17	0.153846	0.435897	-0.0579977	0.11897	0.741232
6	18	0.153846	0.461538	-0.0612095	0.133221	0.751798
6	19	0.153846	0.487179	-0.0641064	0.147017	0.69849
6	20	0.153846	0.512821	-0.0668422	0.161739	0.721903
6	21	0.153846	0.538462	-0.0699604	0.17727	0.661872
6	22	0.153846	0.564103	-0.0719993	0.191608	0.65977
6	23	0.153846	0.589744	-0.0748742	0.208337	0.635233
6	24	0.153846	0.615385	-0.0763621	0.222059	0.568457
6	25	0.153846	0.641026	-0.0778523	0.238029	0.599842
6	26	0.153846	0.666667	-0.078764	0.251225	0.472534
6	27	0.153846	0.692308	-0.0773606	0.26346	0.523126
6	28	0.153846	0.717949	-0.0761662	0.275014	0.397453
6	29	0.153846	0.74359	-0.0699522	0.280507	0.389497
6	30	0.153846	0.769231	-0.0619582	0.286292	0.339609
6	31	0.153846	0.794872	-0.0466385	0.282107	0.2253
6	32	0.153846	0.820513	-0.0220686	0.274761	0.264726
6	33	0.153846	0.846154	0.0141705	0.256627	0.0862373
6	34	0.153846	0.871795	0.0738092	0.228391	0.153989
6	35	0.153846	0.897436	0.157749	0.191187	0.0178831
6	36	0.153846	0.923077	0.285576	0.141677	0.0618143
6	37	0.153846	0.948718	0.461379	0.0905086	0.0443436
6	38	0.153846	0.974359	0.699529	0.0465872	0.134703
6	39	0.153846	1	1	0	0
7	0	0.179487	0	0	0	0.72378
7	1	0.179487	0.025641	-0.00549672	0.000951527	0.72378
7	2	0.179487	0.0512821	-0.0108772	0.0024498	0.727805
7	3	0.179487	0.0769231	-0.0160541	0.00494426	0.730703
7	4	0.179487	0.102564	-0.0208544	0.00828742	0.73282
7	5	0.179487	0.128205	-0.0255055	0.0126009	0.736245
7	6	0.179487	0.153846	-0.029776	0.0176633	0.734908
7	7	0.179487	0.179487	-0.0339662	0.0236734	0.739693
7	8	0.179487	0.205128	-0.0379724	0.0304689	0.734993
7	9	0.179487	0.230769	-0.0417861	0.0379964	0.738038
7	10	0.179487	0.25641	-0.0457564	0.0465449	0.734672
7	11	0.179487	0.282051	-0.0493333	0.0555043	0.729061
7	12	0.179487	0.307692	-0.0532956	0.0656767	0.73278
7	13	0.179487	0.333333	-0.0568885	0.0761932	0.714667
7	14	0.179487	0.358974	-0.0606605	0.0876554	0.723309
7	15	0.179487	0.384615	-0.0645212	0.0999517	0.7005
7	16	0.179487	0.410256	-0.0679123	0.112359	0.698819
7	17	0.179487	0.435897	-0.0720145	0.12638	0.689538
7	18	0.179487	0.461538	-0.0750867	0.139703	0.658598
7	19	0.179487	0.487179	-0.0789433	0.154765	0.674206
7	20	0.179487	0.512821	-0.0819958	0.169332	0.6136
7	21	0.179487	0.538462	-0.0848553	0.184239	0.636932
7	22	0.179487	0.564103	-0.0879553	0.200142	0.578959
7	23	0.179487	0.589744	-0.08929	0.213837	0.564494
7	24	0.179487	0.615385	-0.0916327	0.229954	0.55562
7	25	0.179487	0.641026	-0.0913068	0.242056	0.466294
7	26	0.179487	0.666667	-0.0909781	0.255573	0.518789
7	27	0.179487	0.692308	-0.0884074	0.265803	0.374936
7	28	0.179487	0.717949	-0.0826393	0.272927	0.433353
7	29	0.179487	0.74359	-0.0749095	0.279265	0.318507
7	30	0.179487	0.769231	-0.0597665	0.276582	0.292224
7	31	0.179487	0.794872	-0.0394322	0.273723	0.287731
7	32	0.179487	0.820513	-0.00721204	0.258657	0.140455
7	33	0.179487	0.846154	0.0397747	0.239314	0.242781
7	34	0.179487	0.871795	0.105765	0.209771	0.0499587
7	35	0.179487	0.897436	0.202206	0.170646	0.172713
7	36	0.179487	0.923077	0.331288	0.128492	0.0648791
7	37	0.179487	0.948718	0.507238	0.080909	0.145027
7	38	0.179487	0.974359	0.729493	0.0486186	0.215365
7	39	0.179487	1	1	0	0
8	0	0.205128	0	0	0	0.660114
8	1	0.205128	0.025641	-0.00663224	0.00109707	0.660114
8	2	0.205128	0.0512821	-0.0130483	0.00275663	0.664025
8	3	0.205128	0.0769231	-0.0190902	0.00549099	0.667944
8	4	0.205128	0.102564	-0.0249192	0.0091359	0.669492
8	5	0.205128	0.128205	-0.0302784	0.0136126	0.671923
8	6	0.205128	0.153846	-0.0355735	0.0190606	0.673989
8	7	0.205128	0.179487	-0.0404792	0.0251839	0.671932
8	8	0.205128	0.205128	-0.0453121	0.0322781	0.676237
8	9	0.205128	0.230769	-0.0500785	0.0400918	0.669566
8	10	0.205128	0.25641	-0.0545145	0.0486322	0.672706
8	11	0.205128	0.282051	-0.0593232	0.0581847	0.667099
8	12	0.205128	0.307692	-0.0635385	0.0680795	0.660871
8	13	0.205128	0.333333	-0.0682813	0.0792179	0.663377
8	14	0.205128	0.358974	-0.0725937	0.0906017	0.643147
8	15	0.205128	0.384615	-0.0769305	0.102907	0.65155
8	16	0.205128	0.410256	-0.0815783	0.115986	0.626206
8	17	0.205128	0.435897	-0.0852439	0.129012	0.62342
8	18	0.205128	0.461538	-0.0900092	0.143611	0.613263
8	19	0.205128	0.487179	-0.0931052	0.15725	0.579049
8	20	0.205128	0.512821	-0.09714	0.17243	0.59529
8	21	0.205128	0.538462	-0.1	0.186901	0.531726
8	22	0.205128	0.564103	-0.102147	0.201149	0.552982
8	23	0.205128	0.589744	-0.104639	0.216246	0.497975
8	24	0.205128	0.615385	-0.104021	0.228251	0.474522
8	25	0.205128	0.641026	-0.104709	0.242249	0.47637
8	26	0.205128	0.666667	-0.100794	0.251424	0.375439
8	27	0.205128	0.692308	-0.0966263	0.260746	0.437534
8	28	0.205128	0.717949	-0.0880119	0.266424	0.295035
8	29	0.205128	0.74359	-0.0745343	0.266812	0.34691
8	30	0.205128	0.769231	-0.0565795	0.266307	0.261251
8	31	0.205128	0.794872	-0.027468	0.254708	0.209378
8	32	0.205128	0.820513	0.0101133	0.242501	0.256832
8	33	0.205128	0.846154	0.065634	0.218071	0.0878438
8	34	0.205128	0.871795	0.140015	0.189147	0.237394
8	35	0.205128	0.897436	0.240696	0.153923	0.0596563
8	36	0.205128	0.923077	0.37439	0.112213	0.20287
8	37	0.205128	0.948718	0.544135	0.0752201	0.142441
8	38	0.205128	0.974359	0.754215	0.046839	0.270687
8	39	0.205128	1	1	0	0
9	0	0.230769	0	0	0	0.597069
9	1	0.230769	0.025641	-0.00788529	0.00115498	0.597069
9	2	0.230769	0.0512821	-0.0153392	0.00298054	0.602294
9	3	0.230769	0.0769231	-0.0224297	0.00580243	0.603701
9	4	0.230769	0.102564	-0.0290196	0.00960509	0.60888
9	5	0.230769	0.128205	-0.0354399	0.0142831	0.607995
9	6	0.230769	0.153846	-0.0413602	0.0196912	0.610881
9	7	0.230769	0.179487	-0.0472532	0.026117	0.611962
9	8	0.230769	0.205128	-0.0528286	0.0330607	0.607871
9	9	0.230769	0.230769	-0.0582603	0.0410392	0.613644
9	10	0.230769	0.25641	-0.0637937	0.0496293	0.602694
9	11	0.230769	0.282051	-0.0688381	0.0589046	0.608163
9	12	0.230769	0.307692	-0.0744084	0.0692249	0.598862
9	13	0.230769	0.333333	-0.0792785	0.0796844	0.592392
9	14	0.230769	0.358974	-0.0846248	0.0915175	0.594996
9	15	0.230769	0.384615	-0.0896345	0.103327	0.569979
9	16	0.230769	0.410256	-0.0942957	0.116094	0.582306
9	17	0.230769	0.435897	-0.0995464	0.129469	0.549894
9	18	0.230769	0.461538	-0.103223	0.142556	0.550791
9	19	0.230769	0.487179	-0.108191	0.157189	0.53631
9	20	0.230769	0.512821	-0.110988	0.170387	0.50126
9	21	0.230769	0.538462	-0.114416	0.185026	0.518414
9	22	0.230769	0.564103	-0.116545	0.198449	0.450219
9	23	0.230769	0.589744	-0.116863	0.211208	0.474524
9	24	0.230769	0.615385	-0.117746	0.224359	0.416396
9	25	0.230769	0.641026	-0.113688	0.23366	0.394086
9	26	0.230769	0.666667	-0.110977	0.24427	0.396565
9	27	0.230769	0.692308	-0.101474	0.249354	0.298426
9	28	0.230769	0.717949	-0.0907006	0.253336	0.358396
9	29	0.230769	0.74359	-0.0733255	0.253302	0.231512
9	30	0.230769	0.769231	-0.0481651	0.246498	0.271002
9	31	0.230769	0.794872	-0.0164698	0.238536	0.218108
9	32	0.230769	0.820513	0.0315109	0.219151	0.152283
9	33	0.230769	0.846154	0.090101	0.198848	0.232822
9	34	0.230769	0.871795	0.173104	0.168852	0.0759566
9	35	0.230769	0.897436	0.276555	0.135327	0.231564
9	36	0.230769	0.923077	0.411045	0.101461	0.109042
9	37	0.230769	0.948718	0.576204	0.0654617	0.224017
9	38	0.230769	0.974359	0.773929	0.0462114	0.272875
9	39	0.230769	1	1	0	0
10	0	0.25641	0	0	0	0.535389
10	1	0.25641	0.025641	-0.00918308	0.00122522	0.535389
10	2	0.25641	0.0512821	-0.0177621	0.00299707	0.539081
10	3	0.25641	0.0769231	-0.0257566	0.00597903	0.544755
10	4	0.25641	0.102564	-0.0333663	0.00974478	0.543197
10	5	0.25641	0.128205	-0.0404472	0.0144041	0.54986
10	6	0.25641	0.153846	-0.0473851	0.019946	0.54682
10	7	0.25641	0.179487	-0.053874	0.026024	0.548808
10	8	0.25641	0.205128	-0.0603165	0.0332196	0.550989
10	9	0.25641	0.230769	-0.0665512	0.0407303	0.542302
10	10	0.25641	0.25641	-0.0725656	0.0493092	0.552019
10	11	0.25641	0.282051	-0.0787835	0.0584494	0.535172
10	12	0.25641	0.307692	-0.084444	0.0680898	0.543299
10	13	0.25641	0.333333	-0.0906101	0.0789381	0.531893
10	14	0.25641	0.358974	-0.0960987	0.0895452	0.521992
10	15	0.25641	0.384615	-0.101834	0.101734	0.529453
10	16	0.25641	0.410256	-0.107349	0.113553	0.494596
10	17	0.25641	0.435897	-0.112105	0.126275	0.515743
10	18	0.25641	0.461538	-0.117516	0.139526	0.473225
10	19	0.25641	0.487179	-0.120918	0.152002	0.47904
10	20	0.25641	0.512821	-0.12537	0.166171	0.462201
10	21	0.25641	0.538462	-0.127381	0.178142	0.422462
10	22	0.25641	0.564103	-0.129227	0.191586	0.447413
10	23	0.25641	0.589744	-0.129727	0.203104	0.367187
10	24	0.25641	0.615385	-0.126986	0.213559	0.404248
10	25	0.25641	0.641026	-0.124731	0.223871	0.334423
10	26	0.25641	0.666667	-0.115665	0.229562	0.323807
10	27	0.25641	0.692308	-0.107217	0.236001	0.319372
10	28	0.25641	0.717949	-0.0900845	0.236135	0.232577
10	29	0.25641	0.74359	-0.0694851	0.234492	0.288562
10	30	0.25641	0.769231	-0.0407428	0.228257	0.176765
10	31	0.25641	0.794872	-5.50792e-05	0.21509	0.21642
10	32	0.25641	0.820513	0.0483277	0.200345	0.176879
10	33	0.25641	0.846154	0.118571	0.175775	0.129957
10	34	0.25641	0.871795	0.200275	0.150481	0.203475
10	35	0.25641	0.897436	0.311161	0.119584	0.10137
10	36	0.25641	0.923077	0.441897	0.0877378	0.22017
10	37	0.25641	0.948718	0.60357	0.0602539	0.169016
10	38	0.25641	0.974359	0.790185	0.0417283	0.289239
10	39	0.25641	1	1	0	0
11	0	0.282051	0	0	0	0.474259
11	1	0.282051	0.025641	-0.0104949	0.0011701	0.474259
11	2	0.282051	0.0512821	-0.0201582	0.00304498	0.479897
11	3	0.282051	0.0769231	-0.0291475	0.00582748	0.480072
11	4	0.282051	0.102564	-0.0375459	0.00964168	0.487469
11	5	0.282051	0.128205	-0.045554	0.0141702	0.482926
11	6	0.282051	0.153846	-0.0530999	0.0194058	0.489945
11	7	0.282051	0.179487	-0.0604958	0.0255968	0.486705
11	8	0.282051	0.205128	-0.0675272	0.0320785	0.485252
11	9	0.282051	0.230769	-0.0745034	0.0397609	0.491091
11	10	0.282051	0.25641	-0.0813116	0.0476125	0.476025
11	11	0.282051	0.282051	-0.0879161	0.056429	0.490178
11	12	0.282051	0.307692	-0.0946655	0.0659002	0.468918
11	13	0.282051	0.333333	-0.100903	0.075508	0.476481
11	14	0.282051	0.358974	-0.10748	0.086584	0.467867
11	15	0.282051	0.384615	-0.113398	0.0969708	0.449267
11	16	0.282051	0.410256	-0.119333	0.109059	0.466564
11	17	0.282051	0.435897	-0.124938	0.12056	0.418968
11	18	0.282051	0.461538	-0.129549	0.132635	0.449535
11	19	0.282051	0.487179	-0.134471	0.145395	0.399889
11	20	0.282051	0.512821	-0.13717	0.156598	0.405266
11	21	0.282051	0.538462	-0.140266	0.169794	0.394318
11	22	0.282051	0.564103	-0.140685	0.179895	0.341329
11	23	0.282051	0.589744	-0.13994	0.191471	0.383645
11	24	0.282051	0.615385	-0.137458	0.200487	0.284029
11	25	0.282051	0.641026	-0.130423	0.207889	0.340992
11	26	0.282051	0.666667	-0.123032	0.214868	0.256272
11	27	0.282051	0.692308	-0.107385	0.21628	0.259874
11	28	0.282051	0.717949	-0.0905526	0.218384	0.251861
11	29	0.282051	0.74359	-0.0637725	0.213207	0.170897
11	30	0.282051	0.769231	-0.0302917	0.206522	0.237313
11	31	0.282051	0.794872	0.0122254	0.194519	0.121344
11	32	0.282051	0.820513	0.0711435	0.176757	0.190456
11	33	0.282051	0.846154	0.138432	0.15729	0.129986
11	34	0.282051	0.871795	0.231688	0.130697	0.139159
11	35	0.282051	0.897436	0.336788	0.104751	0.169054
11	36	0.282051	0.923077	0.471912	0.077135	0.14462
11	37	0.282051	0.948718	0.62517	0.0519405	0.20581
11	38	0.282051	0.974359	0.804076	0.0388729	0.259905
11	39	0.282051	1	1	0	0
12	0	0.307692	0	0	0	0.414665
12	1	0.307692	0.025641	-0.0117717	0.00116959	0.414665
12	2	0.307692	0.0512821	-0.0224915	0.00283788	0.418057
12	3	0.307692	0.0769231	-0.0324069	0.00567076	0.423863
12	4	0.307692	0.102564	-0.0416285	0.00915313	0.421184
12	5	0.307692	0.128205	-0.0503645	0.0135056	0.429391
12	6	0.307692	0.153846	-0.058692	0.0185667	0.423562
12	7	0.307692	0.179487	-0.0666612	0.0240995	0.42864
12	8	0.307692	0.205128	-0.0744973	0.0306586	0.427637
12	9	0.307692	0.230769	-0.0819843	0.0373127	0.42095
12	10	0.307692	0.25641	-0.0895051	0.0451305	0.431086
12	11	0.307692	0.282051	-0.096747	0.053114	0.410881
12	12	0.307692	0.307692	-0.103908	0.0617891	0.426511
12	13	0.307692	0.333333	-0.111033	0.0713216	0.4055
12	14	0.307692	0.358974	-0.117672	0.0805626	0.407376
12	15	0.307692	0.384615	-0.12451	0.091459	0.406422
12	16	0.307692	0.410256	-0.130479	0.10136	0.376321
12	17	0.307692	0.435897	-0.13642	0.112811	0.403775
12	18	0.307692	0.461538	-0.141541	0.123722	0.346855
12	19	0.307692	0.487179	-0.145633	0.134584	0.38071
12	20	0.307692	0.512821	-0.149358	0.14646	0.332942
12	21	0.307692	0.538462	-0.150629	0.155901	0.328574
12	22	0.307692	0.564103	-0.151554	0.167562	0.333007
12	23	0.307692	0.589744	-0.149182	0.175416	0.260258
12	24	0.307692	0.615385	-0.144871	0.184483	0.324509
12	25	0.307692	0.641026	-0.137691	0.190729	0.20589
12	26	0.307692	0.666667	-0.125113	0.194531	0.280096
12	27	0.307692	0.692308	-0.110399	0.198116	0.18877
12	28	0.307692	0.717949	-0.0865307	0.194995	0.196231
12	29	0.307692	0.74359	-0.0588798	0.193167	0.201335
12	30	0.307692	0.769231	-0.0203959	0.183037	0.107065
12	31	0.307692	0.794872	0.0280978	0.172476	0.20909
12	32	0.307692	0.820513	0.0865832	0.156217	0.0622991
12	33	0.307692	0.846154	0.164504	0.135957	0.188107
12	34	0.307692	0.871795	0.25201	0.114938	0.0828321
12	35	0.307692	0.897436	0.366173	0.0892123	0.160389
12	36	0.307692	0.923077	0.492968	0.0670685	0.143545
12	37	0.307692	0.948718	0.645962	0.045102	0.172886
12	38	0.307692	0.974359	0.814829	0.0341311	0.24294
12	39	0.307692	1	1	0	0
13	0	0.333333	0	0	0	0.3556
13	1	0.333333	0.025641	-0.0129689	0.00104749	0.3556
13	2	0.333333	0.0512821	-0.0247134	0.00270723	0.360425
13	3	0.333333	0.0769231	-0.0354303	0.00517346	0.360932
13	4	0.333333	0.102564	-0.045492	0.00854485	0.367142
13	5	0.333333	0.128205	-0.0548441	0.0124777	0.362928
13	6	0.333333	0.153846	-0.0638628	0.0170707	0.370017
13	7	0.333333	0.179487	-0.0724863	0.0223802	0.365086
13	8	0.333333	0.205128	-0.0807933	0.0279705	0.366587
13	9	0.333333	0.230769	-0.0890841	0.0345585	0.368493
13	10	0.333333	0.25641	-0.0969004	0.0411777	0.357609
13	11	0.333333	0.282051	-0.104943	0.0487719	0.369439
13	12	0.333333	0.307692	-0.112488	0.0566378	0.34833
13	13	0.333333	0.333333	-0.120052	0.0648631	0.36072
13	14	0.333333	0.358974	-0.12744	0.0740911	0.344497
13	15	0.333333	0.384615	-0.134143	0.0827396	0.33807
13	16	0.333333	0.410256	-0.141095	0.0929776	0.344971
13	17	0.333333	0.435897	-0.146615	0.102187	0.30683
13	18	0.333333	0.461538	-0.152245	0.112511	0.338167
13	19	0.333333	0.487179	-0.156294	0.122528	0.281016
13	20	0.333333	0.512821	-0.159222	0.131798	0.308707
13	21	0.333333	0.538462	-0.161102	0.142321	0.272023
13	22	0.333333	0.564103	-0.159884	0.149778	0.252052
13	23	0.333333	0.589744	-0.157867	0.15935	0.274687
13	24	0.333333	0.615385	-0.151232	0.164857	0.185007
13	25	0.333333	0.641026	-0.142333	0.170953	0.264866
13	26	0.333333	0.666667	-0.12866	0.174453	0.139193
13	27	0.333333	0.692308	-0.109138	0.174487	0.216599
13	28	0.333333	0.717949	-0.0851752	0.174955	0.137146
13	29	0.333333	0.74359	-0.0512573	0.16766	0.129609
13	30	0.333333	0.769231	-0.0111204	0.162635	0.16915
13	31	0.333333	0.794872	0.0411727	0.148784	0.0422646
13	32	0.333333	0.820513	0.10539	0.135686	0.196694
13	33	0.333333	0.846154	0.181594	0.117616	0.00880954
13	34	0.333333	0.871795	0.277317	0.0968251	0.19025
13	35	0.333333	0.897436	0.384975	0.0776875	0.0513715
13	36	0.333333	0.923077	0.516043	0.0552728	0.168965
13	37	0.333333	0.948718	0.660637	0.0393861	0.133622
13	38	0.333333	0.974359	0.824713	0.028893	0.212265
13	39	0.333333	1	1	0	0
14	0	0.358974	0	0	0	0.297757
14	1	0.358974	0.025641	-0.0140738	0.000962822	0.297757
14	2	0.358974	0.0512821	-0.0266859	0.00237556	0.301073
14	3	0.358974	0.0769231	-0.0382778	0.00469544	0.304672
14	4	0.358974	0.102564	-0.0488728	0.00758077	0.304193
14	5	0.358974	0.128205	-0.0590195	0.011174	0.309139
14	6	0.358974	0.153846	-0.068474	0.0152578	0.305312
14	7	0.358974	0.179487	-0.0776954	0.0198398	0.309901
14	8	0.358974	0.205128	-0.0866328	0.0250663	0.306463
14	9	0.358974	0.230769	-0.0951658	0.0305039	0.305342
14	10	0.358974	0.25641	-0.103901	0.0367808	0.307851
14	11	0.358974	0.282051	-0.11194	0.043127	0.296561
14	12	0.358974	0.307692	-0.120375	0.0502112	0.305889
14	13	0.358974	0.333333	-0.128146	0.057626	0.287928
14	14	0.358974	0.358974	-0.135818	0.0652015	0.294799
14	15	0.358974	0.384615	-0.143366	0.0736982	0.283415
14	16	0.358974	0.410256	-0.149706	0.0815886	0.272038
14	17	0.358974	0.435897	-0.156508	0.0907436	0.280779
14	18	0.358974	0.461538	-0.161103	0.0990189	0.243238
14	19	0.358974	0.487179	-0.16585	0.107916	0.26947
14	20	0.358974	0.512821	-0.168327	0.116648	0.220613
14	21	0.358974	0.538462	-0.169152	0.124205	0.237015
14	22	0.358974	0.564103	-0.168588	0.132898	0.213008
14	23	0.358974	0.589744	-0.163621	0.138379	0.181696
14	24	0.358974	0.615385	-0.157811	0.145476	0.214128
14	25	0.358974	0.641026	-0.14545	0.148718	0.121404
14	26	0.358974	0.666667	-0.130726	0.151748	0.200913
14	27	0.358974	0.692308	-0.10905	0.152701	0.0872128
14	28	0.358974	0.717949	-0.0809172	0.149347	0.149912
14	29	0.358974	0.74359	-0.0464101	0.147146	0.100004
14	30	0.358974	0.769231	-0.000457794	0.136752	0.064463
14	31	0.358974	0.794872	0.0528123	0.129355	0.146347
14	32	0.358974	0.820513	0.120769	0.113765	-0.01205
14	33	0.358974	0.846154	0.200132	0.0994205	0.18186
14	34	0.358974	0.871795	0.294744	0.0822836	-0.0225155
14	35	0.358974	0.897436	0.405912	0.0627795	0.17459
14	36	0.358974	0.923077	0.531688	0.0480899	0.0475012
14	37	0.358974	0.948718	0.675248	0.0306445	0.14923
14	38	0.358974	0.974359	0.832058	0.0248695	0.165772
14	39	0.358974	1	1	0	0
15	0	0.384615	0	0	0	0.240639
15	1	0.384615	0.025641	-0.0150258	0.000821794	0.240639
15	2	0.384615	0.0512821	-0.0284854	0.00205414	0.243609
15	3	0.384615	0.0769231	-0.0406338	0.00399267	0.245879
15	4	0.384615	0.102564	-0.0520175	0.00653561	0.247636
15	5	0.384615	0.128205	-0.0624661	0.00952172	0.247788
15	6	0.384615	0.153846	-0.0726319	0.0130653	0.250354
15	7	0.384615	0.179487	-0.0822126	0.0169683	0.247399
15	8	0.384615	0.205128	-0.0915425	0.0213229	0.250456
15	9	0.384615	0.230769	-0.100797	0.0261413	0.2464
15	10	0.384615	0.25641	-0.109471	0.0311932	0.246101
15	11	0.384615	0.282051	-0.118548	0.0368925	0.245506
15	12	0.384615	0.307692	-0.126761	0.0426546	0.237347
15	13	0.384615	0.333333	-0.135337	0.0490476	0.242325
15	14	0.384615	0.358974	-0.143272	0.0556272	0.227331
15	15	0.384615	0.384615	-0.150691	0.0624093	0.231963
15	16	0.384615	0.410256	-0.15819	0.0698065	0.219774
15	17	0.384615	0.435897	-0.163786	0.076732	0.211383
15	18	0.384615	0.461538	-0.169945	0.0845662	0.213847
15	19	0.384615	0.487179	-0.173237	0.0915735	0.184366
15	20	0.384615	0.512821	-0.17628	0.0989845	0.201374
15	21	0.384615	0.538462	-0.176728	0.106027	0.161306
15	22	0.384615	0.564103	-0.17438	0.111937	0.171555
15	23	0.384615	0.589744	-0.170658	0.118488	0.15091
15	24	0.384615	0.615385	-0.16076	0.122108	0.122568
15	25	0.384615	0.641026	-0.150047	0.126696	0.148707
15	26	0.384615	0.666667	-0.130795	0.127825	0.0709868
15	27	0.384615	0.692308	-0.108704	0.12819	0.134251
15	28	0.384615	0.717949	-0.0780318	0.126865	0.0463933
15	29	0.384615	0.74359	-0.0394391	0.121094	0.0867581
15	30	0.384615	0.769231	0.00621131	0.116729	0.0674426
15	31	0.384615	0.794872	0.0659788	0.104885	0.0130002
15	32	0.384615	0.820513	0.13228	0.0959729	0.116546
15	33	0.384615	0.846154	0.216833	0.080852	-0.040743
15	34	0.384615	0.871795	0.31022	0.0666335	0.146712
15	35	0.384615	0.897436	0.422147	0.0525092	-0.0227261
15	36	0.384615	0.923077	0.546349	0.036235	0.134111
15	37	0.384615	0.948718	0.686177	0.0264338	0.0592526
15	38	0.384615	0.974359	0.83853	0.0181878	0.139641
15	39	0.384615	1	1	0	0
16	0	0.410256	0	0	0	0.184061
16	1	0.410256	0.025641	-0.0158385	0.000648852	0.184061
16	2	0.410256	0.0512821	-0.0299116	0.00168015	0.187242
16	3	0.410256	0.0769231	-0.0427463	0.00322266	0.187396
16	4	0.410256	0.102564	-0.0544235	0.00526018	0.190777
16	5	0.410256	0.128205	-0.0655626	0.00773354	0.189675
16	6	0.410256	0.153846	-0.0759025	0.0104762	0.190899
16	7	0.410256	0.179487	-0.0860181	0.0137445	0.192083
16	8	0.410256	0.205128	-0.0957445	0.0171491	0.188011
16	9	0.410256	0.230769	-0.10512	0.0210453	0.192766
16	10	0.410256	0.25641	-0.114617	0.0252053	0.184739
16	11	0.410256	0.282051	-0.123408	0.0295753	0.188397
16	12	0.410256	0.307692	-0.132619	0.0345316	0.183245
16	13	0.410256	0.333333	-0.140978	0.0393573	0.177773
16	14	0.410256	0.358974	-0.149398	0.0449289	0.181705
16	15	0.410256	0.384615	-0.157339	0.050351	0.16432
16	16	0.410256	0.410256	-0.164204	0.0561515	0.173992
16	17	0.410256	0.435897	-0.171239	0.0622611	0.153826
16	18	0.410256	0.461538	-0.175815	0.0679236	0.154679
16	19	0.410256	0.487179	-0.180622	0.0744193	0.147948
16	20	0.410256	0.512821	-0.182276	0.0798098	0.12587
16	21	0.410256	0.538462	-0.182709	0.0858283	0.139523
16	22	0.410256	0.564103	-0.18054	0.0909369	0.0985749
16	23	0.410256	0.589744	-0.174067	0.0953157	0.116524
16	24	0.410256	0.615385	-0.166194	0.0997553	0.0842621
16	25	0.410256	0.641026	-0.150483	0.101622	0.0747068
16	26	0.410256	0.666667	-0.133443	0.104123	0.0817338
16	27	0.410256	0.692308	-0.10655	0.103305	0.0286618
16	28	0.410256	0.717949	-0.0753918	0.101887	0.0729531
16	29	0.410256	0.74359	-0.0351631	0.0986211	0.00671787
16	30	0.410256	0.769231	0.0155142	0.0918104	0.0388753
16	31	0.410256	0.794872	0.0725665	0.0859096	0.0258436
16	32	0.410256	0.820513	0.147073	0.0743806	-0.012606
16	33	0.410256	0.846154	0.226209	0.0650413	0.0672254
16	34	0.410256	0.871795	0.326692	0.0520648	-0.0388603
16	35	0.410256	0.897436	0.433217	0.0396343	0.0891102
16	36	0.410256	0.923077	0.559468	0.0293128	-0.0029832
16	37	0.410256	0.948718	0.694675	0.0178126	0.0808813
16	38	0.410256	0.974359	0.843765	0.0141118	0.0815668
16	39	0.410256	1	1	0	0
17	0	0.435897	0	0	0	0.128457
17	1	0.435897	0.025641	-0.0164551	0.000513104	0.128457
17	2	0.435897	0.0512821	-0.0310833	0.00119368	0.129278
17	3	0.435897	0.0769231	-0.0442556	0.00241728	0.133107
17	4	0.435897	0.102564	-0.0564765	0.00387812	0.130072
17	5	0.435897	0.128205	-0.0677496	0.00565526	0.134996
17	6	0.435897	0.153846	-0.0786127	0.00781815	0.132006
17	7	0.435897	0.179487	-0.088887	0.0099984	0.132446
17	8	0.435897	0.205128	-0.0989157	0.0127616	0.135343
17	9	0.435897	0.230769	-0.108743	0.0154272	0.127017
17	10	0.435897	0.25641	-0.118161	0.0185802	0.136383
17	11	0.435897	0.282051	-0.127737	0.0219297	0.123173
17	12	0.435897	0.307692	-0.136645	0.0252874	0.130173
17	13	0.435897	0.333333	-0.145749	0.0293819	0.123811
17	14	0.435897	0.358974	-0.154145	0.0329819	0.11584
17	15	0.435897	0.384615	-0.162173	0.0375544	0.125552
17	16	0.435897	0.410256	-0.169781	0.0416688	0.099338
17	17	0.435897	0.435897	-0.1759	0.0462083	0.1193
17	18	0.435897	0.461538	-0.181871	0.0510418	0.0893435
17	19	0.435897	0.487179	-0.185189	0.0551303	0.0976876
17	20	0.435897	0.512821	-0.187887	0.0603877	0.0883609
17	21	0.435897	0.538462	-0.187427	0.0639761	0.0637713
17	22	0.435897	0.564103	-0.184493	0.0686949	0.0872598
17	23	0.435897	0.589744	-0.178833	0.0719611	0.0319982
17	24	0.435897	0.615385	-0.167578	0.0748691	0.0707186
17	25	0.435897	0.641026	-0.154264	0.0776398	0.0176464
17	26	0.435897	0.666667	-0.132179	0.0778557	0.0320234
17	27	0.435897	0.692308	-0.107275	0.079074	0.0219068
17	28	0.435897	0.717949	-0.0722212	0.0765737	-0.0150821
17	29	0.435897	0.74359	-0.0305562	0.0745163	0.027499
17	30	0.435897	0.769231	0.0197401	0.0698585	-0.0422321
17	31	0.435897	0.794872	0.0833191	0.0633866	0.0147637
17	32	0.435897	0.820513	0.152235	0.056919	-0.0316779
17	33	0.435897	0.846154	0.241003	0.0469925	-0.0121362
17	34	0.435897	0.871795	0.33319	0.0387164	0.00192184
17	35	0.435897	0.897436	0.447294	0.0285392	-0.0211304
17	36	0.435897	0.923077	0.566405	0.0196324	0.0269386
17	37	0.435897	0.948718	0.703032	0.0126481	0.00869481
17	38	0.435897	0.974359	0.847349	0.00779465	0.0478562
17	39	0.435897	1	1	0	0
18	0	0.461538	0	0	0	0.0726885
18	1	0.461538	0.025641	-0.0168891	0.000277719	0.0726885
18	2	0.461538	0.0512821	-0.031849	0.000806917	0.075088
18	3	0.461538	0.0769231	-0.0453759	0.00144374	0.0726253
18	4	0.461538	0.102564	-0.0577619	0.00242401	0.0781825
18	5	0.461538	0.128205	-0.0693954	0.00354652	0.07271
18	6	0.461538	0.153846	-0.0803438	0.00473368	0.0775632
18	7	0.461538	0.179487	-0.0909308	0.00635657	0.0756202
18	8	0.461538	0.205128	-0.101129	0.00773606	0.0722964
18	9	0.461538	0.230769	-0.111091	0.00972015	0.0797427
18	10	0.461538	0.25641	-0.120898	0.0115039	0.0660016
18	11	0.461538	0.282051	-0.130383	0.0135995	0.0793836
18	12	0.461538	0.307692	-0.139847	0.0160312	0.0642632
18	13	0.461538	0.333333	-0.148803	0.0181084	0.069593
18	14	0.461538	0.358974	-0.157623	0.0211737	0.0685503
18	15	0.461538	0.384615	-0.165786	0.0234221	0.0520939
18	16	0.461538	0.410256	-0.173294	0.0267269	0.072207
18	17	0.461538	0.435897	-0.180075	0.0295643	0.0360865
18	18	0.461538	0.461538	-0.185285	0.0325516	0.0638083
18	19	0.461538	0.487179	-0.189574	0.0362092	0.0312358
18	20	0.461538	0.512821	-0.191258	0.0385752	0.03694
18	21	0.461538	0.538462	-0.191254	0.0426579	0.0376925
18	22	0.461538	0.564103	-0.187931	0.0445808	-0.00149634
18	23	0.461538	0.589744	-0.181146	0.0480087	0.0424368
18	24	0.461538	0.615385	-0.170859	0.0498934	-0.0329657
18	25	0.461538	0.641026	-0.154405	0.0513826	0.0275005
18	26	0.461538	0.666667	-0.134296	0.0532227	-0.0401215
18	27	0.461538	0.692308	-0.105358	0.0520304	-0.0141203
18	28	0.461538	0.717949	-0.0713474	0.0529091	-0.021908
18	29	0.461538	0.74359	-0.0274682	0.0492842	-0.0674835
18	30	0.461538	0.769231	0.0253966	0.0476349	0.00274009
18	31	0.461538	0.794872	0.086634	0.0425501	-0.102206
18	32	0.461538	0.820513	0.162761	0.0373567	0.0102723
18	33	0.461538	0.846154	0.244453	0.031733	-0.0966731
18	34	0.461538	0.871795	0.345722	0.0239143	-0.00292962
18	35	0.461538	0.897436	0.451383	0.0183053	-0.0593741
18	36	0.461538	0.923077	0.576114	0.0108225	-0.0142629
18	37	0.461538	0.948718	0.706852	0.00625721	-0.0191254
18	38	0.461538	0.974359	0.850743	0.00253671	-0.00086725
18	39	0.461538	1	1	0	0
19	0	0.487179	0	0	0	0.0178775
19	1	0.487179	0.025641	-0.0171144	0.000140331	0.0178775
19	2	0.487179	0.0512821	-0.0322575	0.000236058	0.017038
19	3	0.487179	0.0769231	-0.0459363	0.000580448	0.0204997
19	4	0.487179	0.102564	-0.0584664	0.000854471	0.0155366
19	5	0.487179	0.128205	-0.0702018	0.00124957	0.0215483
19	6	0.487179	0.153846	-0.0813	0.0018021	0.0163119
19	7	0.487179	0.179487	-0.0919564	0.00215632	0.018315
19	8	0.487179	0.205128	-0.102318	0.00297769	0.0202298
19	9	0.487179	0.230769	-0.112361	0.00341731	0.0118963
19	10	0.487179	0.25641	-0.122304	0.00432345	0.0235166
19	11	0.487179	0.282051	-0.131948	0.00512865	0.00735974
19	12	0.487179	0.307692	-0.141464	0.00591186	0.0200563
19	13	0.487179	0.333333	-0.15069	0.00727148	0.00925433
19	14	0.487179	0.358974	-0.159484	0.00795363	0.00721683
19	15	0.487179	0.384615	-0.167945	0.0097318	0.0158292
19	16	0.487179	0.410256	-0.175474	0.0106677	-0.00990915
19	17	0.487179	0.435897	-0.182362	0.0124228	0.0177982
19	18	0.487179	0.461538	-0.187821	0.0140803	-0.0208772
19	19	0.487179	0.487179	-0.191829	0.0153814	0.00447635
19	20	0.487179	0.512821	-0.193985	0.0179006	-0.0184606
19	21	0.487179	0.538462	-0.193403	0.0187013	-0.0265211
19	22	0.487179	0.564103	-0.190356	0.0215691	-0.0068292
19	23	0.487179	0.589744	-0.183195	0.022294	-0.0639769
19	24	0.487179	0.615385	-0.172255	0.024433	-0.00176559
19	25	0.487179	0.641026	-0.156188	0.0256216	-0.0877354
19	26	0.487179	0.666667	-0.134097	0.0259189	-0.0207281
19	27	0.487179	0.692308	-0.106156	0.0276129	-0.0818352
19	28	0.487179	0.717949	-0.0696298	0.0256048	-0.0681311
19	29	0.487179	0.74359	-0.02594	0.0269264	-0.0479997
19	30	0.487179	0.769231	0.0278486	0.0231918	-0.126164
19	31	0.487179	0.794872	0.0916775	0.0226052	-0.00878864
19	32	0.487179	0.820513	0.165129	0.0184935	-0.161289
19	33	0.487179	0.846154	0.252557	0.0149372	0.00681746
19	34	0.487179	0.871795	0.34798	0.0116736	-0.148459
19	35	0.487179	0.897436	0.459659	0.00596997	-0.0101837
19	36	0.487179	0.923077	0.578595	0.00390707	-0.0968713
19	37	0.487179	0.948718	0.711637	-0.00097879	-0.0346285
19	38	0.487179	0.974359	0.852255	-0.002374	-0.0499052
19	39	0.487179	1	1	0	0
20	0	0.512821	0	0	0	-0.0374941
20	1	0.512821	0.025641	-0.0171236	-0.000106569	-0.0374941
20	2	0.512821	0.0512821	-0.032297	-0.000176752	-0.0368222
20	3	0.512821	0.0769231	-0.0459318	-0.00045517	-0.0397476
20	4	0.512821	0.102564	-0.0585433	-0.000676753	-0.035779
20	5	0.512821	0.128205	-0.0702022	-0.00099916	-0.0410039
20	6	0.512821	0.153846	-0.0813791	-0.00144145	-0.0369916
20	7	0.512821	0.179487	-0.0920342	-0.00170634	-0.0392687
20	8	0.512821	0.205128	-0.102367	-0.00232534	-0.0414625
20	9	0.512821	0.230769	-0.112576	-0.0025867	-0.0357476
20	10	0.512821	0.25641	-0.122364	-0.00317572	-0.0465219
20	11	0.512821	0.282051	-0.132285	-0.00359143	-0.0349465
20	12	0.512821	0.307692	-0.141681	-0.00390379	-0.0477115
20	13	0.512821	0.333333	-0.151069	-0.00454474	-0.0410988
20	14	0.512821	0.358974	-0.160028	-0.0044999	-0.0433771
20	15	0.512821	0.384615	-0.168336	-0.00517591	-0.0536151
20	16	0.512821	0.410256	-0.176389	-0.00495917	-0.0379808
20	17	0.512821	0.435897	-0.182894	-0.00524611	-0.0659471
20	18	0.512821	0.461538	-0.18894	-0.00517552	-0.0403765
20	19	0.512821	0.487179	-0.192747	-0.00468069	-0.0699176
20	20	0.512821	0.512821	-0.195031	-0.00491434	-0.0572923
20	21	0.512821	0.538462	-0.19483	-0.00361217	-0.0628366
20	22	0.512821	0.564103	-0.19117	-0.00392601	-0.0865837
20	23	0.512821	0.589744	-0.184863	-0.00231683	-0.0519004
20	24	0.512821	0.615385	-0.172924	-0.00215785	-0.115569
20	25	0.512821	0.641026	-0.15743	-0.00110525	-0.0518585
20	26	0.512821	0.666667	-0.134763	4.92597e-05	-0.126638
20	27	0.512821	0.692308	-0.106285	-0.000232965	-0.0760452
20	28	0.512821	0.717949	-0.0700651	0.0019024	-0.108206
20	29	0.512821	0.74359	-0.0248018	0.000140078	-0.124672
20	30	0.512821	0.769231	0.0284404	0.00235465	-0.0658628
20	31	0.512821	0.794872	0.0935194	-7.93964e-05	-0.177384
20	32	0.512821	0.820513	0.167551	0.000658571	-0.0253009
20	33	0.512821	0.846154	0.254357	-0.00102595	-0.199918
20	34	0.512821	0.871795	0.35188	-0.00284368	-0.0172996
20	35	0.512821	0.897436	0.461186	-0.00288881	-0.170752
20	36	0.512821	0.923077	0.582063	-0.00638089	-0.0466836
20	37	0.512821	0.948718	0.712834	-0.00535032	-0.110079
20	38	0.512821	0.974359	0.853444	-0.00863863	-0.0844038
20	39	0.512821	1	1	0	0
21	0	0.538462	0	0	0	-0.0923705
21	1	0.538462	0.025641	-0.0169325	-0.000264956	-0.0923705
21	2	0.538462	0.0512821	-0.0318993	-0.000725737	-0.0941096
21	3	0.538462	0.0769231	-0.0454821	-0.00135561	-0.093234
21	4	0.538462	0.102564	-0.0578285	-0.00225508	-0.0964717
21	5	0.538462	0.128205	-0.0695471	-0.00330383	-0.0940017
21	6	0.538462	0.153846	-0.0804855	-0.00445519	-0.0969715
21	7	0.538462	0.179487	-0.0911294	-0.0058787	-0.0963283
21	8	0.538462	0.205128	-0.10145	-0.00722119	-0.0954026
21	9	0.538462	0.230769	-0.111402	-0.00889672	-0.0997094
21	10	0.538462	0.25641	-0.121487	-0.0104715	-0.093821
21	11	0.538462	0.282051	-0.130973	-0.0122123	-0.101783
21	12	0.538462	0.307692	-0.140754	-0.0140614	-0.0952475
21	13	0.538462	0.333333	-0.149909	-0.0157144	-0.100569
21	14	0.538462	0.358974	-0.158911	-0.0177515	-0.101012
21	15	0.538462	0.384615	-0.167593	-0.0192844	-0.0969842
21	16	0.538462	0.410256	-0.175112	-0.0212415	-0.10901
21	17	0.538462	0.435897	-0.182594	-0.0227267	-0.0953112
21	18	0.538462	0.461538	-0.187847	-0.0242362	-0.114654
21	19	0.538462	0.487179	-0.192621	-0.0257227	-0.100757
21	20	0.538462	0.512821	-0.194654	-0.0264961	-0.114201
21	21	0.538462	0.538462	-0.194545	-0.0278552	-0.115503
21	22	0.538462	0.564103	-0.191853	-0.0278509	-0.10824
21	23	0.538462	0.589744	-0.18437	-0.0287124	-0.135788
21	24	0.538462	0.615385	-0.174458	-0.0281933	-0.102974
21	25	0.538462	0.641026	-0.15713	-0.0280396	-0.151935
21	26	0.538462	0.666667	-0.136362	-0.0274743	-0.108113
21	27	0.538462	0.692308	-0.106786	-0.0259012	-0.152087
21	28	0.538462	0.717949	-0.0708026	-0.025696	-0.131231
21	29	0.538462	0.74359	-0.0263614	-0.0227922	-0.129605
21	30	0.538462	0.769231	0.0289702	-0.0229112	-0.169568
21	31	0.538462	0.794872	0.0914132	-0.0195688	-0.092045
21	32	0.538462	0.820513	0.168892	-0.0193078	-0.204069
21	33	0.538462	0.846154	0.252708	-0.0170211	-0.063647
21	34	0.538462	0.871795	0.353116	-0.0154583	-0.206789
21	35	0.538462	0.897436	0.460555	-0.0152005	-0.0688537
21	36	0.538462	0.923077	0.582638	-0.0124789	-0.168997
21	37	0.538462	0.948718	0.712787	-0.0132114	-0.0990328
21	38	0.538462	0.974359	0.853481	-0.0127407	-0.138395
21	39	0.538462	1	1	0	0
22	0	0.564103	0	0	0	-0.147814
22	1	0.564103	0.025641	-0.0165149	-0.0004727	-0.147814
22	2	0.564103	0.0512821	-0.0311892	-0.00117436	-0.149479
22	3	0.564103	0.0769231	-0.0443694	-0.00230724	-0.151128
22	4	0.564103	0.102564	-0.0566424	-0.00375707	-0.151587
22	5	0.564103	0.128205	-0.0679308	-0.00549491	-0.152929
22	6	0.564103	0.153846	-0.0788575	-0.00751696	-0.153242
22	7	0.564103	0.179487	-0.0892299	-0.00973315	-0.153501
22	8	0.564103	0.205128	-0.0993325	-0.0122161	-0.154584
22	9	0.564103	0.230769	-0.109381	-0.0148495	-0.153487
22	10	0.564103	0.25641	-0.118937	-0.0176888	-0.155264
22	11	0.564103	0.282051	-0.128824	-0.0206858	-0.153711
22	12	0.564103	0.307692	-0.138039	-0.0237791	-0.155049
22	13	0.564103	0.333333	-0.147477	-0.0270435	-0.15462
22	14	0.564103	0.358974	-0.156415	-0.0302835	-0.154274
22	15	0.564103	0.384615	-0.164792	-0.0336547	-0.156114
22	16	0.564103	0.410256	-0.173088	-0.036909	-0.15378
22	17	0.564103	0.435897	-0.179665	-0.0401625	-0.157779
22	18	0.564103	0.461538	-0.18623	-0.0432527	-0.154591
22	19	0.564103	0.487179	-0.190188	-0.0461092	-0.159104
22	20	0.564103	0.512821	-0.193146	-0.0488013	-0.157651
22	21	0.564103	0.538462	-0.193345	-0.0509512	-0.159593
22	22	0.564103	0.564103	-0.190267	-0.0529505	-0.163414
22	23	0.564103	0.589744	-0.184802	-0.0541126	-0.159152
22	24	0.564103	0.615385	-0.173078	-0.0550601	-0.17091
22	25	0.564103	0.641026	-0.158903	-0.0550746	-0.158995
22	26	0.564103	0.666667	-0.136025	-0.0545735	-0.176578
22	27	0.564103	0.692308	-0.108955	-0.0534754	-0.162292
22	28	0.564103	0.717949	-0.0725147	-0.0512191	-0.174471
22	29	0.564103	0.74359	-0.0278307	-0.0491904	-0.172623
22	30	0.564103	0.769231	0.0247671	-0.0452497	-0.160182
22	31	0.564103	0.794872	0.0911358	-0.0424099	-0.188864
22	32	0.564103	0.820513	0.162966	-0.0375526	-0.138142
22	33	0.564103	0.846154	0.253069	-0.0338154	-0.20017
22	34	0.564103	0.871795	0.34734	-0.0294068	-0.124335
22	35	0.564103	0.897436	0.460457	-0.0248896	-0.191931
22	36	0.564103	0.923077	0.578848	-0.022045	-0.132679
22	37	0.564103	0.948718	0.711964	-0.0177525	-0.165007
22	38	0.564103	0.974359	0.852243	-0.018561	-0.17006
22	39	0.564103	1	1	0	0
23	0	0.589744	0	0	0	-0.203546
23	1	0.589744	0.025641	-0.0159158	-0.000655507	-0.203546
23	2	0.589744	0.0512821	-0.0300359	-0.00161758	-0.205745
23	3	0.589744	0.0769231	-0.0428991	-0.00319271	-0.2083
23	4	0.589744	0.102564	-0.0546232	-0.00517451	-0.208235
23	5	0.589744	0.128205	-0.0657872	-0.00759052	-0.211127
23	6	0.589744	0.153846	-0.0762338	-0.0103745	-0.21
23	7	0.589744	0.179487	-0.0864204	-0.0134402	-0.21181
23	8	0.589744	0.205128	-0.0963318	-0.0169128	-0.211865
23	9	0.589744	0.230769	-0.10591	-0.0205451	-0.210608
23	10	0.589744	0.25641	-0.115653	-0.0245707	-0.213364
23	11	0.589744	0.282051	-0.124866	-0.0287503	-0.20908
23	12	0.589744	0.307692	-0.134395	-0.0331568	-0.212964
23	13	0.589744	0.333333	-0.143393	-0.0378288	-0.209086
23	14	0.589744	0.358974	-0.152297	-0.0424581	-0.209804
23	15	0.589744	0.384615	-0.160955	-0.0474268	-0.210863
23	16	0.589744	0.410256	-0.168605	-0.0521603	-0.205332
23	17	0.589744	0.435897	-0.176242	-0.0570661	-0.21228
23	18	0.589744	0.461538	-0.181889	-0.0617549	-0.202814
23	19	0.589744	0.487179	-0.187096	-0.066159	-0.210537
23	20	0.589744	0.512821	-0.189761	-0.0704923	-0.20464
23	21	0.589744	0.538462	-0.190464	-0.0739943	-0.205039
23	22	0.589744	0.564103	-0.18862	-0.0774261	-0.209744
23	23	0.589744	0.589744	-0.182312	-0.0797082	-0.198692
23	24	0.589744	0.615385	-0.173511	-0.0815408	-0.213616
23	25	0.589744	0.641026	-0.157519	-0.0823132	-0.196058
23	26	0.589744	0.666667	-0.138187	-0.0819306	-0.211354
23	27	0.589744	0.692308	-0.109837	-0.0808552	-0.19935
23	28	0.589744	0.717949	-0.0754528	-0.0780014	-0.201786
23	29	0.589744	0.74359	-0.0320653	-0.0747328	-0.205337
23	30	0.589744	0.769231	0.0221049	-0.0696755	-0.18936
23	31	0.589744	0.794872	0.0834147	-0.0641306	-0.20672
23	32	0.589744	0.820513	0.160991	-0.0575928	-0.181039
23	33	0.589744	0.846154	0.243436	-0.0503876	-0.199169
23	34	0.589744	0.871795	0.345488	-0.0433482	-0.179671
23	35	0.589744	0.897436	0.45193	-0.0360124	-0.188126
23	36	0.589744	0.923077	0.576499	-0.029773	-0.182465
23	37	0.589744	0.948718	0.707257	-0.0240508	-0.181918
23	38	0.589744	0.974359	0.850612	-0.0230316	-0.210923
23	39	0.589744	1	1	0	0
24	0	0.615385	0	0	0	-0.259669
24	1	0.615385	0.025641	-0.0151123	-0.000797053	-0.259669
24	2	0.615385	0.0512821	-0.028612	-0.00206655	-0.263497
24	3	0.615385	0.0769231	-0.0408224	-0.00395517	-0.263763
24	4	0.615385	0.102564	-0.052199	-0.00650391	-0.268486
24	5	0.615385	0.128205	-0.0627652	-0.00951361	-0.266011
24	6	0.615385	0.153846	-0.0729501	-0.0129515	-0.270359
24	7	0.615385	0.179487	-0.0827118	-0.016947	-0.268815
24	8	0.615385	0.205128	-0.0922138	-0.0211248	-0.268573
24	9	0.615385	0.230769	-0.101674	-0.0259426	-0.272022
24	10	0.615385	0.25641	-0.110798	-0.0308736	-0.265147
24	11	0.615385	0.282051	-0.120121	-0.0362777	-0.272892
24	12	0.615385	0.307692	-0.12906	-0.0420005	-0.26364
24	13	0.615385	0.333333	-0.138082	-0.0477706	-0.26861
24	14	0.615385	0.358974	-0.146833	-0.0541557	-0.265795
24	15	0.615385	0.384615	-0.155135	-0.0601843	-0.259795
24	16	0.615385	0.410256	-0.163301	-0.0668307	-0.269004
24	17	0.615385	0.435897	-0.170271	-0.0730747	-0.251326
24	18	0.615385	0.461538	-0.176893	-0.0793923	-0.267651
24	19	0.615385	0.487179	-0.181659	-0.0856638	-0.248953
24	20	0.615385	0.512821	-0.185174	-0.0910704	-0.257793
24	21	0.615385	0.538462	-0.186409	-0.0968219	-0.254254
24	22	0.615385	0.564103	-0.184712	-0.100881	-0.241257
24	23	0.615385	0.589744	-0.180371	-0.105168	-0.26216
24	24	0.615385	0.615385	-0.170911	-0.107568	-0.225683
24	25	0.615385	0.641026	-0.158042	-0.109255	-0.263111
24	26	0.615385	0.666667	-0.137915	-0.109672	-0.220238
24	27	0.615385	0.692308	-0.112624	-0.107821	-0.248744
24	28	0.615385	0.717949	-0.078688	-0.105797	-0.229328
24	29	0.615385	0.74359	-0.0364048	-0.100126	-0.218425
24	30	0.615385	0.769231	0.014627	-0.0951236	-0.247576
24	31	0.615385	0.794872	0.0783897	-0.0863484	-0.183158
24	32	0.615385	0.820513	0.149881	-0.0781254	-0.260352
24	33	0.615385	0.846154	0.238219	-0.0679254	-0.162097
24	34	0.615385	0.871795	0.333338	-0.0572962	-0.253976
24	35	0.615385	0.897436	0.446638	-0.0478021	-0.169051
24	36	0.615385	0.923077	0.567182	-0.0374038	-0.23253
24	37	0.615385	0.948718	0.702907	-0.0302992	-0.194779
24	38	0.615385	0.974359	0.847107	-0.0272605	-0.248067
24	39	0.615385	1	1	0	0
25	0	0.641026	0	0	0	-0.316844
25	1	0.641026	0.025641	-0.0141542	-0.000977265	-0.316844
25	2	0.641026	0.0512821	-0.0268311	-0.00236749	-0.319575
25	3	0.641026	0.0769231	-0.0384177	-0.00471604	-0.324509
25	4	0.641026	0.102564	-0.0491181	-0.00762056	-0.322521
25	5	0.641026	0.128205	-0.0592388	-0.011181	-0.328691
25	6	0.641026	0.153846	-0.0688693	-0.0153508	-0.325431
25	7	0.641026	0.179487	-0.0781812	-0.0198511	-0.328171
25	8	0.641026	0.205128	-0.0873164	-0.0251295	-0.329442
25	9	0.641026	0.230769	-0.0962235	-0.0305368	-0.324064
25	10	0.641026	0.25641	-0.10516	-0.0366788	-0.332138
25	11	0.641026	0.282051	-0.113913	-0.0430846	-0.320407
25	12	0.641026	0.307692	-0.122698	-0.0498163	-0.329371
25	13	0.641026	0.333333	-0.131364	-0.0572052	-0.320746
25	14	0.641026	0.358974	-0.139831	-0.0643686	-0.319674
25	15	0.641026	0.384615	-0.148174	-0.0724263	-0.324048
25	16	0.641026	0.410256	-0.155938	-0.0800025	-0.306998
25	17	0.641026	0.435897	-0.163324	-0.0881238	-0.324328
25	18	0.641026	0.461538	-0.16969	-0.0960379	-0.298486
25	19	0.641026	0.487179	-0.17504	-0.103522	-0.315121
25	20	0.641026	0.512821	-0.178846	-0.111353	-0.298713
25	21	0.641026	0.538462	-0.180603	-0.117601	-0.295168
25	22	0.641026	0.564103	-0.180058	-0.124416	-0.305217
25	23	0.641026	0.589744	-0.17611	-0.128965	-0.270638
25	24	0.641026	0.615385	-0.168705	-0.133415	-0.308722
25	25	0.641026	0.641026	-0.156284	-0.13582	-0.252427
25	26	0.641026	0.666667	-0.138759	-0.136463	-0.297707
25	27	0.641026	0.692308	-0.114424	-0.13615	-0.250365
25	28	0.641026	0.717949	-0.0828026	-0.131943	-0.265179
25	29	0.641026	0.74359	-0.0426151	-0.128164	-0.266534
25	30	0.641026	0.769231	0.00758377	-0.119056	-0.215846
25	31	0.641026	0.794872	0.0676951	-0.111077	-0.290158
25	32	0.641026	0.820513	0.140797	-0.0984745	-0.17005
25	33	0.641026	0.846154	0.224534	-0.0862446	-0.299933
25	34	0.641026	0.871795	0.323496	-0.07287	-0.156162
25	35	0.641026	0.897436	0.433398	-0.0582705	-0.281358
25	36	0.641026	0.923077	0.558496	-0.0472764	-0.187094
25	37	0.641026	0.948718	0.6945	-0.0346728	-0.24825
25	38	0.641026	0.974359	0.842966	-0.0322004	-0.268909
25	39	0.641026	1	1	0	0
26	0	0.666667	0	0	0	-0.374345
26	1	0.666667	0.025641	-0.0130464	-0.00105204	-0.374345
26	2	0.666667	0.0512821	-0.0248137	-0.00273283	-0.37946
26	3	0.666667	0.0769231	-0.035605	-0.00523032	-0.37964
26	4	0.666667	0.102564	-0.0456311	-0.00860053	-0.385914
26	5	0.666667	0.128205	-0.0551262	-0.012618	-0.382758
26	6	0.666667	0.153846	-0.0641636	-0.0171924	-0.387836
26	7	0.666667	0.179487	-0.0729722	-0.0225711	-0.386661
26	8	0.666667	0.205128	-0.0815268	-0.0282123	-0.384888
26	9	0.666667	0.230769	-0.0900054	-0.034741	-0.39035
26	10	0.666667	0.25641	-0.0984137	-0.0415217	-0.380219
26	11	0.666667	0.282051	-0.10674	-0.0489244	-0.389771
26	12	0.666667	0.307692	-0.115143	-0.0569119	-0.378115
26	13	0.666667	0.333333	-0.12336	-0.0649837	-0.38182
26	14	0.666667	0.358974	-0.131629	-0.0740015	-0.379512
26	15	0.666667	0.384615	-0.13961	-0.0826931	-0.368278
26	16	0.666667	0.410256	-0.147311	-0.0922421	-0.379943
26	17	0.666667	0.435897	-0.154624	-0.101528	-0.355407
26	18	0.666667	0.461538	-0.161029	-0.110922	-0.372555
26	19	0.666667	0.487179	-0.16675	-0.120511	-0.349023
26	20	0.666667	0.512821	-0.17081	-0.129069	-0.353796
26	21	0.666667	0.538462	-0.173391	-0.13817	-0.349372
26	22	0.666667	0.564103	-0.173578	-0.145278	-0.32682
26	23	0.666667	0.589744	-0.170831	-0.152584	-0.349997
26	24	0.666667	0.615385	-0.164865	-0.157592	-0.300266
26	25	0.666667	0.641026	-0.154007	-0.161485	-0.340826
26	26	0.666667	0.666667	-0.138617	-0.163576	-0.284055
26	27	0.666667	0.692308	-0.116277	-0.162477	-0.313128
26	28	0.666667	0.717949	-0.0872001	-0.16064	-0.284486
26	29	0.666667	0.74359	-0.0493594	-0.153554	-0.265215
26	30	0.666667	0.769231	-0.00170785	-0.146727	-0.299133
26	31	0.666667	0.794872	0.0562437	-0.133953	-0.208649
26	32	0.666667	0.820513	0.127238	-0.12151	-0.313503
26	33	0.666667	0.846154	0.209966	-0.105181	-0.169943
26	34	0.666667	0.871795	0.307944	-0.0880594	-0.30771
26	35	0.666667	0.897436	0.418846	-0.0718738	-0.176494
26	36	0.666667	0.923077	0.545162	-0.0542216	-0.280696
26	37	0.666667	0.948718	0.68449	-0.0419188	-0.22307
26	38	0.666667	0.974359	0.83715	-0.0350372	-0.302733
26	39	0.666667	1	1	0	0
27	0	0.692308	0	0	0	-0.433323
27	1	0.692308	0.025641	-0.0118252	-0.00118159	-0.433323
27	2	0.692308	0.0512821	-0.022592	-0.00288736	-0.43686
27	3	0.692308	0.0769231	-0.0324894	-0.00572242	-0.442127
27	4	0.692308	0.102564	-0.0417991	-0.00929718	-0.441003
27	5	0.692308	0.128205	-0.0505211	-0.0136506	-0.446596
27	6	0.692308	0.153846	-0.0589902	-0.0187978	-0.444728
27	7	0.692308	0.179487	-0.0670952	-0.0244177	-0.446045
27	8	0.692308	0.205128	-0.0750984	-0.0309573	-0.448475
27	9	0.692308	0.230769	-0.0830059	-0.0378442	-0.442166
27	10	0.692308	0.25641	-0.0907741	-0.0455419	-0.449363
27	11	0.692308	0.282051	-0.0987207	-0.0537816	-0.438697
27	12	0.692308	0.307692	-0.10642	-0.0624296	-0.443918
27	13	0.692308	0.333333	-0.114382	-0.0719588	-0.43766
27	14	0.692308	0.358974	-0.122098	-0.0814774	-0.432059
27	15	0.692308	0.384615	-0.129778	-0.0919517	-0.436517
27	16	0.692308	0.410256	-0.137362	-0.102322	-0.418065
27	17	0.692308	0.435897	-0.144256	-0.113178	-0.429627
27	18	0.692308	0.461538	-0.151099	-0.124197	-0.407073
27	19	0.692308	0.487179	-0.156527	-0.134803	-0.412954
27	20	0.692308	0.512821	-0.161398	-0.145835	-0.40041
27	21	0.692308	0.538462	-0.164368	-0.15554	-0.387564
27	22	0.692308	0.564103	-0.165409	-0.165447	-0.394084
27	23	0.692308	0.589744	-0.164276	-0.173461	-0.358984
27	24	0.692308	0.615385	-0.159094	-0.180702	-0.381195
27	25	0.692308	0.641026	-0.151162	-0.185941	-0.333911
27	26	0.692308	0.666667	-0.136875	-0.18877	-0.355507
27	27	0.692308	0.692308	-0.118146	-0.18985	-0.317371
27	28	0.692308	0.717949	-0.0912568	-0.186624	-0.314233
27	29	0.692308	0.74359	-0.0565378	-0.182049	-0.310838
27	30	0.692308	0.769231	-0.0126793	-0.171807	-0.26133
27	31	0.692308	0.794872	0.0438141	-0.160432	-0.309881
27	32	0.692308	0.820513	0.109979	-0.14376	-0.211798
27	33	0.692308	0.846154	0.193507	-0.125707	-0.303737
27	34	0.692308	0.871795	0.287653	-0.105456	-0.190398
27	35	0.692308	0.897436	0.401544	-0.0836674	-0.285306
27	36	0.692308	0.923077	0.52769	-0.0649289	-0.215287
27	37	0.692308	0.948718	0.672055	-0.046036	-0.267503
27	38	0.692308	0.974359	0.829561	-0.0392366	-0.309642
27	39	0.692308	1	1	0	0
28	0	0.717949	0	0	0	-0.492816
28	1	0.717949	0.025641	-0.0105324	-0.00119818	-0.492816
28	2	0.717949	0.0512821	-0.0201988	-0.00307029	-0.49812
28	3	0.717949	0.0769231	-0.0292245	-0.00594483	-0.499621
28	4	0.717949	0.102564	-0.0376063	-0.0097538	-0.504473
28	5	0.717949	0.128205	-0.0456903	-0.0143873	-0.503892
28	6	0.717949	0.153846	-0.0533048	-0.0196976	-0.5065
28	7	0.717949	0.179487	-0.0608149	-0.0259067	-0.50751
28	8	0.717949	0.205128	-0.0681166	-0.0326308	-0.504682
28	9	0.717949	0.230769	-0.0752929	-0.0402298	-0.508977
28	10	0.717949	0.25641	-0.0826081	-0.0484209	-0.501579
28	11	0.717949	0.282051	-0.0896614	-0.0572378	-0.505455
28	12	0.717949	0.307692	-0.0970849	-0.066888	-0.499167
28	13	0.717949	0.333333	-0.104222	-0.0768463	-0.496076
28	14	0.717949	0.358974	-0.111585	-0.0877439	-0.496112
28	15	0.717949	0.384615	-0.118885	-0.0988313	-0.483386
28	16	0.717949	0.410256	-0.125837	-0.110575	-0.488289
28	17	0.717949	0.435897	-0.133013	-0.122647	-0.471012
28	18	0.717949	0.461538	-0.139111	-0.134752	-0.472419
28	19	0.717949	0.487179	-0.145315	-0.147307	-0.459798
28	20	0.717949	0.512821	-0.149955	-0.159222	-0.449075
28	21	0.717949	0.538462	-0.153729	-0.171311	-0.446537
28	22	0.717949	0.564103	-0.15585	-0.182264	-0.421952
28	23	0.717949	0.589744	-0.155219	-0.192551	-0.426493
28	24	0.717949	0.615385	-0.152856	-0.201337	-0.394494
28	25	0.717949	0.641026	-0.145388	-0.208182	-0.396807
28	26	0.717949	0.666667	-0.135268	-0.213099	-0.367737
28	27	0.717949	0.692308	-0.117952	-0.214645	-0.357597
28	28	0.717949	0.717949	-0.0953021	-0.213686	-0.341186
28	29	0.717949	0.74359	-0.0641918	-0.208101	-0.311334
28	30	0.717949	0.769231	-0.0229392	-0.199441	-0.314616
28	31	0.717949	0.794872	0.0273108	-0.185611	-0.263837
28	32	0.717949	0.820513	0.0937921	-0.168458	-0.288424
28	33	0.717949	0.846154	0.170008	-0.147188	-0.227304
28	34	0.717949	0.871795	0.267547	-0.123205	-0.26486
28	35	0.717949	0.897436	0.376821	-0.0984754	-0.219049
28	36	0.717949	0.923077	0.508721	-0.0735915	-0.255371
28	37	0.717949	0.948718	0.655032	-0.0525781	-0.245991
28	38	0.717949	0.974359	0.820477	-0.0414724	-0.321167
28	39	0.717949	1	1	0	0
29	0	0.74359	0	0	0	-0.553769
29	1	0.74359	0.025641	-0.00919229	-0.00123114	-0.553769
29	2	0.74359	0.0512821	-0.017776	-0.00307034	-0.558084
29	3	0.74359	0.0769231	-0.0257584	-0.00603895	-0.562098
29	4	0.74359	0.102564	-0.0333837	-0.0099147	-0.563653
29	5	0.74359	0.128205	-0.0405003	-0.0146128	-0.566179
29	6	0.74359	0.153846	-0.0474804	-0.0202081	-0.567694
29	7	0.74359	0.179487	-0.054139	-0.0264811	-0.566692
29	8	0.74359	0.205128	-0.0607037	-0.0336301	-0.569513
29	9	0.74359	0.230769	-0.0672756	-0.0414831	-0.565207
29	10	0.74359	0.25641	-0.0736363	-0.0500556	-0.567146
29	11	0.74359	0.282051	-0.0803256	-0.0594884	-0.563068
29	12	0.74359	0.307692	-0.0867288	-0.069439	-0.559798
29	13	0.74359	0.333333	-0.0935026	-0.0803187	-0.559204
29	14	0.74359	0.358974	-0.100158	-0.0916654	-0.549188
29	15	0.74359	0.384615	-0.106802	-0.103727	-0.550369
29	16	0.74359	0.410256	-0.113681	-0.116388	-0.537754
29	17	0.74359	0.435897	-0.119911	-0.129316	-0.534134
29	18	0.74359	0.461538	-0.126533	-0.142909	-0.525348
29	19	0.74359	0.487179	-0.131996	-0.156339	-0.511488
29	20	0.74359	0.512821	-0.13735	-0.170092	-0.508234
29	21	0.74359	0.538462	-0.141415	-0.183429	-0.485863
29	22	0.74359	0.564103	-0.144007	-0.196236	-0.481929
29	23	0.74359	0.589744	-0.145375	-0.208372	-0.459237
29	24	0.74359	0.615385	-0.143276	-0.218839	-0.445248
29	25	0.74359	0.641026	-0.139559	-0.22799	-0.429381
29	26	0.74359	0.666667	-0.130284	-0.234379	-0.401451
29	27	0.74359	0.692308	-0.117649	-0.238181	-0.391443
29	28	0.74359	0.717949	-0.0977724	-0.238338	-0.355542
29	29	0.74359	0.74359	-0.0707582	-0.23427	-0.342915
29	30	0.74359	0.769231	-0.0353085	-0.225882	-0.311035
29	31	0.74359	0.794872	0.013053	-0.212033	-0.288138
29	32	0.74359	0.820513	0.0711675	-0.193637	-0.270413
29	33	0.74359	0.846154	0.148677	-0.170034	-0.239678
29	34	0.74359	0.871795	0.238426	-0.142948	-0.240021
29	35	0.74359	0.897436	0.352199	-0.11351	-0.21669
29	36	0.74359	0.923077	0.48202	-0.0842715	-0.235558
29	37	0.74359	0.948718	0.635979	-0.0580971	-0.235857
29	38	0.74359	0.974359	0.808425	-0.0436209	-0.316117
29	39	0.74359	1	1	0	0
30	0	0.769231	0	0	0	-0.615549
30	1	0.769231	0.025641	-0.00787245	-0.00118612	-0.615549
30	2	0.769231	0.0512821	-0.0153102	-0.00299765	-0.620208
30	3	0.769231	0.0769231	-0.0223802	-0.00591042	-0.623369
30	4	0.769231	0.102564	-0.028984	-0.0097194	-0.625633
30	5	0.769231	0.128205	-0.0353859	-0.0144685	-0.628526
30	6	0.769231	0.153846	-0.0414127	-0.0200001	-0.628038
30	7	0.769231	0.179487	-0.0473383	-0.0264146	-0.631151
30	8	0.769231	0.205128	-0.0531347	-0.0336365	-0.628482
30	9	0.769231	0.230769	-0.0587835	-0.0416053	-0.629772
30	10	0.769231	0.25641	-0.0646213	-0.0505067	-0.627792
30	11	0.769231	0.282051	-0.0702343	-0.0600131	-0.623848
30	12	0.769231	0.307692	-0.0762041	-0.0704945	-0.624708
30	13	0.769231	0.333333	-0.0820363	-0.0816013	-0.614962
30	14	0.769231	0.358974	-0.0880597	-0.0934794	-0.616089
30	15	0.769231	0.384615	-0.0942352	-0.106184	-0.605179
30	16	0.769231	0.410256	-0.100159	-0.119277	-0.599699
30	17	0.769231	0.435897	-0.106487	-0.133322	-0.593854
30	18	0.769231	0.461538	-0.112123	-0.147459	-0.576804
30	19	0.769231	0.487179	-0.118	-0.162245	-0.576499
30	20	0.769231	0.512821	-0.123	-0.177088	-0.551276
30	21	0.769231	0.538462	-0.127426	-0.19173	-0.547668
30	22	0.769231	0.564103	-0.130992	-0.20645	-0.525327
30	23	0.769231	0.589744	-0.132597	-0.219839	-0.505655
30	24	0.769231	0.615385	-0.133134	-0.232855	-0.495728
30	25	0.769231	0.641026	-0.130042	-0.243553	-0.45465
30	26	0.769231	0.666667	-0.124809	-0.252491	-0.454475
30	27	0.769231	0.692308	-0.114265	-0.258468	-0.402114
30	28	0.769231	0.717949	-0.099009	-0.260406	-0.394416
30	29	0.769231	0.74359	-0.0767266	-0.258875	-0.353378
30	30	0.769231	0.769231	-0.0452974	-0.250896	-0.316723
30	31	0.769231	0.794872	-0.0046297	-0.238747	-0.308283
30	32	0.769231	0.820513	0.0512676	-0.219003	-0.236013
30	33	0.769231	0.846154	0.119919	-0.194458	-0.264387
30	34	0.769231	0.871795	0.210319	-0.164113	-0.179747
30	35	0.769231	0.897436	0.318629	-0.130024	-0.228358
30	36	0.769231	0.923077	0.45325	-0.0961502	-0.179771
30	37	0.769231	0.948718	0.610679	-0.0634963	-0.225336
30	38	0.769231	0.974359	0.793973	-0.0451665	-0.289962
30	39	0.769231	1	1	0	0
31	0	0.794872	0	0	0	-0.678443
31	1	0.794872	0.025641	-0.00660015	-0.00109635	-0.678443
31	2	0.794872	0.0512821	-0.0129805	-0.00280741	-0.682957
31	3	0.794872	0.0769231	-0.0190135	-0.00553127	-0.685423
31	4	0.794872	0.102564	-0.024793	-0.00923976	-0.689343
31	5	0.794872	0.128205	-0.0302102	-0.0137758	-0.689164
31	6	0.794872	0.153846	-0.0354702	-0.0192315	-0.693349
31	7	0.794872	0.179487	-0.0405183	-0.0255419	-0.691187
31	8	0.794872	0.205128	-0.0454398	-0.0326263	-0.693416
31	9	0.794872	0.230769	-0.0503998	-0.0406955	-0.692224
31	10	0.794872	0.25641	-0.0552092	-0.0493922	-0.688888
31	11	0.794872	0.282051	-0.0602554	-0.0591346	-0.690997
31	12	0.794872	0.307692	-0.0652042	-0.069536	-0.681268
31	13	0.794872	0.333333	-0.0703778	-0.0808048	-0.684182
31	14	0.794872	0.358974	-0.075652	-0.0929896	-0.672805
31	15	0.794872	0.384615	-0.0809207	-0.105675	-0.669058
31	16	0.794872	0.410256	-0.0865062	-0.11952	-0.663196
31	17	0.794872	0.435897	-0.0918084	-0.133592	-0.646422
31	18	0.794872	0.461538	-0.0974083	-0.148677	-0.647885
31	19	0.794872	0.487179	-0.10258	-0.164043	-0.620271
31	20	0.794872	0.512821	-0.107622	-0.179697	-0.620439
31	21	0.794872	0.538462	-0.112201	-0.195885	-0.593693
31	22	0.794872	0.564103	-0.115847	-0.211275	-0.577428
31	23	0.794872	0.589744	-0.118834	-0.227113	-0.564324
31	24	0.794872	0.615385	-0.119857	-0.241162	-0.521627
31	25	0.794872	0.641026	-0.119467	-0.25462	-0.523553
31	26	0.794872	0.666667	-0.115894	-0.265692	-0.460575
31	27	0.794872	0.692308	-0.109222	-0.273934	-0.460968
31	28	0.794872	0.717949	-0.0977287	-0.279402	-0.401272
31	29	0.794872	0.74359	-0.080169	-0.279035	-0.37215
31	30	0.794872	0.769231	-0.0551737	-0.275128	-0.344855
31	31	0.794872	0.794872	-0.0195235	-0.262789	-0.266257
31	32	0.794872	0.820513	0.0279316	-0.245399	-0.286382
31	33	0.794872	0.846154	0.0924249	-0.219172	-0.169587
31	34	0.794872	0.871795	0.175373	-0.18666	-0.224683
31	35	0.794872	0.897436	0.282882	-0.149142	-0.121125
31	36	0.794872	0.923077	0.416664	-0.107928	-0.183233
31	37	0.794872	0.948718	0.580905	-0.0706458	-0.153518
31	38	0.794872	0.974359	0.775451	-0.0446789	-0.255257
31	39	0.794872	1	1	0	0
32	0	0.820513	0	0	0	-0.742278
32	1	0.820513	0.025641	-0.00544892	-0.000966197	-0.742278
32	2	0.820513	0.0512821	-0.0107975	-0.00244962	-0.745899
32	3	0.820513	0.0769231	-0.0159191	-0.00498262	-0.749876
32	4	0.820513	0.102564	-0.0207343	-0.0083416	-0.750526
32	5	0.820513	0.128205	-0.0253207	-0.0126611	-0.755383
32	6	0.820513	0.153846	-0.0296705	-0.0178272	-0.753674
32	7	0.820513	0.179487	-0.0338578	-0.0238189	-0.757456
32	8	0.820513	0.205128	-0.0379827	-0.030785	-0.756106
32	9	0.820513	0.230769	-0.0419901	-0.038402	-0.754889
32	10	0.820513	0.25641	-0.0460966	-0.0470965	-0.756924
32	11	0.820513	0.282051	-0.0501611	-0.0564202	-0.748662
32	12	0.820513	0.307692	-0.0543708	-0.0667127	-0.752922
32	13	0.820513	0.333333	-0.0586865	-0.0778751	-0.741142
32	14	0.820513	0.358974	-0.0630667	-0.089677	-0.740731
32	15	0.820513	0.384615	-0.0676994	-0.102683	-0.732881
32	16	0.820513	0.410256	-0.0722926	-0.116031	-0.720005
32	17	0.820513	0.435897	-0.0771307	-0.130638	-0.720187
32	18	0.820513	0.461538	-0.0819047	-0.145614	-0.694036
32	19	0.820513	0.487179	-0.0866773	-0.16136	-0.696467
32	20	0.820513	0.512821	-0.0913909	-0.177817	-0.66641
32	21	0.820513	0.538462	-0.0956869	-0.194125	-0.656662
32	22	0.820513	0.564103	-0.0997403	-0.211365	-0.636279
32	23	0.820513	0.589744	-0.102907	-0.227513	-0.601009
32	24	0.820513	0.615385	-0.105216	-0.24407	-0.596365
32	25	0.820513	0.641026	-0.106061	-0.258916	-0.534882
32	26	0.820513	0.666667	-0.10486	-0.272472	-0.535619
32	27	0.820513	0.692308	-0.101137	-0.283949	-0.464703
32	28	0.820513	0.717949	-0.0934919	-0.291333	-0.445492
32	29	0.820513	0.74359	-0.081096	-0.295937	-0.392685
32	30	0.820513	0.769231	-0.0618527	-0.293199	-0.327355
32	31	0.820513	0.794872	-0.0335669	-0.285905	-0.314553
32	32	0.820513	0.820513	0.00642692	-0.268848	-0.198457
32	33	0.820513	0.846154	0.0627088	-0.24449	-0.225542
32	34	0.820513	0.871795	0.138654	-0.210734	-0.0937425
32	35	0.820513	0.897436	0.241187	-0.168665	-0.139383
32	36	0.820513	0.923077	0.374165	-0.123279	-0.0614474
32	37	0.820513	0.948718	0.544092	-0.0762866	-0.11136
32	38	0.820513	0.974359	0.752143	-0.0440422	-0.176272
32	39	0.820513	1	1	0	0
33	0	0.846154	0	0	0	-0.806682
33	1	0.846154	0.025641	-0.00446351	-0.0007481	-0.806682
33	2	0.846154	0.0512821	-0.00890011	-0.00201644	-0.810511
33	3	0.846154	0.0769231	-0.0131108	-0.00412657	-0.812229
33	4	0.846154	0.102564	-0.0170478	-0.00718181	-0.816879
33	5	0.846154	0.128205	-0.0207464	-0.0110512	-0.816278
33	6	0.846154	0.153846	-0.0242168	-0.0157984	-0.821084
33	7	0.846154	0.179487	-0.0275787	-0.0214546	-0.819728
33	8	0.846154	0.205128	-0.0308008	-0.0278094	-0.821134
33	9	0.846154	0.230769	-0.0340291	-0.0351968	-0.822195
33	10	0.846154	0.25641	-0.0372354	-0.0431868	-0.817016
33	11	0.846154	0.282051	-0.0404837	-0.0521897	-0.821102
33	12	0.846154	0.307692	-0.0438599	-0.0619476	-0.810661
33	13	0.846154	0.333333	-0.047255	-0.0724763	-0.812863
33	14	0.846154	0.358974	-0.0508889	-0.0840963	-0.803352
33	15	0.846154	0.384615	-0.0545495	-0.0961938	-0.795853
33	16	0.846154	0.410256	-0.0584142	-0.109594	-0.792837
33	17	0.846154	0.435897	-0.0624057	-0.123421	-0.771945
33	18	0.846154	0.461538	-0.0663999	-0.138338	-0.773387
33	19	0.846154	0.487179	-0.0706312	-0.153977	-0.74437
33	20	0.846154	0.512821	-0.0746187	-0.170058	-0.739222
33	21	0.846154	0.538462	-0.0787475	-0.187229	-0.713447
33	22	0.846154	0.564103	-0.0824954	-0.204061	-0.688249
33	23	0.846154	0.589744	-0.0858905	-0.221898	-0.673902
33	24	0.846154	0.615385	-0.0888441	-0.238814	-0.622789
33	25	0.846154	0.641026	-0.0905355	-0.255732	-0.615977
33	26	0.846154	0.666667	-0.0914267	-0.271378	-0.546796
33	27	0.846154	0.692308	-0.0898349	-0.284951	-0.529668
33	28	0.846154	0.717949	-0.0860893	-0.296678	-0.461598
33	29	0.846154	0.74359	-0.0782095	-0.303397	-0.410269
33	30	0.846154	0.769231	-0.0649113	-0.30666	-0.363179
33	31	0.846154	0.794872	-0.0445269	-0.301663	-0.263869
33	32	0.846154	0.820513	-0.012422	-0.28995	-0.244996
33	33	0.846154	0.846154	0.033049	-0.267434	-0.11208
33	34	0.846154	0.871795	0.100886	-0.23437	-0.112199
33	35	0.846154	0.897436	0.194242	-0.191094	0.00338899
33	36	0.846154	0.923077	0.325154	-0.13832	-0.0108198
33	37	0.846154	0.948718	0.498632	-0.0846689	0.0161
33	38	0.846154	0.974359	0.722567	-0.0402903	-0.0696513
33	39	0.846154	1	1	0	0
34	0	0.871795	0	0	0	-0.871594
34	1	0.871795	0.025641	-0.00370812	-0.000501554	-0.871594
34	2	0.871795	0.0512821	-0.00735297	-0.00138706	-0.874198
34	3	0.871795	0.0769231	-0.0107135	-0.00313973	-0.877956
34	4	0.871795	0.102564	-0.0138119	-0.00565661	-0.878941
34	5	0.871795	0.128205	-0.0166176	-0.00906355	-0.883807
34	6	0.871795	0.153846	-0.0192885	-0.0132965	-0.88335
34	7	0.871795	0.179487	-0.0217683	-0.0182781	-0.886717
34	8	0.871795	0.205128	-0.0242153	-0.0241807	-0.887073
34	9	0.871795	0.230769	-0.0266115	-0.030688	-0.885527
34	10	0.871795	0.25641	-0.0289871	-0.0381572	-0.888389
34	11	0.871795	0.282051	-0.0314819	-0.0462694	-0.881158
34	12	0.871795	0.307692	-0.0339252	-0.055214	-0.884164
34	13	0.871795	0.333333	-0.0366075	-0.0650547	-0.874999
34	14	0.871795	0.358974	-0.0392721	-0.075493	-0.871977
34	15	0.871795	0.384615	-0.0421407	-0.0870975	-0.86617
34	16	0.871795	0.410256	-0.0451544	-0.099193	-0.852082
34	17	0.871795	0.435897	-0.0481762	-0.112463	-0.850494
34	18	0.871795	0.461538	-0.0515502	-0.126412	-0.826606
34	19	0.871795	0.487179	-0.0547222	-0.141185	-0.822546
34	20	0.871795	0.512821	-0.0582811	-0.156998	-0.796258
34	21	0.871795	0.538462	-0.0616091	-0.173099	-0.778841
34	22	0.871795	0.564103	-0.0649961	-0.190406	-0.757501
34	23	0.871795	0.589744	-0.068343	-0.207554	-0.719032
34	24	0.871795	0.615385	-0.0710629	-0.225488	-0.702566
34	25	0.871795	0.641026	-0.073882	-0.242985	-0.644109
34	26	0.871795	0.666667	-0.0752286	-0.260045	-0.621987
34	27	0.871795	0.692308	-0.0761915	-0.276281	-0.553156
34	28	0.871795	0.717949	-0.074799	-0.290032	-0.507958
34	29	0.871795	0.74359	-0.0711501	-0.301791	-0.440918
34	30	0.871795	0.769231	-0.0637445	-0.30824	-0.357676
34	31	0.871795	0.794872	-0.0498092	-0.30987	-0.298607
34	32	0.871795	0.820513	-0.0283909	-0.302629	-0.177252
34	33	0.871795	0.846154	0.00796372	-0.285691	-0.122563
34	34	0.871795	0.871795	0.0616154	-0.256212	0.0109406
34	35	0.871795	0.897436	0.145745	-0.212461	0.0613513
34	36	0.871795	0.923077	0.267563	-0.156607	0.14916
34	37	0.871795	0.948718	0.444003	-0.0924651	0.153069
34	38	0.871795	0.974359	0.683945	-0.034861	0.105888
34	39	0.871795	1	1	0	0
35	0	0.897436	0	0	0	-0.936201
35	1	0.897436	0.025641	-0.00324083	-0.000166882	-0.936201
35	2	0.897436	0.0512821	-0.00621257	-0.000701159	-0.938981
35	3	0.897436	0.0769231	-0.00882034	-0.00192167	-0.941198
35	4	0.897436	0.102564	-0.0110594	-0.00396985	-0.945543
35	5	0.897436	0.128205	-0.0131092	-0.006774	-0.946766
35	6	0.897436	0.153846	-0.0149211	-0.0103398	-0.951018
35	7	0.897436	0.179487	-0.0166853	-0.0146898	-0.951766
35	8	0.897436	0.205128	-0.0183488	-0.0196527	-0.95318
35	9	0.897436	0.230769	-0.0199813	-0.0254421	-0.955003
35	10	0.897436	0.25641	-0.0216822	-0.031795	-0.951746
35	11	0.897436	0.282051	-0.0233003	-0.0389345	-0.954217
35	12	0.897436	0.307692	-0.025128	-0.0467698	-0.947539
35	13	0.897436	0.333333	-0.0268746	-0.0552514	-0.946968
35	14	0.897436	0.358974	-0.0288329	-0.0646585	-0.940449
35	15	0.897436	0.384615	-0.0308558	-0.0746054	-0.932302
35	16	0.897436	0.410256	-0.0329237	-0.0856035	-0.927934
35	17	0.897436	0.435897	-0.0352955	-0.0972281	-0.910945
35	18	0.897436	0.461538	-0.0375041	-0.109792	-0.905708
35	19	0.897436	0.487179	-0.0401567	-0.123256	-0.883275
35	20	0.897436	0.512821	-0.0426013	-0.137376	-0.869957
35	21	0.897436	0.538462	-0.0453403	-0.15264	-0.846866
35	22	0.897436	0.564103	-0.0480877	-0.168295	-0.818627
35	23	0.897436	0.589744	-0.05067	-0.18503	-0.795814
35	24	0.897436	0.615385	-0.0535914	-0.20201	-0.750366
35	25	0.897436	0.641026	-0.055764	-0.219523	-0.722034
35	26	0.897436	0.666667	-0.058335	-0.237104	-0.662034
35	27	0.897436	0.692308	-0.0596742	-0.254124	-0.616973
35	28	0.897436	0.717949	-0.0606787	-0.27057	-0.546567
35	29	0.897436	0.74359	-0.0599641	-0.284698	-0.472701
35	30	0.897436	0.769231	-0.0567307	-0.296417	-0.392527
35	31	0.897436	0.794872	-0.05024	-0.302995	-0.283094
35	32	0.897436	0.820513	-0.0363012	-0.303152	-0.187698
35	33	0.897436	0.846154	-0.0134602	-0.29349	-0.048285
35	34	0.897436	0.871795	0.0279835	-0.270693	0.0661123
35	35	0.897436	0.897436	0.0947438	-0.231802	0.207053
35	36	0.897436	0.923077	0.205068	-0.174133	0.311479
35	37	0.897436	0.948718	0.376819	-0.102252	0.371394
35	38	0.897436	0.974359	0.633441	-0.0252988	0.369903
35	39	0.897436	1	1	0	0
36	0	0.923077	0	0	0	-1.00006
36	1	0.923077	0.025641	-0.0031131	0.000184867	-1.00006
36	2	0.923077	0.0512821	-0.00555324	8.96007e-05	-1.00259
36	3	0.923077	0.0769231	-0.00741654	-0.000698875	-1.00643
36	4	0.923077	0.102564	-0.00894699	-0.00217946	-1.00947
36	5	0.923077	0.128205	-0.0101963	-0.00437662	-1.01401
36	6	0.923077	0.153846	-0.0113699	-0.00723003	-1.01622
36	7	0.923077	0.179487	-0.012411	-0.0106669	-1.01946
36	8	0.923077	0.205128	-0.0134354	-0.014752	-1.02135
36	9	0.923077	0.230769	-0.0144637	-0.019333	-1.02155
36	10	0.923077	0.25641	-0.0154276	-0.0245573	-1.02341
36	11	0.923077	0.282051	-0.016533	-0.0303089	-1.02026
36	12	0.923077	0.307692	-0.0175361	-0.0366483	-1.02053
36	13	0.923077	0.333333	-0.018727	-0.0436529	-1.01555
36	14	0.923077	0.358974	-0.0198953	-0.0511822	-1.01132
36	15	0.923077	0.384615	-0.0211473	-0.0595138	-1.00604
36	16	0.923077	0.410256	-0.0225732	-0.068402	-0.995347
36	17	0.923077	0.435897	-0.023903	-0.078119	-0.988847
36	18	0.923077	0.461538	-0.025582	-0.0885597	-0.972289
36	19	0.923077	0.487179	-0.0270816	-0.0997423	-0.960653
36	20	0.923077	0.512821	-0.0289153	-0.111859	-0.94022
36	21	0.923077	0.538462	-0.0307036	-0.124619	-0.918677
36	22	0.923077	0.564103	-0.0325727	-0.138405	-0.894701
36	23	0.923077	0.589744	-0.0346923	-0.152808	-0.860198
36	24	0.923077	0.615385	-0.0365294	-0.168099	-0.829152
36	25	0.923077	0.641026	-0.038851	-0.184004	-0.780747
36	26	0.923077	0.666667	-0.0406221	-0.20039	-0.735516
36	27	0.923077	0.692308	-0.042759	-0.217185	-0.672175
36	28	0.923077	0.717949	-0.0442446	-0.23372	-0.603945
36	29	0.923077	0.74359	-0.0453194	-0.249838	-0.521331
36	30	0.923077	0.769231	-0.0454197	-0.264278	-0.421466
36	31	0.923077	0.794872	-0.0430924	-0.27609	-0.30979
36	32	0.923077	0.820513	-0.0376788	-0.283128	-0.171402
36	33	0.923077	0.846154	-0.0244791	-0.2825	-0.0180368
36	34	0.923077	0.871795	0.000489156	-0.270297	0.159217
36	35	0.923077	0.897436	0.0493764	-0.240833	0.35137
36	36	0.923077	0.923077	0.138376	-0.18858	0.536703
36	37	0.923077	0.948718	0.297641	-0.11198	0.675386
36	38	0.923077	0.974359	0.565586	-0.0108107	0.779001
36	39	0.923077	1	1	0	0
37	0	0.948718	0	0	0	-1.06107
37	1	0.948718	0.025641	-0.0032727	0.00052279	-1.06107
37	2	0.948718	0.0512821	-0.00520922	0.000776581	-1.06475
37	3	0.948718	0.0769231	-0.00642512	0.000393824	-1.06922
37	4	0.948718	0.102564	-0.00724997	-0.000609988	-1.07428
37	5	0.948718	0.128205	-0.00793523	-0.00214992	-1.07843
37	6	0.948718	0.153846	-0.00849021	-0.0041744	-1.08281
37	7	0.948718	0.179487	-0.00903616	-0.00665911	-1.08593
37	8	0.948718	0.205128	-0.00954776	-0.00953928	-1.08849
37	9	0.948718	0.230769	-0.010034	-0.0128634	-1.09062
37	10	0.948718	0.25641	-0.0105826	-0.0165648	-1.09073
37	11	0.948718	0.282051	-0.0110585	-0.0206983	-1.09141
37	12	0.948718	0.307692	-0.0116586	-0.0252618	-1.08917
37	13	0.948718	0.333333	-0.0122006	-0.0302418	-1.08712
37	14	0.948718	0.358974	-0.0128303	-0.0357387	-1.08298
37	15	0.948718	0.384615	-0.0135137	-0.0416711	-1.0768
37	16	0.948718	0.410256	-0.0141684	-0.0481839	-1.07041
37	17	0.948718	0.435897	-0.0150158	-0.0552194	-1.05946
37	18	0.948718	0.461538	-0.0157471	-0.0628529	-1.04903
37	19	0.948718	0.487179	-0.0167164	-0.0711427	-1.0333
37	20	0.948718	0.512821	-0.0176154	-0.0800377	-1.0161
37	21	0.948718	0.538462	-0.0186473	-0.0897011	-0.994909
37	22	0.948718	0.564103	-0.0197829	-0.100015	-0.968373
37	23	0.948718	0.589744	-0.0208647	-0.111133	-0.939112
37	24	0.948718	0.615385	-0.0222361	-0.122981	-0.900999
37	25	0.948718	0.641026	-0.0234219	-0.135585	-0.858881
37	26	0.948718	0.666667	-0.0249552	-0.148954	-0.805965
37	27	0.948718	0.692308	-0.0263124	-0.162942	-0.744451
37	28	0.948718	0.717949	-0.0278572	-0.177532	-0.670339
37	29	0.948718	0.74359	-0.0292894	-0.192393	-0.580894
37	30	0.948718	0.769231	-0.0304215	-0.207176	-0.473763
37	31	0.948718	0.794872	-0.0310627	-0.221173	-0.344007
37	32	0.948718	0.820513	-0.0299373	-0.233037	-0.18493
37	33	0.948718	0.846154	-0.0256285	-0.240768	0.00377201
37	34	0.948718	0.871795	-0.0136399	-0.240456	0.237917
37	35	0.948718	0.897436	0.0141669	-0.226262	0.502986
37	36	0.948718	0.923077	0.0755842	-0.188609	0.810759
37	37	0.948718	0.948718	0.206267	-0.118201	1.08064
37	38	0.948718	0.974359	0.47163	0.00946067	1.41811
37	39	0.948718	1	1	0	0
38	0	0.974359	0	0	0	-1.12498
38	1	0.974359	0.025641	-0.00436697	0.000669464	-1.12498
38	2	0.974359	0.0512821	-0.00596719	0.00109594	-1.13335
38	3	0.974359	0.0769231	-0.00666617	0.000914193	-1.14089
38	4	0.974359	0.102564	-0.00706168	0.000358365	-1.14768
38	5	0.974359	0.128205	-0.00732362	-0.000494996	-1.15371
38	6	0.974359	0.153846	-0.007559	-0.00160063	-1.15886
38	7	0.974359	0.179487	-0.00775903	-0.00293346	-1.16326
38	8	0.974359	0.205128	-0.00795654	-0.00449084	-1.1668
38	9	0.974359	0.230769	-0.00816381	-0.00625589	-1.16941
38	10	0.974359	0.25641	-0.00834504	-0.00824243	-1.17119
38	11	0.974359	0.282051	-0.00857587	-0.0104458	-1.17177
38	12	0.974359	0.307692	-0.00876956	-0.0128762	-1.17141
38	13	0.974359	0.333333	-0.00901544	-0.0155535	-1.16969
38	14	0.974359	0.358974	-0.00925944	-0.0184755	-1.16661
38	15	0.974359	0.384615	-0.00951096	-0.0216824	-1.16207
38	16	0.974359	0.410256	-0.00982633	-0.0251724	-1.15557
38	17	0.974359	0.435897	-0.0100989	-0.0289828	-1.14732
38	18	0.974359	0.461538	-0.010475	-0.0331346	-1.13652
38	19	0.974359	0.487179	-0.0108094	-0.0376441	-1.12319
38	20	0.974359	0.512821	-0.0112217	-0.0425597	-1.10676
38	21	0.974359	0.538462	-0.0116564	-0.0478844	-1.08654
38	22	0.974359	0.564103	-0.0121009	-0.0536735	-1.06229
38	23	0.974359	0.589744	-0.0126472	-0.0599425	-1.03278
38	24	0.974359	0.615385	-0.0131576	-0.0667281	-0.997368
38	25	0.974359	0.641026	-0.0138054	-0.0740742	-0.954864
38	26	0.974359	0.666667	-0.0144382	-0.0819955	-0.903341
38	27	0.974359	0.692308	-0.0151851	-0.0905469	-0.841697
38	28	0.974359	0.717949	-0.0159812	-0.0997379	-0.766337
38	29	0.974359	0.74359	-0.0168327	-0.109578	-0.67482
38	30	0.974359	0.769231	-0.0177195	-0.120055	-0.562104
38	31	0.974359	0.794872	-0.0184867	-0.130994	-0.421099
38	32	0.974359	0.820513	-0.0187685	-0.142125	-0.244763
38	33	0.974359	0.846154	-0.017788	-0.152569	-0.0164806
38	34	0.974359	0.871795	-0.0131557	-0.160618	0.276061
38	35	0.974359	0.897436	8.65933e-05	-0.162345	0.661908
38	36	0.974359	0.923077	0.0354689	-0.14913	1.15962
38	37	0.974359	0.948718	0.125727	-0.106172	1.7501
38	38	0.974359	0.974359	0.358359	0.0311413	2.63532
38	39	0.974359	1	1	0	0
39	0	1	0	0	0	-1.12498
39	1	1	0.025641	0	0	-1.12498
39	2	1	0.0512821	0	0	-1.13335
39	3	1	0.0769231	0	0	-1.14089
39	4	1	0.102564	0	0	-1.14768
39	5	1	0.128205	0	0	-1.15371
39	6	1	0.153846	0	0	-1.15886
39	7	1	0.179487	0	0	-1.16326
39	8	1	0.205128	0	0	-1.1668
39	9	1	0.230769	0	0	-1.16941
39	10	1	0.25641	0	0	-1.17119
39	11	1	0.282051	0	0	-1.17177
39	12	1	0.307692	0	0	-1.17141
39	13	1	0.333333	0	0	-1.16969
39	14	1	0.358974	0	0	-1.16661
39	15	1	0.384615	0	0	-1.16207
39	16	1	0.410256	0	0	-1.15557
39	17	1	0.435897	0	0	-1.14732
39	18	1	0.461538	0	0	-1.13652
39	19	1	0.487179	0	0	-1.12319
39	20	1	0.512821	0	0	-1.10676
39	21	1	0.538462	0	0	-1.08654
39	22	1	0.564103	0	0	-1.06229
39	23	1	0.589744	0	0	-1.03278
39	24	1	0.615385	0	0	-0.997368
39	25	1	0.641026	0	0	-0.954864
39	26	1	0.666667	0	0	-0.903341
39	27	1	0.692308	0	0	-0.841697
39	28	1	0.717949	0	0	-0.766337
39	29	1	0.74359	0	0	-0.67482
39	30	1	0.769231	0	0	-0.562104
39	31	1	0.794872	0	0	-0.421099
39	32	1	0.820513	0	0	-0.244763
39	33	1	0.846154	0	0	-0.0164806
39	34	1	0.871795	0	0	0.276061
39	35	1	0.897436	0	0	0.661908
39	36	1	0.923077	0	0	1.15962
39	37	1	0.948718	0	0	1.7501
39	38	1	0.974359	0	0	2.63532
39	39	1	1	1	0	0
