# i		j		x		y		u		v		p
# nx		ny		
# 40		40
# =================================
0	0	0	0	0	0	3.47457
0	1	0	0.025641	0	0	3.47457
0	2	0	0.0512821	0	0	3.49301
0	3	0	0.0769231	0	0	3.55347
0	4	0	0.102564	0	0	3.48285
0	5	0	0.128205	0	0	3.67341
0	6	0	0.153846	0	0	3.52995
0	7	0	0.179487	0	0	3.73851
0	8	0	0.205128	0	0	3.7232
0	9	0	0.230769	0	0	3.71954
0	10	0	0.25641	0	0	4.0385
0	11	0	0.282051	0	0	3.71223
0	12	0	0.307692	0	0	4.32509
0	13	0	0.333333	0	0	3.88642
0	14	0	0.358974	0	0	4.42027
0	15	0	0.384615	0	0	4.34823
0	16	0	0.410256	0	0	4.32999
0	17	0	0.435897	0	0	4.99011
0	18	0	0.461538	0	0	4.27763
0	19	0	0.487179	0	0	5.4633
0	20	0	0.512821	0	0	4.53653
0	21	0	0.538462	0	0	5.46271
0	22	0	0.564103	0	0	5.18986
0	23	0	0.589744	0	0	5.12187
0	24	0	0.615385	0	0	5.96338
0	25	0	0.641026	0	0	4.89979
0	26	0	0.666667	0	0	6.20649
0	27	0	0.692308	0	0	5.05498
0	28	0	0.717949	0	0	5.52672
0	29	0	0.74359	0	0	5.31423
0	30	0	0.769231	0	0	4.57084
0	31	0	0.794872	0	0	5.05279
0	32	0	0.820513	0	0	4.30822
0	33	0	0.846154	0	0	3.6733
0	34	0	0.871795	0	0	4.53733
0	35	0	0.897436	0	0	1.58161
0	36	0	0.923077	0	0	3.56219
0	37	0	0.948718	0	0	0.206155
0	38	0	0.974359	0	0	0.505006
0	39	0	1	1	0	0
1	0	0.025641	0	0	0	3.47457
1	1	0.025641	0.025641	-0.00581792	-0.0042589	3.47457
1	2	0.025641	0.0512821	-0.011381	-0.0112267	3.49301
1	3	0.025641	0.0769231	-0.00112494	-0.0118031	3.55347
1	4	0.025641	0.102564	-0.0218907	-0.0205189	3.48285
1	5	0.025641	0.128205	0.00767563	-0.0221446	3.67341
1	6	0.025641	0.153846	-0.0252899	-0.0263738	3.52995
1	7	0.025641	0.179487	0.00248171	-0.036165	3.73851
1	8	0.025641	0.205128	-0.00887533	-0.0315407	3.7232
1	9	0.025641	0.230769	-0.0239091	-0.0497474	3.71954
1	10	0.025641	0.25641	0.0232402	-0.0407966	4.0385
1	11	0.025641	0.282051	-0.0559432	-0.0572338	3.71223
1	12	0.025641	0.307692	0.0452324	-0.0570952	4.32509
1	13	0.025641	0.333333	-0.0598961	-0.0581057	3.88642
1	14	0.025641	0.358974	0.0255207	-0.0790945	4.42027
1	15	0.025641	0.384615	-0.0137805	-0.0603993	4.34823
1	16	0.025641	0.410256	-0.043351	-0.0974079	4.32999
1	17	0.025641	0.435897	0.0603142	-0.0708245	4.99011
1	18	0.025641	0.461538	-0.118946	-0.0963584	4.27763
1	19	0.025641	0.487179	0.102631	-0.0873622	5.4633
1	20	0.025641	0.512821	-0.126246	-0.0763748	4.53653
1	21	0.025641	0.538462	0.0589046	-0.10649	5.46271
1	22	0.025641	0.564103	-0.0362363	-0.0615835	5.18986
1	23	0.025641	0.589744	-0.0703703	-0.11223	5.12187
1	24	0.025641	0.615385	0.0827384	-0.0562863	5.96338
1	25	0.025641	0.641026	-0.197088	-0.0689133	4.89979
1	26	0.025641	0.666667	0.129631	-0.0360493	6.20649
1	27	0.025641	0.692308	-0.198389	0.016845	5.05498
1	28	0.025641	0.717949	0.0593742	0.00106365	5.52672
1	29	0.025641	0.74359	-0.0674585	0.0787873	5.31423
1	30	0.025641	0.769231	-0.0795443	0.052631	4.57084
1	31	0.025641	0.794872	0.0458627	0.101714	5.05279
1	32	0.025641	0.820513	-0.151849	0.144954	4.30822
1	33	0.025641	0.846154	0.0161093	0.145023	3.6733
1	34	0.025641	0.871795	-0.0657879	0.249461	4.53733
1	35	0.025641	0.897436	-0.0873592	0.233504	1.58161
1	36	0.025641	0.923077	0.0881474	0.271272	3.56219
1	37	0.025641	0.948718	0.0127536	0.270547	0.206155
1	38	0.025641	0.974359	0.365832	0.133892	0.505006
1	39	0.025641	1	1	0	0
2	0	0.0512821	0	0	0	3.43341
2	1	0.0512821	0.025641	-0.00725993	-0.0104315	3.43341
2	2	0.0512821	0.0512821	-0.00181091	-0.00808583	3.551
2	3	0.0512821	0.0769231	-0.0232241	-0.0322294	3.18287
2	4	0.0512821	0.102564	0.0143218	-0.0221678	3.9808
2	5	0.0512821	0.128205	-0.0383444	-0.0416136	2.8897
2	6	0.0512821	0.153846	0.0212239	-0.0515314	4.20459
2	7	0.0512821	0.179487	-0.029133	-0.0386958	3.17406
2	8	0.0512821	0.205128	-0.00604756	-0.0882654	3.69674
2	9	0.0512821	0.230769	0.0169333	-0.040357	4.29975
2	10	0.0512821	0.25641	-0.065237	-0.110677	2.59455
2	11	0.0512821	0.282051	0.0748689	-0.0673958	5.66982
2	12	0.0512821	0.307692	-0.109729	-0.101212	1.90665
2	13	0.0512821	0.333333	0.088133	-0.12596	6.03508
2	14	0.0512821	0.358974	-0.0756396	-0.0719585	2.8714
2	15	0.0512821	0.384615	0.00705182	-0.193061	4.51739
2	16	0.0512821	0.410256	0.0460157	-0.0640391	5.67159
2	17	0.0512821	0.435897	-0.149657	-0.216188	1.81095
2	18	0.0512821	0.461538	0.174447	-0.108039	8.63637
2	19	0.0512821	0.487179	-0.257125	-0.158887	0.295285
2	20	0.0512821	0.512821	0.192656	-0.19751	9.12006
2	21	0.0512821	0.538462	-0.178935	-0.0687137	2.20668
2	22	0.0512821	0.564103	0.0219392	-0.281713	5.90134
2	23	0.0512821	0.589744	0.0500147	-0.0348001	7.07662
2	24	0.0512821	0.615385	-0.278838	-0.258895	1.06323
2	25	0.0512821	0.641026	0.240845	-0.064744	11.3431
2	26	0.0512821	0.666667	-0.465884	-0.077584	-1.14391
2	27	0.0512821	0.692308	0.250217	-0.105442	11.0435
2	28	0.0512821	0.717949	-0.336618	0.130447	1.57508
2	29	0.0512821	0.74359	0.0332768	-0.0972928	5.97138
2	30	0.0512821	0.769231	-0.022316	0.195691	6.4577
2	31	0.0512821	0.794872	-0.283543	0.0500211	1.09377
2	32	0.0512821	0.820513	0.164649	0.161814	7.935
2	33	0.0512821	0.846154	-0.401206	0.316128	1.57733
2	34	0.0512821	0.871795	0.113911	0.191971	3.51463
2	35	0.0512821	0.897436	-0.192916	0.453336	5.54998
2	36	0.0512821	0.923077	0.0244172	0.331575	-1.43512
2	37	0.0512821	0.948718	0.179784	0.29483	5.18846
2	38	0.0512821	0.974359	0.394962	0.304021	-0.116505
2	39	0.0512821	1	1	0	0
3	0	0.0769231	0	0	0	3.41508
3	1	0.0769231	0.025641	-0.00281382	-0.00172574	3.41508
3	2	0.0769231	0.0512821	-0.0133378	-0.0328275	3.14085
3	3	0.0769231	0.0769231	0.009228	-0.00891027	4.05941
3	4	0.0769231	0.102564	-0.0329026	-0.0551311	2.3534
3	5	0.0769231	0.128205	0.0274413	-0.0406326	4.86674
3	6	0.0769231	0.153846	-0.0421908	-0.0482121	2.0863
3	7	0.0769231	0.179487	0.0224785	-0.0997408	4.56768
3	8	0.0769231	0.205128	-0.0137757	-0.0274766	3.49202
3	9	0.0769231	0.230769	-0.027906	-0.155896	2.50815
3	10	0.0769231	0.25641	0.0534267	-0.0361509	6.38126
3	11	0.0769231	0.282051	-0.103297	-0.161286	-0.134262
3	12	0.0769231	0.307692	0.11372	-0.110902	8.61738
3	13	0.0769231	0.333333	-0.12805	-0.0989702	-0.523024
3	14	0.0769231	0.358974	0.0918883	-0.241232	7.3354
3	15	0.0769231	0.384615	-0.0358585	-0.0267794	3.54481
3	16	0.0769231	0.410256	-0.0611297	-0.345612	1.72783
3	17	0.0769231	0.435897	0.135631	-0.0417878	10.6415
3	18	0.0769231	0.461538	-0.269803	-0.310256	-4.63435
3	19	0.0769231	0.487179	0.258975	-0.18794	15.3797
3	20	0.0769231	0.512821	-0.32341	-0.127444	-5.29645
3	21	0.0769231	0.538462	0.19241	-0.411551	12.1911
3	22	0.0769231	0.564103	-0.111662	0.0309857	2.95045
3	23	0.0769231	0.589744	-0.143177	-0.537544	1.10935
3	24	0.0769231	0.615385	0.185169	0.012082	15.251
3	25	0.0769231	0.641026	-0.56154	-0.367399	-9.71707
3	26	0.0769231	0.666667	0.344973	-0.147366	21.8395
3	27	0.0769231	0.692308	-0.65904	0.0317677	-10.2493
3	28	0.0769231	0.717949	0.253064	-0.327666	16.04
3	29	0.0769231	0.74359	-0.311499	0.303806	0.761278
3	30	0.0769231	0.769231	-0.162236	-0.317131	1.72692
3	31	0.0769231	0.794872	0.11543	0.267933	13.0508
3	32	0.0769231	0.820513	-0.638864	0.045948	-7.67758
3	33	0.0769231	0.846154	0.320477	0.126956	14.8811
3	34	0.0769231	0.871795	-0.704948	0.495673	-3.87181
3	35	0.0769231	0.897436	0.303574	0.137212	5.45266
3	36	0.0769231	0.923077	-0.246386	0.534111	4.60328
3	37	0.0769231	0.948718	0.322919	0.305585	-1.36438
3	38	0.0769231	0.974359	0.493426	0.229962	4.13058
3	39	0.0769231	1	1	0	0
4	0	0.102564	0	0	0	3.29274
4	1	0.102564	0.025641	-0.00284463	-0.0198545	3.29274
4	2	0.102564	0.0512821	0.00163552	0.00183815	3.73481
4	3	0.102564	0.0769231	-0.0134446	-0.0590222	2.37728
4	4	0.102564	0.102564	0.0159111	-0.0155373	5.00913
4	5	0.102564	0.128205	-0.0299522	-0.0666198	1.25481
4	6	0.102564	0.153846	0.030902	-0.075942	5.68737
4	7	0.102564	0.179487	-0.0328969	-0.0333734	1.78822
4	8	0.102564	0.205128	0.0194649	-0.164581	3.96327
4	9	0.102564	0.230769	0.00248576	-0.00229389	5.14635
4	10	0.102564	0.25641	-0.0374909	-0.218817	-0.194973
4	11	0.102564	0.282051	0.07117	-0.0452041	9.77763
4	12	0.102564	0.307692	-0.106221	-0.171107	-3.6238
4	13	0.102564	0.333333	0.121222	-0.199344	11.367
4	14	0.102564	0.358974	-0.101141	-0.0369701	-1.48831
4	15	0.102564	0.384615	0.0681973	-0.403846	5.92472
4	16	0.102564	0.410256	0.0193065	0.0478713	7.87571
4	17	0.102564	0.435897	-0.124951	-0.48763	-5.21173
4	18	0.102564	0.461538	0.184483	-0.0608491	19.0567
4	19	0.102564	0.487179	-0.315815	-0.308203	-13.1579
4	20	0.102564	0.512821	0.267284	-0.380112	21.8913
4	21	0.102564	0.538462	-0.267037	0.0141093	-7.71728
4	22	0.102564	0.564103	0.102156	-0.737402	9.61554
4	23	0.102564	0.589744	0.00228535	0.148447	10.955
4	24	0.102564	0.615385	-0.35803	-0.777145	-11.7662
4	25	0.102564	0.641026	0.238179	-0.0319293	29.6821
4	26	0.102564	0.666667	-0.750238	-0.330049	-24.5577
4	27	0.102564	0.692308	0.325486	-0.407797	32.8124
4	28	0.102564	0.717949	-0.634937	0.249697	-15.7324
4	29	0.102564	0.74359	0.106621	-0.72769	14.5516
4	30	0.102564	0.769231	-0.15398	0.431927	8.18182
4	31	0.102564	0.794872	-0.504116	-0.561706	-11.3741
4	32	0.102564	0.820513	0.230653	0.224695	26.6695
4	33	0.102564	0.846154	-1.01697	0.115881	-21.9446
4	34	0.102564	0.871795	0.449049	-0.0235972	25.1511
4	35	0.102564	0.897436	-0.851613	0.66666	-11.2513
4	36	0.102564	0.923077	0.516154	-0.015703	8.85516
4	37	0.102564	0.948718	-0.0174147	0.515533	2.07317
4	38	0.102564	0.974359	0.673741	0.232858	0.866189
4	39	0.102564	1	1	0	0
5	0	0.128205	0	0	0	3.32033
5	1	0.128205	0.025641	0.000252302	0.00196496	3.32033
5	2	0.128205	0.0512821	0.00324405	-0.0444151	2.83684
5	3	0.128205	0.0769231	0.000176141	0.00186405	4.39045
5	4	0.128205	0.102564	2.89034e-05	-0.0776787	1.39044
5	5	0.128205	0.128205	0.0121667	-0.0341492	5.94629
5	6	0.128205	0.153846	-0.017053	-0.0622036	0.487299
5	7	0.128205	0.179487	0.0340966	-0.124018	5.83261
5	8	0.128205	0.205128	-0.029715	-0.0062398	2.46697
5	9	0.128205	0.230769	0.0349951	-0.227704	2.21493
5	10	0.128205	0.25641	-0.00671302	0.0159016	7.853
5	11	0.128205	0.282051	-0.0115108	-0.25079	-3.57673
5	12	0.128205	0.307692	0.0585464	-0.0877295	13.1338
5	13	0.128205	0.333333	-0.0724907	-0.127664	-6.03911
5	14	0.128205	0.358974	0.116382	-0.32999	11.9762
5	15	0.128205	0.384615	-0.0704839	0.0601981	0.681222
5	16	0.128205	0.410256	0.0672748	-0.565833	0.808888
5	17	0.128205	0.435897	0.0215147	0.0962254	15.5293
5	18	0.128205	0.461538	-0.114605	-0.542024	-14.4384
5	19	0.128205	0.487179	0.156969	-0.17345	27.7141
5	20	0.128205	0.512821	-0.248711	-0.177375	-19.0023
5	21	0.128205	0.538462	0.220841	-0.685028	23.2807
5	22	0.128205	0.564103	-0.161753	0.200245	-2.70981
5	23	0.128205	0.589744	-0.0025368	-1.06366	-1.47105
5	24	0.128205	0.615385	0.0133105	0.185527	25.9287
5	25	0.128205	0.641026	-0.478454	-0.845527	-29.5608
5	26	0.128205	0.666667	0.144799	-0.234596	45.1978
5	27	0.128205	0.692308	-0.714293	-0.108448	-35.4157
5	28	0.128205	0.717949	0.196585	-0.856715	36.643
5	29	0.128205	0.74359	-0.441696	0.468349	-10.6388
5	30	0.128205	0.769231	-0.143969	-1.1669	1.36248
5	31	0.128205	0.794872	-0.0643767	0.428138	25.161
5	32	0.128205	0.820513	-0.843802	-0.659451	-32.2814
5	33	0.128205	0.846154	0.201873	0.0529628	44.4232
5	34	0.128205	0.871795	-1.18395	0.306156	-37.1591
5	35	0.128205	0.897436	0.499862	-0.292949	34.4512
5	36	0.128205	0.923077	-0.631444	0.807243	-16.124
5	37	0.128205	0.948718	0.674767	-0.21227	9.72912
5	38	0.128205	0.974359	0.485456	0.454996	1.59906
5	39	0.128205	1	1	0	0
6	0	0.153846	0	0	0	3.1743
6	1	0.153846	0.025641	0.00625725	-0.017992	3.1743
6	2	0.153846	0.0512821	-0.00409141	0.000517896	3.52596
6	3	0.153846	0.0769231	0.0241589	-0.0637383	2.29904
6	4	0.153846	0.102564	-0.0132594	-0.00575714	4.96265
6	5	0.153846	0.128205	0.0232368	-0.0871329	0.680949
6	6	0.153846	0.153846	0.00814982	-0.0586752	6.41927
6	7	0.153846	0.179487	-0.0127116	-0.0514519	0.328535
6	8	0.153846	0.205128	0.0578019	-0.168675	5.30704
6	9	0.153846	0.230769	-0.0555425	0.0168071	3.73099
6	10	0.153846	0.25641	0.0854752	-0.268953	0.13502
6	11	0.153846	0.282051	-0.0480771	0.0142311	10.422
6	12	0.153846	0.307692	0.0448548	-0.243362	-6.1331
6	13	0.153846	0.333333	0.0392504	-0.157789	14.9199
6	14	0.153846	0.358974	-0.0423926	-0.0515368	-6.11542
6	15	0.153846	0.384615	0.146308	-0.460642	9.77466
6	16	0.153846	0.410256	-0.100248	0.146975	5.51318
6	17	0.153846	0.435897	0.140024	-0.655006	-6.26479
6	18	0.153846	0.461538	-0.062819	0.0808457	23.542
6	19	0.153846	0.487179	-0.00847313	-0.466862	-21.6163
6	20	0.153846	0.512821	0.0882138	-0.372346	32.1871
6	21	0.153846	0.538462	-0.136042	0.0334594	-18.1217
6	22	0.153846	0.564103	0.198788	-0.996072	16.7657
6	23	0.153846	0.589744	-0.164328	0.338667	9.3128
6	24	0.153846	0.615385	-0.0113599	-1.2072	-17.9118
6	25	0.153846	0.641026	-0.163611	0.106416	42.4038
6	26	0.153846	0.666667	-0.40375	-0.659969	-43.6821
6	27	0.153846	0.692308	-0.0471912	-0.580022	53.9275
6	28	0.153846	0.717949	-0.498101	0.211317	-34.5643
6	29	0.153846	0.74359	0.0384214	-1.34509	27.3553
6	30	0.153846	0.769231	-0.32041	0.580701	6.00149
6	31	0.153846	0.794872	-0.361279	-1.38876	-21.6715
6	32	0.153846	0.820513	-0.218671	0.305687	46.845
6	33	0.153846	0.846154	-0.968612	-0.497309	-53.0379
6	34	0.153846	0.871795	0.02056	-0.222474	59.3992
6	35	0.153846	0.897436	-0.96216	0.587931	-45.1875
6	36	0.153846	0.923077	0.482483	-0.620685	36.0548
6	37	0.153846	0.948718	-0.075233	0.846181	-13.4684
6	38	0.153846	0.974359	0.794945	-0.210111	5.65894
6	39	0.153846	1	1	0	0
7	0	0.179487	0	0	0	3.10152
7	1	0.179487	0.025641	0.00207901	-0.00807053	3.10152
7	2	0.179487	0.0512821	0.0270091	-0.0288895	3.08188
7	3	0.179487	0.0769231	-0.0210469	-0.00803406	3.49566
7	4	0.179487	0.102564	0.0555999	-0.0786085	2.13359
7	5	0.179487	0.128205	-0.0290238	-0.0128301	5.10452
7	6	0.179487	0.153846	0.0388648	-0.0985516	0.373894
7	7	0.179487	0.179487	0.0227592	-0.0746296	6.59352
7	8	0.179487	0.205128	-0.0363773	-0.0478766	0.276073
7	9	0.179487	0.230769	0.112953	-0.19647	4.91978
7	10	0.179487	0.25641	-0.113547	0.0289013	4.5293
7	11	0.179487	0.282051	0.160147	-0.286595	-1.08907
7	12	0.179487	0.307692	-0.0957654	0.000903042	11.7344
7	13	0.179487	0.333333	0.0937568	-0.217013	-7.0509
7	14	0.179487	0.358974	0.0578755	-0.222169	14.8385
7	15	0.179487	0.384615	-0.0720269	0.0183684	-4.49506
7	16	0.179487	0.410256	0.245969	-0.534352	6.38371
7	17	0.179487	0.435897	-0.223365	0.192868	10.3266
7	18	0.179487	0.461538	0.287079	-0.634611	-11.5909
7	19	0.179487	0.487179	-0.195319	0.0107712	28.0968
7	20	0.179487	0.512821	0.130392	-0.302344	-23.235
7	21	0.179487	0.538462	0.066884	-0.572588	30.0256
7	22	0.179487	0.564103	-0.121882	0.228869	-10.9582
7	23	0.179487	0.589744	0.283387	-1.1387	5.12978
7	24	0.179487	0.615385	-0.389954	0.390699	22.7495
7	25	0.179487	0.641026	0.129663	-1.06273	-31.1679
7	26	0.179487	0.666667	-0.482134	-0.0566619	52.5102
7	27	0.179487	0.692308	-0.174583	-0.294037	-46.2151
7	28	0.179487	0.717949	-0.212537	-0.943526	49.6562
7	29	0.179487	0.74359	-0.32552	0.488319	-21.1811
7	30	0.179487	0.769231	-0.0267568	-1.59063	6.67535
7	31	0.179487	0.794872	-0.50574	0.585915	27.6752
7	32	0.179487	0.820513	-0.390676	-1.22125	-44.0466
7	33	0.179487	0.846154	-0.62719	0.126886	64.3129
7	34	0.179487	0.871795	-0.75637	-0.11107	-62.8881
7	35	0.179487	0.897436	-0.218234	-0.541886	63.1201
7	36	0.179487	0.923077	-0.412687	0.844832	-39.9414
7	37	0.179487	0.948718	0.472515	-0.794757	25.8526
7	38	0.179487	0.974359	0.53456	0.686791	-4.10259
7	39	0.179487	1	1	0	0
8	0	0.205128	0	0	0	3.12449
8	1	0.205128	0.025641	0.0141589	0.000441882	3.12449
8	2	0.205128	0.0512821	-0.00787617	-0.0269372	2.66554
8	3	0.205128	0.0769231	0.0584273	-0.0361181	3.5255
8	4	0.205128	0.102564	-0.0423174	-0.0130062	2.91193
8	5	0.205128	0.128205	0.0815364	-0.102358	2.37978
8	6	0.205128	0.153846	-0.0296511	-0.00520853	5.10009
8	7	0.205128	0.179487	0.0308728	-0.124181	-0.131189
8	8	0.205128	0.205128	0.0635107	-0.0742778	7.29801
8	9	0.205128	0.230769	-0.0880691	-0.0534648	-0.626937
8	10	0.205128	0.25641	0.185053	-0.212782	5.60468
8	11	0.205128	0.282051	-0.177195	0.0409187	4.10683
8	12	0.205128	0.307692	0.224419	-0.303348	-1.06926
8	13	0.205128	0.333333	-0.107067	0.000595137	11.8856
8	14	0.205128	0.358974	0.0906651	-0.206416	-7.17468
8	15	0.205128	0.384615	0.13989	-0.244087	14.4439
8	16	0.205128	0.410256	-0.18826	0.0549763	-3.55432
8	17	0.205128	0.435897	0.397837	-0.530199	4.82001
8	18	0.205128	0.461538	-0.40237	0.202927	11.9976
8	19	0.205128	0.487179	0.444874	-0.548311	-12.423
8	20	0.205128	0.512821	-0.276284	-0.0562643	27.3632
8	21	0.205128	0.538462	0.184723	-0.150354	-19.8465
8	22	0.205128	0.564103	0.169869	-0.644656	23.6298
8	23	0.205128	0.589744	-0.329527	0.337412	-2.89505
8	24	0.205128	0.615385	0.475589	-1.01375	-3.75203
8	25	0.205128	0.641026	-0.814747	0.372069	29.8166
8	26	0.205128	0.666667	0.359236	-0.718806	-33.5201
8	27	0.205128	0.692308	-0.771048	-0.218512	50.3079
8	28	0.205128	0.717949	0.0333393	0.0650933	-36.4246
8	29	0.205128	0.74359	-0.202366	-1.10148	33.5466
8	30	0.205128	0.769231	-0.453283	0.638126	-2.67022
8	31	0.205128	0.794872	0.0802408	-1.38764	-13.8306
8	32	0.205128	0.820513	-1.0582	0.532566	43.6225
8	33	0.205128	0.846154	-0.186796	-0.734033	-53.0152
8	34	0.205128	0.871795	-1.13354	-0.0516197	68.0139
8	35	0.205128	0.897436	-0.28476	0.323696	-55.941
8	36	0.205128	0.923077	-0.344456	-0.755866	50.5408
8	37	0.205128	0.948718	0.199321	0.904668	-23.4878
8	38	0.205128	0.974359	0.623995	-0.505521	9.78327
8	39	0.205128	1	1	0	0
9	0	0.230769	0	0	0	2.78922
9	1	0.230769	0.025641	0.00624954	-0.0302025	2.78922
9	2	0.230769	0.0512821	0.0384882	0.00924333	3.77447
9	3	0.230769	0.0769231	-0.0232582	-0.0444631	1.5067
9	4	0.230769	0.102564	0.0855675	-0.055031	4.53758
9	5	0.230769	0.128205	-0.0516915	0.00126693	2.11566
9	6	0.230769	0.153846	0.0886584	-0.14702	2.37206
9	7	0.230769	0.179487	-0.00925908	0.0215578	5.81395
9	8	0.230769	0.205128	0.00194108	-0.162063	-1.74396
9	9	0.230769	0.230769	0.114124	-0.0684821	9.29688
9	10	0.230769	0.25641	-0.141869	-0.0532195	-2.85711
9	11	0.230769	0.282051	0.242919	-0.241858	7.40914
9	12	0.230769	0.307692	-0.206722	0.073393	2.92216
9	13	0.230769	0.333333	0.246301	-0.349321	-0.852957
9	14	0.230769	0.358974	-0.0609818	0.0331404	12.4492
9	15	0.230769	0.384615	0.0198743	-0.232245	-8.60532
9	16	0.230769	0.410256	0.258283	-0.220317	16.1365
9	17	0.230769	0.435897	-0.354925	0.0628145	-5.68
9	18	0.230769	0.461538	0.536544	-0.497134	6.99339
9	19	0.230769	0.487179	-0.533393	0.215933	9.52542
9	20	0.230769	0.512821	0.526043	-0.500557	-9.61539
9	21	0.230769	0.538462	-0.214653	-0.0436862	23.7555
9	22	0.230769	0.564103	0.0537841	-0.106992	-16.3579
9	23	0.230769	0.589744	0.369659	-0.526726	19.8033
9	24	0.230769	0.615385	-0.75488	0.339263	-1.19969
9	25	0.230769	0.641026	0.668305	-0.731701	-2.79812
9	26	0.230769	0.666667	-1.23279	0.332799	25.3409
9	27	0.230769	0.692308	0.541571	-0.418445	-24.5921
9	28	0.230769	0.717949	-0.803851	-0.249317	37.1887
9	29	0.230769	0.74359	-7.79131e-05	0.235178	-21.9081
9	30	0.230769	0.769231	0.0282118	-0.885094	16.7924
9	31	0.230769	0.794872	-1.0052	0.629329	9.06063
9	32	0.230769	0.820513	0.285437	-0.842645	-20.0539
9	33	0.230769	0.846154	-1.78558	0.453402	43.4963
9	34	0.230769	0.871795	0.145613	-0.214304	-43.4513
9	35	0.230769	0.897436	-1.43939	-0.153415	53.414
9	36	0.230769	0.923077	0.236919	0.580157	-35.9401
9	37	0.230769	0.948718	-0.149617	-0.663634	26.8069
9	38	0.230769	0.974359	0.669747	0.650447	-5.86857
9	39	0.230769	1	1	0	0
10	0	0.25641	0	0	0	3.06178
10	1	0.25641	0.025641	0.0168762	0.0227886	3.06178
10	2	0.25641	0.0512821	0.0053028	-0.0648765	1.63046
10	3	0.25641	0.0769231	0.0585684	0.00796931	5.17477
10	4	0.25641	0.102564	-0.029008	-0.0417982	-0.0576694
10	5	0.25641	0.128205	0.0966317	-0.0982765	5.43584
10	6	0.25641	0.153846	-0.0439113	0.0389001	2.00381
10	7	0.25641	0.179487	0.081562	-0.207891	1.2125
10	8	0.25641	0.205128	0.015589	0.0534673	7.92333
10	9	0.25641	0.230769	-0.023671	-0.192486	-4.77088
10	10	0.25641	0.25641	0.146166	-0.0812283	12.4067
10	11	0.25641	0.282051	-0.163228	-0.025932	-5.68685
10	12	0.25641	0.307692	0.265323	-0.307522	9.13126
10	13	0.25641	0.333333	-0.185072	0.137234	2.6045
10	14	0.25641	0.358974	0.223054	-0.435057	-2.32977
10	15	0.25641	0.384615	0.0131094	0.0901602	15.3564
10	16	0.25641	0.410256	-0.0835724	-0.28151	-13.0678
10	17	0.25641	0.435897	0.348655	-0.197619	21.0687
10	18	0.25641	0.461538	-0.477894	0.0780943	-11.0536
10	19	0.25641	0.487179	0.601111	-0.528394	11.6897
10	20	0.25641	0.512821	-0.516793	0.279164	5.67138
10	21	0.25641	0.538462	0.472677	-0.583685	-7.651
10	22	0.25641	0.564103	-0.0335501	0.069174	23.1586
10	23	0.25641	0.589744	-0.263324	-0.20133	-19.089
10	24	0.25641	0.615385	0.520872	-0.333541	24.5363
10	25	0.25641	0.641026	-1.19204	0.279258	-9.84771
10	26	0.25641	0.666667	0.747963	-0.561539	7.87201
10	27	0.25641	0.692308	-1.34228	0.35254	12.0944
10	28	0.25641	0.717949	0.543242	-0.394052	-12.1993
10	29	0.25641	0.74359	-0.49846	-0.069253	24.073
10	30	0.25641	0.769231	-0.42265	0.117988	-14.687
10	31	0.25641	0.794872	0.2832	-0.424878	13.6245
10	32	0.25641	0.820513	-1.79035	0.479197	3.59791
10	33	0.25641	0.846154	0.418565	-0.356297	-7.46698
10	34	0.25641	0.871795	-2.25335	0.404901	24.7231
10	35	0.25641	0.897436	0.475934	0.0427714	-21.5639
10	36	0.25641	0.923077	-1.23322	-0.0878125	27.1606
10	37	0.25641	0.948718	0.63367	0.49879	-13.9252
10	38	0.25641	0.974359	0.408613	-0.236049	7.1585
10	39	0.25641	1	1	0	0
11	0	0.282051	0	0	0	2.51509
11	1	0.282051	0.025641	0.0149558	-0.0457176	2.51509
11	2	0.282051	0.0512821	0.0296365	0.0409933	4.18203
11	3	0.282051	0.0769231	0.0120768	-0.0825614	-0.13061
11	4	0.282051	0.102564	0.0626991	-0.0174349	6.68279
11	5	0.282051	0.128205	-0.0200185	-0.0128009	-1.12587
11	6	0.282051	0.153846	0.0970725	-0.160039	5.31914
11	7	0.282051	0.179487	-0.034865	0.0847889	3.23195
11	8	0.282051	0.205128	0.0825413	-0.261807	-1.33683
11	9	0.282051	0.230769	0.0182921	0.0673696	11.1214
11	10	0.282051	0.25641	-0.0181105	-0.191741	-8.3435
11	11	0.282051	0.282051	0.14536	-0.129637	15.345
11	12	0.282051	0.307692	-0.140799	0.036478	-7.47393
11	13	0.282051	0.333333	0.260805	-0.409909	9.05655
11	14	0.282051	0.358974	-0.141704	0.219434	4.73271
11	15	0.282051	0.384615	0.189639	-0.535732	-6.71872
11	16	0.282051	0.410256	0.0534565	0.133696	21.1469
11	17	0.282051	0.435897	-0.145458	-0.310054	-20.134
11	18	0.282051	0.461538	0.36597	-0.243099	27.7535
11	19	0.282051	0.487179	-0.471005	0.145099	-16.6729
11	20	0.282051	0.512821	0.578198	-0.690594	14.8419
11	21	0.282051	0.538462	-0.364479	0.399359	5.64128
11	22	0.282051	0.564103	0.299247	-0.800515	-11.8613
11	23	0.282051	0.589744	0.107385	0.190212	30.2693
11	24	0.282051	0.615385	-0.601982	-0.353648	-30.7616
11	25	0.282051	0.641026	0.50591	-0.286617	37.294
11	26	0.282051	0.666667	-1.33594	0.261336	-24.6111
11	27	0.282051	0.692308	0.686812	-0.713325	20.4316
11	28	0.282051	0.717949	-1.02004	0.471799	1.41544
11	29	0.282051	0.74359	0.26921	-0.717807	-8.01253
11	30	0.282051	0.769231	-0.12397	0.193015	24.1716
11	31	0.282051	0.794872	-1.09679	-0.206615	-24.2961
11	32	0.282051	0.820513	0.282329	-0.119042	28.1004
11	33	0.282051	0.846154	-2.30385	0.322622	-18.8951
11	34	0.282051	0.871795	0.442092	-0.238508	15.6837
11	35	0.282051	0.897436	-2.07362	0.456468	-2.41115
11	36	0.282051	0.923077	0.721379	-0.0767768	0.349147
11	37	0.282051	0.948718	-0.472882	0.134541	5.09946
11	38	0.282051	0.974359	0.85195	0.170799	-1.24911
11	39	0.282051	1	1	0	0
12	0	0.307692	0	0	0	2.85303
12	1	0.307692	0.025641	0.0152113	0.0286253	2.85303
12	2	0.307692	0.0512821	0.0342885	-0.079084	1.23387
12	3	0.307692	0.0769231	0.0250073	0.0373344	5.61528
12	4	0.307692	0.102564	0.032165	-0.073732	-1.63322
12	5	0.307692	0.128205	0.0559941	-0.0618119	7.39934
12	6	0.307692	0.153846	-0.0109011	0.0277951	-1.02627
12	7	0.307692	0.179487	0.107668	-0.216095	3.94651
12	8	0.307692	0.205128	-0.0495834	0.115852	5.46205
12	9	0.307692	0.230769	0.11314	-0.283733	-4.38371
12	10	0.307692	0.25641	-0.0121604	0.0506563	14.1141
12	11	0.307692	0.282051	0.0232968	-0.153168	-10.8775
12	12	0.307692	0.307692	0.127504	-0.206501	16.5669
12	13	0.307692	0.333333	-0.103737	0.118658	-6.93154
12	14	0.307692	0.358974	0.265299	-0.517007	6.33799
12	15	0.307692	0.384615	-0.134317	0.289556	9.37569
12	16	0.307692	0.410256	0.199622	-0.601134	-13.2175
12	17	0.307692	0.435897	0.0200238	0.123705	28.1304
12	18	0.307692	0.461538	-0.107212	-0.271298	-26.8554
12	19	0.307692	0.487179	0.322718	-0.390384	32.6256
12	20	0.307692	0.512821	-0.344554	0.276324	-18.0871
12	21	0.307692	0.538462	0.509953	-0.95732	12.0645
12	22	0.307692	0.564103	-0.227427	0.517942	12.8407
12	23	0.307692	0.589744	0.12101	-1.02718	-23.9612
12	24	0.307692	0.615385	0.0607314	0.188211	43.9736
12	25	0.307692	0.641026	-0.723614	-0.410657	-46.4984
12	26	0.307692	0.666667	0.350299	-0.51066	50.8369
12	27	0.307692	0.692308	-1.06952	0.360799	-34.3241
12	28	0.307692	0.717949	0.49894	-1.18225	23.9547
12	29	0.307692	0.74359	-0.550539	0.605879	4.68724
12	30	0.307692	0.769231	-0.200809	-1.18247	-20.2352
12	31	0.307692	0.794872	-0.0959985	0.280312	40.2311
12	32	0.307692	0.820513	-1.57164	-0.458353	-48.0575
12	33	0.307692	0.846154	0.0218103	-0.168917	51.1061
12	34	0.307692	0.871795	-2.17323	0.308097	-44.7381
12	35	0.307692	0.897436	0.413587	-0.496891	36.1543
12	36	0.307692	0.923077	-1.24115	0.605576	-20.9082
12	37	0.307692	0.948718	0.811319	-0.432061	10.4745
12	38	0.307692	0.974359	0.430249	0.274459	-1.56544
12	39	0.307692	1	1	0	0
13	0	0.333333	0	0	0	2.38102
13	1	0.333333	0.025641	0.0247201	-0.0369965	2.38102
13	2	0.333333	0.0512821	0.0110411	0.0384129	3.6451
13	3	0.333333	0.0769231	0.0655752	-0.0880832	0.00730973
13	4	0.333333	0.102564	0.00657798	0.0151315	6.47821
13	5	0.333333	0.128205	0.0526652	-0.0517515	-2.1791
13	6	0.333333	0.153846	0.0583727	-0.101956	7.04463
13	7	0.333333	0.179487	-0.024764	0.0562695	-0.0594332
13	8	0.333333	0.205128	0.145792	-0.242289	2.15362
13	9	0.333333	0.230769	-0.0977489	0.120787	7.44796
13	10	0.333333	0.25641	0.171976	-0.269332	-6.45711
13	11	0.333333	0.282051	-0.0566168	0.0136366	15.5277
13	12	0.333333	0.307692	0.071981	-0.0956879	-11.3384
13	13	0.333333	0.333333	0.129945	-0.279662	15.5177
13	14	0.333333	0.358974	-0.103117	0.191801	-4.32665
13	15	0.333333	0.384615	0.316708	-0.581463	1.97996
13	16	0.333333	0.410256	-0.200787	0.322439	14.7054
13	17	0.333333	0.435897	0.28249	-0.590608	-19.0983
13	18	0.333333	0.461538	-0.0687873	0.0500686	33.2191
13	19	0.333333	0.487179	0.0151982	-0.154089	-29.6446
13	20	0.333333	0.512821	0.281128	-0.600893	32.2624
13	21	0.333333	0.538462	-0.22275	0.433971	-13.0323
13	22	0.333333	0.564103	0.480785	-1.1916	2.34672
13	23	0.333333	0.589744	-0.272372	0.565742	25.4232
13	24	0.333333	0.615385	0.0865876	-1.08589	-39.0076
13	25	0.333333	0.641026	-0.168693	0.0223291	57.6276
13	26	0.333333	0.666667	-0.539616	-0.271555	-56.2507
13	27	0.333333	0.692308	0.153885	-0.944871	55.569
13	28	0.333333	0.717949	-0.626961	0.542742	-29.8707
13	29	0.333333	0.74359	0.257729	-1.68827	11.4472
13	30	0.333333	0.769231	-0.413981	0.633966	22.3629
13	31	0.333333	0.794872	-0.557891	-1.39561	-44.3189
13	32	0.333333	0.820513	-0.489279	0.145402	62.476
13	33	0.333333	0.846154	-1.53915	-0.431337	-70.5904
13	34	0.333333	0.871795	-0.32936	-0.472998	69.2646
13	35	0.333333	0.897436	-1.45104	0.46058	-57.2944
13	36	0.333333	0.923077	0.347012	-0.936245	41.9774
13	37	0.333333	0.948718	-0.197122	0.700397	-20.7754
13	38	0.333333	0.974359	0.830713	-0.551415	5.76424
13	39	0.333333	1	1	0	0
14	0	0.358974	0	0	0	2.46169
14	1	0.358974	0.025641	0.0131994	0.00939607	2.46169
14	2	0.358974	0.0512821	0.0594617	-0.0513145	1.80863
14	3	0.358974	0.0769231	-0.0113295	0.0297099	4.04005
14	4	0.358974	0.102564	0.0982013	-0.0840556	-0.443553
14	5	0.358974	0.128205	-0.0064079	-0.00425242	6.44023
14	6	0.358974	0.153846	0.052677	-0.0408413	-1.99329
14	7	0.358974	0.179487	0.0858835	-0.115901	6.36218
14	8	0.358974	0.205128	-0.0704354	0.0607631	0.619064
14	9	0.358974	0.230769	0.206151	-0.237169	1.27049
14	10	0.358974	0.25641	-0.159588	0.110233	7.98546
14	11	0.358974	0.282051	0.231113	-0.241641	-6.73615
14	12	0.358974	0.307692	-0.076423	-0.0153139	15.0583
14	13	0.358974	0.333333	0.0854376	-0.0503435	-10.2164
14	14	0.358974	0.358974	0.182083	-0.312127	13.3136
14	15	0.358974	0.384615	-0.171313	0.234395	-1.51609
14	16	0.358974	0.410256	0.420889	-0.576096	-1.57352
14	17	0.358974	0.435897	-0.323923	0.316071	18.0577
14	18	0.358974	0.461538	0.412116	-0.507334	-21.5672
14	19	0.358974	0.487179	-0.143443	-0.0527887	33.8996
14	20	0.358974	0.512821	0.128853	0.00314355	-27.1517
14	21	0.358974	0.538462	0.315725	-0.763404	26.1937
14	22	0.358974	0.564103	-0.256151	0.560784	-3.78915
14	23	0.358974	0.589744	0.558969	-1.22699	-9.72628
14	24	0.358974	0.615385	-0.540997	0.528375	37.0702
14	25	0.358974	0.641026	0.238956	-0.893926	-48.1547
14	26	0.358974	0.666667	-0.456493	-0.238857	63.0202
14	27	0.358974	0.692308	-0.202196	0.0275959	-52.9162
14	28	0.358974	0.717949	0.0323849	-1.34747	45.5386
14	29	0.358974	0.74359	-0.421414	0.710465	-12.56
14	30	0.358974	0.769231	0.121171	-1.81621	-11.9607
14	31	0.358974	0.794872	-0.797715	0.566364	43.7807
14	32	0.358974	0.820513	-0.588309	-1.16768	-64.0772
14	33	0.358974	0.846154	-1.09688	-0.0832538	77.5023
14	34	0.358974	0.871795	-1.05521	-0.149919	-76.9919
14	35	0.358974	0.897436	-0.622122	-0.849767	71.1378
14	36	0.358974	0.923077	-0.516996	0.658566	-49.4295
14	37	0.358974	0.948718	0.327856	-1.15976	28.9604
14	38	0.358974	0.974359	0.563469	0.506064	-8.47354
14	39	0.358974	1	1	0	0
15	0	0.384615	0	0	0	2.35493
15	1	0.384615	0.025641	0.0294126	-0.00666107	2.35493
15	2	0.384615	0.0512821	0.00204155	-0.000659803	2.26614
15	3	0.384615	0.0769231	0.0965971	-0.0530475	1.89362
15	4	0.384615	0.102564	-0.0336981	0.0225522	3.64449
15	5	0.384615	0.128205	0.113388	-0.0911672	-0.253177
15	6	0.384615	0.153846	0.0028203	-0.000624332	6.14951
15	7	0.384615	0.179487	0.0242026	-0.0535788	-2.12594
15	8	0.384615	0.205128	0.132383	-0.104447	6.5464
15	9	0.384615	0.230769	-0.129377	0.0519011	-0.0421934
15	10	0.384615	0.25641	0.261508	-0.226232	1.94591
15	11	0.384615	0.282051	-0.196638	0.10948	6.98633
15	12	0.384615	0.307692	0.256551	-0.233475	-5.85722
15	13	0.384615	0.333333	-0.0448935	-0.0103159	13.9144
15	14	0.384615	0.358974	0.0401507	-0.0374101	-9.31117
15	15	0.384615	0.384615	0.275847	-0.292117	12.108
15	16	0.384615	0.410256	-0.291606	0.245913	-0.73407
15	17	0.384615	0.435897	0.540325	-0.519999	-2.20341
15	18	0.384615	0.461538	-0.434048	0.295088	17.7443
15	19	0.384615	0.487179	0.519102	-0.401581	-19.9872
15	20	0.384615	0.512821	-0.126803	-0.114311	30.287
15	21	0.384615	0.538462	0.122218	0.134852	-21.6989
15	22	0.384615	0.564103	0.45172	-0.757857	18.3441
15	23	0.384615	0.589744	-0.509647	0.619003	3.86105
15	24	0.384615	0.615385	0.721795	-1.01286	-16.5047
15	25	0.384615	0.641026	-0.923162	0.440684	40.6981
15	26	0.384615	0.666667	0.475253	-0.539628	-45.6822
15	27	0.384615	0.692308	-0.627863	-0.445461	55.3952
15	28	0.384615	0.717949	0.00642125	0.341712	-38.365
15	29	0.384615	0.74359	0.083212	-1.39203	25.0932
15	30	0.384615	0.769231	-0.708068	0.800445	6.83936
15	31	0.384615	0.794872	0.1583	-1.40102	-30.1518
15	32	0.384615	0.820513	-1.54201	0.461056	55.3579
15	33	0.384615	0.846154	-0.339887	-0.656605	-65.8411
15	34	0.384615	0.871795	-1.63887	-0.292403	74.826
15	35	0.384615	0.897436	-0.382285	0.201353	-63.4833
15	36	0.384615	0.923077	-0.678122	-1.06205	52.8288
15	37	0.384615	0.948718	0.230293	0.691678	-28.0513
15	38	0.384615	0.974359	0.547724	-0.811419	8.45116
15	39	0.384615	1	1	0	0
16	0	0.410256	0	0	0	2.00514
16	1	0.410256	0.025641	0.0149618	-0.0225569	2.00514
16	2	0.410256	0.0512821	0.0626018	0.000483943	2.83796
16	3	0.410256	0.0769231	-0.0159292	-0.0109794	1.31495
16	4	0.410256	0.102564	0.119194	-0.065984	2.60396
16	5	0.410256	0.128205	-0.0380174	0.0369642	3.01316
16	6	0.410256	0.153846	0.103742	-0.122405	-0.372892
16	7	0.410256	0.179487	0.0299066	0.024519	6.69713
16	8	0.410256	0.205128	-0.0164428	-0.0786356	-3.51806
16	9	0.410256	0.230769	0.171747	-0.0931155	8.12408
16	10	0.410256	0.25641	-0.165983	0.0548387	-1.97712
16	11	0.410256	0.282051	0.284491	-0.241199	3.45559
16	12	0.410256	0.307692	-0.183262	0.138108	5.74019
16	13	0.410256	0.333333	0.234717	-0.261328	-5.54119
16	14	0.410256	0.358974	0.0247552	0.0291626	14.0092
16	15	0.410256	0.384615	-0.0461797	-0.0523245	-10.4494
16	16	0.410256	0.410256	0.366202	-0.247576	13.4468
16	17	0.410256	0.435897	-0.399628	0.247657	-2.93981
16	18	0.410256	0.461538	0.620023	-0.469458	0.160395
16	19	0.410256	0.487179	-0.451905	0.300749	14.5302
16	20	0.410256	0.512821	0.533378	-0.340809	-16.635
16	21	0.410256	0.538462	0.000169686	-0.0699966	25.804
16	22	0.410256	0.564103	-0.0604186	0.184286	-18.1496
16	23	0.410256	0.589744	0.618969	-0.567261	14.9
16	24	0.410256	0.615385	-0.896783	0.601669	4.06807
16	25	0.410256	0.641026	0.865546	-0.686294	-13.3111
16	26	0.410256	0.666667	-1.1951	0.373337	33.051
16	27	0.410256	0.692308	0.625854	-0.229338	-33.6615
16	28	0.410256	0.717949	-0.537455	-0.413441	38.6212
16	29	0.410256	0.74359	-0.150749	0.504108	-22.3683
16	30	0.410256	0.769231	0.266756	-0.949881	8.75465
16	31	0.410256	0.794872	-1.42992	0.755569	15.0404
16	32	0.410256	0.820513	0.259626	-0.725512	-29.7409
16	33	0.410256	0.846154	-2.26665	0.347784	47.6526
16	34	0.410256	0.871795	0.0232458	-0.194254	-48.6324
16	35	0.410256	0.897436	-1.79703	-0.38681	52.7398
16	36	0.410256	0.923077	0.218751	0.387315	-38.0242
16	37	0.410256	0.948718	-0.324267	-0.887728	24.3407
16	38	0.410256	0.974359	0.686976	0.383231	-8.19834
16	39	0.410256	1	1	0	0
17	0	0.435897	0	0	0	2.29361
17	1	0.435897	0.025641	0.0271847	0.0237058	2.29361
17	2	0.435897	0.0512821	0.0141133	-0.0484511	0.874821
17	3	0.435897	0.0769231	0.0837562	-0.00269895	4.01202
17	4	0.435897	0.102564	-0.0215933	5.85516e-05	0.0534878
17	5	0.435897	0.128205	0.119833	-0.10372	3.07974
17	6	0.435897	0.153846	-0.0254902	0.0725692	3.17151
17	7	0.435897	0.179487	0.0832474	-0.165789	-1.68816
17	8	0.435897	0.205128	0.0506522	0.0471344	8.54839
17	9	0.435897	0.230769	-0.0385053	-0.0890149	-6.03561
17	10	0.435897	0.25641	0.180356	-0.110341	10.3377
17	11	0.435897	0.282051	-0.157066	0.08799	-3.86016
17	12	0.435897	0.307692	0.270035	-0.292968	4.15885
17	13	0.435897	0.333333	-0.13334	0.191653	5.97765
17	14	0.435897	0.358974	0.185587	-0.311665	-7.29711
17	15	0.435897	0.384615	0.0848057	0.0741332	16.4229
17	16	0.435897	0.410256	-0.119079	-0.0677228	-14.0211
17	17	0.435897	0.435897	0.405973	-0.228153	16.9532
17	18	0.435897	0.461538	-0.424262	0.271374	-6.83145
17	19	0.435897	0.487179	0.624399	-0.480342	3.2625
17	20	0.435897	0.512821	-0.355354	0.363984	11.6105
17	21	0.435897	0.538462	0.427316	-0.369227	-15.4828
17	22	0.435897	0.564103	0.156954	0.0723123	25.2027
17	23	0.435897	0.589744	-0.355089	0.137846	-20.9071
17	24	0.435897	0.615385	0.696352	-0.331546	19.4236
17	25	0.435897	0.641026	-1.18744	0.550474	-4.78657
17	26	0.435897	0.666667	0.897145	-0.482305	-2.4188
17	27	0.435897	0.692308	-1.14114	0.41811	18.7451
17	28	0.435897	0.717949	0.539555	-0.163046	-20.8678
17	29	0.435897	0.74359	-0.22693	-0.0852991	25.2735
17	30	0.435897	0.769231	-0.707212	0.397195	-17.0542
17	31	0.435897	0.794872	0.362861	-0.332498	9.46789
17	32	0.435897	0.820513	-2.17757	0.574389	3.94311
17	33	0.435897	0.846154	0.30846	-0.264288	-11.297
17	34	0.435897	0.871795	-2.50905	0.276755	22.4006
17	35	0.435897	0.897436	0.372316	-0.0303295	-22.2
17	36	0.435897	0.923077	-1.35896	-0.285108	22.2138
17	37	0.435897	0.948718	0.609952	0.258076	-13.9368
17	38	0.435897	0.974359	0.367805	-0.423552	3.83108
17	39	0.435897	1	1	0	0
18	0	0.461538	0	0	0	1.65211
18	1	0.461538	0.025641	0.021324	-0.0434211	1.65211
18	2	0.461538	0.0512821	0.0444996	0.0396925	3.3984
18	3	0.461538	0.0769231	0.0185602	-0.0537758	-0.733892
18	4	0.461538	0.102564	0.0845935	-0.0312007	5.11484
18	5	0.461538	0.128205	-0.0127716	0.0347923	-0.537281
18	6	0.461538	0.153846	0.110358	-0.154811	2.44676
18	7	0.461538	0.179487	-0.0173374	0.107133	4.5878
18	8	0.461538	0.205128	0.0776992	-0.192728	-4.08532
18	9	0.461538	0.230769	0.0429242	0.0418564	10.9656
18	10	0.461538	0.25641	-0.0228672	-0.0652156	-8.38361
18	11	0.461538	0.282051	0.158086	-0.162188	11.6348
18	12	0.461538	0.307692	-0.115729	0.145519	-4.1105
18	13	0.461538	0.333333	0.24117	-0.360566	2.76925
18	14	0.461538	0.358974	-0.0934251	0.243056	8.42457
18	15	0.461538	0.384615	0.153194	-0.348587	-11.1387
18	16	0.461538	0.410256	0.0912186	0.087511	20.4272
18	17	0.461538	0.435897	-0.124099	-0.0510197	-18.4164
18	18	0.461538	0.461538	0.381001	-0.269224	20.4179
18	19	0.461538	0.487179	-0.347904	0.337374	-9.44316
18	20	0.461538	0.512821	0.558301	-0.56979	3.83301
18	21	0.461538	0.538462	-0.21826	0.471761	12.5464
18	22	0.461538	0.564103	0.252505	-0.471165	-19.6218
18	23	0.461538	0.589744	0.212646	0.210859	30.7684
18	24	0.461538	0.615385	-0.576841	0.0549283	-30.2498
18	25	0.461538	0.641026	0.624178	-0.244731	29.5906
18	26	0.461538	0.666667	-1.15947	0.550649	-17.2272
18	27	0.461538	0.692308	0.778543	-0.563137	8.14798
18	28	0.461538	0.717949	-0.772667	0.599021	9.08956
18	29	0.461538	0.74359	0.169763	-0.403448	-17.9909
18	30	0.461538	0.769231	-0.00578918	0.29757	26.7666
18	31	0.461538	0.794872	-1.33486	0.0944239	-28.9229
18	32	0.461538	0.820513	0.217863	-0.015388	26.4108
18	33	0.461538	0.846154	-2.42298	0.390449	-21.3321
18	34	0.461538	0.871795	0.311273	-0.226383	13.8353
18	35	0.461538	0.897436	-2.03975	0.307538	-6.49872
18	36	0.461538	0.923077	0.608162	-0.213756	0.512944
18	37	0.461538	0.948718	-0.445525	-0.0292977	0.664704
18	38	0.461538	0.974359	0.809663	-0.0882214	-2.33524
18	39	0.461538	1	1	0	0
19	0	0.487179	0	0	0	2.06572
19	1	0.487179	0.025641	0.0215557	0.0330772	2.06572
19	2	0.487179	0.0512821	0.0398738	-0.0688536	0.308018
19	3	0.487179	0.0769231	0.0417486	0.0304757	4.67886
19	4	0.487179	0.102564	0.0337981	-0.0323338	-1.89042
19	5	0.487179	0.128205	0.0747706	-0.0756939	5.26194
19	6	0.487179	0.153846	-0.00688787	0.0728822	0.0686716
19	7	0.487179	0.179487	0.112952	-0.190778	0.729607
19	8	0.487179	0.205128	-0.0347554	0.116475	6.59997
19	9	0.487179	0.230769	0.101965	-0.182725	-6.36338
19	10	0.487179	0.25641	0.00780415	0.00475197	12.4954
19	11	0.487179	0.282051	0.0182764	-0.0138568	-9.10971
19	12	0.487179	0.307692	0.130334	-0.224922	10.8877
19	13	0.487179	0.333333	-0.084103	0.200679	-2.24199
19	14	0.487179	0.358974	0.234364	-0.404196	-0.514758
19	15	0.487179	0.384615	-0.10538	0.26388	12.0993
19	16	0.487179	0.410256	0.173797	-0.339322	-15.334
19	17	0.487179	0.435897	0.038283	0.0519724	23.8725
19	18	0.487179	0.461538	-0.0535606	0.0120675	-20.997
19	19	0.487179	0.487179	0.318723	-0.365633	21.1686
19	20	0.487179	0.512821	-0.234312	0.435055	-8.22616
19	21	0.487179	0.538462	0.473294	-0.694059	-0.199412
19	22	0.487179	0.564103	-0.166428	0.564623	18.3554
19	23	0.487179	0.589744	0.132658	-0.560795	-28.4275
19	24	0.487179	0.615385	0.101721	0.231123	40.0201
19	25	0.487179	0.641026	-0.557016	0.0410324	-40.7011
19	26	0.487179	0.666667	0.437399	-0.395966	38.3995
19	27	0.487179	0.692308	-0.822819	0.652249	-23.4353
19	28	0.487179	0.717949	0.527061	-0.895037	9.15294
19	29	0.487179	0.74359	-0.429226	0.783708	12.9009
19	30	0.487179	0.769231	-0.277139	-0.746961	-29.8949
19	31	0.487179	0.794872	-0.148098	0.421016	41.859
19	32	0.487179	0.820513	-1.56283	-0.138869	-50.7909
19	33	0.487179	0.846154	-0.0863362	-0.102658	47.8192
19	34	0.487179	0.871795	-1.98426	0.333441	-44.7723
19	35	0.487179	0.897436	0.273707	-0.520921	32.5892
19	36	0.487179	0.923077	-1.04538	0.427354	-22.5966
19	37	0.487179	0.948718	0.682413	-0.551229	9.13083
19	38	0.487179	0.974359	0.460136	0.0813128	-4.08082
19	39	0.487179	1	1	0	0
20	0	0.512821	0	0	0	1.47753
20	1	0.512821	0.025641	0.0281441	-0.0381032	1.47753
20	2	0.512821	0.0512821	0.0213007	0.0423692	2.94638
20	3	0.512821	0.0769231	0.0651111	-0.0660564	-0.883249
20	4	0.512821	0.102564	0.0261381	0.00202079	5.24005
20	5	0.512821	0.128205	0.0464459	-0.00199554	-1.98119
20	6	0.512821	0.153846	0.074404	-0.10955	4.34954
20	7	0.512821	0.179487	-0.0235539	0.0897601	1.34039
20	8	0.512821	0.205128	0.139689	-0.190956	-1.0155
20	9	0.512821	0.230769	-0.0776234	0.0958814	7.86873
20	10	0.512821	0.25641	0.144394	-0.143117	-7.18276
20	11	0.512821	0.282051	-0.0287077	-0.0417148	12.1289
20	12	0.512821	0.307692	0.0489587	0.0364678	-7.85854
20	13	0.512821	0.333333	0.129818	-0.260787	8.39712
20	14	0.512821	0.358974	-0.0997313	0.226926	0.634623
20	15	0.512821	0.384615	0.271168	-0.39499	-3.95905
20	16	0.512821	0.410256	-0.172986	0.245336	14.9254
20	17	0.512821	0.435897	0.244005	-0.279492	-17.5665
20	18	0.512821	0.461538	-0.0369042	-0.0169807	24.5926
20	19	0.512821	0.487179	0.0398036	0.105372	-20.0276
20	20	0.512821	0.512821	0.274198	-0.466554	17.9274
20	21	0.512821	0.538462	-0.188827	0.52532	-3.15239
20	22	0.512821	0.564103	0.444798	-0.761745	-7.67387
20	23	0.512821	0.589744	-0.275464	0.583859	26.253
20	24	0.512821	0.615385	0.166019	-0.537293	-36.924
20	25	0.512821	0.641026	-0.129281	0.102415	47.0198
20	26	0.512821	0.666667	-0.311859	0.156532	-44.4701
20	27	0.512821	0.692308	0.222777	-0.702762	38.3071
20	28	0.512821	0.717949	-0.471798	0.798768	-17.492
20	29	0.512821	0.74359	0.276121	-1.20392	-2.837
20	30	0.512821	0.769231	-0.469015	0.819763	27.5085
20	31	0.512821	0.794872	-0.470194	-0.862672	-48.4837
20	32	0.512821	0.820513	-0.600206	0.275452	58.9315
20	33	0.512821	0.846154	-1.25955	-0.143636	-66.6221
20	34	0.512821	0.871795	-0.424795	-0.419579	60.7776
20	35	0.512821	0.897436	-1.09905	0.410045	-52.1755
20	36	0.512821	0.923077	0.201862	-0.907698	35.0582
20	37	0.512821	0.948718	-0.034175	0.482128	-19.903
20	38	0.512821	0.974359	0.750988	-0.630373	3.49934
20	39	0.512821	1	1	0	0
21	0	0.538462	0	0	0	1.66716
21	1	0.538462	0.025641	0.0170908	0.0173986	1.66716
21	2	0.538462	0.0512821	0.0594496	-0.0488584	0.724119
21	3	0.538462	0.0769231	0.0039983	0.029914	3.40242
21	4	0.538462	0.102564	0.0876452	-0.0495473	-1.22105
21	5	0.538462	0.128205	0.0165735	-0.0218314	4.83664
21	6	0.538462	0.153846	0.0391188	0.0121021	-1.36476
21	7	0.538462	0.179487	0.0950207	-0.112498	3.25694
21	8	0.538462	0.205128	-0.0641117	0.0782746	2.07354
21	9	0.538462	0.230769	0.179524	-0.162477	-1.55813
21	10	0.538462	0.25641	-0.121395	0.0647562	7.47621
21	11	0.538462	0.282051	0.174808	-0.104252	-6.23585
21	12	0.538462	0.307692	-0.0350887	-0.0645636	10.2063
21	13	0.538462	0.333333	0.0381085	0.0578481	-5.75166
21	14	0.538462	0.358974	0.16951	-0.247174	5.82385
21	15	0.538462	0.384615	-0.165636	0.216956	2.5593
21	16	0.538462	0.410256	0.338057	-0.338803	-5.51858
21	17	0.538462	0.435897	-0.25753	0.204294	15.1485
21	18	0.538462	0.461538	0.319574	-0.197329	-16.667
21	19	0.538462	0.487179	-0.0770997	-0.0762901	21.9426
21	20	0.538462	0.512821	0.0776268	0.190671	-16.0849
21	21	0.538462	0.538462	0.295479	-0.49885	12.1328
21	22	0.538462	0.564103	-0.280101	0.566533	2.88937
21	23	0.538462	0.589744	0.507862	-0.697917	-14.2442
21	24	0.538462	0.615385	-0.513198	0.516367	31.1934
21	25	0.538462	0.641026	0.325689	-0.373454	-39.1572
21	26	0.538462	0.666667	-0.359674	-0.101425	46.0042
21	27	0.538462	0.692308	-0.0477653	0.352265	-37.959
21	28	0.538462	0.717949	0.102256	-0.926476	27.0214
21	29	0.538462	0.74359	-0.433526	0.885771	-3.25146
21	30	0.538462	0.769231	0.1954	-1.17381	-19.7843
21	31	0.538462	0.794872	-0.91758	0.706578	41.5036
21	32	0.538462	0.820513	-0.327878	-0.653735	-58.6724
21	33	0.538462	0.846154	-1.1481	0.0151129	65.618
21	34	0.538462	0.871795	-0.641254	0.0243027	-65.4231
21	35	0.538462	0.897436	-0.664734	-0.752923	56.5159
21	36	0.538462	0.923077	-0.202432	0.493226	-41.0557
21	37	0.538462	0.948718	0.24097	-1.02184	21.1788
21	38	0.538462	0.974359	0.623262	0.254675	-8.23242
21	39	0.538462	1	1	0	0
22	0	0.564103	0	0	0	1.41814
22	1	0.564103	0.025641	0.0301546	-0.0125215	1.41814
22	2	0.564103	0.0512821	0.00979395	0.0120795	1.72504
22	3	0.564103	0.0769231	0.088379	-0.0429749	0.573537
22	4	0.564103	0.102564	-0.0124249	0.0165624	3.05022
22	5	0.564103	0.128205	0.0923729	-0.0441583	-0.875094
22	6	0.564103	0.153846	0.0257944	-0.0211774	4.15907
22	7	0.564103	0.179487	0.00934054	0.00016927	-1.09166
22	8	0.564103	0.205128	0.127139	-0.0901031	3.10118
22	9	0.564103	0.230769	-0.107087	0.0547471	1.41912
22	10	0.564103	0.25641	0.20651	-0.135322	-0.590369
22	11	0.564103	0.282051	-0.13553	0.0520387	5.7604
22	12	0.564103	0.307692	0.168916	-0.0948432	-4.57538
22	13	0.564103	0.333333	-0.00128272	-0.0464876	8.27974
22	14	0.564103	0.358974	-0.0157554	0.043289	-4.59348
22	15	0.564103	0.384615	0.229141	-0.196327	4.9737
22	16	0.564103	0.410256	-0.245741	0.187199	2.11182
22	17	0.564103	0.435897	0.394989	-0.272817	-4.38979
22	18	0.564103	0.461538	-0.302391	0.174509	12.6178
22	19	0.564103	0.487179	0.34602	-0.135173	-13.5337
22	20	0.564103	0.512821	-0.0449143	-0.0784309	17.5385
22	21	0.564103	0.538462	0.0101013	0.229353	-11.8819
22	22	0.564103	0.564103	0.378651	-0.420276	7.44571
22	23	0.564103	0.589744	-0.487276	0.53993	5.75352
22	24	0.564103	0.615385	0.614285	-0.515708	-15.3749
22	25	0.564103	0.641026	-0.754218	0.403155	29.052
22	26	0.564103	0.666667	0.478481	-0.151789	-33.0541
22	27	0.564103	0.692308	-0.447707	-0.227592	35.8574
22	28	0.564103	0.717949	0.00468949	0.504451	-25.1739
22	29	0.564103	0.74359	0.149809	-0.830087	11.5997
22	30	0.564103	0.769231	-0.791109	0.847596	8.75286
22	31	0.564103	0.794872	0.275157	-0.783317	-27.9334
22	32	0.564103	0.820513	-1.53428	0.506532	43.5278
22	33	0.564103	0.846154	-0.0160017	-0.309527	-52.1061
22	34	0.564103	0.871795	-1.52051	-0.222298	55.1045
22	35	0.564103	0.897436	-0.0110099	0.189344	-48.0955
22	36	0.564103	0.923077	-0.61162	-0.873261	36.1026
22	37	0.564103	0.948718	0.40814	0.416069	-21.1123
22	38	0.564103	0.974359	0.54689	-0.699246	4.0894
22	39	0.564103	1	1	0	0
23	0	0.589744	0	0	0	1.22241
23	1	0.589744	0.025641	0.016444	-0.00953467	1.22241
23	2	0.589744	0.0512821	0.0592875	-0.00750442	1.55573
23	3	0.589744	0.0769231	-0.0040683	0.0022309	1.13913
23	4	0.589744	0.102564	0.1018	-0.0439865	1.03845
23	5	0.589744	0.128205	-0.0133478	0.0221892	2.39316
23	6	0.589744	0.153846	0.0759883	-0.0617772	-0.732577
23	7	0.589744	0.179487	0.0472283	0.00103264	4.2094
23	8	0.589744	0.205128	-0.0251258	-0.0240433	-1.95936
23	9	0.589744	0.230769	0.1477	-0.069638	4.21038
23	10	0.589744	0.25641	-0.124257	0.0459364	-0.325934
23	11	0.589744	0.282051	0.20153	-0.137056	0.94728
23	12	0.589744	0.307692	-0.110003	0.0726182	4.14808
23	13	0.589744	0.333333	0.127707	-0.120237	-3.8393
23	14	0.589744	0.358974	0.0500723	-0.00140343	7.93937
23	15	0.589744	0.384615	-0.0811052	0.011117	-5.54657
23	16	0.589744	0.410256	0.269946	-0.146787	6.40265
23	17	0.589744	0.435897	-0.288251	0.16781	-0.514753
23	18	0.589744	0.461538	0.404517	-0.238896	-1.62852
23	19	0.589744	0.487179	-0.27435	0.186284	9.08163
23	20	0.589744	0.512821	0.294698	-0.124455	-10.6213
23	21	0.589744	0.538462	0.0411584	-0.00729706	14.4338
23	22	0.589744	0.564103	-0.145569	0.204339	-10.6496
23	23	0.589744	0.589744	0.458608	-0.266069	7.21997
23	24	0.589744	0.615385	-0.698408	0.464595	2.75194
23	25	0.589744	0.641026	0.671158	-0.321755	-9.97548
23	26	0.589744	0.666667	-0.842623	0.329029	19.9837
23	27	0.589744	0.692308	0.488803	-0.0104866	-22.3444
23	28	0.589744	0.717949	-0.332937	-0.138059	22.6799
23	29	0.589744	0.74359	-0.24421	0.497893	-14.9978
23	30	0.589744	0.769231	0.273533	-0.433085	3.83092
23	31	0.589744	0.794872	-1.34263	0.663265	8.74897
23	32	0.589744	0.820513	0.364473	-0.333182	-20.4437
23	33	0.589744	0.846154	-1.94641	0.294398	29.2004
23	34	0.589744	0.871795	0.289998	-0.0865737	-32.179
23	35	0.589744	0.897436	-1.4533	-0.315779	31.0046
23	36	0.589744	0.923077	0.438584	0.183582	-24.5912
23	37	0.589744	0.948718	-0.164177	-0.656844	12.5553
23	38	0.589744	0.974359	0.743025	0.0850963	-6.20836
23	39	0.589744	1	1	0	0
24	0	0.615385	0	0	0	1.33991
24	1	0.615385	0.025641	0.0263666	0.0134874	1.33991
24	2	0.615385	0.0512821	0.015989	-0.0257669	0.496938
24	3	0.615385	0.0769231	0.0755438	-0.00648885	2.25454
24	4	0.615385	0.102564	-0.00795082	0.00791196	0.23435
24	5	0.615385	0.128205	0.095488	-0.0652816	1.39331
24	6	0.615385	0.153846	-0.00146998	0.0469334	2.32369
24	7	0.615385	0.179487	0.0527714	-0.0910292	-1.5515
24	8	0.615385	0.205128	0.0603911	0.0214173	5.34281
24	9	0.615385	0.230769	-0.0395748	-0.0348721	-3.74554
24	10	0.615385	0.25641	0.140276	-0.076143	5.77471
24	11	0.615385	0.282051	-0.105219	0.0666295	-1.87445
24	12	0.615385	0.307692	0.167966	-0.170892	1.57929
24	13	0.615385	0.333333	-0.0662961	0.113982	4.04061
24	14	0.615385	0.358974	0.0785107	-0.158868	-5.00742
24	15	0.615385	0.384615	0.0807343	0.0360859	9.55881
24	16	0.615385	0.410256	-0.114297	-0.00745066	-8.22196
24	17	0.615385	0.435897	0.264059	-0.134298	8.99123
24	18	0.615385	0.461538	-0.264654	0.18255	-3.52999
24	19	0.615385	0.487179	0.356335	-0.25688	0.544057
24	20	0.615385	0.512821	-0.194647	0.243005	7.11213
24	21	0.615385	0.538462	0.185039	-0.167153	-10.4103
24	22	0.615385	0.564103	0.111321	0.0991968	14.9816
24	23	0.615385	0.589744	-0.301419	0.136649	-13.9375
24	24	0.615385	0.615385	0.460035	-0.134406	11.8331
24	25	0.615385	0.641026	-0.771741	0.398951	-4.95434
24	26	0.615385	0.666667	0.6133	-0.240164	-1.48132
24	27	0.615385	0.692308	-0.710959	0.371703	9.58026
24	28	0.615385	0.717949	0.302632	-0.0496007	-14.2646
24	29	0.615385	0.74359	-0.13482	0.135802	15.9857
24	30	0.615385	0.769231	-0.662277	0.301936	-15.2769
24	31	0.615385	0.794872	0.29231	-0.0398137	9.53673
24	32	0.615385	0.820513	-1.70073	0.406339	-5.38328
24	33	0.615385	0.846154	0.378789	-0.122404	-1.88859
24	34	0.615385	0.871795	-1.8478	0.165807	5.05476
24	35	0.615385	0.897436	0.498523	-0.113051	-9.1407
24	36	0.615385	0.923077	-0.883429	-0.207906	6.55446
24	37	0.615385	0.948718	0.665035	-0.031236	-6.76999
24	38	0.615385	0.974359	0.484467	-0.330062	-0.4283
24	39	0.615385	1	1	0	0
25	0	0.641026	0	0	0	0.873998
25	1	0.641026	0.025641	0.0192699	-0.0279499	0.873998
25	2	0.641026	0.0512821	0.0424572	0.0246875	2.03321
25	3	0.641026	0.0769231	0.0179286	-0.0281818	-0.604497
25	4	0.641026	0.102564	0.0735238	-0.0240878	2.94093
25	5	0.641026	0.128205	-0.000402814	0.032392	-0.197199
25	6	0.641026	0.153846	0.0806937	-0.0980825	0.911544
25	7	0.641026	0.179487	0.00588196	0.0712622	3.23143
25	8	0.641026	0.205128	0.0437452	-0.107377	-3.20713
25	9	0.641026	0.230769	0.0497047	0.0175005	6.88402
25	10	0.641026	0.25641	-0.0238474	-0.0168732	-5.3137
25	11	0.641026	0.282051	0.109205	-0.111578	6.47262
25	12	0.641026	0.307692	-0.0682393	0.106481	-1.98304
25	13	0.641026	0.333333	0.130347	-0.213401	0.449383
25	14	0.641026	0.358974	-0.040903	0.146287	5.68059
25	15	0.641026	0.384615	0.0563352	-0.177876	-7.6092
25	16	0.641026	0.410256	0.0665988	0.0377493	12.0038
25	17	0.641026	0.435897	-0.0931465	0.00923636	-10.8834
25	18	0.641026	0.461538	0.213098	-0.167854	10.73
25	19	0.641026	0.487179	-0.195349	0.230537	-4.76517
25	20	0.641026	0.512821	0.275547	-0.312707	0.191241
25	21	0.641026	0.538462	-0.129078	0.313109	8.26296
25	22	0.641026	0.564103	0.0819592	-0.229067	-13.6642
25	23	0.641026	0.589744	0.097561	0.170604	18.963
25	24	0.641026	0.615385	-0.351397	0.082056	-20.0676
25	25	0.641026	0.641026	0.356081	-0.11249	18.165
25	26	0.641026	0.666667	-0.651221	0.403585	-12.3349
25	27	0.641026	0.692308	0.438574	-0.32345	4.21035
25	28	0.641026	0.717949	-0.474795	0.513431	5.19805
25	29	0.641026	0.74359	0.00566021	-0.248323	-14.8418
25	30	0.641026	0.769231	-0.0724345	0.376569	20.205
25	31	0.641026	0.794872	-0.93788	0.0376734	-26.5624
25	32	0.641026	0.820513	0.143022	0.0908577	24.0726
25	33	0.641026	0.846154	-1.57909	0.217795	-25.3036
25	34	0.641026	0.871795	0.319078	-0.20971	17.3776
25	35	0.641026	0.897436	-1.22614	0.176055	-15.3546
25	36	0.641026	0.923077	0.568159	-0.349773	6.24809
25	37	0.641026	0.948718	-0.0706445	-0.00884062	-5.48935
25	38	0.641026	0.974359	0.787375	-0.288328	-1.32898
25	39	0.641026	1	1	0	0
26	0	0.666667	0	0	0	1.14309
26	1	0.666667	0.025641	0.0199981	0.0233976	1.14309
26	2	0.666667	0.0512821	0.0320109	-0.0437953	-0.0893515
26	3	0.666667	0.0769231	0.0413309	0.0182137	2.86483
26	4	0.666667	0.102564	0.0277501	-0.0105769	-1.382
26	5	0.666667	0.128205	0.0617237	-0.0544552	2.91356
26	6	0.666667	0.153846	0.00513513	0.0595032	0.280372
26	7	0.666667	0.179487	0.0754209	-0.119608	-0.393212
26	8	0.666667	0.205128	-0.00639529	0.0743717	4.57846
26	9	0.666667	0.230769	0.058336	-0.094857	-4.7197
26	10	0.666667	0.25641	0.018652	-0.0129123	7.65375
26	11	0.666667	0.282051	0.00757256	0.0213068	-5.54467
26	12	0.666667	0.307692	0.0771099	-0.153232	5.53056
26	13	0.666667	0.333333	-0.0460022	0.138653	-0.481939
26	14	0.666667	0.358974	0.116915	-0.232041	-1.96619
26	15	0.666667	0.384615	-0.0566065	0.146208	7.9526
26	16	0.666667	0.410256	0.0766181	-0.157871	-10.0142
26	17	0.666667	0.435897	0.0142469	0.00114863	13.455
26	18	0.666667	0.461538	-0.0362121	0.0567989	-11.6967
26	19	0.666667	0.487179	0.147178	-0.224861	10.0814
26	20	0.666667	0.512821	-0.137122	0.284859	-3.25342
26	21	0.666667	0.538462	0.21144	-0.364043	-2.9537
26	22	0.666667	0.564103	-0.138811	0.350071	11.8429
26	23	0.666667	0.589744	0.0537265	-0.256522	-18.5449
26	24	0.666667	0.615385	-0.0141189	0.15683	23.5455
26	25	0.666667	0.641026	-0.261671	0.0917485	-24.82
26	26	0.666667	0.666667	0.181474	-0.212956	21.5052
26	27	0.666667	0.692308	-0.436907	0.478503	-14.0312
26	28	0.666667	0.717949	0.224211	-0.50367	2.62934
26	29	0.666667	0.74359	-0.35544	0.630444	9.48468
26	30	0.666667	0.769231	-0.194306	-0.445503	-23.6651
26	31	0.666667	0.794872	-0.240899	0.414101	30.829
26	32	0.666667	0.820513	-0.850099	-0.118422	-40.361
26	33	0.666667	0.846154	-0.11256	-0.0429786	37.5505
26	34	0.666667	0.871795	-1.01791	0.174126	-38.3496
26	35	0.666667	0.897436	0.201936	-0.478897	27.4215
26	36	0.666667	0.923077	-0.38383	0.260537	-21.676
26	37	0.666667	0.948718	0.571304	-0.571935	8.26021
26	38	0.666667	0.974359	0.595136	0.00143649	-4.9854
26	39	0.666667	1	1	0	0
27	0	0.692308	0	0	0	0.675777
27	1	0.692308	0.025641	0.0222879	-0.0269724	0.675777
27	2	0.692308	0.0512821	0.0223059	0.0300095	1.76534
27	3	0.692308	0.0769231	0.0479497	-0.038314	-0.945296
27	4	0.692308	0.102564	0.028962	-0.00332365	3.15595
27	5	0.692308	0.128205	0.0361758	0.0140271	-1.34391
27	6	0.692308	0.153846	0.0559468	-0.0772225	2.06829
27	7	0.692308	0.179487	-0.00531532	0.0692376	1.27624
27	8	0.692308	0.205128	0.0885226	-0.113659	-1.70395
27	9	0.692308	0.230769	-0.0367105	0.0525049	5.3189
27	10	0.692308	0.25641	0.0853403	-0.0606525	-5.06668
27	11	0.692308	0.282051	-0.0121349	-0.04982	6.93234
27	12	0.692308	0.307692	0.0271155	0.0542022	-4.28113
27	13	0.692308	0.333333	0.068107	-0.170957	3.38163
27	14	0.692308	0.358974	-0.0596854	0.141481	1.57315
27	15	0.692308	0.384615	0.13742	-0.210287	-4.16445
27	16	0.692308	0.410256	-0.106402	0.113248	9.20397
27	17	0.692308	0.435897	0.122106	-0.107793	-10.6374
27	18	0.692308	0.461538	-0.044124	-0.0498595	12.674
27	19	0.692308	0.487179	0.0105612	0.107868	-10.075
27	20	0.692308	0.512821	0.107065	-0.264254	7.08612
27	21	0.692308	0.538462	-0.141016	0.310518	0.0306888
27	22	0.692308	0.564103	0.20342	-0.365859	-7.06838
27	23	0.692308	0.589744	-0.234868	0.325216	15.2771
27	24	0.692308	0.615385	0.112469	-0.216599	-21.6339
27	25	0.692308	0.641026	-0.175564	0.0633945	25.0665
27	26	0.692308	0.666667	-0.109962	0.163293	-24.5136
27	27	0.692308	0.692308	0.0192647	-0.358749	18.7347
27	28	0.692308	0.717949	-0.310137	0.549927	-8.95146
27	29	0.692308	0.74359	0.0988738	-0.620907	-5.24343
27	30	0.692308	0.769231	-0.470119	0.618388	17.9518
27	31	0.692308	0.794872	-0.160438	-0.482129	-33.0515
27	32	0.692308	0.820513	-0.561096	0.260916	38.9315
27	33	0.692308	0.846154	-0.460103	-0.107617	-46.049
27	34	0.692308	0.871795	-0.373941	-0.306027	41.1391
27	35	0.692308	0.897436	-0.310824	0.223863	-37.2264
27	36	0.692308	0.923077	0.124107	-0.711156	23.5014
27	37	0.692308	0.948718	0.300493	0.261065	-14.8875
27	38	0.692308	0.974359	0.698342	-0.534659	1.48357
27	39	0.692308	1	1	0	0
28	0	0.717949	0	0	0	0.829592
28	1	0.717949	0.025641	0.0146597	0.014747	0.829592
28	2	0.717949	0.0512821	0.0433148	-0.033125	0.0618231
28	3	0.717949	0.0769231	0.0108853	0.0196671	2.0833
28	4	0.717949	0.102564	0.0618076	-0.021306	-1.14785
28	5	0.717949	0.128205	0.0195213	-0.0223742	2.68465
28	6	0.717949	0.153846	0.0310634	0.0262075	-0.721659
28	7	0.717949	0.179487	0.0651249	-0.0761581	1.05192
28	8	0.717949	0.205128	-0.0320393	0.0555565	1.87893
28	9	0.717949	0.230769	0.111396	-0.0854968	-2.08366
28	10	0.717949	0.25641	-0.06705	0.0220921	4.76716
28	11	0.717949	0.282051	0.102158	-0.0290937	-4.05638
28	12	0.717949	0.307692	-0.0207597	-0.0663423	5.07875
28	13	0.717949	0.333333	0.0162474	0.0602009	-2.47522
28	14	0.717949	0.358974	0.0885468	-0.150701	1.38636
28	15	0.717949	0.384615	-0.103657	0.113846	2.68254
28	16	0.717949	0.410256	0.174855	-0.160527	-4.73903
28	17	0.717949	0.435897	-0.159069	0.0691335	8.41325
28	18	0.717949	0.461538	0.156255	-0.0576562	-9.10298
28	19	0.717949	0.487179	-0.0718593	-0.0802273	9.89198
28	20	0.717949	0.512821	0.00782078	0.131087	-7.09725
28	21	0.717949	0.538462	0.115064	-0.253017	3.47236
28	22	0.717949	0.564103	-0.215859	0.287166	2.7909
28	23	0.717949	0.589744	0.246094	-0.305057	-9.37773
28	24	0.717949	0.615385	-0.37005	0.246527	15.769
28	25	0.717949	0.641026	0.199423	-0.128844	-20.4455
28	26	0.717949	0.666667	-0.301732	-0.0487594	21.5594
28	27	0.717949	0.692308	-0.0225043	0.234896	-19.0396
28	28	0.717949	0.717949	-0.0437573	-0.426128	11.1628
28	29	0.717949	0.74359	-0.374688	0.536548	-1.31053
28	30	0.717949	0.769231	0.120391	-0.562135	-12.8715
28	31	0.717949	0.794872	-0.751438	0.46969	22.9672
28	32	0.717949	0.820513	0.0427229	-0.356969	-34.5835
28	33	0.717949	0.846154	-0.866156	0.0199439	37.3269
28	34	0.717949	0.871795	0.000253985	-0.0145825	-39.261
28	35	0.717949	0.897436	-0.485812	-0.520058	31.7686
28	36	0.717949	0.923077	0.244376	0.23252	-24.7902
28	37	0.717949	0.948718	0.250079	-0.680176	10.7986
28	38	0.717949	0.974359	0.709893	0.0470355	-5.6192
28	39	0.717949	1	1	0	0
29	0	0.74359	0	0	0	0.57695
29	1	0.74359	0.025641	0.0219136	-0.0111105	0.57695
29	2	0.74359	0.0512821	0.0107068	0.0118913	0.943914
29	3	0.74359	0.0769231	0.0613897	-0.0244604	-0.120637
29	4	0.74359	0.102564	-0.00129534	0.00682146	1.76747
29	5	0.74359	0.128205	0.0635089	-0.0111229	-0.76582
29	6	0.74359	0.153846	0.0226407	-0.0228674	1.92302
29	7	0.74359	0.179487	0.0108273	0.0176203	-0.282381
29	8	0.74359	0.205128	0.0830495	-0.0539444	0.710425
29	9	0.74359	0.230769	-0.0601239	0.0312301	1.42833
29	10	0.74359	0.25641	0.125362	-0.0574001	-1.28356
29	11	0.74359	0.282051	-0.0771781	0.00697344	3.18814
29	12	0.74359	0.307692	0.0932902	-0.0217002	-2.50313
29	13	0.74359	0.333333	-0.00188109	-0.0497527	3.29923
29	14	0.74359	0.358974	-0.020827	0.0371317	-1.47831
29	15	0.74359	0.384615	0.121526	-0.105589	0.810791
29	16	0.74359	0.410256	-0.149968	0.0751766	1.97393
29	17	0.74359	0.435897	0.198982	-0.113909	-3.41208
29	18	0.74359	0.461538	-0.180706	0.04351	5.9192
29	19	0.74359	0.487179	0.150242	-0.0370051	-6.48238
29	20	0.74359	0.512821	-0.054252	-0.0670375	6.72078
29	21	0.74359	0.538462	-0.0501212	0.110756	-4.77431
29	22	0.74359	0.564103	0.155188	-0.191762	1.51565
29	23	0.74359	0.589744	-0.32119	0.221895	2.91204
29	24	0.74359	0.615385	0.291208	-0.21507	-8.17723
29	25	0.74359	0.641026	-0.465469	0.156557	12.2505
29	26	0.74359	0.666667	0.233729	-0.0549506	-15.385
29	27	0.74359	0.692308	-0.323516	-0.0983986	14.5663
29	28	0.74359	0.717949	-0.0717702	0.234275	-12.0441
29	29	0.74359	0.74359	0.00195956	-0.347946	4.12458
29	30	0.74359	0.769231	-0.583494	0.408518	2.75918
29	31	0.74359	0.794872	0.214287	-0.374445	-13.7003
29	32	0.74359	0.820513	-1.01332	0.243337	19.2485
29	33	0.74359	0.846154	0.255922	-0.202049	-25.9486
29	34	0.74359	0.871795	-0.957083	-0.181479	24.9973
29	35	0.74359	0.897436	0.338452	0.0266187	-24.0663
29	36	0.74359	0.923077	-0.306913	-0.532316	15.254
29	37	0.74359	0.948718	0.559465	0.111724	-10.5556
29	38	0.74359	0.974359	0.597423	-0.434561	0.349431
29	39	0.74359	1	1	0	0
30	0	0.769231	0	0	0	0.488488
30	1	0.769231	0.025641	0.0119954	-0.00227261	0.488488
30	2	0.769231	0.0512821	0.0407242	-0.00682853	0.539192
30	3	0.769231	0.0769231	0.000871632	0.00333997	0.597175
30	4	0.769231	0.102564	0.0683596	-0.0176032	0.209038
30	5	0.769231	0.128205	-0.00360977	0.00709212	1.11915
30	6	0.769231	0.153846	0.0506846	-0.0179095	-0.411833
30	7	0.769231	0.179487	0.0347214	-0.00459861	1.61309
30	8	0.769231	0.205128	-0.0126997	-0.00243746	-0.656715
30	9	0.769231	0.230769	0.0939994	-0.0296612	1.34823
30	10	0.769231	0.25641	-0.0713332	0.0175344	0.0843006
30	11	0.769231	0.282051	0.117408	-0.0500237	0.0382039
30	12	0.769231	0.307692	-0.0613763	0.0196968	1.62537
30	13	0.769231	0.333333	0.062088	-0.0413586	-1.61051
30	14	0.769231	0.358974	0.0285992	-0.011459	2.73459
30	15	0.769231	0.384615	-0.0604691	0.00300835	-2.06527
30	16	0.769231	0.410256	0.140374	-0.0651032	1.89565
30	17	0.769231	0.435897	-0.168151	0.0522384	-0.178891
30	18	0.769231	0.461538	0.188702	-0.0974336	-1.19011
30	19	0.769231	0.487179	-0.159248	0.053796	3.21321
30	20	0.769231	0.512821	0.102145	-0.0564004	-4.53933
30	21	0.769231	0.538462	-0.0110055	-0.0170836	5.05235
30	22	0.769231	0.564103	-0.130664	0.056515	-4.72314
30	23	0.769231	0.589744	0.184333	-0.117353	2.40148
30	24	0.769231	0.615385	-0.390787	0.147728	-0.0615621
30	25	0.769231	0.641026	0.286803	-0.153252	-4.11955
30	26	0.769231	0.666667	-0.462876	0.108232	6.41209
30	27	0.769231	0.692308	0.174042	-0.0527702	-9.50878
30	28	0.769231	0.717949	-0.249022	-0.0496347	8.3746
30	29	0.769231	0.74359	-0.226363	0.131951	-8.2269
30	30	0.769231	0.769231	0.0714817	-0.184692	2.60497
30	31	0.769231	0.794872	-0.776228	0.202172	-0.331479
30	32	0.769231	0.820513	0.26855	-0.208149	-6.55441
30	33	0.769231	0.846154	-1.05431	0.0364356	7.52274
30	34	0.769231	0.871795	0.37369	-0.146274	-11.6524
30	35	0.769231	0.897436	-0.721001	-0.238447	8.42059
30	36	0.769231	0.923077	0.502505	-0.0561409	-8.97142
30	37	0.769231	0.948718	0.123885	-0.346987	2.23548
30	38	0.769231	0.974359	0.750367	-0.114362	-3.05258
30	39	0.769231	1	1	0	0
31	0	0.794872	0	0	0	0.481106
31	1	0.794872	0.025641	0.0173468	0.00590587	0.481106
31	2	0.794872	0.0512821	0.0107868	-0.0116943	0.10159
31	3	0.794872	0.0769231	0.0497065	-0.00088923	0.909479
31	4	0.794872	0.102564	-0.00309661	0.00372801	-0.0631177
31	5	0.794872	0.128205	0.0613121	-0.0237147	0.592755
31	6	0.794872	0.153846	0.0031695	0.0233309	0.766389
31	7	0.794872	0.179487	0.0324848	-0.0356031	-0.674338
31	8	0.794872	0.205128	0.0426602	0.0171779	2.09849
31	9	0.794872	0.230769	-0.0236915	-0.0151084	-1.78977
31	10	0.794872	0.25641	0.086501	-0.0223394	2.46524
31	11	0.794872	0.282051	-0.0593466	0.0273635	-1.27747
31	12	0.794872	0.307692	0.0903501	-0.0668536	0.827717
31	13	0.794872	0.333333	-0.0333945	0.0518247	1.10028
31	14	0.794872	0.358974	0.0281114	-0.0711778	-2.08925
31	15	0.794872	0.384615	0.0463054	0.0226052	3.61656
31	16	0.794872	0.410256	-0.0766418	-0.0166874	-3.88691
31	17	0.794872	0.435897	0.128489	-0.053013	3.73006
31	18	0.794872	0.461538	-0.147396	0.0605999	-2.41551
31	19	0.794872	0.487179	0.145649	-0.116936	0.364408
31	20	0.794872	0.512821	-0.113718	0.0922654	1.89828
31	21	0.794872	0.538462	0.038384	-0.101412	-4.5603
31	22	0.794872	0.564103	0.0184752	0.0365416	5.71742
31	23	0.794872	0.589744	-0.182555	-0.000543554	-7.0469
31	24	0.794872	0.615385	0.165975	-0.0768378	5.36724
31	25	0.794872	0.641026	-0.378324	0.104372	-4.43257
31	26	0.794872	0.666667	0.215015	-0.159316	0.222445
31	27	0.794872	0.692308	-0.373776	0.123026	1.69876
31	28	0.794872	0.717949	0.0464329	-0.134104	-6.38616
31	29	0.794872	0.74359	-0.163195	0.047808	6.6303
31	30	0.794872	0.769231	-0.369774	-0.0342767	-9.93782
31	31	0.794872	0.794872	0.0720316	-0.0656387	7.13732
31	32	0.794872	0.820513	-0.786367	0.00629846	-8.91742
31	33	0.794872	0.846154	0.233193	-0.170357	4.21725
31	34	0.794872	0.871795	-0.797679	-0.0640491	-5.67294
31	35	0.794872	0.897436	0.379779	-0.222065	0.91786
31	36	0.794872	0.923077	-0.244792	-0.151942	-3.19218
31	37	0.794872	0.948718	0.571088	-0.20325	-0.890397
31	38	0.794872	0.974359	0.601156	-0.189396	-2.23642
31	39	0.794872	1	1	0	0
32	0	0.820513	0	0	0	0.217577
32	1	0.820513	0.025641	0.0112408	-0.0141258	0.217577
32	2	0.820513	0.0512821	0.0263014	0.0143963	0.81504
32	3	0.820513	0.0769231	0.00991678	-0.0143135	-0.569878
32	4	0.820513	0.102564	0.0455517	-0.00480012	1.37099
32	5	0.820513	0.128205	0.000816258	0.0179094	-0.524349
32	6	0.820513	0.153846	0.0471877	-0.0396614	0.497969
32	7	0.820513	0.179487	0.00869976	0.0440542	1.07182
32	8	0.820513	0.205128	0.022308	-0.0479636	-1.59219
32	9	0.820513	0.230769	0.035935	0.0254523	3.02612
32	10	0.820513	0.25641	-0.0156245	-0.00734904	-2.9737
32	11	0.820513	0.282051	0.062655	-0.0362492	3.15893
32	12	0.820513	0.307692	-0.0351046	0.0553407	-1.75171
32	13	0.820513	0.333333	0.0605138	-0.0927353	0.423405
32	14	0.820513	0.358974	-0.0152167	0.0813865	1.84967
32	15	0.820513	0.384615	0.012786	-0.0869186	-3.65497
32	16	0.820513	0.410256	0.0367464	0.0316745	5.14676
32	17	0.820513	0.435897	-0.0600293	-0.00691963	-5.72988
32	18	0.820513	0.461538	0.0897834	-0.0723545	4.92575
32	19	0.820513	0.487179	-0.104131	0.0936338	-3.35306
32	20	0.820513	0.512821	0.0925583	-0.154688	0.173722
32	21	0.820513	0.538462	-0.079271	0.131307	2.57241
32	22	0.820513	0.564103	-0.00290866	-0.140743	-6.48543
32	23	0.820513	0.589744	0.00516825	0.0579397	7.91937
32	24	0.820513	0.615385	-0.172021	-0.0271193	-10.1665
32	25	0.820513	0.641026	0.0958103	-0.0944418	8.23326
32	26	0.820513	0.666667	-0.294839	0.107524	-7.44457
32	27	0.820513	0.692308	0.103685	-0.227779	2.10295
32	28	0.820513	0.717949	-0.27285	0.167176	0.682408
32	29	0.820513	0.74359	-0.069131	-0.252515	-7.55083
32	30	0.820513	0.769231	-0.14995	0.102068	9.39803
32	31	0.820513	0.794872	-0.384427	-0.180135	-15.3003
32	32	0.820513	0.820513	-0.0196623	-0.0685479	13.8636
32	33	0.820513	0.846154	-0.571193	-0.0994634	-17.1755
32	34	0.820513	0.871795	0.127437	-0.259881	12.3437
32	35	0.820513	0.897436	-0.356345	-0.0498564	-12.9528
32	36	0.820513	0.923077	0.341113	-0.352847	6.1759
32	37	0.820513	0.948718	0.252787	-0.042488	-5.69971
32	38	0.820513	0.974359	0.702892	-0.280405	-0.537702
32	39	0.820513	1	1	0	0
33	0	0.846154	0	0	0	0.322104
33	1	0.846154	0.025641	0.0106271	0.0129428	0.322104
33	2	0.846154	0.0512821	0.0161648	-0.0228372	-0.328993
33	3	0.846154	0.0769231	0.0232107	0.0151204	1.2807
33	4	0.846154	0.102564	0.0139736	-0.00421871	-1.11963
33	5	0.846154	0.128205	0.0334486	-0.0179046	1.45514
33	6	0.846154	0.153846	0.00519064	0.0376707	-0.422227
33	7	0.846154	0.179487	0.0372945	-0.0520933	-0.189086
33	8	0.846154	0.205128	0.00343925	0.0543302	1.81187
33	9	0.846154	0.230769	0.0264789	-0.0423805	-2.61877
33	10	0.846154	0.25641	0.0156135	0.014984	3.64357
33	11	0.846154	0.282051	0.00331266	0.0179861	-3.41793
33	12	0.846154	0.307692	0.0362604	-0.0588907	2.81626
33	13	0.846154	0.333333	-0.0176079	0.0830323	-1.08835
33	14	0.846154	0.358974	0.0454428	-0.105547	-0.974827
33	15	0.846154	0.384615	-0.020153	0.089829	3.19899
33	16	0.846154	0.410256	0.0234765	-0.0742599	-5.25554
33	17	0.846154	0.435897	0.00451141	0.0133026	6.10234
33	18	0.846154	0.461538	-0.0242931	0.0267363	-6.3881
33	19	0.846154	0.487179	0.0449995	-0.105322	4.54694
33	20	0.846154	0.512821	-0.0684441	0.127908	-2.53043
33	21	0.846154	0.538462	0.0582963	-0.180708	-1.65469
33	22	0.846154	0.564103	-0.0805332	0.142967	4.46318
33	23	0.846154	0.589744	0.000995138	-0.146311	-8.91622
33	24	0.846154	0.615385	-0.0496419	0.0324483	9.80908
33	25	0.846154	0.641026	-0.109113	-0.0125631	-11.8814
33	26	0.846154	0.666667	0.00399147	-0.156278	8.86599
33	27	0.846154	0.692308	-0.199688	0.133446	-7.31477
33	28	0.846154	0.717949	0.0107786	-0.309938	0.519011
33	29	0.846154	0.74359	-0.232322	0.179421	3.08527
33	30	0.846154	0.769231	-0.0977492	-0.33474	-11.2685
33	31	0.846154	0.794872	-0.223746	0.0604322	13.4192
33	32	0.846154	0.820513	-0.250876	-0.24242	-19.6154
33	33	0.846154	0.846154	-0.157884	-0.178023	17.7131
33	34	0.846154	0.871795	-0.241051	-0.108546	-19.6919
33	35	0.846154	0.897436	0.0281804	-0.389815	13.6213
33	36	0.846154	0.923077	0.0683416	-0.00232497	-11.9175
33	37	0.846154	0.948718	0.388223	-0.392585	4.17456
33	38	0.846154	0.974359	0.640956	-0.0585333	-3.15064
33	39	0.846154	1	1	0	0
34	0	0.871795	0	0	0	0.0517478
34	1	0.871795	0.025641	0.00986386	-0.0141037	0.0517478
34	2	0.871795	0.0512821	0.00948674	0.0187822	0.64312
34	3	0.871795	0.0769231	0.0219449	-0.0190437	-0.853759
34	4	0.871795	0.102564	0.012072	0.00669422	1.47611
34	5	0.871795	0.128205	0.0183636	0.013011	-1.1958
34	6	0.871795	0.153846	0.0230827	-0.0298554	0.995216
34	7	0.871795	0.179487	0.00180966	0.0500758	0.129559
34	8	0.871795	0.205128	0.037664	-0.0494482	-1.06998
34	9	0.871795	0.230769	-0.0126201	0.0479832	2.37935
34	10	0.871795	0.25641	0.03908	-0.0198397	-3.07872
34	11	0.871795	0.282051	-0.00671767	-0.00494196	3.39395
34	12	0.871795	0.307692	0.0173608	0.0454686	-2.85801
34	13	0.871795	0.333333	0.0220588	-0.0712087	1.55191
34	14	0.871795	0.358974	-0.0189269	0.0934876	0.169337
34	15	0.871795	0.384615	0.0506432	-0.092248	-2.48449
34	16	0.871795	0.410256	-0.0440668	0.0738704	4.0924
34	17	0.871795	0.435897	0.0485488	-0.0381999	-5.84102
34	18	0.871795	0.461538	-0.03113	-0.0171937	5.66455
34	19	0.871795	0.487179	0.00553577	0.0634445	-5.4742
34	20	0.871795	0.512821	0.0175211	-0.125459	2.69409
34	21	0.871795	0.538462	-0.0612647	0.139943	-0.646634
34	22	0.871795	0.564103	0.0574158	-0.17222	-3.92078
34	23	0.871795	0.589744	-0.114918	0.116775	6.01039
34	24	0.871795	0.615385	0.0402109	-0.113152	-10.0826
34	25	0.871795	0.641026	-0.116082	-0.0252762	9.72366
34	26	0.871795	0.666667	-0.0383181	0.0223299	-10.9414
34	27	0.871795	0.692308	-0.0631815	-0.219242	6.6246
34	28	0.871795	0.717949	-0.149621	0.138452	-4.50546
34	29	0.871795	0.74359	-0.0175672	-0.347912	-3.02485
34	30	0.871795	0.769231	-0.264325	0.122885	6.23101
34	31	0.871795	0.794872	-0.034478	-0.340666	-13.9158
34	32	0.871795	0.820513	-0.329594	-0.0619029	14.8198
34	33	0.871795	0.846154	-0.0569716	-0.228689	-19.1616
34	34	0.871795	0.871795	-0.255001	-0.31584	15.839
34	35	0.871795	0.897436	0.0453002	-0.0844385	-15.5335
34	36	0.871795	0.923077	0.0406924	-0.440949	8.78056
34	37	0.871795	0.948718	0.369231	-0.00331798	-6.32168
34	38	0.871795	0.974359	0.606132	-0.291426	0.0708473
34	39	0.871795	1	1	0	0
35	0	0.897436	0	0	0	0.108423
35	1	0.897436	0.025641	0.00438324	0.00898491	0.108423
35	2	0.897436	0.0512821	0.0166502	-0.0170563	-0.312035
35	3	0.897436	0.0769231	0.000169558	0.0158927	0.831417
35	4	0.897436	0.102564	0.026514	-0.00650294	-1.02851
35	5	0.897436	0.128205	0.00144138	-0.00339932	1.20393
35	6	0.897436	0.153846	0.0164655	0.0263501	-0.823947
35	7	0.897436	0.179487	0.0203407	-0.0306131	0.260577
35	8	0.897436	0.205128	-0.0101364	0.0482968	0.660206
35	9	0.897436	0.230769	0.0442043	-0.0314037	-1.58485
35	10	0.897436	0.25641	-0.0300258	0.0311141	2.28286
35	11	0.897436	0.282051	0.0473488	0.00688847	-2.70119
35	12	0.897436	0.307692	-0.0183152	-0.0188161	2.32028
35	13	0.897436	0.333333	0.0159426	0.0596167	-1.70813
35	14	0.897436	0.358974	0.0243804	-0.0618735	0.0808595
35	15	0.897436	0.384615	-0.0358721	0.0822718	1.13436
35	16	0.897436	0.410256	0.0658359	-0.0574123	-3.20652
35	17	0.897436	0.435897	-0.0694599	0.0453514	3.82491
35	18	0.897436	0.461538	0.0671855	0.00227849	-5.07048
35	19	0.897436	0.487179	-0.0498097	-0.0380414	3.91572
35	20	0.897436	0.512821	0.0119409	0.0823698	-3.58847
35	21	0.897436	0.538462	0.0170575	-0.115063	0.376959
35	22	0.897436	0.564103	-0.0803901	0.120736	0.996451
35	23	0.897436	0.589744	0.0795205	-0.128938	-5.18897
35	24	0.897436	0.615385	-0.155374	0.0647906	5.91913
35	25	0.897436	0.641026	0.081231	-0.0622262	-9.07936
35	26	0.897436	0.666667	-0.154803	-0.0808981	7.28248
35	27	0.897436	0.692308	-0.00152027	0.0429015	-7.86537
35	28	0.897436	0.717949	-0.0755445	-0.24027	2.80029
35	29	0.897436	0.74359	-0.155288	0.09519	-1.17995
35	30	0.897436	0.769231	0.014301	-0.320031	-5.74333
35	31	0.897436	0.794872	-0.319402	0.00875267	7.2567
35	32	0.897436	0.820513	0.0571372	-0.292282	-12.9582
35	33	0.897436	0.846154	-0.382109	-0.202513	11.8977
35	34	0.897436	0.871795	0.0872923	-0.197419	-13.9216
35	35	0.897436	0.897436	-0.230687	-0.38904	9.59638
35	36	0.897436	0.923077	0.211332	-0.0894605	-8.30038
35	37	0.897436	0.948718	0.210225	-0.350987	2.8089
35	38	0.897436	0.974359	0.610926	-0.0652252	-1.93632
35	39	0.897436	1	1	0	0
36	0	0.923077	0	0	0	-0.0491777
36	1	0.923077	0.025641	0.00556336	-0.00632236	-0.0491777
36	2	0.923077	0.0512821	-0.00106397	0.00999088	0.19385
36	3	0.923077	0.0769231	0.0204032	-0.0103517	-0.489081
36	4	0.923077	0.102564	-0.00934069	0.00903107	0.68284
36	5	0.923077	0.128205	0.0249174	0.00561051	-0.816288
36	6	0.923077	0.153846	-0.00278697	-0.00695839	0.628327
36	7	0.923077	0.179487	0.00704262	0.0287194	-0.352469
36	8	0.923077	0.205128	0.0227182	-0.0190425	-0.301018
36	9	0.923077	0.230769	-0.0232574	0.0356997	0.749611
36	10	0.923077	0.25641	0.0466944	-0.00831989	-1.47051
36	11	0.923077	0.282051	-0.0377481	0.015753	1.51346
36	12	0.923077	0.307692	0.0422307	0.0238898	-1.78585
36	13	0.923077	0.333333	-0.0152927	-0.0172129	0.985038
36	14	0.923077	0.358974	0.0012162	0.0551988	-0.693867
36	15	0.923077	0.384615	0.0341983	-0.0350001	-0.845677
36	16	0.923077	0.410256	-0.0533334	0.0579991	1.21446
36	17	0.923077	0.435897	0.0734596	-0.0182635	-2.84336
36	18	0.923077	0.461538	-0.0781896	0.0214528	2.46945
36	19	0.923077	0.487179	0.0648438	0.0283614	-3.44881
36	20	0.923077	0.512821	-0.0440792	-0.0359403	1.70274
36	21	0.923077	0.538462	-0.00371892	0.0753583	-1.81183
36	22	0.923077	0.564103	0.0330694	-0.07679	-1.23492
36	23	0.923077	0.589744	-0.103224	0.0795837	1.38829
36	24	0.923077	0.615385	0.0979858	-0.0718312	-4.78476
36	25	0.923077	0.641026	-0.16852	0.0134116	3.9957
36	26	0.923077	0.666667	0.093417	-0.0227871	-6.4182
36	27	0.923077	0.692308	-0.143834	-0.102846	3.60716
36	28	0.923077	0.717949	-0.00770513	0.0290084	-4.40411
36	29	0.923077	0.74359	-0.0423531	-0.20769	-0.434911
36	30	0.923077	0.769231	-0.179274	0.0132973	0.537112
36	31	0.923077	0.794872	0.0591641	-0.253067	-5.84728
36	32	0.923077	0.820513	-0.32631	-0.11298	5.21817
36	33	0.923077	0.846154	0.106303	-0.241395	-8.77838
36	34	0.923077	0.871795	-0.324529	-0.289177	6.29107
36	35	0.923077	0.897436	0.133955	-0.193166	-7.04832
36	36	0.923077	0.923077	-0.0827547	-0.352548	3.33608
36	37	0.923077	0.948718	0.305318	-0.114695	-2.51546
36	38	0.923077	0.974359	0.500646	-0.180931	-0.103933
36	39	0.923077	1	1	0	0
37	0	0.948718	0	0	0	-0.0899838
37	1	0.948718	0.025641	-0.000116506	0.00198313	-0.0899838
37	2	0.948718	0.0512821	0.00731173	-0.00484867	-0.164205
37	3	0.948718	0.0769231	-0.0077824	0.00676937	0.108323
37	4	0.948718	0.102564	0.0180305	-0.0016237	-0.405523
37	5	0.948718	0.128205	-0.0129116	0.0043655	0.284596
37	6	0.948718	0.153846	0.0160159	0.010326	-0.460251
37	7	0.948718	0.179487	-0.00147684	-0.00251664	0.096198
37	8	0.948718	0.205128	-0.00418927	0.0213023	-0.128414
37	9	0.948718	0.230769	0.0223662	-0.00341691	-0.445454
37	10	0.948718	0.25641	-0.0280628	0.0212055	0.356608
37	11	0.948718	0.282051	0.0376434	0.00746618	-0.932281
37	12	0.948718	0.307692	-0.0318089	0.00940797	0.50602
37	13	0.948718	0.333333	0.0251829	0.0254871	-0.913307
37	14	0.948718	0.358974	-0.00496913	-0.0038454	0.00439965
37	15	0.948718	0.384615	-0.0142934	0.0382002	-0.30319
37	16	0.948718	0.410256	0.0368943	-0.00606212	-0.973797
37	17	0.948718	0.435897	-0.0555075	0.033909	0.480611
37	18	0.948718	0.461538	0.0617662	0.00802426	-1.81834
37	19	0.948718	0.487179	-0.0637681	0.011879	0.743815
37	20	0.948718	0.512821	0.0424969	0.0324818	-1.87848
37	21	0.948718	0.538462	-0.0235462	-0.015235	-0.0117265
37	22	0.948718	0.564103	-0.0235348	0.0496243	-0.945629
37	23	0.948718	0.589744	0.0436617	-0.0308119	-1.62625
37	24	0.948718	0.615385	-0.102617	0.0368865	0.456594
37	25	0.948718	0.641026	0.0900017	-0.0264297	-3.1869
37	26	0.948718	0.666667	-0.137442	-0.0139162	1.22828
37	27	0.948718	0.692308	0.0698376	-0.00950983	-3.53891
37	28	0.948718	0.717949	-0.0939846	-0.0839212	0.429988
37	29	0.948718	0.74359	-0.0309928	-0.00879736	-2.18656
37	30	0.948718	0.769231	-0.00167769	-0.14478	-1.75581
37	31	0.948718	0.794872	-0.168585	-0.064468	0.0944911
37	32	0.948718	0.820513	0.0709899	-0.186686	-3.79955
37	33	0.948718	0.846154	-0.247324	-0.181339	1.66945
37	34	0.948718	0.871795	0.0885004	-0.212197	-3.95752
37	35	0.948718	0.897436	-0.179978	-0.283969	1.50848
37	36	0.948718	0.923077	0.1165	-0.200298	-1.96531
37	37	0.948718	0.948718	0.114396	-0.233743	0.47135
37	38	0.948718	0.974359	0.459482	-0.0772382	0.14204
37	39	0.948718	1	1	0	0
38	0	0.974359	0	0	0	-0.158913
38	1	0.974359	0.025641	-0.00193216	-0.000428207	-0.158913
38	2	0.974359	0.0512821	-0.00482531	0.00122604	-0.158382
38	3	0.974359	0.0769231	0.00293929	-0.000540491	-0.181983
38	4	0.974359	0.102564	-0.0105555	0.00307608	-0.121287
38	5	0.974359	0.128205	0.00764408	0.00251098	-0.23268
38	6	0.974359	0.153846	-0.0111076	0.00325294	-0.115123
38	7	0.974359	0.179487	0.00297685	0.00709654	-0.251461
38	8	0.974359	0.205128	-0.00149039	0.0032571	-0.186926
38	9	0.974359	0.230769	-0.0104425	0.0103416	-0.224499
38	10	0.974359	0.25641	0.0120052	0.00526891	-0.317973
38	11	0.974359	0.282051	-0.0216885	0.0104785	-0.200126
38	12	0.974359	0.307692	0.0168302	0.00984914	-0.44084
38	13	0.974359	0.333333	-0.0188321	0.00853932	-0.251803
38	14	0.974359	0.358974	0.00505721	0.0153276	-0.497312
38	15	0.974359	0.384615	-0.000321386	0.00728892	-0.419093
38	16	0.974359	0.410256	-0.0187557	0.0184107	-0.486134
38	17	0.974359	0.435897	0.0221179	0.00882666	-0.667616
38	18	0.974359	0.461538	-0.0381668	0.0166852	-0.473197
38	19	0.974359	0.487179	0.0307061	0.0136411	-0.902603
38	20	0.974359	0.512821	-0.0357158	0.011134	-0.563869
38	21	0.974359	0.538462	0.0128137	0.0196148	-1.03018
38	22	0.974359	0.564103	-0.00763282	0.00477125	-0.833374
38	23	0.974359	0.589744	-0.0281524	0.020604	-1.02299
38	24	0.974359	0.615385	0.0299816	-0.0005606	-1.24055
38	25	0.974359	0.641026	-0.0680477	0.00987778	-0.958392
38	26	0.974359	0.666667	0.0490139	-0.00484735	-1.6138
38	27	0.974359	0.692308	-0.0754529	-0.0127715	-0.997813
38	28	0.974359	0.717949	0.0260206	-0.0117037	-1.76307
38	29	0.974359	0.74359	-0.0408601	-0.0423892	-1.25432
38	30	0.974359	0.769231	-0.0376708	-0.0334145	-1.62253
38	31	0.974359	0.794872	0.00932079	-0.0786161	-1.59826
38	32	0.974359	0.820513	-0.103374	-0.084184	-1.27769
38	33	0.974359	0.846154	0.0367337	-0.124389	-1.62778
38	34	0.974359	0.871795	-0.115172	-0.15537	-0.821047
38	35	0.974359	0.897436	0.0369053	-0.168761	-0.929198
38	36	0.974359	0.923077	-0.0284983	-0.194783	-0.0794248
38	37	0.974359	0.948718	0.12427	-0.152557	0.559082
38	38	0.974359	0.974359	0.340408	-0.0491543	1.46316
38	39	0.974359	1	1	0	0
39	0	1	0	0	0	-0.158913
39	1	1	0.025641	0	0	-0.158913
39	2	1	0.0512821	0	0	-0.158382
39	3	1	0.0769231	0	0	-0.181983
39	4	1	0.102564	0	0	-0.121287
39	5	1	0.128205	0	0	-0.23268
39	6	1	0.153846	0	0	-0.115123
39	7	1	0.179487	0	0	-0.251461
39	8	1	0.205128	0	0	-0.186926
39	9	1	0.230769	0	0	-0.224499
39	10	1	0.25641	0	0	-0.317973
39	11	1	0.282051	0	0	-0.200126
39	12	1	0.307692	0	0	-0.44084
39	13	1	0.333333	0	0	-0.251803
39	14	1	0.358974	0	0	-0.497312
39	15	1	0.384615	0	0	-0.419093
39	16	1	0.410256	0	0	-0.486134
39	17	1	0.435897	0	0	-0.667616
39	18	1	0.461538	0	0	-0.473197
39	19	1	0.487179	0	0	-0.902603
39	20	1	0.512821	0	0	-0.563869
39	21	1	0.538462	0	0	-1.03018
39	22	1	0.564103	0	0	-0.833374
39	23	1	0.589744	0	0	-1.02299
39	24	1	0.615385	0	0	-1.24055
39	25	1	0.641026	0	0	-0.958392
39	26	1	0.666667	0	0	-1.6138
39	27	1	0.692308	0	0	-0.997813
39	28	1	0.717949	0	0	-1.76307
39	29	1	0.74359	0	0	-1.25432
39	30	1	0.769231	0	0	-1.62253
39	31	1	0.794872	0	0	-1.59826
39	32	1	0.820513	0	0	-1.27769
39	33	1	0.846154	0	0	-1.62778
39	34	1	0.871795	0	0	-0.821047
39	35	1	0.897436	0	0	-0.929198
39	36	1	0.923077	0	0	-0.0794248
39	37	1	0.948718	0	0	0.559082
39	38	1	0.974359	0	0	1.46316
39	39	1	1	1	0	0
