# i		j		x		y		u		v		p
# nx		ny		
# 40		40
# =================================
0	0	0	0	0	0	1.1319
0	1	0	0.025641	0	0	1.1319
0	2	0	0.0512821	0	0	1.14032
0	3	0	0.0769231	0	0	1.1479
0	4	0	0.102564	0	0	1.15454
0	5	0	0.128205	0	0	1.16061
0	6	0	0.153846	0	0	1.16519
0	7	0	0.179487	0	0	1.16943
0	8	0	0.205128	0	0	1.17215
0	9	0	0.230769	0	0	1.17395
0	10	0	0.25641	0	0	1.17494
0	11	0	0.282051	0	0	1.17371
0	12	0	0.307692	0	0	1.17257
0	13	0	0.333333	0	0	1.16826
0	14	0	0.358974	0	0	1.16376
0	15	0	0.384615	0	0	1.15677
0	16	0	0.410256	0	0	1.14738
0	17	0	0.435897	0	0	1.13753
0	18	0	0.461538	0	0	1.12253
0	19	0	0.487179	0	0	1.10804
0	20	0	0.512821	0	0	1.08788
0	21	0	0.538462	0	0	1.06567
0	22	0	0.564103	0	0	1.04047
0	23	0	0.589744	0	0	1.00806
0	24	0	0.615385	0	0	0.975102
0	25	0	0.641026	0	0	0.931789
0	26	0	0.666667	0	0	0.884588
0	27	0	0.692308	0	0	0.829157
0	28	0	0.717949	0	0	0.759337
0	29	0	0.74359	0	0	0.683841
0	30	0	0.769231	0	0	0.582089
0	31	0	0.794872	0	0	0.465184
0	32	0	0.820513	0	0	0.313432
0	33	0	0.846154	0	0	0.11452
0	34	0	0.871795	0	0	-0.135505
0	35	0	0.897436	0	0	-0.486746
0	36	0	0.923077	0	0	-0.935579
0	37	0	0.948718	0	0	-1.4998
0	38	0	0.974359	0	0	-2.37894
0	39	0	1	1	0	0
1	0	0.025641	0	0	0	1.1319
1	1	0.025641	0.025641	-0.00437876	-0.000693174	1.1319
1	2	0.025641	0.0512821	-0.00600192	-0.00113351	1.14032
1	3	0.025641	0.0769231	-0.00671333	-0.000937482	1.1479
1	4	0.025641	0.102564	-0.0071502	-0.000355578	1.15454
1	5	0.025641	0.128205	-0.00739322	0.000555316	1.16061
1	6	0.025641	0.153846	-0.00768636	0.00172563	1.16519
1	7	0.025641	0.179487	-0.007848	0.00313358	1.16943
1	8	0.025641	0.205128	-0.00808142	0.00478644	1.17215
1	9	0.025641	0.230769	-0.0082868	0.00661997	1.17395
1	10	0.025641	0.25641	-0.00841813	0.00871038	1.17494
1	11	0.025641	0.282051	-0.00872946	0.0109661	1.17371
1	12	0.025641	0.307692	-0.00877214	0.0134618	1.17257
1	13	0.025641	0.333333	-0.00913334	0.0161724	1.16826
1	14	0.025641	0.358974	-0.00922306	0.0190632	1.16376
1	15	0.025641	0.384615	-0.00946984	0.0222563	1.15677
1	16	0.025641	0.410256	-0.00978484	0.025581	1.14738
1	17	0.025641	0.435897	-0.00980058	0.0292501	1.13753
1	18	0.025641	0.461538	-0.0103672	0.033098	1.12253
1	19	0.025641	0.487179	-0.0102725	0.037224	1.10804
1	20	0.025641	0.512821	-0.0108529	0.0416868	1.08788
1	21	0.025641	0.538462	-0.0109963	0.0463092	1.06567
1	22	0.025641	0.564103	-0.0112621	0.0514222	1.04047
1	23	0.025641	0.589744	-0.0119161	0.0566931	1.00806
1	24	0.025641	0.615385	-0.0118389	0.0624518	0.975102
1	25	0.025641	0.641026	-0.0128589	0.0685998	0.931789
1	26	0.025641	0.666667	-0.0129094	0.0750904	0.884588
1	27	0.025641	0.692308	-0.0138081	0.082317	0.829157
1	28	0.025641	0.717949	-0.0146026	0.089853	0.759337
1	29	0.025641	0.74359	-0.0151208	0.0982875	0.683841
1	30	0.025641	0.769231	-0.016701	0.107329	0.582089
1	31	0.025641	0.794872	-0.0171384	0.117021	0.465184
1	32	0.025641	0.820513	-0.0183435	0.127552	0.313432
1	33	0.025641	0.846154	-0.0180498	0.13771	0.11452
1	34	0.025641	0.871795	-0.0143918	0.146858	-0.135505
1	35	0.025641	0.897436	-0.00366771	0.150895	-0.486746
1	36	0.025641	0.923077	0.0294085	0.142098	-0.935579
1	37	0.025641	0.948718	0.114787	0.106237	-1.4998
1	38	0.025641	0.974359	0.344119	-0.0208844	-2.37894
1	39	0.025641	1	1	0	0
2	0	0.0512821	0	0	0	1.06782
2	1	0.0512821	0.025641	-0.00328461	-0.000560263	1.06782
2	2	0.0512821	0.0512821	-0.00525422	-0.000822095	1.07154
2	3	0.0512821	0.0769231	-0.00653419	-0.0004451	1.0756
2	4	0.0512821	0.102564	-0.00736718	0.000628301	1.08134
2	5	0.0512821	0.128205	-0.00814809	0.00222025	1.08394
2	6	0.0512821	0.153846	-0.00865448	0.00435334	1.08975
2	7	0.0512821	0.179487	-0.00929661	0.00696493	1.0906
2	8	0.0512821	0.205128	-0.00975764	0.00992253	1.09383
2	9	0.0512821	0.230769	-0.0102457	0.0134387	1.09508
2	10	0.0512821	0.25641	-0.0108443	0.0171572	1.09256
2	11	0.0512821	0.282051	-0.0111322	0.0214589	1.09556
2	12	0.0512821	0.307692	-0.0119067	0.0260204	1.08687
2	13	0.0512821	0.333333	-0.0121178	0.0309817	1.08869
2	14	0.0512821	0.358974	-0.0128713	0.0364995	1.07821
2	15	0.0512821	0.384615	-0.0133223	0.0420986	1.07173
2	16	0.0512821	0.410256	-0.013743	0.048559	1.06543
2	17	0.0512821	0.435897	-0.0147019	0.0549774	1.04525
2	18	0.0512821	0.461538	-0.0147081	0.0621959	1.04308
2	19	0.0512821	0.487179	-0.0160458	0.0697384	1.01268
2	20	0.0512821	0.512821	-0.0160524	0.0775448	1.00408
2	21	0.0512821	0.538462	-0.0171868	0.0863672	0.975093
2	22	0.0512821	0.564103	-0.0179076	0.0948947	0.945514
2	23	0.0512821	0.589744	-0.0182908	0.104795	0.92555
2	24	0.0512821	0.615385	-0.0200818	0.114531	0.870994
2	25	0.0512821	0.641026	-0.0199016	0.125124	0.84992
2	26	0.0512821	0.666667	-0.0222589	0.136513	0.783507
2	27	0.0512821	0.692308	-0.0225573	0.147713	0.735783
2	28	0.0512821	0.717949	-0.0244643	0.160569	0.672548
2	29	0.0512821	0.74359	-0.0261965	0.172735	0.578937
2	30	0.0512821	0.769231	-0.0270403	0.185945	0.508615
2	31	0.0512821	0.794872	-0.0294911	0.198764	0.373477
2	32	0.0512821	0.820513	-0.0286237	0.20985	0.252853
2	33	0.0512821	0.846154	-0.0270637	0.219224	0.0881121
2	34	0.0512821	0.871795	-0.0177572	0.221072	-0.128095
2	35	0.0512821	0.897436	0.00623322	0.212368	-0.336453
2	36	0.0512821	0.923077	0.0619865	0.182241	-0.64163
2	37	0.0512821	0.948718	0.188706	0.120597	-0.870422
2	38	0.0512821	0.974359	0.455248	0.00167872	-1.22229
2	39	0.0512821	1	1	0	0
3	0	0.0769231	0	0	0	1.00647
3	1	0.0769231	0.025641	-0.00311957	-0.000220343	1.00647
3	2	0.0769231	0.0512821	-0.00562469	-0.000164332	1.00874
3	3	0.0769231	0.0769231	-0.00755066	0.000668956	1.01322
3	4	0.0769231	0.102564	-0.00919263	0.00214776	1.01443
3	5	0.0769231	0.128205	-0.0104484	0.0044686	1.02152
3	6	0.0769231	0.153846	-0.0117484	0.00740279	1.01974
3	7	0.0769231	0.179487	-0.0127295	0.0109362	1.02636
3	8	0.0769231	0.205128	-0.0138329	0.0152269	1.02486
3	9	0.0769231	0.230769	-0.0148196	0.0197798	1.02469
3	10	0.0769231	0.25641	-0.0156879	0.0252795	1.02884
3	11	0.0769231	0.282051	-0.0168718	0.0309096	1.01724
3	12	0.0769231	0.307692	-0.0175229	0.0373648	1.02695
3	13	0.0769231	0.333333	-0.018867	0.0443068	1.00823
3	14	0.0769231	0.358974	-0.0195542	0.0514933	1.01269
3	15	0.0769231	0.384615	-0.0207429	0.0598769	1.00058
3	16	0.0769231	0.410256	-0.0218886	0.0678727	0.983957
3	17	0.0769231	0.435897	-0.0225737	0.0774541	0.989492
3	18	0.0769231	0.461538	-0.0243999	0.0867349	0.947158
3	19	0.0769231	0.487179	-0.0246514	0.096983	0.962081
3	20	0.0769231	0.512821	-0.0267936	0.10807	0.912271
3	21	0.0769231	0.538462	-0.0273216	0.118686	0.906974
3	22	0.0769231	0.564103	-0.0289189	0.131524	0.879743
3	23	0.0769231	0.589744	-0.0306501	0.142928	0.82673
3	24	0.0769231	0.615385	-0.031089	0.156646	0.831879
3	25	0.0769231	0.641026	-0.0342523	0.169722	0.73746
3	26	0.0769231	0.666667	-0.0339866	0.183226	0.742343
3	27	0.0769231	0.692308	-0.0375401	0.198179	0.648768
3	28	0.0769231	0.717949	-0.0379161	0.211025	0.599277
3	29	0.0769231	0.74359	-0.0399745	0.226197	0.540846
3	30	0.0769231	0.769231	-0.0414509	0.238178	0.415356
3	31	0.0769231	0.794872	-0.0397798	0.249645	0.368601
3	32	0.0769231	0.820513	-0.0386253	0.25781	0.204087
3	33	0.0769231	0.846154	-0.0276311	0.258636	0.0998235
3	34	0.0769231	0.871795	-0.00918921	0.252139	-0.0519091
3	35	0.0769231	0.897436	0.0341043	0.228494	-0.241824
3	36	0.0769231	0.923077	0.116242	0.184954	-0.36473
3	37	0.0769231	0.948718	0.27166	0.116813	-0.523846
3	38	0.0769231	0.974359	0.545487	0.0210583	-0.604081
3	39	0.0769231	1	1	0	0
4	0	0.102564	0	0	0	0.942075
4	1	0.102564	0.025641	-0.00323977	0.000117141	0.942075
4	2	0.102564	0.0512821	-0.0062905	0.000651076	0.945003
4	3	0.102564	0.0769231	-0.00901151	0.00182668	0.946086
4	4	0.102564	0.102564	-0.0113477	0.00397854	0.952571
4	5	0.102564	0.128205	-0.0135182	0.00678392	0.949647
4	6	0.102564	0.153846	-0.015345	0.0104817	0.958877
4	7	0.102564	0.179487	-0.0172131	0.0149557	0.953457
4	8	0.102564	0.205128	-0.0188021	0.0199152	0.958843
4	9	0.102564	0.230769	-0.0204555	0.0259906	0.958717
4	10	0.102564	0.25641	-0.0220701	0.0321332	0.950601
4	11	0.102564	0.282051	-0.0234914	0.0395555	0.962246
4	12	0.102564	0.307692	-0.0253031	0.0471301	0.938424
4	13	0.102564	0.333333	-0.0265566	0.0554871	0.955276
4	14	0.102564	0.358974	-0.0284895	0.064841	0.929886
4	15	0.102564	0.384615	-0.0298693	0.0738989	0.929685
4	16	0.102564	0.410256	-0.0315797	0.0850066	0.926513
4	17	0.102564	0.435897	-0.0335038	0.095097	0.887868
4	18	0.102564	0.461538	-0.0346686	0.107295	0.915945
4	19	0.102564	0.487179	-0.0372742	0.119235	0.845077
4	20	0.102564	0.512821	-0.0380629	0.131613	0.876968
4	21	0.102564	0.538462	-0.0408228	0.145926	0.816153
4	22	0.102564	0.564103	-0.0420745	0.158226	0.798557
4	23	0.102564	0.589744	-0.0439548	0.174225	0.794528
4	24	0.102564	0.615385	-0.0466117	0.187304	0.69596
4	25	0.102564	0.641026	-0.0469206	0.203063	0.746467
4	26	0.102564	0.666667	-0.0508973	0.21797	0.600731
4	27	0.102564	0.692308	-0.0500842	0.231527	0.635924
4	28	0.102564	0.717949	-0.0534631	0.247454	0.524305
4	29	0.102564	0.74359	-0.0524968	0.257837	0.461706
4	30	0.102564	0.769231	-0.0515936	0.270605	0.431559
4	31	0.102564	0.794872	-0.0488848	0.276397	0.26271
4	32	0.102564	0.820513	-0.0375622	0.278554	0.26646
4	33	0.102564	0.846154	-0.0229207	0.273475	0.0747772
4	34	0.102564	0.871795	0.0138311	0.254772	0.0215694
4	35	0.102564	0.897436	0.070546	0.224493	-0.101989
4	36	0.102564	0.923077	0.175642	0.173532	-0.209893
4	37	0.102564	0.948718	0.345071	0.107894	-0.226971
4	38	0.102564	0.974359	0.611279	0.0352026	-0.242603
4	39	0.102564	1	1	0	0
5	0	0.128205	0	0	0	0.876797
5	1	0.128205	0.025641	-0.00369692	0.000461298	0.876797
5	2	0.128205	0.0512821	-0.007428	0.00129548	0.879085
5	3	0.128205	0.0769231	-0.0109453	0.00308922	0.883606
5	4	0.128205	0.102564	-0.0141567	0.00555733	0.882168
5	5	0.128205	0.128205	-0.0171017	0.00909936	0.8909
5	6	0.128205	0.153846	-0.0198465	0.0133402	0.884213
5	7	0.128205	0.179487	-0.0223365	0.0184026	0.894089
5	8	0.128205	0.205128	-0.0248366	0.0244714	0.887783
5	9	0.128205	0.230769	-0.0270722	0.0308173	0.888453
5	10	0.128205	0.25641	-0.0294275	0.0386069	0.89342
5	11	0.128205	0.282051	-0.0316575	0.0463205	0.874635
5	12	0.128205	0.307692	-0.0338343	0.0554308	0.894594
5	13	0.128205	0.333333	-0.0362656	0.0649304	0.860761
5	14	0.128205	0.358974	-0.0382657	0.0748427	0.879326
5	15	0.128205	0.384615	-0.0408735	0.0864575	0.855755
5	16	0.128205	0.410256	-0.0429261	0.09705	0.840866
5	17	0.128205	0.435897	-0.0453697	0.110427	0.856432
5	18	0.128205	0.461538	-0.0478788	0.122352	0.789076
5	19	0.128205	0.487179	-0.0497595	0.136338	0.841335
5	20	0.128205	0.512821	-0.0528807	0.150619	0.74764
5	21	0.128205	0.538462	-0.054264	0.164034	0.78388
5	22	0.128205	0.564103	-0.0574179	0.180852	0.731411
5	23	0.128205	0.589744	-0.0590731	0.193655	0.679774
5	24	0.128205	0.615385	-0.0610157	0.211306	0.721038
5	25	0.128205	0.641026	-0.0637552	0.224746	0.561586
5	26	0.128205	0.666667	-0.0634372	0.240066	0.666103
5	27	0.128205	0.692308	-0.0666341	0.254888	0.474414
5	28	0.128205	0.717949	-0.0639329	0.265069	0.527958
5	29	0.128205	0.74359	-0.0641904	0.278721	0.424812
5	30	0.128205	0.769231	-0.0586331	0.28227	0.3261
5	31	0.128205	0.794872	-0.049165	0.287659	0.35935
5	32	0.128205	0.820513	-0.0351171	0.282065	0.130564
5	33	0.128205	0.846154	-0.00377324	0.269323	0.218
5	34	0.128205	0.871795	0.0380925	0.247023	-0.00273005
5	35	0.128205	0.897436	0.116972	0.2078	0.0271108
5	36	0.128205	0.923077	0.230433	0.159643	-0.0644969
5	37	0.128205	0.948718	0.409404	0.0985051	-0.0672163
5	38	0.128205	0.974359	0.660646	0.0430267	0.00168037
5	39	0.128205	1	1	0	0
6	0	0.153846	0	0	0	0.811072
6	1	0.153846	0.025641	-0.00443086	0.000700594	0.811072
6	2	0.153846	0.0512821	-0.00899071	0.00194097	0.814723
6	3	0.153846	0.0769231	-0.0133192	0.00400431	0.816048
6	4	0.153846	0.102564	-0.0174913	0.00713033	0.821747
6	5	0.153846	0.128205	-0.0212404	0.0109438	0.817995
6	6	0.153846	0.153846	-0.0248745	0.0158272	0.82757
6	7	0.153846	0.179487	-0.0282373	0.0214823	0.818965
6	8	0.153846	0.205128	-0.0313894	0.0278377	0.827164
6	9	0.153846	0.230769	-0.0346464	0.0353953	0.822243
6	10	0.153846	0.25641	-0.0374707	0.0430623	0.816682
6	11	0.153846	0.282051	-0.040699	0.0523467	0.82693
6	12	0.153846	0.307692	-0.0434998	0.0615501	0.799357
6	13	0.153846	0.333333	-0.0465302	0.0720402	0.823622
6	14	0.153846	0.358974	-0.0496456	0.0832776	0.785891
6	15	0.153846	0.384615	-0.0523056	0.0944209	0.799062
6	16	0.153846	0.410256	-0.0557845	0.10788	0.784329
6	17	0.153846	0.435897	-0.0582381	0.119713	0.749969
6	18	0.153846	0.461538	-0.0616174	0.134644	0.785506
6	19	0.153846	0.487179	-0.06438	0.148059	0.693761
6	20	0.153846	0.512821	-0.0669506	0.162872	0.760521
6	21	0.153846	0.538462	-0.0703297	0.178857	0.65947
6	22	0.153846	0.564103	-0.0718412	0.192241	0.68198
6	23	0.153846	0.589744	-0.0751775	0.21032	0.657283
6	24	0.153846	0.615385	-0.0762201	0.222495	0.556881
6	25	0.153846	0.641026	-0.077785	0.239749	0.652827
6	26	0.153846	0.666667	-0.0789398	0.252132	0.43559
6	27	0.153846	0.692308	-0.0768217	0.264206	0.582719
6	28	0.153846	0.717949	-0.0765988	0.276755	0.371737
6	29	0.153846	0.74359	-0.0693316	0.280264	0.414492
6	30	0.153846	0.769231	-0.0621366	0.288348	0.360504
6	31	0.153846	0.794872	-0.0466012	0.28176	0.196236
6	32	0.153846	0.820513	-0.021515	0.27606	0.329006
6	33	0.153846	0.846154	0.0133761	0.257127	0.0294501
6	34	0.153846	0.871795	0.0749002	0.228457	0.218904
6	35	0.153846	0.897436	0.156702	0.192434	-0.0200267
6	36	0.153846	0.923077	0.286411	0.141262	0.0913015
6	37	0.153846	0.948718	0.460877	0.0914673	0.0397079
6	38	0.153846	0.974359	0.699698	0.046691	0.13886
6	39	0.153846	1	1	0	0
7	0	0.179487	0	0	0	0.745552
7	1	0.179487	0.025641	-0.00540328	0.000906297	0.745552
7	2	0.179487	0.0512821	-0.0108382	0.00236864	0.749493
7	3	0.179487	0.0769231	-0.0162033	0.0048694	0.752433
7	4	0.179487	0.102564	-0.0210973	0.00819123	0.753674
7	5	0.179487	0.128205	-0.0259718	0.0126029	0.758719
7	6	0.179487	0.153846	-0.0302786	0.0176764	0.754109
7	7	0.179487	0.179487	-0.0345823	0.0238079	0.762922
7	8	0.179487	0.205128	-0.0386596	0.0307164	0.753353
7	9	0.179487	0.230769	-0.0423925	0.0382658	0.759781
7	10	0.179487	0.25641	-0.0465461	0.0470878	0.75515
7	11	0.179487	0.282051	-0.0498881	0.0559396	0.745857
7	12	0.179487	0.307692	-0.0540566	0.0664521	0.757742
7	13	0.179487	0.333333	-0.0574636	0.0769068	0.725954
7	14	0.179487	0.358974	-0.0612301	0.088498	0.750003
7	15	0.179487	0.384615	-0.0651936	0.101064	0.712197
7	16	0.179487	0.410256	-0.0682093	0.113149	0.71829
7	17	0.179487	0.435897	-0.072724	0.12784	0.711417
7	18	0.179487	0.461538	-0.0752151	0.140545	0.662482
7	19	0.179487	0.487179	-0.079454	0.156242	0.709698
7	20	0.179487	0.512821	-0.082193	0.170543	0.60566
7	21	0.179487	0.538462	-0.0849204	0.185293	0.673432
7	22	0.179487	0.564103	-0.0883584	0.201938	0.579369
7	23	0.179487	0.589744	-0.0889212	0.214344	0.577502
7	24	0.179487	0.615385	-0.0920657	0.232038	0.587141
7	25	0.179487	0.641026	-0.0908685	0.242498	0.44148
7	26	0.179487	0.666667	-0.0910451	0.257124	0.58092
7	27	0.179487	0.692308	-0.088328	0.26695	0.330893
7	28	0.179487	0.717949	-0.0821553	0.273253	0.490448
7	29	0.179487	0.74359	-0.075207	0.281336	0.301493
7	30	0.179487	0.769231	-0.0591085	0.27595	0.298098
7	31	0.179487	0.794872	-0.0396044	0.275872	0.331208
7	32	0.179487	0.820513	-0.0070611	0.258273	0.0850125
7	33	0.179487	0.846154	0.0401974	0.240301	0.328383
7	34	0.179487	0.871795	0.105199	0.210571	-0.0233004
7	35	0.179487	0.897436	0.202994	0.170251	0.243458
7	36	0.179487	0.923077	0.330612	0.129969	0.027058
7	37	0.179487	0.948718	0.507684	0.0803325	0.168244
7	38	0.179487	0.974359	0.729318	0.0494465	0.215152
7	39	0.179487	1	1	0	0
8	0	0.205128	0	0	0	0.680772
8	1	0.205128	0.025641	-0.00651964	0.00106639	0.680772
8	2	0.205128	0.0512821	-0.01304	0.00268097	0.68418
8	3	0.205128	0.0769231	-0.0191989	0.0054213	0.688868
8	4	0.205128	0.102564	-0.0253005	0.00909957	0.689293
8	5	0.205128	0.128205	-0.0307173	0.0135759	0.691971
8	6	0.205128	0.153846	-0.0362475	0.0191725	0.694862
8	7	0.205128	0.179487	-0.0411748	0.0252925	0.689628
8	8	0.205128	0.205128	-0.0460586	0.0325549	0.698606
8	9	0.205128	0.230769	-0.0509567	0.0404667	0.685699
8	10	0.205128	0.25641	-0.0551902	0.0490372	0.693909
8	11	0.205128	0.282051	-0.0602808	0.0588807	0.68541
8	12	0.205128	0.307692	-0.0641547	0.0686313	0.676544
8	13	0.205128	0.333333	-0.0691347	0.0801465	0.687
8	14	0.205128	0.358974	-0.0732743	0.0914283	0.652415
8	15	0.205128	0.384615	-0.0774765	0.103868	0.677468
8	16	0.205128	0.410256	-0.0824054	0.11722	0.635839
8	17	0.205128	0.435897	-0.0854229	0.129876	0.641556
8	18	0.205128	0.461538	-0.0908547	0.145174	0.634026
8	19	0.205128	0.487179	-0.0931144	0.158156	0.580748
8	20	0.205128	0.512821	-0.0976573	0.173935	0.629873
8	21	0.205128	0.538462	-0.100187	0.188205	0.522644
8	22	0.205128	0.564103	-0.102015	0.202142	0.586192
8	23	0.205128	0.589744	-0.10518	0.218128	0.500763
8	24	0.205128	0.615385	-0.103291	0.228696	0.480711
8	25	0.205128	0.641026	-0.10535	0.244286	0.512569
8	26	0.205128	0.666667	-0.0999863	0.251938	0.344547
8	27	0.205128	0.692308	-0.0968166	0.262029	0.499663
8	28	0.205128	0.717949	-0.0877377	0.267792	0.25403
8	29	0.205128	0.74359	-0.0739693	0.266768	0.391894
8	30	0.205128	0.769231	-0.0569524	0.268529	0.260178
8	31	0.205128	0.794872	-0.0265184	0.253911	0.193177
8	32	0.205128	0.820513	0.00962447	0.244454	0.320185
8	33	0.205128	0.846154	0.0662142	0.217917	0.0149801
8	34	0.205128	0.871795	0.139971	0.189619	0.329969
8	35	0.205128	0.897436	0.240622	0.155101	-0.0123618
8	36	0.205128	0.923077	0.374674	0.111451	0.261755
8	37	0.205128	0.948718	0.543905	0.0766759	0.118746
8	38	0.205128	0.974359	0.754327	0.0465051	0.280852
8	39	0.205128	1	1	0	0
9	0	0.230769	0	0	0	0.616207
9	1	0.230769	0.025641	-0.00777226	0.00110249	0.616207
9	2	0.230769	0.0512821	-0.0153008	0.00295199	0.622166
9	3	0.230769	0.0769231	-0.0226338	0.00572598	0.621447
9	4	0.230769	0.102564	-0.0293487	0.00957161	0.629464
9	5	0.230769	0.128205	-0.0360705	0.0143332	0.625468
9	6	0.230769	0.153846	-0.0420212	0.0197152	0.629789
9	7	0.230769	0.179487	-0.0481057	0.0263732	0.631788
9	8	0.230769	0.205128	-0.0537243	0.0332562	0.622818
9	9	0.230769	0.230769	-0.0591107	0.0414593	0.636365
9	10	0.230769	0.25641	-0.0648437	0.0501328	0.615186
9	11	0.230769	0.282051	-0.0695853	0.059408	0.629655
9	12	0.230769	0.307692	-0.0754788	0.0700871	0.614574
9	13	0.230769	0.333333	-0.0799826	0.0802929	0.606378
9	14	0.230769	0.358974	-0.0854952	0.0926059	0.61847
9	15	0.230769	0.384615	-0.0904388	0.10421	0.575157
9	16	0.230769	0.410256	-0.0947618	0.11715	0.609807
9	17	0.230769	0.435897	-0.100496	0.130792	0.554839
9	18	0.230769	0.461538	-0.103284	0.143434	0.569835
9	19	0.230769	0.487179	-0.109072	0.158849	0.554185
9	20	0.230769	0.512821	-0.110939	0.171268	0.501553
9	21	0.230769	0.538462	-0.114794	0.186575	0.552355
9	22	0.230769	0.564103	-0.116806	0.199738	0.438314
9	23	0.230769	0.589744	-0.116405	0.212171	0.507576
9	24	0.230769	0.615385	-0.118473	0.226213	0.416783
9	25	0.230769	0.641026	-0.112554	0.23407	0.399769
9	26	0.230769	0.666667	-0.111776	0.246185	0.429869
9	27	0.230769	0.692308	-0.100394	0.249907	0.269597
9	28	0.230769	0.717949	-0.0908373	0.254389	0.412952
9	29	0.230769	0.74359	-0.073099	0.254726	0.199067
9	30	0.230769	0.769231	-0.0472439	0.246281	0.302162
9	31	0.230769	0.794872	-0.0172418	0.240624	0.229417
9	32	0.230769	0.820513	0.0330342	0.218468	0.123852
9	33	0.230769	0.846154	0.0890182	0.200356	0.300185
9	34	0.230769	0.871795	0.174278	0.16907	0.00617702
9	35	0.230769	0.897436	0.275951	0.135307	0.309024
9	36	0.230769	0.923077	0.411422	0.102816	0.0581584
9	37	0.230769	0.948718	0.576127	0.0647008	0.257571
9	38	0.230769	0.974359	0.773933	0.0472309	0.267818
9	39	0.230769	1	1	0	0
10	0	0.25641	0	0	0	0.553354
10	1	0.25641	0.025641	-0.00905795	0.00122161	0.553354
10	2	0.25641	0.0512821	-0.0177588	0.00290987	0.555806
10	3	0.25641	0.0769231	-0.0259289	0.00597247	0.564396
10	4	0.25641	0.102564	-0.0338387	0.00971561	0.558019
10	5	0.25641	0.128205	-0.0410381	0.0144082	0.569882
10	6	0.25641	0.153846	-0.0482438	0.0201232	0.562498
10	7	0.25641	0.179487	-0.0547576	0.0260989	0.565297
10	8	0.25641	0.205128	-0.0613201	0.0336238	0.571098
10	9	0.25641	0.230769	-0.0676185	0.0410141	0.552968
10	10	0.25641	0.25641	-0.073519	0.0498309	0.576014
10	11	0.25641	0.282051	-0.0799481	0.0590981	0.543609
10	12	0.25641	0.307692	-0.0852825	0.0686239	0.564381
10	13	0.25641	0.333333	-0.0917252	0.079975	0.546466
10	14	0.25641	0.358974	-0.0968971	0.0901517	0.5319
10	15	0.25641	0.384615	-0.102677	0.102952	0.55542
10	16	0.25641	0.410256	-0.108233	0.11447	0.492966
10	17	0.25641	0.435897	-0.112499	0.12735	0.546868
10	18	0.25641	0.461538	-0.118485	0.140946	0.472292
10	19	0.25641	0.487179	-0.120916	0.152791	0.498851
10	20	0.25641	0.512821	-0.126152	0.167944	0.478594
10	21	0.25641	0.538462	-0.127337	0.178898	0.418572
10	22	0.25641	0.564103	-0.129361	0.193183	0.484603
10	23	0.25641	0.589744	-0.130077	0.204299	0.347571
10	24	0.25641	0.615385	-0.126187	0.214476	0.442719
10	25	0.25641	0.641026	-0.125559	0.225658	0.326476
10	26	0.25641	0.666667	-0.114248	0.229875	0.334767
10	27	0.25641	0.692308	-0.107975	0.237835	0.344964
10	28	0.25641	0.717949	-0.0889808	0.236576	0.208674
10	29	0.25641	0.74359	-0.0692971	0.235476	0.335965
10	30	0.25641	0.769231	-0.0408641	0.229492	0.148053
10	31	0.25641	0.794872	0.00145581	0.214937	0.243964
10	32	0.25641	0.820513	0.0469515	0.202066	0.185015
10	33	0.25641	0.846154	0.12072	0.175351	0.109365
10	34	0.25641	0.871795	0.198635	0.151524	0.252653
10	35	0.25641	0.897436	0.312724	0.12003	0.0558568
10	36	0.25641	0.923077	0.441024	0.0875414	0.266374
10	37	0.25641	0.948718	0.604047	0.0613516	0.1471
10	38	0.25641	0.974359	0.790076	0.0414482	0.300107
10	39	0.25641	1	1	0	0
11	0	0.282051	0	0	0	0.490313
11	1	0.282051	0.025641	-0.0103692	0.00111428	0.490313
11	2	0.282051	0.0512821	-0.0201492	0.00305569	0.497228
11	3	0.282051	0.0769231	-0.0293832	0.00574517	0.493764
11	4	0.282051	0.102564	-0.0380108	0.00965975	0.506827
11	5	0.282051	0.128205	-0.0462947	0.0142335	0.49522
11	6	0.282051	0.153846	-0.0539549	0.0194389	0.508238
11	7	0.282051	0.179487	-0.0615546	0.025911	0.50189
11	8	0.282051	0.205128	-0.0685954	0.0322055	0.497776
11	9	0.282051	0.230769	-0.0756519	0.0402734	0.512475
11	10	0.282051	0.25641	-0.0824881	0.048002	0.481938
11	11	0.282051	0.282051	-0.0889852	0.0569818	0.514787
11	12	0.282051	0.307692	-0.0958802	0.0667039	0.474786
11	13	0.282051	0.333333	-0.101829	0.0760113	0.494698
11	14	0.282051	0.358974	-0.108605	0.0877633	0.484029
11	15	0.282051	0.384615	-0.114238	0.0975553	0.452365
11	16	0.282051	0.410256	-0.120163	0.110321	0.496949
11	17	0.282051	0.435897	-0.125796	0.121527	0.409683
11	18	0.282051	0.461538	-0.129919	0.133616	0.483576
11	19	0.282051	0.487179	-0.135336	0.146931	0.395239
11	20	0.282051	0.512821	-0.137146	0.157201	0.422296
11	21	0.282051	0.538462	-0.140867	0.171667	0.413699
11	22	0.282051	0.564103	-0.140628	0.180472	0.32827
11	23	0.282051	0.589744	-0.139842	0.193063	0.42907
11	24	0.282051	0.615385	-0.137788	0.201582	0.252195
11	25	0.282051	0.641026	-0.129416	0.208666	0.38847
11	26	0.282051	0.666667	-0.123761	0.216641	0.237921
11	27	0.282051	0.692308	-0.105916	0.21635	0.276115
11	28	0.282051	0.717949	-0.0910272	0.220264	0.272647
11	29	0.282051	0.74359	-0.0628974	0.213338	0.145518
11	30	0.282051	0.769231	-0.0296065	0.207607	0.288102
11	31	0.282051	0.794872	0.0116277	0.195388	0.0818858
11	32	0.282051	0.820513	0.0731964	0.176766	0.232169
11	33	0.282051	0.846154	0.136598	0.158639	0.115788
11	34	0.282051	0.871795	0.234114	0.130406	0.144557
11	35	0.282051	0.897436	0.335026	0.105594	0.186153
11	36	0.282051	0.923077	0.473348	0.0774453	0.130385
11	37	0.282051	0.948718	0.624504	0.0519597	0.222521
11	38	0.282051	0.974359	0.804322	0.0394485	0.257523
11	39	0.282051	1	1	0	0
12	0	0.307692	0	0	0	0.429401
12	1	0.307692	0.025641	-0.0116455	0.00117654	0.429401
12	2	0.307692	0.0512821	-0.0224881	0.00275579	0.431455
12	3	0.307692	0.0769231	-0.0326735	0.00569659	0.440675
12	4	0.307692	0.102564	-0.0421498	0.00912168	0.432063
12	5	0.307692	0.128205	-0.051144	0.0135423	0.447491
12	6	0.307692	0.153846	-0.0596787	0.0187388	0.434494
12	7	0.307692	0.179487	-0.0677371	0.0241634	0.443753
12	8	0.307692	0.205128	-0.0757432	0.031076	0.443314
12	9	0.307692	0.230769	-0.0831673	0.0375083	0.428995
12	10	0.307692	0.25641	-0.0908027	0.0456832	0.453188
12	11	0.307692	0.282051	-0.0979677	0.053619	0.41342
12	12	0.307692	0.307692	-0.105082	0.0623114	0.449401
12	13	0.307692	0.333333	-0.112268	0.0722485	0.411435
12	14	0.307692	0.358974	-0.118627	0.0810156	0.420102
12	15	0.307692	0.384615	-0.125662	0.0926923	0.425974
12	16	0.307692	0.410256	-0.131253	0.101943	0.371968
12	17	0.307692	0.435897	-0.137279	0.113999	0.437576
12	18	0.307692	0.461538	-0.142262	0.124762	0.332466
12	19	0.307692	0.487179	-0.146001	0.135376	0.413726
12	20	0.307692	0.512821	-0.150059	0.148089	0.329336
12	21	0.307692	0.538462	-0.150539	0.156283	0.337858
12	22	0.307692	0.564103	-0.152006	0.169456	0.359869
12	23	0.307692	0.589744	-0.148987	0.175838	0.234647
12	24	0.307692	0.615385	-0.144671	0.185949	0.380005
12	25	0.307692	0.641026	-0.13781	0.191792	0.162036
12	26	0.307692	0.666667	-0.124093	0.195023	0.334141
12	27	0.307692	0.692308	-0.110831	0.199974	0.165131
12	28	0.307692	0.717949	-0.0851971	0.194669	0.209909
12	29	0.307692	0.74359	-0.0589675	0.195196	0.228105
12	30	0.307692	0.769231	-0.0198012	0.182753	0.0670152
12	31	0.307692	0.794872	0.0291537	0.173688	0.278169
12	32	0.307692	0.820513	0.0857289	0.15677	-0.00273174
12	33	0.307692	0.846154	0.166665	0.135969	0.256838
12	34	0.307692	0.871795	0.250232	0.116175	0.0380406
12	35	0.307692	0.897436	0.368253	0.0887285	0.193676
12	36	0.307692	0.923077	0.491663	0.0680478	0.134309
12	37	0.307692	0.948718	0.646823	0.0450309	0.177596
12	38	0.307692	0.974359	0.814596	0.0344632	0.246706
12	39	0.307692	1	1	0	0
13	0	0.333333	0	0	0	0.368295
13	1	0.333333	0.025641	-0.0128347	0.00100608	0.368295
13	2	0.333333	0.0512821	-0.0247442	0.00271977	0.374043
13	3	0.333333	0.0769231	-0.0356818	0.00510638	0.371734
13	4	0.333333	0.102564	-0.0461055	0.00858216	0.382666
13	5	0.333333	0.128205	-0.0556503	0.0125186	0.371981
13	6	0.333333	0.153846	-0.0649187	0.0171298	0.385571
13	7	0.333333	0.179487	-0.0737004	0.0226347	0.37556
13	8	0.333333	0.205128	-0.0820128	0.0280808	0.378026
13	9	0.333333	0.230769	-0.090511	0.0350169	0.384191
13	10	0.333333	0.25641	-0.0981291	0.0414506	0.362412
13	11	0.333333	0.282051	-0.10637	0.0493057	0.390136
13	12	0.333333	0.307692	-0.113725	0.0572273	0.349915
13	13	0.333333	0.333333	-0.121265	0.065335	0.379486
13	14	0.333333	0.358974	-0.128713	0.075055	0.35212
13	15	0.333333	0.384615	-0.135022	0.0831627	0.344829
13	16	0.333333	0.410256	-0.14231	0.0941496	0.366794
13	17	0.333333	0.435897	-0.147225	0.102791	0.297685
13	18	0.333333	0.461538	-0.153137	0.113535	0.371397
13	19	0.333333	0.487179	-0.156835	0.123612	0.266253
13	20	0.333333	0.512821	-0.159522	0.132377	0.335953
13	21	0.333333	0.538462	-0.161683	0.143951	0.273463
13	22	0.333333	0.564103	-0.159591	0.149981	0.251079
13	23	0.333333	0.589744	-0.158293	0.161129	0.309604
13	24	0.333333	0.615385	-0.150725	0.165201	0.148641
13	25	0.333333	0.641026	-0.142187	0.172152	0.326287
13	26	0.333333	0.666667	-0.12842	0.175565	0.0899506
13	27	0.333333	0.692308	-0.108225	0.17458	0.268472
13	28	0.333333	0.717949	-0.0852745	0.17695	0.11892
13	29	0.333333	0.74359	-0.0500399	0.166898	0.128952
13	30	0.333333	0.769231	-0.0110051	0.164772	0.213937
13	31	0.333333	0.794872	0.0417456	0.148194	-0.0229534
13	32	0.333333	0.820513	0.106356	0.13682	0.291396
13	33	0.333333	0.846154	0.180995	0.118137	-0.083682
13	34	0.333333	0.871795	0.278951	0.0965188	0.281257
13	35	0.333333	0.897436	0.38383	0.0791216	-0.0118999
13	36	0.333333	0.923077	0.51729	0.0544036	0.212322
13	37	0.333333	0.948718	0.66006	0.0405215	0.11874
13	38	0.333333	0.974359	0.82499	0.02869	0.217746
13	39	0.333333	1	1	0	0
14	0	0.358974	0	0	0	0.308779
14	1	0.358974	0.025641	-0.0139492	0.000957492	0.308779
14	2	0.358974	0.0512821	-0.0266847	0.00232864	0.311596
14	3	0.358974	0.0769231	-0.0386282	0.00470863	0.316598
14	4	0.358974	0.102564	-0.0494293	0.00755323	0.313207
14	5	0.358974	0.128205	-0.0599666	0.0112292	0.322263
14	6	0.358974	0.153846	-0.0695489	0.015352	0.313331
14	7	0.358974	0.179487	-0.0789471	0.0199375	0.322479
14	8	0.358974	0.205128	-0.0880568	0.0253488	0.316053
14	9	0.358974	0.230769	-0.0964525	0.0306679	0.314225
14	10	0.358974	0.25641	-0.105479	0.0372264	0.321667
14	11	0.358974	0.282051	-0.113182	0.0434464	0.300285
14	12	0.358974	0.307692	-0.121863	0.0507073	0.323066
14	13	0.358974	0.333333	-0.129414	0.0582182	0.289944
14	14	0.358974	0.358974	-0.136969	0.0656405	0.309141
14	15	0.358974	0.384615	-0.144708	0.0745909	0.291554
14	16	0.358974	0.410256	-0.150418	0.0819987	0.275431
14	17	0.358974	0.435897	-0.157777	0.0917711	0.301078
14	18	0.358974	0.461538	-0.16152	0.0996109	0.233724
14	19	0.358974	0.487179	-0.166693	0.108759	0.297832
14	20	0.358974	0.512821	-0.168743	0.117679	0.208899
14	21	0.358974	0.538462	-0.169242	0.12462	0.256726
14	22	0.358974	0.564103	-0.169161	0.134389	0.219188
14	23	0.358974	0.589744	-0.162972	0.138482	0.173239
14	24	0.358974	0.615385	-0.158325	0.147007	0.252031
14	25	0.358974	0.641026	-0.144532	0.149049	0.081599
14	26	0.358974	0.666667	-0.130686	0.152598	0.259366
14	27	0.358974	0.692308	-0.108479	0.153872	0.0426614
14	28	0.358974	0.717949	-0.0800299	0.149051	0.189481
14	29	0.358974	0.74359	-0.0463981	0.149188	0.0965025
14	30	0.358974	0.769231	0.000914216	0.135707	0.0427459
14	31	0.358974	0.794872	0.0526902	0.131365	0.211879
14	32	0.358974	0.820513	0.121772	0.113174	-0.0991108
14	33	0.358974	0.846154	0.200449	0.10015	0.291929
14	34	0.358974	0.871795	0.294876	0.0830838	-0.124727
14	35	0.358974	0.897436	0.406607	0.0619754	0.264559
14	36	0.358974	0.923077	0.531382	0.0497304	-0.00832358
14	37	0.358974	0.948718	0.675685	0.0296329	0.179417
14	38	0.358974	0.974359	0.831978	0.0257554	0.161269
14	39	0.358974	1	1	0	0
15	0	0.384615	0	0	0	0.249763
15	1	0.384615	0.025641	-0.0148874	0.000810623	0.249763
15	2	0.384615	0.0512821	-0.0285412	0.00203512	0.252528
15	3	0.384615	0.0769231	-0.0409094	0.00396473	0.254894
15	4	0.384615	0.102564	-0.0527319	0.00655773	0.256904
15	5	0.384615	0.128205	-0.0633323	0.00952099	0.25571
15	6	0.384615	0.153846	-0.0738396	0.0131568	0.260718
15	7	0.384615	0.179487	-0.0835302	0.0170689	0.253968
15	8	0.384615	0.205128	-0.0929052	0.0214662	0.261103
15	9	0.384615	0.230769	-0.102391	0.0264045	0.253377
15	10	0.384615	0.25641	-0.110785	0.0313802	0.254362
15	11	0.384615	0.282051	-0.120206	0.0373089	0.255611
15	12	0.384615	0.307692	-0.128027	0.042943	0.24112
15	13	0.384615	0.333333	-0.136787	0.0495206	0.255885
15	14	0.384615	0.358974	-0.144596	0.0561229	0.228545
15	15	0.384615	0.384615	-0.151697	0.062826	0.244391
15	16	0.384615	0.410256	-0.159583	0.0705555	0.224927
15	17	0.384615	0.435897	-0.164312	0.0770925	0.215383
15	18	0.384615	0.461538	-0.171175	0.0854402	0.228933
15	19	0.384615	0.487179	-0.173521	0.0920558	0.177225
15	20	0.384615	0.512821	-0.176931	0.0996984	0.223827
15	21	0.384615	0.538462	-0.177119	0.106872	0.15167
15	22	0.384615	0.564103	-0.174125	0.112261	0.187058
15	23	0.384615	0.589744	-0.1713	0.119725	0.156455
15	24	0.384615	0.615385	-0.1597	0.122156	0.113904
15	25	0.384615	0.641026	-0.150643	0.127926	0.181264
15	26	0.384615	0.666667	-0.129544	0.128123	0.0366354
15	27	0.384615	0.692308	-0.108644	0.128734	0.181523
15	28	0.384615	0.717949	-0.0773684	0.127978	0.0132471
15	29	0.384615	0.74359	-0.0383146	0.120581	0.110456
15	30	0.384615	0.769231	0.0059425	0.118579	0.0779714
15	31	0.384615	0.794872	0.0678656	0.103856	-0.0230378
15	32	0.384615	0.820513	0.131482	0.0975462	0.189423
15	33	0.384615	0.846154	0.218577	0.0805611	-0.129071
15	34	0.384615	0.871795	0.309628	0.0667852	0.246182
15	35	0.384615	0.897436	0.423047	0.0536083	-0.105975
15	36	0.384615	0.923077	0.546244	0.035169	0.196746
15	37	0.384615	0.948718	0.68638	0.0278564	0.0299999
15	38	0.384615	0.974359	0.83859	0.0176166	0.149272
15	39	0.384615	1	1	0	0
16	0	0.410256	0	0	0	0.191048
16	1	0.410256	0.025641	-0.0157109	0.000620742	0.191048
16	2	0.410256	0.0512821	-0.0299232	0.00168248	0.194977
16	3	0.410256	0.0769231	-0.0431311	0.00319649	0.193351
16	4	0.410256	0.102564	-0.0550333	0.00524345	0.198928
16	5	0.410256	0.128205	-0.0665967	0.00778561	0.195959
16	6	0.410256	0.153846	-0.0770536	0.0104618	0.197333
16	7	0.410256	0.179487	-0.0873968	0.0138811	0.200687
16	8	0.410256	0.205128	-0.0972541	0.0172149	0.191522
16	9	0.410256	0.230769	-0.106542	0.0212044	0.20326
16	10	0.410256	0.25641	-0.116303	0.0254366	0.187494
16	11	0.410256	0.282051	-0.12475	0.0297109	0.196951
16	12	0.410256	0.307692	-0.134258	0.0349328	0.189739
16	13	0.410256	0.333333	-0.142287	0.0395236	0.18028
16	14	0.410256	0.358974	-0.15073	0.0453837	0.194111
16	15	0.410256	0.384615	-0.158696	0.0506892	0.161487
16	16	0.410256	0.410256	-0.16505	0.0565036	0.188045
16	17	0.410256	0.435897	-0.172587	0.0628659	0.152924
16	18	0.410256	0.461538	-0.176215	0.0681371	0.161323
16	19	0.410256	0.487179	-0.181674	0.0751905	0.157503
16	20	0.410256	0.512821	-0.182512	0.080062	0.119541
16	21	0.410256	0.538462	-0.183049	0.0864727	0.159752
16	22	0.410256	0.564103	-0.180951	0.0915033	0.085665
16	23	0.410256	0.589744	-0.173444	0.0955729	0.134607
16	24	0.410256	0.615385	-0.166859	0.100713	0.0818889
16	25	0.410256	0.641026	-0.149121	0.101572	0.0731154
16	26	0.410256	0.666667	-0.133966	0.105119	0.102888
16	27	0.410256	0.692308	-0.105208	0.103444	0.00395345
16	28	0.410256	0.717949	-0.0750664	0.102297	0.108148
16	29	0.410256	0.74359	-0.0347396	0.0994604	-0.0181522
16	30	0.410256	0.769231	0.0171393	0.0913455	0.0552694
16	31	0.410256	0.794872	0.0717104	0.0873075	0.0361233
16	32	0.410256	0.820513	0.149614	0.0736253	-0.0425649
16	33	0.410256	0.846154	0.22465	0.0660363	0.122516
16	34	0.410256	0.871795	0.329019	0.0520966	-0.101125
16	35	0.410256	0.897436	0.432015	0.0394174	0.152646
16	36	0.410256	0.923077	0.560652	0.0303368	-0.0481601
16	37	0.410256	0.948718	0.69433	0.0170184	0.107688
16	38	0.410256	0.974359	0.843972	0.0148577	0.0759739
16	39	0.410256	1	1	0	0
17	0	0.435897	0	0	0	0.133768
17	1	0.435897	0.025641	-0.0163162	0.000530448	0.133768
17	2	0.435897	0.0512821	-0.0311357	0.00114014	0.13331
17	3	0.435897	0.0769231	-0.0445736	0.00242845	0.140108
17	4	0.435897	0.102564	-0.0572094	0.00386796	0.132707
17	5	0.435897	0.128205	-0.0686909	0.00561453	0.14196
17	6	0.435897	0.153846	-0.0798834	0.00791308	0.136243
17	7	0.435897	0.179487	-0.090265	0.00993395	0.135879
17	8	0.435897	0.205128	-0.100401	0.0129161	0.143875
17	9	0.435897	0.230769	-0.11036	0.0154494	0.125989
17	10	0.435897	0.25641	-0.119631	0.0186833	0.147521
17	11	0.435897	0.282051	-0.129418	0.0221441	0.121931
17	12	0.435897	0.307692	-0.138025	0.0252862	0.137647
17	13	0.435897	0.333333	-0.147294	0.0297699	0.12914
17	14	0.435897	0.358974	-0.15547	0.0329746	0.114004
17	15	0.435897	0.384615	-0.163375	0.0379442	0.140023
17	16	0.435897	0.410256	-0.171078	0.0418579	0.0898819
17	17	0.435897	0.435897	-0.176639	0.0463983	0.136419
17	18	0.435897	0.461538	-0.183041	0.0515538	0.0827074
17	19	0.435897	0.487179	-0.185536	0.0550877	0.104888
17	20	0.435897	0.512821	-0.188656	0.0611037	0.0963666
17	21	0.435897	0.538462	-0.187642	0.0639293	0.0530124
17	22	0.435897	0.564103	-0.184518	0.0692713	0.111445
17	23	0.435897	0.589744	-0.179193	0.0722528	0.00973129
17	24	0.435897	0.615385	-0.166713	0.0749969	0.096914
17	25	0.435897	0.641026	-0.15478	0.0784016	0.00351513
17	26	0.435897	0.666667	-0.130749	0.0775845	0.0392702
17	27	0.435897	0.692308	-0.107505	0.0799933	0.033098
17	28	0.435897	0.717949	-0.0710591	0.076377	-0.035059
17	29	0.435897	0.74359	-0.029788	0.075004	0.0599922
17	30	0.435897	0.769231	0.019734	0.0702355	-0.0724953
17	31	0.435897	0.794872	0.0854446	0.0631554	0.0420247
17	32	0.435897	0.820513	0.150851	0.0577859	-0.0427894
17	33	0.435897	0.846154	0.243882	0.0465052	-0.013539
17	34	0.435897	0.871795	0.3313	0.0393341	0.0193964
17	35	0.435897	0.897436	0.449578	0.02857	-0.0426132
17	36	0.435897	0.923077	0.565262	0.0195235	0.0491183
17	37	0.435897	0.948718	0.703888	0.0131576	-0.0033373
17	38	0.435897	0.974359	0.847201	0.00759324	0.0529767
17	39	0.435897	1	1	0	0
18	0	0.461538	0	0	0	0.07554
18	1	0.461538	0.025641	-0.0167524	0.000237545	0.07554
18	2	0.461538	0.0512821	-0.0318804	0.000841103	0.0794113
18	3	0.461538	0.0769231	-0.0457397	0.00138727	0.0732431
18	4	0.461538	0.102564	-0.0584395	0.00241295	0.084275
18	5	0.461538	0.128205	-0.070422	0.00357033	0.0728343
18	6	0.461538	0.153846	-0.0815616	0.0046352	0.0819453
18	7	0.461538	0.179487	-0.0923646	0.00647254	0.0794332
18	8	0.461538	0.205128	-0.102641	0.00761467	0.0712974
18	9	0.461538	0.230769	-0.112655	0.00982474	0.0889936
18	10	0.461538	0.25641	-0.122521	0.0114992	0.0606659
18	11	0.461538	0.282051	-0.131898	0.0135651	0.0898243
18	12	0.461538	0.307692	-0.141448	0.0162313	0.0614252
18	13	0.461538	0.333333	-0.150192	0.0179248	0.0730325
18	14	0.461538	0.358974	-0.15906	0.0215002	0.0757462
18	15	0.461538	0.384615	-0.16704	0.0232565	0.0436446
18	16	0.461538	0.410256	-0.174413	0.0269541	0.0898119
18	17	0.461538	0.435897	-0.18119	0.0296582	0.0207631
18	18	0.461538	0.461538	-0.185979	0.0324783	0.0815334
18	19	0.461538	0.487179	-0.190476	0.036668	0.0230697
18	20	0.461538	0.512821	-0.191559	0.0382273	0.0395522
18	21	0.461538	0.538462	-0.191748	0.0433014	0.049816
18	22	0.461538	0.564103	-0.188035	0.044265	-0.0217253
18	23	0.461538	0.589744	-0.180986	0.0484369	0.074563
18	24	0.461538	0.615385	-0.170996	0.0500096	-0.0664508
18	25	0.461538	0.641026	-0.15351	0.0512599	0.061424
18	26	0.461538	0.666667	-0.134475	0.0539307	-0.0625644
18	27	0.461538	0.692308	-0.104074	0.0514026	-0.00432943
18	28	0.461538	0.717949	-0.0711756	0.053905	-0.0109923
18	29	0.461538	0.74359	-0.0265859	0.0486424	-0.0951633
18	30	0.461538	0.769231	0.0265113	0.0483027	0.047658
18	31	0.461538	0.794872	0.0863508	0.0424669	-0.154077
18	32	0.461538	0.820513	0.16498	0.0373001	0.0644143
18	33	0.461538	0.846154	0.243031	0.0322909	-0.142036
18	34	0.461538	0.871795	0.348252	0.0233982	0.0316609
18	35	0.461538	0.897436	0.449862	0.0189662	-0.0788073
18	36	0.461538	0.923077	0.577692	0.0104813	-0.00471926
18	37	0.461538	0.948718	0.70626	0.00653483	-0.0205791
18	38	0.461538	0.974359	0.851061	0.00255647	-0.000369547
18	39	0.461538	1	1	0	0
19	0	0.487179	0	0	0	0.0191096
19	1	0.487179	0.025641	-0.0169753	0.000166831	0.0191096
19	2	0.487179	0.0512821	-0.032284	0.000176358	0.0167907
19	3	0.487179	0.0769231	-0.0462961	0.000603551	0.0238945
19	4	0.487179	0.102564	-0.0591513	0.000817742	0.0133371
19	5	0.487179	0.128205	-0.0712095	0.00118386	0.0255285
19	6	0.487179	0.153846	-0.0825493	0.0018456	0.015452
19	7	0.487179	0.179487	-0.0933528	0.0019932	0.0187187
19	8	0.487179	0.205128	-0.10387	0.00305288	0.0244698
19	9	0.487179	0.230769	-0.1139	0.00325667	0.00660388
19	10	0.487179	0.25641	-0.12393	0.00430009	0.0322866
19	11	0.487179	0.282051	-0.133501	0.00510216	-1.27076e-05
19	12	0.487179	0.307692	-0.14299	0.00569671	0.0269929
19	13	0.487179	0.333333	-0.152196	0.00741125	0.00772428
19	14	0.487179	0.358974	-0.160797	0.00760609	0.0045068
19	15	0.487179	0.384615	-0.169314	0.00990145	0.0258063
19	16	0.487179	0.410256	-0.176544	0.0104002	-0.0240369
19	17	0.487179	0.435897	-0.183444	0.0123918	0.0359359
19	18	0.487179	0.461538	-0.188676	0.0141153	-0.0377957
19	19	0.487179	0.487179	-0.192469	0.015009	0.0177856
19	20	0.487179	0.512821	-0.194633	0.0182772	-0.0228725
19	21	0.487179	0.538462	-0.193565	0.0180979	-0.0327843
19	22	0.487179	0.564103	-0.190696	0.0220472	0.0122694
19	23	0.487179	0.589744	-0.183032	0.0218217	-0.0940644
19	24	0.487179	0.615385	-0.172091	0.024595	0.0362912
19	25	0.487179	0.641026	-0.155949	0.0256915	-0.127467
19	26	0.487179	0.666667	-0.133333	0.0254478	0.0136179
19	27	0.487179	0.692308	-0.105943	0.0283693	-0.10281
19	28	0.487179	0.717949	-0.0685261	0.024584	-0.0669555
19	29	0.487179	0.74359	-0.0255172	0.0280259	-0.0251442
19	30	0.487179	0.769231	0.0286463	0.0221855	-0.173087
19	31	0.487179	0.794872	0.0927117	0.0233373	0.0583574
19	32	0.487179	0.820513	0.165039	0.0182063	-0.240326
19	33	0.487179	0.846154	0.254214	0.0147657	0.0876718
19	34	0.487179	0.871795	0.347147	0.0123079	-0.220001
19	35	0.487179	0.897436	0.461224	0.00511283	0.044606
19	36	0.487179	0.923077	0.577883	0.0048466	-0.130641
19	37	0.487179	0.948718	0.712323	-0.00166631	-0.0189384
19	38	0.487179	0.974359	0.852153	-0.00196633	-0.0529247
19	39	0.487179	1	1	0	0
20	0	0.512821	0	0	0	-0.0387189
20	1	0.512821	0.025641	-0.0169748	-0.000135881	-0.0387189
20	2	0.512821	0.0512821	-0.0323393	-0.000146427	-0.0368901
20	3	0.512821	0.0769231	-0.0462451	-0.000509061	-0.0427854
20	4	0.512821	0.102564	-0.0592634	-0.000696364	-0.0342424
20	5	0.512821	0.128205	-0.0711626	-0.00102196	-0.0446644
20	6	0.512821	0.153846	-0.0826247	-0.00157053	-0.0364455
20	7	0.512821	0.179487	-0.0934501	-0.00169668	-0.040197
20	8	0.512821	0.205128	-0.103827	-0.00253626	-0.0450443
20	9	0.512821	0.230769	-0.114216	-0.00262586	-0.0320503
20	10	0.512821	0.25641	-0.12385	-0.00336778	-0.0540664
20	11	0.512821	0.282051	-0.133931	-0.00378545	-0.0292392
20	12	0.512821	0.307692	-0.143147	-0.00399263	-0.0543677
20	13	0.512821	0.333333	-0.152525	-0.00492279	-0.0396811
20	14	0.512821	0.358974	-0.16147	-0.00451016	-0.0426986
20	15	0.512821	0.384615	-0.169472	-0.00563104	-0.0615695
20	16	0.512821	0.410256	-0.177724	-0.00503677	-0.0277239
20	17	0.512821	0.435897	-0.183715	-0.00558006	-0.0816226
20	18	0.512821	0.461538	-0.189966	-0.00549332	-0.0264893
20	19	0.512821	0.487179	-0.193363	-0.0047373	-0.0834918
20	20	0.512821	0.512821	-0.195522	-0.00552568	-0.0521638
20	21	0.512821	0.538462	-0.195336	-0.0034157	-0.0613359
20	22	0.512821	0.564103	-0.191051	-0.00466461	-0.101229
20	23	0.512821	0.589744	-0.1852	-0.00211846	-0.0287891
20	24	0.512821	0.615385	-0.172374	-0.00266576	-0.149672
20	25	0.512821	0.641026	-0.157372	-0.0012801	-0.0156819
20	26	0.512821	0.666667	-0.134139	0.000139085	-0.162986
20	27	0.512821	0.692308	-0.105636	-0.00103473	-0.0512864
20	28	0.512821	0.717949	-0.0696385	0.00267856	-0.117862
20	29	0.512821	0.74359	-0.0236744	-0.00113373	-0.139966
20	30	0.512821	0.769231	0.0287149	0.00340027	-0.0261096
20	31	0.512821	0.794872	0.0946334	-0.00116822	-0.24345
20	32	0.512821	0.820513	0.16795	0.00117306	0.0580249
20	33	0.512821	0.846154	0.254941	-0.00115832	-0.29252
20	34	0.512821	0.871795	0.352499	-0.00339469	0.069808
20	35	0.512821	0.897436	0.461226	-0.00198119	-0.242217
20	36	0.512821	0.923077	0.582584	-0.00753052	0.00043978
20	37	0.512821	0.948718	0.712782	-0.00437668	-0.13319
20	38	0.512821	0.974359	0.853595	-0.00918696	-0.0788299
20	39	0.512821	1	1	0	0
21	0	0.538462	0	0	0	-0.0954009
21	1	0.538462	0.025641	-0.0167895	-0.000250929	-0.0954009
21	2	0.538462	0.0512821	-0.0318949	-0.000756441	-0.0978306
21	3	0.538462	0.0769231	-0.0458499	-0.00135225	-0.095189
21	4	0.538462	0.102564	-0.058444	-0.00230091	-0.101191
21	5	0.538462	0.128205	-0.0705645	-0.00337754	-0.0954986
21	6	0.538462	0.153846	-0.0816648	-0.00450799	-0.10116
21	7	0.538462	0.179487	-0.0924936	-0.00605684	-0.099356
21	8	0.538462	0.205128	-0.102985	-0.00731293	-0.0971137
21	9	0.538462	0.230769	-0.112836	-0.00914591	-0.105521
21	10	0.538462	0.25641	-0.123162	-0.0106671	-0.0929528
21	11	0.538462	0.282051	-0.132379	-0.0124699	-0.109037
21	12	0.538462	0.307692	-0.14234	-0.0144112	-0.0944955
21	13	0.538462	0.333333	-0.151312	-0.015947	-0.105586
21	14	0.538462	0.358974	-0.1602	-0.0182389	-0.104339
21	15	0.538462	0.384615	-0.169001	-0.0195284	-0.0963452
21	16	0.538462	0.410256	-0.176014	-0.0217689	-0.118394
21	17	0.538462	0.435897	-0.183871	-0.0230758	-0.0891752
21	18	0.538462	0.461538	-0.188443	-0.0246675	-0.127335
21	19	0.538462	0.487179	-0.193497	-0.0262642	-0.094456
21	20	0.538462	0.512821	-0.195132	-0.0267392	-0.122693
21	21	0.538462	0.538462	-0.194761	-0.0285849	-0.117645
21	22	0.538462	0.564103	-0.192338	-0.0279408	-0.10413
21	23	0.538462	0.589744	-0.183884	-0.0294734	-0.152771
21	24	0.538462	0.615385	-0.174856	-0.0283256	-0.083569
21	25	0.538462	0.641026	-0.156224	-0.0285393	-0.180953
21	26	0.538462	0.666667	-0.136358	-0.0279348	-0.0826735
21	27	0.538462	0.692308	-0.105968	-0.0258517	-0.177078
21	28	0.538462	0.717949	-0.070074	-0.0266553	-0.121274
21	29	0.538462	0.74359	-0.0260712	-0.0221712	-0.126218
21	30	0.538462	0.769231	0.0304336	-0.0241516	-0.197697
21	31	0.538462	0.794872	0.0911133	-0.0188369	-0.0447988
21	32	0.538462	0.820513	0.170629	-0.0201563	-0.272961
21	33	0.538462	0.846154	0.252175	-0.016939	0.0136637
21	34	0.538462	0.871795	0.354456	-0.0152768	-0.285971
21	35	0.538462	0.897436	0.460216	-0.0160624	-0.00343842
21	36	0.538462	0.923077	0.583253	-0.0115267	-0.215328
21	37	0.538462	0.948718	0.712741	-0.0142029	-0.0765551
21	38	0.538462	0.974359	0.853605	-0.012219	-0.144475
21	39	0.538462	1	1	0	0
22	0	0.564103	0	0	0	-0.153009
22	1	0.564103	0.025641	-0.0163558	-0.000474311	-0.153009
22	2	0.564103	0.0512821	-0.031219	-0.00117306	-0.154564
22	3	0.564103	0.0769231	-0.0446353	-0.00233046	-0.156524
22	4	0.564103	0.102564	-0.0573392	-0.00379436	-0.156397
22	5	0.564103	0.128205	-0.0688138	-0.0055669	-0.158443
22	6	0.564103	0.153846	-0.0800593	-0.0076339	-0.157993
22	7	0.564103	0.179487	-0.0905693	-0.00987645	-0.158707
22	8	0.564103	0.205128	-0.100713	-0.0124335	-0.159713
22	9	0.564103	0.230769	-0.110973	-0.0150834	-0.157948
22	10	0.564103	0.25641	-0.120307	-0.0180045	-0.161014
22	11	0.564103	0.282051	-0.130451	-0.0210265	-0.1574
22	12	0.564103	0.307692	-0.139383	-0.0241745	-0.161092
22	13	0.564103	0.333333	-0.148911	-0.0275	-0.158183
22	14	0.564103	0.358974	-0.15778	-0.0307356	-0.159603
22	15	0.564103	0.384615	-0.165865	-0.0342176	-0.160762
22	16	0.564103	0.410256	-0.174434	-0.0374071	-0.157111
22	17	0.564103	0.435897	-0.180358	-0.0407898	-0.164514
22	18	0.564103	0.461538	-0.187356	-0.0438117	-0.155486
22	19	0.564103	0.487179	-0.190649	-0.0467246	-0.167365
22	20	0.564103	0.512821	-0.193756	-0.0494521	-0.157857
22	21	0.564103	0.538462	-0.193781	-0.0514746	-0.166265
22	22	0.564103	0.564103	-0.190145	-0.0536961	-0.167061
22	23	0.564103	0.589744	-0.185297	-0.0545231	-0.159567
22	24	0.564103	0.615385	-0.17228	-0.0558136	-0.182049
22	25	0.564103	0.641026	-0.159285	-0.0554677	-0.150853
22	26	0.564103	0.666667	-0.134955	-0.0551367	-0.194182
22	27	0.564103	0.692308	-0.108822	-0.054039	-0.150877
22	28	0.564103	0.717949	-0.0718013	-0.0513784	-0.188373
22	29	0.564103	0.74359	-0.0267905	-0.050039	-0.172066
22	30	0.564103	0.769231	0.0246144	-0.0450034	-0.154294
22	31	0.564103	0.794872	0.0930892	-0.0433454	-0.213394
22	32	0.564103	0.820513	0.161957	-0.0372878	-0.104434
22	33	0.564103	0.846154	0.255328	-0.0343128	-0.247331
22	34	0.564103	0.871795	0.346104	-0.0296613	-0.077686
22	35	0.564103	0.897436	0.462102	-0.0246123	-0.236112
22	36	0.564103	0.923077	0.57814	-0.0228021	-0.103046
22	37	0.564103	0.948718	0.71256	-0.0171964	-0.181726
22	38	0.564103	0.974359	0.852164	-0.0190108	-0.166628
22	39	0.564103	1	1	0	0
23	0	0.589744	0	0	0	-0.210833
23	1	0.589744	0.025641	-0.0157636	-0.000661208	-0.210833
23	2	0.589744	0.0512821	-0.0300091	-0.00160436	-0.212583
23	3	0.589744	0.0769231	-0.043223	-0.00321893	-0.216179
23	4	0.589744	0.102564	-0.0551819	-0.00521536	-0.214507
23	5	0.589744	0.128205	-0.06673	-0.00766091	-0.219042
23	6	0.589744	0.153846	-0.0773256	-0.010526	-0.216621
23	7	0.589744	0.179487	-0.0876959	-0.0135911	-0.218586
23	8	0.589744	0.205128	-0.097758	-0.0171854	-0.21976
23	9	0.589744	0.230769	-0.107254	-0.0208253	-0.215794
23	10	0.589744	0.25641	-0.117215	-0.0249382	-0.222124
23	11	0.589744	0.282051	-0.126179	-0.0291964	-0.21388
23	12	0.589744	0.307692	-0.135886	-0.0335981	-0.22067
23	13	0.589744	0.333333	-0.144693	-0.0384294	-0.215605
23	14	0.589744	0.358974	-0.15353	-0.0429896	-0.21463
23	15	0.589744	0.384615	-0.162253	-0.0481145	-0.21997
23	16	0.589744	0.410256	-0.169483	-0.052823	-0.207686
23	17	0.589744	0.435897	-0.177436	-0.057759	-0.222067
23	18	0.589744	0.461538	-0.182454	-0.0625589	-0.205752
23	19	0.589744	0.487179	-0.187965	-0.0668221	-0.217289
23	20	0.589744	0.512821	-0.190169	-0.0713703	-0.211559
23	21	0.589744	0.538462	-0.190761	-0.0746646	-0.206466
23	22	0.589744	0.564103	-0.189026	-0.0782472	-0.220908
23	23	0.589744	0.589744	-0.181921	-0.0804509	-0.196794
23	24	0.589744	0.615385	-0.173925	-0.082191	-0.2247
23	25	0.589744	0.641026	-0.156597	-0.0831316	-0.196583
23	26	0.589744	0.666667	-0.138384	-0.0824074	-0.216205
23	27	0.589744	0.692308	-0.108859	-0.0816286	-0.207089
23	28	0.589744	0.717949	-0.0750217	-0.0784336	-0.198282
23	29	0.589744	0.74359	-0.0316706	-0.0752677	-0.218458
23	30	0.589744	0.769231	0.0235014	-0.0702036	-0.18326
23	31	0.589744	0.794872	0.0828014	-0.0643431	-0.216385
23	32	0.589744	0.820513	0.163212	-0.0581707	-0.181842
23	33	0.589744	0.846154	0.242043	-0.0504558	-0.198087
23	34	0.589744	0.871795	0.347727	-0.0437152	-0.189544
23	35	0.589744	0.897436	0.450631	-0.0362151	-0.180506
23	36	0.589744	0.923077	0.577793	-0.0297954	-0.19198
23	37	0.589744	0.948718	0.706776	-0.0243422	-0.178532
23	38	0.589744	0.974359	0.850861	-0.0230055	-0.21309
23	39	0.589744	1	1	0	0
24	0	0.615385	0	0	0	-0.268751
24	1	0.615385	0.025641	-0.0149475	-0.000771744	-0.268751
24	2	0.615385	0.0512821	-0.0286055	-0.00209021	-0.273427
24	3	0.615385	0.0769231	-0.0410565	-0.00394357	-0.27152
24	4	0.615385	0.102564	-0.0528013	-0.0065523	-0.279423
24	5	0.615385	0.128205	-0.0635794	-0.00961898	-0.273324
24	6	0.615385	0.153846	-0.0740316	-0.0130463	-0.280354
24	7	0.615385	0.179487	-0.0839315	-0.0172152	-0.277963
24	8	0.615385	0.205128	-0.0934926	-0.0213294	-0.275536
24	9	0.615385	0.230769	-0.103095	-0.0263384	-0.284002
24	10	0.615385	0.25641	-0.112097	-0.0312733	-0.269528
24	11	0.615385	0.282051	-0.121564	-0.036738	-0.285493
24	12	0.615385	0.307692	-0.130328	-0.0426371	-0.268954
24	13	0.615385	0.333333	-0.139388	-0.0482825	-0.27759
24	14	0.615385	0.358974	-0.148065	-0.0549738	-0.275867
24	15	0.615385	0.384615	-0.156187	-0.0608125	-0.262664
24	16	0.615385	0.410256	-0.164452	-0.0676967	-0.284012
24	17	0.615385	0.435897	-0.171027	-0.0739054	-0.250479
24	18	0.615385	0.461538	-0.177841	-0.0801826	-0.282652
24	19	0.615385	0.487179	-0.182166	-0.086709	-0.250985
24	20	0.615385	0.512821	-0.18575	-0.0917601	-0.265595
24	21	0.615385	0.538462	-0.186764	-0.0979645	-0.265336
24	22	0.615385	0.564103	-0.184769	-0.101562	-0.237954
24	23	0.615385	0.589744	-0.180653	-0.106198	-0.282625
24	24	0.615385	0.615385	-0.170426	-0.108378	-0.214888
24	25	0.615385	0.641026	-0.158223	-0.109978	-0.285281
24	26	0.615385	0.666667	-0.137085	-0.110674	-0.212623
24	27	0.615385	0.692308	-0.112513	-0.108185	-0.260228
24	28	0.615385	0.717949	-0.0779492	-0.106892	-0.236738
24	29	0.615385	0.74359	-0.0356963	-0.100278	-0.209933
24	30	0.615385	0.769231	0.0147506	-0.0960515	-0.274474
24	31	0.615385	0.794872	0.0798672	-0.086559	-0.156276
24	32	0.615385	0.820513	0.149152	-0.0786218	-0.298628
24	33	0.615385	0.846154	0.240157	-0.0683763	-0.130225
24	34	0.615385	0.871795	0.332161	-0.0573249	-0.287318
24	35	0.615385	0.897436	0.448223	-0.0483966	-0.14788
24	36	0.615385	0.923077	0.566382	-0.037228	-0.249339
24	37	0.615385	0.948718	0.703525	-0.0307381	-0.189172
24	38	0.615385	0.974359	0.84699	-0.0272237	-0.25112
24	39	0.615385	1	1	0	0
25	0	0.641026	0	0	0	-0.328167
25	1	0.641026	0.025641	-0.0139911	-0.000991547	-0.328167
25	2	0.641026	0.0512821	-0.0267911	-0.00232267	-0.329773
25	3	0.641026	0.0769231	-0.0386583	-0.00475262	-0.337386
25	4	0.641026	0.102564	-0.0496317	-0.00765131	-0.331209
25	5	0.641026	0.128205	-0.060039	-0.0112426	-0.341855
25	6	0.641026	0.153846	-0.0698611	-0.015557	-0.334977
25	7	0.641026	0.179487	-0.0793183	-0.019986	-0.338579
25	8	0.641026	0.205128	-0.088565	-0.0255111	-0.342401
25	9	0.641026	0.230769	-0.0974795	-0.0308454	-0.330343
25	10	0.641026	0.25641	-0.106484	-0.03716	-0.347845
25	11	0.641026	0.282051	-0.115169	-0.0436586	-0.325235
25	12	0.641026	0.307692	-0.123972	-0.0503399	-0.343333
25	13	0.641026	0.333333	-0.132562	-0.0580427	-0.329341
25	14	0.641026	0.358974	-0.140966	-0.0649697	-0.326994
25	15	0.641026	0.384615	-0.149265	-0.0734063	-0.33954
25	16	0.641026	0.410256	-0.156871	-0.0807886	-0.307148
25	17	0.641026	0.435897	-0.164243	-0.0890764	-0.343973
25	18	0.641026	0.461538	-0.170384	-0.0970904	-0.29715
25	19	0.641026	0.487179	-0.175711	-0.104342	-0.330921
25	20	0.641026	0.512821	-0.179288	-0.112629	-0.304689
25	21	0.641026	0.538462	-0.180952	-0.118316	-0.298953
25	22	0.641026	0.564103	-0.180271	-0.125728	-0.324197
25	23	0.641026	0.589744	-0.176082	-0.129722	-0.260379
25	24	0.641026	0.615385	-0.168733	-0.134497	-0.337889
25	25	0.641026	0.641026	-0.155885	-0.136791	-0.235861
25	26	0.641026	0.666667	-0.138621	-0.137096	-0.324561
25	27	0.641026	0.692308	-0.113789	-0.137402	-0.243294
25	28	0.641026	0.717949	-0.0824391	-0.132095	-0.27233
25	29	0.641026	0.74359	-0.0420408	-0.129545	-0.285044
25	30	0.641026	0.769231	0.00829281	-0.118973	-0.191357
25	31	0.641026	0.794872	0.0678609	-0.112193	-0.338802
25	32	0.641026	0.820513	0.141865	-0.0986024	-0.118918
25	33	0.641026	0.846154	0.224185	-0.0866675	-0.36323
25	34	0.641026	0.871795	0.324623	-0.07352	-0.102683
25	35	0.641026	0.897436	0.432874	-0.0579607	-0.330382
25	36	0.641026	0.923077	0.559183	-0.0482076	-0.158125
25	37	0.641026	0.948718	0.694274	-0.0342176	-0.265662
25	38	0.641026	0.974359	0.843104	-0.0327132	-0.266445
25	39	0.641026	1	1	0	0
26	0	0.666667	0	0	0	-0.387222
26	1	0.666667	0.025641	-0.0128808	-0.00101443	-0.387222
26	2	0.666667	0.0512821	-0.024762	-0.00275381	-0.393413
26	3	0.666667	0.0769231	-0.035812	-0.00519914	-0.390768
26	4	0.666667	0.102564	-0.0461011	-0.0086397	-0.401131
26	5	0.666667	0.128205	-0.055865	-0.0127276	-0.393322
26	6	0.666667	0.153846	-0.0650775	-0.0172787	-0.40173
26	7	0.666667	0.179487	-0.0740385	-0.0228794	-0.399633
26	8	0.666667	0.205128	-0.0826745	-0.0284319	-0.394791
26	9	0.666667	0.230769	-0.0911866	-0.0352017	-0.406905
26	10	0.666667	0.25641	-0.0996367	-0.0419856	-0.386828
26	11	0.666667	0.282051	-0.107913	-0.0494607	-0.406987
26	12	0.666667	0.307692	-0.116333	-0.0576708	-0.38589
26	13	0.666667	0.333333	-0.124471	-0.0655849	-0.394414
26	14	0.666667	0.358974	-0.132695	-0.0749869	-0.393117
26	15	0.666667	0.384615	-0.140627	-0.0834387	-0.37321
26	16	0.666667	0.410256	-0.148186	-0.0932968	-0.399664
26	17	0.666667	0.435897	-0.155489	-0.102519	-0.355345
26	18	0.666667	0.461538	-0.161687	-0.111899	-0.392764
26	19	0.666667	0.487179	-0.167373	-0.121768	-0.351551
26	20	0.666667	0.512821	-0.171264	-0.129921	-0.365961
26	21	0.666667	0.538462	-0.17369	-0.139579	-0.362287
26	22	0.666667	0.564103	-0.173836	-0.146081	-0.325111
26	23	0.666667	0.589744	-0.170795	-0.153918	-0.375637
26	24	0.666667	0.615385	-0.164897	-0.158502	-0.28652
26	25	0.666667	0.641026	-0.153724	-0.162481	-0.372435
26	26	0.666667	0.666667	-0.13837	-0.164738	-0.26958
26	27	0.666667	0.692308	-0.115895	-0.162957	-0.335322
26	28	0.666667	0.717949	-0.0866748	-0.162068	-0.286934
26	29	0.666667	0.74359	-0.0489973	-0.153564	-0.260177
26	30	0.666667	0.769231	-0.00104029	-0.148177	-0.333129
26	31	0.666667	0.794872	0.0565538	-0.133858	-0.168282
26	32	0.666667	0.820513	0.127806	-0.122483	-0.377136
26	33	0.666667	0.846154	0.21024	-0.105513	-0.108026
26	34	0.666667	0.871795	0.308239	-0.0881403	-0.375693
26	35	0.666667	0.897436	0.419049	-0.0728217	-0.125769
26	36	0.666667	0.923077	0.545241	-0.0536519	-0.320305
26	37	0.666667	0.948718	0.68457	-0.0428733	-0.206575
26	38	0.666667	0.974359	0.837176	-0.0347671	-0.309253
26	39	0.666667	1	1	0	0
27	0	0.692308	0	0	0	-0.448317
27	1	0.692308	0.025641	-0.0116559	-0.00118513	-0.448317
27	2	0.692308	0.0512821	-0.0225409	-0.00283476	-0.450861
27	3	0.692308	0.0769231	-0.0326409	-0.00573631	-0.458374
27	4	0.692308	0.102564	-0.0422557	-0.00931541	-0.453711
27	5	0.692308	0.128205	-0.0511574	-0.0136986	-0.462865
27	6	0.692308	0.153846	-0.0598565	-0.0189931	-0.458251
27	7	0.692308	0.179487	-0.0680633	-0.0245668	-0.459697
27	8	0.692308	0.205128	-0.0761363	-0.0313381	-0.464827
27	9	0.692308	0.230769	-0.0841386	-0.0381966	-0.452298
27	10	0.692308	0.25641	-0.0918262	-0.0460506	-0.467589
27	11	0.692308	0.282051	-0.0998829	-0.0544134	-0.447857
27	12	0.692308	0.307692	-0.10744	-0.0630299	-0.460088
27	13	0.692308	0.333333	-0.115448	-0.0728544	-0.450041
27	14	0.692308	0.358974	-0.123092	-0.0822056	-0.442486
27	15	0.692308	0.384615	-0.130646	-0.0930018	-0.454113
27	16	0.692308	0.410256	-0.138304	-0.103255	-0.422833
27	17	0.692308	0.435897	-0.144891	-0.114248	-0.449844
27	18	0.692308	0.461538	-0.151887	-0.125373	-0.410741
27	19	0.692308	0.487179	-0.156979	-0.135808	-0.429727
27	20	0.692308	0.512821	-0.161881	-0.147199	-0.409346
27	21	0.692308	0.538462	-0.16472	-0.156483	-0.395015
27	22	0.692308	0.564103	-0.165478	-0.16685	-0.412428
27	23	0.692308	0.589744	-0.164558	-0.174413	-0.355272
27	24	0.692308	0.615385	-0.158776	-0.18194	-0.407579
27	25	0.692308	0.641026	-0.151295	-0.187009	-0.323707
27	26	0.692308	0.666667	-0.136367	-0.189643	-0.381581
27	27	0.692308	0.692308	-0.117967	-0.19111	-0.312086
27	28	0.692308	0.717949	-0.0908544	-0.187028	-0.326116
27	29	0.692308	0.74359	-0.0559193	-0.183445	-0.324945
27	30	0.692308	0.769231	-0.0126286	-0.17187	-0.24609
27	31	0.692308	0.794872	0.0448121	-0.161664	-0.351528
27	32	0.692308	0.820513	0.109642	-0.143885	-0.168997
27	33	0.692308	0.846154	0.194582	-0.126313	-0.363174
27	34	0.692308	0.871795	0.287153	-0.10607	-0.140151
27	35	0.692308	0.897436	0.402299	-0.0834692	-0.334835
27	36	0.692308	0.923077	0.527352	-0.0659118	-0.18645
27	37	0.692308	0.948718	0.672326	-0.0455958	-0.285895
27	38	0.692308	0.974359	0.829505	-0.0398188	-0.307677
27	39	0.692308	1	1	0	0
28	0	0.717949	0	0	0	-0.509297
28	1	0.717949	0.025641	-0.0103712	-0.00116287	-0.509297
28	2	0.717949	0.0512821	-0.0201134	-0.0030593	-0.515167
28	3	0.717949	0.0769231	-0.0293927	-0.00590844	-0.515055
28	4	0.717949	0.102564	-0.0379525	-0.00976082	-0.521992
28	5	0.717949	0.128205	-0.0463239	-0.0144682	-0.519093
28	6	0.717949	0.153846	-0.0540438	-0.0197858	-0.522836
28	7	0.717949	0.179487	-0.0617019	-0.0261655	-0.524105
28	8	0.717949	0.205128	-0.0690969	-0.0328877	-0.518528
28	9	0.717949	0.230769	-0.0762314	-0.0406529	-0.52712
28	10	0.717949	0.25641	-0.0836911	-0.0489221	-0.513846
28	11	0.717949	0.282051	-0.0905743	-0.0577974	-0.522996
28	12	0.717949	0.307692	-0.0981332	-0.0676467	-0.512482
28	13	0.717949	0.333333	-0.105127	-0.0775532	-0.510281
28	14	0.717949	0.358974	-0.112468	-0.0886984	-0.512331
28	15	0.717949	0.384615	-0.119799	-0.0997266	-0.493515
28	16	0.717949	0.410256	-0.126484	-0.111631	-0.506533
28	17	0.717949	0.435897	-0.133873	-0.12375	-0.479173
28	18	0.717949	0.461538	-0.139553	-0.135838	-0.489466
28	19	0.717949	0.487179	-0.145966	-0.148576	-0.469481
28	20	0.717949	0.512821	-0.1503	-0.160309	-0.461476
28	21	0.717949	0.538462	-0.154	-0.172653	-0.46038
28	22	0.717949	0.564103	-0.156194	-0.183349	-0.427948
28	23	0.717949	0.589744	-0.15504	-0.193845	-0.44486
28	24	0.717949	0.615385	-0.153186	-0.202431	-0.394957
28	25	0.717949	0.641026	-0.144877	-0.2093	-0.417151
28	26	0.717949	0.666667	-0.135419	-0.214225	-0.3667
28	27	0.717949	0.692308	-0.117416	-0.215468	-0.374049
28	28	0.717949	0.717949	-0.0950291	-0.214855	-0.345862
28	29	0.717949	0.74359	-0.064009	-0.208587	-0.315669
28	30	0.717949	0.769231	-0.0220801	-0.200568	-0.332764
28	31	0.717949	0.794872	0.0269036	-0.185898	-0.250318
28	32	0.717949	0.820513	0.0951127	-0.169304	-0.32144
28	33	0.717949	0.846154	0.169137	-0.147577	-0.200528
28	34	0.717949	0.871795	0.268852	-0.123509	-0.301399
28	35	0.717949	0.897436	0.375981	-0.0991455	-0.19561
28	36	0.717949	0.923077	0.509466	-0.0734496	-0.277494
28	37	0.717949	0.948718	0.654682	-0.0532236	-0.239358
28	38	0.717949	0.974359	0.820615	-0.0414505	-0.325549
28	39	0.717949	1	1	0	0
29	0	0.74359	0	0	0	-0.572014
29	1	0.74359	0.025641	-0.00902844	-0.00121078	-0.572014
29	2	0.74359	0.0512821	-0.0177124	-0.00302317	-0.575979
29	3	0.74359	0.0769231	-0.0258458	-0.00600541	-0.580489
29	4	0.74359	0.102564	-0.0337552	-0.00991199	-0.581196
29	5	0.74359	0.128205	-0.0409932	-0.0146369	-0.584046
29	6	0.74359	0.153846	-0.0481891	-0.0203384	-0.585605
29	7	0.74359	0.179487	-0.0549262	-0.0266506	-0.583255
29	8	0.74359	0.205128	-0.06153	-0.0339253	-0.58794
29	9	0.74359	0.230769	-0.068224	-0.0418676	-0.580796
29	10	0.74359	0.25641	-0.0744536	-0.050519	-0.584973
29	11	0.74359	0.282051	-0.0813066	-0.0601066	-0.578978
29	12	0.74359	0.307692	-0.0875295	-0.0700849	-0.575625
29	13	0.74359	0.333333	-0.0943832	-0.0811342	-0.576181
29	14	0.74359	0.358974	-0.100979	-0.0925166	-0.562897
29	15	0.74359	0.384615	-0.107483	-0.104683	-0.56752
29	16	0.74359	0.410256	-0.114509	-0.117438	-0.550728
29	17	0.74359	0.435897	-0.120378	-0.130377	-0.549664
29	18	0.74359	0.461538	-0.127258	-0.144098	-0.539014
29	19	0.74359	0.487179	-0.132331	-0.15749	-0.524426
29	20	0.74359	0.512821	-0.137804	-0.171336	-0.522612
29	21	0.74359	0.538462	-0.141731	-0.184643	-0.496763
29	22	0.74359	0.564103	-0.144059	-0.197464	-0.495874
29	23	0.74359	0.589744	-0.145725	-0.209584	-0.469124
29	24	0.74359	0.615385	-0.142937	-0.22001	-0.457888
29	25	0.74359	0.641026	-0.139861	-0.229124	-0.438477
29	26	0.74359	0.666667	-0.129752	-0.235445	-0.412807
29	27	0.74359	0.692308	-0.117691	-0.239198	-0.399479
29	28	0.74359	0.717949	-0.0973961	-0.239234	-0.365394
29	29	0.74359	0.74359	-0.0703013	-0.235163	-0.350634
29	30	0.74359	0.769231	-0.0354303	-0.226563	-0.317787
29	31	0.74359	0.794872	0.0140869	-0.212785	-0.297374
29	32	0.74359	0.820513	0.0704502	-0.194145	-0.272532
29	33	0.74359	0.846154	0.150017	-0.170574	-0.250608
29	34	0.74359	0.871795	0.23744	-0.143395	-0.239202
29	35	0.74359	0.897436	0.353272	-0.1138	-0.225766
29	36	0.74359	0.923077	0.481349	-0.0846824	-0.236094
29	37	0.74359	0.948718	0.63638	-0.0582584	-0.239837
29	38	0.74359	0.974359	0.808304	-0.0438935	-0.318591
29	39	0.74359	1	1	0	0
30	0	0.769231	0	0	0	-0.635268
30	1	0.769231	0.025641	-0.00772351	-0.00115637	-0.635268
30	2	0.769231	0.0512821	-0.0152165	-0.00294248	-0.639757
30	3	0.769231	0.0769231	-0.0224964	-0.00586667	-0.643082
30	4	0.769231	0.102564	-0.029242	-0.00967917	-0.64457
30	5	0.769231	0.128205	-0.0358819	-0.0144953	-0.648419
30	6	0.769231	0.153846	-0.041994	-0.0200783	-0.646197
30	7	0.769231	0.179487	-0.0480331	-0.0265736	-0.650855
30	8	0.769231	0.205128	-0.0539149	-0.0339107	-0.64645
30	9	0.769231	0.230769	-0.0595134	-0.0419326	-0.648217
30	10	0.769231	0.25641	-0.0654832	-0.0509971	-0.646479
30	11	0.769231	0.282051	-0.0709464	-0.0605451	-0.640274
30	12	0.769231	0.307692	-0.0770324	-0.0711694	-0.644014
30	13	0.769231	0.333333	-0.0827525	-0.0823687	-0.63014
30	14	0.769231	0.358974	-0.0887532	-0.0942974	-0.634283
30	15	0.769231	0.384615	-0.0949692	-0.107173	-0.621093
30	16	0.769231	0.410256	-0.100671	-0.120229	-0.614741
30	17	0.769231	0.435897	-0.107184	-0.134454	-0.611636
30	18	0.769231	0.461538	-0.112486	-0.148566	-0.588622
30	19	0.769231	0.487179	-0.118538	-0.163414	-0.594611
30	20	0.769231	0.512821	-0.123294	-0.178343	-0.562518
30	21	0.769231	0.538462	-0.127679	-0.192868	-0.562561
30	22	0.769231	0.564103	-0.131288	-0.207772	-0.539304
30	23	0.769231	0.589744	-0.132509	-0.220945	-0.514812
30	24	0.769231	0.615385	-0.133423	-0.234098	-0.513074
30	25	0.769231	0.641026	-0.129689	-0.244662	-0.459406
30	26	0.769231	0.666667	-0.124982	-0.25352	-0.471582
30	27	0.769231	0.692308	-0.113861	-0.259579	-0.407519
30	28	0.769231	0.717949	-0.0988866	-0.26117	-0.405345
30	29	0.769231	0.74359	-0.0765627	-0.259912	-0.364859
30	30	0.769231	0.769231	-0.0447404	-0.251455	-0.31736
30	31	0.769231	0.794872	-0.00491526	-0.239583	-0.327516
30	32	0.769231	0.820513	0.0522003	-0.219478	-0.227402
30	33	0.769231	0.846154	0.119244	-0.194995	-0.287421
30	34	0.769231	0.871795	0.211283	-0.164604	-0.168163
30	35	0.769231	0.897436	0.31795	-0.130261	-0.247459
30	36	0.769231	0.923077	0.453807	-0.0966516	-0.172986
30	37	0.769231	0.948718	0.610392	-0.0635738	-0.234375
30	38	0.769231	0.974359	0.794068	-0.0455358	-0.290695
30	39	0.769231	1	1	0	0
31	0	0.794872	0	0	0	-0.699502
31	1	0.794872	0.025641	-0.00645767	-0.00105203	-0.699502
31	2	0.794872	0.0512821	-0.0129098	-0.00275908	-0.704229
31	3	0.794872	0.0769231	-0.0190721	-0.00544564	-0.705644
31	4	0.794872	0.102564	-0.0250612	-0.00920144	-0.711072
31	5	0.794872	0.128205	-0.0305931	-0.0137612	-0.708455
31	6	0.794872	0.153846	-0.0360022	-0.0192757	-0.714939
31	7	0.794872	0.179487	-0.041124	-0.0257009	-0.710468
31	8	0.794872	0.205128	-0.0460702	-0.0328105	-0.713412
31	9	0.794872	0.230769	-0.0511135	-0.0410637	-0.712749
31	10	0.794872	0.25641	-0.0558449	-0.0497747	-0.706276
31	11	0.794872	0.282051	-0.0609808	-0.0596827	-0.712721
31	12	0.794872	0.307692	-0.0658322	-0.0701693	-0.69699
31	13	0.794872	0.333333	-0.0710337	-0.0814873	-0.704893
31	14	0.794872	0.358974	-0.0762818	-0.0938779	-0.689581
31	15	0.794872	0.384615	-0.0814558	-0.106486	-0.68577
31	16	0.794872	0.410256	-0.0871156	-0.120588	-0.683111
31	17	0.794872	0.435897	-0.0922174	-0.134576	-0.658293
31	18	0.794872	0.461538	-0.0979304	-0.149798	-0.669698
31	19	0.794872	0.487179	-0.102895	-0.165232	-0.630311
31	20	0.794872	0.512821	-0.107973	-0.180775	-0.639429
31	21	0.794872	0.538462	-0.112462	-0.197229	-0.607123
31	22	0.794872	0.564103	-0.115969	-0.212299	-0.588644
31	23	0.794872	0.589744	-0.119055	-0.228458	-0.584307
31	24	0.794872	0.615385	-0.119753	-0.242203	-0.524321
31	25	0.794872	0.641026	-0.119618	-0.255767	-0.547512
31	26	0.794872	0.666667	-0.115646	-0.26682	-0.460308
31	27	0.794872	0.692308	-0.109234	-0.274746	-0.480612
31	28	0.794872	0.717949	-0.0974881	-0.280598	-0.407591
31	29	0.794872	0.74359	-0.0799642	-0.279522	-0.377908
31	30	0.794872	0.769231	-0.055107	-0.276245	-0.365337
31	31	0.794872	0.794872	-0.0190913	-0.263125	-0.25395
31	32	0.794872	0.820513	0.0277469	-0.246209	-0.32029
31	33	0.794872	0.846154	0.0929581	-0.2196	-0.14533
31	34	0.794872	0.871795	0.175041	-0.186995	-0.260744
31	35	0.794872	0.897436	0.283281	-0.149783	-0.0996829
31	36	0.794872	0.923077	0.416423	-0.107885	-0.206091
31	37	0.794872	0.948718	0.581034	-0.0712812	-0.146766
31	38	0.794872	0.974359	0.775414	-0.0447072	-0.260874
31	39	0.794872	1	1	0	0
32	0	0.820513	0	0	0	-0.764685
32	1	0.820513	0.025641	-0.00532516	-0.000933995	-0.764685
32	2	0.820513	0.0512821	-0.0107226	-0.00235798	-0.767717
32	3	0.820513	0.0769231	-0.0159863	-0.00491572	-0.772834
32	4	0.820513	0.102564	-0.0209375	-0.00825196	-0.771147
32	5	0.820513	0.128205	-0.0256691	-0.0126248	-0.778672
32	6	0.820513	0.153846	-0.0301119	-0.0178682	-0.77385
32	7	0.820513	0.179487	-0.0343632	-0.0238812	-0.779544
32	8	0.820513	0.205128	-0.0385467	-0.0310253	-0.777433
32	9	0.820513	0.230769	-0.0425426	-0.0386318	-0.77417
32	10	0.820513	0.25641	-0.0466924	-0.0475237	-0.780064
32	11	0.820513	0.282051	-0.0507152	-0.0568883	-0.765385
32	12	0.820513	0.307692	-0.0549386	-0.0672765	-0.776111
32	13	0.820513	0.333333	-0.0592294	-0.0786147	-0.757962
32	14	0.820513	0.358974	-0.0635726	-0.0903565	-0.760508
32	15	0.820513	0.384615	-0.0682122	-0.103646	-0.752859
32	16	0.820513	0.410256	-0.0727244	-0.116866	-0.734137
32	17	0.820513	0.435897	-0.0775786	-0.131705	-0.743592
32	18	0.820513	0.461538	-0.0822605	-0.146662	-0.704208
32	19	0.820513	0.487179	-0.0870238	-0.162407	-0.719329
32	20	0.820513	0.512821	-0.0916659	-0.179077	-0.677925
32	21	0.820513	0.538462	-0.0959097	-0.195103	-0.672922
32	22	0.820513	0.564103	-0.0999246	-0.212725	-0.654372
32	23	0.820513	0.589744	-0.103001	-0.228475	-0.607116
32	24	0.820513	0.615385	-0.105304	-0.245328	-0.621538
32	25	0.820513	0.641026	-0.106035	-0.25996	-0.533606
32	26	0.820513	0.666667	-0.104859	-0.273432	-0.561462
32	27	0.820513	0.692308	-0.101015	-0.285123	-0.46514
32	28	0.820513	0.717949	-0.0934187	-0.291917	-0.461094
32	29	0.820513	0.74359	-0.0809287	-0.297156	-0.405569
32	30	0.820513	0.769231	-0.0617399	-0.293516	-0.323813
32	31	0.820513	0.794872	-0.0334139	-0.286943	-0.344764
32	32	0.820513	0.820513	0.00653011	-0.269161	-0.176282
32	33	0.820513	0.846154	0.0628062	-0.245083	-0.26617
32	34	0.820513	0.871795	0.138696	-0.21129	-0.0657724
32	35	0.820513	0.897436	0.241231	-0.168738	-0.173447
32	36	0.820513	0.923077	0.374142	-0.124031	-0.0452416
32	37	0.820513	0.948718	0.544112	-0.0761619	-0.125491
32	38	0.820513	0.974359	0.752129	-0.0445614	-0.176311
32	39	0.820513	1	1	0	0
33	0	0.846154	0	0	0	-0.830062
33	1	0.846154	0.025641	-0.00435917	-0.000689321	-0.830062
33	2	0.846154	0.0512821	-0.00883985	-0.00195087	-0.834225
33	3	0.846154	0.0769231	-0.0131663	-0.00400236	-0.834501
33	4	0.846154	0.102564	-0.0172209	-0.0070989	-0.841211
33	5	0.846154	0.128205	-0.0210381	-0.0109899	-0.837589
33	6	0.846154	0.153846	-0.0245772	-0.0157717	-0.845004
33	7	0.846154	0.179487	-0.0280068	-0.0215631	-0.841482
33	8	0.846154	0.205128	-0.0312494	-0.0279106	-0.842818
33	9	0.846154	0.230769	-0.0344967	-0.0354976	-0.845689
33	10	0.846154	0.25641	-0.0377114	-0.0434913	-0.835733
33	11	0.846154	0.282051	-0.0409382	-0.0526428	-0.845657
33	12	0.846154	0.307692	-0.0443304	-0.0625107	-0.8281
33	13	0.846154	0.333333	-0.0476822	-0.0730445	-0.835543
33	14	0.846154	0.358974	-0.0513225	-0.084909	-0.822657
33	15	0.846154	0.384615	-0.054952	-0.0968926	-0.813599
33	16	0.846154	0.410256	-0.0587804	-0.110567	-0.815736
33	17	0.846154	0.435897	-0.0627773	-0.124308	-0.784534
33	18	0.846154	0.461538	-0.0666867	-0.139348	-0.797863
33	19	0.846154	0.487179	-0.0709406	-0.155084	-0.755495
33	20	0.846154	0.512821	-0.0748404	-0.171021	-0.76005
33	21	0.846154	0.538462	-0.0789486	-0.188502	-0.728557
33	22	0.846154	0.564103	-0.0826751	-0.204983	-0.700451
33	23	0.846154	0.589744	-0.0859562	-0.223181	-0.696038
33	24	0.846154	0.615385	-0.0889824	-0.239771	-0.625763
33	25	0.846154	0.641026	-0.0904885	-0.256828	-0.642433
33	26	0.846154	0.666667	-0.0914887	-0.272446	-0.546204
33	27	0.846154	0.692308	-0.0897506	-0.285719	-0.552021
33	28	0.846154	0.717949	-0.0860239	-0.297845	-0.467209
33	29	0.846154	0.74359	-0.0781869	-0.303847	-0.418623
33	30	0.846154	0.769231	-0.064693	-0.307773	-0.38294
33	31	0.846154	0.794872	-0.04464	-0.301976	-0.253756
33	32	0.846154	0.820513	-0.0120885	-0.290762	-0.278229
33	33	0.846154	0.846154	0.0328033	-0.267867	-0.089847
33	34	0.846154	0.871795	0.101225	-0.234702	-0.147183
33	35	0.846154	0.897436	0.193974	-0.191758	0.0225783
33	36	0.846154	0.923077	0.325366	-0.138289	-0.0322311
33	37	0.846154	0.948718	0.498498	-0.0853123	0.0210824
33	38	0.846154	0.974359	0.722619	-0.0403599	-0.0748105
33	39	0.846154	1	1	0	0
34	0	0.871795	0	0	0	-0.896004
34	1	0.871795	0.025641	-0.00362577	-0.000458203	-0.896004
34	2	0.871795	0.0512821	-0.00731538	-0.00127792	-0.898078
34	3	0.871795	0.0769231	-0.0107535	-0.00304034	-0.90279
34	4	0.871795	0.102564	-0.0139715	-0.00553238	-0.901757
34	5	0.871795	0.128205	-0.0168357	-0.00897982	-0.908822
34	6	0.871795	0.153846	-0.0195953	-0.0132871	-0.905827
34	7	0.871795	0.179487	-0.0220966	-0.0182854	-0.910497
34	8	0.871795	0.205128	-0.0245706	-0.0243507	-0.910545
34	9	0.871795	0.230769	-0.0269922	-0.0308569	-0.906777
34	10	0.871795	0.25641	-0.0293314	-0.0384953	-0.913169
34	11	0.871795	0.282051	-0.0318765	-0.0466611	-0.900301
34	12	0.871795	0.307692	-0.0342501	-0.0556815	-0.908524
34	13	0.871795	0.333333	-0.0369755	-0.0656895	-0.894295
34	14	0.871795	0.358974	-0.0395973	-0.0760802	-0.893099
34	15	0.871795	0.384615	-0.0424424	-0.0879286	-0.887855
34	16	0.871795	0.410256	-0.0454901	-0.099934	-0.868442
34	17	0.871795	0.435897	-0.0483979	-0.113394	-0.874429
34	18	0.871795	0.461538	-0.0518683	-0.127347	-0.839724
34	19	0.871795	0.487179	-0.0548916	-0.142122	-0.845521
34	20	0.871795	0.512821	-0.058518	-0.158115	-0.810122
34	21	0.871795	0.538462	-0.0617766	-0.174006	-0.796375
34	22	0.871795	0.564103	-0.0650929	-0.191612	-0.775831
34	23	0.871795	0.589744	-0.0685363	-0.208462	-0.728578
34	24	0.871795	0.615385	-0.0710154	-0.226628	-0.725694
34	25	0.871795	0.641026	-0.0740692	-0.243953	-0.647544
34	26	0.871795	0.666667	-0.0751111	-0.260971	-0.645463
34	27	0.871795	0.692308	-0.0762843	-0.277332	-0.556736
34	28	0.871795	0.717949	-0.0747403	-0.290679	-0.524232
34	29	0.871795	0.74359	-0.0710539	-0.302853	-0.451996
34	30	0.871795	0.769231	-0.0638628	-0.308681	-0.360705
34	31	0.871795	0.794872	-0.0494961	-0.31077	-0.320282
34	32	0.871795	0.820513	-0.0287134	-0.303045	-0.167726
34	33	0.871795	0.846154	0.00840197	-0.286249	-0.149744
34	34	0.871795	0.871795	0.0612042	-0.256756	0.024164
34	35	0.871795	0.897436	0.146119	-0.212655	0.039761
34	36	0.871795	0.923077	0.267276	-0.15722	0.155375
34	37	0.871795	0.948718	0.444162	-0.092532	0.144253
34	38	0.871795	0.974359	0.683889	-0.0352828	0.103842
34	39	0.871795	1	1	0	0
35	0	0.897436	0	0	0	-0.961274
35	1	0.897436	0.025641	-0.00318674	-0.000106101	-0.961274
35	2	0.897436	0.0512821	-0.0061844	-0.000614902	-0.964175
35	3	0.897436	0.0769231	-0.00887766	-0.00178646	-0.965525
35	4	0.897436	0.102564	-0.0111633	-0.00385781	-0.971017
35	5	0.897436	0.128205	-0.0133068	-0.0066839	-0.970401
35	6	0.897436	0.153846	-0.0151312	-0.0102855	-0.97609
35	7	0.897436	0.179487	-0.0169433	-0.0147416	-0.97553
35	8	0.897436	0.205128	-0.0186213	-0.0197234	-0.976666
35	9	0.897436	0.230769	-0.0202329	-0.0256608	-0.979577
35	10	0.897436	0.25641	-0.0219858	-0.0320451	-0.973204
35	11	0.897436	0.282051	-0.0235285	-0.0392977	-0.979029
35	12	0.897436	0.307692	-0.0254264	-0.0472308	-0.96798
35	13	0.897436	0.333333	-0.0271025	-0.0557377	-0.970187
35	14	0.897436	0.358974	-0.029082	-0.0653179	-0.961605
35	15	0.897436	0.384615	-0.0311109	-0.0752228	-0.952191
35	16	0.897436	0.410256	-0.0330977	-0.0864028	-0.950598
35	17	0.897436	0.435897	-0.0355714	-0.0980021	-0.927436
35	18	0.897436	0.461538	-0.0376198	-0.110656	-0.928622
35	19	0.897436	0.487179	-0.040401	-0.124192	-0.898343
35	20	0.897436	0.512821	-0.0427128	-0.138251	-0.890286
35	21	0.897436	0.538462	-0.0454823	-0.153694	-0.863286
35	22	0.897436	0.564103	-0.0482466	-0.16917	-0.833754
35	23	0.897436	0.589744	-0.0506719	-0.186107	-0.815114
35	24	0.897436	0.615385	-0.0537989	-0.202907	-0.759854
35	25	0.897436	0.641026	-0.0556612	-0.220504	-0.742941
35	26	0.897436	0.666667	-0.0585227	-0.238044	-0.668495
35	27	0.897436	0.692308	-0.0595742	-0.254922	-0.635458
35	28	0.897436	0.717949	-0.0607376	-0.271528	-0.554588
35	29	0.897436	0.74359	-0.059996	-0.285306	-0.484091
35	30	0.897436	0.769231	-0.0565822	-0.297297	-0.405683
35	31	0.897436	0.794872	-0.0504732	-0.303497	-0.28555
35	32	0.897436	0.820513	-0.0359702	-0.303826	-0.205236
35	33	0.897436	0.846154	-0.0138357	-0.293998	-0.0451491
35	34	0.897436	0.871795	0.0283509	-0.271096	0.0497688
35	35	0.897436	0.897436	0.0944045	-0.232339	0.209248
35	36	0.897436	0.923077	0.205295	-0.174352	0.302099
35	37	0.897436	0.948718	0.376679	-0.102686	0.369471
35	38	0.897436	0.974359	0.633489	-0.0255393	0.36658
35	39	0.897436	1	1	0	0
36	0	0.923077	0	0	0	-1.02571
36	1	0.923077	0.025641	-0.00308204	0.000234713	-1.02571
36	2	0.923077	0.0512821	-0.00555416	0.000190262	-1.02801
36	3	0.923077	0.0769231	-0.00745002	-0.000588959	-1.03214
36	4	0.923077	0.102564	-0.00905273	-0.00206008	-1.03434
36	5	0.923077	0.128205	-0.010311	-0.00428944	-1.03966
36	6	0.923077	0.153846	-0.0115403	-0.00719814	-1.04075
36	7	0.923077	0.179487	-0.0125796	-0.0106729	-1.04438
36	8	0.923077	0.205128	-0.0136103	-0.0148613	-1.04599
36	9	0.923077	0.230769	-0.0146668	-0.0194783	-1.0451
36	10	0.923077	0.25641	-0.015579	-0.0248099	-1.04816
36	11	0.923077	0.282051	-0.0167482	-0.0306215	-1.04252
36	12	0.923077	0.307692	-0.0176766	-0.0370275	-1.04458
36	13	0.923077	0.333333	-0.0189194	-0.0441366	-1.03732
36	14	0.923077	0.358974	-0.0200556	-0.0516806	-1.03349
36	15	0.923077	0.384615	-0.0212853	-0.0601426	-1.02805
36	16	0.923077	0.410256	-0.022767	-0.0690261	-1.01502
36	17	0.923077	0.435897	-0.0239845	-0.0788466	-1.01094
36	18	0.923077	0.461538	-0.0257839	-0.0893133	-0.989935
36	19	0.923077	0.487179	-0.0271427	-0.100523	-0.981594
36	20	0.923077	0.512821	-0.0290701	-0.112723	-0.957138
36	21	0.923077	0.538462	-0.0307956	-0.125425	-0.936863
36	22	0.923077	0.564103	-0.0326305	-0.139328	-0.912084
36	23	0.923077	0.589744	-0.0348426	-0.15363	-0.874656
36	24	0.923077	0.615385	-0.0364856	-0.169011	-0.847143
36	25	0.923077	0.641026	-0.0390336	-0.184841	-0.791885
36	26	0.923077	0.666667	-0.0405343	-0.20122	-0.752783
36	27	0.923077	0.692308	-0.0428976	-0.218024	-0.681777
36	28	0.923077	0.717949	-0.0442107	-0.234427	-0.618196
36	29	0.923077	0.74359	-0.0453308	-0.250636	-0.531511
36	30	0.923077	0.769231	-0.0455197	-0.264874	-0.430963
36	31	0.923077	0.794872	-0.042951	-0.276775	-0.321231
36	32	0.923077	0.820513	-0.0379107	-0.283664	-0.176618
36	33	0.923077	0.846154	-0.024256	-0.283014	-0.0289241
36	34	0.923077	0.871795	0.000228823	-0.270801	0.155615
36	35	0.923077	0.897436	0.0495531	-0.241194	0.343911
36	36	0.923077	0.923077	0.13822	-0.189008	0.532611
36	37	0.923077	0.948718	0.297701	-0.112267	0.671855
36	38	0.923077	0.974359	0.565561	-0.0111174	0.775435
36	39	0.923077	1	1	0	0
37	0	0.948718	0	0	0	-1.08705
37	1	0.948718	0.025641	-0.00326482	0.000568792	-1.08705
37	2	0.948718	0.0512821	-0.00521545	0.000853348	-1.09069
37	3	0.948718	0.0769231	-0.00646819	0.000493413	-1.09496
37	4	0.948718	0.102564	-0.00730282	-0.000521132	-1.10018
37	5	0.948718	0.128205	-0.00802924	-0.00208336	-1.10385
37	6	0.948718	0.153846	-0.00857723	-0.00414477	-1.10842
37	7	0.948718	0.179487	-0.00914351	-0.00668887	-1.11106
37	8	0.948718	0.205128	-0.00965878	-0.00961077	-1.11339
37	9	0.948718	0.230769	-0.0101268	-0.0130099	-1.11549
37	10	0.948718	0.25641	-0.0107095	-0.0167574	-1.11465
37	11	0.948718	0.282051	-0.0111357	-0.020957	-1.11574
37	12	0.948718	0.307692	-0.011783	-0.0255812	-1.1122
37	13	0.948718	0.333333	-0.0122821	-0.0306039	-1.11039
37	14	0.948718	0.358974	-0.0129283	-0.0361761	-1.10536
37	15	0.948718	0.384615	-0.0136185	-0.0421324	-1.09854
37	16	0.948718	0.410256	-0.014228	-0.0487184	-1.09217
37	17	0.948718	0.435897	-0.0151414	-0.0557765	-1.07954
37	18	0.948718	0.461538	-0.0157813	-0.0634581	-1.06983
37	19	0.948718	0.487179	-0.0168355	-0.0717845	-1.05197
37	20	0.948718	0.512821	-0.0176555	-0.0806893	-1.03535
37	21	0.948718	0.538462	-0.0187237	-0.0904034	-1.01254
37	22	0.948718	0.564103	-0.0198579	-0.100694	-0.985507
37	23	0.948718	0.589744	-0.020878	-0.11186	-0.955919
37	24	0.948718	0.615385	-0.0223497	-0.123672	-0.915789
37	25	0.948718	0.641026	-0.0233858	-0.136296	-0.874674
37	26	0.948718	0.666667	-0.0250769	-0.149641	-0.818642
37	27	0.948718	0.692308	-0.0262742	-0.163602	-0.758638
37	28	0.948718	0.717949	-0.0279361	-0.178192	-0.681462
37	29	0.948718	0.74359	-0.0293045	-0.192985	-0.592789
37	30	0.948718	0.769231	-0.0304222	-0.207777	-0.48374
37	31	0.948718	0.794872	-0.0311531	-0.2217	-0.353412
37	32	0.948718	0.820513	-0.0298759	-0.233546	-0.193474
37	33	0.948718	0.846154	-0.0257565	-0.241241	-0.00372819
37	34	0.948718	0.871795	-0.0135793	-0.240867	0.231643
37	35	0.948718	0.897436	0.0140732	-0.226668	0.496713
37	36	0.948718	0.923077	0.0755966	-0.188948	0.806966
37	37	0.948718	0.948718	0.206239	-0.118501	1.0761
37	38	0.948718	0.974359	0.471617	0.00916311	1.41542
37	39	0.948718	1	1	0	0
38	0	0.974359	0	0	0	-1.15107
38	1	0.974359	0.025641	-0.00436939	0.000697246	-1.15107
38	2	0.974359	0.0512821	-0.00598066	0.00114496	-1.15945
38	3	0.974359	0.0769231	-0.00668833	0.000970484	-1.16697
38	4	0.974359	0.102564	-0.00710176	0.000410286	-1.17371
38	5	0.974359	0.128205	-0.00736228	-0.000461267	-1.17968
38	6	0.974359	0.153846	-0.0076124	-0.0015933	-1.18464
38	7	0.974359	0.179487	-0.00780824	-0.00295577	-1.18887
38	8	0.974359	0.205128	-0.00800684	-0.00455019	-1.19214
38	9	0.974359	0.230769	-0.00822153	-0.00634737	-1.19442
38	10	0.974359	0.25641	-0.00838588	-0.00837207	-1.1959
38	11	0.974359	0.282051	-0.00863719	-0.0106087	-1.19601
38	12	0.974359	0.307692	-0.00880668	-0.0130725	-1.19529
38	13	0.974359	0.333333	-0.00907033	-0.0157849	-1.193
38	14	0.974359	0.358974	-0.00930332	-0.0187341	-1.18944
38	15	0.974359	0.384615	-0.00955066	-0.0219754	-1.18434
38	16	0.974359	0.410256	-0.00988165	-0.0254881	-1.17721
38	17	0.974359	0.435897	-0.0101235	-0.0293279	-1.16839
38	18	0.974359	0.461538	-0.0105355	-0.0335004	-1.15683
38	19	0.974359	0.487179	-0.0108286	-0.0380299	-1.14291
38	20	0.974359	0.512821	-0.0112737	-0.0429649	-1.12562
38	21	0.974359	0.538462	-0.0116836	-0.0482988	-1.10477
38	22	0.974359	0.564103	-0.0121317	-0.0541037	-1.07963
38	23	0.974359	0.589744	-0.0126905	-0.0603723	-1.04938
38	24	0.974359	0.615385	-0.0131641	-0.0671669	-1.01309
38	25	0.974359	0.641026	-0.0138619	-0.0745061	-0.969716
38	26	0.974359	0.666667	-0.01443	-0.082426	-0.917389
38	27	0.974359	0.692308	-0.0152404	-0.0909671	-0.854703
38	28	0.974359	0.717949	-0.0159771	-0.100145	-0.778653
38	29	0.974359	0.74359	-0.0168706	-0.109973	-0.685915
38	30	0.974359	0.769231	-0.017734	-0.12043	-0.57265
38	31	0.974359	0.794872	-0.0185046	-0.131352	-0.430221
38	32	0.974359	0.820513	-0.0187966	-0.142464	-0.253538
38	33	0.974359	0.846154	-0.0178034	-0.152883	-0.0235596
38	34	0.974359	0.871795	-0.0131748	-0.160918	0.269068
38	35	0.974359	0.897436	5.62641e-05	-0.162618	0.656846
38	36	0.974359	0.923077	0.0354701	-0.14938	1.15458
38	37	0.974359	0.948718	0.125696	-0.106401	1.74681
38	38	0.974359	0.974359	0.358359	0.0309295	2.63233
38	39	0.974359	1	1	0	0
39	0	1	0	0	0	-1.15107
39	1	1	0.025641	0	0	-1.15107
39	2	1	0.0512821	0	0	-1.15945
39	3	1	0.0769231	0	0	-1.16697
39	4	1	0.102564	0	0	-1.17371
39	5	1	0.128205	0	0	-1.17968
39	6	1	0.153846	0	0	-1.18464
39	7	1	0.179487	0	0	-1.18887
39	8	1	0.205128	0	0	-1.19214
39	9	1	0.230769	0	0	-1.19442
39	10	1	0.25641	0	0	-1.1959
39	11	1	0.282051	0	0	-1.19601
39	12	1	0.307692	0	0	-1.19529
39	13	1	0.333333	0	0	-1.193
39	14	1	0.358974	0	0	-1.18944
39	15	1	0.384615	0	0	-1.18434
39	16	1	0.410256	0	0	-1.17721
39	17	1	0.435897	0	0	-1.16839
39	18	1	0.461538	0	0	-1.15683
39	19	1	0.487179	0	0	-1.14291
39	20	1	0.512821	0	0	-1.12562
39	21	1	0.538462	0	0	-1.10477
39	22	1	0.564103	0	0	-1.07963
39	23	1	0.589744	0	0	-1.04938
39	24	1	0.615385	0	0	-1.01309
39	25	1	0.641026	0	0	-0.969716
39	26	1	0.666667	0	0	-0.917389
39	27	1	0.692308	0	0	-0.854703
39	28	1	0.717949	0	0	-0.778653
39	29	1	0.74359	0	0	-0.685915
39	30	1	0.769231	0	0	-0.57265
39	31	1	0.794872	0	0	-0.430221
39	32	1	0.820513	0	0	-0.253538
39	33	1	0.846154	0	0	-0.0235596
39	34	1	0.871795	0	0	0.269068
39	35	1	0.897436	0	0	0.656846
39	36	1	0.923077	0	0	1.15458
39	37	1	0.948718	0	0	1.74681
39	38	1	0.974359	0	0	2.63233
39	39	1	1	1	0	0
