# i		j		x		y		u		v		p
# nx		ny		
# 40		40
# =================================
0	0	0	0	0	0	1.14366
0	1	0	0.025641	0	0	1.14366
0	2	0	0.0512821	0	0	1.15195
0	3	0	0.0769231	0	0	1.16359
0	4	0	0.102564	0	0	1.16111
0	5	0	0.128205	0	0	1.18242
0	6	0	0.153846	0	0	1.17053
0	7	0	0.179487	0	0	1.19007
0	8	0	0.205128	0	0	1.18743
0	9	0	0.230769	0	0	1.1833
0	10	0	0.25641	0	0	1.20807
0	11	0	0.282051	0	0	1.17112
0	12	0	0.307692	0	0	1.21714
0	13	0	0.333333	0	0	1.16927
0	14	0	0.358974	0	0	1.19936
0	15	0	0.384615	0	0	1.18449
0	16	0	0.410256	0	0	1.15639
0	17	0	0.435897	0	0	1.20076
0	18	0	0.461538	0	0	1.11221
0	19	0	0.487179	0	0	1.18485
0	20	0	0.512821	0	0	1.09357
0	21	0	0.538462	0	0	1.11644
0	22	0	0.564103	0	0	1.09568
0	23	0	0.589744	0	0	1.01809
0	24	0	0.615385	0	0	1.06873
0	25	0	0.641026	0	0	0.940682
0	26	0	0.666667	0	0	0.956593
0	27	0	0.692308	0	0	0.896689
0	28	0	0.717949	0	0	0.765146
0	29	0	0.74359	0	0	0.807956
0	30	0	0.769231	0	0	0.569907
0	31	0	0.794872	0	0	0.549397
0	32	0	0.820513	0	0	0.397752
0	33	0	0.846154	0	0	0.0621978
0	34	0	0.871795	0	0	0.0787968
0	35	0	0.897436	0	0	-0.628535
0	36	0	0.923077	0	0	-0.727001
0	37	0	0.948718	0	0	-1.56363
0	38	0	0.974359	0	0	-2.31249
0	39	0	1	1	0	0
1	0	0.025641	0	0	0	1.14366
1	1	0.025641	0.025641	-0.00433058	-0.000661252	1.14366
1	2	0.025641	0.0512821	-0.00628551	-0.00132851	1.15195
1	3	0.025641	0.0769231	-0.00598583	-0.000811109	1.16359
1	4	0.025641	0.102564	-0.00831661	-0.00065785	1.16111
1	5	0.025641	0.128205	-0.00588841	0.000467164	1.18242
1	6	0.025641	0.153846	-0.00914784	0.00165183	1.17053
1	7	0.025641	0.179487	-0.00687584	0.00255715	1.19007
1	8	0.025641	0.205128	-0.00805738	0.00505942	1.18743
1	9	0.025641	0.230769	-0.00969543	0.00567231	1.1833
1	10	0.025641	0.25641	-0.00553396	0.00897356	1.20807
1	11	0.025641	0.282051	-0.0128793	0.010211	1.17112
1	12	0.025641	0.307692	-0.00407547	0.013045	1.21714
1	13	0.025641	0.333333	-0.0134172	0.0162022	1.16927
1	14	0.025641	0.358974	-0.00658714	0.017561	1.19936
1	15	0.025641	0.384615	-0.0093928	0.0230054	1.18449
1	16	0.025641	0.410256	-0.0133013	0.023465	1.15639
1	17	0.025641	0.435897	-0.00290741	0.0297091	1.20076
1	18	0.025641	0.461538	-0.0198815	0.0316714	1.11221
1	19	0.025641	0.487179	7.41048e-06	0.0360908	1.18485
1	20	0.025641	0.512821	-0.0198321	0.0419334	1.09357
1	21	0.025641	0.538462	-0.00582819	0.0432923	1.11644
1	22	0.025641	0.564103	-0.0110705	0.0526117	1.09568
1	23	0.025641	0.589744	-0.0183536	0.0533821	1.01809
1	24	0.025641	0.615385	-0.000551805	0.0624349	1.06873
1	25	0.025641	0.641026	-0.0273761	0.0675054	0.940682
1	26	0.025641	0.666667	0.00039221	0.0726197	0.956593
1	27	0.025641	0.692308	-0.0237899	0.083961	0.896689
1	28	0.025641	0.717949	-0.0116938	0.0865408	0.765146
1	29	0.025641	0.74359	-0.0118559	0.0996874	0.807956
1	30	0.025641	0.769231	-0.0255597	0.106695	0.569907
1	31	0.025641	0.794872	-0.00774276	0.115068	0.549397
1	32	0.025641	0.820513	-0.0253871	0.131029	0.397752
1	33	0.025641	0.846154	-0.0185935	0.13412	0.0621978
1	34	0.025641	0.871795	-0.00731536	0.150876	0.0787968
1	35	0.025641	0.897436	-0.0173921	0.151186	-0.628535
1	36	0.025641	0.923077	0.0432081	0.142193	-0.727001
1	37	0.025641	0.948718	0.103834	0.111407	-1.56363
1	38	0.025641	0.974359	0.348245	-0.0211303	-2.31249
1	39	0.025641	1	1	0	0
2	0	0.0512821	0	0	0	1.07966
2	1	0.0512821	0.025641	-0.00340037	-0.000878909	1.07966
2	2	0.0512821	0.0512821	-0.0046542	-0.00024463	1.09377
2	3	0.0512821	0.0769231	-0.00780127	-0.00140769	1.06191
2	4	0.0512821	0.102564	-0.00527054	0.00119553	1.13903
2	5	0.0512821	0.128205	-0.0107248	0.00172817	1.04008
2	6	0.0512821	0.153846	-0.00605333	0.00356485	1.16084
2	7	0.0512821	0.179487	-0.0110627	0.0080783	1.06723
2	8	0.0512821	0.205128	-0.00966595	0.00725737	1.11003
2	9	0.0512821	0.230769	-0.00794997	0.0157812	1.16401
2	10	0.0512821	0.25641	-0.0158767	0.0140305	1.00118
2	11	0.0512821	0.282051	-0.00376862	0.0226977	1.27168
2	12	0.0512821	0.307692	-0.0206177	0.0252778	0.928346
2	13	0.0512821	0.333333	-0.00392087	0.0283329	1.27371
2	14	0.0512821	0.358974	-0.0183813	0.0399581	1.00096
2	15	0.0512821	0.384615	-0.0126885	0.0352347	1.09548
2	16	0.0512821	0.410256	-0.00788342	0.0542442	1.22461
2	17	0.0512821	0.435897	-0.0274807	0.0479256	0.815029
2	18	0.0512821	0.461538	0.0036168	0.064371	1.43121
2	19	0.0512821	0.487179	-0.0372359	0.0687349	0.660454
2	20	0.0512821	0.512821	0.00336647	0.0711241	1.37415
2	21	0.0512821	0.538462	-0.0302358	0.0936174	0.823471
2	22	0.0512821	0.564103	-0.0157113	0.0815647	0.973683
2	23	0.0512821	0.589744	-0.00763802	0.113983	1.2111
2	24	0.0512821	0.615385	-0.0439756	0.10412	0.489256
2	25	0.0512821	0.641026	0.0119309	0.125709	1.42474
2	26	0.0512821	0.666667	-0.0581578	0.138602	0.343369
2	27	0.0512821	0.692308	0.00690137	0.136249	1.12197
2	28	0.0512821	0.717949	-0.0437805	0.172205	0.64007
2	29	0.0512821	0.74359	-0.0238016	0.159467	0.465913
2	30	0.0512821	0.769231	-0.0155115	0.192012	0.904048
2	31	0.0512821	0.794872	-0.0532406	0.198649	0.0591979
2	32	0.0512821	0.820513	-0.00367051	0.201321	0.526444
2	33	0.0512821	0.846154	-0.0494039	0.232628	0.193623
2	34	0.0512821	0.871795	-0.00828905	0.209692	-0.43642
2	35	0.0512821	0.897436	0.00566026	0.221182	0.279393
2	36	0.0512821	0.923077	0.0527835	0.186327	-1.19282
2	37	0.0512821	0.948718	0.197199	0.115176	-0.408451
2	38	0.0512821	0.974359	0.449676	0.0135104	-1.34606
2	39	0.0512821	1	1	0	0
3	0	0.0769231	0	0	0	1.02129
3	1	0.0769231	0.025641	-0.00295928	0.000393318	1.02129
3	2	0.0769231	0.0512821	-0.00622064	-0.00156106	0.997477
3	3	0.0769231	0.0769231	-0.00610685	0.00223002	1.08474
3	4	0.0769231	0.102564	-0.0113763	0.000479281	0.930604
3	5	0.0769231	0.128205	-0.00751043	0.00481208	1.15907
3	6	0.0769231	0.153846	-0.0147347	0.00805639	0.909885
3	7	0.0769231	0.179487	-0.0103902	0.00776123	1.12753
3	8	0.0769231	0.205128	-0.0144451	0.0194419	1.03435
3	9	0.0769231	0.230769	-0.0168362	0.0135917	0.93444
3	10	0.0769231	0.25641	-0.0105094	0.0304511	1.28152
3	11	0.0769231	0.282051	-0.0251674	0.0262974	0.690677
3	12	0.0769231	0.307692	-0.00720014	0.0375554	1.45296
3	13	0.0769231	0.333333	-0.0293194	0.0472527	0.649398
3	14	0.0769231	0.358974	-0.0115725	0.0421012	1.29066
3	15	0.0769231	0.384615	-0.0231525	0.071601	1.00079
3	16	0.0769231	0.410256	-0.0272221	0.0518816	0.738636
3	17	0.0769231	0.435897	-0.00810253	0.0898436	1.60598
3	18	0.0769231	0.461538	-0.0471587	0.076194	0.139704
3	19	0.0769231	0.487179	0.00311078	0.0961239	1.94946
3	20	0.0769231	0.512821	-0.0544296	0.115433	0.0817665
3	21	0.0769231	0.538462	-0.00647958	0.0972613	1.51102
3	22	0.0769231	0.564103	-0.036214	0.155201	0.848629
3	23	0.0769231	0.589744	-0.0416414	0.112063	0.362392
3	24	0.0769231	0.615385	-0.00135604	0.176493	1.93316
3	25	0.0769231	0.641026	-0.0818467	0.154918	-0.632872
3	26	0.0769231	0.666667	0.0198984	0.176775	2.2823
3	27	0.0769231	0.692308	-0.0918857	0.214567	-0.52084
3	28	0.0769231	0.717949	0.00043389	0.178713	1.33055
3	29	0.0769231	0.74359	-0.0576562	0.256831	0.60695
3	30	0.0769231	0.769231	-0.0526442	0.209567	-0.168162
3	31	0.0769231	0.794872	-0.00670891	0.260129	1.43179
3	32	0.0769231	0.820513	-0.0912603	0.261682	-0.764043
3	33	0.0769231	0.846154	0.0248979	0.239415	0.825713
3	34	0.0769231	0.871795	-0.0587107	0.277979	-0.123883
3	35	0.0769231	0.897436	0.063911	0.210649	-0.594557
3	36	0.0769231	0.923077	0.0994578	0.194885	0.351054
3	37	0.0769231	0.948718	0.273743	0.12627	-1.07787
3	38	0.0769231	0.974359	0.545882	0.014046	-0.298483
3	39	0.0769231	1	1	0	0
4	0	0.102564	0	0	0	0.950424
4	1	0.102564	0.025641	-0.00329112	-0.000865913	0.950424
4	2	0.102564	0.0512821	-0.0058774	0.00247307	0.993629
4	3	0.102564	0.0769231	-0.00977977	-0.000746007	0.872247
4	4	0.102564	0.102564	-0.00978712	0.00603985	1.10935
4	5	0.102564	0.128205	-0.0156091	0.00550835	0.777482
4	6	0.102564	0.153846	-0.0127029	0.00912472	1.16503
4	7	0.102564	0.179487	-0.019695	0.0184823	0.82651
4	8	0.102564	0.205128	-0.0171806	0.0129375	1.00377
4	9	0.102564	0.230769	-0.0202273	0.0341704	1.11606
4	10	0.102564	0.25641	-0.024996	0.0227638	0.629934
4	11	0.102564	0.282051	-0.0175313	0.0459501	1.50373
4	12	0.102564	0.307692	-0.0339796	0.0442064	0.323479
4	13	0.102564	0.333333	-0.0164408	0.0504138	1.60226
4	14	0.102564	0.358974	-0.0375434	0.0762505	0.503213
4	15	0.102564	0.384615	-0.0243118	0.05357	1.06391
4	16	0.102564	0.410256	-0.0300411	0.107454	1.32214
4	17	0.102564	0.435897	-0.0435718	0.0703835	0.023944
4	18	0.102564	0.461538	-0.015103	0.122416	2.29662
4	19	0.102564	0.487179	-0.0640173	0.112791	-0.72343
4	20	0.102564	0.512821	-0.00837254	0.117416	2.45085
4	21	0.102564	0.538462	-0.0660334	0.172641	-0.236648
4	22	0.102564	0.564103	-0.0279288	0.111931	1.14404
4	23	0.102564	0.589744	-0.0391877	0.219555	1.5545
4	24	0.102564	0.615385	-0.0741584	0.139061	-1.00363
4	25	0.102564	0.641026	0.000250619	0.226422	3.32742
4	26	0.102564	0.666667	-0.116076	0.211435	-2.21352
4	27	0.102564	0.692308	0.0151072	0.201968	3.28159
4	28	0.102564	0.717949	-0.111114	0.293238	-1.16363
4	29	0.102564	0.74359	-0.021901	0.192036	1.02528
4	30	0.102564	0.769231	-0.0505677	0.3251	1.30108
4	31	0.102564	0.794872	-0.0898632	0.232639	-1.55362
4	32	0.102564	0.820513	0.0282133	0.28773	2.6802
4	33	0.102564	0.846154	-0.112717	0.288782	-2.0935
4	34	0.102564	0.871795	0.0957581	0.219451	1.6097
4	35	0.102564	0.897436	-0.00317134	0.265204	-0.693487
4	36	0.102564	0.923077	0.219317	0.149192	-0.26325
4	37	0.102564	0.948718	0.321764	0.118984	0.214927
4	38	0.102564	0.974359	0.616248	0.044208	-0.471032
4	39	0.102564	1	1	0	0
5	0	0.128205	0	0	0	0.894061
5	1	0.128205	0.025641	-0.00372592	0.00144915	0.894061
5	2	0.128205	0.0512821	-0.00714628	-0.000860978	0.852986
5	3	0.128205	0.0769231	-0.0111438	0.00579462	0.992534
5	4	0.128205	0.102564	-0.0139835	0.00260372	0.732455
5	5	0.128205	0.128205	-0.0165597	0.0105959	1.12462
5	6	0.128205	0.153846	-0.0211383	0.0137004	0.659384
5	7	0.128205	0.179487	-0.0200519	0.0143224	1.10627
5	8	0.128205	0.205128	-0.0276986	0.0315296	0.827384
5	9	0.128205	0.230769	-0.024363	0.0202245	0.786156
5	10	0.128205	0.25641	-0.0309845	0.0496536	1.27736
5	11	0.128205	0.282051	-0.032385	0.0360775	0.281579
5	12	0.128205	0.307692	-0.0300947	0.0598466	1.70593
5	13	0.128205	0.333333	-0.0428615	0.0675345	0.0570279
5	14	0.128205	0.358974	-0.0293904	0.0608802	1.56177
5	15	0.128205	0.384615	-0.0491665	0.108821	0.62089
5	16	0.128205	0.410256	-0.0368912	0.0654659	0.533444
5	17	0.128205	0.435897	-0.0448651	0.140902	1.92502
5	18	0.128205	0.461538	-0.0557436	0.0950217	-0.879607
5	19	0.128205	0.487179	-0.0328243	0.145199	3.0077
5	20	0.128205	0.512821	-0.075456	0.158897	-1.38059
5	21	0.128205	0.538462	-0.0288517	0.126135	2.50779
5	22	0.128205	0.564103	-0.0762981	0.233859	0.0990932
5	23	0.128205	0.589744	-0.0514928	0.120373	0.00874479
5	24	0.128205	0.615385	-0.049376	0.273037	3.00164
5	25	0.128205	0.641026	-0.0982379	0.171243	-2.928
5	26	0.128205	0.666667	-0.0129284	0.249582	4.9584
5	27	0.128205	0.692308	-0.131533	0.276021	-3.59919
5	28	0.128205	0.717949	-0.00537713	0.194243	3.68938
5	29	0.128205	0.74359	-0.10692	0.364537	-0.853876
5	30	0.128205	0.769231	-0.0506398	0.178646	-0.380288
5	31	0.128205	0.794872	-0.0211767	0.360099	3.10658
5	32	0.128205	0.820513	-0.109465	0.234892	-3.82081
5	33	0.128205	0.846154	0.0881897	0.263441	4.59297
5	34	0.128205	0.871795	-0.0759178	0.286654	-3.69409
5	35	0.128205	0.897436	0.209546	0.148585	2.58566
5	36	0.128205	0.923077	0.155906	0.217619	-1.18585
5	37	0.128205	0.948718	0.44624	0.0672276	0.175449
5	38	0.128205	0.974359	0.647383	0.0559838	0.167734
5	39	0.128205	1	1	0	0
6	0	0.153846	0	0	0	0.821224
6	1	0.153846	0.025641	-0.00415817	-5.28503e-05	0.821224
6	2	0.153846	0.0512821	-0.00984732	0.00355067	0.855462
6	3	0.153846	0.0769231	-0.0115317	0.0013311	0.753737
6	4	0.153846	0.102564	-0.019517	0.0099917	0.975986
6	5	0.153846	0.128205	-0.0194014	0.008307	0.624941
6	6	0.153846	0.153846	-0.0253616	0.0163482	1.09217
6	7	0.153846	0.179487	-0.0297741	0.0235953	0.594798
6	8	0.153846	0.205128	-0.0274608	0.0214632	0.994646
6	9	0.153846	0.230769	-0.040717	0.0450702	0.865044
6	10	0.153846	0.25641	-0.0304947	0.0304502	0.558203
6	11	0.153846	0.282051	-0.046974	0.0642067	1.40589
6	12	0.153846	0.307692	-0.0399162	0.0528784	0.0171
6	13	0.153846	0.333333	-0.0454798	0.0721713	1.76704
6	14	0.153846	0.358974	-0.0555544	0.093054	-0.020795
6	15	0.153846	0.384615	-0.0409091	0.071361	1.30576
6	16	0.153846	0.410256	-0.0690652	0.139351	0.93917
6	17	0.153846	0.435897	-0.0443377	0.0813547	-0.132264
6	18	0.153846	0.461538	-0.0699907	0.166364	2.53809
6	19	0.153846	0.487179	-0.062544	0.126802	-1.61662
6	20	0.153846	0.512821	-0.0575838	0.15669	3.35467
6	21	0.153846	0.538462	-0.086665	0.208774	-1.48287
6	22	0.153846	0.564103	-0.0478632	0.12773	1.88993
6	23	0.153846	0.589744	-0.0955679	0.286403	1.11866
6	24	0.153846	0.615385	-0.0628487	0.13257	-1.67349
6	25	0.153846	0.641026	-0.0759042	0.301973	4.71016
6	26	0.153846	0.666667	-0.101385	0.214065	-4.69017
6	27	0.153846	0.692308	-0.0409708	0.239784	5.99413
6	28	0.153846	0.717949	-0.124111	0.341056	-3.93994
6	29	0.153846	0.74359	-0.0283193	0.159888	2.80504
6	30	0.153846	0.769231	-0.0860127	0.410485	0.835727
6	31	0.153846	0.794872	-0.0584869	0.153629	-2.97178
6	32	0.153846	0.820513	0.019001	0.346765	5.76296
6	33	0.153846	0.846154	-0.0738057	0.230408	-6.39021
6	34	0.153846	0.871795	0.165199	0.188949	6.43097
6	35	0.153846	0.897436	0.0515808	0.268276	-4.75102
6	36	0.153846	0.923077	0.359624	0.055607	2.99414
6	37	0.153846	0.948718	0.412274	0.16013	-1.04055
6	38	0.153846	0.974359	0.715086	0.0192002	0.301221
6	39	0.153846	1	1	0	0
7	0	0.179487	0	0	0	0.756872
7	1	0.179487	0.025641	-0.00576038	0.000924274	0.756872
7	2	0.179487	0.0512821	-0.00920692	0.00169334	0.761025
7	3	0.179487	0.0769231	-0.0191174	0.00641803	0.789497
7	4	0.179487	0.102564	-0.0170014	0.00536262	0.695837
7	5	0.179487	0.128205	-0.0299548	0.0157576	0.914088
7	6	0.179487	0.153846	-0.0277017	0.014811	0.555009
7	7	0.179487	0.179487	-0.034246	0.0243192	1.03814
7	8	0.179487	0.205128	-0.0431054	0.0334236	0.52606
7	9	0.179487	0.230769	-0.0338772	0.030923	0.914894
7	10	0.179487	0.25641	-0.0585073	0.0581206	0.839278
7	11	0.179487	0.282051	-0.0368685	0.0424685	0.421453
7	12	0.179487	0.307692	-0.065228	0.0783104	1.41836
7	13	0.179487	0.333333	-0.0512191	0.0700701	-0.117825
7	14	0.179487	0.358974	-0.0589726	0.0849575	1.69901
7	15	0.179487	0.384615	-0.0760952	0.116192	0.00464563
7	16	0.179487	0.410256	-0.0472461	0.0843853	1.00124
7	17	0.179487	0.435897	-0.0983366	0.163653	1.21505
7	18	0.179487	0.461538	-0.0469546	0.101555	-0.632072
7	19	0.179487	0.487179	-0.100637	0.18305	2.84623
7	20	0.179487	0.512821	-0.069957	0.160562	-1.91094
7	21	0.179487	0.538462	-0.0787296	0.161928	3.16926
7	22	0.179487	0.564103	-0.10759	0.251256	-1.04158
7	23	0.179487	0.589744	-0.0527402	0.1317	0.833831
7	24	0.179487	0.615385	-0.131574	0.317978	2.34129
7	25	0.179487	0.641026	-0.0532958	0.155036	-3.19278
7	26	0.179487	0.666667	-0.116219	0.301151	5.85016
7	27	0.179487	0.692308	-0.0845752	0.26183	-5.43124
7	28	0.179487	0.717949	-0.0672014	0.205021	5.72027
7	29	0.179487	0.74359	-0.106462	0.388366	-2.81896
7	30	0.179487	0.769231	-0.0255189	0.118606	0.593829
7	31	0.179487	0.794872	-0.0662059	0.412958	3.49094
7	32	0.179487	0.820513	-0.0124111	0.136805	-5.91282
7	33	0.179487	0.846154	0.0588645	0.282304	8.18443
7	34	0.179487	0.871795	0.0420345	0.228802	-8.02036
7	35	0.179487	0.897436	0.2584	0.0864935	7.04752
7	36	0.179487	0.923077	0.265254	0.238516	-4.39069
7	37	0.179487	0.948718	0.543233	-0.0150339	2.28962
7	38	0.179487	0.974359	0.712778	0.103823	-0.182173
7	39	0.179487	1	1	0	0
8	0	0.205128	0	0	0	0.701505
8	1	0.205128	0.025641	-0.00602382	0.00195626	0.701505
8	2	0.205128	0.0512821	-0.0148963	0.00168406	0.661887
8	3	0.205128	0.0769231	-0.0153763	0.00523378	0.754778
8	4	0.205128	0.102564	-0.0305237	0.0109667	0.668345
8	5	0.205128	0.128205	-0.0250449	0.009543	0.677368
8	6	0.205128	0.153846	-0.0406319	0.0241648	0.842499
8	7	0.205128	0.179487	-0.0401484	0.0205424	0.456321
8	8	0.205128	0.205128	-0.0424185	0.0345345	1.04952
8	9	0.205128	0.230769	-0.060513	0.0427821	0.360953
8	10	0.205128	0.25641	-0.0407946	0.0410761	0.947642
8	11	0.205128	0.282051	-0.0779921	0.0716253	0.698836
8	12	0.205128	0.307692	-0.0468663	0.0532075	0.383421
8	13	0.205128	0.333333	-0.0814952	0.0937015	1.36224
8	14	0.205128	0.358974	-0.0694649	0.0840156	-0.230951
8	15	0.205128	0.384615	-0.0678759	0.0996277	1.66821
8	16	0.205128	0.410256	-0.104474	0.134212	-0.0808212
8	17	0.205128	0.435897	-0.0498507	0.0992597	0.890401
8	18	0.205128	0.461538	-0.13153	0.181787	1.21287
8	19	0.205128	0.487179	-0.0510461	0.121168	-0.778543
8	20	0.205128	0.512821	-0.126483	0.195339	2.76083
8	21	0.205128	0.538462	-0.0868907	0.18685	-1.82716
8	22	0.205128	0.564103	-0.0854567	0.168693	2.7028
8	23	0.205128	0.589744	-0.144101	0.276054	-0.514597
8	24	0.205128	0.615385	-0.0383869	0.143631	-0.0147354
8	25	0.205128	0.641026	-0.179649	0.324543	3.01429
8	26	0.205128	0.666667	-0.0280246	0.182837	-3.77906
8	27	0.205128	0.692308	-0.151336	0.278843	5.78747
8	28	0.205128	0.717949	-0.0638199	0.296884	-4.81101
8	29	0.205128	0.74359	-0.0630907	0.165708	4.17566
8	30	0.205128	0.769231	-0.0988689	0.39807	-0.764983
8	31	0.205128	0.794872	0.0308295	0.092456	-1.96058
8	32	0.205128	0.820513	-0.0585753	0.365927	5.81334
8	33	0.205128	0.846154	0.103187	0.136845	-7.69446
8	34	0.205128	0.871795	0.10454	0.184612	8.95749
8	35	0.205128	0.897436	0.228318	0.22373	-7.60029
8	36	0.205128	0.923077	0.381884	-0.00280786	5.76465
8	37	0.205128	0.948718	0.522175	0.18839	-2.59768
8	38	0.205128	0.974359	0.760948	-0.0181845	1.00076
8	39	0.205128	1	1	0	0
9	0	0.230769	0	0	0	0.615626
9	1	0.230769	0.025641	-0.0081874	-0.000880705	0.615626
9	2	0.230769	0.0512821	-0.0134355	0.0055846	0.711389
9	3	0.230769	0.0769231	-0.0263007	0.00392422	0.498188
9	4	0.230769	0.102564	-0.0239152	0.00867086	0.801504
9	5	0.230769	0.128205	-0.0423146	0.0184403	0.531055
9	6	0.230769	0.153846	-0.0366837	0.0123391	0.626597
9	7	0.230769	0.179487	-0.0509047	0.0350516	0.85091
9	8	0.230769	0.205128	-0.0558873	0.0255038	0.240407
9	9	0.230769	0.230769	-0.051439	0.0449791	1.19338
9	10	0.230769	0.25641	-0.0789505	0.05305	0.0714173
9	11	0.230769	0.282051	-0.0512766	0.0488004	1.07075
9	12	0.230769	0.307692	-0.0954247	0.0871781	0.520889
9	13	0.230769	0.333333	-0.0628474	0.0597762	0.316193
9	14	0.230769	0.358974	-0.0939609	0.110865	1.40567
9	15	0.230769	0.384615	-0.093753	0.0933271	-0.512594
9	16	0.230769	0.410256	-0.0744023	0.114442	1.86456
9	17	0.230769	0.435897	-0.135002	0.148143	-0.437481
9	18	0.230769	0.461538	-0.0548941	0.111136	1.07294
9	19	0.230769	0.487179	-0.159185	0.197604	0.927944
9	20	0.230769	0.512821	-0.0640343	0.132429	-0.694671
9	21	0.230769	0.538462	-0.138695	0.20892	2.55259
9	22	0.230769	0.564103	-0.117048	0.197789	-1.79192
9	23	0.230769	0.589744	-0.0755638	0.180512	2.51596
9	24	0.230769	0.615385	-0.189979	0.280652	-0.535571
9	25	0.230769	0.641026	-0.0128179	0.158349	-0.0318715
9	26	0.230769	0.666667	-0.220186	0.314074	2.64808
9	27	0.230769	0.692308	-0.00399671	0.199271	-3.21761
9	28	0.230769	0.717949	-0.153581	0.253653	4.66366
9	29	0.230769	0.74359	-0.0583936	0.299071	-3.44116
9	30	0.230769	0.769231	-0.00605493	0.142335	2.40466
9	31	0.230769	0.794872	-0.110172	0.362076	0.842608
9	32	0.230769	0.820513	0.14643	0.0884068	-3.26754
9	33	0.230769	0.846154	-0.0503311	0.284158	6.29985
9	34	0.230769	0.871795	0.270595	0.140974	-7.12899
9	35	0.230769	0.897436	0.183968	0.0907132	7.36
9	36	0.230769	0.923077	0.443583	0.196161	-5.1583
9	37	0.230769	0.948718	0.554687	-0.0388551	3.19173
9	38	0.230769	0.974359	0.773244	0.117048	-0.500166
9	39	0.230769	1	1	0	0
10	0	0.25641	0	0	0	0.585522
10	1	0.25641	0.025641	-0.0087637	0.00401277	0.585522
10	2	0.25641	0.0512821	-0.0190081	-0.00137481	0.460373
10	3	0.25641	0.0769231	-0.0231572	0.00938255	0.788486
10	4	0.25641	0.102564	-0.0381978	0.00907731	0.301852
10	5	0.25641	0.128205	-0.0356546	0.0103887	0.828718
10	6	0.25641	0.153846	-0.0538897	0.0286764	0.469002
10	7	0.25641	0.179487	-0.050939	0.0139618	0.455636
10	8	0.25641	0.205128	-0.0622951	0.0461619	1.00012
10	9	0.25641	0.230769	-0.071999	0.031415	-0.10777
10	10	0.25641	0.25641	-0.0640238	0.0524566	1.42892
10	11	0.25641	0.282051	-0.0951957	0.0658183	-0.245174
10	12	0.25641	0.307692	-0.0669581	0.0517318	1.14164
10	13	0.25641	0.333333	-0.109736	0.104623	0.475704
10	14	0.25641	0.358974	-0.0832177	0.0618848	0.046941
10	15	0.25641	0.384615	-0.105298	0.127217	1.69817
10	16	0.25641	0.410256	-0.118481	0.099985	-1.06198
10	17	0.25641	0.435897	-0.0842621	0.124556	2.31419
10	18	0.25641	0.461538	-0.159495	0.161591	-0.996677
10	19	0.25641	0.487179	-0.0681015	0.113797	1.37335
10	20	0.25641	0.512821	-0.174573	0.214979	0.65004
10	21	0.25641	0.538462	-0.0873803	0.129998	-0.775056
10	22	0.25641	0.564103	-0.137272	0.225125	2.69687
10	23	0.25641	0.589744	-0.153094	0.192792	-2.30871
10	24	0.25641	0.615385	-0.0584772	0.191687	3.07013
10	25	0.25641	0.641026	-0.226562	0.272897	-1.42485
10	26	0.25641	0.666667	0.00783963	0.160698	0.854108
10	27	0.25641	0.692308	-0.228002	0.302625	1.49962
10	28	0.25641	0.717949	0.00302865	0.185658	-2.17263
10	29	0.25641	0.74359	-0.105226	0.242372	3.5276
10	30	0.25641	0.769231	-0.0730437	0.259971	-2.67199
10	31	0.25641	0.794872	0.101022	0.138787	1.92743
10	32	0.25641	0.820513	-0.122378	0.293383	0.57905
10	33	0.25641	0.846154	0.295686	0.0894708	-2.23392
10	34	0.25641	0.871795	-0.00313093	0.201251	4.34713
10	35	0.25641	0.897436	0.447759	0.123263	-4.39288
10	36	0.25641	0.923077	0.329727	0.038712	4.18207
10	37	0.25641	0.948718	0.645487	0.134404	-2.11939
10	38	0.25641	0.974359	0.773532	-0.00916183	1.05133
10	39	0.25641	1	1	0	0
11	0	0.282051	0	0	0	0.483333
11	1	0.282051	0.025641	-0.010411	-0.00218803	0.483333
11	2	0.282051	0.0512821	-0.0197927	0.00816266	0.637284
11	3	0.282051	0.0769231	-0.0304677	0.000868051	0.254416
11	4	0.282051	0.102564	-0.0358683	0.0114532	0.866234
11	5	0.282051	0.128205	-0.0499169	0.0171549	0.163082
11	6	0.282051	0.153846	-0.0495642	0.0106136	0.747998
11	7	0.282051	0.179487	-0.0666602	0.0393496	0.542078
11	8	0.282051	0.205128	-0.0650544	0.0163231	0.153426
11	9	0.282051	0.230769	-0.0771898	0.0542516	1.24168
11	10	0.282051	0.25641	-0.0857566	0.0399216	-0.481828
11	11	0.282051	0.282051	-0.0812086	0.0549313	1.60712
11	12	0.282051	0.307692	-0.108812	0.0805741	-0.419514
11	13	0.282051	0.333333	-0.0857202	0.0503349	1.00104
11	14	0.282051	0.358974	-0.123871	0.120831	0.683662
11	15	0.282051	0.384615	-0.10263	0.0622399	-0.47998
11	16	0.282051	0.410256	-0.120615	0.137968	2.21257
11	17	0.282051	0.435897	-0.136926	0.107499	-1.75759
11	18	0.282051	0.461538	-0.101535	0.125085	2.80424
11	19	0.282051	0.487179	-0.173391	0.177085	-1.45859
11	20	0.282051	0.512821	-0.0888953	0.104235	1.42982
11	21	0.282051	0.538462	-0.179424	0.233464	0.775639
11	22	0.282051	0.564103	-0.112993	0.115304	-1.40167
11	23	0.282051	0.589744	-0.13199	0.237952	3.503
11	24	0.282051	0.615385	-0.17836	0.179901	-3.5383
11	25	0.282051	0.641026	-0.0484939	0.189276	4.30365
11	26	0.282051	0.666667	-0.232755	0.266616	-2.82525
11	27	0.282051	0.692308	0.0123313	0.135162	1.95856
11	28	0.282051	0.717949	-0.190135	0.303206	0.580175
11	29	0.282051	0.74359	-0.00657995	0.13539	-1.88658
11	30	0.282051	0.769231	-0.0152109	0.245699	3.73152
11	31	0.282051	0.794872	-0.0863758	0.192683	-3.73191
11	32	0.282051	0.820513	0.226772	0.135868	3.62166
11	33	0.282051	0.846154	-0.09212	0.224036	-1.90898
11	34	0.282051	0.871795	0.436928	0.066472	0.736711
11	35	0.282051	0.897436	0.124218	0.151825	1.00221
11	36	0.282051	0.923077	0.598457	0.0700123	-1.14408
11	37	0.282051	0.948718	0.544905	0.035907	1.35966
11	38	0.282051	0.974359	0.824444	0.0653354	-0.165448
11	39	0.282051	1	1	0	0
12	0	0.307692	0	0	0	0.461996
12	1	0.307692	0.025641	-0.0118895	0.00430521	0.461996
12	2	0.307692	0.0512821	-0.0217582	-0.00256282	0.32396
12	3	0.307692	0.0769231	-0.0336998	0.010945	0.708453
12	4	0.307692	0.102564	-0.0416905	0.00603952	0.0838968
12	5	0.307692	0.128205	-0.0505399	0.0118897	0.856453
12	6	0.307692	0.153846	-0.0626993	0.0259141	0.143625
12	7	0.307692	0.179487	-0.0630348	0.011289	0.546088
12	8	0.307692	0.205128	-0.0827319	0.0472273	0.703043
12	9	0.307692	0.230769	-0.0767016	0.0210965	-0.174719
12	10	0.307692	0.25641	-0.0961823	0.0574722	1.42882
12	11	0.307692	0.282051	-0.0972211	0.0503424	-0.718824
12	12	0.307692	0.307692	-0.10051	0.0532893	1.58179
12	13	0.307692	0.333333	-0.122895	0.0939179	-0.352898
12	14	0.307692	0.358974	-0.102512	0.0476957	0.622425
12	15	0.307692	0.384615	-0.142334	0.131151	1.08365
12	16	0.307692	0.410256	-0.115747	0.0641883	-1.11238
12	17	0.307692	0.435897	-0.142582	0.139304	2.7174
12	18	0.307692	0.461538	-0.146541	0.117382	-2.30383
12	19	0.307692	0.487179	-0.124021	0.114863	3.00921
12	20	0.307692	0.512821	-0.17978	0.192861	-1.4997
12	21	0.307692	0.538462	-0.108795	0.0854734	0.965826
12	22	0.307692	0.564103	-0.183174	0.247001	1.48442
12	23	0.307692	0.589744	-0.126648	0.096481	-2.60449
12	24	0.307692	0.615385	-0.134879	0.23691	4.80134
12	25	0.307692	0.641026	-0.176734	0.170982	-5.05821
12	26	0.307692	0.666667	-0.0526597	0.161805	5.54222
12	27	0.307692	0.692308	-0.200494	0.271673	-3.80347
12	28	0.307692	0.717949	0.00586371	0.0783557	2.19488
12	29	0.307692	0.74359	-0.119016	0.314256	1.02169
12	30	0.307692	0.769231	-0.00962003	0.0630495	-3.33584
12	31	0.307692	0.794872	0.0825971	0.244435	5.88138
12	32	0.307692	0.820513	-0.055941	0.129467	-6.68018
12	33	0.307692	0.846154	0.331567	0.104766	6.8397
12	34	0.307692	0.871795	0.0232805	0.187045	-5.28621
12	35	0.307692	0.897436	0.54181	0.00531171	3.76436
12	36	0.307692	0.923077	0.337183	0.14275	-1.55738
12	37	0.307692	0.948718	0.720519	0.00301004	0.661875
12	38	0.307692	0.974359	0.786219	0.0501363	0.30911
12	39	0.307692	1	1	0	0
13	0	0.333333	0	0	0	0.369236
13	1	0.333333	0.025641	-0.0123655	-0.00148725	0.369236
13	2	0.333333	0.0512821	-0.026533	0.00705942	0.482063
13	3	0.333333	0.0769231	-0.0327837	3.52556e-05	0.178408
13	4	0.333333	0.102564	-0.0495222	0.0121162	0.713788
13	5	0.333333	0.128205	-0.0536805	0.0120875	0.0129041
13	6	0.333333	0.153846	-0.0646789	0.0125393	0.740676
13	7	0.333333	0.179487	-0.0784245	0.032196	0.202849
13	8	0.333333	0.205128	-0.0739934	0.0140554	0.320459
13	9	0.333333	0.230769	-0.102426	0.0505746	0.81407
13	10	0.333333	0.25641	-0.0862646	0.0275228	-0.377325
13	11	0.333333	0.282051	-0.116599	0.0568942	1.42995
13	12	0.333333	0.307692	-0.109533	0.0592054	-0.738076
13	13	0.333333	0.333333	-0.117162	0.0506795	1.34649
13	14	0.333333	0.358974	-0.141401	0.101425	-0.126144
13	15	0.333333	0.384615	-0.113129	0.0468231	0.171242
13	16	0.333333	0.410256	-0.166696	0.132602	1.44216
13	17	0.333333	0.435897	-0.121674	0.0683798	-1.57231
13	18	0.333333	0.461538	-0.167879	0.131334	2.92822
13	19	0.333333	0.487179	-0.151391	0.126892	-2.4452
13	20	0.333333	0.512821	-0.143217	0.0978227	2.74202
13	21	0.333333	0.538462	-0.187321	0.2029	-1.0444
13	22	0.333333	0.564103	-0.116024	0.0652122	0.049056
13	23	0.333333	0.589744	-0.195392	0.24723	2.53088
13	24	0.333333	0.615385	-0.117193	0.0832529	-3.93439
13	25	0.333333	0.641026	-0.149552	0.214302	5.95439
13	26	0.333333	0.666667	-0.144891	0.172988	-6.04668
13	27	0.333333	0.692308	-0.0622679	0.109111	5.87846
13	28	0.333333	0.717949	-0.143739	0.284911	-3.46838
13	29	0.333333	0.74359	0.0121118	0.00606293	0.846556
13	30	0.333333	0.769231	-0.0474676	0.317905	3.15614
13	31	0.333333	0.794872	0.0311845	0.000907586	-6.32314
13	32	0.333333	0.820513	0.15217	0.212814	9.12631
13	33	0.333333	0.846154	0.0549466	0.10282	-9.96982
13	34	0.333333	0.871795	0.396112	0.0330318	9.56394
13	35	0.333333	0.897436	0.226973	0.188375	-7.23143
13	36	0.333333	0.923077	0.617425	-0.070347	4.76989
13	37	0.333333	0.948718	0.588707	0.139225	-1.85054
13	38	0.333333	0.974359	0.846322	-0.0208675	0.605388
13	39	0.333333	1	1	0	0
14	0	0.358974	0	0	0	0.327528
14	1	0.358974	0.025641	-0.0146311	0.0022061	0.327528
14	2	0.358974	0.0512821	-0.0242762	-0.00049815	0.278202
14	3	0.358974	0.0769231	-0.0431238	0.00840872	0.454331
14	4	0.358974	0.102564	-0.0441688	0.00367396	0.114083
14	5	0.358974	0.128205	-0.0648739	0.0133731	0.628391
14	6	0.358974	0.153846	-0.0681272	0.0159574	0.00981106
14	7	0.358974	0.179487	-0.0763244	0.0149703	0.6055
14	8	0.358974	0.205128	-0.0972941	0.0343479	0.215169
14	9	0.358974	0.230769	-0.082951	0.0181127	0.208566
14	10	0.358974	0.25641	-0.123057	0.050526	0.758965
14	11	0.358974	0.282051	-0.0968158	0.0321732	-0.389714
14	12	0.358974	0.307692	-0.133963	0.0555499	1.25374
14	13	0.358974	0.333333	-0.126161	0.0623822	-0.631466
14	14	0.358974	0.358974	-0.1278	0.0496494	1.06954
14	15	0.358974	0.384615	-0.165095	0.100796	0.0360593
14	16	0.358974	0.410256	-0.117866	0.0475987	-0.100452
14	17	0.358974	0.435897	-0.192983	0.126143	1.51856
14	18	0.358974	0.461538	-0.12505	0.0713693	-1.66659
14	19	0.358974	0.487179	-0.188299	0.118313	2.73344
14	20	0.358974	0.512821	-0.159096	0.13014	-2.18582
14	21	0.358974	0.538462	-0.149563	0.080683	2.13878
14	22	0.358974	0.564103	-0.203074	0.20052	-0.381577
14	23	0.358974	0.589744	-0.103695	0.0507332	-0.876753
14	24	0.358974	0.615385	-0.216922	0.229344	3.33664
14	25	0.358974	0.641026	-0.0853656	0.0796016	-4.70019
14	26	0.358974	0.666667	-0.165364	0.172195	6.23976
14	27	0.358974	0.692308	-0.097032	0.181206	-5.84802
14	28	0.358974	0.717949	-0.0544006	0.0466328	4.83816
14	29	0.358974	0.74359	-0.091372	0.289878	-1.72518
14	30	0.358974	0.769231	0.0615554	-0.0517552	-1.7077
14	31	0.358974	0.794872	-0.00611062	0.292	6.00648
14	32	0.358974	0.820513	0.141798	-0.020583	-9.23559
14	33	0.358974	0.846154	0.182699	0.140732	11.4432
14	34	0.358974	0.871795	0.242986	0.117831	-11.2987
14	35	0.358974	0.897436	0.438494	-0.0561126	9.71573
14	36	0.358974	0.923077	0.469223	0.194842	-6.2985
14	37	0.358974	0.948718	0.703719	-0.106597	3.25884
14	38	0.358974	0.974359	0.816644	0.0992413	-0.541859
14	39	0.358974	1	1	0	0
15	0	0.384615	0	0	0	0.269472
15	1	0.384615	0.025641	-0.0142346	0.000921755	0.269472
15	2	0.384615	0.0512821	-0.0312982	0.00259158	0.259058
15	3	0.384615	0.0769231	-0.0360444	0.00185156	0.253443
15	4	0.384615	0.102564	-0.0594021	0.00980035	0.347255
15	5	0.384615	0.128205	-0.0574236	0.00539231	0.109289
15	6	0.384615	0.153846	-0.0778062	0.0162226	0.527417
15	7	0.384615	0.179487	-0.0852257	0.0160444	-0.0385138
15	8	0.384615	0.205128	-0.0859386	0.0183745	0.574979
15	9	0.384615	0.230769	-0.116768	0.0335228	0.0782355
15	10	0.384615	0.25641	-0.0928028	0.0201306	0.261768
15	11	0.384615	0.282051	-0.140483	0.0499594	0.55784
15	12	0.384615	0.307692	-0.111386	0.0312465	-0.309869
15	13	0.384615	0.333333	-0.145515	0.0555297	1.06653
15	14	0.384615	0.358974	-0.147301	0.0581725	-0.610184
15	15	0.384615	0.384615	-0.133467	0.0494406	0.975049
15	16	0.384615	0.410256	-0.18973	0.0936089	-0.0645589
15	17	0.384615	0.435897	-0.121581	0.0461436	-0.0542236
15	18	0.384615	0.461538	-0.213548	0.116045	1.26381
15	19	0.384615	0.487179	-0.132372	0.0675809	-1.45831
15	20	0.384615	0.512821	-0.196207	0.105746	2.31467
15	21	0.384615	0.538462	-0.174359	0.121888	-1.83093
15	22	0.384615	0.564103	-0.139468	0.0682752	1.61594
15	23	0.384615	0.589744	-0.225624	0.183066	-0.0135118
15	24	0.384615	0.615385	-0.0755764	0.0432713	-1.25592
15	25	0.384615	0.641026	-0.236388	0.196643	3.35912
15	26	0.384615	0.666667	-0.0448487	0.0794091	-4.45821
15	27	0.384615	0.692308	-0.161226	0.12428	5.39705
15	28	0.384615	0.717949	-0.0565557	0.180408	-4.54809
15	29	0.384615	0.74359	-0.00510051	-0.000539476	2.91002
15	30	0.384615	0.769231	-0.0668631	0.267488	0.416084
15	31	0.384615	0.794872	0.16881	-0.0696727	-3.93282
15	32	0.384615	0.820513	0.00148726	0.228321	7.68553
15	33	0.384615	0.846154	0.310534	0.00115889	-9.97471
15	34	0.384615	0.871795	0.202293	0.0490495	10.9305
15	35	0.384615	0.897436	0.457822	0.141295	-9.41777
15	36	0.384615	0.923077	0.506787	-0.110784	6.8891
15	37	0.384615	0.948718	0.685599	0.160946	-3.32366
15	38	0.384615	0.974359	0.835722	-0.066009	0.995759
15	39	0.384615	1	1	0	0
16	0	0.410256	0	0	0	0.19128
16	1	0.410256	0.025641	-0.0163544	-0.000975395	0.19128
16	2	0.410256	0.0512821	-0.0276186	0.0031573	0.272208
16	3	0.410256	0.0769231	-0.0478624	0.00306779	0.116147
16	4	0.410256	0.102564	-0.0490001	0.00253954	0.285605
16	5	0.410256	0.128205	-0.0733852	0.0127486	0.224256
16	6	0.410256	0.153846	-0.072806	0.00356235	0.0621748
16	7	0.410256	0.179487	-0.0886075	0.0199045	0.524236
16	8	0.410256	0.205128	-0.102689	0.013486	-0.224398
16	9	0.410256	0.230769	-0.0961544	0.0195428	0.691532
16	10	0.410256	0.25641	-0.133088	0.032484	-0.180877
16	11	0.410256	0.282051	-0.106198	0.0166106	0.379776
16	12	0.410256	0.307692	-0.152393	0.0506176	0.372837
16	13	0.410256	0.333333	-0.129795	0.0235568	-0.33506
16	14	0.410256	0.358974	-0.152702	0.0556055	1.06709
16	15	0.410256	0.384615	-0.168711	0.0486572	-0.835963
16	16	0.410256	0.410256	-0.138983	0.0459757	1.15632
16	17	0.410256	0.435897	-0.208407	0.0840901	-0.427774
16	18	0.410256	0.461538	-0.129717	0.0373934	0.204658
16	19	0.410256	0.487179	-0.22241	0.106697	0.887697
16	20	0.410256	0.512821	-0.146338	0.0531902	-1.25106
16	21	0.410256	0.538462	-0.190365	0.0963591	2.04912
16	22	0.410256	0.564103	-0.194031	0.101314	-1.79923
16	23	0.410256	0.589744	-0.118597	0.0597145	1.59916
16	24	0.410256	0.615385	-0.243694	0.154635	-0.316859
16	25	0.410256	0.641026	-0.0443674	0.0359989	-0.825967
16	26	0.410256	0.666667	-0.235345	0.160659	2.5173
16	27	0.410256	0.692308	-0.0134148	0.0690811	-3.41916
16	28	0.410256	0.717949	-0.11883	0.0898121	3.9719
16	29	0.410256	0.74359	-0.0390914	0.154653	-3.10827
16	30	0.410256	0.769231	0.0912663	-0.0138873	1.45649
16	31	0.410256	0.794872	-0.0677338	0.211314	1.31948
16	32	0.410256	0.820513	0.314792	-0.0490838	-4.06998
16	33	0.410256	0.846154	0.00963549	0.144858	6.63031
16	34	0.410256	0.871795	0.488659	0.0326059	-7.60815
16	35	0.410256	0.897436	0.26582	-0.0167195	7.4023
16	36	0.410256	0.923077	0.639289	0.128026	-5.34895
16	37	0.410256	0.948718	0.639298	-0.0947652	2.98193
16	38	0.410256	0.974359	0.853515	0.0814668	-0.691978
16	39	0.410256	1	1	0	0
17	0	0.435897	0	0	0	0.169672
17	1	0.435897	0.025641	-0.0159833	0.00314081	0.169672
17	2	0.435897	0.0512821	-0.0328639	-0.00234441	0.0432535
17	3	0.435897	0.0769231	-0.0414	0.00414754	0.335643
17	4	0.435897	0.102564	-0.0622845	0.00515629	-0.050165
17	5	0.435897	0.128205	-0.0635063	-0.000183834	0.283335
17	6	0.435897	0.153846	-0.085122	0.0166234	0.190967
17	7	0.435897	0.179487	-0.0883345	-0.000759275	-0.114241
17	8	0.435897	0.205128	-0.0995987	0.0213482	0.657911
17	9	0.435897	0.230769	-0.117164	0.0109726	-0.519507
17	10	0.435897	0.25641	-0.1093	0.0152095	0.856781
17	11	0.435897	0.282051	-0.144304	0.0327736	-0.406244
17	12	0.435897	0.307692	-0.122725	0.00674677	0.378132
17	13	0.435897	0.333333	-0.16041	0.0509832	0.382071
17	14	0.435897	0.358974	-0.14796	0.0115635	-0.598791
17	15	0.435897	0.384615	-0.160134	0.0516566	1.31454
17	16	0.435897	0.410256	-0.184311	0.0380227	-1.27302
17	17	0.435897	0.435897	-0.148885	0.0347825	1.47957
17	18	0.435897	0.461538	-0.216558	0.0757392	-0.828829
17	19	0.435897	0.487179	-0.143436	0.0188658	0.383784
17	20	0.435897	0.512821	-0.219927	0.099202	0.724343
17	21	0.435897	0.538462	-0.162632	0.029017	-1.38323
17	22	0.435897	0.564103	-0.177352	0.0878639	2.24564
17	23	0.435897	0.589744	-0.207522	0.0732368	-2.32376
17	24	0.435897	0.615385	-0.098349	0.048325	2.20146
17	25	0.435897	0.641026	-0.242017	0.124943	-1.23169
17	26	0.435897	0.666667	-0.0229293	0.0177564	0.121428
17	27	0.435897	0.692308	-0.20047	0.135508	1.37416
17	28	0.435897	0.717949	0.000458766	0.036614	-2.44629
17	29	0.435897	0.74359	-0.0384279	0.0807722	3.11365
17	30	0.435897	0.769231	-0.0374407	0.100352	-2.85282
17	31	0.435897	0.794872	0.21132	0.00160646	1.83903
17	32	0.435897	0.820513	-0.0584439	0.137868	-0.152654
17	33	0.435897	0.846154	0.454184	-0.0226038	-1.55558
17	34	0.435897	0.871795	0.0747816	0.080528	2.97987
17	35	0.435897	0.897436	0.625274	0.0302984	-3.34559
17	36	0.435897	0.923077	0.411864	-0.022626	2.90112
17	37	0.435897	0.948718	0.766806	0.0670986	-1.65094
17	38	0.435897	0.974359	0.82122	-0.0334955	0.525279
17	39	0.435897	1	1	0	0
18	0	0.461538	0	0	0	0.0667461
18	1	0.461538	0.025641	-0.0169098	-0.00307341	0.0667461
18	2	0.461538	0.0512821	-0.0313784	0.00524186	0.222136
18	3	0.461538	0.0769231	-0.0473692	-0.00200104	-0.144161
18	4	0.461538	0.102564	-0.0560904	0.00183662	0.38047
18	5	0.461538	0.128205	-0.0743471	0.0084604	-0.140486
18	6	0.461538	0.153846	-0.077908	-0.00544611	0.161184
18	7	0.461538	0.179487	-0.096603	0.0185247	0.288555
18	8	0.461538	0.205128	-0.101044	-0.00495269	-0.39641
18	9	0.461538	0.230769	-0.112849	0.0174375	0.836854
18	10	0.461538	0.25641	-0.126988	0.00997669	-0.776945
18	11	0.461538	0.282051	-0.124858	0.00477781	0.898387
18	12	0.461538	0.307692	-0.152065	0.032752	-0.43579
18	13	0.461538	0.333333	-0.138543	-0.00678857	0.143129
18	14	0.461538	0.358974	-0.168831	0.046973	0.621601
18	15	0.461538	0.384615	-0.160597	-0.000604925	-1.04298
18	16	0.461538	0.410256	-0.171619	0.0397369	1.65835
18	17	0.461538	0.435897	-0.190725	0.029101	-1.69186
18	18	0.461538	0.461538	-0.163275	0.0144905	1.66776
18	19	0.461538	0.487179	-0.215583	0.0684599	-0.974659
18	20	0.461538	0.512821	-0.157782	-0.00729084	0.214109
18	21	0.461538	0.538462	-0.212863	0.0903763	0.98503
18	22	0.461538	0.564103	-0.171717	0.000475432	-1.97287
18	23	0.461538	0.589744	-0.167055	0.0742349	2.89993
18	24	0.461538	0.615385	-0.202905	0.0459619	-3.24329
18	25	0.461538	0.641026	-0.087651	0.0258179	3.08261
18	26	0.461538	0.666667	-0.211776	0.104143	-2.20961
18	27	0.461538	0.692308	-0.0141604	-0.0190632	0.839884
18	28	0.461538	0.717949	-0.135555	0.128253	0.860445
18	29	0.461538	0.74359	0.00716919	-0.0177945	-2.55139
18	30	0.461538	0.769231	0.0557833	0.0903061	3.7961
18	31	0.461538	0.794872	-0.0189592	0.0343706	-4.50199
18	32	0.461538	0.820513	0.314573	0.0167379	4.27
18	33	0.461538	0.846154	0.0118434	0.0816073	-3.53445
18	34	0.461538	0.871795	0.547468	-0.0287935	2.26472
18	35	0.461538	0.897436	0.231295	0.0653721	-1.1313
18	36	0.461538	0.923077	0.706994	-0.0165732	0.236436
18	37	0.461538	0.948718	0.620324	0.0127135	0.0742448
18	38	0.461538	0.974359	0.873086	0.00338658	-0.113719
18	39	0.461538	1	1	0	0
19	0	0.487179	0	0	0	0.0569589
19	1	0.487179	0.025641	-0.017206	0.00336213	0.0569589
19	2	0.487179	0.0512821	-0.0318573	-0.00470776	-0.0945519
19	3	0.487179	0.0769231	-0.0469861	0.00426997	0.27954
19	4	0.487179	0.102564	-0.059366	-7.82729e-05	-0.277634
19	5	0.487179	0.128205	-0.0703787	-0.00319726	0.320752
19	6	0.487179	0.153846	-0.0857155	0.0103024	-0.107465
19	7	0.487179	0.179487	-0.0895849	-0.0107371	-0.0672305
19	8	0.487179	0.205128	-0.109699	0.0154218	0.437105
19	9	0.487179	0.230769	-0.109482	-0.00752567	-0.649869
19	10	0.487179	0.25641	-0.127849	0.00761745	0.901236
19	11	0.487179	0.282051	-0.133747	0.008884	-0.847361
19	12	0.487179	0.307692	-0.139276	-0.00904991	0.715555
19	13	0.487179	0.333333	-0.160301	0.0284269	-0.246521
19	14	0.487179	0.358974	-0.14906	-0.0199848	-0.256423
19	15	0.487179	0.384615	-0.180872	0.0350263	0.93455
19	16	0.487179	0.410256	-0.165278	-0.0106179	-1.44139
19	17	0.487179	0.435897	-0.186589	0.0192496	1.83867
19	18	0.487179	0.461538	-0.189998	0.0209245	-1.83526
19	19	0.487179	0.487179	-0.176974	-0.011874	1.50719
19	20	0.487179	0.512821	-0.211961	0.0584572	-0.729092
19	21	0.487179	0.538462	-0.164407	-0.0353919	-0.337756
19	22	0.487179	0.564103	-0.209488	0.0748838	1.5807
19	23	0.487179	0.589744	-0.164798	-0.0253967	-2.79415
19	24	0.487179	0.615385	-0.165343	0.0497963	3.64879
19	25	0.487179	0.641026	-0.175316	0.026512	-4.04718
19	26	0.487179	0.666667	-0.0855848	-0.0114792	3.61359
19	27	0.487179	0.692308	-0.158866	0.0957655	-2.52495
19	28	0.487179	0.717949	-0.00599461	-0.0708319	0.593924
19	29	0.487179	0.74359	-0.0630376	0.131593	1.61301
19	30	0.487179	0.769231	0.034347	-0.0765935	-4.11113
19	31	0.487179	0.794872	0.129361	0.0943904	5.94481
19	32	0.487179	0.820513	0.0562698	-0.0119595	-7.3602
19	33	0.487179	0.846154	0.37236	0.000401855	7.35306
19	34	0.487179	0.871795	0.168354	0.0690732	-6.71348
19	35	0.487179	0.897436	0.591464	-0.0754603	4.93424
19	36	0.487179	0.923077	0.453423	0.0861161	-3.16505
19	37	0.487179	0.948718	0.768873	-0.0675817	1.31215
19	38	0.487179	0.974359	0.82889	0.0280934	-0.361462
19	39	0.487179	1	1	0	0
20	0	0.512821	0	0	0	-0.0405617
20	1	0.512821	0.025641	-0.0165918	-0.00288093	-0.0405617
20	2	0.512821	0.0512821	-0.0338699	0.00386112	0.0822839
20	3	0.512821	0.0769231	-0.0440332	-0.00443244	-0.231726
20	4	0.512821	0.102564	-0.0618692	0.000371129	0.255778
20	5	0.512821	0.128205	-0.0702087	0.0010352	-0.301608
20	6	0.512821	0.153846	-0.081952	-0.00861595	0.156745
20	7	0.512821	0.179487	-0.0981114	0.00771203	-0.0153129
20	8	0.512821	0.205128	-0.097214	-0.0144972	-0.283171
20	9	0.512821	0.230769	-0.123994	0.00667506	0.490534
20	10	0.512821	0.25641	-0.115107	-0.0099403	-0.736301
20	11	0.512821	0.282051	-0.141367	-0.00553445	0.758444
20	12	0.512821	0.307692	-0.140987	0.00385794	-0.712985
20	13	0.512821	0.333333	-0.148527	-0.0224436	0.37872
20	14	0.512821	0.358974	-0.171744	0.0165018	0.0072077
20	15	0.512821	0.384615	-0.152553	-0.0308755	-0.603899
20	16	0.512821	0.410256	-0.195586	0.0150003	1.07948
20	17	0.512821	0.435897	-0.164426	-0.0200225	-1.56688
20	18	0.512821	0.461538	-0.199925	-0.00633601	1.68389
20	19	0.512821	0.487179	-0.188094	0.00929463	-1.62016
20	20	0.512821	0.512821	-0.182775	-0.0387148	1.02159
20	21	0.512821	0.538462	-0.212371	0.0409284	-0.234895
20	22	0.512821	0.564103	-0.157162	-0.0596678	-1.01225
20	23	0.512821	0.589744	-0.213295	0.0490111	2.14717
20	24	0.512821	0.615385	-0.140221	-0.0442143	-3.38781
20	25	0.512821	0.641026	-0.168942	0.0137343	3.97369
20	26	0.512821	0.666667	-0.13185	0.0156462	-4.18993
20	27	0.512821	0.692308	-0.0797305	-0.0578709	3.28784
20	28	0.512821	0.717949	-0.102608	0.0925123	-1.80937
20	29	0.512821	0.74359	0.0238507	-0.120655	-0.741348
20	30	0.512821	0.769231	-0.0104214	0.12664	3.3579
20	31	0.512821	0.794872	0.109651	-0.112381	-6.33038
20	32	0.512821	0.820513	0.162939	0.0697693	8.20805
20	33	0.512821	0.846154	0.201734	-0.0162276	-9.48712
20	34	0.512821	0.871795	0.391579	-0.0514169	8.88504
20	35	0.512821	0.897436	0.380873	0.0896957	-7.4632
20	36	0.512821	0.923077	0.625521	-0.125313	4.7963
20	37	0.512821	0.948718	0.674313	0.092079	-2.47286
20	38	0.512821	0.974359	0.862626	-0.0683228	0.448172
20	39	0.512821	1	1	0	0
21	0	0.538462	0	0	0	-0.0701174
21	1	0.538462	0.025641	-0.0173892	0.00136519	-0.0701174
21	2	0.538462	0.0512821	-0.0298812	-0.00372375	-0.146254
21	3	0.538462	0.0769231	-0.0495051	0.00133614	0.0557766
21	4	0.538462	0.102564	-0.0544933	-0.00431778	-0.280551
21	5	0.538462	0.128205	-0.0740106	-0.00434898	0.136121
21	6	0.538462	0.153846	-0.0815136	-0.00156116	-0.261946
21	7	0.538462	0.179487	-0.0895477	-0.012777	-0.0110703
21	8	0.538462	0.205128	-0.111284	-0.000110767	0.00514375
21	9	0.538462	0.230769	-0.102075	-0.017938	-0.358936
21	10	0.538462	0.25641	-0.136617	-0.00536889	0.361651
21	11	0.538462	0.282051	-0.121101	-0.015796	-0.637881
21	12	0.538462	0.307692	-0.149831	-0.0184077	0.474157
21	13	0.538462	0.333333	-0.151057	-0.00819115	-0.518883
21	14	0.538462	0.358974	-0.151358	-0.0336787	0.0901716
21	15	0.538462	0.384615	-0.185271	-0.0029347	0.103379
21	16	0.538462	0.410256	-0.151626	-0.041311	-0.697552
21	17	0.538462	0.435897	-0.208096	-0.00949899	0.916132
21	18	0.538462	0.461538	-0.163434	-0.0331901	-1.37131
21	19	0.538462	0.487179	-0.205422	-0.0317428	1.25271
21	20	0.538462	0.512821	-0.190266	-0.010154	-1.21707
21	21	0.538462	0.538462	-0.176549	-0.0614648	0.480778
21	22	0.538462	0.564103	-0.218489	0.0135307	0.160464
21	23	0.538462	0.589744	-0.136735	-0.0778975	-1.40733
21	24	0.538462	0.615385	-0.219695	0.0137609	2.26702
21	25	0.538462	0.641026	-0.105642	-0.0574032	-3.35832
21	26	0.538462	0.666667	-0.166019	-0.0275353	3.55132
21	27	0.538462	0.692308	-0.0883672	0.00608663	-3.50227
21	28	0.538462	0.717949	-0.052601	-0.0986866	2.15349
21	29	0.538462	0.74359	-0.0634256	0.0796301	-0.448734
21	30	0.538462	0.769231	0.0925847	-0.14665	-2.37462
21	31	0.538462	0.794872	0.01071	0.0966893	4.87225
21	32	0.538462	0.820513	0.235742	-0.108541	-7.55693
21	33	0.538462	0.846154	0.17082	0.0154019	8.74359
21	34	0.538462	0.871795	0.385172	0.0109478	-9.10171
21	35	0.538462	0.897436	0.416056	-0.105577	7.53613
21	36	0.538462	0.923077	0.585236	0.0996327	-5.40634
21	37	0.538462	0.948718	0.702513	-0.126407	2.50677
21	38	0.538462	0.974359	0.851625	0.0465049	-0.815957
21	39	0.538462	1	1	0	0
22	0	0.564103	0	0	0	-0.137845
22	1	0.564103	0.025641	-0.0157739	-0.00101644	-0.137845
22	2	0.564103	0.0512821	-0.0335025	-0.000185585	-0.121984
22	3	0.564103	0.0769231	-0.040708	-0.00420951	-0.188678
22	4	0.564103	0.102564	-0.0623964	-0.00239697	-0.0523334
22	5	0.564103	0.128205	-0.0647879	-0.0071656	-0.267393
22	6	0.564103	0.153846	-0.0821678	-0.00817108	0.0013051
22	7	0.564103	0.179487	-0.0932434	-0.00885839	-0.272955
22	8	0.564103	0.205128	-0.0942282	-0.0165779	-0.0658413
22	9	0.564103	0.230769	-0.122749	-0.0111091	-0.129207
22	10	0.564103	0.25641	-0.107021	-0.0243447	-0.273698
22	11	0.564103	0.282051	-0.144379	-0.0173309	0.107451
22	12	0.564103	0.307692	-0.129524	-0.0279834	-0.486018
22	13	0.564103	0.333333	-0.152266	-0.0294148	0.233313
22	14	0.564103	0.358974	-0.162792	-0.027067	-0.467098
22	15	0.564103	0.384615	-0.150398	-0.0446736	0.0296094
22	16	0.564103	0.410256	-0.196351	-0.0263062	-0.074899
22	17	0.564103	0.435897	-0.151148	-0.0555976	-0.511127
22	18	0.564103	0.461538	-0.21304	-0.0335848	0.522102
22	19	0.564103	0.487179	-0.166398	-0.0540367	-1.03438
22	20	0.564103	0.512821	-0.200358	-0.0534102	0.809376
22	21	0.564103	0.538462	-0.196869	-0.0387517	-0.945507
22	22	0.564103	0.564103	-0.160476	-0.0795016	0.229376
22	23	0.564103	0.589744	-0.225129	-0.0215827	0.129002
22	24	0.564103	0.615385	-0.110839	-0.0929891	-1.24758
22	25	0.564103	0.641026	-0.218013	-0.0244706	1.75906
22	26	0.564103	0.666667	-0.0737151	-0.072024	-2.67604
22	27	0.564103	0.692308	-0.143145	-0.0622091	2.54348
22	28	0.564103	0.717949	-0.0589582	-0.0135794	-2.41376
22	29	0.564103	0.74359	0.00547864	-0.118141	0.94036
22	30	0.564103	0.769231	-0.0466692	0.0456278	0.516734
22	31	0.564103	0.794872	0.195246	-0.138751	-2.98622
22	32	0.564103	0.820513	0.0184119	0.0428677	4.72873
22	33	0.564103	0.846154	0.38093	-0.0774454	-6.49472
22	34	0.564103	0.871795	0.198303	-0.0406747	6.64322
22	35	0.564103	0.897436	0.551068	0.0305071	-6.1588
22	36	0.564103	0.923077	0.496977	-0.117019	4.1251
22	37	0.564103	0.948718	0.741226	0.0662698	-2.36012
22	38	0.564103	0.974359	0.838401	-0.0756031	0.34545
22	39	0.564103	1	1	0	0
23	0	0.589744	0	0	0	-0.2022
23	1	0.589744	0.025641	-0.0162882	-0.00144112	-0.2022
23	2	0.589744	0.0512821	-0.0280197	-0.0011614	-0.167342
23	3	0.589744	0.0769231	-0.0469285	-0.00323153	-0.239391
23	4	0.589744	0.102564	-0.0505965	-0.00700407	-0.17487
23	5	0.589744	0.128205	-0.0713136	-0.00556107	-0.181529
23	6	0.589744	0.153846	-0.0751332	-0.0141613	-0.28932
23	7	0.589744	0.179487	-0.0871568	-0.0116483	-0.0429897
23	8	0.589744	0.205128	-0.103328	-0.0191183	-0.414198
23	9	0.589744	0.230769	-0.0985416	-0.0229382	0.0175766
23	10	0.589744	0.25641	-0.129667	-0.0221316	-0.372122
23	11	0.589744	0.282051	-0.113917	-0.0364016	-0.143024
23	12	0.589744	0.307692	-0.146438	-0.0276804	-0.105814
23	13	0.589744	0.333333	-0.139275	-0.046264	-0.463069
23	14	0.589744	0.358974	-0.15119	-0.0403777	0.196256
23	15	0.589744	0.384615	-0.172067	-0.0493007	-0.657082
23	16	0.589744	0.410256	-0.150062	-0.0594906	0.209951
23	17	0.589744	0.435897	-0.200332	-0.0490926	-0.44197
23	18	0.589744	0.461538	-0.154357	-0.0771645	-0.222247
23	19	0.589744	0.487179	-0.208615	-0.0544512	0.14697
23	20	0.589744	0.512821	-0.172793	-0.0830889	-0.843309
23	21	0.589744	0.538462	-0.187702	-0.0717571	0.645174
23	22	0.589744	0.564103	-0.202613	-0.0735595	-1.05837
23	23	0.589744	0.589744	-0.141939	-0.0964965	0.449711
23	24	0.589744	0.615385	-0.223078	-0.0582546	-0.405517
23	25	0.589744	0.641026	-0.0894107	-0.111397	-0.596648
23	26	0.589744	0.666667	-0.198257	-0.0564707	0.853609
23	27	0.589744	0.692308	-0.0534635	-0.0965224	-1.77149
23	28	0.589744	0.717949	-0.0956441	-0.0797736	1.59541
23	29	0.589744	0.74359	-0.044429	-0.0503729	-1.76871
23	30	0.589744	0.769231	0.0854817	-0.111726	0.65248
23	31	0.589744	0.794872	-0.0338424	-0.00624341	0.0613827
23	32	0.589744	0.820513	0.302786	-0.1107	-1.72163
23	33	0.589744	0.846154	0.0545479	-0.0111592	2.44513
23	34	0.589744	0.871795	0.501151	-0.0538084	-3.39255
23	35	0.589744	0.897436	0.291215	-0.0609974	2.90634
23	36	0.589744	0.923077	0.667735	0.0122352	-2.51041
23	37	0.589744	0.948718	0.646373	-0.0766569	1.01135
23	38	0.589744	0.974359	0.865117	0.00359796	-0.553983
23	39	0.589744	1	1	0	0
24	0	0.615385	0	0	0	-0.239007
24	1	0.615385	0.025641	-0.0145852	0.000792624	-0.239007
24	2	0.615385	0.0512821	-0.0299938	-0.00428449	-0.322598
24	3	0.615385	0.0769231	-0.0383767	-0.003152	-0.145173
24	4	0.615385	0.102564	-0.056456	-0.0059362	-0.381979
24	5	0.615385	0.128205	-0.0600531	-0.0134804	-0.184514
24	6	0.615385	0.153846	-0.0768159	-0.00835845	-0.237405
24	7	0.615385	0.179487	-0.083895	-0.0238983	-0.422552
24	8	0.615385	0.205128	-0.091234	-0.0173133	0.0332021
24	9	0.615385	0.230769	-0.109261	-0.0294091	-0.651102
24	10	0.615385	0.25641	-0.104236	-0.0343407	0.140129
24	11	0.615385	0.282051	-0.131245	-0.0316478	-0.576057
24	12	0.615385	0.307692	-0.121808	-0.053877	-0.13076
24	13	0.615385	0.333333	-0.145101	-0.0380502	-0.134425
24	14	0.615385	0.358974	-0.146658	-0.067319	-0.655749
24	15	0.615385	0.384615	-0.150613	-0.0550298	0.368272
24	16	0.615385	0.410256	-0.174834	-0.0706864	-1.00205
24	17	0.615385	0.435897	-0.153	-0.0810832	0.461506
24	18	0.615385	0.461538	-0.195992	-0.0690188	-0.766745
24	19	0.615385	0.487179	-0.160214	-0.105912	-0.0866206
24	20	0.615385	0.512821	-0.198069	-0.0731295	0.0358249
24	21	0.615385	0.538462	-0.177522	-0.116879	-0.991584
24	22	0.615385	0.564103	-0.174249	-0.0906826	0.873024
24	23	0.615385	0.589744	-0.199811	-0.108702	-1.55953
24	24	0.615385	0.615385	-0.128672	-0.117998	1.01975
24	25	0.615385	0.641026	-0.205238	-0.0892774	-1.17943
24	26	0.615385	0.666667	-0.0777315	-0.138913	0.137385
24	27	0.615385	0.692308	-0.159019	-0.0755782	0.105587
24	28	0.615385	0.717949	-0.0427136	-0.134108	-1.31047
24	29	0.615385	0.74359	-0.0339524	-0.0793898	1.44366
24	30	0.615385	0.769231	-0.0279834	-0.0988671	-2.25695
24	31	0.615385	0.794872	0.162287	-0.0928853	1.79113
24	32	0.615385	0.820513	0.00945393	-0.0552835	-1.9528
24	33	0.615385	0.846154	0.382362	-0.0917595	0.968575
24	34	0.615385	0.871795	0.155629	-0.0346657	-0.865608
24	35	0.615385	0.897436	0.575976	-0.0629963	-0.0321688
24	36	0.615385	0.923077	0.454817	-0.0363735	-0.210461
24	37	0.615385	0.948718	0.752865	-0.0306398	-0.296819
24	38	0.615385	0.974359	0.826771	-0.033956	-0.271994
24	39	0.615385	1	1	0	0
25	0	0.641026	0	0	0	-0.328399
25	1	0.641026	0.025641	-0.0140999	-0.00325633	-0.328399
25	2	0.641026	0.0512821	-0.0261193	0.000447844	-0.22748
25	3	0.641026	0.0769231	-0.0399199	-0.00699047	-0.474709
25	4	0.641026	0.102564	-0.0476786	-0.0084934	-0.134411
25	5	0.641026	0.128205	-0.0624	-0.00816202	-0.466401
25	6	0.641026	0.153846	-0.0679012	-0.0225693	-0.290667
25	7	0.641026	0.179487	-0.0808696	-0.0129331	-0.184864
25	8	0.641026	0.205128	-0.088902	-0.033659	-0.644639
25	9	0.641026	0.230769	-0.0960743	-0.027469	0.147381
25	10	0.641026	0.25641	-0.110267	-0.0381589	-0.854253
25	11	0.641026	0.282051	-0.110566	-0.0506125	0.154824
25	12	0.641026	0.307692	-0.12951	-0.0410528	-0.610984
25	13	0.641026	0.333333	-0.127436	-0.0736394	-0.314965
25	14	0.641026	0.358974	-0.143983	-0.0518359	0.023725
25	15	0.641026	0.384615	-0.148147	-0.0872057	-0.980784
25	16	0.641026	0.410256	-0.152798	-0.0759242	0.590429
25	17	0.641026	0.435897	-0.170232	-0.0893056	-1.28999
25	18	0.641026	0.461538	-0.157944	-0.108914	0.55643
25	19	0.641026	0.487179	-0.186535	-0.0874513	-0.841615
25	20	0.641026	0.512821	-0.163969	-0.13808	-0.253372
25	21	0.641026	0.538462	-0.187471	-0.0934601	0.252536
25	22	0.641026	0.564103	-0.174295	-0.149873	-1.43726
25	23	0.641026	0.589744	-0.165991	-0.11477	1.33856
25	24	0.641026	0.615385	-0.183712	-0.138515	-2.17796
25	25	0.641026	0.641026	-0.123366	-0.14762	1.56634
25	26	0.641026	0.666667	-0.172358	-0.110644	-1.72631
25	27	0.641026	0.692308	-0.0718896	-0.175882	0.438674
25	28	0.641026	0.717949	-0.110631	-0.0829969	0.0389787
25	29	0.641026	0.74359	-0.0271985	-0.177788	-1.73088
25	30	0.641026	0.769231	0.0212611	-0.0728353	2.3339
25	31	0.641026	0.794872	0.0159116	-0.14072	-3.79271
25	32	0.641026	0.820513	0.212544	-0.0845074	3.80587
25	33	0.641026	0.846154	0.108271	-0.0763617	-4.41656
25	34	0.641026	0.871795	0.424204	-0.101088	3.47426
25	35	0.641026	0.897436	0.319419	-0.0189687	-3.19322
25	36	0.641026	0.923077	0.626442	-0.0939887	1.66092
25	37	0.641026	0.948718	0.648033	-0.000813756	-1.21155
25	38	0.641026	0.974359	0.854334	-0.0569193	-0.0637259
25	39	0.641026	1	1	0	0
26	0	0.666667	0	0	0	-0.354243
26	1	0.666667	0.025641	-0.0129093	0.00118349	-0.354243
26	2	0.666667	0.0512821	-0.024485	-0.00613208	-0.466138
26	3	0.666667	0.0769231	-0.0358756	-0.00309043	-0.210267
26	4	0.666667	0.102564	-0.0461657	-0.00903862	-0.586517
26	5	0.666667	0.128205	-0.0552269	-0.0164624	-0.205046
26	6	0.666667	0.153846	-0.0664415	-0.0116633	-0.452113
26	7	0.666667	0.179487	-0.0723153	-0.0317694	-0.483401
26	8	0.666667	0.205128	-0.0850892	-0.0214328	-0.0897072
26	9	0.666667	0.230769	-0.0893931	-0.0417982	-0.843876
26	10	0.666667	0.25641	-0.101182	-0.0420577	0.16796
26	11	0.666667	0.282051	-0.108069	-0.0464875	-0.904605
26	12	0.666667	0.307692	-0.114713	-0.0688519	-0.011327
26	13	0.666667	0.333333	-0.127689	-0.053424	-0.473954
26	14	0.666667	0.358974	-0.12772	-0.0919673	-0.619473
26	15	0.666667	0.384615	-0.14509	-0.0712975	0.22222
26	16	0.666667	0.410256	-0.143104	-0.104219	-1.24444
26	17	0.666667	0.435897	-0.156447	-0.102271	0.658258
26	18	0.666667	0.461538	-0.161259	-0.106679	-1.34186
26	19	0.666667	0.487179	-0.160548	-0.139132	0.376881
26	20	0.666667	0.512821	-0.177276	-0.10806	-0.634787
26	21	0.666667	0.538462	-0.160474	-0.168533	-0.654548
26	22	0.666667	0.564103	-0.18147	-0.119178	0.629075
26	23	0.666667	0.589744	-0.160122	-0.177647	-1.91842
26	24	0.666667	0.615385	-0.163935	-0.146007	1.70919
26	25	0.666667	0.641026	-0.156422	-0.160878	-2.52888
26	26	0.666667	0.666667	-0.121275	-0.183881	1.69589
26	27	0.666667	0.692308	-0.133952	-0.124663	-1.68501
26	28	0.666667	0.717949	-0.060126	-0.214828	0.0478864
26	29	0.666667	0.74359	-0.0694285	-0.0884243	0.729444
26	30	0.666667	0.769231	0.0106938	-0.211953	-2.82967
26	31	0.666667	0.794872	0.054108	-0.0768911	3.70082
26	32	0.666667	0.820513	0.101621	-0.156197	-5.37739
26	33	0.666667	0.846154	0.234543	-0.0995451	5.3333
26	34	0.666667	0.871795	0.254244	-0.0625734	-5.67782
26	35	0.666667	0.897436	0.452716	-0.127787	4.21155
26	36	0.666667	0.923077	0.504918	0.00953123	-3.33383
26	37	0.666667	0.948718	0.699131	-0.106374	1.26808
26	38	0.666667	0.974359	0.829347	-0.00329521	-0.735845
26	39	0.666667	1	1	0	0
27	0	0.692308	0	0	0	-0.445268
27	1	0.692308	0.025641	-0.0113375	-0.00323169	-0.445268
27	2	0.692308	0.0512821	-0.023287	-0.000150306	-0.358117
27	3	0.692308	0.0769231	-0.0310917	-0.00829553	-0.58595
27	4	0.692308	0.102564	-0.0436481	-0.00937362	-0.254854
27	5	0.692308	0.128205	-0.05015	-0.0117908	-0.611851
27	6	0.692308	0.153846	-0.0595566	-0.0247851	-0.360014
27	7	0.692308	0.179487	-0.0701297	-0.0184421	-0.387723
27	8	0.692308	0.205128	-0.0725633	-0.0393428	-0.668923
27	9	0.692308	0.230769	-0.0892344	-0.033965	-0.0687112
27	10	0.692308	0.25641	-0.0867986	-0.0491185	-0.910443
27	11	0.692308	0.282051	-0.104168	-0.0584562	0.0242892
27	12	0.692308	0.307692	-0.105514	-0.057161	-0.794846
27	13	0.692308	0.333333	-0.113982	-0.0855317	-0.292424
27	14	0.692308	0.358974	-0.127592	-0.0708263	-0.297047
27	15	0.692308	0.384615	-0.122165	-0.107241	-0.868223
27	16	0.692308	0.410256	-0.147216	-0.0955519	0.276111
27	17	0.692308	0.435897	-0.13426	-0.119884	-1.28857
27	18	0.692308	0.461538	-0.15764	-0.130267	0.474535
27	19	0.692308	0.487179	-0.152522	-0.126263	-1.14442
27	20	0.692308	0.512821	-0.15654	-0.166996	0.00280489
27	21	0.692308	0.538462	-0.171843	-0.133905	-0.315382
27	22	0.692308	0.564103	-0.147943	-0.193825	-1.04571
27	23	0.692308	0.589744	-0.180056	-0.151127	0.873703
27	24	0.692308	0.615385	-0.137842	-0.199443	-2.12094
27	25	0.692308	0.641026	-0.163133	-0.181892	1.68912
27	26	0.692308	0.666667	-0.126359	-0.178731	-2.37252
27	27	0.692308	0.692308	-0.112813	-0.219702	1.27374
27	28	0.692308	0.717949	-0.102569	-0.139152	-1.08556
27	29	0.692308	0.74359	-0.0307937	-0.243348	-0.78348
27	30	0.692308	0.769231	-0.0457517	-0.103623	1.65228
27	31	0.692308	0.794872	0.0773381	-0.222382	-3.77365
27	32	0.692308	0.820513	0.0677682	-0.0993785	4.4603
27	33	0.692308	0.846154	0.217203	-0.141347	-5.75516
27	34	0.692308	0.871795	0.254028	-0.127355	5.18604
27	35	0.692308	0.897436	0.410357	-0.0347236	-4.90248
27	36	0.692308	0.923077	0.51125	-0.138106	2.94897
27	37	0.692308	0.948718	0.673319	0.0153738	-1.91809
27	38	0.692308	0.974359	0.825765	-0.0820003	0.0663881
27	39	0.692308	1	1	0	0
28	0	0.717949	0	0	0	-0.483914
28	1	0.717949	0.025641	-0.0106401	9.97422e-05	-0.483914
28	2	0.717949	0.0512821	-0.0186649	-0.00526733	-0.550328
28	3	0.717949	0.0769231	-0.0314531	-0.00444161	-0.397951
28	4	0.717949	0.102564	-0.0351228	-0.0106176	-0.637385
28	5	0.717949	0.128205	-0.0483441	-0.0163847	-0.376836
28	6	0.717949	0.153846	-0.0533546	-0.0170825	-0.581616
28	7	0.717949	0.179487	-0.0599859	-0.0316329	-0.524196
28	8	0.717949	0.205128	-0.0734659	-0.0287993	-0.374695
28	9	0.717949	0.230769	-0.069816	-0.045734	-0.746349
28	10	0.717949	0.25641	-0.0913377	-0.0482362	-0.191538
28	11	0.717949	0.282051	-0.0836207	-0.0580512	-0.830239
28	12	0.717949	0.307692	-0.102681	-0.0733287	-0.230598
28	13	0.717949	0.333333	-0.104263	-0.0721092	-0.640653
28	14	0.717949	0.358974	-0.107958	-0.0990132	-0.530326
28	15	0.717949	0.384615	-0.128182	-0.0924063	-0.248082
28	16	0.717949	0.410256	-0.113227	-0.120848	-0.918409
28	17	0.717949	0.435897	-0.146877	-0.120933	0.100701
28	18	0.717949	0.461538	-0.125611	-0.137401	-1.10826
28	19	0.717949	0.487179	-0.152758	-0.155503	0.121388
28	20	0.717949	0.512821	-0.146887	-0.150589	-0.859856
28	21	0.717949	0.538462	-0.144872	-0.189746	-0.341905
28	22	0.717949	0.564103	-0.169664	-0.165029	-0.138009
28	23	0.717949	0.589744	-0.129475	-0.214098	-1.16999
28	24	0.717949	0.615385	-0.178476	-0.186237	0.765811
28	25	0.717949	0.641026	-0.114701	-0.218515	-1.89236
28	26	0.717949	0.666667	-0.155809	-0.216084	1.22945
28	27	0.717949	0.692308	-0.102968	-0.198346	-1.80112
28	28	0.717949	0.717949	-0.0904087	-0.245797	0.564027
28	29	0.717949	0.74359	-0.0846381	-0.16204	-0.387731
28	30	0.717949	0.769231	0.0174904	-0.252264	-1.39067
28	31	0.717949	0.794872	-0.0342837	-0.132558	1.99013
28	32	0.717949	0.820513	0.159726	-0.208416	-3.66881
28	33	0.717949	0.846154	0.0862908	-0.130224	3.80816
28	34	0.717949	0.871795	0.332122	-0.113572	-4.44381
28	35	0.717949	0.897436	0.308739	-0.140017	3.36346
28	36	0.717949	0.923077	0.545332	-0.022139	-2.80838
28	37	0.717949	0.948718	0.627937	-0.10903	1.00334
28	38	0.717949	0.974359	0.826433	-0.0140689	-0.675325
28	39	0.717949	1	1	0	0
29	0	0.74359	0	0	0	-0.558444
29	1	0.74359	0.025641	-0.00854747	-0.00187367	-0.558444
29	2	0.74359	0.0512821	-0.0189533	-0.00223408	-0.537582
29	3	0.74359	0.0769231	-0.0230783	-0.00718516	-0.609151
29	4	0.74359	0.102564	-0.0366883	-0.00986116	-0.501759
29	5	0.74359	0.128205	-0.0380078	-0.0147275	-0.633702
29	6	0.74359	0.153846	-0.0493519	-0.0222317	-0.520488
29	7	0.74359	0.179487	-0.0560014	-0.0254014	-0.580739
29	8	0.74359	0.205128	-0.0574579	-0.0370716	-0.606731
29	9	0.74359	0.230769	-0.0748855	-0.0408145	-0.481417
29	10	0.74359	0.25641	-0.0662674	-0.0529977	-0.694018
29	11	0.74359	0.282051	-0.0893619	-0.0611268	-0.419567
29	12	0.74359	0.307692	-0.081399	-0.0704073	-0.700713
29	13	0.74359	0.333333	-0.0963464	-0.0849558	-0.457424
29	14	0.74359	0.358974	-0.103475	-0.0905935	-0.593516
29	15	0.74359	0.384615	-0.0988333	-0.110426	-0.59442
29	16	0.74359	0.410256	-0.126407	-0.114698	-0.404688
29	17	0.74359	0.435897	-0.104403	-0.135679	-0.766379
29	18	0.74359	0.461538	-0.140959	-0.143282	-0.226577
29	19	0.74359	0.487179	-0.119479	-0.158887	-0.853752
29	20	0.74359	0.512821	-0.141166	-0.175607	-0.198373
29	21	0.74359	0.538462	-0.143525	-0.179151	-0.711216
29	22	0.74359	0.564103	-0.128595	-0.20798	-0.444137
29	23	0.74359	0.589744	-0.166417	-0.198014	-0.269021
29	24	0.74359	0.615385	-0.111194	-0.232612	-0.934171
29	25	0.74359	0.641026	-0.170475	-0.218829	0.312122
29	26	0.74359	0.666667	-0.0976945	-0.239834	-1.35841
29	27	0.74359	0.692308	-0.137072	-0.241754	0.589578
29	28	0.74359	0.717949	-0.090007	-0.22477	-1.20773
29	29	0.74359	0.74359	-0.0553323	-0.256847	0.0884229
29	30	0.74359	0.769231	-0.0745107	-0.194475	-0.187586
29	31	0.74359	0.794872	0.0723752	-0.243454	-1.16593
29	32	0.74359	0.820513	-0.01508	-0.165843	1.25214
29	33	0.74359	0.846154	0.234241	-0.184901	-2.30303
29	34	0.74359	0.871795	0.139499	-0.146943	1.93481
29	35	0.74359	0.897436	0.424253	-0.0957964	-2.19365
29	36	0.74359	0.923077	0.419883	-0.118141	1.11107
29	37	0.74359	0.948718	0.663563	-0.0312428	-0.949948
29	38	0.74359	0.974359	0.796291	-0.0648036	-0.197893
29	39	0.74359	1	1	0	0
30	0	0.769231	0	0	0	-0.620514
30	1	0.769231	0.025641	-0.0079354	-0.00140074	-0.620514
30	2	0.769231	0.0512821	-0.0137468	-0.00296146	-0.615836
30	3	0.769231	0.0769231	-0.0245687	-0.00611714	-0.636683
30	4	0.769231	0.102564	-0.025991	-0.0102458	-0.619783
30	5	0.769231	0.128205	-0.0384644	-0.0145148	-0.632926
30	6	0.769231	0.153846	-0.0401723	-0.0212519	-0.642214
30	7	0.769231	0.179487	-0.0474103	-0.0266161	-0.606761
30	8	0.769231	0.205128	-0.0569066	-0.0352243	-0.674685
30	9	0.769231	0.230769	-0.0538913	-0.0427406	-0.579371
30	10	0.769231	0.25641	-0.0726525	-0.0516319	-0.683772
30	11	0.769231	0.282051	-0.0633686	-0.0628074	-0.590224
30	12	0.769231	0.307692	-0.0829523	-0.0708264	-0.633418
30	13	0.769231	0.333333	-0.0795145	-0.0856123	-0.656712
30	14	0.769231	0.358974	-0.0871044	-0.0941273	-0.536674
30	15	0.769231	0.384615	-0.100539	-0.109407	-0.727
30	16	0.769231	0.410256	-0.0897092	-0.122293	-0.478044
30	17	0.769231	0.435897	-0.119583	-0.133744	-0.698769
30	18	0.769231	0.461538	-0.0976531	-0.153513	-0.547169
30	19	0.769231	0.487179	-0.129046	-0.160379	-0.523854
30	20	0.769231	0.512821	-0.114971	-0.183477	-0.721764
30	21	0.769231	0.538462	-0.125696	-0.191271	-0.303956
30	22	0.769231	0.564103	-0.138636	-0.208309	-0.828506
30	23	0.769231	0.589744	-0.112835	-0.224705	-0.247559
30	24	0.769231	0.615385	-0.157107	-0.227618	-0.670356
30	25	0.769231	0.641026	-0.098224	-0.25321	-0.477465
30	26	0.769231	0.666667	-0.152918	-0.243688	-0.24274
30	27	0.769231	0.692308	-0.0887599	-0.266296	-0.853165
30	28	0.769231	0.717949	-0.109359	-0.256035	0.179848
30	29	0.769231	0.74359	-0.0822918	-0.257158	-1.02374
30	30	0.769231	0.769231	-0.0183812	-0.256038	0.250447
30	31	0.769231	0.794872	-0.0571514	-0.227796	-0.756639
30	32	0.769231	0.820513	0.116304	-0.229251	-0.0703161
30	33	0.769231	0.846154	0.0328652	-0.185645	-0.262008
30	34	0.769231	0.871795	0.286894	-0.168989	-0.391245
30	35	0.769231	0.897436	0.240306	-0.133405	-0.0420742
30	36	0.769231	0.923077	0.501264	-0.093341	-0.363916
30	37	0.769231	0.948718	0.578656	-0.071835	-0.210564
30	38	0.769231	0.974359	0.801875	-0.0459371	-0.309854
30	39	0.769231	1	1	0	0
31	0	0.794872	0	0	0	-0.676979
31	1	0.794872	0.025641	-0.00611024	-0.000376272	-0.676979
31	2	0.794872	0.0512821	-0.0135801	-0.00396897	-0.717519
31	3	0.794872	0.0769231	-0.0170927	-0.00487237	-0.63407
31	4	0.794872	0.102564	-0.0270474	-0.00960747	-0.763027
31	5	0.794872	0.128205	-0.0280196	-0.0151448	-0.631755
31	6	0.794872	0.153846	-0.0373321	-0.0177886	-0.725777
31	7	0.794872	0.179487	-0.0407884	-0.0290571	-0.723202
31	8	0.794872	0.205128	-0.044179	-0.0307483	-0.60306
31	9	0.794872	0.230769	-0.0546303	-0.0440129	-0.852481
31	10	0.794872	0.25641	-0.0506664	-0.0501419	-0.501585
31	11	0.794872	0.282051	-0.0664323	-0.0593858	-0.882784
31	12	0.794872	0.307692	-0.0607292	-0.0747721	-0.552432
31	13	0.794872	0.333333	-0.0738042	-0.0777558	-0.724885
31	14	0.794872	0.358974	-0.0757851	-0.100776	-0.768728
31	15	0.794872	0.384615	-0.0777244	-0.102961	-0.45666
31	16	0.794872	0.410256	-0.0931624	-0.12479	-0.985118
31	17	0.794872	0.435897	-0.0823161	-0.136118	-0.298978
31	18	0.794872	0.461538	-0.107424	-0.147332	-0.96938
31	19	0.794872	0.487179	-0.0921404	-0.173299	-0.434935
31	20	0.794872	0.512821	-0.113687	-0.172759	-0.634299
31	21	0.794872	0.538462	-0.108818	-0.207443	-0.819464
31	22	0.794872	0.564103	-0.110646	-0.205066	-0.159198
31	23	0.794872	0.589744	-0.128258	-0.233089	-1.16089
31	24	0.794872	0.615385	-0.101354	-0.242772	0.109501
31	25	0.794872	0.641026	-0.139765	-0.24954	-1.11921
31	26	0.794872	0.666667	-0.0912809	-0.277198	-0.0835301
31	27	0.794872	0.692308	-0.128588	-0.259204	-0.572935
31	28	0.794872	0.717949	-0.0833169	-0.295728	-0.692996
31	29	0.794872	0.74359	-0.0816215	-0.262325	0.267725
31	30	0.794872	0.769231	-0.0690816	-0.287649	-1.38644
31	31	0.794872	0.794872	0.00769267	-0.253104	0.997271
31	32	0.794872	0.820513	-0.0193509	-0.248176	-1.76784
31	33	0.794872	0.846154	0.141187	-0.221789	1.27183
31	34	0.794872	0.871795	0.114867	-0.179467	-1.62019
31	35	0.794872	0.897436	0.327383	-0.163111	0.971046
31	36	0.794872	0.923077	0.37719	-0.0954587	-1.01739
31	37	0.794872	0.948718	0.59779	-0.0873587	0.259444
31	38	0.794872	0.974359	0.767935	-0.038519	-0.429252
31	39	0.794872	1	1	0	0
32	0	0.820513	0	0	0	-0.755639
32	1	0.820513	0.025641	-0.00528643	-0.00210785	-0.755639
32	2	0.820513	0.0512821	-0.010078	-0.00087612	-0.708012
32	3	0.820513	0.0769231	-0.0165511	-0.00652669	-0.838648
32	4	0.820513	0.102564	-0.0193798	-0.0081693	-0.647333
32	5	0.820513	0.128205	-0.0267629	-0.0118626	-0.864708
32	6	0.820513	0.153846	-0.028659	-0.0210944	-0.698194
32	7	0.820513	0.179487	-0.0346933	-0.0204862	-0.746085
32	8	0.820513	0.205128	-0.0387065	-0.0359679	-0.876446
32	9	0.820513	0.230769	-0.0409656	-0.0359275	-0.551548
32	10	0.820513	0.25641	-0.0488744	-0.0499141	-1.03523
32	11	0.820513	0.282051	-0.0476183	-0.0590618	-0.472893
32	12	0.820513	0.307692	-0.0576919	-0.0641469	-0.982388
32	13	0.820513	0.333333	-0.0565886	-0.0863685	-0.647641
32	14	0.820513	0.358974	-0.0643955	-0.0836108	-0.676927
32	15	0.820513	0.384615	-0.0683019	-0.112379	-0.994066
32	16	0.820513	0.410256	-0.0697942	-0.11272	-0.316721
32	17	0.820513	0.435897	-0.0811679	-0.13449	-1.22813
32	18	0.820513	0.461538	-0.0759527	-0.150797	-0.210722
32	19	0.820513	0.487179	-0.0922085	-0.155706	-1.07853
32	20	0.820513	0.512821	-0.0851031	-0.191361	-0.522654
32	21	0.820513	0.538462	-0.0985326	-0.182468	-0.530685
32	22	0.820513	0.564103	-0.0978942	-0.226014	-1.09586
32	23	0.820513	0.589744	-0.0988494	-0.218985	0.108223
32	24	0.820513	0.615385	-0.11121	-0.249645	-1.51197
32	25	0.820513	0.641026	-0.0941225	-0.262324	0.387329
32	26	0.820513	0.666667	-0.117131	-0.262611	-1.35472
32	27	0.820513	0.692308	-0.0863132	-0.301549	0.0106877
32	28	0.820513	0.717949	-0.104666	-0.26826	-0.498697
32	29	0.820513	0.74359	-0.0737157	-0.32105	-0.940772
32	30	0.820513	0.769231	-0.0629674	-0.26781	0.763121
32	31	0.820513	0.794872	-0.0427478	-0.305754	-1.9947
32	32	0.820513	0.820513	0.0185582	-0.256125	1.82098
32	33	0.820513	0.846154	0.0388479	-0.246792	-2.49575
32	34	0.820513	0.871795	0.156817	-0.221171	2.03956
32	35	0.820513	0.897436	0.217677	-0.150586	-2.0051
32	36	0.820513	0.923077	0.385331	-0.151282	1.20702
32	37	0.820513	0.948718	0.534612	-0.0538906	-0.833267
32	38	0.820513	0.974359	0.753008	-0.0627826	-0.00975334
32	39	0.820513	1	1	0	0
33	0	0.846154	0	0	0	-0.805656
33	1	0.846154	0.025641	-0.00425631	0.000416377	-0.805656
33	2	0.846154	0.0512821	-0.00855358	-0.00390996	-0.863197
33	3	0.846154	0.0769231	-0.0128726	-0.0025586	-0.727834
33	4	0.846154	0.102564	-0.0170516	-0.00798569	-0.94586
33	5	0.846154	0.128205	-0.020371	-0.0123489	-0.70043
33	6	0.846154	0.153846	-0.024854	-0.0133323	-0.908369
33	7	0.846154	0.179487	-0.0270329	-0.0263078	-0.826809
33	8	0.846154	0.205128	-0.0317648	-0.0236873	-0.721062
33	9	0.846154	0.230769	-0.033688	-0.0402237	-1.04194
33	10	0.846154	0.25641	-0.0378123	-0.0420922	-0.533729
33	11	0.846154	0.282051	-0.0409082	-0.0527023	-1.13996
33	12	0.846154	0.307692	-0.0433894	-0.0673739	-0.555505
33	13	0.846154	0.333333	-0.0486458	-0.0671932	-0.961113
33	14	0.846154	0.358974	-0.0494073	-0.0943753	-0.846218
33	15	0.846154	0.384615	-0.0562189	-0.0894312	-0.570102
33	16	0.846154	0.410256	-0.0570052	-0.118139	-1.21454
33	17	0.846154	0.435897	-0.0627941	-0.122347	-0.25015
33	18	0.846154	0.461538	-0.0666184	-0.138408	-1.33459
33	19	0.846154	0.487179	-0.0683265	-0.162842	-0.296392
33	20	0.846154	0.512821	-0.0771017	-0.160362	-1.00157
33	21	0.846154	0.538462	-0.0740872	-0.203145	-0.766387
33	22	0.846154	0.564103	-0.0858305	-0.190773	-0.324278
33	23	0.846154	0.589744	-0.0815686	-0.235549	-1.38314
33	24	0.846154	0.615385	-0.0899169	-0.232334	0.297708
33	25	0.846154	0.641026	-0.090051	-0.256774	-1.67222
33	26	0.846154	0.666667	-0.0875767	-0.27978	0.405112
33	27	0.846154	0.692308	-0.0948809	-0.268801	-1.25363
33	28	0.846154	0.717949	-0.0776877	-0.319769	-0.21871
33	29	0.846154	0.74359	-0.0875686	-0.275627	-0.117616
33	30	0.846154	0.769231	-0.0556428	-0.334189	-1.34269
33	31	0.846154	0.794872	-0.0554763	-0.277306	1.27265
33	32	0.846154	0.820513	-0.0060017	-0.30575	-2.31261
33	33	0.846154	0.846154	0.0227153	-0.263703	2.1448
33	34	0.846154	0.871795	0.104178	-0.226445	-2.38696
33	35	0.846154	0.897436	0.185826	-0.213585	1.88103
33	36	0.846154	0.923077	0.327035	-0.112727	-1.37984
33	37	0.846154	0.948718	0.493676	-0.11382	0.687025
33	38	0.846154	0.974359	0.723057	-0.0267122	-0.286688
33	39	0.846154	1	1	0	0
34	0	0.871795	0	0	0	-0.885555
34	1	0.871795	0.025641	-0.00337929	-0.00155369	-0.885555
34	2	0.871795	0.0512821	-0.00749843	0.000254032	-0.842057
34	3	0.871795	0.0769231	-0.00979874	-0.00481031	-0.96661
34	4	0.871795	0.102564	-0.0144342	-0.00502389	-0.77381
34	5	0.871795	0.128205	-0.0159448	-0.00853138	-1.00846
34	6	0.871795	0.153846	-0.0194215	-0.0160167	-0.806252
34	7	0.871795	0.179487	-0.0224203	-0.0148854	-0.909095
34	8	0.871795	0.205128	-0.0229785	-0.0291966	-0.974566
34	9	0.871795	0.230769	-0.0287665	-0.027448	-0.714804
34	10	0.871795	0.25641	-0.0268427	-0.0413808	-1.15055
34	11	0.871795	0.282051	-0.0337405	-0.0475149	-0.605367
34	12	0.871795	0.307692	-0.0327132	-0.0532618	-1.14263
34	13	0.871795	0.333333	-0.0367927	-0.0722148	-0.731329
34	14	0.871795	0.358974	-0.0407187	-0.0693401	-0.881454
34	15	0.871795	0.384615	-0.0392548	-0.0965465	-1.05144
34	16	0.871795	0.410256	-0.0489599	-0.0942511	-0.517275
34	17	0.871795	0.435897	-0.0438032	-0.117644	-1.32499
34	18	0.871795	0.461538	-0.0548693	-0.128641	-0.331231
34	19	0.871795	0.487179	-0.0523398	-0.13752	-1.28015
34	20	0.871795	0.512821	-0.057534	-0.167979	-0.521761
34	21	0.871795	0.538462	-0.0640308	-0.16197	-0.83114
34	22	0.871795	0.564103	-0.0588726	-0.205129	-1.02671
34	23	0.871795	0.589744	-0.0751381	-0.196399	-0.18066
34	24	0.871795	0.615385	-0.0622344	-0.234592	-1.51332
34	25	0.871795	0.641026	-0.0808238	-0.241179	0.269671
34	26	0.871795	0.666667	-0.0693275	-0.255391	-1.55561
34	27	0.871795	0.692308	-0.0774471	-0.288961	0.158844
34	28	0.871795	0.717949	-0.0775481	-0.270656	-0.907994
34	29	0.871795	0.74359	-0.062832	-0.325116	-0.566401
34	30	0.871795	0.769231	-0.0780603	-0.283297	0.272467
34	31	0.871795	0.794872	-0.0323695	-0.331174	-1.51355
34	32	0.871795	0.820513	-0.0523117	-0.288197	1.40809
34	33	0.871795	0.846154	0.0296583	-0.290426	-1.98888
34	34	0.871795	0.871795	0.0356767	-0.264566	1.79581
34	35	0.871795	0.897436	0.163823	-0.196607	-1.4962
34	36	0.871795	0.923077	0.250042	-0.181885	1.18133
34	37	0.871795	0.948718	0.451609	-0.0728539	-0.407469
34	38	0.871795	0.974359	0.679617	-0.050651	0.210454
34	39	0.871795	1	1	0	0
35	0	0.897436	0	0	0	-0.940802
35	1	0.897436	0.025641	-0.00322333	0.000568583	-0.940802
35	2	0.897436	0.0512821	-0.00540312	-0.00198874	-0.97531
35	3	0.897436	0.0769231	-0.00966483	-0.000654188	-0.889775
35	4	0.897436	0.102564	-0.00957001	-0.00475002	-1.03984
35	5	0.897436	0.128205	-0.0142612	-0.00727348	-0.86149
35	6	0.897436	0.153846	-0.0141782	-0.00886012	-1.03242
35	7	0.897436	0.179487	-0.0164421	-0.0178295	-0.93621
35	8	0.897436	0.205128	-0.0198245	-0.0166626	-0.914913
35	9	0.897436	0.230769	-0.01748	-0.0291901	-1.08627
35	10	0.897436	0.25641	-0.0250707	-0.0304136	-0.775092
35	11	0.897436	0.282051	-0.0199492	-0.0399751	-1.17791
35	12	0.897436	0.307692	-0.0278937	-0.049727	-0.757365
35	13	0.897436	0.333333	-0.0256626	-0.0521788	-1.08955
35	14	0.897436	0.358974	-0.0280207	-0.0714504	-0.923972
35	15	0.897436	0.384615	-0.0338124	-0.0697158	-0.83593
35	16	0.897436	0.410256	-0.0279205	-0.0922176	-1.17484
35	17	0.897436	0.435897	-0.041181	-0.0952117	-0.583074
35	18	0.897436	0.461538	-0.0312848	-0.111403	-1.30183
35	19	0.897436	0.487179	-0.0445792	-0.127681	-0.534737
35	20	0.897436	0.512821	-0.0401179	-0.132011	-1.13958
35	21	0.897436	0.538462	-0.0436659	-0.16282	-0.77352
35	22	0.897436	0.564103	-0.05272	-0.158866	-0.701932
35	23	0.897436	0.589744	-0.0417424	-0.195567	-1.16983
35	24	0.897436	0.615385	-0.064064	-0.195221	-0.207932
35	25	0.897436	0.641026	-0.0436969	-0.22306	-1.42582
35	26	0.897436	0.666667	-0.0683828	-0.239479	0.0301877
35	27	0.897436	0.692308	-0.0524099	-0.246099	-1.24438
35	28	0.897436	0.717949	-0.0621473	-0.283566	-0.187632
35	29	0.897436	0.74359	-0.065259	-0.267632	-0.543715
35	30	0.897436	0.769231	-0.0445649	-0.313801	-0.756356
35	31	0.897436	0.794872	-0.0707576	-0.287095	0.412095
35	32	0.897436	0.820513	-0.0125006	-0.313674	-1.23718
35	33	0.897436	0.846154	-0.0433041	-0.290841	1.10816
35	34	0.897436	0.871795	0.0539765	-0.266515	-1.12392
35	35	0.897436	0.897436	0.0685801	-0.24535	1.14671
35	36	0.897436	0.923077	0.221291	-0.160401	-0.362671
35	37	0.897436	0.948718	0.365291	-0.118583	0.654023
35	38	0.897436	0.974359	0.636344	-0.0197715	0.279362
35	39	0.897436	1	1	0	0
36	0	0.923077	0	0	0	-1.01082
36	1	0.923077	0.025641	-0.00283936	-0.000232028	-1.01082
36	2	0.923077	0.0512821	-0.00593935	0.000861901	-0.996586
36	3	0.923077	0.0769231	-0.00618148	-0.00156166	-1.04995
36	4	0.923077	0.102564	-0.0102528	-0.00165241	-0.96581
36	5	0.923077	0.128205	-0.0086285	-0.0043426	-1.08298
36	6	0.923077	0.153846	-0.0123396	-0.00828135	-0.974071
36	7	0.923077	0.179487	-0.0122483	-0.00918207	-1.05201
36	8	0.923077	0.205128	-0.0123452	-0.0171824	-1.04858
36	9	0.923077	0.230769	-0.0167898	-0.0176361	-0.96499
36	10	0.923077	0.25641	-0.0121645	-0.026538	-1.13962
36	11	0.923077	0.282051	-0.0201598	-0.0305127	-0.899142
36	12	0.923077	0.307692	-0.0143635	-0.0363683	-1.15726
36	13	0.923077	0.333333	-0.0206011	-0.046772	-0.931558
36	14	0.923077	0.358974	-0.0199024	-0.0486549	-1.05433
36	15	0.923077	0.384615	-0.0187771	-0.0642552	-1.06176
36	16	0.923077	0.410256	-0.0269269	-0.0658106	-0.878788
36	17	0.923077	0.435897	-0.0178294	-0.0815269	-1.19551
36	18	0.923077	0.461538	-0.0318886	-0.088791	-0.749118
36	19	0.923077	0.487179	-0.0212185	-0.0992354	-1.20502
36	20	0.923077	0.512821	-0.0322904	-0.116273	-0.769867
36	21	0.923077	0.538462	-0.0300042	-0.119999	-1.02168
36	22	0.923077	0.564103	-0.0289672	-0.145412	-0.945991
36	23	0.923077	0.589744	-0.0415285	-0.146909	-0.697983
36	24	0.923077	0.615385	-0.0260991	-0.173587	-1.1534
36	25	0.923077	0.641026	-0.0504698	-0.181335	-0.395374
36	26	0.923077	0.666667	-0.0287956	-0.200043	-1.1929
36	27	0.923077	0.692308	-0.0518469	-0.220943	-0.290299
36	28	0.923077	0.717949	-0.039438	-0.226258	-0.913189
36	29	0.923077	0.74359	-0.0440697	-0.258958	-0.43399
36	30	0.923077	0.769231	-0.054041	-0.25366	-0.340449
36	31	0.923077	0.794872	-0.0287553	-0.284871	-0.654427
36	32	0.923077	0.820513	-0.0588409	-0.277074	0.290582
36	33	0.923077	0.846154	-0.00259867	-0.284494	-0.620348
36	34	0.923077	0.871795	-0.0236536	-0.274112	0.692029
36	35	0.923077	0.897436	0.0675653	-0.235363	-0.124173
36	36	0.923077	0.923077	0.123227	-0.198486	0.790398
36	37	0.923077	0.948718	0.304319	-0.106905	0.538477
36	38	0.923077	0.974359	0.562449	-0.0165865	0.764767
36	39	0.923077	1	1	0	0
37	0	0.948718	0	0	0	-1.07061
37	1	0.948718	0.025641	-0.00327341	0.000674957	-1.07061
37	2	0.948718	0.0512821	-0.00470901	0.000438367	-1.07904
37	3	0.948718	0.0769231	-0.00710263	0.000818912	-1.06522
37	4	0.948718	0.102564	-0.00600814	-0.000922305	-1.10576
37	5	0.948718	0.128205	-0.0091152	-0.00213836	-1.06053
37	6	0.948718	0.153846	-0.00741482	-0.00388621	-1.11751
37	7	0.948718	0.179487	-0.0093779	-0.00749454	-1.08009
37	8	0.948718	0.205128	-0.0100457	-0.0087421	-1.09616
37	9	0.948718	0.230769	-0.00846321	-0.0141081	-1.12275
37	10	0.948718	0.25641	-0.0129561	-0.0160998	-1.05854
37	11	0.948718	0.282051	-0.00819758	-0.0213993	-1.15609
37	12	0.948718	0.307692	-0.0143176	-0.0260019	-1.04213
37	13	0.948718	0.333333	-0.0102831	-0.0298163	-1.1438
37	14	0.948718	0.358974	-0.0132918	-0.0377486	-1.06994
37	15	0.948718	0.384615	-0.0146776	-0.0405125	-1.07898
37	16	0.948718	0.410256	-0.0111335	-0.0504967	-1.12573
37	17	0.948718	0.435897	-0.0193148	-0.0545216	-0.994254
37	18	0.948718	0.461538	-0.0105524	-0.064045	-1.15977
37	19	0.948718	0.487179	-0.0215048	-0.0720537	-0.940855
37	20	0.948718	0.512821	-0.0138127	-0.0791956	-1.12038
37	21	0.948718	0.538462	-0.0200249	-0.0923851	-0.951033
37	22	0.948718	0.564103	-0.0209266	-0.097498	-0.990395
37	23	0.948718	0.589744	-0.0164	-0.114377	-1.00709
37	24	0.948718	0.615385	-0.0291454	-0.120461	-0.805179
37	25	0.948718	0.641026	-0.0144158	-0.137299	-1.0375
37	26	0.948718	0.666667	-0.0342831	-0.148473	-0.636705
37	27	0.948718	0.692308	-0.017934	-0.161496	-0.950064
37	28	0.948718	0.717949	-0.0334439	-0.179931	-0.54076
37	29	0.948718	0.74359	-0.02786	-0.188183	-0.691911
37	30	0.948718	0.769231	-0.0273395	-0.211028	-0.490247
37	31	0.948718	0.794872	-0.0394473	-0.217129	-0.295826
37	32	0.948718	0.820513	-0.0187736	-0.235412	-0.349567
37	33	0.948718	0.846154	-0.0399341	-0.24041	0.146064
37	34	0.948718	0.871795	-0.00108748	-0.239711	0.0502594
37	35	0.948718	0.897436	0.00239095	-0.229977	0.592591
37	36	0.948718	0.923077	0.0821672	-0.186918	0.729911
37	37	0.948718	0.948718	0.202044	-0.122011	1.06219
37	38	0.948718	0.974359	0.47214	0.00818203	1.40886
37	39	0.948718	1	1	0	0
38	0	0.974359	0	0	0	-1.13447
38	1	0.974359	0.025641	-0.00430661	0.0006499	-1.13447
38	2	0.974359	0.0512821	-0.0060647	0.00116679	-1.14311
38	3	0.974359	0.0769231	-0.0062432	0.000821638	-1.1516
38	4	0.974359	0.102564	-0.00760277	0.000455423	-1.15464
38	5	0.974359	0.128205	-0.0065756	-0.000526673	-1.16731
38	6	0.974359	0.153846	-0.00817067	-0.0016728	-1.16417
38	7	0.974359	0.179487	-0.00736464	-0.00283267	-1.17669
38	8	0.974359	0.205128	-0.00784714	-0.00477716	-1.17495
38	9	0.974359	0.230769	-0.00877483	-0.00613117	-1.17837
38	10	0.974359	0.25641	-0.00719732	-0.00858662	-1.18535
38	11	0.974359	0.282051	-0.0100121	-0.0105164	-1.17542
38	12	0.974359	0.307692	-0.00725981	-0.0130689	-1.18986
38	13	0.974359	0.333333	-0.010183	-0.0159586	-1.17238
38	14	0.974359	0.358974	-0.00866926	-0.0184446	-1.18336
38	15	0.974359	0.384615	-0.00919179	-0.0223392	-1.17074
38	16	0.974359	0.410256	-0.0110242	-0.02506	-1.16462
38	17	0.974359	0.435897	-0.00799354	-0.0296057	-1.16639
38	18	0.974359	0.461538	-0.0130584	-0.0332044	-1.1368
38	19	0.974359	0.487179	-0.00801809	-0.0379042	-1.15059
38	20	0.974359	0.512821	-0.0135101	-0.0429924	-1.10449
38	21	0.974359	0.538462	-0.010182	-0.0476199	-1.11362
38	22	0.974359	0.564103	-0.0121091	-0.0543898	-1.06873
38	23	0.974359	0.589744	-0.0141085	-0.059309	-1.04907
38	24	0.974359	0.615385	-0.0100339	-0.0673605	-1.02185
38	25	0.974359	0.641026	-0.0180794	-0.0735014	-0.955852
38	26	0.974359	0.666667	-0.0094498	-0.0820656	-0.945709
38	27	0.974359	0.692308	-0.0199939	-0.0904457	-0.834354
38	28	0.974359	0.717949	-0.0121531	-0.0990237	-0.815108
38	29	0.974359	0.74359	-0.0190054	-0.109983	-0.674462
38	30	0.974359	0.769231	-0.0178508	-0.118956	-0.602912
38	31	0.974359	0.794872	-0.0164603	-0.131497	-0.438165
38	32	0.974359	0.820513	-0.0229005	-0.141575	-0.274166
38	33	0.974359	0.846154	-0.0133646	-0.152745	-0.0439366
38	34	0.974359	0.871795	-0.0179955	-0.161268	0.246512
38	35	0.974359	0.897436	0.00310043	-0.16242	0.642361
38	36	0.974359	0.923077	0.0333278	-0.150511	1.1217
38	37	0.974359	0.948718	0.125862	-0.107033	1.7414
38	38	0.974359	0.974359	0.358275	0.0297706	2.6061
38	39	0.974359	1	1	0	0
39	0	1	0	0	0	-1.13447
39	1	1	0.025641	0	0	-1.13447
39	2	1	0.0512821	0	0	-1.14311
39	3	1	0.0769231	0	0	-1.1516
39	4	1	0.102564	0	0	-1.15464
39	5	1	0.128205	0	0	-1.16731
39	6	1	0.153846	0	0	-1.16417
39	7	1	0.179487	0	0	-1.17669
39	8	1	0.205128	0	0	-1.17495
39	9	1	0.230769	0	0	-1.17837
39	10	1	0.25641	0	0	-1.18535
39	11	1	0.282051	0	0	-1.17542
39	12	1	0.307692	0	0	-1.18986
39	13	1	0.333333	0	0	-1.17238
39	14	1	0.358974	0	0	-1.18336
39	15	1	0.384615	0	0	-1.17074
39	16	1	0.410256	0	0	-1.16462
39	17	1	0.435897	0	0	-1.16639
39	18	1	0.461538	0	0	-1.1368
39	19	1	0.487179	0	0	-1.15059
39	20	1	0.512821	0	0	-1.10449
39	21	1	0.538462	0	0	-1.11362
39	22	1	0.564103	0	0	-1.06873
39	23	1	0.589744	0	0	-1.04907
39	24	1	0.615385	0	0	-1.02185
39	25	1	0.641026	0	0	-0.955852
39	26	1	0.666667	0	0	-0.945709
39	27	1	0.692308	0	0	-0.834354
39	28	1	0.717949	0	0	-0.815108
39	29	1	0.74359	0	0	-0.674462
39	30	1	0.769231	0	0	-0.602912
39	31	1	0.794872	0	0	-0.438165
39	32	1	0.820513	0	0	-0.274166
39	33	1	0.846154	0	0	-0.0439366
39	34	1	0.871795	0	0	0.246512
39	35	1	0.897436	0	0	0.642361
39	36	1	0.923077	0	0	1.1217
39	37	1	0.948718	0	0	1.7414
39	38	1	0.974359	0	0	2.6061
39	39	1	1	1	0	0
