# i		j		x		y		u		v		p
# nx		ny		
# 40		40
# =================================
0	0	0	0	0	0	1.12064
0	1	0	0.025641	0	0	1.12064
0	2	0	0.0512821	0	0	1.12898
0	3	0	0.0769231	0	0	1.13746
0	4	0	0.102564	0	0	1.14194
0	5	0	0.128205	0	0	1.15162
0	6	0	0.153846	0	0	1.15227
0	7	0	0.179487	0	0	1.16024
0	8	0	0.205128	0	0	1.16156
0	9	0	0.230769	0	0	1.16209
0	10	0	0.25641	0	0	1.16857
0	11	0	0.282051	0	0	1.15893
0	12	0	0.307692	0	0	1.16876
0	13	0	0.333333	0	0	1.15426
0	14	0	0.358974	0	0	1.15744
0	15	0	0.384615	0	0	1.14899
0	16	0	0.410256	0	0	1.13429
0	17	0	0.435897	0	0	1.13769
0	18	0	0.461538	0	0	1.1047
0	19	0	0.487179	0	0	1.11032
0	20	0	0.512821	0	0	1.07419
0	21	0	0.538462	0	0	1.06049
0	22	0	0.564103	0	0	1.03873
0	23	0	0.589744	0	0	0.992669
0	24	0	0.615385	0	0	0.981562
0	25	0	0.641026	0	0	0.917062
0	26	0	0.666667	0	0	0.884146
0	27	0	0.692308	0	0	0.830357
0	28	0	0.717949	0	0	0.742458
0	29	0	0.74359	0	0	0.69997
0	30	0	0.769231	0	0	0.562741
0	31	0	0.794872	0	0	0.471696
0	32	0	0.820513	0	0	0.320587
0	33	0	0.846154	0	0	0.0883213
0	34	0	0.871795	0	0	-0.0942553
0	35	0	0.897436	0	0	-0.532095
0	36	0	0.923077	0	0	-0.893947
0	37	0	0.948718	0	0	-1.52254
0	38	0	0.974359	0	0	-2.36971
0	39	0	1	1	0	0
1	0	0.025641	0	0	0	1.12064
1	1	0.025641	0.025641	-0.0043473	-0.000654617	1.12064
1	2	0.025641	0.0512821	-0.00603608	-0.00112005	1.12898
1	3	0.025641	0.0769231	-0.00650776	-0.000827008	1.13746
1	4	0.025641	0.102564	-0.00738682	-0.000328042	1.14194
1	5	0.025641	0.128205	-0.00700288	0.000655054	1.15162
1	6	0.025641	0.153846	-0.00800281	0.00184737	1.15227
1	7	0.025641	0.179487	-0.00758452	0.00316467	1.16024
1	8	0.025641	0.205128	-0.00806152	0.00504471	1.16156
1	9	0.025641	0.230769	-0.00858666	0.00662367	1.16209
1	10	0.025641	0.25641	-0.0077355	0.00903314	1.16857
1	11	0.025641	0.282051	-0.00967002	0.011089	1.15893
1	12	0.025641	0.307692	-0.0076804	0.013695	1.16876
1	13	0.025641	0.333333	-0.0100831	0.0165602	1.15426
1	14	0.025641	0.358974	-0.00864273	0.019116	1.15744
1	15	0.025641	0.384615	-0.00936814	0.0228847	1.14899
1	16	0.025641	0.410256	-0.0106468	0.0255719	1.13429
1	17	0.025641	0.435897	-0.00811705	0.0298546	1.13769
1	18	0.025641	0.461538	-0.0125464	0.0333228	1.1047
1	19	0.025641	0.487179	-0.00790143	0.0374705	1.11032
1	20	0.025641	0.512821	-0.0127412	0.042335	1.07419
1	21	0.025641	0.538462	-0.009963	0.0461345	1.06049
1	22	0.025641	0.564103	-0.010881	0.0522649	1.03873
1	23	0.025641	0.589744	-0.013596	0.0564858	0.992669
1	24	0.025641	0.615385	-0.00892905	0.0629165	0.981562
1	25	0.025641	0.641026	-0.0161653	0.0688854	0.917062
1	26	0.025641	0.666667	-0.0098123	0.0748327	0.884146
1	27	0.025641	0.692308	-0.0156884	0.0830867	0.830357
1	28	0.025641	0.717949	-0.0142221	0.0892849	0.742458
1	29	0.025641	0.74359	-0.0137633	0.0987699	0.69997
1	30	0.025641	0.769231	-0.0190359	0.107339	0.562741
1	31	0.025641	0.794872	-0.0145844	0.116505	0.471696
1	32	0.025641	0.820513	-0.0198712	0.12841	0.320587
1	33	0.025641	0.846154	-0.0182185	0.136656	0.0883213
1	34	0.025641	0.871795	-0.0122968	0.147597	-0.0942553
1	35	0.025641	0.897436	-0.00709421	0.150669	-0.532095
1	36	0.025641	0.923077	0.0329878	0.141708	-0.893947
1	37	0.025641	0.948718	0.112144	0.107113	-1.52254
1	38	0.025641	0.974359	0.345173	-0.0214156	-2.36971
1	39	0.025641	1	1	0	0
2	0	0.0512821	0	0	0	1.05651
2	1	0.0512821	0.025641	-0.00328089	-0.000581755	1.05651
2	2	0.0512821	0.0512821	-0.00506737	-0.000586607	1.0626
2	3	0.0512821	0.0769231	-0.00677285	-0.000527508	1.05832
2	4	0.0512821	0.102564	-0.00682018	0.00094942	1.08074
2	5	0.0512821	0.128205	-0.00869958	0.0023261	1.05944
2	6	0.0512821	0.153846	-0.00799587	0.00444426	1.09253
2	7	0.0512821	0.179487	-0.00968205	0.00754231	1.0707
2	8	0.0512821	0.205128	-0.00969743	0.00967603	1.08389
2	9	0.0512821	0.230769	-0.00970551	0.0144217	1.09675
2	10	0.0512821	0.25641	-0.0119832	0.0169328	1.05739
2	11	0.0512821	0.282051	-0.0094364	0.0223052	1.12213
2	12	0.0512821	0.307692	-0.0138765	0.0265084	1.03631
2	13	0.0512821	0.333333	-0.0102752	0.0310428	1.11632
2	14	0.0512821	0.358974	-0.014041	0.0381135	1.04762
2	15	0.0512821	0.384615	-0.0132761	0.0413324	1.06021
2	16	0.0512821	0.410256	-0.0122394	0.0507739	1.09035
2	17	0.0512821	0.435897	-0.0176963	0.0543629	0.974748
2	18	0.0512821	0.461538	-0.0103979	0.0635938	1.11857
2	19	0.0512821	0.487179	-0.0207485	0.0706854	0.917701
2	20	0.0512821	0.512821	-0.0117236	0.0769483	1.06905
2	21	0.0512821	0.538462	-0.0197055	0.0892336	0.932549
2	22	0.0512821	0.564103	-0.0177499	0.0928288	0.925782
2	23	0.0512821	0.589744	-0.0151942	0.107909	0.985919
2	24	0.0512821	0.615385	-0.0257546	0.113336	0.758825
2	25	0.0512821	0.641026	-0.012144	0.125899	0.969296
2	26	0.0512821	0.666667	-0.0301016	0.13817	0.669781
2	27	0.0512821	0.692308	-0.0159125	0.145455	0.797986
2	28	0.0512821	0.717949	-0.027919	0.164015	0.665758
2	29	0.0512821	0.74359	-0.0261952	0.170131	0.519763
2	30	0.0512821	0.769231	-0.0233216	0.187491	0.60141
2	31	0.0512821	0.794872	-0.0352404	0.199321	0.278009
2	32	0.0512821	0.820513	-0.0223285	0.207545	0.304122
2	33	0.0512821	0.846154	-0.0317807	0.222591	0.108074
2	34	0.0512821	0.871795	-0.0156732	0.218006	-0.223395
2	35	0.0512821	0.897436	0.00686859	0.214	-0.189412
2	36	0.0512821	0.923077	0.05959	0.182873	-0.789063
2	37	0.0512821	0.948718	0.191084	0.11859	-0.764391
2	38	0.0512821	0.974359	0.453932	0.00398171	-1.25902
2	39	0.0512821	1	1	0	0
3	0	0.0769231	0	0	0	0.995834
3	1	0.0769231	0.025641	-0.00305843	-1.32485e-05	0.995834
3	2	0.0769231	0.0512821	-0.00571999	-0.000360616	0.992115
3	3	0.0769231	0.0769231	-0.00716248	0.00122689	1.01583
3	4	0.0769231	0.102564	-0.00964482	0.00200581	0.980805
3	5	0.0769231	0.128205	-0.0097193	0.00487121	1.03982
3	6	0.0769231	0.153846	-0.0124084	0.00792941	0.979723
3	7	0.0769231	0.179487	-0.0121662	0.0106554	1.03652
3	8	0.0769231	0.205128	-0.0139779	0.0167393	1.01247
3	9	0.0769231	0.230769	-0.0152872	0.0189644	0.990306
3	10	0.0769231	0.25641	-0.0145292	0.0271799	1.07293
3	11	0.0769231	0.282051	-0.0187807	0.0306738	0.92826
3	12	0.0769231	0.307692	-0.015224	0.0382614	1.11008
3	13	0.0769231	0.333333	-0.0212218	0.0460526	0.913617
3	14	0.0769231	0.358974	-0.0178538	0.0503506	1.0585
3	15	0.0769231	0.384615	-0.0211779	0.0638118	0.991647
3	16	0.0769231	0.410256	-0.0232425	0.065485	0.906767
3	17	0.0769231	0.435897	-0.0191105	0.0815512	1.12181
3	18	0.0769231	0.461538	-0.0295722	0.0859384	0.744646
3	19	0.0769231	0.487179	-0.0182714	0.0979453	1.17056
3	20	0.0769231	0.512821	-0.0327564	0.111582	0.716518
3	21	0.0769231	0.538462	-0.0227943	0.115	1.01279
3	22	0.0769231	0.564103	-0.0299051	0.138637	0.879159
3	23	0.0769231	0.589744	-0.0334742	0.137474	0.681079
3	24	0.0769231	0.615385	-0.0234692	0.162371	1.08779
3	25	0.0769231	0.641026	-0.045003	0.168325	0.398563
3	26	0.0769231	0.666667	-0.0211428	0.182341	1.07479
3	27	0.0769231	0.692308	-0.0491291	0.203738	0.385254
3	28	0.0769231	0.717949	-0.0293028	0.204145	0.718584
3	29	0.0769231	0.74359	-0.0426921	0.234197	0.580332
3	30	0.0769231	0.769231	-0.0444895	0.232639	0.230721
3	31	0.0769231	0.794872	-0.0308713	0.251997	0.6254
3	32	0.0769231	0.820513	-0.0506799	0.259862	-0.0396671
3	33	0.0769231	0.846154	-0.0148079	0.253613	0.246343
3	34	0.0769231	0.871795	-0.0198898	0.258409	-0.0575551
3	35	0.0769231	0.897436	0.0410512	0.223989	-0.35962
3	36	0.0769231	0.923077	0.113082	0.186485	-0.185168
3	37	0.0769231	0.948718	0.272055	0.118862	-0.672217
3	38	0.0769231	0.974359	0.545783	0.0185269	-0.53596
3	39	0.0769231	1	1	0	0
4	0	0.102564	0	0	0	0.930054
4	1	0.102564	0.025641	-0.00324463	-3.75506e-05	0.930054
4	2	0.102564	0.0512821	-0.00617327	0.00122184	0.94236
4	3	0.102564	0.0769231	-0.00915554	0.00145174	0.915068
4	4	0.102564	0.102564	-0.0109617	0.00476573	0.975243
4	5	0.102564	0.128205	-0.0139719	0.00686565	0.8956
4	6	0.102564	0.153846	-0.014747	0.0106432	0.993372
4	7	0.102564	0.179487	-0.017796	0.0163325	0.90965
4	8	0.102564	0.205128	-0.0184824	0.0189657	0.956096
4	9	0.102564	0.230769	-0.0204708	0.0286466	0.980707
4	10	0.102564	0.25641	-0.0228067	0.0308751	0.863433
4	11	0.102564	0.282051	-0.0222458	0.041986	1.07218
4	12	0.102564	0.307692	-0.0273305	0.0476514	0.785094
4	13	0.102564	0.333333	-0.0244046	0.0554574	1.08615
4	14	0.102564	0.358974	-0.0305576	0.068919	0.823954
4	15	0.102564	0.384615	-0.0287672	0.0706409	0.937896
4	16	0.102564	0.410256	-0.0311754	0.0917173	1.01215
4	17	0.102564	0.435897	-0.0358681	0.0912661	0.66756
4	18	0.102564	0.461538	-0.0301185	0.112225	1.22111
4	19	0.102564	0.487179	-0.0432217	0.120004	0.475643
4	20	0.102564	0.512821	-0.0312849	0.129751	1.2077
4	21	0.102564	0.538462	-0.04617	0.154379	0.584692
4	22	0.102564	0.564103	-0.0389712	0.149359	0.829129
4	23	0.102564	0.589744	-0.0421825	0.186538	0.988165
4	24	0.102564	0.615385	-0.0528537	0.178694	0.261811
4	25	0.102564	0.641026	-0.035228	0.209565	1.33908
4	26	0.102564	0.666667	-0.0652335	0.219238	-0.0551285
4	27	0.102564	0.692308	-0.0344987	0.225385	1.20075
4	28	0.102564	0.717949	-0.0656399	0.260158	0.167696
4	29	0.102564	0.74359	-0.0454216	0.243831	0.51846
4	30	0.102564	0.769231	-0.0499722	0.284108	0.674289
4	31	0.102564	0.794872	-0.0583115	0.268199	-0.211265
4	32	0.102564	0.820513	-0.0208533	0.280424	0.832326
4	33	0.102564	0.846154	-0.0431157	0.278489	-0.432746
4	34	0.102564	0.871795	0.0338372	0.24605	0.354139
4	35	0.102564	0.897436	0.0542543	0.233895	-0.215843
4	36	0.102564	0.923077	0.186098	0.167802	-0.260502
4	37	0.102564	0.948718	0.340098	0.109441	-0.113076
4	38	0.102564	0.974359	0.612473	0.0371092	-0.307681
4	39	0.102564	1	1	0	0
5	0	0.128205	0	0	0	0.867029
5	1	0.128205	0.025641	-0.00372007	0.000767093	0.867029
5	2	0.128205	0.0512821	-0.00737296	0.00095532	0.859362
5	3	0.128205	0.0769231	-0.0110037	0.00396199	0.895193
5	4	0.128205	0.102564	-0.0141114	0.00521312	0.833931
5	5	0.128205	0.128205	-0.0170287	0.00988169	0.93148
5	6	0.128205	0.153846	-0.0201637	0.0139592	0.818592
5	7	0.128205	0.179487	-0.0219274	0.0181101	0.929789
5	8	0.128205	0.205128	-0.025585	0.0268563	0.860057
5	9	0.128205	0.230769	-0.026598	0.0292823	0.851792
5	10	0.128205	0.25641	-0.0299627	0.0421325	0.967474
5	11	0.128205	0.282051	-0.0319587	0.0451813	0.72635
5	12	0.128205	0.307692	-0.0332076	0.0576401	1.06424
5	13	0.128205	0.333333	-0.0378966	0.0670631	0.667876
5	14	0.128205	0.358974	-0.0364441	0.0730898	1.01416
5	15	0.128205	0.384615	-0.0428945	0.093332	0.79788
5	16	0.128205	0.410256	-0.0416542	0.091669	0.74565
5	17	0.128205	0.435897	-0.0453242	0.119164	1.09581
5	18	0.128205	0.461538	-0.0496399	0.118462	0.389399
5	19	0.128205	0.487179	-0.0458188	0.140004	1.31754
5	20	0.128205	0.512821	-0.0579161	0.155215	0.262488
5	21	0.128205	0.538462	-0.0482766	0.157115	1.13471
5	22	0.128205	0.564103	-0.0615284	0.195582	0.608671
5	23	0.128205	0.589744	-0.057055	0.179302	0.469834
5	24	0.128205	0.615385	-0.0577588	0.227435	1.26455
5	25	0.128205	0.641026	-0.0711134	0.21568	-0.27368
5	26	0.128205	0.666667	-0.0507462	0.243414	1.63571
5	27	0.128205	0.692308	-0.0808134	0.262951	-0.448852
5	28	0.128205	0.717949	-0.0494518	0.249872	1.18798
5	29	0.128205	0.74359	-0.0732221	0.30082	0.180947
5	30	0.128205	0.769231	-0.0561718	0.260454	0.0806958
5	31	0.128205	0.794872	-0.0412841	0.305367	1.03806
5	32	0.128205	0.820513	-0.0515773	0.27367	-0.825818
5	33	0.128205	0.846154	0.0195405	0.26777	1.22661
5	34	0.128205	0.871795	0.0125418	0.257492	-0.849606
5	35	0.128205	0.897436	0.139902	0.19384	0.5799
5	36	0.128205	0.923077	0.213685	0.172657	-0.302632
5	37	0.128205	0.948718	0.418415	0.0913848	-0.0374171
5	38	0.128205	0.974359	0.657707	0.0450888	0.0411129
5	39	0.128205	1	1	0	0
6	0	0.153846	0	0	0	0.799931
6	1	0.153846	0.025641	-0.00441285	0.000606207	0.799931
6	2	0.153846	0.0512821	-0.00924545	0.00247289	0.810759
6	3	0.153846	0.0769231	-0.0129498	0.00365581	0.788487
6	4	0.153846	0.102564	-0.0180494	0.00814234	0.843789
6	5	0.153846	0.128205	-0.0208637	0.010815	0.760787
6	6	0.153846	0.153846	-0.0251589	0.0165272	0.874734
6	7	0.153846	0.179487	-0.0286995	0.0226695	0.754831
6	8	0.153846	0.205128	-0.0307237	0.0272249	0.852131
6	9	0.153846	0.230769	-0.0362591	0.0385557	0.818829
6	10	0.153846	0.25641	-0.0361137	0.0413345	0.745076
6	11	0.153846	0.282051	-0.0424453	0.0562529	0.944356
6	12	0.153846	0.307692	-0.0429203	0.0610599	0.610633
6	13	0.153846	0.333333	-0.0465782	0.0735265	1.0205
6	14	0.153846	0.358974	-0.0512885	0.0872924	0.595627
6	15	0.153846	0.384615	-0.0498505	0.0909455	0.891923
6	16	0.153846	0.410256	-0.0591301	0.117003	0.815586
6	17	0.153846	0.435897	-0.0550661	0.113196	0.526653
6	18	0.153846	0.461538	-0.0636419	0.143816	1.17534
6	19	0.153846	0.487179	-0.0639768	0.14589	0.15602
6	20	0.153846	0.512821	-0.0645196	0.16337	1.32489
6	21	0.153846	0.538462	-0.0742624	0.188569	0.179218
6	22	0.153846	0.564103	-0.0657224	0.179729	0.909671
6	23	0.153846	0.589744	-0.0799547	0.230391	0.78485
6	24	0.153846	0.615385	-0.0723575	0.204887	-0.00288131
6	25	0.153846	0.641026	-0.0766485	0.256046	1.59209
6	26	0.153846	0.666667	-0.0833759	0.246898	-0.758777
6	27	0.153846	0.692308	-0.0669765	0.260037	1.7917
6	28	0.153846	0.717949	-0.0872241	0.294825	-0.594009
6	29	0.153846	0.74359	-0.058232	0.254389	0.888998
6	30	0.153846	0.769231	-0.0671989	0.319014	0.521462
6	31	0.153846	0.794872	-0.0479493	0.254969	-0.606821
6	32	0.153846	0.820513	-0.0102987	0.293577	1.6196
6	33	0.153846	0.846154	-0.00547971	0.253405	-1.48374
6	34	0.153846	0.871795	0.0984886	0.219347	1.64593
6	35	0.153846	0.897436	0.133155	0.210847	-1.10779
6	36	0.153846	0.923077	0.30499	0.121476	0.733484
6	37	0.153846	0.948718	0.44986	0.106858	-0.201305
6	38	0.153846	0.974359	0.703581	0.0402695	0.165284
6	39	0.153846	1	1	0	0
7	0	0.179487	0	0	0	0.735105
7	1	0.179487	0.025641	-0.00556304	0.000987132	0.735105
7	2	0.179487	0.0512821	-0.010558	0.00238986	0.739262
7	3	0.179487	0.0769231	-0.0170045	0.00547293	0.747697
7	4	0.179487	0.102564	-0.0202517	0.00793974	0.728431
7	5	0.179487	0.128205	-0.0270977	0.0137974	0.780257
7	6	0.179487	0.153846	-0.0298285	0.0176393	0.6974
7	7	0.179487	0.179487	-0.0348111	0.0246808	0.811638
7	8	0.179487	0.205128	-0.0399337	0.0321826	0.689745
7	9	0.179487	0.230769	-0.0407877	0.0376637	0.782373
7	10	0.179487	0.25641	-0.0496634	0.0507183	0.760509
7	11	0.179487	0.282051	-0.0472634	0.0542543	0.661494
7	12	0.179487	0.307692	-0.0570107	0.0705807	0.891815
7	13	0.179487	0.333333	-0.0564575	0.0770215	0.525494
7	14	0.179487	0.358974	-0.0609632	0.0894491	0.947713
7	15	0.179487	0.384615	-0.0682025	0.106426	0.54363
7	16	0.179487	0.410256	-0.0634534	0.108683	0.763893
7	17	0.179487	0.435897	-0.0789874	0.138093	0.816989
7	18	0.179487	0.461538	-0.0687651	0.134073	0.351778
7	19	0.179487	0.487179	-0.0842163	0.164542	1.18125
7	20	0.179487	0.512821	-0.0797149	0.170963	0.0243784
7	21	0.179487	0.538462	-0.0827553	0.182236	1.21566
7	22	0.179487	0.564103	-0.0933941	0.216031	0.212995
7	23	0.179487	0.589744	-0.0794685	0.198008	0.597985
7	24	0.179487	0.615385	-0.101287	0.254401	0.997626
7	25	0.179487	0.641026	-0.0811741	0.225466	-0.425375
7	26	0.179487	0.666667	-0.0956019	0.269442	1.78514
7	27	0.179487	0.692308	-0.087085	0.269031	-1.00383
7	28	0.179487	0.717949	-0.0764074	0.259451	1.65551
7	29	0.179487	0.74359	-0.082737	0.309194	-0.397831
7	30	0.179487	0.769231	-0.0490022	0.242021	0.304144
7	31	0.179487	0.794872	-0.0452251	0.310215	1.09843
7	32	0.179487	0.820513	-0.00615038	0.23289	-1.35461
7	33	0.179487	0.846154	0.0471372	0.251295	2.16931
7	34	0.179487	0.871795	0.0922225	0.216656	-1.90007
7	35	0.179487	0.897436	0.21879	0.151028	1.81046
7	36	0.179487	0.923077	0.316133	0.155654	-0.999648
7	37	0.179487	0.948718	0.517204	0.0583057	0.645301
7	38	0.179487	0.974359	0.725639	0.0616371	0.121655
7	39	0.179487	1	1	0	0
8	0	0.205128	0	0	0	0.672935
8	1	0.205128	0.025641	-0.00651401	0.00135548	0.672935
8	2	0.205128	0.0512821	-0.0136283	0.00259719	0.66637
8	3	0.205128	0.0769231	-0.0184777	0.00567886	0.692422
8	4	0.205128	0.102564	-0.0267362	0.00986825	0.670517
8	5	0.205128	0.128205	-0.0296098	0.0131801	0.678865
8	6	0.205128	0.153846	-0.0375959	0.0209354	0.713441
8	7	0.205128	0.179487	-0.0412389	0.0249414	0.626873
8	8	0.205128	0.205128	-0.0456514	0.0339704	0.764783
8	9	0.205128	0.230769	-0.0535823	0.0419685	0.599542
8	10	0.205128	0.25641	-0.052358	0.0484996	0.741239
8	11	0.205128	0.282051	-0.064837	0.0630945	0.672945
8	12	0.205128	0.307692	-0.060729	0.066636	0.601311
8	13	0.205128	0.333333	-0.0723602	0.0849448	0.824839
8	14	0.205128	0.358974	-0.0730595	0.0914845	0.440946
8	15	0.205128	0.384615	-0.0754307	0.104934	0.890089
8	16	0.205128	0.410256	-0.0881108	0.123118	0.458669
8	17	0.205128	0.435897	-0.0772806	0.125086	0.687031
8	18	0.205128	0.461538	-0.100428	0.155867	0.751385
8	19	0.205128	0.487179	-0.0837101	0.152011	0.257044
8	20	0.205128	0.512821	-0.103756	0.181369	1.10445
8	21	0.205128	0.538462	-0.0978781	0.190395	-0.0308635
8	22	0.205128	0.564103	-0.0969743	0.197005	1.05814
8	23	0.205128	0.589744	-0.114888	0.234148	0.254393
8	24	0.205128	0.615385	-0.0869011	0.211588	0.347606
8	25	0.205128	0.641026	-0.122074	0.265525	1.08074
8	26	0.205128	0.666667	-0.0825027	0.23851	-0.630326
8	27	0.205128	0.692308	-0.10733	0.268377	1.71141
8	28	0.205128	0.717949	-0.0824628	0.277253	-0.935936
8	29	0.205128	0.74359	-0.0685344	0.245559	1.24571
8	30	0.205128	0.769231	-0.0672078	0.301531	0.0211674
8	31	0.205128	0.794872	-0.010267	0.218621	-0.341809
8	32	0.205128	0.820513	-0.00487682	0.275157	1.61108
8	33	0.205128	0.846154	0.0775765	0.200949	-1.81496
8	34	0.205128	0.871795	0.135079	0.189483	2.34536
8	35	0.205128	0.897436	0.239599	0.172227	-1.80426
8	36	0.205128	0.923077	0.378995	0.0849915	1.53597
8	37	0.205128	0.948718	0.539505	0.102973	-0.521496
8	38	0.205128	0.974359	0.756543	0.0312575	0.442758
8	39	0.205128	1	1	0	0
9	0	0.230769	0	0	0	0.604039
9	1	0.230769	0.025641	-0.00801328	0.000712057	0.604039
9	2	0.230769	0.0512821	-0.0150731	0.00374643	0.631148
9	3	0.230769	0.0769231	-0.0237335	0.00553182	0.580129
9	4	0.230769	0.102564	-0.0283593	0.00978973	0.659538
9	5	0.230769	0.128205	-0.0378552	0.0157356	0.588689
9	6	0.230769	0.153846	-0.0411577	0.0186554	0.621414
9	7	0.230769	0.179487	-0.0492113	0.0291627	0.666624
9	8	0.230769	0.205128	-0.0547231	0.0323133	0.526049
9	9	0.230769	0.230769	-0.0579021	0.0434155	0.751893
9	10	0.230769	0.25641	-0.0686691	0.0519287	0.477267
9	11	0.230769	0.282051	-0.0660232	0.0583718	0.722152
9	12	0.230769	0.307692	-0.0805914	0.0755561	0.577948
9	13	0.230769	0.333333	-0.0768172	0.0771573	0.529752
9	14	0.230769	0.358974	-0.0877734	0.0987587	0.78809
9	15	0.230769	0.384615	-0.0920188	0.103539	0.309223
9	16	0.230769	0.410256	-0.0902033	0.118658	0.892459
9	17	0.230769	0.435897	-0.108964	0.137021	0.307638
9	18	0.230769	0.461538	-0.0923194	0.138056	0.676685
9	19	0.230769	0.487179	-0.120457	0.170443	0.629198
9	20	0.230769	0.512821	-0.10073	0.164383	0.203075
9	21	0.230769	0.538462	-0.119351	0.19451	1.0174
9	22	0.230769	0.564103	-0.11776	0.201681	-0.111508
9	23	0.230769	0.589744	-0.105495	0.207212	0.979683
9	24	0.230769	0.615385	-0.135203	0.241649	0.166739
9	25	0.230769	0.641026	-0.0881081	0.218319	0.289687
9	26	0.230769	0.666667	-0.135439	0.264915	0.937399
9	27	0.230769	0.692308	-0.0776535	0.239917	-0.577343
9	28	0.230769	0.717949	-0.102618	0.256768	1.41451
9	29	0.230769	0.74359	-0.070326	0.267364	-0.69422
9	30	0.230769	0.769231	-0.0344187	0.223812	0.802085
9	31	0.230769	0.794872	-0.0386841	0.271622	0.345694
9	32	0.230769	0.820513	0.0629763	0.189192	-0.68373
9	33	0.230769	0.846154	0.0592542	0.221846	1.70054
9	34	0.230769	0.871795	0.199992	0.163316	-1.69804
9	35	0.230769	0.897436	0.258145	0.125368	1.96147
9	36	0.230769	0.923077	0.420749	0.125283	-1.18802
9	37	0.230769	0.948718	0.57301	0.0402932	0.942053
9	38	0.230769	0.974359	0.774272	0.0635343	0.0821092
9	39	0.230769	1	1	0	0
10	0	0.25641	0	0	0	0.549404
10	1	0.25641	0.025641	-0.00916708	0.00194952	0.549404
10	2	0.25641	0.0512821	-0.0183113	0.00204916	0.52212
10	3	0.25641	0.0769231	-0.0256019	0.00705804	0.606124
10	4	0.25641	0.102564	-0.0351953	0.0098856	0.485499
10	5	0.25641	0.128205	-0.0402269	0.0140035	0.621914
10	6	0.25641	0.153846	-0.0500004	0.0226998	0.525836
10	7	0.25641	0.179487	-0.0544619	0.0240211	0.532868
10	8	0.25641	0.205128	-0.0621306	0.0374695	0.656194
10	9	0.25641	0.230769	-0.0693146	0.0397672	0.390744
10	10	0.25641	0.25641	-0.0720548	0.0516761	0.762199
10	11	0.25641	0.282051	-0.0841211	0.0619906	0.349251
10	12	0.25641	0.307692	-0.0819298	0.0661374	0.686853
10	13	0.25641	0.333333	-0.0963888	0.0874505	0.52077
10	14	0.25641	0.358974	-0.0946945	0.0852508	0.402811
10	15	0.25641	0.384615	-0.103604	0.110603	0.817287
10	16	0.25641	0.410256	-0.111357	0.11318	0.111171
10	17	0.25641	0.435897	-0.106217	0.128642	0.952999
10	18	0.25641	0.461538	-0.128146	0.148353	0.118016
10	19	0.25641	0.487179	-0.109139	0.1455	0.680568
10	20	0.25641	0.512821	-0.136816	0.181813	0.527333
10	21	0.25641	0.538462	-0.118827	0.169538	0.0951048
10	22	0.25641	0.564103	-0.130084	0.20323	1.0271
10	23	0.25641	0.589744	-0.135835	0.204322	-0.322687
10	24	0.25641	0.615385	-0.109076	0.210832	1.07143
10	25	0.25641	0.641026	-0.148092	0.239947	-0.105173
10	26	0.25641	0.666667	-0.0848043	0.214736	0.427019
10	27	0.25641	0.692308	-0.133566	0.256113	0.638938
10	28	0.25641	0.717949	-0.0675371	0.226118	-0.42043
10	29	0.25641	0.74359	-0.0747539	0.239188	1.13477
10	30	0.25641	0.769231	-0.0484895	0.238948	-0.585799
10	31	0.25641	0.794872	0.0282054	0.197694	0.670033
10	32	0.25641	0.820513	0.00939335	0.225801	0.242526
10	33	0.25641	0.846154	0.165822	0.15506	-0.458793
10	34	0.25641	0.871795	0.155468	0.164277	1.21607
10	35	0.25641	0.897436	0.347662	0.120987	-1.02867
10	36	0.25641	0.923077	0.418158	0.0758457	1.19465
10	37	0.25641	0.948718	0.615171	0.0788313	-0.403813
10	38	0.25641	0.974359	0.787086	0.0290604	0.475352
10	39	0.25641	1	1	0	0
11	0	0.282051	0	0	0	0.477998
11	1	0.282051	0.025641	-0.01059	0.000409946	0.477998
11	2	0.282051	0.0512821	-0.020387	0.00440528	0.519415
11	3	0.282051	0.0769231	-0.0299977	0.00482937	0.42699
11	4	0.282051	0.102564	-0.0379866	0.0104562	0.581272
11	5	0.282051	0.128205	-0.0475754	0.015349	0.405573
11	6	0.282051	0.153846	-0.0535932	0.0179882	0.55617
11	7	0.282051	0.179487	-0.0633048	0.0297577	0.498179
11	8	0.282051	0.205128	-0.0685755	0.0293537	0.409729
11	9	0.282051	0.230769	-0.076754	0.0445334	0.669827
11	10	0.282051	0.25641	-0.0840489	0.0472836	0.249128
11	11	0.282051	0.282051	-0.088123	0.0577231	0.755976
11	12	0.282051	0.307692	-0.0995559	0.0714847	0.260601
11	13	0.282051	0.333333	-0.0991586	0.071463	0.594106
11	14	0.282051	0.358974	-0.112672	0.0973118	0.530859
11	15	0.282051	0.384615	-0.112496	0.0911676	0.210935
11	16	0.282051	0.410256	-0.120695	0.11859	0.898546
11	17	0.282051	0.435897	-0.128867	0.120717	-0.113585
11	18	0.282051	0.461538	-0.123761	0.133195	1.01019
11	19	0.282051	0.487179	-0.144029	0.156926	-0.0305646
11	20	0.282051	0.512821	-0.126468	0.146461	0.610612
11	21	0.282051	0.538462	-0.149212	0.188965	0.534669
11	22	0.282051	0.564103	-0.134567	0.167644	-0.143415
11	23	0.282051	0.589744	-0.137078	0.205529	1.18788
11	24	0.282051	0.615385	-0.146629	0.199922	-0.68052
11	25	0.282051	0.641026	-0.109386	0.204977	1.30106
11	26	0.282051	0.666667	-0.147235	0.232075	-0.465425
11	27	0.282051	0.692308	-0.0774863	0.198091	0.597323
11	28	0.282051	0.717949	-0.111733	0.242642	0.415597
11	29	0.282051	0.74359	-0.0494098	0.197014	-0.438617
11	30	0.282051	0.769231	-0.0235477	0.217752	1.17391
11	31	0.282051	0.794872	-0.00966381	0.19752	-0.889223
11	32	0.282051	0.820513	0.113209	0.166682	1.05299
11	33	0.282051	0.846154	0.0871539	0.175944	-0.373256
11	34	0.282051	0.871795	0.286213	0.114775	0.249136
11	35	0.282051	0.897436	0.289873	0.116654	0.39871
11	36	0.282051	0.923077	0.505383	0.0759277	-0.206384
11	37	0.282051	0.948718	0.607815	0.047433	0.500915
11	38	0.282051	0.974359	0.809732	0.045658	0.150143
11	39	0.282051	1	1	0	0
12	0	0.307692	0	0	0	0.427109
12	1	0.307692	0.025641	-0.0119453	0.00196983	0.427109
12	2	0.307692	0.0512821	-0.0226772	0.00165241	0.396578
12	3	0.307692	0.0769231	-0.0333843	0.00714581	0.493429
12	4	0.307692	0.102564	-0.0424955	0.00872778	0.341165
12	5	0.307692	0.128205	-0.0516804	0.0135895	0.533299
12	6	0.307692	0.153846	-0.0609284	0.0209574	0.35695
12	7	0.307692	0.179487	-0.0675239	0.0218401	0.458138
12	8	0.307692	0.205128	-0.0780871	0.0356158	0.493896
12	9	0.307692	0.230769	-0.0826198	0.03467	0.279629
12	10	0.307692	0.25641	-0.0929958	0.0493974	0.668494
12	11	0.307692	0.282051	-0.0986661	0.0542085	0.144809
12	12	0.307692	0.307692	-0.105135	0.0613614	0.694725
12	13	0.307692	0.333333	-0.115477	0.0789535	0.236279
12	14	0.307692	0.358974	-0.115967	0.0747536	0.440417
12	15	0.307692	0.384615	-0.130188	0.103351	0.587154
12	16	0.307692	0.410256	-0.128395	0.0952728	0.000445863
12	17	0.307692	0.435897	-0.139087	0.121339	0.965961
12	18	0.307692	0.461538	-0.14348	0.125836	-0.285933
12	19	0.307692	0.487179	-0.141344	0.131878	0.983402
12	20	0.307692	0.512821	-0.156812	0.161514	-0.0652603
12	21	0.307692	0.538462	-0.141019	0.141599	0.414248
12	22	0.307692	0.564103	-0.158925	0.189908	0.675192
12	23	0.307692	0.589744	-0.143297	0.160397	-0.496884
12	24	0.307692	0.615385	-0.141711	0.199034	1.43964
12	25	0.307692	0.641026	-0.145313	0.190971	-1.07197
12	26	0.307692	0.666667	-0.106305	0.187764	1.50551
12	27	0.307692	0.692308	-0.129662	0.220522	-0.702429
12	28	0.307692	0.717949	-0.0628161	0.168862	0.560084
12	29	0.307692	0.74359	-0.0711882	0.225468	0.513146
12	30	0.307692	0.769231	-0.015739	0.157783	-0.842563
12	31	0.307692	0.794872	0.0443886	0.19079	1.66217
12	32	0.307692	0.820513	0.0565454	0.153549	-1.61269
12	33	0.307692	0.846154	0.209967	0.127983	1.7991
12	34	0.307692	0.871795	0.202236	0.134201	-1.19192
12	35	0.307692	0.897436	0.412996	0.0690681	0.986819
12	36	0.307692	0.923077	0.45863	0.0851755	-0.234719
12	37	0.307692	0.948718	0.665723	0.0357357	0.267993
12	38	0.307692	0.974359	0.808685	0.0375221	0.264972
12	39	0.307692	1	1	0	0
13	0	0.333333	0	0	0	0.359454
13	1	0.333333	0.025641	-0.0129949	0.000486428	0.359454
13	2	0.333333	0.0512821	-0.0255865	0.00383938	0.390153
13	3	0.333333	0.0769231	-0.0354758	0.0041561	0.318365
13	4	0.333333	0.102564	-0.0475489	0.00966416	0.449741
13	5	0.333333	0.128205	-0.0557475	0.0128439	0.281574
13	6	0.333333	0.153846	-0.0657474	0.0165364	0.456769
13	7	0.333333	0.179487	-0.0754987	0.0254584	0.32952
13	8	0.333333	0.205128	-0.0811929	0.0255906	0.353334
13	9	0.333333	0.230769	-0.0941987	0.039369	0.476311
13	10	0.333333	0.25641	-0.0964154	0.0393435	0.183363
13	11	0.333333	0.282051	-0.109867	0.0519387	0.61693
13	12	0.333333	0.307692	-0.113706	0.0591338	0.0990068
13	13	0.333333	0.333333	-0.121465	0.0630606	0.57886
13	14	0.333333	0.358974	-0.132551	0.0827264	0.251559
13	15	0.333333	0.384615	-0.130846	0.0763761	0.274445
13	16	0.333333	0.410256	-0.148788	0.10443	0.623736
13	17	0.333333	0.435897	-0.14178	0.0971537	-0.15346
13	18	0.333333	0.461538	-0.157147	0.118762	0.94772
13	19	0.333333	0.487179	-0.155764	0.127176	-0.347664
13	20	0.333333	0.512821	-0.155873	0.12565	0.839742
13	21	0.333333	0.538462	-0.167802	0.160174	0.0145534
13	22	0.333333	0.564103	-0.148935	0.132588	0.130058
13	23	0.333333	0.589744	-0.16694	0.182724	0.87021
13	24	0.333333	0.615385	-0.141558	0.149749	-0.844195
13	25	0.333333	0.641026	-0.143237	0.182645	1.62597
13	26	0.333333	0.666667	-0.130392	0.179027	-1.31056
13	27	0.333333	0.692308	-0.0960495	0.160267	1.4875
13	28	0.333333	0.717949	-0.0975108	0.205351	-0.629773
13	29	0.333333	0.74359	-0.0334639	0.132023	0.173446
13	30	0.333333	0.769231	-0.0183079	0.202322	0.990077
13	31	0.333333	0.794872	0.0429929	0.117743	-1.57149
13	32	0.333333	0.820513	0.12024	0.154999	2.39043
13	33	0.333333	0.846154	0.157227	0.117523	-2.3956
13	34	0.333333	0.871795	0.31102	0.0817078	2.42113
13	35	0.333333	0.897436	0.351844	0.105495	-1.66725
13	36	0.333333	0.923077	0.543625	0.0260808	1.23864
13	37	0.333333	0.948718	0.645148	0.0631968	-0.324887
13	38	0.333333	0.974359	0.830681	0.0176692	0.302223
13	39	0.333333	1	1	0	0
14	0	0.358974	0	0	0	0.305052
14	1	0.358974	0.025641	-0.0144058	0.00128893	0.305052
14	2	0.358974	0.0512821	-0.0265666	0.00181031	0.296111
14	3	0.358974	0.0769231	-0.0402646	0.00569395	0.339439
14	4	0.358974	0.102564	-0.0487804	0.00697801	0.261571
14	5	0.358974	0.128205	-0.0619335	0.0120061	0.381329
14	6	0.358974	0.153846	-0.0699239	0.0159657	0.240351
14	7	0.358974	0.179487	-0.079379	0.0193263	0.37439
14	8	0.358974	0.205128	-0.0911078	0.0279888	0.289773
14	9	0.358974	0.230769	-0.0944536	0.0286402	0.279049
14	10	0.358974	0.25641	-0.110671	0.0409325	0.413747
14	11	0.358974	0.282051	-0.110508	0.0420338	0.138684
14	12	0.358974	0.307692	-0.125857	0.0526367	0.518402
14	13	0.358974	0.333333	-0.129768	0.0605215	0.0852887
14	14	0.358974	0.358974	-0.135855	0.0631462	0.456785
14	15	0.358974	0.384615	-0.150507	0.0818734	0.243341
14	16	0.358974	0.410256	-0.143522	0.0758321	0.165142
14	17	0.358974	0.435897	-0.166785	0.100702	0.578651
14	18	0.358974	0.461538	-0.15346	0.0953838	-0.20612
14	19	0.358974	0.487179	-0.172014	0.111964	0.827122
14	20	0.358974	0.512821	-0.166961	0.122889	-0.315396
14	21	0.358974	0.538462	-0.164206	0.116052	0.632911
14	22	0.358974	0.564103	-0.177571	0.151383	0.120377
14	23	0.358974	0.589744	-0.147922	0.120844	-0.121108
14	24	0.358974	0.615385	-0.171977	0.166951	0.976446
14	25	0.358974	0.641026	-0.129024	0.13645	-1.02803
14	26	0.358974	0.666667	-0.137649	0.157897	1.59362
14	27	0.358974	0.692308	-0.10446	0.163473	-1.26658
14	28	0.358974	0.717949	-0.0718391	0.127166	1.16755
14	29	0.358974	0.74359	-0.0563907	0.184086	-0.249974
14	30	0.358974	0.769231	0.0185771	0.0956679	-0.450633
14	31	0.358974	0.794872	0.0402063	0.169988	1.60243
14	32	0.358974	0.820513	0.132091	0.0857602	-2.24652
14	33	0.358974	0.846154	0.199998	0.110304	2.87183
14	34	0.358974	0.871795	0.289013	0.0932409	-2.70093
14	35	0.358974	0.897436	0.418075	0.0355394	2.41769
14	36	0.358974	0.923077	0.520457	0.0839676	-1.44825
14	37	0.358974	0.948718	0.684069	-0.000785781	0.875131
14	38	0.358974	0.974359	0.829215	0.042761	0.00225384
14	39	0.358974	1	1	0	0
15	0	0.384615	0	0	0	0.247193
15	1	0.384615	0.025641	-0.0150502	0.000895677	0.247193
15	2	0.384615	0.0512821	-0.0296836	0.00221069	0.246407
15	3	0.384615	0.0769231	-0.0403505	0.00370306	0.249419
15	4	0.384615	0.102564	-0.0550201	0.00743532	0.267008
15	5	0.384615	0.128205	-0.0626807	0.00893857	0.220734
15	6	0.384615	0.153846	-0.0757211	0.0141902	0.307968
15	7	0.384615	0.179487	-0.0848387	0.0172569	0.187221
15	8	0.384615	0.205128	-0.0924186	0.0213838	0.320036
15	9	0.384615	0.230769	-0.106839	0.0284845	0.209383
15	10	0.384615	0.25641	-0.107826	0.0297168	0.250027
15	11	0.384615	0.282051	-0.126112	0.0407736	0.311635
15	12	0.384615	0.307692	-0.125438	0.0413331	0.118435
15	13	0.384615	0.333333	-0.139899	0.0517571	0.419926
15	14	0.384615	0.358974	-0.146517	0.0576234	0.0445399
15	15	0.384615	0.384615	-0.148257	0.0610432	0.390435
15	16	0.384615	0.410256	-0.167685	0.0767185	0.159523
15	17	0.384615	0.435897	-0.154935	0.0716778	0.144995
15	18	0.384615	0.461538	-0.181583	0.0933166	0.448455
15	19	0.384615	0.487179	-0.164566	0.0882582	-0.18657
15	20	0.384615	0.512821	-0.181172	0.102278	0.666936
15	21	0.384615	0.538462	-0.177278	0.111822	-0.280541
15	22	0.384615	0.564103	-0.164989	0.103999	0.477268
15	23	0.384615	0.589744	-0.184445	0.13519	0.12672
15	24	0.384615	0.615385	-0.138516	0.106468	-0.212686
15	25	0.384615	0.641026	-0.170015	0.144413	0.882894
15	26	0.384615	0.666667	-0.10843	0.11943	-0.969155
15	27	0.384615	0.692308	-0.118939	0.129034	1.31569
15	28	0.384615	0.717949	-0.0720793	0.141913	-0.988914
15	29	0.384615	0.74359	-0.027384	0.0951815	0.689317
15	30	0.384615	0.769231	-0.0108229	0.154003	0.182886
15	31	0.384615	0.794872	0.0964414	0.0668721	-0.948275
15	32	0.384615	0.820513	0.103338	0.128596	1.90127
15	33	0.384615	0.846154	0.246924	0.064456	-2.38416
15	34	0.384615	0.871795	0.288808	0.0638201	2.66331
15	35	0.384615	0.897436	0.436988	0.0748665	-2.23252
15	36	0.384615	0.923077	0.540316	0.00304074	1.70535
15	37	0.384615	0.948718	0.688644	0.0588301	-0.73445
15	38	0.384615	0.974359	0.838894	-0.000887938	0.342292
15	39	0.384615	1	1	0	0
16	0	0.410256	0	0	0	0.184938
16	1	0.410256	0.025641	-0.0161957	0.000264153	0.184938
16	2	0.410256	0.0512821	-0.0298989	0.00215677	0.207594
16	3	0.410256	0.0769231	-0.0448753	0.00320198	0.166992
16	4	0.410256	0.102564	-0.0543504	0.00489731	0.217631
16	5	0.410256	0.128205	-0.0690157	0.00908213	0.189507
16	6	0.410256	0.153846	-0.0769963	0.00919981	0.16859
16	7	0.410256	0.179487	-0.0887146	0.0156694	0.260717
16	8	0.410256	0.205128	-0.0996503	0.0166597	0.0963934
16	9	0.410256	0.230769	-0.105334	0.0214995	0.306373
16	10	0.410256	0.25641	-0.121425	0.0274004	0.0950638
16	11	0.410256	0.282051	-0.121796	0.0275245	0.239094
16	12	0.410256	0.307692	-0.139605	0.0391075	0.215215
16	13	0.410256	0.333333	-0.140849	0.036645	0.0675003
16	14	0.410256	0.358974	-0.152085	0.0486661	0.376955
16	15	0.410256	0.384615	-0.162378	0.0508919	-0.0666637
16	16	0.410256	0.410256	-0.159659	0.0553195	0.402094
16	17	0.410256	0.435897	-0.181769	0.0684094	0.00707668
16	18	0.410256	0.461538	-0.166087	0.062374	0.17629
16	19	0.410256	0.487179	-0.191197	0.08338	0.30074
16	20	0.410256	0.512821	-0.175008	0.0749684	-0.18468
16	21	0.410256	0.538462	-0.183971	0.0901757	0.571441
16	22	0.410256	0.564103	-0.184791	0.0944341	-0.348701
16	23	0.410256	0.589744	-0.159326	0.0890964	0.469289
16	24	0.410256	0.615385	-0.184563	0.113579	-0.0389033
16	25	0.410256	0.641026	-0.123382	0.0881586	-0.108329
16	26	0.410256	0.666667	-0.155933	0.11884	0.604607
16	27	0.410256	0.692308	-0.0832413	0.0966044	-0.748463
16	28	0.410256	0.717949	-0.0824713	0.10137	0.951004
16	29	0.410256	0.74359	-0.0357808	0.112376	-0.721583
16	30	0.410256	0.769231	0.0384905	0.0695267	0.377838
16	31	0.410256	0.794872	0.0404911	0.115748	0.285935
16	32	0.410256	0.820513	0.194363	0.047002	-0.922652
16	33	0.410256	0.846154	0.178481	0.0847491	1.53844
16	34	0.410256	0.871795	0.37334	0.0481092	-1.77632
16	35	0.410256	0.897436	0.397826	0.0280288	1.75238
16	36	0.410256	0.923077	0.583533	0.0527719	-1.2405
16	37	0.410256	0.948718	0.683893	-0.00726644	0.749228
16	38	0.410256	0.974359	0.847404	0.0301712	-0.0961178
16	39	0.410256	1	1	0	0
17	0	0.435897	0	0	0	0.137054
17	1	0.435897	0.025641	-0.0165841	0.00118773	0.137054
17	2	0.435897	0.0512821	-0.0320725	0.000334382	0.10647
17	3	0.435897	0.0769231	-0.0445082	0.00300683	0.18288
17	4	0.435897	0.102564	-0.0591195	0.00420722	0.0806633
17	5	0.435897	0.128205	-0.0684019	0.00452285	0.176334
17	6	0.435897	0.153846	-0.0819986	0.0101246	0.135832
17	7	0.435897	0.179487	-0.0909726	0.00768716	0.0808424
17	8	0.435897	0.205128	-0.101315	0.0152923	0.251438
17	9	0.435897	0.230769	-0.113214	0.0146201	-0.025357
17	10	0.435897	0.25641	-0.118561	0.0184628	0.307104
17	11	0.435897	0.282051	-0.134071	0.0249261	-0.0100458
17	12	0.435897	0.307692	-0.136011	0.021579	0.194754
17	13	0.435897	0.333333	-0.151322	0.0352694	0.17462
17	14	0.435897	0.358974	-0.15528	0.0285137	-0.0507702
17	15	0.435897	0.384615	-0.163395	0.0419599	0.404062
17	16	0.435897	0.410256	-0.175312	0.0414558	-0.233895
17	17	0.435897	0.435897	-0.170932	0.0445968	0.448451
17	18	0.435897	0.461538	-0.191213	0.0578451	-0.14451
17	19	0.435897	0.487179	-0.176674	0.0474164	0.173001
17	20	0.435897	0.512821	-0.195478	0.0709944	0.228573
17	21	0.435897	0.538462	-0.182761	0.0563028	-0.286723
17	22	0.435897	0.564103	-0.181844	0.0749075	0.60986
17	23	0.435897	0.589744	-0.185943	0.072789	-0.559258
17	24	0.435897	0.615385	-0.149679	0.0699861	0.610483
17	25	0.435897	0.641026	-0.173732	0.0897555	-0.329759
17	26	0.435897	0.666667	-0.10498	0.0642905	0.090987
17	27	0.435897	0.692308	-0.126567	0.0942478	0.303231
17	28	0.435897	0.717949	-0.0543661	0.0668867	-0.587222
17	29	0.435897	0.74359	-0.0285647	0.078417	0.773699
17	30	0.435897	0.769231	0.00727783	0.0762223	-0.768495
17	31	0.435897	0.794872	0.119451	0.0504168	0.529662
17	32	0.435897	0.820513	0.105846	0.0756248	-0.177451
17	33	0.435897	0.846154	0.299478	0.0305603	-0.269151
17	34	0.435897	0.871795	0.27719	0.0496186	0.589425
17	35	0.435897	0.897436	0.496346	0.0281012	-0.731944
17	36	0.435897	0.923077	0.533596	0.0115323	0.649344
17	37	0.435897	0.948718	0.721217	0.0248457	-0.359685
17	38	0.435897	0.974359	0.842346	-0.000960242	0.158748
17	39	0.435897	1	1	0	0
18	0	0.461538	0	0	0	0.0693707
18	1	0.461538	0.025641	-0.0171409	-0.000531731	0.0693707
18	2	0.461538	0.0512821	-0.0323255	0.00194821	0.109272
18	3	0.461538	0.0769231	-0.0467574	0.000604633	0.0167549
18	4	0.461538	0.102564	-0.0587446	0.0024341	0.152469
18	5	0.461538	0.128205	-0.072105	0.00477412	0.0143749
18	6	0.461538	0.153846	-0.0818457	0.002454	0.101887
18	7	0.461538	0.179487	-0.0942978	0.00947215	0.118309
18	8	0.461538	0.205128	-0.103584	0.00483445	-0.0370419
18	9	0.461538	0.230769	-0.113912	0.0119095	0.255842
18	10	0.461538	0.25641	-0.124837	0.01133	-0.137562
18	11	0.461538	0.282051	-0.131768	0.0118574	0.2741
18	12	0.461538	0.307692	-0.144988	0.020402	-0.0599517
18	13	0.461538	0.333333	-0.149138	0.0124777	0.0850934
18	14	0.461538	0.358974	-0.162201	0.0278985	0.199377
18	15	0.461538	0.384615	-0.166954	0.018044	-0.217473
18	16	0.461538	0.410256	-0.174582	0.0303975	0.455089
18	17	0.461538	0.435897	-0.184132	0.0300497	-0.387926
18	18	0.461538	0.461538	-0.18164	0.0286118	0.448288
18	19	0.461538	0.487179	-0.196208	0.0448427	-0.212788
18	20	0.461538	0.512821	-0.184686	0.0278374	0.0656509
18	21	0.461538	0.538462	-0.195994	0.0551622	0.278515
18	22	0.461538	0.564103	-0.184658	0.0343421	-0.505736
18	23	0.461538	0.589744	-0.176958	0.0551523	0.757122
18	24	0.461538	0.615385	-0.177441	0.049599	-0.843392
18	25	0.461538	0.641026	-0.137652	0.0455476	0.789011
18	26	0.461538	0.666667	-0.150029	0.0666219	-0.589813
18	27	0.461538	0.692308	-0.0830276	0.0346512	0.192483
18	28	0.461538	0.717949	-0.0832452	0.0727494	0.199424
18	29	0.461538	0.74359	-0.0181339	0.0323582	-0.711297
18	30	0.461538	0.769231	0.0365073	0.0595318	0.983946
18	31	0.461538	0.794872	0.0651406	0.0395776	-1.26037
18	32	0.461538	0.820513	0.204476	0.0327957	1.15251
18	33	0.461538	0.846154	0.195645	0.0435304	-1.0501
18	34	0.461538	0.871795	0.400071	0.0102735	0.656668
18	35	0.461538	0.897436	0.404985	0.0309475	-0.412115
18	36	0.461538	0.923077	0.611292	0.0029177	0.107547
18	37	0.461538	0.948718	0.688977	0.00940053	-0.0238103
18	38	0.461538	0.974359	0.857231	0.00236904	-0.017747
18	39	0.461538	1	1	0	0
19	0	0.487179	0	0	0	0.024982
19	1	0.487179	0.025641	-0.0173881	0.000932624	0.024982
19	2	0.487179	0.0512821	-0.0327189	-0.000955474	-0.0125362
19	3	0.487179	0.0769231	-0.0471917	0.00151343	0.0812774
19	4	0.487179	0.102564	-0.0598823	0.000635639	-0.0588303
19	5	0.487179	0.128205	-0.0720572	0.000229728	0.0929154
19	6	0.487179	0.153846	-0.0840946	0.00387943	-0.0181412
19	7	0.487179	0.179487	-0.0937711	-0.000900613	-0.00275056
19	8	0.487179	0.205128	-0.106273	0.00601961	0.115833
19	9	0.487179	0.230769	-0.114218	0.000856877	-0.148047
19	10	0.487179	0.25641	-0.126215	0.00513227	0.229256
19	11	0.487179	0.282051	-0.134742	0.00617191	-0.197556
19	12	0.487179	0.307692	-0.143754	0.00229487	0.178508
19	13	0.487179	0.333333	-0.155057	0.0125276	-0.0477854
19	14	0.487179	0.358974	-0.159627	0.00129679	-0.0692189
19	15	0.487179	0.384615	-0.172897	0.0158632	0.242964
19	16	0.487179	0.410256	-0.17496	0.00585408	-0.36539
19	17	0.487179	0.435897	-0.185139	0.0138828	0.454014
19	18	0.487179	0.461538	-0.189246	0.0162926	-0.455545
19	19	0.487179	0.487179	-0.189859	0.00854754	0.345514
19	20	0.487179	0.512821	-0.19833	0.0282422	-0.168399
19	21	0.487179	0.538462	-0.187373	0.00567535	-0.139718
19	22	0.487179	0.564103	-0.19458	0.0346353	0.407168
19	23	0.487179	0.589744	-0.178232	0.0113498	-0.759528
19	24	0.487179	0.615385	-0.170228	0.0302414	0.897818
19	25	0.487179	0.641026	-0.158377	0.026845	-1.05604
19	26	0.487179	0.666667	-0.12217	0.0162936	0.841704
19	27	0.487179	0.692308	-0.115407	0.0452081	-0.648453
19	28	0.487179	0.717949	-0.0535822	0.00186355	0.0389966
19	29	0.487179	0.74359	-0.0317253	0.0531769	0.411386
19	30	0.487179	0.769231	0.032518	-0.00112317	-1.16553
19	31	0.487179	0.794872	0.103886	0.0403379	1.51446
19	32	0.487179	0.820513	0.146027	0.0110822	-1.98416
19	33	0.487179	0.846154	0.285349	0.0109397	1.8703
19	34	0.487179	0.871795	0.313327	0.026086	-1.80639
19	35	0.487179	0.897436	0.49474	-0.0145407	1.24461
19	36	0.487179	0.923077	0.553798	0.0249982	-0.873952
19	37	0.487179	0.948718	0.727069	-0.0175254	0.311861
19	38	0.487179	0.974359	0.847953	0.00585703	-0.125348
19	39	0.487179	1	1	0	0
20	0	0.512821	0	0	0	-0.04112
20	1	0.512821	0.025641	-0.0172353	-0.000770506	-0.04112
20	2	0.512821	0.0512821	-0.0332699	0.000780926	-0.0111177
20	3	0.512821	0.0769231	-0.0463419	-0.00139519	-0.0884032
20	4	0.512821	0.102564	-0.0607604	-0.000482481	0.0302413
20	5	0.512821	0.128205	-0.0716562	-0.000516086	-0.104725
20	6	0.512821	0.153846	-0.0836512	-0.00324419	0.00385639
20	7	0.512821	0.179487	-0.095432	0.000454911	-0.0338177
20	8	0.512821	0.205128	-0.103629	-0.00529247	-0.104826
20	9	0.512821	0.230769	-0.117687	-0.000624142	0.0875326
20	10	0.512821	0.25641	-0.123093	-0.00478896	-0.212474
20	11	0.512821	0.282051	-0.137157	-0.00444758	0.144759
20	12	0.512821	0.307692	-0.143749	-0.00207247	-0.199299
20	13	0.512821	0.333333	-0.153165	-0.00918343	0.0405804
20	14	0.512821	0.358974	-0.164855	0.000261746	-0.0183281
20	15	0.512821	0.384615	-0.166781	-0.0114175	-0.204444
20	16	0.512821	0.410256	-0.182878	-0.000830038	0.234814
20	17	0.512821	0.435897	-0.179838	-0.00855024	-0.429141
20	18	0.512821	0.461538	-0.193271	-0.00633417	0.354847
20	19	0.512821	0.487179	-0.192161	-0.00105939	-0.419342
20	20	0.512821	0.512821	-0.193241	-0.0136491	0.158502
20	21	0.512821	0.538462	-0.199086	0.00688033	-0.0654679
20	22	0.512821	0.564103	-0.182972	-0.0172063	-0.355032
20	23	0.512821	0.589744	-0.191622	0.00909687	0.501402
20	24	0.512821	0.615385	-0.163356	-0.0114341	-0.917168
20	25	0.512821	0.641026	-0.160101	0.00120055	0.897145
20	26	0.512821	0.666667	-0.131044	0.00474892	-1.0702
20	27	0.512821	0.692308	-0.0993866	-0.0148802	0.667702
20	28	0.512821	0.717949	-0.0748744	0.024081	-0.451271
20	29	0.512821	0.74359	-0.010865	-0.0287136	-0.352479
20	30	0.512821	0.769231	0.0213095	0.0319774	0.823748
20	31	0.512821	0.794872	0.10331	-0.0263064	-1.71307
20	32	0.512821	0.820513	0.168591	0.0167248	1.99987
20	33	0.512821	0.846154	0.250904	-0.00395943	-2.45872
20	34	0.512821	0.871795	0.363749	-0.0148438	2.14257
20	35	0.512821	0.897436	0.449839	0.020091	-1.9332
20	36	0.512821	0.923077	0.594125	-0.034669	1.12285
20	37	0.512821	0.948718	0.706944	0.0187682	-0.677499
20	38	0.512821	0.974359	0.856378	-0.0224973	0.0483381
20	39	0.512821	1	1	0	0
21	0	0.538462	0	0	0	-0.0903755
21	1	0.538462	0.025641	-0.01728	0.000106538	-0.0903755
21	2	0.538462	0.0512821	-0.03194	-0.00141997	-0.109542
21	3	0.538462	0.0769231	-0.0474165	-0.000821649	-0.0626604
21	4	0.538462	0.102564	-0.0581801	-0.00273379	-0.140558
21	5	0.538462	0.128205	-0.0723648	-0.00374456	-0.0479415
21	6	0.538462	0.153846	-0.0824264	-0.00388354	-0.133028
21	7	0.538462	0.179487	-0.093033	-0.00770553	-0.0868745
21	8	0.538462	0.205128	-0.105955	-0.00591189	-0.0692853
21	9	0.538462	0.230769	-0.11162	-0.0111683	-0.16758
21	10	0.538462	0.25641	-0.12761	-0.00991253	0.0078274
21	11	0.538462	0.282051	-0.130966	-0.0132174	-0.223942
21	12	0.538462	0.307692	-0.145546	-0.0158294	0.0206779
21	13	0.538462	0.333333	-0.152376	-0.014361	-0.184274
21	14	0.538462	0.358974	-0.159453	-0.0220668	-0.0805449
21	15	0.538462	0.384615	-0.173861	-0.0163316	-0.0364688
21	16	0.538462	0.410256	-0.171203	-0.0261976	-0.261926
21	17	0.538462	0.435897	-0.190497	-0.0209257	0.136399
21	18	0.538462	0.461538	-0.182998	-0.0264235	-0.398986
21	19	0.538462	0.487179	-0.196979	-0.0284284	0.182831
21	20	0.538462	0.512821	-0.194099	-0.0230726	-0.338006
21	21	0.538462	0.538462	-0.190571	-0.0364573	-0.0245778
21	22	0.538462	0.564103	-0.198474	-0.0193008	-0.010544
21	23	0.538462	0.589744	-0.171917	-0.0401367	-0.464997
21	24	0.538462	0.615385	-0.185322	-0.0201103	0.452393
21	25	0.538462	0.641026	-0.142463	-0.0343585	-0.887927
21	26	0.538462	0.666667	-0.143046	-0.0290414	0.698298
21	27	0.538462	0.692308	-0.0996488	-0.0182053	-0.877791
21	28	0.538462	0.717949	-0.0648185	-0.0433144	0.324539
21	29	0.538462	0.74359	-0.0331805	0.000540493	-0.137798
21	30	0.538462	0.769231	0.04859	-0.0513495	-0.747504
21	31	0.538462	0.794872	0.0734954	0.00658087	1.10742
21	32	0.538462	0.820513	0.193053	-0.0393695	-1.94514
21	33	0.538462	0.846154	0.234607	-0.0100289	1.99832
21	34	0.538462	0.871795	0.370206	-0.00862408	-2.28325
21	35	0.538462	0.897436	0.451388	-0.0359452	1.69591
21	36	0.538462	0.923077	0.589255	0.0143375	-1.38628
21	37	0.538462	0.948718	0.711421	-0.0388484	0.507092
21	38	0.538462	0.974359	0.854514	0.00159106	-0.29167
21	39	0.538462	1	1	0	0
22	0	0.564103	0	0	0	-0.149273
22	1	0.564103	0.025641	-0.0165511	-0.000588492	-0.149273
22	2	0.564103	0.0512821	-0.0322851	-0.00103782	-0.147762
22	3	0.564103	0.0769231	-0.0443114	-0.00272305	-0.161229
22	4	0.564103	0.102564	-0.0593084	-0.00367539	-0.137476
22	5	0.564103	0.128205	-0.0686082	-0.00596712	-0.175954
22	6	0.564103	0.153846	-0.0815708	-0.00796369	-0.130776
22	7	0.564103	0.179487	-0.0921239	-0.0099101	-0.175745
22	8	0.564103	0.205128	-0.100384	-0.0134917	-0.145598
22	9	0.564103	0.230769	-0.114874	-0.0147356	-0.149
22	10	0.564103	0.25641	-0.118448	-0.0195208	-0.183687
22	11	0.564103	0.282051	-0.134994	-0.0208891	-0.107755
22	12	0.564103	0.307692	-0.138322	-0.0253025	-0.219679
22	13	0.564103	0.333333	-0.150936	-0.0285114	-0.0891421
22	14	0.564103	0.358974	-0.160142	-0.0305979	-0.211589
22	15	0.564103	0.384615	-0.163238	-0.036868	-0.132136
22	16	0.564103	0.410256	-0.18058	-0.0360268	-0.135185
22	17	0.564103	0.435897	-0.174198	-0.0442474	-0.236555
22	18	0.564103	0.461538	-0.194042	-0.042728	-0.024062
22	19	0.564103	0.487179	-0.185429	-0.048719	-0.333863
22	20	0.564103	0.512821	-0.195446	-0.0511553	0.0223743
22	21	0.564103	0.538462	-0.1948	-0.0496127	-0.308969
22	22	0.564103	0.564103	-0.18264	-0.059615	-0.104158
22	23	0.564103	0.589744	-0.194632	-0.0487841	-0.0896282
22	24	0.564103	0.615385	-0.156625	-0.0638293	-0.407939
22	25	0.564103	0.641026	-0.172578	-0.0501771	0.236438
22	26	0.564103	0.666667	-0.119007	-0.0588917	-0.695381
22	27	0.564103	0.692308	-0.115741	-0.0565956	0.382932
22	28	0.564103	0.717949	-0.0673808	-0.0439154	-0.625228
22	29	0.564103	0.74359	-0.0167615	-0.064764	0.0284385
22	30	0.564103	0.769231	0.0091627	-0.0266168	0.0129787
22	31	0.564103	0.794872	0.122134	-0.0636982	-0.820901
22	32	0.564103	0.820513	0.13004	-0.0208551	0.930491
22	33	0.564103	0.846154	0.292398	-0.0434721	-1.58391
22	34	0.564103	0.871795	0.313631	-0.0319533	1.3514
22	35	0.564103	0.897436	0.48986	-0.0124174	-1.50262
22	36	0.564103	0.923077	0.560883	-0.0423563	0.798724
22	37	0.564103	0.948718	0.722441	0.00123402	-0.645503
22	38	0.564103	0.974359	0.849733	-0.0306143	-0.053
22	39	0.564103	1	1	0	0
23	0	0.589744	0	0	0	-0.207694
23	1	0.589744	0.025641	-0.0162056	-0.000894761	-0.207694
23	2	0.589744	0.0512821	-0.0300274	-0.00147004	-0.199781
23	3	0.589744	0.0769231	-0.0446946	-0.0034226	-0.223883
23	4	0.589744	0.102564	-0.0547786	-0.00562836	-0.198041
23	5	0.589744	0.128205	-0.0685875	-0.00745539	-0.218577
23	6	0.589744	0.153846	-0.0776724	-0.011573	-0.221719
23	7	0.589744	0.179487	-0.0885407	-0.0133636	-0.187822
23	8	0.589744	0.205128	-0.100112	-0.0181804	-0.256223
23	9	0.589744	0.230769	-0.106354	-0.0214635	-0.163813
23	10	0.589744	0.25641	-0.121276	-0.0251048	-0.26063
23	11	0.589744	0.282051	-0.124581	-0.0311386	-0.185688
23	12	0.589744	0.307692	-0.139459	-0.0330415	-0.210922
23	13	0.589744	0.333333	-0.144743	-0.0409293	-0.253129
23	14	0.589744	0.358974	-0.153931	-0.0429463	-0.137216
23	15	0.589744	0.384615	-0.16571	-0.0496026	-0.310055
23	16	0.589744	0.410256	-0.165722	-0.0546971	-0.111701
23	17	0.589744	0.435897	-0.183535	-0.0572469	-0.285784
23	18	0.589744	0.461538	-0.176584	-0.0663938	-0.184957
23	19	0.589744	0.487179	-0.192964	-0.0652004	-0.167987
23	20	0.589744	0.512821	-0.186722	-0.0751539	-0.32125
23	21	0.589744	0.538462	-0.189647	-0.0745227	-0.0415741
23	22	0.589744	0.564103	-0.192454	-0.0790792	-0.399159
23	23	0.589744	0.589744	-0.171741	-0.0840314	-0.0409397
23	24	0.589744	0.615385	-0.184923	-0.0789524	-0.302825
23	25	0.589744	0.641026	-0.13989	-0.0896166	-0.227551
23	26	0.589744	0.666667	-0.151051	-0.0779377	-0.0527319
23	27	0.589744	0.692308	-0.0950028	-0.0862315	-0.482053
23	28	0.589744	0.717949	-0.0777439	-0.078494	0.142017
23	29	0.589744	0.74359	-0.0336116	-0.0724705	-0.539045
23	30	0.589744	0.769231	0.041385	-0.0781209	0.0248814
23	31	0.589744	0.794872	0.0575642	-0.0545198	-0.228195
23	32	0.589744	0.820513	0.201298	-0.0689716	-0.406649
23	33	0.589744	0.846154	0.201442	-0.0429636	0.24184
23	34	0.589744	0.871795	0.389908	-0.0465573	-0.754353
23	35	0.589744	0.897436	0.416464	-0.040173	0.377247
23	36	0.589744	0.923077	0.603069	-0.0219905	-0.618304
23	37	0.589744	0.948718	0.694396	-0.0337256	0.0453611
23	38	0.589744	0.974359	0.855391	-0.0176611	-0.273674
23	39	0.589744	1	1	0	0
24	0	0.615385	0	0	0	-0.259564
24	1	0.615385	0.025641	-0.0151608	-0.000401366	-0.259564
24	2	0.615385	0.0512821	-0.0293796	-0.00273818	-0.284003
24	3	0.615385	0.0769231	-0.040999	-0.00375437	-0.236756
24	4	0.615385	0.102564	-0.0542484	-0.00669285	-0.307491
24	5	0.615385	0.128205	-0.0635303	-0.0106513	-0.242088
24	6	0.615385	0.153846	-0.0754086	-0.0122719	-0.278877
24	7	0.615385	0.179487	-0.0849046	-0.0192104	-0.300038
24	8	0.615385	0.205128	-0.0938826	-0.0206686	-0.209355
24	9	0.615385	0.230769	-0.10561	-0.027827	-0.365446
24	10	0.615385	0.25641	-0.111414	-0.0323246	-0.169281
24	11	0.615385	0.282051	-0.124826	-0.0364823	-0.361372
24	12	0.615385	0.307692	-0.129682	-0.0458956	-0.221706
24	13	0.615385	0.333333	-0.141565	-0.0467377	-0.258733
24	14	0.615385	0.358974	-0.149047	-0.0589656	-0.350046
24	15	0.615385	0.384615	-0.155629	-0.0601273	-0.122304
24	16	0.615385	0.410256	-0.167792	-0.0698947	-0.452026
24	17	0.615385	0.435897	-0.167602	-0.0762523	-0.0722794
24	18	0.615385	0.461538	-0.182346	-0.0790981	-0.416215
24	19	0.615385	0.487179	-0.177885	-0.0922384	-0.185072
24	20	0.615385	0.512821	-0.188294	-0.0885072	-0.223097
24	21	0.615385	0.538462	-0.18519	-0.1041	-0.412984
24	22	0.615385	0.564103	-0.181683	-0.0995079	0.0138864
24	23	0.615385	0.589744	-0.184874	-0.109069	-0.593069
24	24	0.615385	0.615385	-0.160103	-0.110853	0.110087
24	25	0.615385	0.641026	-0.167802	-0.10726	-0.553004
24	26	0.615385	0.666667	-0.122877	-0.118128	-0.0563522
24	27	0.615385	0.692308	-0.121155	-0.101421	-0.251185
24	28	0.615385	0.717949	-0.069218	-0.115658	-0.426751
24	29	0.615385	0.74359	-0.0326846	-0.0945088	0.15359
24	30	0.615385	0.769231	0.00657827	-0.100556	-0.765
24	31	0.615385	0.794872	0.102412	-0.0864526	0.392704
24	32	0.615385	0.820513	0.120502	-0.0764243	-0.831414
24	33	0.615385	0.846154	0.277533	-0.0735463	0.317113
24	34	0.615385	0.871795	0.295814	-0.0520767	-0.616412
24	35	0.615385	0.897436	0.481707	-0.0536648	0.0539188
24	36	0.615385	0.923077	0.543678	-0.0342188	-0.356501
24	37	0.615385	0.948718	0.716894	-0.0328656	-0.149152
24	38	0.615385	0.974359	0.843303	-0.0268694	-0.265861
24	39	0.615385	1	1	0	0
25	0	0.641026	0	0	0	-0.325192
25	1	0.641026	0.025641	-0.0142883	-0.00157989	-0.325192
25	2	0.641026	0.0512821	-0.027065	-0.00168876	-0.301906
25	3	0.641026	0.0769231	-0.0394113	-0.00548899	-0.369188
25	4	0.641026	0.102564	-0.0498277	-0.00795083	-0.277712
25	5	0.641026	0.128205	-0.0611166	-0.010853	-0.37484
25	6	0.641026	0.153846	-0.0702866	-0.017526	-0.314349
25	7	0.641026	0.179487	-0.0803468	-0.0187113	-0.307415
25	8	0.641026	0.205128	-0.0896639	-0.0280547	-0.405246
25	9	0.641026	0.230769	-0.0980775	-0.0305012	-0.218376
25	10	0.641026	0.25641	-0.108323	-0.0382764	-0.465925
25	11	0.641026	0.282051	-0.115324	-0.0459469	-0.205234
25	12	0.641026	0.307692	-0.126031	-0.0491347	-0.412104
25	13	0.641026	0.333333	-0.132729	-0.0627085	-0.315418
25	14	0.641026	0.358974	-0.142316	-0.062845	-0.250127
25	15	0.641026	0.384615	-0.150109	-0.078002	-0.484829
25	16	0.641026	0.410256	-0.156649	-0.0806323	-0.0932915
25	17	0.641026	0.435897	-0.166109	-0.0906631	-0.571885
25	18	0.641026	0.461538	-0.168395	-0.101046	-0.0834099
25	19	0.641026	0.487179	-0.178017	-0.101813	-0.464498
25	20	0.641026	0.512821	-0.176563	-0.120156	-0.277488
25	21	0.641026	0.538462	-0.181909	-0.113608	-0.177769
25	22	0.641026	0.564103	-0.179032	-0.13336	-0.584287
25	23	0.641026	0.589744	-0.173313	-0.127052	0.128913
25	24	0.641026	0.615385	-0.171116	-0.137541	-0.79607
25	25	0.641026	0.641026	-0.148302	-0.140273	0.229548
25	26	0.641026	0.666667	-0.144226	-0.13247	-0.70241
25	27	0.641026	0.692308	-0.104096	-0.148138	-0.0326256
25	28	0.641026	0.717949	-0.0864387	-0.120946	-0.234126
25	29	0.641026	0.74359	-0.0375325	-0.143746	-0.613682
25	30	0.641026	0.769231	0.0135542	-0.107362	0.436711
25	31	0.641026	0.794872	0.0593909	-0.122193	-1.22438
25	32	0.641026	0.820513	0.160396	-0.0945874	0.932491
25	33	0.641026	0.846154	0.203116	-0.0858896	-1.46362
25	34	0.641026	0.871795	0.349716	-0.080803	0.904855
25	35	0.641026	0.897436	0.411835	-0.047445	-1.13796
25	36	0.641026	0.923077	0.576174	-0.0609775	0.373063
25	37	0.641026	0.948718	0.68603	-0.0239674	-0.532248
25	38	0.641026	0.974359	0.846339	-0.039165	-0.201816
25	39	0.641026	1	1	0	0
26	0	0.666667	0	0	0	-0.37546
26	1	0.666667	0.025641	-0.0131386	-0.000522178	-0.37546
26	2	0.666667	0.0512821	-0.0250483	-0.00366246	-0.407152
26	3	0.666667	0.0769231	-0.0363288	-0.00480715	-0.343254
26	4	0.666667	0.102564	-0.0465163	-0.00899364	-0.443385
26	5	0.666667	0.128205	-0.0564474	-0.0138744	-0.34231
26	6	0.666667	0.153846	-0.065857	-0.016348	-0.413743
26	7	0.666667	0.179487	-0.0745617	-0.0254713	-0.412549
26	8	0.666667	0.205128	-0.0839021	-0.0273183	-0.322414
26	9	0.666667	0.230769	-0.0917	-0.0374881	-0.505065
26	10	0.666667	0.25641	-0.10099	-0.0427427	-0.253564
26	11	0.666667	0.282051	-0.1087	-0.0496811	-0.521728
26	12	0.666667	0.307692	-0.117219	-0.0613001	-0.294138
26	13	0.666667	0.333333	-0.125798	-0.0638009	-0.410988
26	14	0.666667	0.358974	-0.132743	-0.0802162	-0.444078
26	15	0.666667	0.384615	-0.142274	-0.0818371	-0.229497
26	16	0.666667	0.410256	-0.147713	-0.0972564	-0.597928
26	17	0.666667	0.435897	-0.156538	-0.103911	-0.112647
26	18	0.666667	0.461538	-0.161595	-0.11214	-0.615578
26	19	0.666667	0.487179	-0.166719	-0.127469	-0.177839
26	20	0.666667	0.512821	-0.172196	-0.126277	-0.426091
26	21	0.666667	0.538462	-0.171129	-0.148119	-0.432865
26	22	0.666667	0.564103	-0.175192	-0.141234	-0.0923235
26	23	0.666667	0.589744	-0.167723	-0.16128	-0.74649
26	24	0.666667	0.615385	-0.164719	-0.157015	0.198297
26	25	0.666667	0.641026	-0.152433	-0.163779	-0.894262
26	26	0.666667	0.666667	-0.134784	-0.170794	0.212441
26	27	0.666667	0.692308	-0.117497	-0.155205	-0.66682
26	28	0.666667	0.717949	-0.0802541	-0.176394	-0.197631
26	29	0.666667	0.74359	-0.0515996	-0.138785	-0.0194214
26	30	0.666667	0.769231	0.00420417	-0.165464	-0.942098
26	31	0.666667	0.794872	0.057098	-0.120454	0.796821
26	32	0.666667	0.820513	0.12732	-0.13226	-1.62042
26	33	0.666667	0.846154	0.216222	-0.104333	1.26815
26	34	0.666667	0.871795	0.302476	-0.0822535	-1.70959
26	35	0.666667	0.897436	0.426971	-0.0866951	0.980338
26	36	0.666667	0.923077	0.540409	-0.0372651	-1.07996
26	37	0.666667	0.948718	0.688349	-0.0586549	0.172168
26	38	0.666667	0.974359	0.836536	-0.0261883	-0.410656
26	39	0.666667	1	1	0	0
27	0	0.692308	0	0	0	-0.442817
27	1	0.692308	0.025641	-0.0117975	-0.0017117	-0.442817
27	2	0.692308	0.0512821	-0.0230629	-0.00229553	-0.424277
27	3	0.692308	0.0769231	-0.0326059	-0.00649599	-0.483904
27	4	0.692308	0.102564	-0.0431264	-0.00957842	-0.402526
27	5	0.692308	0.128205	-0.0512596	-0.0135581	-0.493156
27	6	0.692308	0.153846	-0.060546	-0.0207882	-0.431693
27	7	0.692308	0.179487	-0.0689952	-0.023644	-0.437537
27	8	0.692308	0.205128	-0.076163	-0.0338215	-0.509695
27	9	0.692308	0.230769	-0.0860454	-0.0379943	-0.358075
27	10	0.692308	0.25641	-0.0914131	-0.0475376	-0.566408
27	11	0.692308	0.282051	-0.101915	-0.0564258	-0.336784
27	12	0.692308	0.307692	-0.107566	-0.0626486	-0.529444
27	13	0.692308	0.333333	-0.116258	-0.0770589	-0.416836
27	14	0.692308	0.358974	-0.124659	-0.0808675	-0.397541
27	15	0.692308	0.384615	-0.129548	-0.0976217	-0.553953
27	16	0.692308	0.410256	-0.141048	-0.103127	-0.253349
27	17	0.692308	0.435897	-0.142706	-0.116904	-0.641177
27	18	0.692308	0.461538	-0.154072	-0.128374	-0.208102
27	19	0.692308	0.487179	-0.155688	-0.135098	-0.582306
27	20	0.692308	0.512821	-0.161326	-0.153617	-0.325041
27	21	0.692308	0.538462	-0.165977	-0.15302	-0.359043
27	22	0.692308	0.564103	-0.161319	-0.174744	-0.570013
27	23	0.692308	0.589744	-0.168076	-0.170985	-0.0584398
27	24	0.692308	0.615385	-0.15262	-0.187483	-0.806178
27	25	0.692308	0.641026	-0.154396	-0.187763	0.143511
27	26	0.692308	0.666667	-0.131788	-0.188542	-0.833594
27	27	0.692308	0.692308	-0.116977	-0.19948	0.046727
27	28	0.692308	0.717949	-0.0913312	-0.177274	-0.485166
27	29	0.692308	0.74359	-0.0487941	-0.198886	-0.445409
27	30	0.692308	0.769231	-0.0190992	-0.157129	0.218293
27	31	0.692308	0.794872	0.0565163	-0.177053	-1.16482
27	32	0.692308	0.820513	0.0998777	-0.134282	0.937777
27	33	0.692308	0.846154	0.206422	-0.13043	-1.63923
27	34	0.692308	0.871795	0.278794	-0.111462	1.12875
27	35	0.692308	0.897436	0.410226	-0.0717511	-1.41403
27	36	0.692308	0.923077	0.523353	-0.0828463	0.559447
27	37	0.692308	0.948718	0.675356	-0.0306446	-0.66618
27	38	0.692308	0.974359	0.828943	-0.0493276	-0.215792
27	39	0.692308	1	1	0	0
28	0	0.717949	0	0	0	-0.497738
28	1	0.717949	0.025641	-0.0106265	-0.000919464	-0.497738
28	2	0.717949	0.0512821	-0.0200346	-0.00365722	-0.517747
28	3	0.717949	0.0769231	-0.0302448	-0.00578024	-0.483135
28	4	0.717949	0.102564	-0.0375686	-0.0101577	-0.541758
28	5	0.717949	0.128205	-0.0473413	-0.0153213	-0.484089
28	6	0.717949	0.153846	-0.054204	-0.0195585	-0.526879
28	7	0.717949	0.179487	-0.0620046	-0.0279817	-0.524369
28	8	0.717949	0.205128	-0.0706083	-0.032668	-0.475737
28	9	0.717949	0.230769	-0.0754546	-0.0424716	-0.5756
28	10	0.717949	0.25641	-0.0862303	-0.0498508	-0.435876
28	11	0.717949	0.282051	-0.0895574	-0.058674	-0.583815
28	12	0.717949	0.307692	-0.100145	-0.0702621	-0.453056
28	13	0.717949	0.333333	-0.105432	-0.077491	-0.523252
28	14	0.717949	0.358974	-0.112302	-0.0923815	-0.525438
28	15	0.717949	0.384615	-0.122297	-0.0997359	-0.422961
28	16	0.717949	0.410256	-0.123908	-0.114997	-0.60132
28	17	0.717949	0.435897	-0.137567	-0.12515	-0.346539
28	18	0.717949	0.461538	-0.136345	-0.137577	-0.614998
28	19	0.717949	0.487179	-0.14819	-0.152188	-0.350359
28	20	0.717949	0.512821	-0.149265	-0.159878	-0.526187
28	21	0.717949	0.538462	-0.152095	-0.178248	-0.451625
28	22	0.717949	0.564103	-0.159148	-0.181426	-0.343185
28	23	0.717949	0.589744	-0.148451	-0.199822	-0.612021
28	24	0.717949	0.615385	-0.159161	-0.201135	-0.134656
28	25	0.717949	0.641026	-0.136289	-0.212733	-0.730844
28	26	0.717949	0.666667	-0.14034	-0.216666	-0.0282988
28	27	0.717949	0.692308	-0.112089	-0.213202	-0.664042
28	28	0.717949	0.717949	-0.0934288	-0.223241	-0.164817
28	29	0.717949	0.74359	-0.0672868	-0.19992	-0.307406
28	30	0.717949	0.769231	-0.010433	-0.213106	-0.578302
28	31	0.717949	0.794872	0.0132156	-0.175513	0.258324
28	32	0.717949	0.820513	0.115071	-0.178662	-1.061
28	33	0.717949	0.846154	0.1496	-0.144563	0.687951
28	34	0.717949	0.871795	0.289499	-0.121479	-1.20929
28	35	0.717949	0.897436	0.360007	-0.108291	0.587383
28	36	0.717949	0.923077	0.521871	-0.0618344	-0.826293
28	37	0.717949	0.948718	0.648707	-0.0651839	0.033287
28	38	0.717949	0.974359	0.823025	-0.0350743	-0.395937
28	39	0.717949	1	1	0	0
29	0	0.74359	0	0	0	-0.562555
29	1	0.74359	0.025641	-0.00907418	-0.00140424	-0.562555
29	2	0.74359	0.0512821	-0.0182385	-0.00298508	-0.561234
29	3	0.74359	0.0769231	-0.0254345	-0.0063925	-0.579557
29	4	0.74359	0.102564	-0.0347839	-0.0102581	-0.560133
29	5	0.74359	0.128205	-0.0405544	-0.0149251	-0.584147
29	6	0.74359	0.153846	-0.0489446	-0.0212877	-0.57213
29	7	0.74359	0.179487	-0.0555312	-0.0269446	-0.569016
29	8	0.74359	0.205128	-0.0611658	-0.0352186	-0.593452
29	9	0.74359	0.230769	-0.0703043	-0.0426261	-0.549192
29	10	0.74359	0.25641	-0.0731325	-0.0517489	-0.602725
29	11	0.74359	0.282051	-0.0838789	-0.06165	-0.545295
29	12	0.74359	0.307692	-0.0866386	-0.0711406	-0.585728
29	13	0.74359	0.333333	-0.095575	-0.0833546	-0.560571
29	14	0.74359	0.358974	-0.102076	-0.0936216	-0.54922
29	15	0.74359	0.384615	-0.106041	-0.107207	-0.579888
29	16	0.74359	0.410256	-0.117803	-0.118882	-0.510608
29	17	0.74359	0.435897	-0.116939	-0.132815	-0.586059
29	18	0.74359	0.461538	-0.130929	-0.146109	-0.482703
29	19	0.74359	0.487179	-0.129362	-0.159442	-0.568502
29	20	0.74359	0.512821	-0.138844	-0.174149	-0.473673
29	21	0.74359	0.538462	-0.142055	-0.185686	-0.517144
29	22	0.74359	0.564103	-0.140233	-0.201178	-0.493266
29	23	0.74359	0.589744	-0.150447	-0.209679	-0.423028
29	24	0.74359	0.615385	-0.134692	-0.224011	-0.540636
29	25	0.74359	0.641026	-0.146875	-0.229261	-0.302465
29	26	0.74359	0.666667	-0.120968	-0.237995	-0.575001
29	27	0.74359	0.692308	-0.121802	-0.241313	-0.221249
29	28	0.74359	0.717949	-0.0943053	-0.238287	-0.512291
29	29	0.74359	0.74359	-0.0654948	-0.240527	-0.266503
29	30	0.74359	0.769231	-0.0434532	-0.22206	-0.29285
29	31	0.74359	0.794872	0.03059	-0.219634	-0.449007
29	32	0.74359	0.820513	0.0512685	-0.189832	0.00742287
29	33	0.74359	0.846154	0.173929	-0.173967	-0.6221
29	34	0.74359	0.871795	0.215174	-0.144504	0.161462
29	35	0.74359	0.897436	0.373743	-0.11052	-0.581913
29	36	0.74359	0.923077	0.467603	-0.0909495	0.0100365
29	37	0.74359	0.948718	0.644607	-0.0530445	-0.362226
29	38	0.74359	0.974359	0.805938	-0.047483	-0.296967
29	39	0.74359	1	1	0	0
30	0	0.769231	0	0	0	-0.624847
30	1	0.769231	0.025641	-0.00790073	-0.00127886	-0.624847
30	2	0.769231	0.0512821	-0.0150524	-0.00301401	-0.626904
30	3	0.769231	0.0769231	-0.0231819	-0.00619461	-0.63671
30	4	0.769231	0.102564	-0.0286976	-0.00997202	-0.628158
30	5	0.769231	0.128205	-0.0367559	-0.0149644	-0.644932
30	6	0.769231	0.153846	-0.0418497	-0.020752	-0.630203
30	7	0.769231	0.179487	-0.0482681	-0.0271207	-0.64363
30	8	0.769231	0.205128	-0.0549987	-0.0350267	-0.639187
30	9	0.769231	0.230769	-0.0586773	-0.0426813	-0.629768
30	10	0.769231	0.25641	-0.0676355	-0.0523545	-0.651698
30	11	0.769231	0.282051	-0.069708	-0.061829	-0.61364
30	12	0.769231	0.307692	-0.0789294	-0.0724494	-0.650861
30	13	0.769231	0.333333	-0.0825353	-0.0843806	-0.612938
30	14	0.769231	0.358974	-0.0888422	-0.0954956	-0.62275
30	15	0.769231	0.384615	-0.0967501	-0.109577	-0.629861
30	16	0.769231	0.410256	-0.098487	-0.121834	-0.578504
30	17	0.769231	0.435897	-0.110421	-0.136528	-0.638164
30	18	0.769231	0.461538	-0.109283	-0.151084	-0.551548
30	19	0.769231	0.487179	-0.121133	-0.164761	-0.603568
30	20	0.769231	0.512821	-0.121484	-0.181563	-0.563316
30	21	0.769231	0.538462	-0.127111	-0.193975	-0.523074
30	22	0.769231	0.564103	-0.132943	-0.210614	-0.590604
30	23	0.769231	0.589744	-0.127537	-0.222852	-0.440046
30	24	0.769231	0.615385	-0.138624	-0.235443	-0.574947
30	25	0.769231	0.641026	-0.121718	-0.247862	-0.410253
30	26	0.769231	0.666667	-0.130879	-0.253332	-0.474776
30	27	0.769231	0.692308	-0.107194	-0.263222	-0.445428
30	28	0.769231	0.717949	-0.100345	-0.260724	-0.312391
30	29	0.769231	0.74359	-0.0768783	-0.262333	-0.492723
30	30	0.769231	0.769231	-0.0370081	-0.252157	-0.162735
30	31	0.769231	0.794872	-0.0157205	-0.239961	-0.482185
30	32	0.769231	0.820513	0.0694822	-0.221329	-0.0864036
30	33	0.769231	0.846154	0.100793	-0.194346	-0.402287
30	34	0.769231	0.871795	0.231466	-0.166248	-0.0815403
30	35	0.769231	0.897436	0.301415	-0.13005	-0.313465
30	36	0.769231	0.923077	0.466636	-0.0974806	-0.126582
30	37	0.769231	0.948718	0.603971	-0.0635541	-0.269776
30	38	0.769231	0.974359	0.796448	-0.0463438	-0.278589
30	39	0.769231	1	1	0	0
31	0	0.794872	0	0	0	-0.6868
31	1	0.794872	0.025641	-0.00647721	-0.000937968	-0.6868
31	2	0.794872	0.0512821	-0.0131878	-0.00319586	-0.700287
31	3	0.794872	0.0769231	-0.0187712	-0.00542005	-0.680088
31	4	0.794872	0.102564	-0.0256492	-0.00966988	-0.719746
31	5	0.794872	0.128205	-0.0302147	-0.0143353	-0.677289
31	6	0.794872	0.153846	-0.0364877	-0.0194382	-0.718846
31	7	0.794872	0.179487	-0.0413528	-0.0270543	-0.697608
31	8	0.794872	0.205128	-0.045916	-0.0328641	-0.688549
31	9	0.794872	0.230769	-0.052288	-0.0427417	-0.734957
31	10	0.794872	0.25641	-0.0550615	-0.0504762	-0.650237
31	11	0.794872	0.282051	-0.0625898	-0.0608905	-0.754208
31	12	0.794872	0.307692	-0.0651681	-0.0721963	-0.643595
31	13	0.794872	0.333333	-0.0719782	-0.0819005	-0.719664
31	14	0.794872	0.358974	-0.0766731	-0.0970155	-0.687157
31	15	0.794872	0.384615	-0.0808809	-0.106809	-0.635977
31	16	0.794872	0.410256	-0.0888506	-0.123606	-0.747465
31	17	0.794872	0.435897	-0.0902434	-0.136132	-0.558462
31	18	0.794872	0.461538	-0.100197	-0.151355	-0.754769
31	19	0.794872	0.487179	-0.10072	-0.168764	-0.552126
31	20	0.794872	0.512821	-0.109141	-0.180649	-0.661284
31	21	0.794872	0.538462	-0.111761	-0.201954	-0.62932
31	22	0.794872	0.564103	-0.114487	-0.211828	-0.492631
31	23	0.794872	0.589744	-0.120936	-0.232318	-0.722467
31	24	0.794872	0.615385	-0.11525	-0.243402	-0.342849
31	25	0.794872	0.641026	-0.123565	-0.256803	-0.721889
31	26	0.794872	0.666667	-0.109738	-0.27083	-0.310811
31	27	0.794872	0.692308	-0.112683	-0.272545	-0.55369
31	28	0.794872	0.717949	-0.0936702	-0.286672	-0.425494
31	29	0.794872	0.74359	-0.0792201	-0.275652	-0.23974
31	30	0.794872	0.769231	-0.0571132	-0.282027	-0.615871
31	31	0.794872	0.794872	-0.0117532	-0.260296	0.101631
31	32	0.794872	0.820513	0.0189678	-0.249051	-0.746094
31	33	0.794872	0.846154	0.105207	-0.220165	0.310175
31	34	0.794872	0.871795	0.163604	-0.185489	-0.696893
31	35	0.794872	0.897436	0.294339	-0.154139	0.266203
31	36	0.794872	0.923077	0.409183	-0.103317	-0.469177
31	37	0.794872	0.948718	0.585435	-0.0764385	-0.0066041
31	38	0.794872	0.974359	0.774283	-0.0419509	-0.306661
31	39	0.794872	1	1	0	0
32	0	0.820513	0	0	0	-0.754508
32	1	0.820513	0.025641	-0.00538319	-0.00126568	-0.754508
32	2	0.820513	0.0512821	-0.0106724	-0.00209801	-0.745846
32	3	0.820513	0.0769231	-0.0161739	-0.00553666	-0.78142
32	4	0.820513	0.102564	-0.0207241	-0.00840431	-0.731939
32	5	0.820513	0.128205	-0.0259611	-0.0128778	-0.795996
32	6	0.820513	0.153846	-0.0300088	-0.0189908	-0.742128
32	7	0.820513	0.179487	-0.0345373	-0.0236032	-0.77185
32	8	0.820513	0.205128	-0.03887	-0.0328926	-0.786865
32	9	0.820513	0.230769	-0.0424197	-0.0385577	-0.718739
32	10	0.820513	0.25641	-0.047445	-0.0491427	-0.833524
32	11	0.820513	0.282051	-0.0504139	-0.0581351	-0.684395
32	12	0.820513	0.307692	-0.0557397	-0.0677679	-0.827845
32	13	0.820513	0.333333	-0.059114	-0.0815812	-0.71315
32	14	0.820513	0.358974	-0.0639096	-0.0899611	-0.746308
32	15	0.820513	0.384615	-0.0686059	-0.10735	-0.795353
32	16	0.820513	0.410256	-0.0722941	-0.117043	-0.631038
32	17	0.820513	0.435897	-0.078485	-0.13432	-0.858599
32	18	0.820513	0.461538	-0.0811776	-0.148997	-0.567266
32	19	0.820513	0.487179	-0.088017	-0.162705	-0.818455
32	20	0.820513	0.512821	-0.0904801	-0.183825	-0.614219
32	21	0.820513	0.538462	-0.0962375	-0.193624	-0.651156
32	22	0.820513	0.564103	-0.0994244	-0.218217	-0.74493
32	23	0.820513	0.589744	-0.101922	-0.22742	-0.42749
32	24	0.820513	0.615385	-0.106055	-0.24881	-0.846451
32	25	0.820513	0.641026	-0.103363	-0.261805	-0.277033
32	26	0.820513	0.666667	-0.106614	-0.272803	-0.785545
32	27	0.820513	0.692308	-0.097611	-0.290863	-0.304483
32	28	0.820513	0.717949	-0.0948963	-0.287256	-0.498421
32	29	0.820513	0.74359	-0.0785855	-0.30528	-0.510948
32	30	0.820513	0.769231	-0.0612922	-0.287498	-0.050629
32	31	0.820513	0.794872	-0.0337115	-0.293791	-0.767916
32	32	0.820513	0.820513	0.00949844	-0.266004	0.367785
32	33	0.820513	0.846154	0.0601152	-0.246645	-0.869885
32	34	0.820513	0.871795	0.142715	-0.214203	0.524971
32	35	0.820513	0.897436	0.238488	-0.163805	-0.676708
32	36	0.820513	0.923077	0.376638	-0.131583	0.308952
32	37	0.820513	0.948718	0.543292	-0.0695578	-0.314972
32	38	0.820513	0.974359	0.752469	-0.0492137	-0.126782
32	39	0.820513	1	1	0	0
33	0	0.846154	0	0	0	-0.81611
33	1	0.846154	0.025641	-0.00438097	-0.000488813	-0.81611
33	2	0.846154	0.0512821	-0.00880678	-0.00252997	-0.832526
33	3	0.846154	0.0769231	-0.0131725	-0.00380428	-0.801208
33	4	0.846154	0.102564	-0.017163	-0.00761161	-0.858881
33	5	0.846154	0.128205	-0.0210267	-0.0115559	-0.794794
33	6	0.846154	0.153846	-0.0246162	-0.0156487	-0.856244
33	7	0.846154	0.179487	-0.0279974	-0.0231414	-0.825209
33	8	0.846154	0.205128	-0.0314358	-0.0274429	-0.811559
33	9	0.846154	0.230769	-0.0345114	-0.0373767	-0.880953
33	10	0.846154	0.25641	-0.0379784	-0.0437842	-0.758051
33	11	0.846154	0.282051	-0.0410339	-0.0536809	-0.910384
33	12	0.846154	0.307692	-0.0445121	-0.0645163	-0.751088
33	13	0.846154	0.333333	-0.0479387	-0.072797	-0.865954
33	14	0.846154	0.358974	-0.0512666	-0.0883781	-0.813575
33	15	0.846154	0.384615	-0.0553499	-0.0962746	-0.755305
33	16	0.846154	0.410256	-0.0585236	-0.113949	-0.901473
33	17	0.846154	0.435897	-0.0630674	-0.125066	-0.648679
33	18	0.846154	0.461538	-0.0665087	-0.140867	-0.926719
33	19	0.846154	0.487179	-0.0707233	-0.1584	-0.628756
33	20	0.846154	0.512821	-0.0750442	-0.170122	-0.824411
33	21	0.846154	0.538462	-0.0780167	-0.19382	-0.720234
33	22	0.846154	0.564103	-0.0832203	-0.203002	-0.611481
33	23	0.846154	0.589744	-0.0846146	-0.228207	-0.854744
33	24	0.846154	0.615385	-0.0893245	-0.239282	-0.390129
33	25	0.846154	0.641026	-0.0894835	-0.258787	-0.900073
33	26	0.846154	0.666667	-0.090866	-0.275634	-0.289901
33	27	0.846154	0.692308	-0.0898048	-0.283144	-0.738723
33	28	0.846154	0.717949	-0.0840069	-0.304843	-0.381098
33	29	0.846154	0.74359	-0.079557	-0.297898	-0.35249
33	30	0.846154	0.769231	-0.0614863	-0.315955	-0.608032
33	31	0.846154	0.794872	-0.0470611	-0.296431	0.134168
33	32	0.846154	0.820513	-0.00832925	-0.295682	-0.788621
33	33	0.846154	0.846154	0.0299242	-0.267227	0.489307
33	34	0.846154	0.871795	0.104769	-0.232946	-0.716838
33	35	0.846154	0.897436	0.191469	-0.197517	0.505769
33	36	0.846154	0.923077	0.327793	-0.131496	-0.37147
33	37	0.846154	0.948718	0.497251	-0.092439	0.19392
33	38	0.846154	0.974359	0.723271	-0.0365017	-0.122888
33	39	0.846154	1	1	0	0
34	0	0.871795	0	0	0	-0.884762
34	1	0.871795	0.025641	-0.00358735	-0.000756226	-0.884762
34	2	0.871795	0.0512821	-0.00737969	-0.00102939	-0.87683
34	3	0.871795	0.0769231	-0.0105091	-0.0036307	-0.908785
34	4	0.871795	0.102564	-0.0141284	-0.00560369	-0.863419
34	5	0.871795	0.128205	-0.016563	-0.00920463	-0.924725
34	6	0.871795	0.153846	-0.0196769	-0.014234	-0.872419
34	7	0.871795	0.179487	-0.0221286	-0.0179335	-0.904835
34	8	0.871795	0.205128	-0.0243558	-0.0259953	-0.914606
34	9	0.871795	0.230769	-0.0274765	-0.0305945	-0.856434
34	10	0.871795	0.25641	-0.028848	-0.039919	-0.95994
34	11	0.871795	0.282051	-0.0325423	-0.0475405	-0.823032
34	12	0.871795	0.307692	-0.0338943	-0.0560469	-0.958375
34	13	0.871795	0.333333	-0.037248	-0.0681374	-0.845156
34	14	0.871795	0.358974	-0.0398536	-0.0755344	-0.887258
34	15	0.871795	0.384615	-0.0419142	-0.0911527	-0.915949
34	16	0.871795	0.410256	-0.0464217	-0.0997145	-0.780647
34	17	0.871795	0.435897	-0.0472898	-0.115811	-0.974408
34	18	0.871795	0.461538	-0.0528503	-0.128902	-0.71018
34	19	0.871795	0.487179	-0.0540404	-0.142526	-0.946649
34	20	0.871795	0.512821	-0.0585632	-0.161894	-0.729574
34	21	0.871795	0.538462	-0.0620465	-0.172594	-0.803957
34	22	0.871795	0.564103	-0.063613	-0.196451	-0.825135
34	23	0.871795	0.589744	-0.0700555	-0.206943	-0.593305
34	24	0.871795	0.615385	-0.0684389	-0.230209	-0.909389
34	25	0.871795	0.641026	-0.0758871	-0.244602	-0.41696
34	26	0.871795	0.666667	-0.0728577	-0.261168	-0.865258
34	27	0.871795	0.692308	-0.0767581	-0.281458	-0.369862
34	28	0.871795	0.717949	-0.0745409	-0.287091	-0.619315
34	29	0.871795	0.74359	-0.0687554	-0.309527	-0.466394
34	30	0.871795	0.769231	-0.0668133	-0.303448	-0.206091
34	31	0.871795	0.794872	-0.0441215	-0.316755	-0.600911
34	32	0.871795	0.820513	-0.034474	-0.300066	0.220131
34	33	0.871795	0.846154	0.0155301	-0.287771	-0.590119
34	34	0.871795	0.871795	0.0547001	-0.258988	0.458754
34	35	0.871795	0.897436	0.152281	-0.208721	-0.324882
34	36	0.871795	0.923077	0.262957	-0.163166	0.404457
34	37	0.871795	0.948718	0.446883	-0.08753	0.0191563
34	38	0.871795	0.974359	0.68295	-0.0386311	0.131049
34	39	0.871795	1	1	0	0
35	0	0.897436	0	0	0	-0.947706
35	1	0.897436	0.025641	-0.00319562	-9.09802e-06	-0.947706
35	2	0.897436	0.0512821	-0.00598851	-0.00101982	-0.957467
35	3	0.897436	0.0769231	-0.00904603	-0.00167082	-0.939832
35	4	0.897436	0.102564	-0.0107377	-0.00427057	-0.977693
35	5	0.897436	0.128205	-0.0135508	-0.00704034	-0.936762
35	6	0.897436	0.153846	-0.0148385	-0.0102755	-0.981001
35	7	0.897436	0.179487	-0.0169038	-0.0157888	-0.957121
35	8	0.897436	0.205128	-0.0188715	-0.0194339	-0.955362
35	9	0.897436	0.230769	-0.0196717	-0.026973	-0.994881
35	10	0.897436	0.25641	-0.0227743	-0.0321974	-0.920252
35	11	0.897436	0.282051	-0.0227163	-0.0401235	-1.01692
35	12	0.897436	0.307692	-0.0261715	-0.0484923	-0.911111
35	13	0.897436	0.333333	-0.0267408	-0.0557289	-0.991221
35	14	0.897436	0.358974	-0.0290138	-0.0676124	-0.944199
35	15	0.897436	0.384615	-0.0317501	-0.0748806	-0.919136
35	16	0.897436	0.410256	-0.031949	-0.0888084	-0.994647
35	17	0.897436	0.435897	-0.0369958	-0.0984013	-0.840633
35	18	0.897436	0.461538	-0.0360258	-0.112016	-1.00899
35	19	0.897436	0.487179	-0.0415616	-0.126168	-0.805774
35	20	0.897436	0.512821	-0.0419019	-0.138045	-0.943326
35	21	0.897436	0.538462	-0.0451508	-0.157094	-0.83394
35	22	0.897436	0.564103	-0.0491621	-0.168014	-0.798095
35	23	0.897436	0.589744	-0.0483995	-0.18965	-0.890449
35	24	0.897436	0.615385	-0.0562478	-0.202324	-0.624661
35	25	0.897436	0.641026	-0.052357	-0.222408	-0.897157
35	26	0.897436	0.666667	-0.0609769	-0.239542	-0.496949
35	27	0.897436	0.692308	-0.0572534	-0.254032	-0.774346
35	28	0.897436	0.717949	-0.0610309	-0.275427	-0.459427
35	29	0.897436	0.74359	-0.0607406	-0.282148	-0.495097
35	30	0.897436	0.769231	-0.0532111	-0.302057	-0.47814
35	31	0.897436	0.794872	-0.0550692	-0.300414	-0.12004
35	32	0.897436	0.820513	-0.0293152	-0.306672	-0.435727
35	33	0.897436	0.846154	-0.0208326	-0.293736	0.223598
35	34	0.897436	0.871795	0.0357146	-0.270152	-0.210474
35	35	0.897436	0.897436	0.0882787	-0.235458	0.423099
35	36	0.897436	0.923077	0.209974	-0.171005	0.161368
35	37	0.897436	0.948718	0.374106	-0.106073	0.432365
35	38	0.897436	0.974359	0.634407	-0.0240314	0.352994
35	39	0.897436	1	1	0	0
36	0	0.923077	0	0	0	-1.01312
36	1	0.923077	0.025641	-0.00301483	9.28236e-05	-1.01312
36	2	0.923077	0.0512821	-0.00561056	0.000250169	-1.01209
36	3	0.923077	0.0769231	-0.00711927	-0.000926575	-1.02663
36	4	0.923077	0.102564	-0.0092895	-0.00212183	-1.01039
36	5	0.923077	0.128205	-0.00986765	-0.00449972	-1.04011
36	6	0.923077	0.153846	-0.011719	-0.00766004	-1.01712
36	7	0.923077	0.179487	-0.0124522	-0.0106127	-1.03741
36	8	0.923077	0.205128	-0.0133452	-0.0156958	-1.03784
36	9	0.923077	0.230769	-0.0151424	-0.0194282	-1.01887
36	10	0.923077	0.25641	-0.014813	-0.0256279	-1.06024
36	11	0.923077	0.282051	-0.0175788	-0.031075	-1.00227
36	12	0.923077	0.307692	-0.0169058	-0.0374302	-1.06186
36	13	0.923077	0.333333	-0.0193874	-0.0453405	-1.00572
36	14	0.923077	0.358974	-0.0200059	-0.0516696	-1.03043
36	15	0.923077	0.384615	-0.020762	-0.061811	-1.02816
36	16	0.923077	0.410256	-0.0237449	-0.0690859	-0.976816
36	17	0.923077	0.435897	-0.0225411	-0.0803033	-1.04536
36	18	0.923077	0.461538	-0.0272546	-0.0900804	-0.928365
36	19	0.923077	0.487179	-0.0256776	-0.101166	-1.0251
36	20	0.923077	0.512821	-0.0298707	-0.114486	-0.907745
36	21	0.923077	0.538462	-0.0305025	-0.125182	-0.949479
36	22	0.923077	0.564103	-0.0317457	-0.141711	-0.912585
36	23	0.923077	0.589744	-0.0363312	-0.153104	-0.828566
36	24	0.923077	0.615385	-0.0338849	-0.171056	-0.909262
36	25	0.923077	0.641026	-0.0416846	-0.185008	-0.69614
36	26	0.923077	0.666667	-0.0374867	-0.201914	-0.845695
36	27	0.923077	0.692308	-0.0449559	-0.219564	-0.586586
36	28	0.923077	0.717949	-0.0427538	-0.233444	-0.67951
36	29	0.923077	0.74359	-0.0448602	-0.253253	-0.501202
36	30	0.923077	0.769231	-0.0472148	-0.263072	-0.407652
36	31	0.923077	0.794872	-0.0392218	-0.279098	-0.385054
36	32	0.923077	0.820513	-0.0425437	-0.282708	-0.0728751
36	33	0.923077	0.846154	-0.0186341	-0.283542	-0.146466
36	34	0.923077	0.871795	-0.0050732	-0.271751	0.269635
36	35	0.923077	0.897436	0.0542289	-0.239869	0.256391
36	36	0.923077	0.923077	0.135004	-0.190928	0.583387
36	37	0.923077	0.948718	0.299465	-0.111017	0.653567
36	38	0.923077	0.974359	0.564976	-0.0119235	0.773126
36	39	0.923077	1	1	0	0
37	0	0.948718	0	0	0	-1.07415
37	1	0.948718	0.025641	-0.00324611	0.000553724	-1.07415
37	2	0.948718	0.0512821	-0.00507305	0.000701846	-1.07867
37	3	0.948718	0.0769231	-0.00656258	0.000472901	-1.07942
37	4	0.948718	0.102564	-0.00697285	-0.000718166	-1.09187
37	5	0.948718	0.128205	-0.0082291	-0.00222292	-1.08552
37	6	0.948718	0.153846	-0.00827711	-0.00424056	-1.1011
37	7	0.948718	0.179487	-0.00917308	-0.00703822	-1.09556
37	8	0.948718	0.205128	-0.00971781	-0.00962673	-1.10069
37	9	0.948718	0.230769	-0.00974387	-0.0134875	-1.10849
37	10	0.948718	0.25641	-0.0112061	-0.016892	-1.0939
37	11	0.948718	0.282051	-0.0104674	-0.0213692	-1.11609
37	12	0.948718	0.307692	-0.0123607	-0.0260379	-1.08891
37	13	0.948718	0.333333	-0.0118242	-0.030834	-1.10937
37	14	0.948718	0.358974	-0.0130173	-0.0369725	-1.09003
37	15	0.948718	0.384615	-0.0138541	-0.0422703	-1.08627
37	16	0.948718	0.410256	-0.01352	-0.0496392	-1.09204
37	17	0.948718	0.435897	-0.016085	-0.0560748	-1.05346
37	18	0.948718	0.461538	-0.0145677	-0.0641865	-1.08199
37	19	0.948718	0.487179	-0.0178889	-0.0724755	-1.02071
37	20	0.948718	0.512821	-0.016738	-0.0810174	-1.04663
37	21	0.948718	0.538462	-0.018997	-0.0915043	-0.992124
37	22	0.948718	0.564103	-0.0200441	-0.100681	-0.97992
37	23	0.948718	0.589744	-0.0198045	-0.113091	-0.959697
37	24	0.948718	0.615385	-0.0238306	-0.12365	-0.885733
37	25	0.948718	0.641026	-0.0212455	-0.137184	-0.902588
37	26	0.948718	0.666667	-0.0270991	-0.150017	-0.773211
37	27	0.948718	0.692308	-0.0242341	-0.163772	-0.79341
37	28	0.948718	0.717949	-0.0291013	-0.17911	-0.644063
37	29	0.948718	0.74359	-0.0287873	-0.192499	-0.609398
37	30	0.948718	0.769231	-0.0296088	-0.208878	-0.476002
37	31	0.948718	0.794872	-0.0327729	-0.221149	-0.339438
37	32	0.948718	0.820513	-0.0272401	-0.234149	-0.214752
37	33	0.948718	0.846154	-0.0286084	-0.241297	0.0258674
37	34	0.948718	0.871795	-0.010688	-0.240635	0.20751
37	35	0.948718	0.897436	0.0118291	-0.22732	0.512214
37	36	0.948718	0.923077	0.0770848	-0.188455	0.803218
37	37	0.948718	0.948718	0.205554	-0.118938	1.07086
37	38	0.948718	0.974359	0.471749	0.00907816	1.41917
37	39	0.948718	1	1	0	0
38	0	0.974359	0	0	0	-1.13812
38	1	0.974359	0.025641	-0.00434289	0.000667491	-1.13812
38	2	0.974359	0.0512821	-0.00597287	0.00111095	-1.14658
38	3	0.974359	0.0769231	-0.00656961	0.000891826	-1.1542
38	4	0.974359	0.102564	-0.00717575	0.000364268	-1.16035
38	5	0.974359	0.128205	-0.00716933	-0.000537264	-1.16763
38	6	0.974359	0.153846	-0.00770375	-0.0016798	-1.17117
38	7	0.974359	0.179487	-0.00769394	-0.00301044	-1.17712
38	8	0.974359	0.205128	-0.00795074	-0.00469149	-1.1796
38	9	0.974359	0.230769	-0.00832933	-0.00641244	-1.18222
38	10	0.974359	0.25641	-0.00811346	-0.0085453	-1.18499
38	11	0.974359	0.282051	-0.00892606	-0.0107404	-1.18326
38	12	0.974359	0.307692	-0.00846308	-0.0132424	-1.18571
38	13	0.974359	0.333333	-0.00930003	-0.0160176	-1.18061
38	14	0.974359	0.358974	-0.00916286	-0.0188906	-1.18006
38	15	0.974359	0.384615	-0.009457	-0.0222919	-1.17365
38	16	0.974359	0.410256	-0.0101257	-0.0256605	-1.16688
38	17	0.974359	0.435897	-0.00964358	-0.0296656	-1.16026
38	18	0.974359	0.461538	-0.0110721	-0.0337368	-1.14535
38	19	0.974359	0.487179	-0.0101995	-0.0383163	-1.13701
38	20	0.974359	0.512821	-0.0117414	-0.0432937	-1.11411
38	21	0.974359	0.538462	-0.0113313	-0.048493	-1.09951
38	22	0.974359	0.564103	-0.0121063	-0.0544998	-1.07017
38	23	0.974359	0.589744	-0.0129578	-0.0604934	-1.04273
38	24	0.974359	0.615385	-0.0124598	-0.0675447	-1.00758
38	25	0.974359	0.641026	-0.0147247	-0.0746247	-0.960626
38	26	0.974359	0.666667	-0.0133094	-0.0826746	-0.916076
38	27	0.974359	0.692308	-0.0162218	-0.09115	-0.844214
38	28	0.974359	0.717949	-0.0150724	-0.100205	-0.779687
38	29	0.974359	0.74359	-0.0173081	-0.110208	-0.676682
38	30	0.974359	0.769231	-0.0176151	-0.120363	-0.57362
38	31	0.974359	0.794872	-0.0180881	-0.131526	-0.424069
38	32	0.974359	0.820513	-0.0194391	-0.142425	-0.254148
38	33	0.974359	0.846154	-0.0169444	-0.152891	-0.0193044
38	34	0.974359	0.871795	-0.0138905	-0.160996	0.266508
38	35	0.974359	0.897436	0.000566987	-0.162524	0.661658
38	36	0.974359	0.923077	0.0352904	-0.149467	1.14931
38	37	0.974359	0.948718	0.125649	-0.106434	1.75062
38	38	0.974359	0.974359	0.358435	0.0309133	2.62902
38	39	0.974359	1	1	0	0
39	0	1	0	0	0	-1.13812
39	1	1	0.025641	0	0	-1.13812
39	2	1	0.0512821	0	0	-1.14658
39	3	1	0.0769231	0	0	-1.1542
39	4	1	0.102564	0	0	-1.16035
39	5	1	0.128205	0	0	-1.16763
39	6	1	0.153846	0	0	-1.17117
39	7	1	0.179487	0	0	-1.17712
39	8	1	0.205128	0	0	-1.1796
39	9	1	0.230769	0	0	-1.18222
39	10	1	0.25641	0	0	-1.18499
39	11	1	0.282051	0	0	-1.18326
39	12	1	0.307692	0	0	-1.18571
39	13	1	0.333333	0	0	-1.18061
39	14	1	0.358974	0	0	-1.18006
39	15	1	0.384615	0	0	-1.17365
39	16	1	0.410256	0	0	-1.16688
39	17	1	0.435897	0	0	-1.16026
39	18	1	0.461538	0	0	-1.14535
39	19	1	0.487179	0	0	-1.13701
39	20	1	0.512821	0	0	-1.11411
39	21	1	0.538462	0	0	-1.09951
39	22	1	0.564103	0	0	-1.07017
39	23	1	0.589744	0	0	-1.04273
39	24	1	0.615385	0	0	-1.00758
39	25	1	0.641026	0	0	-0.960626
39	26	1	0.666667	0	0	-0.916076
39	27	1	0.692308	0	0	-0.844214
39	28	1	0.717949	0	0	-0.779687
39	29	1	0.74359	0	0	-0.676682
39	30	1	0.769231	0	0	-0.57362
39	31	1	0.794872	0	0	-0.424069
39	32	1	0.820513	0	0	-0.254148
39	33	1	0.846154	0	0	-0.0193044
39	34	1	0.871795	0	0	0.266508
39	35	1	0.897436	0	0	0.661658
39	36	1	0.923077	0	0	1.14931
39	37	1	0.948718	0	0	1.75062
39	38	1	0.974359	0	0	2.62902
39	39	1	1	1	0	0
