# i		j		x		y		u		v		p
# nx		ny		
# 40		40
# =================================
0	0	0	0	0	0	1.1245
0	1	0	0.025641	0	0	1.1245
0	2	0	0.0512821	0	0	1.1328
0	3	0	0.0769231	0	0	1.14092
0	4	0	0.102564	0	0	1.14605
0	5	0	0.128205	0	0	1.15454
0	6	0	0.153846	0	0	1.15641
0	7	0	0.179487	0	0	1.16319
0	8	0	0.205128	0	0	1.1649
0	9	0	0.230769	0	0	1.16585
0	10	0	0.25641	0	0	1.17052
0	11	0	0.282051	0	0	1.16356
0	12	0	0.307692	0	0	1.16986
0	13	0	0.333333	0	0	1.15859
0	14	0	0.358974	0	0	1.15925
0	15	0	0.384615	0	0	1.15129
0	16	0	0.410256	0	0	1.13815
0	17	0	0.435897	0	0	1.13738
0	18	0	0.461538	0	0	1.11003
0	19	0	0.487179	0	0	1.10916
0	20	0	0.512821	0	0	1.07825
0	21	0	0.538462	0	0	1.06149
0	22	0	0.564103	0	0	1.03904
0	23	0	0.589744	0	0	0.996833
0	24	0	0.615385	0	0	0.979142
0	25	0	0.641026	0	0	0.921212
0	26	0	0.666667	0	0	0.88363
0	27	0	0.692308	0	0	0.829825
0	28	0	0.717949	0	0	0.747001
0	29	0	0.74359	0	0	0.694933
0	30	0	0.769231	0	0	0.568332
0	31	0	0.794872	0	0	0.469617
0	32	0	0.820513	0	0	0.318379
0	33	0	0.846154	0	0	0.0964608
0	34	0	0.871795	0	0	-0.106751
0	35	0	0.897436	0	0	-0.517677
0	36	0	0.923077	0	0	-0.906429
0	37	0	0.948718	0	0	-1.51481
0	38	0	0.974359	0	0	-2.37192
0	39	0	1	1	0	0
1	0	0.025641	0	0	0	1.1245
1	1	0.025641	0.025641	-0.00434201	-0.000653704	1.1245
1	2	0.025641	0.0512821	-0.00600086	-0.0011	1.1328
1	3	0.025641	0.0769231	-0.00654694	-0.000832458	1.14092
1	4	0.025641	0.102564	-0.0072828	-0.000302987	1.14605
1	5	0.025641	0.128205	-0.00710032	0.000662416	1.15454
1	6	0.025641	0.153846	-0.00787766	0.00185253	1.15641
1	7	0.025641	0.179487	-0.00764257	0.00320721	1.16319
1	8	0.025641	0.205128	-0.00804907	0.00502296	1.1649
1	9	0.025641	0.230769	-0.00846681	0.00669338	1.16585
1	10	0.025641	0.25641	-0.00793712	0.00901219	1.17052
1	11	0.025641	0.282051	-0.00934764	0.0111429	1.16356
1	12	0.025641	0.307692	-0.00801394	0.0137249	1.16986
1	13	0.025641	0.333333	-0.00975686	0.0165528	1.15859
1	14	0.025641	0.358974	-0.00881593	0.0192246	1.15925
1	15	0.025641	0.384615	-0.00937383	0.0228208	1.15129
1	16	0.025641	0.410256	-0.01036	0.0257199	1.13815
1	17	0.025641	0.435897	-0.0086293	0.0298114	1.13738
1	18	0.025641	0.461538	-0.011827	0.0334122	1.11003
1	19	0.025641	0.487179	-0.00864893	0.0375471	1.10916
1	20	0.025641	0.512821	-0.0120891	0.0422964	1.07825
1	21	0.025641	0.538462	-0.0103058	0.0463483	1.06149
1	22	0.025641	0.564103	-0.0109334	0.0521575	1.03904
1	23	0.025641	0.589744	-0.0130734	0.0567121	0.996833
1	24	0.025641	0.615385	-0.00980253	0.0629095	0.979142
1	25	0.025641	0.641026	-0.0150825	0.0689477	0.921212
1	26	0.025641	0.666667	-0.0107977	0.0750307	0.88363
1	27	0.025641	0.692308	-0.0150009	0.0829695	0.829825
1	28	0.025641	0.717949	-0.0143906	0.0895645	0.747001
1	29	0.025641	0.74359	-0.0140864	0.0987046	0.694933
1	30	0.025641	0.769231	-0.0183315	0.107425	0.568332
1	31	0.025641	0.794872	-0.0153351	0.11672	0.469617
1	32	0.025641	0.820513	-0.0193607	0.128208	0.318379
1	33	0.025641	0.846154	-0.0181776	0.137022	0.0964608
1	34	0.025641	0.871795	-0.0128903	0.147402	-0.106751
1	35	0.025641	0.897436	-0.00605079	0.150772	-0.517677
1	36	0.025641	0.923077	0.0319007	0.141851	-0.906429
1	37	0.025641	0.948718	0.112958	0.106875	-1.51481
1	38	0.025641	0.974359	0.344838	-0.021202	-2.37192
1	39	0.025641	1	1	0	0
2	0	0.0512821	0	0	0	1.06033
2	1	0.0512821	0.025641	-0.00325284	-0.000554098	1.06033
2	2	0.0512821	0.0512821	-0.00508311	-0.000625007	1.06557
2	3	0.0512821	0.0769231	-0.00664403	-0.00045239	1.06397
2	4	0.0512821	0.102564	-0.00694318	0.000906466	1.08096
2	5	0.0512821	0.128205	-0.00847331	0.00235969	1.06728
2	6	0.0512821	0.153846	-0.00815783	0.00449893	1.09169
2	7	0.0512821	0.179487	-0.00951981	0.0074526	1.07693
2	8	0.0512821	0.205128	-0.00967306	0.00986946	1.08713
2	9	0.0512821	0.230769	-0.00984797	0.0142405	1.096
2	10	0.0512821	0.25641	-0.0115798	0.0171577	1.06863
2	11	0.0512821	0.282051	-0.00995292	0.0222092	1.1134
2	12	0.0512821	0.307692	-0.0132079	0.0265499	1.05241
2	13	0.0512821	0.333333	-0.0108431	0.0312372	1.10714
2	14	0.0512821	0.358974	-0.0136226	0.0378377	1.05739
2	15	0.0512821	0.384615	-0.0132727	0.0418306	1.06333
2	16	0.0512821	0.410256	-0.0126717	0.0503343	1.08241
2	17	0.0512821	0.435897	-0.0167087	0.0548536	0.996721
2	18	0.0512821	0.461538	-0.0117412	0.063425	1.09405
2	19	0.0512821	0.487179	-0.0191772	0.0707079	0.948086
2	20	0.0512821	0.512821	-0.0131077	0.0774212	1.04692
2	21	0.0512821	0.538462	-0.0187859	0.0886421	0.947082
2	22	0.0512821	0.564103	-0.0178244	0.0937895	0.929935
2	23	0.0512821	0.589744	-0.0160567	0.107197	0.967722
2	24	0.0512821	0.615385	-0.0239292	0.114042	0.793089
2	25	0.0512821	0.641026	-0.0145509	0.125871	0.93082
2	26	0.0512821	0.666667	-0.0274853	0.137951	0.706641
2	27	0.0512821	0.692308	-0.0180627	0.14636	0.775539
2	28	0.0512821	0.717949	-0.0266191	0.16315	0.670474
2	29	0.0512821	0.74359	-0.0262768	0.171157	0.535243
2	30	0.0512821	0.769231	-0.0243229	0.187124	0.574161
2	31	0.0512821	0.794872	-0.0334293	0.199351	0.306943
2	32	0.0512821	0.820513	-0.0242625	0.208333	0.287731
2	33	0.0512821	0.846154	-0.0301891	0.221675	0.103216
2	34	0.0512821	0.871795	-0.0163778	0.21904	-0.195003
2	35	0.0512821	0.897436	0.00678831	0.213542	-0.233534
2	36	0.0512821	0.923077	0.0602889	0.182765	-0.743386
2	37	0.0512821	0.948718	0.190374	0.119253	-0.7966
2	38	0.0512821	0.974359	0.454324	0.00334858	-1.24673
2	39	0.0512821	1	1	0	0
3	0	0.0769231	0	0	0	0.999365
3	1	0.0769231	0.025641	-0.00304046	-5.67249e-05	0.999365
3	2	0.0769231	0.0512821	-0.0056292	-0.0002522	0.997564
3	3	0.0769231	0.0769231	-0.00721808	0.00110959	1.015
3	4	0.0769231	0.102564	-0.00942884	0.00212561	0.99161
3	5	0.0769231	0.128205	-0.00988594	0.00483787	1.03398
3	6	0.0769231	0.153846	-0.0121383	0.00786831	0.992375
3	7	0.0769231	0.179487	-0.0122909	0.0108811	1.03338
3	8	0.0769231	0.205128	-0.013889	0.016411	1.0161
3	9	0.0769231	0.230769	-0.0150915	0.0194102	1.00144
3	10	0.0769231	0.25641	-0.0148692	0.0267847	1.05844
3	11	0.0769231	0.282051	-0.018127	0.0309933	0.956805
3	12	0.0769231	0.307692	-0.0159363	0.0382429	1.083
3	13	0.0769231	0.333333	-0.0204206	0.0458011	0.944058
3	14	0.0769231	0.358974	-0.0183786	0.0510385	1.04304
3	15	0.0769231	0.384615	-0.0209827	0.062909	0.994899
3	16	0.0769231	0.410256	-0.0227816	0.0666326	0.930458
3	17	0.0769231	0.435897	-0.0201635	0.0806158	1.07957
3	18	0.0769231	0.461538	-0.0278549	0.0866391	0.809183
3	19	0.0769231	0.487179	-0.0202802	0.0980125	1.10245
3	20	0.0769231	0.512821	-0.0307307	0.110933	0.780763
3	21	0.0769231	0.538462	-0.0242422	0.116573	0.975432
3	22	0.0769231	0.564103	-0.029428	0.136798	0.882459
3	23	0.0769231	0.589744	-0.0325628	0.13967	0.723736
3	24	0.0769231	0.615385	-0.0257542	0.160878	1.00785
3	25	0.0769231	0.641026	-0.0414742	0.169265	0.506004
3	26	0.0769231	0.666667	-0.0251777	0.182873	0.966074
3	27	0.0769231	0.692308	-0.045219	0.202399	0.473484
3	28	0.0769231	0.717949	-0.032085	0.206597	0.673884
3	29	0.0769231	0.74359	-0.0415623	0.231916	0.574184
3	30	0.0769231	0.769231	-0.0435654	0.234733	0.283656
3	31	0.0769231	0.794872	-0.0335097	0.25135	0.546956
3	32	0.0769231	0.820513	-0.0467864	0.259537	0.0375022
3	33	0.0769231	0.846154	-0.0188271	0.255263	0.197527
3	34	0.0769231	0.871795	-0.0163419	0.256603	-0.051377
3	35	0.0769231	0.897436	0.0388043	0.225538	-0.326318
3	36	0.0769231	0.923077	0.114198	0.186036	-0.238098
3	37	0.0769231	0.948718	0.271887	0.118365	-0.626402
3	38	0.0769231	0.974359	0.545701	0.0193794	-0.556183
3	39	0.0769231	1	1	0	0
4	0	0.102564	0	0	0	0.933995
4	1	0.102564	0.025641	-0.00319926	3.85209e-05	0.933995
4	2	0.102564	0.0512821	-0.00614053	0.00108693	0.943206
4	3	0.102564	0.0769231	-0.00902666	0.00164049	0.925074
4	4	0.102564	0.102564	-0.0110032	0.00460411	0.967925
4	5	0.102564	0.128205	-0.0137489	0.00694536	0.91283
4	6	0.102564	0.153846	-0.0148729	0.0107297	0.982379
4	7	0.102564	0.179487	-0.0175525	0.0160487	0.923349
4	8	0.102564	0.205128	-0.018538	0.0194646	0.957155
4	9	0.102564	0.230769	-0.0204296	0.0280197	0.973175
4	10	0.102564	0.25641	-0.0225335	0.0315406	0.891537
4	11	0.102564	0.282051	-0.0226226	0.0415008	1.03638
4	12	0.102564	0.307692	-0.0266421	0.0478242	0.834471
4	13	0.102564	0.333333	-0.0250776	0.0558258	1.04331
4	14	0.102564	0.358974	-0.0298476	0.0680232	0.858497
4	15	0.102564	0.384615	-0.0290976	0.0721151	0.933887
4	16	0.102564	0.410256	-0.0312488	0.0900177	0.985428
4	17	0.102564	0.435897	-0.0350618	0.0930081	0.737105
4	18	0.102564	0.461538	-0.0315181	0.111098	1.1228
4	19	0.102564	0.487179	-0.0412219	0.120341	0.595041
4	20	0.102564	0.512821	-0.0334068	0.130804	1.0983
4	21	0.102564	0.538462	-0.0443144	0.152253	0.662809
4	22	0.102564	0.564103	-0.0399181	0.152712	0.813509
4	23	0.102564	0.589744	-0.0425757	0.18308	0.930862
4	24	0.102564	0.615385	-0.0507673	0.182058	0.396616
4	25	0.102564	0.641026	-0.038802	0.207829	1.15001
4	26	0.102564	0.666667	-0.0604744	0.219459	0.156862
4	27	0.102564	0.692308	-0.0393758	0.227631	1.01351
4	28	0.102564	0.717949	-0.0615033	0.256585	0.290287
4	29	0.102564	0.74359	-0.0476435	0.248672	0.489953
4	30	0.102564	0.769231	-0.0502295	0.280043	0.605615
4	31	0.102564	0.794872	-0.0552537	0.271281	-0.0660371
4	32	0.102564	0.820513	-0.0259758	0.2799	0.653752
4	33	0.102564	0.846154	-0.0365604	0.277274	-0.268441
4	34	0.102564	0.871795	0.0275605	0.248915	0.243143
4	35	0.102564	0.897436	0.0595749	0.23105	-0.172924
4	36	0.102564	0.923077	0.182778	0.169815	-0.249133
4	37	0.102564	0.948718	0.341739	0.108953	-0.14557
4	38	0.102564	0.974359	0.612081	0.0366786	-0.286932
4	39	0.102564	1	1	0	0
5	0	0.128205	0	0	0	0.87018
5	1	0.128205	0.025641	-0.00366462	0.00069427	0.87018
5	2	0.128205	0.0512821	-0.00731293	0.00111661	0.865725
5	3	0.128205	0.0769231	-0.0108947	0.00375597	0.891393
5	4	0.128205	0.102564	-0.0140344	0.00541901	0.849389
5	5	0.128205	0.128205	-0.0169742	0.00975613	0.918401
5	6	0.128205	0.153846	-0.01999	0.0139075	0.839435
5	7	0.128205	0.179487	-0.0220107	0.0183909	0.918404
5	8	0.128205	0.205128	-0.0253005	0.0263065	0.868527
5	9	0.128205	0.230769	-0.0267234	0.0300347	0.863708
5	10	0.128205	0.25641	-0.0297702	0.0412951	0.943142
5	11	0.128205	0.282051	-0.03184	0.0458914	0.774164
5	12	0.128205	0.307692	-0.0333995	0.0573017	1.00896
5	13	0.128205	0.333333	-0.0373458	0.0668098	0.730332
5	14	0.128205	0.358974	-0.0370134	0.0740997	0.969484
5	15	0.128205	0.384615	-0.0422092	0.0916219	0.817434
5	16	0.128205	0.410256	-0.0420237	0.0939325	0.774562
5	17	0.128205	0.435897	-0.0452851	0.11688	1.01949
5	18	0.128205	0.461538	-0.0490031	0.12034	0.517336
5	19	0.128205	0.487179	-0.0470014	0.139343	1.1628
5	20	0.128205	0.512821	-0.0561988	0.154419	0.420987
5	21	0.128205	0.538462	-0.0500853	0.159877	1.01668
5	22	0.128205	0.564103	-0.0600783	0.191489	0.653646
5	23	0.128205	0.589744	-0.0575627	0.18454	0.530522
5	24	0.128205	0.615385	-0.0586222	0.222756	1.09459
5	25	0.128205	0.641026	-0.068586	0.219311	-0.00819984
5	26	0.128205	0.666667	-0.054584	0.242697	1.32258
5	27	0.128205	0.692308	-0.0760832	0.261051	-0.14721
5	28	0.128205	0.717949	-0.0538715	0.255093	0.96645
5	29	0.128205	0.74359	-0.0701272	0.294223	0.270193
5	30	0.128205	0.769231	-0.0567954	0.267922	0.14797
5	31	0.128205	0.794872	-0.0435552	0.299923	0.829275
5	32	0.128205	0.820513	-0.0461802	0.276887	-0.523826
5	33	0.128205	0.846154	0.0123581	0.268353	0.90382
5	34	0.128205	0.871795	0.0208171	0.254495	-0.574323
5	35	0.128205	0.897436	0.132759	0.198447	0.397616
5	36	0.128205	0.923077	0.219099	0.16859	-0.22045
5	37	0.128205	0.948718	0.415594	0.0938739	-0.0497338
5	38	0.128205	0.974359	0.658658	0.0444693	0.0306683
5	39	0.128205	1	1	0	0
6	0	0.153846	0	0	0	0.803493
6	1	0.153846	0.025641	-0.00436833	0.000663664	0.803493
6	2	0.153846	0.0512821	-0.009081	0.00235325	0.811964
6	3	0.153846	0.0769231	-0.0129726	0.00384563	0.797327
6	4	0.153846	0.102564	-0.0177798	0.00791998	0.836563
6	5	0.153846	0.128205	-0.0208987	0.0109865	0.779105
6	6	0.153846	0.153846	-0.0250125	0.0164677	0.859446
6	7	0.153846	0.179487	-0.0284965	0.0224836	0.77523
6	8	0.153846	0.205128	-0.0309187	0.0276638	0.844068
6	9	0.153846	0.230769	-0.0357198	0.0378152	0.819514
6	10	0.153846	0.25641	-0.0365468	0.0422197	0.768191
6	11	0.153846	0.282051	-0.0418851	0.0553581	0.905923
6	12	0.153846	0.307692	-0.0431035	0.0616403	0.671667
6	13	0.153846	0.333333	-0.0465621	0.0734942	0.95606
6	14	0.153846	0.358974	-0.0507526	0.0865077	0.657581
6	15	0.153846	0.384615	-0.0506118	0.0925957	0.860454
6	16	0.153846	0.410256	-0.058032	0.114629	0.806418
6	17	0.153846	0.435897	-0.0560239	0.115917	0.597163
6	18	0.153846	0.461538	-0.0629218	0.141444	1.04972
6	19	0.153846	0.487179	-0.0640294	0.147291	0.329568
6	20	0.153846	0.512821	-0.065153	0.163792	1.14038
6	21	0.153846	0.538462	-0.0729226	0.186167	0.337278
6	22	0.153846	0.564103	-0.0674703	0.184376	0.830594
6	23	0.153846	0.589744	-0.0783071	0.224587	0.749091
6	24	0.153846	0.615385	-0.0733611	0.211256	0.171567
6	25	0.153846	0.641026	-0.0767829	0.251318	1.29282
6	26	0.153846	0.666667	-0.0817579	0.249334	-0.375215
6	27	0.153846	0.692308	-0.0697795	0.261776	1.39899
6	28	0.153846	0.717949	-0.0836861	0.289692	-0.276831
6	29	0.153846	0.74359	-0.0614218	0.263125	0.726225
6	30	0.153846	0.769231	-0.0654238	0.309642	0.480301
6	31	0.153846	0.794872	-0.047237	0.264097	-0.358661
6	32	0.153846	0.820513	-0.0135962	0.288201	1.21245
6	33	0.153846	0.846154	0.000725577	0.255091	-1.00093
6	34	0.153846	0.871795	0.0913025	0.222398	1.18798
6	35	0.153846	0.897436	0.140757	0.205222	-0.755623
6	36	0.153846	0.923077	0.299276	0.127992	0.524507
6	37	0.153846	0.948718	0.453404	0.102002	-0.120739
6	38	0.153846	0.974359	0.702389	0.0425085	0.156874
6	39	0.153846	1	1	0	0
7	0	0.179487	0	0	0	0.738405
7	1	0.179487	0.025641	-0.00545969	0.000986887	0.738405
7	2	0.179487	0.0512821	-0.0105637	0.00243697	0.742493
7	3	0.179487	0.0769231	-0.0166514	0.00535485	0.749069
7	4	0.179487	0.102564	-0.0204278	0.00812947	0.736556
7	5	0.179487	0.128205	-0.0266669	0.013548	0.773027
7	6	0.179487	0.153846	-0.0299078	0.0178223	0.715693
7	7	0.179487	0.179487	-0.0347176	0.0246117	0.795619
7	8	0.179487	0.205128	-0.0394999	0.0319561	0.710116
7	9	0.179487	0.230769	-0.0413165	0.03816	0.77494
7	10	0.179487	0.25641	-0.048671	0.0498817	0.758325
7	11	0.179487	0.282051	-0.0481293	0.0551934	0.688818
7	12	0.179487	0.307692	-0.0560804	0.0696778	0.84777
7	13	0.179487	0.333333	-0.0568025	0.0774694	0.590494
7	14	0.179487	0.358974	-0.0610431	0.0896622	0.882873
7	15	0.179487	0.384615	-0.0672494	0.105259	0.598444
7	16	0.179487	0.410256	-0.064932	0.110724	0.748023
7	17	0.179487	0.435897	-0.0769477	0.135403	0.783184
7	18	0.179487	0.461538	-0.0707648	0.136831	0.451209
7	19	0.179487	0.487179	-0.0825608	0.162507	1.02855
7	20	0.179487	0.512821	-0.0804556	0.171549	0.212289
7	21	0.179487	0.538462	-0.083199	0.183868	1.03845
7	22	0.179487	0.564103	-0.0917297	0.212217	0.333441
7	23	0.179487	0.589744	-0.0821785	0.203934	0.58722
7	24	0.179487	0.615385	-0.0981837	0.247866	0.868759
7	25	0.179487	0.641026	-0.084	0.231647	-0.150004
7	26	0.179487	0.666667	-0.0937905	0.266027	1.39891
7	27	0.179487	0.692308	-0.0873294	0.269064	-0.574435
7	28	0.179487	0.717949	-0.077738	0.26434	1.27718
7	29	0.179487	0.74359	-0.0802615	0.300875	-0.167844
7	30	0.179487	0.769231	-0.0517446	0.253376	0.294395
7	31	0.179487	0.794872	-0.0432593	0.299666	0.860013
7	32	0.179487	0.820513	-0.00609336	0.241518	-0.899529
7	33	0.179487	0.846154	0.0453002	0.248039	1.58418
7	34	0.179487	0.871795	0.0965477	0.215097	-1.30063
7	35	0.179487	0.897436	0.214145	0.157348	1.30886
7	36	0.179487	0.923077	0.320815	0.147642	-0.669371
7	37	0.179487	0.948718	0.514354	0.0655152	0.49204
7	38	0.179487	0.974359	0.726836	0.0578417	0.153129
7	39	0.179487	1	1	0	0
8	0	0.205128	0	0	0	0.675359
8	1	0.205128	0.025641	-0.0064639	0.00128863	0.675359
8	2	0.205128	0.0512821	-0.0133546	0.00267356	0.671983
8	3	0.205128	0.0769231	-0.0186127	0.00567895	0.691249
8	4	0.205128	0.102564	-0.0261904	0.00972219	0.676222
8	5	0.205128	0.128205	-0.0298901	0.0134519	0.68328
8	6	0.205128	0.153846	-0.0371294	0.0205403	0.706853
8	7	0.205128	0.179487	-0.0411895	0.0252664	0.647352
8	8	0.205128	0.205128	-0.0458004	0.033779	0.742924
8	9	0.205128	0.230769	-0.0527541	0.0417758	0.627205
8	10	0.205128	0.25641	-0.0533124	0.0490339	0.725895
8	11	0.205128	0.282051	-0.0634109	0.0621243	0.6763
8	12	0.205128	0.307692	-0.061881	0.0677263	0.625823
8	13	0.205128	0.333333	-0.0713474	0.0838913	0.779554
8	14	0.205128	0.358974	-0.0731776	0.0919909	0.509194
8	15	0.205128	0.384615	-0.0760643	0.105172	0.821013
8	16	0.205128	0.410256	-0.0862985	0.121818	0.515392
8	17	0.205128	0.435897	-0.0798296	0.127265	0.672053
8	18	0.205128	0.461538	-0.0972841	0.153091	0.713136
8	19	0.205128	0.487179	-0.0866679	0.154658	0.360658
8	20	0.205128	0.512821	-0.101578	0.179677	0.951574
8	21	0.205128	0.538462	-0.09859	0.190389	0.146343
8	22	0.205128	0.564103	-0.0982332	0.19934	0.906053
8	23	0.205128	0.589744	-0.111706	0.229714	0.333365
8	24	0.205128	0.615385	-0.0917701	0.217725	0.388864
8	25	0.205128	0.641026	-0.116455	0.259388	0.899384
8	26	0.205128	0.666667	-0.0878383	0.243437	-0.319952
8	27	0.205128	0.692308	-0.103448	0.266926	1.32395
8	28	0.205128	0.717949	-0.084061	0.274831	-0.555913
8	29	0.205128	0.74359	-0.0696346	0.25283	0.971185
8	30	0.205128	0.769231	-0.0638681	0.29154	0.0993774
8	31	0.205128	0.794872	-0.0149052	0.230333	-0.174217
8	32	0.205128	0.820513	2.50434e-05	0.265788	1.20231
8	33	0.205128	0.846154	0.0743171	0.206746	-1.23397
8	34	0.205128	0.871795	0.137109	0.18979	1.7046
8	35	0.205128	0.897436	0.240106	0.167042	-1.23385
8	36	0.205128	0.923077	0.377987	0.0935942	1.13018
8	37	0.205128	0.948718	0.540981	0.0947475	-0.316729
8	38	0.205128	0.974359	0.755942	0.0362521	0.391998
8	39	0.205128	1	1	0	0
9	0	0.230769	0	0	0	0.607845
9	1	0.230769	0.025641	-0.00788444	0.000861795	0.607845
9	2	0.230769	0.0512821	-0.015063	0.0035442	0.628153
9	3	0.230769	0.0769231	-0.0232889	0.00566493	0.593175
9	4	0.230769	0.102564	-0.028593	0.00983413	0.650008
9	5	0.230769	0.128205	-0.0372274	0.0154146	0.599873
9	6	0.230769	0.153846	-0.0413999	0.0191753	0.624595
9	7	0.230769	0.179487	-0.0488639	0.0284811	0.654524
9	8	0.230769	0.205128	-0.0544224	0.0328649	0.557576
9	9	0.230769	0.230769	-0.0583452	0.0431017	0.714173
9	10	0.230769	0.25641	-0.0674954	0.0516854	0.521395
9	11	0.230769	0.282051	-0.0672445	0.0591096	0.692434
9	12	0.230769	0.307692	-0.0790033	0.0742391	0.589022
9	13	0.230769	0.333333	-0.0779161	0.0786425	0.554409
9	14	0.230769	0.358974	-0.0870561	0.0973271	0.733236
9	15	0.230769	0.384615	-0.0915751	0.104307	0.393956
9	16	0.230769	0.410256	-0.0916262	0.118782	0.801974
9	17	0.230769	0.435897	-0.106238	0.135663	0.385979
9	18	0.230769	0.461538	-0.0957715	0.140404	0.642155
9	19	0.230769	0.487179	-0.116655	0.167443	0.605373
9	20	0.230769	0.512821	-0.103958	0.167224	0.296523
9	21	0.230769	0.538462	-0.117572	0.192694	0.870679
9	22	0.230769	0.564103	-0.117406	0.201739	0.0608386
9	23	0.230769	0.589744	-0.108568	0.209444	0.831079
9	24	0.230769	0.615385	-0.129667	0.237441	0.244379
9	25	0.230769	0.641026	-0.0955477	0.223895	0.324308
9	26	0.230769	0.666667	-0.127434	0.25964	0.776836
9	27	0.230769	0.692308	-0.0847078	0.243614	-0.311494
9	28	0.230769	0.717949	-0.0982003	0.256591	1.09944
9	29	0.230769	0.74359	-0.0711308	0.263873	-0.414778
9	30	0.230769	0.769231	-0.0378279	0.231385	0.646203
9	31	0.230769	0.794872	-0.0316673	0.262279	0.306416
9	32	0.230769	0.820513	0.0539866	0.19881	-0.426964
9	33	0.230769	0.846154	0.0691723	0.215406	1.25633
9	34	0.230769	0.871795	0.192167	0.165396	-1.15867
9	35	0.230769	0.897436	0.264317	0.128742	1.43821
9	36	0.230769	0.923077	0.41797	0.11835	-0.793457
9	37	0.230769	0.948718	0.574273	0.0481604	0.725779
9	38	0.230769	0.974359	0.774237	0.0584952	0.141819
9	39	0.230769	1	1	0	0
10	0	0.25641	0	0	0	0.550535
10	1	0.25641	0.025641	-0.00908201	0.00173958	0.550535
10	2	0.25641	0.0512821	-0.0180534	0.00237049	0.532797
10	3	0.25641	0.0769231	-0.0256199	0.00679	0.592693
10	4	0.25641	0.102564	-0.0346853	0.00992427	0.508349
10	5	0.25641	0.128205	-0.0404414	0.0142776	0.60557
10	6	0.25641	0.153846	-0.0494213	0.022036	0.536712
10	7	0.25641	0.179487	-0.0545779	0.0248973	0.543912
10	8	0.25641	0.205128	-0.0619191	0.0364923	0.627931
10	9	0.25641	0.230769	-0.0688409	0.0404505	0.443127
10	10	0.25641	0.25641	-0.0726172	0.0514349	0.701981
10	11	0.25641	0.282051	-0.0828642	0.0614418	0.411369
10	12	0.25641	0.307692	-0.0831178	0.0673605	0.64732
10	13	0.25641	0.333333	-0.0949472	0.0855413	0.528899
10	14	0.25641	0.358974	-0.0955043	0.0873174	0.443278
10	15	0.25641	0.384615	-0.103309	0.108717	0.734071
10	16	0.25641	0.410256	-0.110401	0.114182	0.231914
10	17	0.25641	0.435897	-0.108186	0.128809	0.823464
10	18	0.25641	0.461538	-0.124974	0.146678	0.231132
10	19	0.25641	0.487179	-0.112851	0.148402	0.620238
10	20	0.25641	0.512821	-0.133164	0.178128	0.514974
10	21	0.25641	0.538462	-0.121483	0.17314	0.192608
10	22	0.25641	0.564103	-0.129477	0.200701	0.859646
10	23	0.25641	0.589744	-0.13384	0.20503	-0.114973
10	24	0.25641	0.615385	-0.114118	0.21251	0.874184
10	25	0.25641	0.641026	-0.140531	0.236177	0.031542
10	26	0.25641	0.666667	-0.0938556	0.219964	0.393469
10	27	0.25641	0.692308	-0.124807	0.251002	0.552182
10	28	0.25641	0.717949	-0.07417	0.229896	-0.230677
10	29	0.25641	0.74359	-0.0723202	0.238488	0.89095
10	30	0.25641	0.769231	-0.0458673	0.236489	-0.362071
10	31	0.25641	0.794872	0.0203434	0.203412	0.540639
10	32	0.25641	0.820513	0.0217482	0.218776	0.221475
10	33	0.25641	0.846154	0.152009	0.161649	-0.27978
10	34	0.25641	0.871795	0.16977	0.16054	0.913178
10	35	0.25641	0.897436	0.336911	0.120869	-0.688716
10	36	0.25641	0.923077	0.425868	0.0796631	0.903443
10	37	0.25641	0.948718	0.611816	0.0734685	-0.230438
10	38	0.25641	0.974359	0.788175	0.0330589	0.42111
10	39	0.25641	1	1	0	0
11	0	0.282051	0	0	0	0.481819
11	1	0.282051	0.025641	-0.0104711	0.000657573	0.481819
11	2	0.282051	0.0512821	-0.0202342	0.00401923	0.51216
11	3	0.282051	0.0769231	-0.0297175	0.00518778	0.448195
11	4	0.282051	0.102564	-0.037934	0.0103056	0.557464
11	5	0.282051	0.128205	-0.0471226	0.0151108	0.433754
11	6	0.282051	0.153846	-0.0537218	0.0186213	0.541219
11	7	0.282051	0.179487	-0.0627712	0.0287214	0.498497
11	8	0.282051	0.205128	-0.0686632	0.0305038	0.438431
11	9	0.282051	0.230769	-0.0764916	0.0434539	0.618629
11	10	0.282051	0.25641	-0.0836581	0.0478334	0.323923
11	11	0.282051	0.282051	-0.088531	0.0578489	0.678086
11	12	0.282051	0.307692	-0.0984716	0.0703742	0.329459
11	13	0.282051	0.333333	-0.100153	0.07335	0.561081
11	14	0.282051	0.358974	-0.111419	0.0947636	0.516945
11	15	0.282051	0.384615	-0.113149	0.0937303	0.286091
11	16	0.282051	0.410256	-0.120523	0.116483	0.771472
11	17	0.282051	0.435897	-0.127875	0.121614	0.0523977
11	18	0.282051	0.461538	-0.125685	0.133845	0.840856
11	19	0.282051	0.487179	-0.141097	0.154467	0.10798
11	20	0.282051	0.512821	-0.129795	0.150416	0.54447
11	21	0.282051	0.538462	-0.146257	0.184156	0.503292
11	22	0.282051	0.564103	-0.136338	0.172376	-0.00209533
11	23	0.282051	0.589744	-0.137579	0.2021	0.953349
11	24	0.282051	0.615385	-0.14348	0.201244	-0.388564
11	25	0.282051	0.641026	-0.115367	0.206507	1.01014
11	26	0.282051	0.666667	-0.139222	0.227979	-0.236495
11	27	0.282051	0.692308	-0.0861935	0.204233	0.483816
11	28	0.282051	0.717949	-0.104497	0.236144	0.384073
11	29	0.282051	0.74359	-0.0533996	0.202702	-0.268747
11	30	0.282051	0.769231	-0.0248339	0.21482	0.90575
11	31	0.282051	0.794872	-0.00246418	0.197451	-0.590078
11	32	0.282051	0.820513	0.1011	0.16995	0.79594
11	33	0.282051	0.846154	0.103499	0.170911	-0.216671
11	34	0.282051	0.871795	0.270173	0.119828	0.210761
11	35	0.282051	0.897436	0.304809	0.113311	0.337298
11	36	0.282051	0.923077	0.49553	0.0766127	-0.104404
11	37	0.282051	0.948718	0.613416	0.0488714	0.415855
11	38	0.282051	0.974359	0.808134	0.0438519	0.184241
11	39	0.282051	1	1	0	0
12	0	0.307692	0	0	0	0.427696
12	1	0.307692	0.025641	-0.0118031	0.00173513	0.427696
12	2	0.307692	0.0512821	-0.0225431	0.00204664	0.407628
12	3	0.307692	0.0769231	-0.0330853	0.0067473	0.476386
12	4	0.307692	0.102564	-0.0423215	0.00894041	0.370078
12	5	0.307692	0.128205	-0.0515003	0.0136969	0.505806
12	6	0.307692	0.153846	-0.0605281	0.0203927	0.381372
12	7	0.307692	0.179487	-0.0676708	0.0227715	0.453677
12	8	0.307692	0.205128	-0.0774106	0.0343811	0.477139
12	9	0.307692	0.230769	-0.0829263	0.0358422	0.327649
12	10	0.307692	0.25641	-0.0924285	0.0485	0.598857
12	11	0.307692	0.282051	-0.0985746	0.0543737	0.231253
12	12	0.307692	0.307692	-0.105281	0.0620223	0.614846
12	13	0.307692	0.333333	-0.114548	0.0772485	0.293677
12	14	0.307692	0.358974	-0.116956	0.0771925	0.431427
12	15	0.307692	0.384615	-0.128791	0.100425	0.537725
12	16	0.307692	0.410256	-0.129361	0.0979568	0.116746
12	17	0.307692	0.435897	-0.138504	0.11946	0.79771
12	18	0.307692	0.461538	-0.143017	0.126166	-0.0876771
12	19	0.307692	0.487179	-0.142755	0.133444	0.797191
12	20	0.307692	0.512821	-0.154459	0.157937	0.0670104
12	21	0.307692	0.538462	-0.14388	0.146813	0.380266
12	22	0.307692	0.564103	-0.156425	0.183975	0.584104
12	23	0.307692	0.589744	-0.144789	0.166032	-0.272821
12	24	0.307692	0.615385	-0.142284	0.195238	1.10668
12	25	0.307692	0.641026	-0.142432	0.192076	-0.678824
12	26	0.307692	0.666667	-0.111545	0.190331	1.12512
12	27	0.307692	0.692308	-0.123077	0.214732	-0.413801
12	28	0.307692	0.717949	-0.0694951	0.177456	0.431024
12	29	0.307692	0.74359	-0.0667242	0.216278	0.440131
12	30	0.307692	0.769231	-0.0165177	0.16634	-0.569241
12	31	0.307692	0.794872	0.0401122	0.185466	1.23272
12	32	0.307692	0.820513	0.0665126	0.155195	-1.10468
12	33	0.307692	0.846154	0.196793	0.130535	1.3069
12	34	0.307692	0.871795	0.218218	0.1288	-0.794569
12	35	0.307692	0.897436	0.399254	0.0754711	0.727309
12	36	0.307692	0.923077	0.469597	0.0797582	-0.110986
12	37	0.307692	0.948718	0.659973	0.0389113	0.236339
12	38	0.307692	0.974359	0.810708	0.0365588	0.260817
12	39	0.307692	1	1	0	0
13	0	0.333333	0	0	0	0.362145
13	1	0.333333	0.025641	-0.0128998	0.000671337	0.362145
13	2	0.333333	0.0512821	-0.0252494	0.00351528	0.384823
13	3	0.333333	0.0769231	-0.0354691	0.00452046	0.335397
13	4	0.333333	0.102564	-0.047051	0.00939544	0.427971
13	5	0.333333	0.128205	-0.0556901	0.0128479	0.310568
13	6	0.333333	0.153846	-0.0655384	0.0168612	0.433585
13	7	0.333333	0.179487	-0.0749736	0.0247172	0.344294
13	8	0.333333	0.205128	-0.0815914	0.026594	0.360936
13	9	0.333333	0.230769	-0.0931432	0.038196	0.446542
13	10	0.333333	0.25641	-0.0971273	0.0403071	0.240875
13	11	0.333333	0.282051	-0.108921	0.0513736	0.543184
13	12	0.333333	0.307692	-0.113857	0.0588936	0.180608
13	13	0.333333	0.333333	-0.121572	0.0641353	0.512541
13	14	0.333333	0.358974	-0.13143	0.0806909	0.286192
13	15	0.333333	0.384615	-0.132284	0.0789953	0.293748
13	16	0.333333	0.410256	-0.146769	0.101557	0.543533
13	17	0.333333	0.435897	-0.143513	0.0995286	-0.0104891
13	18	0.333333	0.461538	-0.155832	0.117479	0.761728
13	19	0.333333	0.487179	-0.155989	0.126688	-0.147706
13	20	0.333333	0.512821	-0.156874	0.12822	0.671245
13	21	0.333333	0.538462	-0.16565	0.155592	0.105933
13	22	0.333333	0.564103	-0.15201	0.13871	0.15838
13	23	0.333333	0.589744	-0.1639	0.17625	0.699077
13	24	0.333333	0.615385	-0.144003	0.155435	-0.53238
13	25	0.333333	0.641026	-0.142501	0.179545	1.20984
13	26	0.333333	0.666667	-0.129203	0.178712	-0.85691
13	27	0.333333	0.692308	-0.0994009	0.165099	1.08489
13	28	0.333333	0.717949	-0.0930873	0.196873	-0.374563
13	29	0.333333	0.74359	-0.0381135	0.143642	0.14076
13	30	0.333333	0.769231	-0.0155109	0.190602	0.757765
13	31	0.333333	0.794872	0.0433563	0.128125	-1.08806
13	32	0.333333	0.820513	0.116356	0.149246	1.7253
13	33	0.333333	0.846154	0.165641	0.118234	-1.656
13	34	0.333333	0.871795	0.301387	0.0865172	1.73285
13	35	0.333333	0.897436	0.362688	0.097252	-1.13198
13	36	0.333333	0.923077	0.535652	0.0353443	0.905656
13	37	0.333333	0.948718	0.650202	0.0559477	-0.179855
13	38	0.333333	0.974359	0.82902	0.0213553	0.275224
13	39	0.333333	1	1	0	0
14	0	0.358974	0	0	0	0.306109
14	1	0.358974	0.025641	-0.0142181	0.00119641	0.306109
14	2	0.358974	0.0512821	-0.0265385	0.00201216	0.300984
14	3	0.358974	0.0769231	-0.0396837	0.00542034	0.331807
14	4	0.358974	0.102564	-0.0489406	0.00724103	0.278336
14	5	0.358974	0.128205	-0.0613227	0.0118411	0.361687
14	6	0.358974	0.153846	-0.0698292	0.0158902	0.264306
14	7	0.358974	0.179487	-0.0793573	0.0196683	0.356817
14	8	0.358974	0.205128	-0.0902397	0.0273034	0.298657
14	9	0.358974	0.230769	-0.0952691	0.0295135	0.289826
14	10	0.358974	0.25641	-0.109182	0.0399471	0.383771
14	11	0.358974	0.282051	-0.111547	0.0427856	0.191226
14	12	0.358974	0.307692	-0.124769	0.0522771	0.453764
14	13	0.358974	0.333333	-0.129814	0.0601324	0.15311
14	14	0.358974	0.358974	-0.136355	0.0642887	0.406225
14	15	0.358974	0.384615	-0.148767	0.0798962	0.261364
14	16	0.358974	0.410256	-0.145773	0.0782599	0.197959
14	17	0.358974	0.435897	-0.163936	0.0981762	0.490041
14	18	0.358974	0.461538	-0.155981	0.0972821	-0.0642046
14	19	0.358974	0.487179	-0.170201	0.111279	0.653247
14	20	0.358974	0.512821	-0.167407	0.121771	-0.141722
14	21	0.358974	0.538462	-0.165514	0.119227	0.504137
14	22	0.358974	0.564103	-0.174697	0.14638	0.159523
14	23	0.358974	0.589744	-0.152251	0.127079	-0.0339029
14	24	0.358974	0.615385	-0.167306	0.160844	0.747167
14	25	0.358974	0.641026	-0.133409	0.141176	-0.671825
14	26	0.358974	0.666667	-0.134921	0.15642	1.15915
14	27	0.358974	0.692308	-0.10522	0.161011	-0.836734
14	28	0.358974	0.717949	-0.0737571	0.134523	0.839463
14	29	0.358974	0.74359	-0.052789	0.173279	-0.125038
14	30	0.358974	0.769231	0.0137852	0.109045	-0.305508
14	31	0.358974	0.794872	0.0446033	0.157758	1.16498
14	32	0.358974	0.820513	0.12975	0.0951096	-1.5616
14	33	0.358974	0.846154	0.200682	0.107134	2.04357
14	34	0.358974	0.871795	0.291757	0.0903045	-1.8709
14	35	0.358974	0.897436	0.414947	0.0441969	1.72209
14	36	0.358974	0.923077	0.524474	0.0730664	-0.982632
14	37	0.358974	0.948718	0.681706	0.00917176	0.650303
14	38	0.358974	0.974359	0.830263	0.0373476	0.0542619
14	39	0.358974	1	1	0	0
15	0	0.384615	0	0	0	0.247881
15	1	0.384615	0.025641	-0.0149582	0.000883113	0.247881
15	2	0.384615	0.0512821	-0.0292584	0.00217345	0.248162
15	3	0.384615	0.0769231	-0.040469	0.00383944	0.251318
15	4	0.384615	0.102564	-0.054266	0.00719703	0.263055
15	5	0.384615	0.128205	-0.0628886	0.00921458	0.232715
15	6	0.384615	0.153846	-0.0751942	0.0139481	0.2915
15	7	0.384615	0.179487	-0.0845085	0.017312	0.209711
15	8	0.384615	0.205128	-0.0927358	0.0215681	0.299908
15	9	0.384615	0.230769	-0.10558	0.0279554	0.223885
15	10	0.384615	0.25641	-0.108975	0.0304788	0.251369
15	11	0.384615	0.282051	-0.12442	0.0398394	0.292417
15	12	0.384615	0.307692	-0.12647	0.0421247	0.159419
15	13	0.384615	0.333333	-0.139077	0.0512862	0.364544
15	14	0.384615	0.358974	-0.146076	0.0574275	0.106007
15	15	0.384615	0.384615	-0.14945	0.0619532	0.340868
15	16	0.384615	0.410256	-0.165195	0.0750147	0.181666
15	17	0.384615	0.435897	-0.157931	0.0738339	0.167133
15	18	0.384615	0.461538	-0.178218	0.0910676	0.375933
15	19	0.384615	0.487179	-0.167359	0.0899216	-0.0668249
15	20	0.384615	0.512821	-0.17958	0.101786	0.519459
15	21	0.384615	0.538462	-0.177108	0.110621	-0.136893
15	22	0.384615	0.564103	-0.167468	0.107092	0.378704
15	23	0.384615	0.589744	-0.180021	0.130504	0.138909
15	24	0.384615	0.615385	-0.144719	0.112033	-0.108781
15	25	0.384615	0.641026	-0.163398	0.139334	0.653926
15	26	0.384615	0.666667	-0.114626	0.122732	-0.640341
15	27	0.384615	0.692308	-0.114979	0.129215	0.941727
15	28	0.384615	0.717949	-0.0733432	0.13779	-0.657669
15	29	0.384615	0.74359	-0.0300061	0.103767	0.493631
15	30	0.384615	0.769231	-0.00511376	0.14278	0.154922
15	31	0.384615	0.794872	0.0883201	0.0792463	-0.653796
15	32	0.384615	0.820513	0.112783	0.118705	1.34897
15	33	0.384615	0.846154	0.238903	0.0699763	-1.65501
15	34	0.384615	0.871795	0.296028	0.0649387	1.87948
15	35	0.384615	0.897436	0.433336	0.0681471	-1.54376
15	36	0.384615	0.923077	0.54267	0.0136068	1.2162
15	37	0.384615	0.948718	0.688311	0.0488905	-0.486936
15	38	0.384615	0.974359	0.838978	0.00519257	0.280541
15	39	0.384615	1	1	0	0
16	0	0.410256	0	0	0	0.186775
16	1	0.410256	0.025641	-0.0160025	0.000385086	0.186775
16	2	0.410256	0.0512821	-0.0298479	0.0020333	0.203532
16	3	0.410256	0.0769231	-0.0442668	0.00321731	0.174963
16	4	0.410256	0.102564	-0.0545422	0.00507011	0.212236
16	5	0.410256	0.128205	-0.0682653	0.00870915	0.190312
16	6	0.410256	0.153846	-0.0770783	0.00968677	0.179104
16	7	0.410256	0.179487	-0.0884146	0.015191	0.239803
16	8	0.410256	0.205128	-0.0990365	0.0169279	0.12802
16	9	0.410256	0.230769	-0.105914	0.0215635	0.272414
16	10	0.410256	0.25641	-0.119988	0.0268784	0.124431
16	11	0.410256	0.282051	-0.122968	0.0284286	0.226342
16	12	0.410256	0.307692	-0.138087	0.037926	0.205078
16	13	0.410256	0.333333	-0.141532	0.0377804	0.105596
16	14	0.410256	0.358974	-0.151782	0.0478472	0.315895
16	15	0.410256	0.384615	-0.161369	0.0510283	0.0078186
16	16	0.410256	0.410256	-0.161429	0.0560016	0.332513
16	17	0.410256	0.435897	-0.178874	0.0668378	0.0528477
16	18	0.410256	0.461538	-0.169303	0.0645485	0.173012
16	19	0.410256	0.487179	-0.187999	0.0810084	0.251504
16	20	0.410256	0.512821	-0.177339	0.0768938	-0.0843033
16	21	0.410256	0.538462	-0.18331	0.0893243	0.436113
16	22	0.410256	0.564103	-0.183407	0.0937151	-0.208316
16	23	0.410256	0.589744	-0.163316	0.091572	0.361937
16	24	0.410256	0.615385	-0.178554	0.109628	-0.00368084
16	25	0.410256	0.641026	-0.131055	0.0928419	-0.0453201
16	26	0.410256	0.666667	-0.1483	0.114665	0.435872
16	27	0.410256	0.692308	-0.0898001	0.0990546	-0.500083
16	28	0.410256	0.717949	-0.0792695	0.102028	0.673547
16	29	0.410256	0.74359	-0.0350781	0.108306	-0.493024
16	30	0.410256	0.769231	0.032644	0.0769682	0.274729
16	31	0.410256	0.794872	0.0509062	0.106601	0.199368
16	32	0.410256	0.820513	0.181119	0.0558788	-0.630779
16	33	0.410256	0.846154	0.193843	0.0788246	1.07059
16	34	0.410256	0.871795	0.360148	0.0494757	-1.22678
16	35	0.410256	0.897436	0.409356	0.0319419	1.2277
16	36	0.410256	0.923077	0.576858	0.0454981	-0.851415
16	37	0.410256	0.948718	0.687589	0.000764844	0.540382
16	38	0.410256	0.974359	0.846521	0.0252429	-0.0399857
16	39	0.410256	1	1	0	0
17	0	0.435897	0	0	0	0.135892
17	1	0.435897	0.025641	-0.0164611	0.000987067	0.135892
17	2	0.435897	0.0512821	-0.0317166	0.000597511	0.114843
17	3	0.435897	0.0769231	-0.0444814	0.0028576	0.169437
17	4	0.435897	0.102564	-0.0584853	0.00411159	0.0964789
17	5	0.435897	0.128205	-0.0685252	0.00492769	0.166336
17	6	0.435897	0.153846	-0.0813886	0.0094587	0.134406
17	7	0.435897	0.179487	-0.0908797	0.00846444	0.0998347
17	8	0.435897	0.205128	-0.101181	0.0146219	0.215563
17	9	0.435897	0.230769	-0.112502	0.0149437	0.023715
17	10	0.435897	0.25641	-0.119127	0.0186645	0.255768
17	11	0.435897	0.282051	-0.132789	0.0241174	0.0313393
17	12	0.435897	0.307692	-0.136908	0.0229081	0.177492
17	13	0.435897	0.333333	-0.150193	0.0336446	0.158344
17	14	0.435897	0.358974	-0.155567	0.0300739	0.00301172
17	15	0.435897	0.384615	-0.163476	0.0408657	0.318538
17	16	0.435897	0.410256	-0.174078	0.0417179	-0.130656
17	17	0.435897	0.435897	-0.172782	0.0453849	0.349175
17	18	0.435897	0.461538	-0.188536	0.0560026	-0.0737044
17	19	0.435897	0.487179	-0.179485	0.0500597	0.152486
17	20	0.435897	0.512821	-0.19302	0.0680647	0.184577
17	21	0.435897	0.538462	-0.18422	0.0588892	-0.178261
17	22	0.435897	0.564103	-0.182254	0.073386	0.451286
17	23	0.435897	0.589744	-0.183503	0.0727417	-0.380831
17	24	0.435897	0.615385	-0.154611	0.071853	0.45055
17	25	0.435897	0.641026	-0.167121	0.0862868	-0.229711
17	26	0.435897	0.666667	-0.112747	0.0687108	0.0801173
17	27	0.435897	0.692308	-0.11968	0.0899607	0.211092
17	28	0.435897	0.717949	-0.0593017	0.0699424	-0.408664
17	29	0.435897	0.74359	-0.0280432	0.0776982	0.546509
17	30	0.435897	0.769231	0.0117256	0.0742058	-0.552955
17	31	0.435897	0.794872	0.109541	0.0548181	0.385092
17	32	0.435897	0.820513	0.120921	0.0698521	-0.150956
17	33	0.435897	0.846154	0.282659	0.0357648	-0.169811
17	34	0.435897	0.871795	0.295279	0.046478	0.388791
17	35	0.435897	0.897436	0.482162	0.0281207	-0.49757
17	36	0.435897	0.923077	0.544294	0.0143841	0.447665
17	37	0.435897	0.948718	0.716091	0.0209498	-0.241264
17	38	0.435897	0.974359	0.844105	0.00192858	0.124299
17	39	0.435897	1	1	0	0
18	0	0.461538	0	0	0	0.0712439
18	1	0.461538	0.025641	-0.0169798	-0.000284604	0.0712439
18	2	0.461538	0.0512821	-0.0321295	0.0016084	0.0997148
18	3	0.461538	0.0769231	-0.0463794	0.000855484	0.0344316
18	4	0.461538	0.102564	-0.0586398	0.00245634	0.131126
18	5	0.461538	0.128205	-0.0715777	0.004398	0.0320875
18	6	0.461538	0.153846	-0.0818547	0.00318349	0.0964884
18	7	0.461538	0.179487	-0.0937846	0.00854612	0.10459
18	8	0.461538	0.205128	-0.103472	0.00574968	-0.00152038
18	9	0.461538	0.230769	-0.113704	0.011303	0.20166
18	10	0.461538	0.25641	-0.124313	0.0114147	-0.0740983
18	11	0.461538	0.282051	-0.132064	0.012473	0.21515
18	12	0.461538	0.307692	-0.144039	0.0191255	-0.0217486
18	13	0.461538	0.333333	-0.149738	0.0142823	0.0813916
18	14	0.461538	0.358974	-0.161319	0.0259423	0.159469
18	15	0.461538	0.384615	-0.167169	0.0197757	-0.134539
18	16	0.461538	0.410256	-0.174594	0.0293946	0.338671
18	17	0.461538	0.435897	-0.183216	0.0300207	-0.258412
18	18	0.461538	0.461538	-0.183049	0.029924	0.33126
18	19	0.461538	0.487179	-0.194193	0.0423739	-0.137688
18	20	0.461538	0.512821	-0.186832	0.0312124	0.0556693
18	21	0.461538	0.538462	-0.19428	0.0515414	0.207496
18	22	0.461538	0.564103	-0.185524	0.0375789	-0.355306
18	23	0.461538	0.589744	-0.177803	0.0531478	0.543309
18	24	0.461538	0.615385	-0.174899	0.0498483	-0.600671
18	25	0.461538	0.641026	-0.142286	0.0474376	0.560655
18	26	0.461538	0.666667	-0.144303	0.0627632	-0.425092
18	27	0.461538	0.692308	-0.089354	0.0399797	0.129876
18	28	0.461538	0.717949	-0.0785109	0.0669945	0.134031
18	29	0.461538	0.74359	-0.0203591	0.0374697	-0.521157
18	30	0.461538	0.769231	0.0341593	0.0562019	0.694857
18	31	0.461538	0.794872	0.0726699	0.0404018	-0.921325
18	32	0.461538	0.820513	0.192642	0.0343516	0.82167
18	33	0.461538	0.846154	0.211796	0.0399573	-0.778241
18	34	0.461538	0.871795	0.384202	0.0143766	0.473682
18	35	0.461538	0.897436	0.420207	0.0273226	-0.319539
18	36	0.461538	0.923077	0.60104	0.00513541	0.0807005
18	37	0.461538	0.948718	0.694946	0.00870073	-0.0270636
18	38	0.461538	0.974359	0.855458	0.00234471	-0.0109956
18	39	0.461538	1	1	0	0
19	0	0.487179	0	0	0	0.0230241
19	1	0.487179	0.025641	-0.0172196	0.000689885	0.0230241
19	2	0.487179	0.0512821	-0.032522	-0.000596002	-0.00330368
19	3	0.487179	0.0769231	-0.0468654	0.00122899	0.0629957
19	4	0.487179	0.102564	-0.0596154	0.000689301	-0.0361384
19	5	0.487179	0.128205	-0.0718377	0.000540691	0.0716851
19	6	0.487179	0.153846	-0.0836485	0.00322737	-0.008015
19	7	0.487179	0.179487	-0.0937978	2.45993e-05	0.00452213
19	8	0.487179	0.205128	-0.105649	0.00507325	0.0860149
19	9	0.487179	0.230769	-0.114333	0.00162157	-0.0983404
19	10	0.487179	0.25641	-0.125714	0.00486432	0.165766
19	11	0.487179	0.282051	-0.13455	0.00583472	-0.134164
19	12	0.487179	0.307692	-0.143782	0.0033709	0.129271
19	13	0.487179	0.333333	-0.154296	0.0109036	-0.0293794
19	14	0.487179	0.358974	-0.160238	0.00330626	-0.0470595
19	15	0.487179	0.384615	-0.171853	0.0139552	0.174568
19	16	0.487179	0.410256	-0.175572	0.00733158	-0.257655
19	17	0.487179	0.435897	-0.184657	0.0133694	0.320492
19	18	0.487179	0.461538	-0.188977	0.0156631	-0.321709
19	19	0.487179	0.487179	-0.19069	0.0105555	0.238246
19	20	0.487179	0.512821	-0.196884	0.0251331	-0.118674
19	21	0.487179	0.538462	-0.189207	0.00962236	-0.1109
19	22	0.487179	0.564103	-0.192973	0.0306385	0.286044
19	23	0.487179	0.589744	-0.17937	0.0147586	-0.552595
19	24	0.487179	0.615385	-0.170442	0.0283806	0.626042
19	25	0.487179	0.641026	-0.156917	0.0266222	-0.761606
19	26	0.487179	0.666667	-0.125366	0.0191101	0.575504
19	27	0.487179	0.692308	-0.111529	0.040002	-0.470502
19	28	0.487179	0.717949	-0.0579089	0.00903019	-0.00264792
19	29	0.487179	0.74359	-0.0289362	0.0452787	0.281204
19	30	0.487179	0.769231	0.0320088	0.00628428	-0.860495
19	31	0.487179	0.794872	0.100957	0.0349578	1.06203
19	32	0.487179	0.820513	0.153218	0.0133712	-1.44029
19	33	0.487179	0.846154	0.275907	0.0121063	1.31355
19	34	0.487179	0.871795	0.325337	0.0217718	-1.31086
19	35	0.487179	0.897436	0.484426	-0.0083884	0.870033
19	36	0.487179	0.923077	0.562282	0.0187107	-0.642461
19	37	0.487179	0.948718	0.722633	-0.0125691	0.209134
19	38	0.487179	0.974359	0.849532	0.00344084	-0.102876
19	39	0.487179	1	1	0	0
20	0	0.512821	0	0	0	-0.040431
20	1	0.512821	0.025641	-0.0171141	-0.000570081	-0.040431
20	2	0.512821	0.0512821	-0.0329192	0.000478311	-0.0194301
20	3	0.512821	0.0769231	-0.046252	-0.00111867	-0.0738763
20	4	0.512821	0.102564	-0.06028	-0.000567339	0.00945631
20	5	0.512821	0.128205	-0.0714959	-0.00069291	-0.0854537
20	6	0.512821	0.153846	-0.0834323	-0.00273485	-0.00935948
20	7	0.512821	0.179487	-0.0948885	-0.000265397	-0.0357155
20	8	0.512821	0.205128	-0.103888	-0.0044403	-0.0859983
20	9	0.512821	0.230769	-0.116763	-0.00132314	0.0491044
20	10	0.512821	0.25641	-0.12355	-0.0043633	-0.161517
20	11	0.512821	0.282051	-0.136379	-0.00431933	0.087962
20	12	0.512821	0.307692	-0.143739	-0.00272552	-0.151559
20	13	0.512821	0.333333	-0.153216	-0.00790597	0.0126158
20	14	0.512821	0.358974	-0.163909	-0.00134061	-0.0240421
20	15	0.512821	0.384615	-0.167808	-0.00961961	-0.161094
20	16	0.512821	0.410256	-0.181325	-0.00230991	0.151827
20	17	0.512821	0.435897	-0.181082	-0.00760831	-0.318178
20	18	0.512821	0.461538	-0.19225	-0.00623705	0.230541
20	19	0.512821	0.487179	-0.192379	-0.00223687	-0.30836
20	20	0.512821	0.512821	-0.193884	-0.0111893	0.0850701
20	21	0.512821	0.538462	-0.197604	0.00352032	-0.0580691
20	22	0.512821	0.564103	-0.185251	-0.0132244	-0.280598
20	23	0.512821	0.589744	-0.189241	0.00533545	0.33603
20	24	0.512821	0.615385	-0.165659	-0.00854284	-0.674053
20	25	0.512821	0.641026	-0.158889	0.000175459	0.60285
20	26	0.512821	0.666667	-0.131243	0.00338912	-0.774943
20	27	0.512821	0.692308	-0.100974	-0.0106183	0.428144
20	28	0.512821	0.717949	-0.0724019	0.0172614	-0.334152
20	29	0.512821	0.74359	-0.0143118	-0.019906	-0.29672
20	30	0.512821	0.769231	0.0242857	0.0227415	0.562175
20	31	0.512821	0.794872	0.101599	-0.0181718	-1.25182
20	32	0.512821	0.820513	0.168772	0.0116118	1.38462
20	33	0.512821	0.846154	0.253563	-0.00298148	-1.76958
20	34	0.512821	0.871795	0.360411	-0.0112616	1.48125
20	35	0.512821	0.897436	0.454643	0.0130644	-1.39356
20	36	0.512821	0.923077	0.590664	-0.0259953	0.764141
20	37	0.512821	0.948718	0.709364	0.0113846	-0.503917
20	38	0.512821	0.974359	0.855641	-0.0182431	0.0078077
20	39	0.512821	1	1	0	0
21	0	0.538462	0	0	0	-0.0920419
21	1	0.538462	0.025641	-0.017085	-1.4877e-05	-0.0920419
21	2	0.538462	0.0512821	-0.0318634	-0.00121387	-0.105808
21	3	0.538462	0.0769231	-0.046872	-0.00101973	-0.0733532
21	4	0.538462	0.102564	-0.0582234	-0.00261078	-0.12758
21	5	0.538462	0.128205	-0.0718334	-0.00367526	-0.0639795
21	6	0.538462	0.153846	-0.0822223	-0.00412614	-0.121968
21	7	0.538462	0.179487	-0.0930086	-0.00723335	-0.0919674
21	8	0.538462	0.205128	-0.105142	-0.00645059	-0.0775143
21	9	0.538462	0.230769	-0.112213	-0.0105763	-0.148111
21	10	0.538462	0.25641	-0.126404	-0.0102932	-0.0250859
21	11	0.538462	0.282051	-0.13162	-0.013048	-0.185858
21	12	0.538462	0.307692	-0.144767	-0.0155344	-0.0187349
21	13	0.538462	0.333333	-0.152206	-0.01499	-0.156291
21	14	0.538462	0.358974	-0.15989	-0.0209756	-0.0914764
21	15	0.538462	0.384615	-0.172436	-0.0175582	-0.0533992
21	16	0.538462	0.410256	-0.172818	-0.0248665	-0.217386
21	17	0.538462	0.435897	-0.188447	-0.0218833	0.0630065
21	18	0.538462	0.461538	-0.184668	-0.0259332	-0.309186
21	19	0.538462	0.487179	-0.195825	-0.0279938	0.0883184
21	20	0.538462	0.512821	-0.194238	-0.0243836	-0.262631
21	21	0.538462	0.538462	-0.191687	-0.0340869	-0.0619642
21	22	0.538462	0.564103	-0.196246	-0.022333	-0.0350553
21	23	0.538462	0.589744	-0.17528	-0.0367275	-0.368622
21	24	0.538462	0.615385	-0.181661	-0.0230992	0.279273
21	25	0.538462	0.641026	-0.146185	-0.0324368	-0.656468
21	26	0.538462	0.666667	-0.140518	-0.0289862	0.437684
21	27	0.538462	0.692308	-0.100918	-0.0206964	-0.641188
21	28	0.538462	0.717949	-0.0659302	-0.0380589	0.167639
21	29	0.538462	0.74359	-0.0302741	-0.00697644	-0.123091
21	30	0.538462	0.769231	0.0436958	-0.0424954	-0.579284
21	31	0.538462	0.794872	0.0795369	-0.00190082	0.739635
21	32	0.538462	0.820513	0.187186	-0.0330473	-1.40606
21	33	0.538462	0.846154	0.240454	-0.0124371	1.35397
21	34	0.538462	0.871795	0.366545	-0.0107603	-1.63416
21	35	0.538462	0.897436	0.454387	-0.0295094	1.1419
21	36	0.538462	0.923077	0.588248	0.00591343	-1.00538
21	37	0.538462	0.948718	0.712037	-0.0308169	0.316852
21	38	0.538462	0.974359	0.854488	-0.00291421	-0.244067
21	39	0.538462	1	1	0	0
22	0	0.564103	0	0	0	-0.150523
22	1	0.564103	0.025641	-0.0164476	-0.000556882	-0.150523
22	2	0.564103	0.0512821	-0.031885	-0.00110796	-0.150117
22	3	0.564103	0.0769231	-0.0443504	-0.00261018	-0.159398
22	4	0.564103	0.102564	-0.0586606	-0.00377295	-0.144393
22	5	0.564103	0.128205	-0.0686686	-0.00587777	-0.169209
22	6	0.564103	0.153846	-0.0811674	-0.00793598	-0.141096
22	7	0.564103	0.179487	-0.0917157	-0.00999524	-0.168819
22	8	0.564103	0.205128	-0.100652	-0.0132334	-0.151437
22	9	0.564103	0.230769	-0.1138	-0.0150144	-0.15151
22	10	0.564103	0.25641	-0.119242	-0.0191279	-0.175953
22	11	0.564103	0.282051	-0.133759	-0.0211476	-0.125602
22	12	0.564103	0.307692	-0.138857	-0.0250865	-0.19823
22	13	0.564103	0.333333	-0.150487	-0.0283973	-0.114896
22	14	0.564103	0.358974	-0.159553	-0.0308827	-0.191794
22	15	0.564103	0.384615	-0.164197	-0.0361874	-0.143962
22	16	0.564103	0.410256	-0.17872	-0.0368041	-0.141793
22	17	0.564103	0.435897	-0.176176	-0.043284	-0.212163
22	18	0.564103	0.461538	-0.191901	-0.0434356	-0.0705562
22	19	0.564103	0.487179	-0.187001	-0.0482746	-0.274791
22	20	0.564103	0.512821	-0.194741	-0.050888	-0.0429185
22	21	0.564103	0.538462	-0.194289	-0.0505333	-0.256911
22	22	0.564103	0.564103	-0.184678	-0.0578458	-0.129417
22	23	0.564103	0.589744	-0.191372	-0.051075	-0.111585
22	24	0.564103	0.615385	-0.161088	-0.0612818	-0.332178
22	25	0.564103	0.641026	-0.16794	-0.0523167	0.102805
22	26	0.564103	0.666667	-0.123466	-0.0577691	-0.522223
22	27	0.564103	0.692308	-0.11299	-0.056003	0.196078
22	28	0.564103	0.717949	-0.0681825	-0.0466226	-0.471597
22	29	0.564103	0.74359	-0.0192023	-0.059952	-0.0462537
22	30	0.564103	0.769231	0.0145935	-0.0330454	-0.0385867
22	31	0.564103	0.794872	0.113925	-0.0569241	-0.620555
22	32	0.564103	0.820513	0.140605	-0.0265824	0.583506
22	33	0.564103	0.846154	0.281838	-0.0404588	-1.13578
22	34	0.564103	0.871795	0.324288	-0.0312735	0.870284
22	35	0.564103	0.897436	0.482091	-0.0165679	-1.07784
22	36	0.564103	0.923077	0.566642	-0.0358125	0.495515
22	37	0.564103	0.948718	0.719831	-0.00497459	-0.490524
22	38	0.564103	0.974359	0.850663	-0.0267564	-0.0912809
22	39	0.564103	1	1	0	0
23	0	0.589744	0	0	0	-0.208754
23	1	0.589744	0.025641	-0.016022	-0.000835585	-0.208754
23	2	0.589744	0.0512821	-0.029954	-0.00152403	-0.203769
23	3	0.589744	0.0769231	-0.0441639	-0.00341345	-0.221989
23	4	0.589744	0.102564	-0.0548645	-0.0055273	-0.202386
23	5	0.589744	0.128205	-0.0680011	-0.00761065	-0.220283
23	6	0.589744	0.153846	-0.0776049	-0.0113225	-0.218348
23	7	0.589744	0.179487	-0.088369	-0.0135393	-0.199579
23	8	0.589744	0.205128	-0.0994922	-0.0180289	-0.243252
23	9	0.589744	0.230769	-0.106808	-0.0213735	-0.181089
23	10	0.589744	0.25641	-0.120162	-0.0252923	-0.24907
23	11	0.589744	0.282051	-0.125291	-0.0306765	-0.192963
23	12	0.589744	0.307692	-0.138497	-0.0334867	-0.217098
23	13	0.589744	0.333333	-0.144924	-0.0403827	-0.237926
23	14	0.589744	0.358974	-0.153933	-0.0432054	-0.165286
23	15	0.589744	0.384615	-0.164751	-0.049491	-0.279473
23	16	0.589744	0.410256	-0.166981	-0.0543175	-0.142818
23	17	0.589744	0.435897	-0.181623	-0.0578387	-0.267793
23	18	0.589744	0.461538	-0.178445	-0.0654166	-0.187601
23	19	0.589744	0.487179	-0.191247	-0.0661107	-0.190092
23	20	0.589744	0.512821	-0.187731	-0.0743012	-0.280013
23	21	0.589744	0.538462	-0.189715	-0.0748327	-0.100311
23	22	0.589744	0.564103	-0.191153	-0.0793093	-0.33958
23	23	0.589744	0.589744	-0.174569	-0.0830196	-0.0901984
23	24	0.589744	0.615385	-0.181041	-0.0805381	-0.284308
23	25	0.589744	0.641026	-0.144729	-0.0876665	-0.207325
23	26	0.589744	0.666667	-0.146456	-0.0797705	-0.120031
23	27	0.589744	0.692308	-0.0989204	-0.0850705	-0.379057
23	28	0.589744	0.717949	-0.0761703	-0.0785442	0.0192906
23	29	0.589744	0.74359	-0.0324894	-0.0739656	-0.429718
23	30	0.589744	0.769231	0.0365274	-0.0753569	-0.0402954
23	31	0.589744	0.794872	0.0661498	-0.0583619	-0.237753
23	32	0.589744	0.820513	0.190132	-0.0653093	-0.312344
23	33	0.589744	0.846154	0.214945	-0.04572	0.0704581
23	34	0.589744	0.871795	0.377419	-0.0458176	-0.542629
23	35	0.589744	0.897436	0.427829	-0.0387033	0.17043
23	36	0.589744	0.923077	0.595674	-0.0249669	-0.463048
23	37	0.589744	0.948718	0.698641	-0.0303636	-0.0363358
23	38	0.589744	0.974359	0.85417	-0.0196493	-0.25236
23	39	0.589744	1	1	0	0
24	0	0.615385	0	0	0	-0.262544
24	1	0.615385	0.025641	-0.0150474	-0.000528206	-0.262544
24	2	0.615385	0.0512821	-0.0290615	-0.00257142	-0.280861
24	3	0.615385	0.0769231	-0.0409484	-0.00384087	-0.247403
24	4	0.615385	0.102564	-0.0537347	-0.00673307	-0.299588
24	5	0.615385	0.128205	-0.0635433	-0.0103901	-0.250678
24	6	0.615385	0.153846	-0.074993	-0.0126344	-0.281192
24	7	0.615385	0.179487	-0.0846845	-0.0187193	-0.291329
24	8	0.615385	0.205128	-0.0938651	-0.0210142	-0.231911
24	9	0.615385	0.230769	-0.104959	-0.0275862	-0.339024
24	10	0.615385	0.25641	-0.111805	-0.0321622	-0.20088
24	11	0.615385	0.282051	-0.123942	-0.0368571	-0.338882
24	12	0.615385	0.307692	-0.130095	-0.0451099	-0.234534
24	13	0.615385	0.333333	-0.140991	-0.047536	-0.267654
24	14	0.615385	0.358974	-0.148917	-0.0580553	-0.32419
24	15	0.615385	0.384615	-0.15588	-0.060642	-0.168679
24	16	0.615385	0.410256	-0.166811	-0.0696446	-0.398858
24	17	0.615385	0.435897	-0.16873	-0.0758166	-0.127415
24	18	0.615385	0.461538	-0.180835	-0.0799102	-0.377585
24	19	0.615385	0.487179	-0.179242	-0.0908609	-0.201682
24	20	0.615385	0.512821	-0.187244	-0.0899392	-0.241926
24	21	0.615385	0.538462	-0.185581	-0.102643	-0.362493
24	22	0.615385	0.564103	-0.182319	-0.100443	-0.0682484
24	23	0.615385	0.589744	-0.183227	-0.108735	-0.496616
24	24	0.615385	0.615385	-0.163015	-0.110281	0.0122024
24	25	0.615385	0.641026	-0.164211	-0.108657	-0.478239
24	26	0.615385	0.666667	-0.127038	-0.116049	-0.0938999
24	27	0.615385	0.692308	-0.117689	-0.103867	-0.267834
24	28	0.615385	0.717949	-0.0715971	-0.113392	-0.356123
24	29	0.615385	0.74359	-0.0328868	-0.0963024	0.0327047
24	30	0.615385	0.769231	0.00974347	-0.0998547	-0.613593
24	31	0.615385	0.794872	0.0959471	-0.0862735	0.232377
24	32	0.615385	0.820513	0.130406	-0.0777425	-0.687041
24	33	0.615385	0.846154	0.266273	-0.0718985	0.205964
24	34	0.615385	0.871795	0.308207	-0.0538459	-0.545515
24	35	0.615385	0.897436	0.471557	-0.0524041	0.0185354
24	36	0.615385	0.923077	0.551478	-0.0348166	-0.343402
24	37	0.615385	0.948718	0.712946	-0.0326806	-0.151924
24	38	0.615385	0.974359	0.844677	-0.0267895	-0.264233
24	39	0.615385	1	1	0	0
25	0	0.641026	0	0	0	-0.326212
25	1	0.641026	0.025641	-0.0141454	-0.00141204	-0.326212
25	2	0.641026	0.0512821	-0.0269037	-0.00191339	-0.31071
25	3	0.641026	0.0769231	-0.0390878	-0.00532073	-0.35955
25	4	0.641026	0.102564	-0.049719	-0.00791229	-0.294047
25	5	0.641026	0.128205	-0.060732	-0.0110873	-0.365556
25	6	0.641026	0.153846	-0.0701936	-0.0170194	-0.319647
25	7	0.641026	0.179487	-0.0800546	-0.0192628	-0.31877
25	8	0.641026	0.205128	-0.0894316	-0.0274506	-0.384314
25	9	0.641026	0.230769	-0.0980045	-0.0307991	-0.254585
25	10	0.641026	0.25641	-0.107874	-0.0382046	-0.42873
25	11	0.641026	0.282051	-0.115458	-0.0454768	-0.242609
25	12	0.641026	0.307692	-0.125482	-0.0498496	-0.391826
25	13	0.641026	0.333333	-0.132877	-0.0615761	-0.318445
25	14	0.641026	0.358974	-0.141954	-0.0638768	-0.276084
25	15	0.641026	0.384615	-0.149975	-0.0769809	-0.438204
25	16	0.641026	0.410256	-0.156769	-0.0810652	-0.161256
25	17	0.641026	0.435897	-0.165501	-0.0906471	-0.500996
25	18	0.641026	0.461538	-0.169067	-0.100221	-0.149531
25	19	0.641026	0.487179	-0.177098	-0.103096	-0.424981
25	20	0.641026	0.512821	-0.177409	-0.118265	-0.284046
25	21	0.641026	0.538462	-0.181303	-0.115528	-0.218302
25	22	0.641026	0.564103	-0.179235	-0.131496	-0.502006
25	23	0.641026	0.589744	-0.173876	-0.128263	0.00689783
25	24	0.641026	0.615385	-0.169903	-0.137137	-0.655535
25	25	0.641026	0.641026	-0.150444	-0.139522	0.0880724
25	26	0.641026	0.666667	-0.141751	-0.134389	-0.591227
25	27	0.641026	0.692308	-0.106909	-0.145177	-0.0917641
25	28	0.641026	0.717949	-0.0844057	-0.124705	-0.252992
25	29	0.641026	0.74359	-0.0385216	-0.139838	-0.508072
25	30	0.641026	0.769231	0.012503	-0.111035	0.241677
25	31	0.641026	0.794872	0.0628798	-0.119656	-0.956124
25	32	0.641026	0.820513	0.154897	-0.0958265	0.61835
25	33	0.641026	0.846154	0.210885	-0.0865	-1.13967
25	34	0.641026	0.871795	0.341962	-0.0787122	0.611069
25	35	0.641026	0.897436	0.419469	-0.0506794	-0.905151
25	36	0.641026	0.923077	0.570952	-0.0573783	0.220318
25	37	0.641026	0.948718	0.689123	-0.0269537	-0.456337
25	38	0.641026	0.974359	0.845436	-0.0373911	-0.220952
25	39	0.641026	1	1	0	0
26	0	0.666667	0	0	0	-0.379274
26	1	0.666667	0.025641	-0.0130063	-0.00069373	-0.379274
26	2	0.666667	0.0512821	-0.0248739	-0.00341565	-0.40296
26	3	0.666667	0.0769231	-0.036087	-0.00498083	-0.358198
26	4	0.666667	0.102564	-0.0463	-0.00897041	-0.43049
26	5	0.666667	0.128205	-0.0562506	-0.0136112	-0.357998
26	6	0.666667	0.153846	-0.06558	-0.0167815	-0.410734
26	7	0.666667	0.179487	-0.07447	-0.0248211	-0.407873
26	8	0.666667	0.205128	-0.0835614	-0.0278656	-0.346033
26	9	0.666667	0.230769	-0.0916527	-0.0370122	-0.473735
26	10	0.666667	0.25641	-0.100691	-0.0427675	-0.296033
26	11	0.666667	0.282051	-0.108549	-0.0499295	-0.485617
26	12	0.666667	0.307692	-0.117121	-0.0604959	-0.32319
26	13	0.666667	0.333333	-0.125437	-0.0647451	-0.40609
26	14	0.666667	0.358974	-0.132891	-0.0789797	-0.428094
26	15	0.666667	0.384615	-0.141792	-0.0827823	-0.27515
26	16	0.666667	0.410256	-0.147915	-0.0964749	-0.5356
26	17	0.666667	0.435897	-0.156252	-0.103963	-0.189563
26	18	0.666667	0.461538	-0.161511	-0.112566	-0.545477
26	19	0.666667	0.487179	-0.166955	-0.126195	-0.233251
26	20	0.666667	0.512821	-0.17165	-0.127946	-0.407099
26	21	0.666667	0.538462	-0.171856	-0.145961	-0.411582
26	22	0.666667	0.564103	-0.174472	-0.143278	-0.165426
26	23	0.666667	0.589744	-0.168379	-0.159487	-0.630945
26	24	0.666667	0.615385	-0.164538	-0.157974	0.0461716
26	25	0.666667	0.641026	-0.152251	-0.163866	-0.731729
26	26	0.666667	0.666667	-0.135733	-0.169346	0.0616388
26	27	0.666667	0.692308	-0.116247	-0.158067	-0.564443
26	28	0.666667	0.717949	-0.0820009	-0.172337	-0.225413
26	29	0.666667	0.74359	-0.0501253	-0.143732	-0.0953099
26	30	0.666667	0.769231	0.00316761	-0.160481	-0.75341
26	31	0.666667	0.794872	0.0572771	-0.124849	0.497931
26	32	0.666667	0.820513	0.128529	-0.129568	-1.23754
26	33	0.666667	0.846154	0.214379	-0.104865	0.844882
26	34	0.666667	0.871795	0.305497	-0.0842728	-1.30105
26	35	0.666667	0.897436	0.424427	-0.0825694	0.641341
26	36	0.666667	0.923077	0.542758	-0.0423739	-0.848205
26	37	0.666667	0.948718	0.687227	-0.0539194	0.0557224
26	38	0.666667	0.974359	0.836972	-0.0288813	-0.38021
26	39	0.666667	1	1	0	0
27	0	0.692308	0	0	0	-0.444669
27	1	0.692308	0.025641	-0.0116992	-0.00156466	-0.444669
27	2	0.692308	0.0512821	-0.0228145	-0.00250494	-0.432786
27	3	0.692308	0.0769231	-0.0325164	-0.00631751	-0.475967
27	4	0.692308	0.102564	-0.042788	-0.00958232	-0.418813
27	5	0.692308	0.128205	-0.051152	-0.0137152	-0.483684
27	6	0.692308	0.153846	-0.0603455	-0.020367	-0.440265
27	7	0.692308	0.179487	-0.0686875	-0.024115	-0.444588
27	8	0.692308	0.205128	-0.0762373	-0.0332477	-0.495686
27	9	0.692308	0.230769	-0.0855068	-0.0383203	-0.388086
27	10	0.692308	0.25641	-0.0916362	-0.047347	-0.534987
27	11	0.692308	0.282051	-0.101406	-0.0561365	-0.37272
27	12	0.692308	0.307692	-0.107588	-0.0631273	-0.506698
27	13	0.692308	0.333333	-0.116158	-0.0761419	-0.428755
27	14	0.692308	0.358974	-0.124196	-0.0817416	-0.410743
27	15	0.692308	0.384615	-0.129992	-0.096613	-0.523519
27	16	0.692308	0.410256	-0.140211	-0.103706	-0.306965
27	17	0.692308	0.435897	-0.143364	-0.116549	-0.580291
27	18	0.692308	0.461538	-0.153413	-0.128011	-0.274159
27	19	0.692308	0.487179	-0.155922	-0.135856	-0.531934
27	20	0.692308	0.512821	-0.161476	-0.152161	-0.354964
27	21	0.692308	0.538462	-0.165327	-0.154709	-0.368097
27	22	0.692308	0.564103	-0.162445	-0.172771	-0.522564
27	23	0.692308	0.589744	-0.166724	-0.172693	-0.152076
27	24	0.692308	0.615385	-0.154138	-0.18621	-0.679763
27	25	0.692308	0.641026	-0.153231	-0.188109	-0.00706175
27	26	0.692308	0.666667	-0.132605	-0.189358	-0.687768
27	27	0.692308	0.692308	-0.117085	-0.197315	-0.071215
27	28	0.692308	0.717949	-0.0905283	-0.180822	-0.431666
27	29	0.692308	0.74359	-0.0506284	-0.194374	-0.410878
27	30	0.692308	0.769231	-0.0166103	-0.162209	0.0728615
27	31	0.692308	0.794872	0.0536307	-0.172474	-0.90891
27	32	0.692308	0.820513	0.103084	-0.137639	0.587118
27	33	0.692308	0.846154	0.203813	-0.129349	-1.23543
27	34	0.692308	0.871795	0.281351	-0.10996	0.725773
27	35	0.692308	0.897436	0.408747	-0.075603	-1.07227
27	36	0.692308	0.923077	0.52459	-0.0776026	0.321864
27	37	0.692308	0.948718	0.674899	-0.035469	-0.545885
27	38	0.692308	0.974359	0.829197	-0.0464015	-0.246009
27	39	0.692308	1	1	0	0
28	0	0.717949	0	0	0	-0.501524
28	1	0.717949	0.025641	-0.0104907	-0.00101763	-0.501524
28	2	0.717949	0.0512821	-0.0199687	-0.0035072	-0.517044
28	3	0.717949	0.0769231	-0.0298822	-0.00589216	-0.49348
28	4	0.717949	0.102564	-0.0375899	-0.0101139	-0.535349
28	5	0.717949	0.128205	-0.0469772	-0.0151804	-0.495808
28	6	0.717949	0.153846	-0.0540965	-0.0197755	-0.525015
28	7	0.717949	0.179487	-0.0619404	-0.0275921	-0.525226
28	8	0.717949	0.205128	-0.0701381	-0.0329741	-0.488736
28	9	0.717949	0.230769	-0.0757715	-0.0421362	-0.560691
28	10	0.717949	0.25641	-0.0855017	-0.0498945	-0.461063
28	11	0.717949	0.282051	-0.0899437	-0.0587088	-0.563594
28	12	0.717949	0.307692	-0.099625	-0.0698475	-0.473915
28	13	0.717949	0.333333	-0.105375	-0.0779292	-0.51703
28	14	0.717949	0.358974	-0.112457	-0.0916622	-0.523767
28	15	0.717949	0.384615	-0.12153	-0.100275	-0.443934
28	16	0.717949	0.410256	-0.124747	-0.114395	-0.571928
28	17	0.717949	0.435897	-0.136415	-0.125335	-0.390097
28	18	0.717949	0.461538	-0.13727	-0.137535	-0.572627
28	19	0.717949	0.487179	-0.147471	-0.151674	-0.392652
28	20	0.717949	0.512821	-0.149409	-0.160617	-0.501331
28	21	0.717949	0.538462	-0.152585	-0.177031	-0.458997
28	22	0.717949	0.564103	-0.157995	-0.182732	-0.367887
28	23	0.717949	0.589744	-0.150254	-0.198401	-0.55958
28	24	0.717949	0.615385	-0.157064	-0.202254	-0.220504
28	25	0.717949	0.641026	-0.138542	-0.212101	-0.62627
28	26	0.717949	0.666667	-0.138578	-0.216484	-0.143727
28	27	0.717949	0.692308	-0.113216	-0.21444	-0.564421
28	28	0.717949	0.717949	-0.0936309	-0.220969	-0.229924
28	29	0.717949	0.74359	-0.0657617	-0.203259	-0.30617
28	30	0.717949	0.769231	-0.0135608	-0.209336	-0.501355
28	31	0.717949	0.794872	0.0178221	-0.179362	0.0922034
28	32	0.717949	0.820513	0.109623	-0.175842	-0.818518
28	33	0.717949	0.846154	0.155838	-0.145869	0.393964
28	34	0.717949	0.871795	0.283932	-0.122335	-0.909481
28	35	0.717949	0.897436	0.365053	-0.105461	0.326888
28	36	0.717949	0.923077	0.518618	-0.0657967	-0.64459
28	37	0.717949	0.948718	0.650674	-0.0613335	-0.0585129
28	38	0.717949	0.974359	0.822457	-0.0373006	-0.373211
28	39	0.717949	1	1	0	0
29	0	0.74359	0	0	0	-0.565718
29	1	0.74359	0.025641	-0.00900347	-0.00136362	-0.565718
29	2	0.74359	0.0512821	-0.0179808	-0.00304627	-0.566093
29	3	0.74359	0.0769231	-0.0254583	-0.00632693	-0.579807
29	4	0.74359	0.102564	-0.0343699	-0.010257	-0.567444
29	5	0.74359	0.128205	-0.040608	-0.0149404	-0.5834
29	6	0.74359	0.153846	-0.0486767	-0.0211517	-0.577735
29	7	0.74359	0.179487	-0.0553068	-0.027043	-0.572338
29	8	0.74359	0.205128	-0.0613097	-0.0350196	-0.593008
29	9	0.74359	0.230769	-0.0696693	-0.0426889	-0.558774
29	10	0.74359	0.25641	-0.0736033	-0.0516248	-0.596938
29	11	0.74359	0.282051	-0.0831301	-0.061561	-0.557545
29	12	0.74359	0.307692	-0.0869675	-0.071167	-0.580327
29	13	0.74359	0.333333	-0.0952724	-0.0830972	-0.568679
29	14	0.74359	0.358974	-0.101758	-0.0937694	-0.550905
29	15	0.74359	0.384615	-0.106538	-0.10686	-0.578193
29	16	0.74359	0.410256	-0.116769	-0.11905	-0.52321
29	17	0.74359	0.435897	-0.118	-0.132519	-0.573139
29	18	0.74359	0.461538	-0.129743	-0.146143	-0.504586
29	19	0.74359	0.487179	-0.130199	-0.159388	-0.549642
29	20	0.74359	0.512821	-0.138427	-0.173868	-0.495282
29	21	0.74359	0.538462	-0.14179	-0.18605	-0.506186
29	22	0.74359	0.564103	-0.141256	-0.200499	-0.497201
29	23	0.74359	0.589744	-0.148751	-0.210426	-0.438705
29	24	0.74359	0.615385	-0.136992	-0.223181	-0.510446
29	25	0.74359	0.641026	-0.144424	-0.229932	-0.354069
29	26	0.74359	0.666667	-0.123344	-0.237681	-0.513709
29	27	0.74359	0.692308	-0.120217	-0.241138	-0.289209
29	28	0.74359	0.717949	-0.094857	-0.239222	-0.457185
29	29	0.74359	0.74359	-0.0666171	-0.23905	-0.298559
29	30	0.74359	0.769231	-0.0405481	-0.224205	-0.302626
29	31	0.74359	0.794872	0.0259397	-0.217532	-0.393129
29	32	0.74359	0.820513	0.057599	-0.19178	-0.096921
29	33	0.74359	0.846154	0.167059	-0.173032	-0.485372
29	34	0.74359	0.871795	0.222393	-0.144362	0.0126324
29	35	0.74359	0.897436	0.367877	-0.111905	-0.450773
29	36	0.74359	0.923077	0.472099	-0.0888385	-0.0825636
29	37	0.74359	0.948718	0.64232	-0.0550815	-0.316852
29	38	0.74359	0.974359	0.806783	-0.0462871	-0.306854
29	39	0.74359	1	1	0	0
30	0	0.769231	0	0	0	-0.628324
30	1	0.769231	0.025641	-0.00778757	-0.00126361	-0.628324
30	2	0.769231	0.0512821	-0.0150119	-0.00303092	-0.631129
30	3	0.769231	0.0769231	-0.0228579	-0.00617207	-0.639124
30	4	0.769231	0.102564	-0.0287684	-0.00995552	-0.632963
30	5	0.769231	0.128205	-0.0363985	-0.0149571	-0.64721
30	6	0.769231	0.153846	-0.041834	-0.0206803	-0.634031
30	7	0.769231	0.179487	-0.0481677	-0.0271357	-0.647665
30	8	0.769231	0.205128	-0.0546428	-0.0349199	-0.640261
30	9	0.769231	0.230769	-0.0589611	-0.0426743	-0.636547
30	10	0.769231	0.25641	-0.0669757	-0.0522842	-0.650458
30	11	0.769231	0.282051	-0.0701411	-0.0617239	-0.620842
30	12	0.769231	0.307692	-0.0783624	-0.0724762	-0.651372
30	13	0.769231	0.333333	-0.082644	-0.0841687	-0.615502
30	14	0.769231	0.358974	-0.0888375	-0.0955662	-0.629623
30	15	0.769231	0.384615	-0.0962028	-0.109387	-0.625284
30	16	0.769231	0.410256	-0.0991752	-0.121782	-0.590608
30	17	0.769231	0.435897	-0.109368	-0.136538	-0.631828
30	18	0.769231	0.461538	-0.110257	-0.150801	-0.559744
30	19	0.769231	0.487179	-0.120224	-0.16499	-0.606449
30	20	0.769231	0.512821	-0.121968	-0.181182	-0.557633
30	21	0.769231	0.538462	-0.12714	-0.194178	-0.54082
30	22	0.769231	0.564103	-0.132266	-0.210478	-0.572309
30	23	0.769231	0.589744	-0.128901	-0.222703	-0.463153
30	24	0.769231	0.615385	-0.136748	-0.2358	-0.560833
30	25	0.769231	0.641026	-0.123984	-0.247306	-0.417638
30	26	0.769231	0.666667	-0.128712	-0.25402	-0.485387
30	27	0.769231	0.692308	-0.10901	-0.262651	-0.422452
30	28	0.769231	0.717949	-0.0995306	-0.261213	-0.351721
30	29	0.769231	0.74359	-0.0764483	-0.262299	-0.44816
30	30	0.769231	0.769231	-0.0390631	-0.252034	-0.210052
30	31	0.769231	0.794872	-0.0119332	-0.240567	-0.443753
30	32	0.769231	0.820513	0.0644269	-0.220804	-0.114371
30	33	0.769231	0.846154	0.107013	-0.194988	-0.388857
30	34	0.769231	0.871795	0.22546	-0.16599	-0.0857254
30	35	0.769231	0.897436	0.306976	-0.130113	-0.314617
30	36	0.769231	0.923077	0.462844	-0.0976774	-0.126576
30	37	0.769231	0.948718	0.606206	-0.0633742	-0.267513
30	38	0.769231	0.974359	0.795797	-0.0464016	-0.281316
30	39	0.769231	1	1	0	0
31	0	0.794872	0	0	0	-0.691069
31	1	0.794872	0.025641	-0.00641494	-0.000996782	-0.691069
31	2	0.794872	0.0512821	-0.0130055	-0.00310848	-0.701757
31	3	0.794872	0.0769231	-0.0187622	-0.00548535	-0.688217
31	4	0.794872	0.102564	-0.0253533	-0.00963237	-0.717699
31	5	0.794872	0.128205	-0.0302518	-0.014255	-0.686415
31	6	0.794872	0.153846	-0.0362583	-0.0195508	-0.719134
31	7	0.794872	0.179487	-0.041242	-0.0268097	-0.700325
31	8	0.794872	0.205128	-0.045937	-0.0330517	-0.698002
31	9	0.794872	0.230769	-0.0519088	-0.0425057	-0.727279
31	10	0.794872	0.25641	-0.0553235	-0.0505097	-0.668087
31	11	0.794872	0.282051	-0.0620802	-0.0608994	-0.742455
31	12	0.794872	0.307692	-0.0654157	-0.0719048	-0.658542
31	13	0.794872	0.333333	-0.0716719	-0.0822068	-0.717966
31	14	0.794872	0.358974	-0.0765788	-0.0965086	-0.685485
31	15	0.794872	0.384615	-0.0810493	-0.107154	-0.653855
31	16	0.794872	0.410256	-0.0882858	-0.123262	-0.727012
31	17	0.794872	0.435897	-0.0908527	-0.136117	-0.588842
31	18	0.794872	0.461538	-0.0993964	-0.151519	-0.731532
31	19	0.794872	0.487179	-0.101378	-0.168213	-0.572543
31	20	0.794872	0.512821	-0.108629	-0.181293	-0.659783
31	21	0.794872	0.538462	-0.111899	-0.201152	-0.618526
31	22	0.794872	0.564103	-0.114787	-0.212482	-0.525498
31	23	0.794872	0.589744	-0.12016	-0.231865	-0.680218
31	24	0.794872	0.615385	-0.116509	-0.243478	-0.3962
31	25	0.794872	0.641026	-0.122026	-0.257182	-0.674956
31	26	0.794872	0.666667	-0.111442	-0.270077	-0.34877
31	27	0.794872	0.692308	-0.111238	-0.273738	-0.541246
31	28	0.794872	0.717949	-0.0946643	-0.2854	-0.412197
31	29	0.794872	0.74359	-0.0791177	-0.277109	-0.287917
31	30	0.794872	0.769231	-0.0561482	-0.280924	-0.53932
31	31	0.794872	0.794872	-0.0138192	-0.261275	-0.00232309
31	32	0.794872	0.820513	0.0222122	-0.248737	-0.627429
31	33	0.794872	0.846154	0.101488	-0.22015	0.18541
31	34	0.794872	0.871795	0.167729	-0.186181	-0.580695
31	35	0.794872	0.897436	0.290935	-0.153138	0.168563
31	36	0.794872	0.923077	0.411843	-0.104646	-0.400174
31	37	0.794872	0.948718	0.584123	-0.0752122	-0.0448344
31	38	0.794872	0.974359	0.774763	-0.0427814	-0.295074
31	39	0.794872	1	1	0	0
32	0	0.820513	0	0	0	-0.757976
32	1	0.820513	0.025641	-0.00530945	-0.00118346	-0.757976
32	2	0.820513	0.0512821	-0.0105995	-0.00222352	-0.753056
32	3	0.820513	0.0769231	-0.0160037	-0.00541683	-0.77902
32	4	0.820513	0.102564	-0.020695	-0.00843245	-0.744246
32	5	0.820513	0.128205	-0.0257628	-0.0129301	-0.791429
32	6	0.820513	0.153846	-0.029981	-0.0187671	-0.751327
32	7	0.820513	0.179487	-0.0344108	-0.0238699	-0.77576
32	8	0.820513	0.205128	-0.0387409	-0.0325241	-0.782888
32	9	0.820513	0.230769	-0.0424319	-0.0388034	-0.737286
32	10	0.820513	0.25641	-0.0471875	-0.0489544	-0.81673
32	11	0.820513	0.282051	-0.0505236	-0.0580302	-0.709472
32	12	0.820513	0.307692	-0.0554553	-0.0680099	-0.813279
32	13	0.820513	0.333333	-0.0591813	-0.0810393	-0.725506
32	14	0.820513	0.358974	-0.0637655	-0.0905169	-0.753123
32	15	0.820513	0.384615	-0.0684851	-0.106698	-0.780703
32	16	0.820513	0.410256	-0.0724055	-0.117441	-0.664325
32	17	0.820513	0.435897	-0.0781361	-0.134097	-0.823559
32	18	0.820513	0.461538	-0.0815119	-0.148767	-0.608502
32	19	0.820513	0.487179	-0.0875722	-0.163222	-0.790883
32	20	0.820513	0.512821	-0.0908288	-0.182927	-0.631037
32	21	0.820513	0.538462	-0.0959749	-0.194643	-0.661545
32	22	0.820513	0.564103	-0.0994757	-0.217173	-0.715171
32	23	0.820513	0.589744	-0.102129	-0.228241	-0.484013
32	24	0.820513	0.615385	-0.105587	-0.248412	-0.779138
32	25	0.820513	0.641026	-0.104115	-0.261706	-0.352931
32	26	0.820513	0.666667	-0.105728	-0.273592	-0.722501
32	27	0.820513	0.692308	-0.0985875	-0.289604	-0.3483
32	28	0.820513	0.717949	-0.0940934	-0.289117	-0.493241
32	29	0.820513	0.74359	-0.0791182	-0.303346	-0.475248
32	30	0.820513	0.769231	-0.0612073	-0.289605	-0.136061
32	31	0.820513	0.794872	-0.0332194	-0.292225	-0.6412
32	32	0.820513	0.820513	0.00862188	-0.267162	0.206284
32	33	0.820513	0.846154	0.0615144	-0.246525	-0.693754
32	34	0.820513	0.871795	0.141395	-0.213551	0.352429
32	35	0.820513	0.897436	0.239862	-0.165428	-0.531328
32	36	0.820513	0.923077	0.375819	-0.129558	0.205282
32	37	0.820513	0.948718	0.543812	-0.0715833	-0.260495
32	38	0.820513	0.974359	0.752391	-0.0479877	-0.142532
32	39	0.820513	1	1	0	0
33	0	0.846154	0	0	0	-0.820865
33	1	0.846154	0.025641	-0.00432179	-0.000577183	-0.820865
33	2	0.846154	0.0512821	-0.00872929	-0.00239272	-0.833291
33	3	0.846154	0.0769231	-0.0130732	-0.00392794	-0.81205
33	4	0.846154	0.102564	-0.0170695	-0.00754575	-0.853679
33	5	0.846154	0.128205	-0.0209505	-0.0114738	-0.808205
33	6	0.846154	0.153846	-0.0245066	-0.0158334	-0.853589
33	7	0.846154	0.179487	-0.0279552	-0.0228014	-0.829735
33	8	0.846154	0.205128	-0.031313	-0.0277817	-0.822561
33	9	0.846154	0.230769	-0.0344772	-0.0370284	-0.869364
33	10	0.846154	0.25641	-0.0378722	-0.0439351	-0.783096
33	11	0.846154	0.282051	-0.0409643	-0.0536831	-0.890478
33	12	0.846154	0.307692	-0.0444665	-0.064203	-0.774827
33	13	0.846154	0.333333	-0.0478043	-0.0732643	-0.857844
33	14	0.846154	0.358974	-0.0512959	-0.0877017	-0.815411
33	15	0.846154	0.384615	-0.0551775	-0.0968955	-0.775047
33	16	0.846154	0.410256	-0.0585714	-0.113393	-0.874287
33	17	0.846154	0.435897	-0.062956	-0.125291	-0.691504
33	18	0.846154	0.461538	-0.0664641	-0.140949	-0.887644
33	19	0.846154	0.487179	-0.0707864	-0.157877	-0.667233
33	20	0.846154	0.512821	-0.0748353	-0.170962	-0.806658
33	21	0.846154	0.538462	-0.0782663	-0.192734	-0.721388
33	22	0.846154	0.564103	-0.0829156	-0.204145	-0.641063
33	23	0.846154	0.589744	-0.084893	-0.227252	-0.805337
33	24	0.846154	0.615385	-0.0891377	-0.239925	-0.463238
33	25	0.846154	0.641026	-0.0895411	-0.258767	-0.822427
33	26	0.846154	0.666667	-0.0910198	-0.275125	-0.367171
33	27	0.846154	0.692308	-0.0894779	-0.284442	-0.684707
33	28	0.846154	0.717949	-0.0845508	-0.303164	-0.405209
33	29	0.846154	0.74359	-0.0788808	-0.300117	-0.375865
33	30	0.846154	0.769231	-0.0622491	-0.313896	-0.53806
33	31	0.846154	0.794872	-0.046212	-0.298426	0.0143453
33	32	0.846154	0.820513	-0.00907866	-0.294543	-0.63373
33	33	0.846154	0.846154	0.0307653	-0.267668	0.312963
33	34	0.846154	0.871795	0.104156	-0.233713	-0.545005
33	35	0.846154	0.897436	0.192157	-0.195974	0.358606
33	36	0.846154	0.923077	0.327386	-0.133695	-0.269216
33	37	0.846154	0.948718	0.497628	-0.0904175	0.140207
33	38	0.846154	0.974359	0.723166	-0.0378012	-0.109129
33	39	0.846154	1	1	0	0
34	0	0.871795	0	0	0	-0.888659
34	1	0.871795	0.025641	-0.00355079	-0.000682878	-0.888659
34	2	0.871795	0.0512821	-0.00728018	-0.00115398	-0.883978
34	3	0.871795	0.0769231	-0.0104888	-0.003508	-0.907092
34	4	0.871795	0.102564	-0.013989	-0.00565704	-0.875897
34	5	0.871795	0.128205	-0.0165477	-0.00924172	-0.920063
34	6	0.871795	0.153846	-0.0195872	-0.014049	-0.882984
34	7	0.871795	0.179487	-0.0220346	-0.0181984	-0.90733
34	8	0.871795	0.205128	-0.0243833	-0.025651	-0.913054
34	9	0.871795	0.230769	-0.0272698	-0.030879	-0.8731
34	10	0.871795	0.25641	-0.0289614	-0.0397198	-0.945098
34	11	0.871795	0.282051	-0.0323124	-0.0475225	-0.847777
34	12	0.871795	0.307692	-0.0339535	-0.056252	-0.94314
34	13	0.871795	0.333333	-0.0371612	-0.0676966	-0.860485
34	14	0.871795	0.358974	-0.0397141	-0.0760817	-0.890014
34	15	0.871795	0.384615	-0.0420648	-0.0905447	-0.906815
34	16	0.871795	0.410256	-0.0460856	-0.100202	-0.80908
34	17	0.871795	0.435897	-0.0475765	-0.115521	-0.943127
34	18	0.871795	0.461538	-0.0525226	-0.128871	-0.75114
34	19	0.871795	0.487179	-0.0541983	-0.142905	-0.915739
34	20	0.871795	0.512821	-0.0585285	-0.161204	-0.754587
34	21	0.871795	0.538462	-0.0618386	-0.173547	-0.802803
34	22	0.871795	0.564103	-0.0640057	-0.19546	-0.80944
34	23	0.871795	0.589744	-0.0694866	-0.207913	-0.636604
34	24	0.871795	0.615385	-0.0690875	-0.229617	-0.852327
34	25	0.871795	0.641026	-0.0752706	-0.24487	-0.489232
34	26	0.871795	0.666667	-0.0733331	-0.261601	-0.797874
34	27	0.871795	0.692308	-0.0765686	-0.280617	-0.427744
34	28	0.871795	0.717949	-0.0743743	-0.288641	-0.591356
34	29	0.871795	0.74359	-0.0693592	-0.307859	-0.461436
34	30	0.871795	0.769231	-0.065749	-0.305436	-0.255733
34	31	0.871795	0.794872	-0.0455524	-0.315243	-0.513474
34	32	0.871795	0.820513	-0.0326545	-0.301286	0.0982141
34	33	0.871795	0.846154	0.0136542	-0.287558	-0.453147
34	34	0.871795	0.871795	0.0566791	-0.258527	0.321995
34	35	0.871795	0.897436	0.150675	-0.210121	-0.211111
34	36	0.871795	0.923077	0.264277	-0.161476	0.324914
34	37	0.871795	0.948718	0.446189	-0.0892252	0.0581961
34	38	0.871795	0.974359	0.683259	-0.0377031	0.120959
34	39	0.871795	1	1	0	0
35	0	0.897436	0	0	0	-0.952432
35	1	0.897436	0.025641	-0.00314898	-6.43574e-05	-0.952432
35	2	0.897436	0.0512821	-0.00597997	-0.000931499	-0.959882
35	3	0.897436	0.0769231	-0.00890951	-0.00176682	-0.948458
35	4	0.897436	0.102564	-0.010783	-0.00421439	-0.975756
35	5	0.897436	0.128205	-0.0133979	-0.00701278	-0.947821
35	6	0.897436	0.153846	-0.0148473	-0.010391	-0.979739
35	7	0.897436	0.179487	-0.0168629	-0.0155803	-0.963118
35	8	0.897436	0.205128	-0.0187246	-0.0196809	-0.962611
35	9	0.897436	0.230769	-0.0198079	-0.0267349	-0.990032
35	10	0.897436	0.25641	-0.0224798	-0.0323533	-0.937587
35	11	0.897436	0.282051	-0.0229278	-0.0401017	-1.00498
35	12	0.897436	0.307692	-0.0259117	-0.0483519	-0.929543
35	13	0.897436	0.333333	-0.0268013	-0.056031	-0.984854
35	14	0.897436	0.358974	-0.029016	-0.0672034	-0.949921
35	15	0.897436	0.384615	-0.0314964	-0.0753397	-0.930126
35	16	0.897436	0.410256	-0.0322739	-0.0884194	-0.980791
35	17	0.897436	0.435897	-0.036508	-0.0986673	-0.868734
35	18	0.897436	0.461538	-0.0364594	-0.112003	-0.983696
35	19	0.897436	0.487179	-0.0411673	-0.125966	-0.835622
35	20	0.897436	0.512821	-0.0420661	-0.138555	-0.926902
35	21	0.897436	0.538462	-0.0452129	-0.156461	-0.843579
35	22	0.897436	0.564103	-0.048786	-0.168834	-0.810019
35	23	0.897436	0.589744	-0.0490291	-0.188979	-0.866791
35	24	0.897436	0.615385	-0.0554138	-0.202951	-0.668245
35	25	0.897436	0.641026	-0.0532583	-0.222246	-0.848562
35	26	0.897436	0.666667	-0.0601605	-0.239485	-0.551973
35	27	0.897436	0.692308	-0.0578196	-0.254725	-0.73085
35	28	0.897436	0.717949	-0.0608765	-0.274571	-0.49001
35	29	0.897436	0.74359	-0.0603679	-0.283516	-0.492497
35	30	0.897436	0.769231	-0.0541462	-0.300874	-0.455203
35	31	0.897436	0.794872	-0.0535484	-0.301708	-0.173995
35	32	0.897436	0.820513	-0.0312121	-0.306027	-0.361999
35	33	0.897436	0.846154	-0.0186138	-0.294076	0.135956
35	34	0.897436	0.871795	0.0336089	-0.270644	-0.126487
35	35	0.897436	0.897436	0.0902098	-0.234648	0.352144
35	36	0.897436	0.923077	0.208641	-0.17223	0.207362
35	37	0.897436	0.948718	0.374934	-0.105096	0.41001
35	38	0.897436	0.974359	0.634152	-0.0246648	0.356807
35	39	0.897436	1	1	0	0
36	0	0.923077	0	0	0	-1.01756
36	1	0.923077	0.025641	-0.00299969	0.000118489	-1.01756
36	2	0.923077	0.0512821	-0.00553274	0.000189952	-1.01762
36	3	0.923077	0.0769231	-0.00715603	-0.000869253	-1.02864
36	4	0.923077	0.102564	-0.00914222	-0.00216559	-1.0185
36	5	0.923077	0.128205	-0.00993804	-0.00450838	-1.04014
36	6	0.923077	0.153846	-0.0116019	-0.00759868	-1.02506
36	7	0.923077	0.179487	-0.0124297	-0.0107391	-1.03987
36	8	0.923077	0.205128	-0.0133834	-0.0155493	-1.0407
36	9	0.923077	0.230769	-0.0149391	-0.0195902	-1.02761
36	10	0.923077	0.25641	-0.0150163	-0.025531	-1.05651
36	11	0.923077	0.282051	-0.0172749	-0.03112	-1.0156
36	12	0.923077	0.307692	-0.0171088	-0.0375152	-1.05643
36	13	0.923077	0.333333	-0.0192071	-0.0451907	-1.0163
36	14	0.923077	0.358974	-0.0199773	-0.0519355	-1.03159
36	15	0.923077	0.384615	-0.0208956	-0.0615549	-1.02848
36	16	0.923077	0.410256	-0.0233918	-0.0693721	-0.989438
36	17	0.923077	0.435897	-0.0229567	-0.0801527	-1.0345
36	18	0.923077	0.461538	-0.026749	-0.0901719	-0.948708
36	19	0.923077	0.487179	-0.0260872	-0.101308	-1.01123
36	20	0.923077	0.512821	-0.0295768	-0.114276	-0.92425
36	21	0.923077	0.538462	-0.0305332	-0.125629	-0.945648
36	22	0.923077	0.564103	-0.0319749	-0.141308	-0.912877
36	23	0.923077	0.589744	-0.0357989	-0.153647	-0.843949
36	24	0.923077	0.615385	-0.0346378	-0.170758	-0.889434
36	25	0.923077	0.641026	-0.0407903	-0.185314	-0.727836
36	26	0.923077	0.666667	-0.0383631	-0.202038	-0.815812
36	27	0.923077	0.692308	-0.04425	-0.219398	-0.618148
36	28	0.923077	0.717949	-0.0431223	-0.234086	-0.660062
36	29	0.923077	0.74359	-0.0449428	-0.252694	-0.511424
36	30	0.923077	0.769231	-0.0465961	-0.263948	-0.416263
36	31	0.923077	0.794872	-0.0403174	-0.27858	-0.36398
36	32	0.923077	0.820513	-0.0410089	-0.283268	-0.108657
36	33	0.923077	0.846154	-0.0203255	-0.283552	-0.10691
36	34	0.923077	0.871795	-0.00333426	-0.271633	0.229439
36	35	0.923077	0.897436	0.0528102	-0.240454	0.286689
36	36	0.923077	0.923077	0.136072	-0.190418	0.563782
36	37	0.923077	0.948718	0.298928	-0.111571	0.660223
36	38	0.923077	0.974359	0.565177	-0.0117492	0.772205
36	39	0.923077	1	1	0	0
37	0	0.948718	0	0	0	-1.07876
37	1	0.948718	0.025641	-0.00322387	0.000539647	-1.07876
37	2	0.948718	0.0512821	-0.0050762	0.000718707	-1.08291
37	3	0.948718	0.0769231	-0.00647996	0.000436498	-1.08483
37	4	0.948718	0.102564	-0.00702813	-0.000702834	-1.09478
37	5	0.948718	0.128205	-0.00811259	-0.00223385	-1.09181
37	6	0.948718	0.153846	-0.00832615	-0.00427455	-1.10365
37	7	0.948718	0.179487	-0.00911949	-0.00699924	-1.1009
37	8	0.948718	0.205128	-0.00965662	-0.00971054	-1.10501
37	9	0.948718	0.230769	-0.00983039	-0.0134331	-1.111
37	10	0.948718	0.25641	-0.0110088	-0.0169678	-1.10092
37	11	0.948718	0.282051	-0.0106498	-0.0213682	-1.11615
37	12	0.948718	0.307692	-0.0121407	-0.026042	-1.09685
37	13	0.948718	0.333333	-0.0119403	-0.0309271	-1.10983
37	14	0.948718	0.358974	-0.0129561	-0.0368973	-1.09542
37	15	0.948718	0.384615	-0.0137467	-0.0424276	-1.09046
37	16	0.948718	0.410256	-0.0137155	-0.0495511	-1.0924
37	17	0.948718	0.435897	-0.0157478	-0.0562084	-1.06234
37	18	0.948718	0.461538	-0.0149254	-0.0641853	-1.0782
37	19	0.948718	0.487179	-0.0175135	-0.0724998	-1.03144
37	20	0.948718	0.512821	-0.0169985	-0.0811665	-1.04309
37	21	0.948718	0.538462	-0.0188705	-0.0914027	-0.999304
37	22	0.948718	0.564103	-0.0199455	-0.100953	-0.982085
37	23	0.948718	0.589744	-0.0201101	-0.112947	-0.958753
37	24	0.948718	0.615385	-0.0233104	-0.123923	-0.896225
37	25	0.948718	0.641026	-0.0218931	-0.137147	-0.89352
37	26	0.948718	0.666667	-0.0264014	-0.150143	-0.788942
37	27	0.948718	0.692308	-0.0248466	-0.16396	-0.782127
37	28	0.948718	0.717949	-0.0286804	-0.179029	-0.65701
37	29	0.948718	0.74359	-0.0289034	-0.192885	-0.604535
37	30	0.948718	0.769231	-0.0298323	-0.2087	-0.478623
37	31	0.948718	0.794872	-0.0321891	-0.221531	-0.345494
37	32	0.948718	0.820513	-0.0280671	-0.234097	-0.206973
37	33	0.948718	0.846154	-0.0276136	-0.241441	0.0137013
37	34	0.948718	0.871795	-0.0116208	-0.240834	0.216847
37	35	0.948718	0.897436	0.0126269	-0.227214	0.504315
37	36	0.948718	0.923077	0.0765888	-0.188738	0.805429
37	37	0.948718	0.948718	0.205813	-0.118858	1.07065
37	38	0.948718	0.974359	0.471694	0.00898226	1.41737
37	39	0.948718	1	1	0	0
38	0	0.974359	0	0	0	-1.1428
38	1	0.974359	0.025641	-0.00433679	0.00066517	-1.1428
38	2	0.974359	0.0512821	-0.00595172	0.00110003	-1.15117
38	3	0.974359	0.0769231	-0.00658271	0.000891881	-1.15869
38	4	0.974359	0.102564	-0.00712248	0.000350542	-1.16502
38	5	0.974359	0.128205	-0.00720683	-0.000543437	-1.17181
38	6	0.974359	0.153846	-0.00764661	-0.00168617	-1.17584
38	7	0.974359	0.179487	-0.00770838	-0.00303232	-1.18118
38	8	0.974359	0.205128	-0.0079454	-0.00469055	-1.18395
38	9	0.974359	0.230769	-0.00827305	-0.00644466	-1.18645
38	10	0.974359	0.25641	-0.00818248	-0.00854889	-1.1888
38	11	0.974359	0.282051	-0.00881084	-0.0107675	-1.18771
38	12	0.974359	0.307692	-0.00855849	-0.0132646	-1.18907
38	13	0.974359	0.333333	-0.00920375	-0.0160286	-1.18499
38	14	0.974359	0.358974	-0.00919317	-0.0189354	-1.18338
38	15	0.974359	0.384615	-0.00946734	-0.0222911	-1.17747
38	16	0.974359	0.410256	-0.0100285	-0.0257166	-1.17058
38	17	0.974359	0.435897	-0.0097831	-0.0296717	-1.16321
38	18	0.974359	0.461538	-0.0108754	-0.0337844	-1.1495
38	19	0.974359	0.487179	-0.0103904	-0.038351	-1.13921
38	20	0.974359	0.512821	-0.0115651	-0.0433181	-1.11831
38	21	0.974359	0.538462	-0.0114302	-0.0485663	-1.10155
38	22	0.974359	0.564103	-0.0120938	-0.0545045	-1.07365
38	23	0.974359	0.589744	-0.0128479	-0.0605933	-1.04535
38	24	0.974359	0.615385	-0.0126748	-0.0675542	-1.00968
38	25	0.974359	0.641026	-0.0144132	-0.0747205	-0.964178
38	26	0.974359	0.666667	-0.0136637	-0.0827226	-0.916761
38	27	0.974359	0.692308	-0.015871	-0.0912127	-0.848261
38	28	0.974359	0.717949	-0.0153512	-0.100308	-0.779712
38	29	0.974359	0.74359	-0.0171453	-0.110237	-0.680202
38	30	0.974359	0.769231	-0.0176213	-0.120496	-0.573939
38	31	0.974359	0.794872	-0.0182253	-0.131556	-0.426348
38	32	0.974359	0.820513	-0.0191745	-0.142531	-0.254942
38	33	0.974359	0.846154	-0.0172508	-0.15296	-0.0207681
38	34	0.974359	0.871795	-0.0135888	-0.161039	0.266097
38	35	0.974359	0.897436	0.000362467	-0.162619	0.659953
38	36	0.974359	0.923077	0.0354003	-0.149487	1.14983
38	37	0.974359	0.948718	0.12564	-0.106488	1.74888
38	38	0.974359	0.974359	0.358419	0.0308596	2.62917
38	39	0.974359	1	1	0	0
39	0	1	0	0	0	-1.1428
39	1	1	0.025641	0	0	-1.1428
39	2	1	0.0512821	0	0	-1.15117
39	3	1	0.0769231	0	0	-1.15869
39	4	1	0.102564	0	0	-1.16502
39	5	1	0.128205	0	0	-1.17181
39	6	1	0.153846	0	0	-1.17584
39	7	1	0.179487	0	0	-1.18118
39	8	1	0.205128	0	0	-1.18395
39	9	1	0.230769	0	0	-1.18645
39	10	1	0.25641	0	0	-1.1888
39	11	1	0.282051	0	0	-1.18771
39	12	1	0.307692	0	0	-1.18907
39	13	1	0.333333	0	0	-1.18499
39	14	1	0.358974	0	0	-1.18338
39	15	1	0.384615	0	0	-1.17747
39	16	1	0.410256	0	0	-1.17058
39	17	1	0.435897	0	0	-1.16321
39	18	1	0.461538	0	0	-1.1495
39	19	1	0.487179	0	0	-1.13921
39	20	1	0.512821	0	0	-1.11831
39	21	1	0.538462	0	0	-1.10155
39	22	1	0.564103	0	0	-1.07365
39	23	1	0.589744	0	0	-1.04535
39	24	1	0.615385	0	0	-1.00968
39	25	1	0.641026	0	0	-0.964178
39	26	1	0.666667	0	0	-0.916761
39	27	1	0.692308	0	0	-0.848261
39	28	1	0.717949	0	0	-0.779712
39	29	1	0.74359	0	0	-0.680202
39	30	1	0.769231	0	0	-0.573939
39	31	1	0.794872	0	0	-0.426348
39	32	1	0.820513	0	0	-0.254942
39	33	1	0.846154	0	0	-0.0207681
39	34	1	0.871795	0	0	0.266097
39	35	1	0.897436	0	0	0.659953
39	36	1	0.923077	0	0	1.14983
39	37	1	0.948718	0	0	1.74888
39	38	1	0.974359	0	0	2.62917
39	39	1	1	1	0	0
