# i		j		x		y		u		v		p
# nx		ny		
# 40		40
# =================================
0	0	0	0	0	0	2.71813
0	1	0	0.025641	0	0	2.71813
0	2	0	0.0512821	0	0	2.73435
0	3	0	0.0769231	0	0	2.78458
0	4	0	0.102564	0	0	2.72909
0	5	0	0.128205	0	0	2.88288
0	6	0	0.153846	0	0	2.76863
0	7	0	0.179487	0	0	2.93559
0	8	0	0.205128	0	0	2.92315
0	9	0	0.230769	0	0	2.91925
0	10	0	0.25641	0	0	3.17247
0	11	0	0.282051	0	0	2.91133
0	12	0	0.307692	0	0	3.39637
0	13	0	0.333333	0	0	3.04858
0	14	0	0.358974	0	0	3.46655
0	15	0	0.384615	0	0	3.41321
0	16	0	0.410256	0	0	3.38999
0	17	0	0.435897	0	0	3.91373
0	18	0	0.461538	0	0	3.35094
0	19	0	0.487179	0	0	4.27407
0	20	0	0.512821	0	0	3.57099
0	21	0	0.538462	0	0	4.26306
0	22	0	0.564103	0	0	4.09765
0	23	0	0.589744	0	0	4.00247
0	24	0	0.615385	0	0	4.67573
0	25	0	0.641026	0	0	3.87596
0	26	0	0.666667	0	0	4.7964
0	27	0	0.692308	0	0	4.07099
0	28	0	0.717949	0	0	4.21587
0	29	0	0.74359	0	0	4.28364
0	30	0	0.769231	0	0	3.50604
0	31	0	0.794872	0	0	3.93279
0	32	0	0.820513	0	0	3.41452
0	33	0	0.846154	0	0	2.62102
0	34	0	0.871795	0	0	3.62524
0	35	0	0.897436	0	0	0.848446
0	36	0	0.923077	0	0	2.64222
0	37	0	0.948718	0	0	-0.293245
0	38	0	0.974359	0	0	-0.180652
0	39	0	1	1	0	0
1	0	0.025641	0	0	0	2.71813
1	1	0.025641	0.025641	-0.00538381	-0.00325791	2.71813
1	2	0.025641	0.0512821	-0.0101539	-0.0086201	2.73435
1	3	0.025641	0.0769231	-0.00212689	-0.00869615	2.78458
1	4	0.025641	0.102564	-0.0188693	-0.0151616	2.72909
1	5	0.025641	0.128205	0.00465604	-0.0158412	2.88288
1	6	0.025641	0.153846	-0.0218088	-0.0185106	2.76863
1	7	0.025641	0.179487	0.000313271	-0.0255295	2.93559
1	8	0.025641	0.205128	-0.00888389	-0.0209406	2.92315
1	9	0.025641	0.230769	-0.0209261	-0.0345634	2.91925
1	10	0.025641	0.25641	0.0167025	-0.0263973	3.17247
1	11	0.025641	0.282051	-0.0466945	-0.0385775	2.91133
1	12	0.025641	0.307692	0.0342395	-0.0373878	3.39637
1	13	0.025641	0.333333	-0.0501625	-0.0371074	3.04858
1	14	0.025641	0.358974	0.0182472	-0.0526596	3.46655
1	15	0.025641	0.384615	-0.0134075	-0.0363321	3.41321
1	16	0.025641	0.410256	-0.0371389	-0.064699	3.38999
1	17	0.025641	0.435897	0.0464976	-0.042218	3.91373
1	18	0.025641	0.461538	-0.0978163	-0.0617494	3.35094
1	19	0.025641	0.487179	0.0807303	-0.0539229	4.27407
1	20	0.025641	0.512821	-0.103818	-0.0439938	3.57099
1	21	0.025641	0.538462	0.0443329	-0.0672424	4.26306
1	22	0.025641	0.564103	-0.0310703	-0.0296876	4.09765
1	23	0.025641	0.589744	-0.0603956	-0.0684983	4.00247
1	24	0.025641	0.615385	0.0654587	-0.0241048	4.67573
1	25	0.025641	0.641026	-0.159549	-0.0319463	3.87596
1	26	0.025641	0.666667	0.100096	-0.00890411	4.7964
1	27	0.025641	0.692308	-0.155663	0.0361873	4.07099
1	28	0.025641	0.717949	0.0364975	0.0224814	4.21587
1	29	0.025641	0.74359	-0.0487271	0.085599	4.28364
1	30	0.025641	0.769231	-0.0747153	0.0704952	3.50604
1	31	0.025641	0.794872	0.0354345	0.104305	3.93279
1	32	0.025641	0.820513	-0.118518	0.148199	3.41452
1	33	0.025641	0.846154	-0.0028645	0.13998	2.62102
1	34	0.025641	0.871795	-0.0350467	0.227245	3.62524
1	35	0.025641	0.897436	-0.0896165	0.213587	0.848446
1	36	0.025641	0.923077	0.0924933	0.235649	2.64222
1	37	0.025641	0.948718	0.024524	0.23421	-0.293245
1	38	0.025641	0.974359	0.36424	0.092932	-0.180652
1	39	0.025641	1	1	0	0
2	0	0.0512821	0	0	0	2.67047
2	1	0.0512821	0.025641	-0.00628108	-0.00794441	2.67047
2	2	0.0512821	0.0512821	-0.00236757	-0.00554912	2.76583
2	3	0.0512821	0.0769231	-0.0198054	-0.0241105	2.47206
2	4	0.0512821	0.102564	0.00983224	-0.0151219	3.11126
2	5	0.0512821	0.128205	-0.0324449	-0.0295378	2.2397
2	6	0.0512821	0.153846	0.014844	-0.0361278	3.29106
2	7	0.0512821	0.179487	-0.0256556	-0.0244112	2.46691
2	8	0.0512821	0.205128	-0.00731401	-0.0623982	2.88495
2	9	0.0512821	0.230769	0.0107634	-0.0222573	3.36454
2	10	0.0512821	0.25641	-0.054956	-0.0768118	2.00193
2	11	0.0512821	0.282051	0.0571662	-0.040018	4.45748
2	12	0.0512821	0.307692	-0.0913257	-0.0654239	1.44702
2	13	0.0512821	0.333333	0.0678312	-0.0828312	4.74652
2	14	0.0512821	0.358974	-0.0652506	-0.0372513	2.2122
2	15	0.0512821	0.384615	0.00238229	-0.132058	3.52486
2	16	0.0512821	0.410256	0.0329484	-0.0251579	4.45218
2	17	0.0512821	0.435897	-0.124411	-0.146139	1.34714
2	18	0.0512821	0.461538	0.139658	-0.0560738	6.82809
2	19	0.0512821	0.487179	-0.21335	-0.0961369	0.13189
2	20	0.0512821	0.512821	0.155768	-0.125393	7.19787
2	21	0.0512821	0.538462	-0.152776	-0.0181023	1.69079
2	22	0.0512821	0.564103	0.0147924	-0.188807	4.57894
2	23	0.0512821	0.589744	0.0369828	0.0147376	5.62327
2	24	0.0512821	0.615385	-0.231997	-0.164669	0.718269
2	25	0.0512821	0.641026	0.200902	-0.0107376	8.96241
2	26	0.0512821	0.666667	-0.384029	-0.0153199	-0.879219
2	27	0.0512821	0.692308	0.205054	-0.0467542	8.49708
2	28	0.0512821	0.717949	-0.276282	0.152076	1.52427
2	29	0.0512821	0.74359	0.0156986	-0.0316305	4.30258
2	30	0.0512821	0.769231	-0.0161662	0.200264	5.36492
2	31	0.0512821	0.794872	-0.24028	0.10127	0.69745
2	32	0.0512821	0.820513	0.132989	0.1653	5.98029
2	33	0.0512821	0.846154	-0.315843	0.312508	1.68135
2	34	0.0512821	0.871795	0.0758934	0.190018	1.85124
2	35	0.0512821	0.897436	-0.128415	0.396909	5.01925
2	36	0.0512821	0.923077	0.0115689	0.303447	-2.0111
2	37	0.0512821	0.948718	0.195857	0.238407	4.18957
2	38	0.0512821	0.974359	0.40128	0.240487	-0.525251
2	39	0.0512821	1	1	0	0
3	0	0.0769231	0	0	0	2.64238
3	1	0.0769231	0.025641	-0.00286739	-0.000751237	2.64238
3	2	0.0769231	0.0512821	-0.0118989	-0.0247939	2.4243
3	3	0.0769231	0.0769231	0.00539416	-0.0046531	3.15863
3	4	0.0769231	0.102564	-0.0285797	-0.0402084	1.79849
3	5	0.0769231	0.128205	0.0188307	-0.0270395	3.80407
3	6	0.0769231	0.153846	-0.037007	-0.0313759	1.58543
3	7	0.0769231	0.179487	0.014068	-0.0703864	3.56698
3	8	0.0769231	0.205128	-0.0154096	-0.010442	2.70377
3	9	0.0769231	0.230769	-0.0266757	-0.110744	1.9229
3	10	0.0769231	0.25641	0.0377847	-0.0119552	5.01188
3	11	0.0769231	0.282051	-0.0876973	-0.110206	-0.196958
3	12	0.0769231	0.307692	0.0862233	-0.0659902	6.81021
3	13	0.0769231	0.333333	-0.10972	-0.0544981	-0.532503
3	14	0.0769231	0.358974	0.068602	-0.164591	5.79377
3	15	0.0769231	0.384615	-0.037671	0.0119849	2.70999
3	16	0.0769231	0.410256	-0.0549256	-0.242668	1.28146
3	17	0.0769231	0.435897	0.10406	0.00960696	8.45009
3	18	0.0769231	0.461538	-0.22596	-0.209168	-3.89364
3	19	0.0769231	0.487179	0.210523	-0.102764	12.3394
3	20	0.0769231	0.512821	-0.276895	-0.0540146	-4.49873
3	21	0.0769231	0.538462	0.157109	-0.280898	9.77111
3	22	0.0769231	0.564103	-0.106759	0.0878837	2.20329
3	23	0.0769231	0.589744	-0.121667	-0.378956	0.709654
3	24	0.0769231	0.615385	0.154436	0.0803915	12.3182
3	25	0.0769231	0.641026	-0.473184	-0.234868	-8.11604
3	26	0.0769231	0.666667	0.304284	-0.0578582	17.6197
3	27	0.0769231	0.692308	-0.562126	0.0971293	-8.33243
3	28	0.0769231	0.717949	0.218798	-0.20931	12.5574
3	29	0.0769231	0.74359	-0.271487	0.320701	0.913383
3	30	0.0769231	0.769231	-0.143135	-0.185912	0.804986
3	31	0.0769231	0.794872	0.104789	0.277831	10.6887
3	32	0.0769231	0.820513	-0.535894	0.122776	-6.19419
3	33	0.0769231	0.846154	0.284174	0.142215	11.232
3	34	0.0769231	0.871795	-0.566963	0.466852	-2.19894
3	35	0.0769231	0.897436	0.254396	0.150018	2.93635
3	36	0.0769231	0.923077	-0.159357	0.446327	4.59269
3	37	0.0769231	0.948718	0.300429	0.278672	-1.96264
3	38	0.0769231	0.974359	0.508997	0.163179	3.29365
3	39	0.0769231	1	1	0	0
4	0	0.102564	0	0	0	2.53072
4	1	0.102564	0.025641	-0.00319329	-0.0150219	2.53072
4	2	0.102564	0.0512821	-0.000677321	0.00321627	2.88437
4	3	0.102564	0.0769231	-0.0133977	-0.043859	1.80528
4	4	0.102564	0.102564	0.00877354	-0.0076316	3.89967
4	5	0.102564	0.128205	-0.0280105	-0.0464633	0.913998
4	6	0.102564	0.153846	0.0191907	-0.0515515	4.44191
4	7	0.102564	0.179487	-0.032035	-0.0154332	1.33344
4	8	0.102564	0.205128	0.00910421	-0.117131	3.07355
4	9	0.102564	0.230769	-0.00550895	0.0154912	4.00387
4	10	0.102564	0.25641	-0.0368888	-0.154947	-0.24441
4	11	0.102564	0.282051	0.0486039	-0.0113643	7.71554
4	12	0.102564	0.307692	-0.0935607	-0.110932	-3.0168
4	13	0.102564	0.333333	0.0885027	-0.127275	9.02618
4	14	0.102564	0.358974	-0.0936302	0.00535953	-1.37211
4	15	0.102564	0.384615	0.0459673	-0.284605	4.69182
4	16	0.102564	0.410256	0.00204783	0.0877386	6.15042
4	17	0.102564	0.435897	-0.109796	-0.347183	-4.32674
4	18	0.102564	0.461538	0.142777	0.0130303	15.3294
4	19	0.102564	0.487179	-0.270941	-0.196481	-10.954
4	20	0.102564	0.512821	0.216753	-0.241075	17.8245
4	21	0.102564	0.538462	-0.243554	0.0820662	-6.73144
4	22	0.102564	0.564103	0.0813989	-0.532237	7.85218
4	23	0.102564	0.589744	-0.0144384	0.217193	8.69061
4	24	0.102564	0.615385	-0.304286	-0.566245	-9.91456
4	25	0.102564	0.641026	0.215874	0.072537	24.4968
4	26	0.102564	0.666667	-0.647942	-0.190247	-20.7047
4	27	0.102564	0.692308	0.304409	-0.256266	27.0829
4	28	0.102564	0.717949	-0.566304	0.305276	-13.2279
4	29	0.102564	0.74359	0.101926	-0.526209	11.5578
4	30	0.102564	0.769231	-0.138956	0.459243	6.96408
4	31	0.102564	0.794872	-0.432641	-0.375001	-9.96468
4	32	0.102564	0.820513	0.237605	0.255248	21.9984
4	33	0.102564	0.846154	-0.861504	0.191082	-17.8277
4	34	0.102564	0.871795	0.43353	0.0145718	19.5603
4	35	0.102564	0.897436	-0.689509	0.600936	-8.04674
4	36	0.102564	0.923077	0.468769	0.0226681	5.72377
4	37	0.102564	0.948718	0.0559997	0.411836	2.42568
4	38	0.102564	0.974359	0.65615	0.205344	0.234472
4	39	0.102564	1	1	0	0
5	0	0.128205	0	0	0	2.53944
5	1	0.128205	0.025641	-0.00122141	0.00243745	2.53944
5	2	0.128205	0.0512821	-0.000101445	-0.0331888	2.15765
5	3	0.128205	0.0769231	-0.00412277	0.00495414	3.38984
5	4	0.128205	0.102564	-0.00478209	-0.0562442	1.0153
5	5	0.128205	0.128205	0.00291927	-0.019486	4.62466
5	6	0.128205	0.153846	-0.0203832	-0.0396345	0.296715
5	7	0.128205	0.179487	0.0185486	-0.0855314	4.54226
5	8	0.128205	0.205128	-0.033029	0.0106314	1.85454
5	9	0.128205	0.230769	0.0184273	-0.162139	1.67826
5	10	0.128205	0.25641	-0.0172142	0.036234	6.13681
5	11	0.128205	0.282051	-0.0193542	-0.174769	-2.94965
5	12	0.128205	0.307692	0.033366	-0.0372146	10.3935
5	13	0.128205	0.333333	-0.0715359	-0.069344	-5.00128
5	14	0.128205	0.358974	0.0791359	-0.222566	9.55313
5	15	0.128205	0.384615	-0.0757115	0.0946857	0.280564
5	16	0.128205	0.410256	0.0413496	-0.406419	0.622511
5	17	0.128205	0.435897	-0.00131501	0.143659	12.3244
5	18	0.128205	0.461538	-0.105155	-0.385074	-11.876
5	19	0.128205	0.487179	0.115877	-0.0610406	22.5389
5	20	0.128205	0.512821	-0.225803	-0.07907	-16.0314
5	21	0.128205	0.538462	0.172644	-0.476487	19.2645
5	22	0.128205	0.564103	-0.165665	0.2625	-2.92129
5	23	0.128205	0.589744	-0.00809566	-0.797176	-1.12829
5	24	0.128205	0.615385	0.00370063	0.281959	21.2754
5	25	0.128205	0.641026	-0.411689	-0.624269	-25.08
5	26	0.128205	0.666667	0.151836	-0.0776668	38.0576
5	27	0.128205	0.692308	-0.636461	0.0101014	-30.5309
5	28	0.128205	0.717949	0.198489	-0.626214	30.9078
5	29	0.128205	0.74359	-0.410848	0.523941	-9.42231
5	30	0.128205	0.769231	-0.112829	-0.898695	0.717181
5	31	0.128205	0.794872	-0.0297192	0.482795	21.4418
5	32	0.128205	0.820513	-0.729288	-0.46033	-27.7806
5	33	0.128205	0.846154	0.26636	0.107619	37.3225
5	34	0.128205	0.871795	-1.01024	0.35185	-30.8157
5	35	0.128205	0.897436	0.517821	-0.222296	27.5386
5	36	0.128205	0.923077	-0.494763	0.70618	-12.3158
5	37	0.128205	0.948718	0.643903	-0.144227	6.91209
5	38	0.128205	0.974359	0.515834	0.356006	1.61302
5	39	0.128205	1	1	0	0
6	0	0.153846	0	0	0	2.41047
6	1	0.153846	0.025641	0.00302593	-0.0132367	2.41047
6	2	0.153846	0.0512821	-0.00713876	0.0024346	2.68899
6	3	0.153846	0.0769231	0.0140408	-0.0464715	1.7267
6	4	0.153846	0.102564	-0.0179238	0.00113009	3.82069
6	5	0.153846	0.128205	0.0108018	-0.0609635	0.453711
6	6	0.153846	0.153846	-0.00385296	-0.0353995	4.97696
6	7	0.153846	0.179487	-0.0205473	-0.0277664	0.160718
6	8	0.153846	0.205128	0.033798	-0.116331	4.12007
6	9	0.153846	0.230769	-0.0582061	0.0333185	2.82631
6	10	0.153846	0.25641	0.0552632	-0.190037	0.0367733
6	11	0.153846	0.282051	-0.0558962	0.0410381	8.14741
6	12	0.153846	0.307692	0.021456	-0.164187	-4.99796
6	13	0.153846	0.333333	0.0112115	-0.0852931	11.8275
6	14	0.153846	0.358974	-0.0538747	-0.00227068	-5.14125
6	15	0.153846	0.384615	0.0972875	-0.319547	7.85767
6	16	0.153846	0.410256	-0.107027	0.175447	4.07474
6	17	0.153846	0.435897	0.0973564	-0.474291	-5.04751
6	18	0.153846	0.461538	-0.0768939	0.145295	18.8579
6	19	0.153846	0.487179	-0.0227701	-0.321938	-17.8999
6	20	0.153846	0.512821	0.0496046	-0.211141	26.4396
6	21	0.153846	0.538462	-0.142162	0.10617	-15.7054
6	22	0.153846	0.564103	0.147141	-0.729017	14.2316
6	23	0.153846	0.589744	-0.168298	0.40529	6.92264
6	24	0.153846	0.615385	-0.0136882	-0.928784	-14.915
6	25	0.153846	0.641026	-0.135072	0.235498	35.5695
6	26	0.153846	0.666667	-0.351101	-0.474045	-37.7425
6	27	0.153846	0.692308	-0.011891	-0.368606	46.208
6	28	0.153846	0.717949	-0.459205	0.300304	-30.6405
6	29	0.153846	0.74359	0.055782	-1.05596	23.5903
6	30	0.153846	0.769231	-0.285704	0.648707	4.70494
6	31	0.153846	0.794872	-0.301246	-1.11522	-19.1439
6	32	0.153846	0.820513	-0.111469	0.379604	40.6766
6	33	0.153846	0.846154	-0.83733	-0.331967	-46.2622
6	34	0.153846	0.871795	0.155523	-0.151127	50.7096
6	35	0.153846	0.897436	-0.81335	0.587578	-38.1664
6	36	0.153846	0.923077	0.530316	-0.511529	29.3237
6	37	0.153846	0.948718	0.00229243	0.72828	-10.5826
6	38	0.153846	0.974359	0.787463	-0.153578	4.2208
6	39	0.153846	1	1	0	0
7	0	0.179487	0	0	0	2.34015
7	1	0.179487	0.025641	-0.000950401	-0.00551393	2.34015
7	2	0.179487	0.0512821	0.0166473	-0.0203011	2.33176
7	3	0.179487	0.0769231	-0.0238404	-0.00275192	2.64322
7	4	0.179487	0.102564	0.0357934	-0.055808	1.60112
7	5	0.179487	0.128205	-0.0341301	-0.00167254	3.90319
7	6	0.179487	0.153846	0.0194648	-0.0672932	0.212828
7	7	0.179487	0.179487	0.00378723	-0.0439083	5.10088
7	8	0.179487	0.205128	-0.0438276	-0.0219437	0.0928582
7	9	0.179487	0.230769	0.0738147	-0.133786	3.83221
7	10	0.179487	0.25641	-0.109646	0.0469608	3.40357
7	11	0.179487	0.282051	0.110674	-0.200209	-0.906863
7	12	0.179487	0.307692	-0.100457	0.0363948	9.15173
7	13	0.179487	0.333333	0.0548318	-0.140054	-5.75343
7	14	0.179487	0.358974	0.0189456	-0.129701	11.8022
7	15	0.179487	0.384615	-0.0848319	0.0582856	-3.9506
7	16	0.179487	0.410256	0.172932	-0.374639	5.23656
7	17	0.179487	0.435897	-0.213474	0.220289	7.86378
7	18	0.179487	0.461538	0.214941	-0.45933	-9.36425
7	19	0.179487	0.487179	-0.19431	0.0967527	22.638
7	20	0.179487	0.512821	0.0857735	-0.188497	-19.4871
7	21	0.179487	0.538462	0.0201882	-0.371521	24.969
7	22	0.179487	0.564103	-0.135577	0.278733	-10.1033
7	23	0.179487	0.589744	0.217311	-0.860354	4.78384
7	24	0.179487	0.615385	-0.351475	0.463602	18.3163
7	25	0.179487	0.641026	0.116206	-0.830385	-26.547
7	26	0.179487	0.666667	-0.404015	0.0942369	44.7728
7	27	0.179487	0.692308	-0.151783	-0.167148	-40.7879
7	28	0.179487	0.717949	-0.166116	-0.700037	43.2764
7	29	0.179487	0.74359	-0.300646	0.55292	-19.5472
7	30	0.179487	0.769231	-0.00291294	-1.30905	5.93517
7	31	0.179487	0.794872	-0.406405	0.655777	24.0351
7	32	0.179487	0.820513	-0.313069	-1.00813	-39.4154
7	33	0.179487	0.846154	-0.422227	0.195017	56.7967
7	34	0.179487	0.871795	-0.635202	-0.00649066	-55.768
7	35	0.179487	0.897436	-0.0282969	-0.461042	54.4765
7	36	0.179487	0.923077	-0.314406	0.796974	-34.1931
7	37	0.179487	0.948718	0.535843	-0.667532	21.2305
7	38	0.179487	0.974359	0.562199	0.584605	-3.17333
7	39	0.179487	1	1	0	0
8	0	0.205128	0	0	0	2.34756
8	1	0.205128	0.025641	0.00799786	0.00156647	2.34756
8	2	0.205128	0.0512821	-0.0122925	-0.019382	1.97924
8	3	0.205128	0.0769231	0.0379519	-0.0238945	2.68637
8	4	0.205128	0.102564	-0.0443824	-0.004566	2.15175
8	5	0.205128	0.128205	0.052315	-0.0721331	1.80521
8	6	0.205128	0.153846	-0.0386466	0.00785469	3.87534
8	7	0.205128	0.179487	0.00860462	-0.08515	-0.198694
8	8	0.205128	0.205128	0.031912	-0.0391996	5.66991
8	9	0.205128	0.230769	-0.0895601	-0.0236535	-0.675959
8	10	0.205128	0.25641	0.12675	-0.142844	4.42048
8	11	0.205128	0.282051	-0.165544	0.0606037	2.9976
8	12	0.205128	0.307692	0.15637	-0.211081	-0.864126
8	13	0.205128	0.333333	-0.116246	0.0421575	9.25854
8	14	0.205128	0.358974	0.0456275	-0.130085	-5.91038
8	15	0.205128	0.384615	0.0783181	-0.142168	11.5811
8	16	0.205128	0.410256	-0.183818	0.0899746	-3.33137
8	17	0.205128	0.435897	0.292905	-0.372073	4.08697
8	18	0.205128	0.461538	-0.36382	0.232214	9.13974
8	19	0.205128	0.487179	0.340907	-0.394877	-10.1036
8	20	0.205128	0.512821	-0.270982	0.0448394	22.1821
8	21	0.205128	0.538462	0.124717	-0.0666554	-16.9705
8	22	0.205128	0.564103	0.0986375	-0.438688	20.0079
8	23	0.205128	0.589744	-0.30604	0.372949	-3.53017
8	24	0.205128	0.615385	0.391883	-0.783218	-2.7228
8	25	0.205128	0.641026	-0.702564	0.443032	24.6437
8	26	0.205128	0.666667	0.327953	-0.560859	-29.2315
8	27	0.205128	0.692308	-0.659324	-0.0672797	43.5453
8	28	0.205128	0.717949	0.0327981	0.137797	-32.9309
8	29	0.205128	0.74359	-0.1657	-0.877692	29.8162
8	30	0.205128	0.769231	-0.388794	0.681606	-3.21939
8	31	0.205128	0.794872	0.111901	-1.18942	-12.4956
8	32	0.205128	0.820513	-0.849713	0.582653	39.0417
8	33	0.205128	0.846154	-0.0980803	-0.610482	-48.5419
8	34	0.205128	0.871795	-0.842586	-0.0100424	60.9619
8	35	0.205128	0.897436	-0.190373	0.36379	-50.3709
8	36	0.205128	0.923077	-0.136854	-0.674665	43.9633
8	37	0.205128	0.948718	0.250602	0.828241	-20.2701
8	38	0.205128	0.974359	0.671984	-0.428055	8.08123
8	39	0.205128	1	1	0	0
9	0	0.230769	0	0	0	2.06995
9	1	0.230769	0.025641	0.0010631	-0.0230402	2.06995
9	2	0.230769	0.0512821	0.0232234	0.0101476	2.86028
9	3	0.230769	0.0769231	-0.0283123	-0.0315887	1.04068
9	4	0.230769	0.102564	0.0550414	-0.0365787	3.49407
9	5	0.230769	0.128205	-0.0557179	0.00950813	1.49619
9	6	0.230769	0.153846	0.0531161	-0.10512	1.79642
9	7	0.230769	0.179487	-0.0268445	0.0330323	4.43759
9	8	0.230769	0.205128	-0.0189684	-0.112723	-1.51084
9	9	0.230769	0.230769	0.0673133	-0.0305167	7.28985
9	10	0.230769	0.25641	-0.136377	-0.0204115	-2.50966
9	11	0.230769	0.282051	0.167046	-0.163075	5.89631
9	12	0.230769	0.307692	-0.194193	0.0911331	2.00947
9	13	0.230769	0.333333	0.166829	-0.246092	-0.701438
9	14	0.230769	0.358974	-0.0862918	0.0738755	9.75251
9	15	0.230769	0.384615	-0.0163004	-0.149912	-7.15199
9	16	0.230769	0.410256	0.168629	-0.120788	13.0677
9	17	0.230769	0.435897	-0.319561	0.0974032	-5.16635
9	18	0.230769	0.461538	0.403257	-0.34913	5.91054
9	19	0.230769	0.487179	-0.474923	0.244514	7.13411
9	20	0.230769	0.512821	0.402235	-0.361809	-7.9243
9	21	0.230769	0.538462	-0.230392	0.0536182	19.4569
9	22	0.230769	0.564103	0.0154649	-0.0345394	-14.2947
9	23	0.230769	0.589744	0.270839	-0.358364	17.0376
9	24	0.230769	0.615385	-0.650904	0.370465	-2.03652
9	25	0.230769	0.641026	0.580375	-0.572169	-2.24497
9	26	0.230769	0.666667	-1.05598	0.391815	21.3323
9	27	0.230769	0.692308	0.495637	-0.316534	-22.1082
9	28	0.230769	0.717949	-0.699181	-0.126323	32.7909
9	29	0.230769	0.74359	0.0104088	0.280349	-20.4024
9	30	0.230769	0.769231	0.0500407	-0.740243	15.1751
9	31	0.230769	0.794872	-0.843217	0.659389	7.82664
9	32	0.230769	0.820513	0.345834	-0.753878	-19.048
9	33	0.230769	0.846154	-1.46902	0.472525	40.1207
9	34	0.230769	0.871795	0.242563	-0.161196	-40.9862
9	35	0.230769	0.897436	-1.11276	-0.14443	48.68
9	36	0.230769	0.923077	0.297515	0.574583	-32.8601
9	37	0.230769	0.948718	0.0198073	-0.603859	23.5449
9	38	0.230769	0.974359	0.689437	0.584858	-5.06472
9	39	0.230769	1	1	0	0
10	0	0.25641	0	0	0	2.27688
10	1	0.25641	0.025641	0.00874026	0.0192487	2.27688
10	2	0.25641	0.0512821	-0.00404448	-0.0492141	1.14042
10	3	0.25641	0.0769231	0.0343423	0.0110549	3.9679
10	4	0.25641	0.102564	-0.0368378	-0.0272243	-0.213501
10	5	0.25641	0.128205	0.0586171	-0.0685601	4.19977
10	6	0.25641	0.153846	-0.0538205	0.0424978	1.4003
10	7	0.25641	0.179487	0.0424031	-0.150783	0.85517
10	8	0.25641	0.205128	-0.0121253	0.0621006	6.12597
10	9	0.25641	0.230769	-0.0432146	-0.133897	-3.95099
10	10	0.25641	0.25641	0.0868233	-0.037464	9.78603
10	11	0.25641	0.282051	-0.156981	0.00499976	-4.79402
10	12	0.25641	0.307692	0.177447	-0.212891	7.26436
10	13	0.25641	0.333333	-0.182811	0.147056	1.76343
10	14	0.25641	0.358974	0.141734	-0.312248	-1.93232
10	15	0.25641	0.384615	-0.0338393	0.124289	12.1576
10	16	0.25641	0.410256	-0.100095	-0.187588	-10.8135
10	17	0.25641	0.435897	0.237724	-0.101661	17.1271
10	18	0.25641	0.461538	-0.41784	0.111611	-9.5453
10	19	0.25641	0.487179	0.451515	-0.376332	9.70879
10	20	0.25641	0.512821	-0.469471	0.29855	4.08627
10	21	0.25641	0.538462	0.354255	-0.43148	-6.42998
10	22	0.25641	0.564103	-0.0866601	0.144498	19.1926
10	23	0.25641	0.589744	-0.237475	-0.114623	-16.6342
10	24	0.25641	0.615385	0.420207	-0.210681	21.0275
10	25	0.25641	0.641026	-1.00862	0.313306	-9.08511
10	26	0.25641	0.666667	0.672593	-0.437481	6.53842
10	27	0.25641	0.692308	-1.16067	0.391381	10.4346
10	28	0.25641	0.717949	0.498824	-0.296585	-11.5724
10	29	0.25641	0.74359	-0.43739	0.00316343	21.661
10	30	0.25641	0.769231	-0.344531	0.176075	-13.7714
10	31	0.25641	0.794872	0.32603	-0.368214	11.9107
10	32	0.25641	0.820513	-1.51978	0.511489	3.95175
10	33	0.25641	0.846154	0.532679	-0.32875	-8.66167
10	34	0.25641	0.871795	-1.8898	0.39586	24.2526
10	35	0.25641	0.897436	0.568588	0.0700567	-21.6021
10	36	0.25641	0.923077	-0.946761	-0.106291	25.5604
10	37	0.25641	0.948718	0.660948	0.486421	-13.0934
10	38	0.25641	0.974359	0.489013	-0.223652	6.43196
10	39	0.25641	1	1	0	0
11	0	0.282051	0	0	0	1.8337
11	1	0.282051	0.025641	0.00660429	-0.0351723	1.8337
11	2	0.282051	0.0512821	0.0136123	0.0349508	3.15841
11	3	0.282051	0.0769231	-0.00314455	-0.0612619	-0.259843
11	4	0.282051	0.102564	0.0322203	-0.0071951	5.14866
11	5	0.282051	0.128205	-0.0339626	-0.00176852	-1.05809
11	6	0.282051	0.153846	0.0534444	-0.115089	4.08181
11	7	0.282051	0.179487	-0.051542	0.081725	2.38249
11	8	0.282051	0.205128	0.0385991	-0.190481	-1.19178
11	9	0.282051	0.230769	-0.0158584	0.075814	8.66963
11	10	0.282051	0.25641	-0.0421258	-0.129889	-6.79526
11	11	0.282051	0.282051	0.0788057	-0.0736125	12.0969
11	12	0.282051	0.307692	-0.143595	0.0583493	-6.19897
11	13	0.282051	0.333333	0.16588	-0.29119	7.15095
11	14	0.282051	0.358974	-0.155408	0.216894	3.49698
11	15	0.282051	0.384615	0.111662	-0.388689	-5.47732
11	16	0.282051	0.410256	-0.00802673	0.162852	16.8359
11	17	0.282051	0.435897	-0.146935	-0.207323	-16.4831
11	18	0.282051	0.461538	0.246699	-0.135872	22.5042
11	19	0.282051	0.487179	-0.41466	0.168984	-14.0559
11	20	0.282051	0.512821	0.426012	-0.503692	12.2212
11	21	0.282051	0.538462	-0.357225	0.403184	4.1297
11	22	0.282051	0.564103	0.216226	-0.606237	-9.90307
11	23	0.282051	0.589744	0.0369873	0.250539	25.2013
11	24	0.282051	0.615385	-0.502889	-0.242502	-26.3154
11	25	0.282051	0.641026	0.436412	-0.168351	31.7876
11	26	0.282051	0.666667	-1.13412	0.294848	-21.4591
11	27	0.282051	0.692308	0.628567	-0.560564	17.2809
11	28	0.282051	0.717949	-0.901692	0.491667	1.35472
11	29	0.282051	0.74359	0.264535	-0.572168	-7.7796
11	30	0.282051	0.769231	-0.0827111	0.230607	21.6892
11	31	0.282051	0.794872	-0.923471	-0.111201	-21.8234
11	32	0.282051	0.820513	0.401785	-0.0892244	24.494
11	33	0.282051	0.846154	-1.9863	0.362342	-15.5869
11	34	0.282051	0.871795	0.60205	-0.209033	12.0613
11	35	0.282051	0.897436	-1.74609	0.430084	0.0863752
11	36	0.282051	0.923077	0.791507	-0.0323262	-1.57068
11	37	0.282051	0.948718	-0.294051	0.0944395	5.6851
11	38	0.282051	0.974359	0.859607	0.184674	-1.40314
11	39	0.282051	1	1	0	0
12	0	0.307692	0	0	0	2.09351
12	1	0.307692	0.025641	0.00604789	0.0236007	2.09351
12	2	0.307692	0.0512821	0.0165686	-0.0600631	0.816089
12	3	0.307692	0.0769231	0.00438178	0.0333323	4.27679
12	4	0.307692	0.102564	0.0081634	-0.0521383	-1.43905
12	5	0.307692	0.128205	0.0213141	-0.0405052	5.68283
12	6	0.307692	0.153846	-0.0315193	0.0323935	-0.962444
12	7	0.307692	0.179487	0.0566483	-0.156828	2.96326
12	8	0.307692	0.205128	-0.0687148	0.107933	4.15193
12	9	0.307692	0.230769	0.0588774	-0.204689	-3.60534
12	10	0.307692	0.25641	-0.046644	0.0637226	11.0027
12	11	0.307692	0.282051	-0.0132208	-0.0964319	-8.7629
12	12	0.307692	0.307692	0.056592	-0.132468	12.9838
12	13	0.307692	0.333333	-0.120446	0.125736	-5.72036
12	14	0.307692	0.358974	0.163053	-0.371941	4.93646
12	15	0.307692	0.384615	-0.157287	0.274821	7.19732
12	16	0.307692	0.410256	0.119743	-0.436441	-10.6181
12	17	0.307692	0.435897	-0.0414077	0.157513	22.3565
12	18	0.307692	0.461538	-0.11456	-0.173878	-21.789
12	19	0.307692	0.487179	0.203543	-0.248587	26.3303
12	20	0.307692	0.512821	-0.321491	0.278829	-15.2075
12	21	0.307692	0.538462	0.366089	-0.711473	10.004
12	22	0.307692	0.564103	-0.252898	0.513242	9.97639
12	23	0.307692	0.589744	0.0853147	-0.792896	-19.752
12	24	0.307692	0.615385	0.0165357	0.2642	36.6959
12	25	0.307692	0.641026	-0.592052	-0.293779	-39.5677
12	26	0.307692	0.666667	0.319408	-0.346384	43.4334
12	27	0.307692	0.692308	-0.921385	0.385389	-29.9741
12	28	0.307692	0.717949	0.464503	-0.956537	20.5973
12	29	0.307692	0.74359	-0.493967	0.627535	4.04641
12	30	0.307692	0.769231	-0.131987	-0.987003	-18.2576
12	31	0.307692	0.794872	0.00397017	0.330573	36.0325
12	32	0.307692	0.820513	-1.34096	-0.345003	-43.0661
12	33	0.307692	0.846154	0.228375	-0.117844	45.5064
12	34	0.307692	0.871795	-1.87794	0.351264	-39.0909
12	35	0.307692	0.897436	0.587951	-0.435404	30.92
12	36	0.307692	0.923077	-1.00895	0.56758	-16.9614
12	37	0.307692	0.948718	0.857597	-0.345386	8.13356
12	38	0.307692	0.974359	0.493741	0.234018	-0.797312
12	39	0.307692	1	1	0	0
13	0	0.333333	0	0	0	1.7119
13	1	0.333333	0.025641	0.0130359	-0.0281815	1.7119
13	2	0.333333	0.0512821	-0.00326389	0.0320595	2.70927
13	3	0.333333	0.0769231	0.0360364	-0.0653196	-0.145066
13	4	0.333333	0.102564	-0.0156775	0.0168941	4.92599
13	5	0.333333	0.128205	0.0194368	-0.0330993	-1.84598
13	6	0.333333	0.153846	0.0179343	-0.0703682	5.36103
13	7	0.333333	0.179487	-0.0477216	0.055696	-0.183383
13	8	0.333333	0.205128	0.0822393	-0.175003	1.53446
13	9	0.333333	0.230769	-0.112454	0.111675	5.68979
13	10	0.333333	0.25641	0.101224	-0.190999	-5.19942
13	11	0.333333	0.282051	-0.0884829	0.0345382	12.0257
13	12	0.333333	0.307692	0.0195188	-0.0501996	-9.04933
13	13	0.333333	0.333333	0.0513318	-0.187938	12.0588
13	14	0.333333	0.358974	-0.127502	0.182407	-3.63152
13	15	0.333333	0.384615	0.200043	-0.419112	1.50257
13	16	0.333333	0.410256	-0.216923	0.299518	11.3357
13	17	0.333333	0.435897	0.186418	-0.426479	-15.1563
13	18	0.333333	0.461538	-0.119456	0.100236	26.233
13	19	0.333333	0.487179	-0.0203202	-0.0819525	-23.9376
13	20	0.333333	0.512821	0.160871	-0.410148	25.9711
13	21	0.333333	0.538462	-0.234118	0.409097	-11.2523
13	22	0.333333	0.564103	0.34677	-0.899021	2.32198
13	23	0.333333	0.589744	-0.285781	0.566593	20.2062
13	24	0.333333	0.615385	0.0794992	-0.853692	-32.1333
13	25	0.333333	0.641026	-0.159299	0.136182	48.259
13	26	0.333333	0.666667	-0.430177	-0.182077	-48.1662
13	27	0.333333	0.692308	0.150135	-0.713697	47.7984
13	28	0.333333	0.717949	-0.548358	0.555962	-26.5938
13	29	0.333333	0.74359	0.260787	-1.41188	10.1489
13	30	0.333333	0.769231	-0.338004	0.677302	19.6482
13	31	0.333333	0.794872	-0.422689	-1.21068	-39.8287
13	32	0.333333	0.820513	-0.287379	0.2204	56.6203
13	33	0.333333	0.846154	-1.29568	-0.328671	-64.1368
13	34	0.333333	0.871795	-0.0655911	-0.402876	62.541
13	35	0.333333	0.897436	-1.21263	0.49632	-51.0117
13	36	0.333333	0.923077	0.507931	-0.833399	36.576
13	37	0.333333	0.948718	-0.0717118	0.652802	-17.4725
13	38	0.333333	0.974359	0.860734	-0.453141	4.70347
13	39	0.333333	1	1	0	0
14	0	0.358974	0	0	0	1.76928
14	1	0.358974	0.025641	0.00337686	0.00807021	1.76928
14	2	0.358974	0.0512821	0.0342996	-0.0381312	1.26075
14	3	0.358974	0.0769231	-0.0265424	0.0258021	2.9974
14	4	0.358974	0.102564	0.0564624	-0.0606023	-0.479618
14	5	0.358974	0.128205	-0.0309299	0.00272066	4.85421
14	6	0.358974	0.153846	0.0141481	-0.0238431	-1.67502
14	7	0.358974	0.179487	0.0350124	-0.0795985	4.79702
14	8	0.358974	0.205128	-0.0888501	0.0585385	0.340216
14	9	0.358974	0.230769	0.12551	-0.169283	0.864926
14	10	0.358974	0.25641	-0.166192	0.101995	6.03707
14	11	0.358974	0.282051	0.142239	-0.168807	-5.33965
14	12	0.358974	0.307692	-0.109864	0.0116604	11.5461
14	13	0.358974	0.333333	0.0225839	-0.0170232	-8.09856
14	14	0.358974	0.358974	0.087141	-0.211719	10.2903
14	15	0.358974	0.384615	-0.187765	0.210659	-1.46779
14	16	0.358974	0.410256	0.28015	-0.414474	-1.18111
14	17	0.358974	0.435897	-0.318422	0.289653	13.7873
14	18	0.358974	0.461538	0.286652	-0.364946	-16.9366
14	19	0.358974	0.487179	-0.185035	0.0186144	26.5766
14	20	0.358974	0.512821	0.0615759	0.0350416	-21.9534
14	21	0.358974	0.538462	0.184014	-0.538163	21.2204
14	22	0.358974	0.564103	-0.265179	0.50969	-4.00009
14	23	0.358974	0.589744	0.426002	-0.942709	-7.23111
14	24	0.358974	0.615385	-0.492859	0.538005	29.7292
14	25	0.358974	0.641026	0.229531	-0.717577	-39.9329
14	26	0.358974	0.666667	-0.39364	-0.090929	52.9913
14	27	0.358974	0.692308	-0.140459	0.0642308	-45.8676
14	28	0.358974	0.717949	0.0434356	-1.08018	39.6555
14	29	0.358974	0.74359	-0.356775	0.710772	-11.7753
14	30	0.358974	0.769231	0.16785	-1.57646	-10.2682
14	31	0.358974	0.794872	-0.629022	0.618406	39.2689
14	32	0.358974	0.820513	-0.407007	-1.0456	-58.4535
14	33	0.358974	0.846154	-0.804861	-0.011566	71.0673
14	34	0.358974	0.871795	-0.822111	-0.0727549	-70.7187
14	35	0.358974	0.897436	-0.34433	-0.774481	64.5218
14	36	0.358974	0.923077	-0.347684	0.669013	-44.1797
14	37	0.358974	0.948718	0.456153	-1.03033	25.2208
14	38	0.358974	0.974359	0.613496	0.469578	-7.00132
14	39	0.358974	1	1	0	0
15	0	0.384615	0	0	0	1.67785
15	1	0.384615	0.025641	0.0157675	-0.00435147	1.67785
15	2	0.384615	0.0512821	-0.0117489	0.000544036	1.60344
15	3	0.384615	0.0769231	0.057695	-0.0381693	1.33792
15	4	0.384615	0.102564	-0.049074	0.0208216	2.65416
15	5	0.384615	0.128205	0.0629078	-0.0654068	-0.308311
15	6	0.384615	0.153846	-0.0280549	0.00676031	4.5958
15	7	0.384615	0.179487	-0.0134386	-0.0342593	-1.77648
15	8	0.384615	0.205128	0.0674037	-0.0693905	4.9496
15	9	0.384615	0.230769	-0.139304	0.0500877	-0.225371
15	10	0.384615	0.25641	0.163932	-0.160516	1.45129
15	11	0.384615	0.282051	-0.19914	0.100081	5.16495
15	12	0.384615	0.307692	0.154752	-0.164459	-4.58036
15	13	0.384615	0.333333	-0.0896205	0.0155088	10.5942
15	14	0.384615	0.358974	-0.0200631	-0.0124748	-7.38999
15	15	0.384615	0.384615	0.15717	-0.196818	9.41476
15	16	0.384615	0.410256	-0.284522	0.211814	-0.992743
15	17	0.384615	0.435897	0.371103	-0.375547	-1.50308
15	18	0.384615	0.461538	-0.405286	0.266893	13.3302
15	19	0.384615	0.487179	0.363513	-0.292754	-15.5764
15	20	0.384615	0.512821	-0.175118	-0.0328077	23.6856
15	21	0.384615	0.538462	0.0485046	0.125006	-17.7462
15	22	0.384615	0.564103	0.297591	-0.545824	15.2383
15	23	0.384615	0.589744	-0.460045	0.545952	1.96583
15	24	0.384615	0.615385	0.583472	-0.800228	-12.67
15	25	0.384615	0.641026	-0.788455	0.449796	32.76
15	26	0.384615	0.666667	0.443645	-0.448486	-38.2705
15	27	0.384615	0.692308	-0.532923	-0.292902	46.8906
15	28	0.384615	0.717949	0.0398357	0.320324	-33.8022
15	29	0.384615	0.74359	0.102313	-1.1681	22.4173
15	30	0.384615	0.769231	-0.578937	0.780425	5.45855
15	31	0.384615	0.794872	0.252903	-1.27172	-26.9033
15	32	0.384615	0.820513	-1.26119	0.494755	50.5124
15	33	0.384615	0.846154	-0.130824	-0.600276	-60.9894
15	34	0.384615	0.871795	-1.3001	-0.250273	69.1069
15	35	0.384615	0.897436	-0.183031	0.244687	-58.4947
15	36	0.384615	0.923077	-0.428819	-0.984226	47.7385
15	37	0.384615	0.948718	0.332552	0.67224	-24.8548
15	38	0.384615	0.974359	0.621467	-0.708564	7.29488
15	39	0.384615	1	1	0	0
16	0	0.410256	0	0	0	1.3959
16	1	0.410256	0.025641	0.00409006	-0.0172626	1.3959
16	2	0.410256	0.0512821	0.0352134	0.00221615	2.05842
16	3	0.410256	0.0769231	-0.031261	-0.00703789	0.836867
16	4	0.410256	0.102564	0.069701	-0.0475274	1.90683
16	5	0.410256	0.128205	-0.0567008	0.0329856	2.13554
16	6	0.410256	0.153846	0.0498752	-0.0898566	-0.400244
16	7	0.410256	0.179487	-0.0107762	0.0274231	5.02533
16	8	0.410256	0.205128	-0.0495519	-0.054671	-2.89474
16	9	0.410256	0.230769	0.0938398	-0.0604413	6.21917
16	10	0.410256	0.25641	-0.170805	0.0512757	-1.79464
16	11	0.410256	0.282051	0.175351	-0.173738	2.67482
16	12	0.410256	0.307692	-0.191773	0.121769	4.15015
16	13	0.410256	0.333333	0.129888	-0.18995	-4.32856
16	14	0.410256	0.358974	-0.0387656	0.0452166	10.7086
16	15	0.410256	0.384615	-0.0907836	-0.0304778	-8.35745
16	16	0.410256	0.410256	0.224789	-0.166674	10.5894
16	17	0.410256	0.435897	-0.365982	0.206	-2.8568
16	18	0.410256	0.461538	0.427688	-0.345743	0.463619
16	19	0.410256	0.487179	-0.417154	0.265644	10.7499
16	20	0.410256	0.512821	0.365135	-0.260006	-12.9798
16	21	0.410256	0.538462	-0.0745321	-0.00650325	20.3678
16	22	0.410256	0.564103	-0.0934522	0.147189	-15.1547
16	23	0.410256	0.589744	0.447792	-0.419982	12.7805
16	24	0.410256	0.615385	-0.748817	0.515137	2.04103
16	25	0.410256	0.641026	0.727638	-0.567295	-10.2194
16	26	0.410256	0.666667	-0.99358	0.367378	26.6903
16	27	0.410256	0.692308	0.573871	-0.20998	-28.5786
16	28	0.410256	0.717949	-0.446646	-0.304729	33.1834
16	29	0.410256	0.74359	-0.0896461	0.445041	-20.1604
16	30	0.410256	0.769231	0.301404	-0.841731	8.28844
16	31	0.410256	0.794872	-1.18695	0.720353	13.2133
16	32	0.410256	0.820513	0.406691	-0.698689	-27.3042
16	33	0.410256	0.846154	-1.9084	0.349138	44.2046
16	34	0.410256	0.871795	0.230234	-0.174123	-45.5509
16	35	0.410256	0.897436	-1.46533	-0.372483	48.7948
16	36	0.410256	0.923077	0.360643	0.399308	-34.8379
16	37	0.410256	0.948718	-0.141444	-0.814274	21.7881
16	38	0.410256	0.974359	0.732373	0.365754	-7.03227
16	39	0.410256	1	1	0	0
17	0	0.435897	0	0	0	1.61692
17	1	0.435897	0.025641	0.0134076	0.0193194	1.61692
17	2	0.435897	0.0512821	-0.00305624	-0.0370778	0.497883
17	3	0.435897	0.0769231	0.0456659	0.000359415	2.98122
17	4	0.435897	0.102564	-0.0402044	0.00235941	-0.164644
17	5	0.435897	0.128205	0.0645889	-0.0768988	2.27283
17	6	0.435897	0.153846	-0.0507539	0.0616081	2.26184
17	7	0.435897	0.179487	0.0291272	-0.123954	-1.45511
17	8	0.435897	0.205128	0.00145175	0.0451208	6.49693
17	9	0.435897	0.230769	-0.0696882	-0.0631189	-4.89669
17	10	0.435897	0.25641	0.0952248	-0.0753153	7.96602
17	11	0.435897	0.282051	-0.166094	0.0767577	-3.27836
17	12	0.435897	0.307692	0.156761	-0.216593	3.20105
17	13	0.435897	0.333333	-0.156011	0.162543	4.3756
17	14	0.435897	0.358974	0.0865435	-0.232589	-5.76247
17	15	0.435897	0.384615	0.00478927	0.076738	12.6834
17	16	0.435897	0.410256	-0.145508	-0.046781	-11.2167
17	17	0.435897	0.435897	0.251844	-0.159059	13.3935
17	18	0.435897	0.461538	-0.380134	0.220139	-5.90273
17	19	0.435897	0.487179	0.423102	-0.364497	2.84057
17	20	0.435897	0.512821	-0.341297	0.309894	8.62812
17	21	0.435897	0.538462	0.278931	-0.294869	-12.2672
17	22	0.435897	0.564103	0.0545123	0.0916992	20.2339
17	23	0.435897	0.589744	-0.308304	0.0981578	-17.53
17	24	0.435897	0.615385	0.535455	-0.257109	16.5325
17	25	0.435897	0.641026	-0.958062	0.459247	-4.98424
17	26	0.435897	0.666667	0.770168	-0.41897	-1.54861
17	27	0.435897	0.692308	-0.939311	0.381048	15.2989
17	28	0.435897	0.717949	0.496307	-0.163637	-18.0977
17	29	0.435897	0.74359	-0.167069	-0.0580377	22.2899
17	30	0.435897	0.769231	-0.556628	0.345731	-15.536
17	31	0.435897	0.794872	0.442771	-0.324834	8.72074
17	32	0.435897	0.820513	-1.84109	0.540418	3.787
17	33	0.435897	0.846154	0.494878	-0.269801	-10.9572
17	34	0.435897	0.871795	-2.13953	0.254295	21.338
17	35	0.435897	0.897436	0.542776	-0.0152947	-20.9997
17	36	0.435897	0.923077	-1.08495	-0.279929	20.5669
17	37	0.435897	0.948718	0.688351	0.260749	-12.5601
17	38	0.435897	0.974359	0.453965	-0.374807	3.43912
17	39	0.435897	1	1	0	0
18	0	0.461538	0	0	0	1.10504
18	1	0.461538	0.025641	0.00868715	-0.0336238	1.10504
18	2	0.461538	0.0512821	0.0200738	0.0322806	2.48085
18	3	0.461538	0.0769231	-0.004887	-0.0404803	-0.768713
18	4	0.461538	0.102564	0.040604	-0.0219211	3.83128
18	5	0.461538	0.128205	-0.0372973	0.0301345	-0.618148
18	6	0.461538	0.153846	0.0522133	-0.116915	1.74506
18	7	0.461538	0.179487	-0.0482141	0.0884575	3.39255
18	8	0.461538	0.205128	0.0213985	-0.144896	-3.35988
18	9	0.461538	0.230769	-0.00895981	0.0393813	8.39354
18	10	0.461538	0.25641	-0.0596428	-0.0445358	-6.72733
18	11	0.461538	0.282051	0.071938	-0.118271	8.93185
18	12	0.461538	0.307692	-0.136695	0.12073	-3.41951
18	13	0.461538	0.333333	0.128543	-0.271297	2.03155
18	14	0.461538	0.358974	-0.128498	0.199515	6.36414
18	15	0.461538	0.384615	0.0608126	-0.262943	-8.81323
18	16	0.461538	0.410256	0.0065249	0.0810174	15.8364
18	17	0.461538	0.435897	-0.1449	-0.0355094	-14.6048
18	18	0.461538	0.461538	0.227308	-0.198279	15.9984
18	19	0.461538	0.487179	-0.319293	0.268879	-7.78503
18	20	0.461538	0.512821	0.366543	-0.439878	3.09148
18	21	0.461538	0.538462	-0.236394	0.389032	9.61843
18	22	0.461538	0.564103	0.15282	-0.380283	-15.7041
18	23	0.461538	0.589744	0.11146	0.190226	24.8718
18	24	0.461538	0.615385	-0.458939	0.028173	-24.9739
18	25	0.461538	0.641026	0.500616	-0.197202	24.6681
18	26	0.461538	0.666667	-0.924645	0.45414	-14.8049
18	27	0.461538	0.692308	0.673746	-0.485051	6.90215
18	28	0.461538	0.717949	-0.637827	0.525823	7.7011
18	29	0.461538	0.74359	0.18651	-0.363123	-15.8772
18	30	0.461538	0.769231	0.0504452	0.270195	23.8587
18	31	0.461538	0.794872	-1.08949	0.081795	-25.8996
18	32	0.461538	0.820513	0.365354	-0.0216549	23.7945
18	33	0.461538	0.846154	-2.06537	0.366364	-18.9106
18	34	0.461538	0.871795	0.504984	-0.21163	12.133
18	35	0.461538	0.897436	-1.71794	0.281668	-5.28596
18	36	0.461538	0.923077	0.723513	-0.180898	0.159479
18	37	0.461538	0.948718	-0.271518	-0.0280864	0.844052
18	38	0.461538	0.974359	0.840923	-0.062306	-1.98553
18	39	0.461538	1	1	0	0
19	0	0.487179	0	0	0	1.42538
19	1	0.487179	0.025641	0.00866765	0.0263595	1.42538
19	2	0.487179	0.0512821	0.0166539	-0.0528647	0.0456043
19	3	0.487179	0.0769231	0.0118881	0.0248994	3.46987
19	4	0.487179	0.102564	0.00254481	-0.0231149	-1.66166
19	5	0.487179	0.128205	0.0279614	-0.0570768	3.90874
19	6	0.487179	0.153846	-0.0365523	0.0595638	-0.116392
19	7	0.487179	0.179487	0.050495	-0.145054	0.363519
19	8	0.487179	0.205128	-0.0656451	0.0938601	4.97799
19	9	0.487179	0.230769	0.0379266	-0.137085	-5.1395
19	10	0.487179	0.25641	-0.0407421	0.00726127	9.54078
19	11	0.487179	0.282051	-0.0302234	-0.00541098	-7.23403
19	12	0.487179	0.307692	0.045369	-0.169787	8.24412
19	13	0.487179	0.333333	-0.115832	0.160395	-1.874
19	14	0.487179	0.358974	0.120801	-0.306398	-0.605287
19	15	0.487179	0.384615	-0.141075	0.209413	9.25719
19	16	0.487179	0.410256	0.0790497	-0.25645	-12.0421
19	17	0.487179	0.435897	-0.0374851	0.0460279	18.4024
19	18	0.487179	0.461538	-0.0883156	0.0116427	-16.4515
19	19	0.487179	0.487179	0.175006	-0.276918	16.3521
19	20	0.487179	0.512821	-0.235066	0.341008	-6.64457
19	21	0.487179	0.538462	0.303985	-0.536803	-0.218658
19	22	0.487179	0.564103	-0.195364	0.458069	14.3182
19	23	0.487179	0.589744	0.0800665	-0.452148	-22.657
19	24	0.487179	0.615385	0.0404274	0.204546	32.251
19	25	0.487179	0.641026	-0.425899	0.0181474	-33.2444
19	26	0.487179	0.666667	0.359727	-0.31438	31.6511
19	27	0.487179	0.692308	-0.658727	0.544415	-19.7155
19	28	0.487179	0.717949	0.464984	-0.750068	7.58117
19	29	0.487179	0.74359	-0.352388	0.700371	11.1559
19	30	0.487179	0.769231	-0.175722	-0.656434	-26.2089
19	31	0.487179	0.794872	-0.0352017	0.407423	37.3345
19	32	0.487179	0.820513	-1.27776	-0.125983	-45.5355
19	33	0.487179	0.846154	0.115379	-0.0753069	43.3749
19	34	0.487179	0.871795	-1.66202	0.322843	-40.4378
19	35	0.487179	0.897436	0.447053	-0.471861	29.4546
19	36	0.487179	0.923077	-0.812221	0.406143	-20.0719
19	37	0.487179	0.948718	0.75014	-0.485682	8.09199
19	38	0.487179	0.974359	0.528085	0.0849827	-3.41128
19	39	0.487179	1	1	0	0
20	0	0.512821	0	0	0	0.955548
20	1	0.512821	0.025641	0.0138785	-0.0294426	0.955548
20	2	0.512821	0.0512821	0.00167693	0.0334491	2.10654
20	3	0.512821	0.0769231	0.0310805	-0.0500563	-0.879309
20	4	0.512821	0.102564	-0.00528905	0.00195399	3.87453
20	5	0.512821	0.128205	0.00834865	0.000291603	-1.70322
20	6	0.512821	0.153846	0.0239177	-0.0840227	3.14948
20	7	0.512821	0.179487	-0.0532361	0.0707817	0.900292
20	8	0.512821	0.205128	0.0687983	-0.145573	-1.01413
20	9	0.512821	0.230769	-0.102414	0.0741785	5.93967
20	10	0.512821	0.25641	0.068556	-0.107349	-5.73186
20	11	0.512821	0.282051	-0.0726081	-0.0327786	9.15739
20	12	0.512821	0.307692	-0.0100987	0.0303698	-6.16723
20	13	0.512821	0.333333	0.0422598	-0.200103	6.20436
20	14	0.512821	0.358974	-0.131651	0.173954	0.418782
20	15	0.512821	0.384615	0.149564	-0.300822	-3.28098
20	16	0.512821	0.410256	-0.195201	0.186044	11.3681
20	17	0.512821	0.435897	0.134666	-0.212678	-13.6335
20	18	0.512821	0.461538	-0.096978	-0.0138769	18.7271
20	19	0.512821	0.487179	-0.01926	0.0781652	-15.5106
20	20	0.512821	0.512821	0.140773	-0.355602	13.6438
20	21	0.512821	0.538462	-0.204469	0.404146	-2.62239
20	22	0.512821	0.564103	0.294116	-0.590638	-6.02381
20	23	0.512821	0.589744	-0.273417	0.470438	20.4729
20	24	0.512821	0.615385	0.127809	-0.438346	-29.2903
20	25	0.512821	0.641026	-0.129866	0.10453	37.7124
20	26	0.512821	0.666667	-0.225653	0.113105	-36.3108
20	27	0.512821	0.692308	0.187229	-0.556167	31.4955
20	28	0.512821	0.717949	-0.38282	0.682102	-14.8733
20	29	0.512821	0.74359	0.269072	-1.01202	-2.40726
20	30	0.512821	0.769231	-0.37093	0.759614	23.8257
20	31	0.512821	0.794872	-0.310634	-0.773616	-42.6305
20	32	0.512821	0.820513	-0.40643	0.297192	52.8743
20	33	0.512821	0.846154	-0.981156	-0.126013	-60.1993
20	34	0.512821	0.871795	-0.197379	-0.364346	55.2874
20	35	0.512821	0.897436	-0.842309	0.407885	-47.2106
20	36	0.512821	0.923077	0.342504	-0.822016	31.531
20	37	0.512821	0.948718	0.0974496	0.460298	-17.5257
20	38	0.512821	0.974359	0.787235	-0.546915	3.07727
20	39	0.512821	1	1	0	0
21	0	0.538462	0	0	0	1.10019
21	1	0.538462	0.025641	0.00522306	0.0137194	1.10019
21	2	0.538462	0.0512821	0.03195	-0.0373356	0.363909
21	3	0.538462	0.0769231	-0.0171799	0.022926	2.43924
21	4	0.538462	0.102564	0.0441991	-0.0372679	-1.1208
21	5	0.538462	0.128205	-0.0164146	-0.0175638	3.51521
21	6	0.538462	0.153846	-0.00113389	0.00960269	-1.19422
21	7	0.538462	0.179487	0.0374996	-0.0871267	2.26965
21	8	0.538462	0.205128	-0.087828	0.0583479	1.46421
21	9	0.538462	0.230769	0.0977727	-0.124818	-1.41239
21	10	0.538462	0.25641	-0.13867	0.0455613	5.56415
21	11	0.538462	0.282051	0.0889324	-0.0803437	-4.91936
21	12	0.538462	0.307692	-0.0793787	-0.0543154	7.56523
21	13	0.538462	0.333333	-0.0226415	0.0404982	-4.46101
21	14	0.538462	0.358974	0.0724814	-0.192595	4.17533
21	15	0.538462	0.384615	-0.184474	0.156641	1.87924
21	16	0.538462	0.410256	0.201909	-0.261333	-4.39391
21	17	0.538462	0.435897	-0.259501	0.144867	11.3624
21	18	0.538462	0.461538	0.190727	-0.156297	-12.7608
21	19	0.538462	0.487179	-0.126633	-0.0644167	16.4726
21	20	0.538462	0.512821	0.00428078	0.132584	-12.3686
21	21	0.538462	0.538462	0.16241	-0.383102	9.16467
21	22	0.538462	0.564103	-0.273941	0.425459	1.97422
21	23	0.538462	0.589744	0.359868	-0.55074	-10.9855
21	24	0.538462	0.615385	-0.446638	0.4121	24.185
21	25	0.538462	0.641026	0.269105	-0.319512	-31.0632
21	26	0.538462	0.666667	-0.304653	-0.0596244	36.8034
21	27	0.538462	0.692308	-0.0170184	0.271479	-31.2402
21	28	0.538462	0.717949	0.0946705	-0.745064	22.4186
21	29	0.538462	0.74359	-0.35168	0.767215	-3.10216
21	30	0.538462	0.769231	0.232308	-1.01602	-16.7081
21	31	0.538462	0.794872	-0.735895	0.669664	36.2072
21	32	0.538462	0.820513	-0.142386	-0.606901	-52.0774
21	33	0.538462	0.846154	-0.887936	0.0503564	59.0942
21	34	0.538462	0.871795	-0.396274	0.0372737	-59.2469
21	35	0.538462	0.897436	-0.440135	-0.682123	51.0783
21	36	0.538462	0.923077	-0.0273562	0.484899	-36.7594
21	37	0.538462	0.948718	0.346764	-0.912057	18.7059
21	38	0.538462	0.974359	0.675383	0.24563	-6.99877
21	39	0.538462	1	1	0	0
22	0	0.564103	0	0	0	0.897157
22	1	0.564103	0.025641	0.0156815	-0.00952118	0.897157
22	2	0.564103	0.0512821	-0.0067075	0.00903148	1.13248
22	3	0.564103	0.0769231	0.0494706	-0.0326926	0.256409
22	4	0.564103	0.102564	-0.033794	0.0114903	2.12993
22	5	0.564103	0.128205	0.0439548	-0.0343168	-0.828046
22	6	0.564103	0.153846	-0.011614	-0.0180843	2.95666
22	7	0.564103	0.179487	-0.0274019	-0.00259355	-0.978709
22	8	0.564103	0.205128	0.0608176	-0.0712558	2.156
22	9	0.564103	0.230769	-0.122977	0.0360135	0.912416
22	10	0.564103	0.25641	0.116363	-0.106709	-0.609566
22	11	0.564103	0.282051	-0.15051	0.0315556	4.1584
22	12	0.564103	0.307692	0.0804503	-0.0784938	-3.57246
22	13	0.564103	0.333333	-0.0535599	-0.0441912	6.03183
22	14	0.564103	0.358974	-0.0669666	0.0208101	-3.56448
22	15	0.564103	0.384615	0.119004	-0.158139	3.57136
22	16	0.564103	0.410256	-0.244851	0.123892	1.42729
22	17	0.564103	0.435897	0.244746	-0.217928	-3.38866
22	18	0.564103	0.461538	-0.290564	0.114125	9.25084
22	19	0.564103	0.487179	0.206047	-0.120327	-10.2402
22	20	0.564103	0.512821	-0.098487	-0.0711667	13.0514
22	21	0.564103	0.538462	-0.0499205	0.146936	-9.19615
22	22	0.564103	0.564103	0.235762	-0.332663	5.73973
22	23	0.564103	0.589744	-0.42381	0.392053	3.99283
22	24	0.564103	0.615385	0.459872	-0.42677	-11.7272
22	25	0.564103	0.641026	-0.62007	0.314207	22.3678
22	26	0.564103	0.666667	0.396982	-0.157224	-26.3335
22	27	0.564103	0.692308	-0.367475	-0.170279	28.7909
22	28	0.564103	0.717949	0.0205324	0.38973	-21.0604
22	29	0.564103	0.74359	0.151322	-0.691779	10.0214
22	30	0.564103	0.769231	-0.640751	0.730823	6.96811
22	31	0.564103	0.794872	0.345571	-0.715371	-23.8329
22	32	0.564103	0.820513	-1.2585	0.475573	38.1538
22	33	0.564103	0.846154	0.171517	-0.301076	-46.4834
22	34	0.564103	0.871795	-1.22932	-0.193124	49.4123
22	35	0.564103	0.897436	0.176668	0.191747	-43.1592
22	36	0.564103	0.923077	-0.414018	-0.790657	32.0424
22	37	0.564103	0.948718	0.505263	0.396624	-18.4331
22	38	0.564103	0.974359	0.606208	-0.605246	3.48895
22	39	0.564103	1	1	0	0
23	0	0.589744	0	0	0	0.73806
23	1	0.589744	0.025641	0.00520976	-0.0075811	0.73806
23	2	0.589744	0.0512821	0.032483	-0.00546789	1.00334
23	3	0.589744	0.0769231	-0.0219217	0.00050306	0.652556
23	4	0.589744	0.102564	0.0557828	-0.0343479	0.631501
23	5	0.589744	0.128205	-0.036961	0.0148436	1.5923
23	6	0.589744	0.153846	0.0279561	-0.0502782	-0.714951
23	7	0.589744	0.179487	0.00355983	-0.00227757	2.99606
23	8	0.589744	0.205128	-0.0560378	-0.0246822	-1.68192
23	9	0.589744	0.230769	0.0752255	-0.0580738	3.04986
23	10	0.589744	0.25641	-0.136756	0.0255771	-0.491693
23	11	0.589744	0.282051	0.109557	-0.112592	0.61922
23	12	0.589744	0.307692	-0.130744	0.0437615	2.88018
23	13	0.589744	0.333333	0.0454886	-0.104744	-3.00362
23	14	0.589744	0.358974	-0.0134962	-0.014104	5.80343
23	15	0.589744	0.384615	-0.11696	-0.012042	-4.36399
23	16	0.589744	0.410256	0.150534	-0.127034	4.76563
23	17	0.589744	0.435897	-0.27357	0.101334	-0.694075
23	18	0.589744	0.461538	0.249073	-0.202082	-1.18464
23	19	0.589744	0.487179	-0.265221	0.116981	6.50657
23	20	0.589744	0.512821	0.163052	-0.126057	-8.04107
23	21	0.589744	0.538462	-0.0279718	-0.0249123	10.8301
23	22	0.589744	0.564103	-0.163221	0.113042	-8.43631
23	23	0.589744	0.589744	0.309702	-0.23008	5.80732
23	24	0.589744	0.615385	-0.570359	0.322851	1.49869
23	25	0.589744	0.641026	0.517523	-0.293318	-7.46605
23	26	0.589744	0.666667	-0.676976	0.246192	15.2899
23	27	0.589744	0.692308	0.403747	-0.0572886	-17.9757
23	28	0.589744	0.717949	-0.267546	-0.114918	18.541
23	29	0.589744	0.74359	-0.181931	0.373383	-12.9591
23	30	0.589744	0.769231	0.283638	-0.391277	3.8263
23	31	0.589744	0.794872	-1.09246	0.558416	6.89536
23	32	0.589744	0.820513	0.464781	-0.335017	-17.4284
23	33	0.589744	0.846154	-1.61376	0.259458	25.4258
23	34	0.589744	0.871795	0.452189	-0.0915871	-28.4188
23	35	0.589744	0.897436	-1.17355	-0.291965	27.2452
23	36	0.589744	0.923077	0.556235	0.177055	-21.4627
23	37	0.589744	0.948718	-0.0209844	-0.577724	10.7309
23	38	0.589744	0.974359	0.781914	0.0827269	-5.16269
23	39	0.589744	1	1	0	0
24	0	0.615385	0	0	0	0.823013
24	1	0.615385	0.025641	0.0133263	0.0106594	0.823013
24	2	0.615385	0.0512821	-0.000603633	-0.0207083	0.157187
24	3	0.615385	0.0769231	0.0405994	-0.00526186	1.55101
24	4	0.615385	0.102564	-0.0277891	0.00406674	-0.0710126
24	5	0.615385	0.128205	0.047528	-0.0526788	0.904144
24	6	0.615385	0.153846	-0.0292561	0.0328129	1.53763
24	7	0.615385	0.179487	0.0078053	-0.0755946	-1.37777
24	8	0.615385	0.205128	0.0126413	0.0111808	3.90031
24	9	0.615385	0.230769	-0.0677579	-0.0359508	-3.10661
24	10	0.615385	0.25641	0.0676352	-0.0670785	4.2843
24	11	0.615385	0.282051	-0.121789	0.0385183	-1.70909
24	12	0.615385	0.307692	0.0809736	-0.144084	1.0937
24	13	0.615385	0.333333	-0.0966852	0.0716336	2.8286
24	14	0.615385	0.358974	0.00691606	-0.14065	-3.96108
24	15	0.615385	0.384615	0.0106323	0.00859115	7.12255
24	16	0.615385	0.410256	-0.139359	-0.0323313	-6.48895
24	17	0.615385	0.435897	0.145186	-0.126031	6.80579
24	18	0.615385	0.461538	-0.251501	0.107251	-3.01926
24	19	0.615385	0.487179	0.209486	-0.226452	0.442682
24	20	0.615385	0.512821	-0.201776	0.15415	5.11587
24	21	0.615385	0.538462	0.0818158	-0.170518	-8.03363
24	22	0.615385	0.564103	0.0318363	0.0458726	11.4865
24	23	0.615385	0.589744	-0.268943	0.0517388	-11.1455
24	24	0.615385	0.615385	0.323455	-0.14297	9.53306
24	25	0.615385	0.641026	-0.612894	0.266417	-4.5014
24	26	0.615385	0.666667	0.477475	-0.240533	-0.873614
24	27	0.615385	0.692308	-0.569442	0.273116	7.3316
24	28	0.615385	0.717949	0.252501	-0.0973564	-11.7563
24	29	0.615385	0.74359	-0.0978841	0.0935675	13.5387
24	30	0.615385	0.769231	-0.51487	0.202219	-13.4775
24	31	0.615385	0.794872	0.332247	-0.0672656	8.87538
24	32	0.615385	0.820513	-1.38473	0.322649	-5.41099
24	33	0.615385	0.846154	0.493949	-0.137659	-0.989355
24	34	0.615385	0.871795	-1.51809	0.130965	3.7772
24	35	0.615385	0.897436	0.613555	-0.109974	-7.43146
24	36	0.615385	0.923077	-0.659645	-0.18479	5.17755
24	37	0.615385	0.948718	0.723035	-0.0294344	-5.45073
24	38	0.615385	0.974359	0.549687	-0.274123	-0.498512
24	39	0.615385	1	1	0	0
25	0	0.641026	0	0	0	0.449827
25	1	0.641026	0.025641	0.00821374	-0.0220204	0.449827
25	2	0.641026	0.0512821	0.0205896	0.0191093	1.3599
25	3	0.641026	0.0769231	-0.0026996	-0.0231764	-0.715045
25	4	0.641026	0.102564	0.0355513	-0.020392	2.07701
25	5	0.641026	0.128205	-0.0236976	0.0220568	-0.406301
25	6	0.641026	0.153846	0.0337673	-0.0803449	0.501092
25	7	0.641026	0.179487	-0.0246077	0.0496683	2.26418
25	8	0.641026	0.205128	6.85162e-05	-0.090647	-2.70056
25	9	0.641026	0.230769	0.00326308	0.00457326	5.11333
25	10	0.641026	0.25641	-0.0552542	-0.0245301	-4.33718
25	11	0.641026	0.282051	0.041922	-0.0992557	4.80244
25	12	0.641026	0.307692	-0.0929141	0.0659025	-1.76247
25	13	0.641026	0.333333	0.0510275	-0.181933	0.159377
25	14	0.641026	0.358974	-0.0767431	0.0911538	4.15647
25	15	0.641026	0.384615	-0.00809117	-0.160058	-6.02478
25	16	0.641026	0.410256	0.000121244	0.00229375	9.04032
25	17	0.641026	0.435897	-0.119417	-0.0239439	-8.53783
25	18	0.641026	0.461538	0.105348	-0.160319	8.09181
25	19	0.641026	0.487179	-0.196504	0.138972	-3.87937
25	20	0.641026	0.512821	0.148841	-0.277542	0.0419375
25	21	0.641026	0.538462	-0.149816	0.200583	6.16771
25	22	0.641026	0.564103	0.0128556	-0.225173	-10.6816
25	23	0.641026	0.589744	0.028934	0.0912998	14.7151
25	24	0.641026	0.615385	-0.293151	0.00641344	-15.9443
25	25	0.641026	0.641026	0.251464	-0.133465	14.4659
25	26	0.641026	0.666667	-0.515101	0.270071	-10.1496
25	27	0.641026	0.692308	0.340535	-0.309669	3.44413
25	28	0.641026	0.717949	-0.385645	0.385807	4.14889
25	29	0.641026	0.74359	0.0211204	-0.261683	-12.5156
25	30	0.641026	0.769231	-0.0333918	0.294163	17.3799
25	31	0.641026	0.794872	-0.725973	-0.0234338	-23.2099
25	32	0.641026	0.820513	0.224377	0.0585033	21.582
25	33	0.641026	0.846154	-1.26416	0.156126	-22.8783
25	34	0.641026	0.871795	0.427798	-0.201676	16.1835
25	35	0.641026	0.897436	-0.954958	0.148834	-14.3221
25	36	0.641026	0.923077	0.636611	-0.321143	6.25068
25	37	0.641026	0.948718	0.062984	0.00672698	-5.19296
25	38	0.641026	0.974359	0.810934	-0.255155	-0.923375
25	39	0.641026	1	1	0	0
26	0	0.666667	0	0	0	0.653745
26	1	0.666667	0.025641	0.00919974	0.0182162	0.653745
26	2	0.666667	0.0512821	0.0135044	-0.0346379	-0.314371
26	3	0.666667	0.0769231	0.0159025	0.0129435	1.9978
26	4	0.666667	0.102564	0.00268494	-0.0102663	-1.3204
26	5	0.666667	0.128205	0.0240475	-0.0459568	2.02649
26	6	0.666667	0.153846	-0.0205731	0.041388	-0.0153457
26	7	0.666667	0.179487	0.0287625	-0.099196	-0.552353
26	8	0.666667	0.205128	-0.0349175	0.048866	3.32892
26	9	0.666667	0.230769	0.011719	-0.0831815	-3.89344
26	10	0.666667	0.25641	-0.0215847	-0.0234982	5.69116
26	11	0.666667	0.282051	-0.0304599	0.00202441	-4.49116
26	12	0.666667	0.307692	0.0166038	-0.136203	4.01077
26	13	0.666667	0.333333	-0.0755446	0.0859168	-0.544794
26	14	0.666667	0.358974	0.0420454	-0.200658	-1.76749
26	15	0.666667	0.384615	-0.0882147	0.084036	5.9436
26	16	0.666667	0.410256	0.0108332	-0.148855	-7.88493
26	17	0.666667	0.435897	-0.039328	-0.0338436	10.1109
26	18	0.666667	0.461538	-0.0734604	0.00768571	-9.09605
26	19	0.666667	0.487179	0.0561192	-0.210991	7.47687
26	20	0.666667	0.512821	-0.15158	0.174016	-2.60758
26	21	0.666667	0.538462	0.106094	-0.32264	-2.48151
26	22	0.666667	0.564103	-0.154138	0.221435	9.02014
26	23	0.666667	0.589744	0.00387413	-0.250639	-14.494
26	24	0.666667	0.615385	-0.0495819	0.074986	18.2813
26	25	0.666667	0.641026	-0.216139	0.0135254	-19.6179
26	26	0.666667	0.666667	0.119733	-0.213178	16.9819
26	27	0.666667	0.692308	-0.352229	0.332531	-11.3844
26	28	0.666667	0.717949	0.175799	-0.453095	2.02698
26	29	0.666667	0.74359	-0.291628	0.488343	7.8186
26	30	0.666667	0.769231	-0.122482	-0.42662	-19.9529
26	31	0.666667	0.794872	-0.161105	0.339397	26.5293
26	32	0.666667	0.820513	-0.629745	-0.153916	-35.132
26	33	0.666667	0.846154	0.00266268	-0.0454273	33.3548
26	34	0.666667	0.871795	-0.758377	0.131682	-34.2107
26	35	0.666667	0.897436	0.29626	-0.434123	24.8183
26	36	0.666667	0.923077	-0.205871	0.239229	-19.4762
26	37	0.666667	0.948718	0.613813	-0.510606	7.59348
26	38	0.666667	0.974359	0.644356	0.017464	-4.33461
26	39	0.666667	1	1	0	0
27	0	0.692308	0	0	0	0.277847
27	1	0.692308	0.025641	0.0115392	-0.0212264	0.277847
27	2	0.692308	0.0512821	0.00656155	0.0227072	1.12933
27	3	0.692308	0.0769231	0.0229746	-0.0308754	-0.98506
27	4	0.692308	0.102564	0.00381175	-0.00555208	2.19824
27	5	0.692308	0.128205	0.00780993	0.00746466	-1.27468
27	6	0.692308	0.153846	0.0185557	-0.0656837	1.32888
27	7	0.692308	0.179487	-0.0294463	0.0461367	0.778876
27	8	0.692308	0.205128	0.0392371	-0.0966972	-1.59587
27	9	0.692308	0.230769	-0.0587192	0.027696	3.89385
27	10	0.692308	0.25641	0.0334226	-0.0594079	-4.14765
27	11	0.692308	0.282051	-0.0452895	-0.056768	5.07741
27	12	0.692308	0.307692	-0.0150137	0.0231239	-3.46305
27	13	0.692308	0.333333	0.0108584	-0.154255	2.28523
27	14	0.692308	0.358974	-0.085598	0.0815025	1.08118
27	15	0.692308	0.384615	0.0607709	-0.188202	-3.48072
27	16	0.692308	0.410256	-0.125064	0.050719	6.87753
27	17	0.692308	0.435897	0.0486707	-0.115502	-8.31379
27	18	0.692308	0.461538	-0.0820176	-0.0801656	9.40895
27	19	0.692308	0.487179	-0.0368774	0.0398224	-7.76577
27	20	0.692308	0.512821	0.0295611	-0.246715	5.08847
27	21	0.692308	0.538462	-0.153558	0.185248	-0.0341335
27	22	0.692308	0.564103	0.109259	-0.329664	-5.65663
27	23	0.692308	0.589744	-0.222692	0.195404	11.6523
27	24	0.692308	0.615385	0.0594028	-0.224791	-16.8661
27	25	0.692308	0.641026	-0.168294	-0.000346149	19.3935
27	26	0.692308	0.666667	-0.0974379	0.0682369	-19.388
27	27	0.692308	0.692308	-0.00330475	-0.32784	14.7457
27	28	0.692308	0.717949	-0.257455	0.393449	-7.34759
27	29	0.692308	0.74359	0.0887727	-0.551991	-4.32452
27	30	0.692308	0.769231	-0.381045	0.487592	14.8397
27	31	0.692308	0.794872	-0.0693013	-0.461563	-27.8638
27	32	0.692308	0.820513	-0.425897	0.216236	33.4572
27	33	0.692308	0.846154	-0.274952	-0.132557	-40.0097
27	34	0.692308	0.871795	-0.235985	-0.273636	36.1808
27	35	0.692308	0.897436	-0.133057	0.193399	-32.783
27	36	0.692308	0.923077	0.20884	-0.630549	20.781
27	37	0.692308	0.948718	0.389715	0.24269	-12.986
27	38	0.692308	0.974359	0.724721	-0.461116	1.35603
27	39	0.692308	1	1	0	0
28	0	0.717949	0	0	0	0.390664
28	1	0.717949	0.025641	0.00607066	0.011268	0.390664
28	2	0.717949	0.0512821	0.0241545	-0.0262275	-0.210499
28	3	0.717949	0.0769231	-0.00514643	0.0132625	1.35666
28	4	0.717949	0.102564	0.0319651	-0.0186594	-1.13352
28	5	0.717949	0.128205	-0.00463502	-0.0222705	1.79448
28	6	0.717949	0.153846	0.00297264	0.0146125	-0.772106
28	7	0.717949	0.179487	0.0259242	-0.0668562	0.509009
28	8	0.717949	0.205128	-0.0503468	0.0317955	1.24543
28	9	0.717949	0.230769	0.0580001	-0.0773272	-1.88641
28	10	0.717949	0.25641	-0.0816409	-0.000316893	3.42413
28	11	0.717949	0.282051	0.0471952	-0.0387596	-3.32534
28	12	0.717949	0.307692	-0.05057	-0.0738521	3.58272
28	13	0.717949	0.333333	-0.0229339	0.0218956	-2.02751
28	14	0.717949	0.358974	0.0292586	-0.142888	0.718476
28	15	0.717949	0.384615	-0.117983	0.0526913	1.9236
28	16	0.717949	0.410256	0.0928496	-0.15504	-3.8865
28	17	0.717949	0.435897	-0.162769	0.00942735	6.18914
28	18	0.717949	0.461538	0.076671	-0.0840519	-7.06083
28	19	0.717949	0.487179	-0.0996474	-0.109366	7.19113
28	20	0.717949	0.512821	-0.0382909	0.0483541	-5.44066
28	21	0.717949	0.538462	0.0418337	-0.243965	2.31989
28	22	0.717949	0.564103	-0.207455	0.158182	2.04535
28	23	0.717949	0.589744	0.151426	-0.290618	-7.36974
28	24	0.717949	0.615385	-0.3202	0.12885	11.948
28	25	0.717949	0.641026	0.132817	-0.163814	-15.9329
28	26	0.717949	0.666667	-0.261453	-0.0902654	16.6244
28	27	0.717949	0.692308	-0.030831	0.120961	-15.1618
28	28	0.717949	0.717949	-0.0467144	-0.386036	8.8369
28	29	0.717949	0.74359	-0.309238	0.383123	-1.29359
28	30	0.717949	0.769231	0.125181	-0.514609	-10.4476
28	31	0.717949	0.794872	-0.606128	0.364593	18.9507
28	32	0.717949	0.820513	0.125037	-0.355011	-29.14
28	33	0.717949	0.846154	-0.683641	0.00490084	31.8493
28	34	0.717949	0.871795	0.131596	-0.0358882	-33.83
28	35	0.717949	0.897436	-0.338515	-0.459792	27.4428
28	36	0.717949	0.923077	0.344434	0.207365	-21.3607
28	37	0.717949	0.948718	0.320952	-0.587857	9.25869
28	38	0.717949	0.974359	0.74154	0.0491718	-4.69135
28	39	0.717949	1	1	0	0
29	0	0.74359	0	0	0	0.182179
29	1	0.74359	0.025641	0.0123555	-0.00881322	0.182179
29	2	0.74359	0.0512821	-0.000419769	0.00822348	0.464799
29	3	0.74359	0.0769231	0.0359551	-0.0201219	-0.352293
29	4	0.74359	0.102564	-0.0159723	0.0016189	1.08036
29	5	0.74359	0.128205	0.0322573	-0.012507	-0.823007
29	6	0.74359	0.153846	-0.00209644	-0.0244662	1.17152
29	7	0.74359	0.179487	-0.0129668	0.00485908	-0.428534
29	8	0.74359	0.205128	0.0409285	-0.051754	0.239391
29	9	0.74359	0.230769	-0.0713953	0.00901951	0.865478
29	10	0.74359	0.25641	0.0700332	-0.058709	-1.23759
29	11	0.74359	0.282051	-0.0878756	-0.0159635	2.14891
29	12	0.74359	0.307692	0.0410908	-0.0379215	-2.0883
29	13	0.74359	0.333333	-0.0335135	-0.0649	2.17647
29	14	0.74359	0.358974	-0.0502251	-0.00243752	-1.26044
29	15	0.74359	0.384615	0.0579809	-0.112706	0.299171
29	16	0.74359	0.410256	-0.150732	0.0160651	1.31796
29	17	0.74359	0.435897	0.114179	-0.125485	-2.80066
29	18	0.74359	0.461538	-0.175591	-0.0160932	4.19829
29	19	0.74359	0.487179	0.073393	-0.0768115	-5.00494
29	20	0.74359	0.512821	-0.0816617	-0.10464	4.75416
29	21	0.74359	0.538462	-0.0801415	0.0229335	-3.69708
29	22	0.74359	0.564103	0.0794351	-0.204301	0.906884
29	23	0.74359	0.589744	-0.282229	0.100163	2.03642
29	24	0.74359	0.615385	0.193936	-0.230468	-6.36262
29	25	0.74359	0.641026	-0.387784	0.0546953	9.16342
29	26	0.74359	0.666667	0.162216	-0.114496	-12.0187
29	27	0.74359	0.692308	-0.275083	-0.133714	11.2322
29	28	0.74359	0.717949	-0.0700276	0.114198	-9.75415
29	29	0.74359	0.74359	-0.00132905	-0.333544	3.41224
29	30	0.74359	0.769231	-0.472025	0.274193	1.85935
29	31	0.74359	0.794872	0.222023	-0.367459	-10.9937
29	32	0.74359	0.820513	-0.81497	0.167651	15.6534
29	33	0.74359	0.846154	0.318303	-0.214748	-21.6107
29	34	0.74359	0.871795	-0.754493	-0.174159	20.8803
29	35	0.74359	0.897436	0.416102	0.00891932	-20.2481
29	36	0.74359	0.923077	-0.174569	-0.461042	12.7242
29	37	0.74359	0.948718	0.605567	0.0962364	-8.7388
29	38	0.74359	0.974359	0.635914	-0.362497	0.231933
29	39	0.74359	1	1	0	0
30	0	0.769231	0	0	0	0.103423
30	1	0.769231	0.025641	0.00517714	-0.00211454	0.103423
30	2	0.769231	0.0512821	0.0241418	-0.00573023	0.144524
30	3	0.769231	0.0769231	-0.00986775	0.000320792	0.171792
30	4	0.769231	0.102564	0.0401149	-0.0160134	-0.0902892
30	5	0.769231	0.128205	-0.0178926	0.000277035	0.547836
30	6	0.769231	0.153846	0.0219535	-0.0201794	-0.546106
30	7	0.769231	0.179487	0.00826546	-0.0120362	0.920515
30	8	0.769231	0.205128	-0.0305718	-0.013943	-0.742046
30	9	0.769231	0.230769	0.0508784	-0.0354138	0.753172
30	10	0.769231	0.25641	-0.078409	-0.00494823	-0.22092
30	11	0.769231	0.282051	0.0650782	-0.0568432	-0.184742
30	12	0.769231	0.307692	-0.0732572	-0.00933144	0.906606
30	13	0.769231	0.333333	0.0182867	-0.0583894	-1.39635
30	14	0.769231	0.358974	-0.00689473	-0.0389978	1.75354
30	15	0.769231	0.384615	-0.0781149	-0.0345375	-1.75901
30	16	0.769231	0.410256	0.0757825	-0.0865385	1.19029
30	17	0.769231	0.435897	-0.160829	-0.00668021	-0.405549
30	18	0.769231	0.461538	0.108593	-0.119779	-1.04483
30	19	0.769231	0.487179	-0.155132	-0.0126311	2.09964
30	20	0.769231	0.512821	0.0388781	-0.10026	-3.53423
30	21	0.769231	0.538462	-0.0437534	-0.0718132	3.54754
30	22	0.769231	0.564103	-0.136643	-0.0266772	-3.75589
30	23	0.769231	0.589744	0.108446	-0.1549	1.70717
30	24	0.769231	0.615385	-0.329025	0.037969	-0.348667
30	25	0.769231	0.641026	0.195813	-0.191202	-3.17147
30	26	0.769231	0.666667	-0.382312	0.0136307	4.65184
30	27	0.769231	0.692308	0.116942	-0.120752	-7.49416
30	28	0.769231	0.717949	-0.214123	-0.101644	6.53281
30	29	0.769231	0.74359	-0.188697	0.0254374	-6.87835
30	30	0.769231	0.769231	0.0651514	-0.209798	2.41132
30	31	0.769231	0.794872	-0.618452	0.0989298	-0.854009
30	32	0.769231	0.820513	0.279419	-0.227171	-4.86192
30	33	0.769231	0.846154	-0.836847	-0.0121388	5.57458
30	34	0.769231	0.871795	0.413554	-0.157885	-9.15974
30	35	0.769231	0.897436	-0.53832	-0.219195	6.46057
30	36	0.769231	0.923077	0.540159	-0.0623378	-7.04186
30	37	0.769231	0.948718	0.212272	-0.289091	1.56747
30	38	0.769231	0.974359	0.768112	-0.100203	-2.39087
30	39	0.769231	1	1	0	0
31	0	0.794872	0	0	0	0.0863959
31	1	0.794872	0.025641	0.00996024	0.0044975	0.0863959
31	2	0.794872	0.0512821	0.00185154	-0.0101308	-0.215571
31	3	0.794872	0.0769231	0.0295375	-0.00185372	0.430163
31	4	0.794872	0.102564	-0.0134544	-0.000605189	-0.36602
31	5	0.794872	0.128205	0.0341639	-0.0225174	0.206789
31	6	0.794872	0.153846	-0.0118904	0.0115018	0.260012
31	7	0.794872	0.179487	0.0083242	-0.0364783	-0.768768
31	8	0.794872	0.205128	0.0158559	0.00299095	1.30812
31	9	0.794872	0.230769	-0.0375102	-0.0265135	-1.65981
31	10	0.794872	0.25641	0.0466054	-0.0326358	1.64269
31	11	0.794872	0.282051	-0.0667846	0.000133865	-1.31058
31	12	0.794872	0.307692	0.0456551	-0.0739251	0.430769
31	13	0.794872	0.333333	-0.048801	0.0128364	0.501975
31	14	0.794872	0.358974	-0.00551792	-0.0860152	-1.80195
31	15	0.794872	0.384615	0.0100282	-0.0163236	2.47743
31	16	0.794872	0.410256	-0.0867934	-0.053835	-3.22381
31	17	0.794872	0.435897	0.0696592	-0.0823258	2.65068
31	18	0.794872	0.461538	-0.140876	-0.00358673	-2.16154
31	19	0.794872	0.487179	0.0782374	-0.141221	0.148149
31	20	0.794872	0.512821	-0.116441	0.0133382	1.12849
31	21	0.794872	0.538462	-0.00551786	-0.141459	-3.62455
31	22	0.794872	0.564103	-0.0162617	-0.0357237	4.16561
31	23	0.794872	0.589744	-0.169722	-0.0752778	-5.64633
31	24	0.794872	0.615385	0.0998737	-0.130033	4.08878
31	25	0.794872	0.641026	-0.314677	0.0021356	-3.76658
31	26	0.794872	0.666667	0.143316	-0.202332	0.200149
31	27	0.794872	0.692308	-0.312335	0.022502	1.06443
31	28	0.794872	0.717949	0.0199432	-0.190986	-5.14926
31	29	0.794872	0.74359	-0.143297	-0.0286645	5.34535
31	30	0.794872	0.769231	-0.29443	-0.112818	-8.41773
31	31	0.794872	0.794872	0.0735056	-0.113088	6.30582
31	32	0.794872	0.820513	-0.614107	-0.0641262	-8.06365
31	33	0.794872	0.846154	0.248797	-0.188435	4.30671
31	34	0.794872	0.871795	-0.606909	-0.0925696	-5.58956
31	35	0.794872	0.897436	0.402883	-0.217063	1.59369
31	36	0.794872	0.923077	-0.117266	-0.133911	-3.28169
31	37	0.794872	0.948718	0.590043	-0.186979	-0.313559
31	38	0.794872	0.974359	0.636558	-0.14946	-1.96068
31	39	0.794872	1	1	0	0
32	0	0.820513	0	0	0	-0.131344
32	1	0.820513	0.025641	0.00576895	-0.0113025	-0.131344
32	2	0.820513	0.0512821	0.0149053	0.0108349	0.336912
32	3	0.820513	0.0769231	0.000174888	-0.0130152	-0.758118
32	4	0.820513	0.102564	0.0256378	-0.00607569	0.783921
32	5	0.820513	0.128205	-0.0100199	0.00934912	-0.739984
32	6	0.820513	0.153846	0.0235388	-0.0368446	0.116836
32	7	0.820513	0.179487	-0.00638199	0.0262304	0.500524
32	8	0.820513	0.205128	0.00184167	-0.0482709	-1.51498
32	9	0.820513	0.230769	0.0122458	0.00731903	2.04566
32	10	0.820513	0.25641	-0.0289879	-0.0224873	-2.61343
32	11	0.820513	0.282051	0.0298671	-0.0464215	2.18684
32	12	0.820513	0.307692	-0.0453678	0.0199217	-1.68773
32	13	0.820513	0.333333	0.0248943	-0.097449	0.0916716
32	14	0.820513	0.358974	-0.0317753	0.0333021	1.10955
32	15	0.820513	0.384615	-0.0137996	-0.101381	-3.0637
32	16	0.820513	0.410256	0.00586999	-0.012763	3.70085
32	17	0.820513	0.435897	-0.0698717	-0.0487509	-4.6885
32	18	0.820513	0.461538	0.0430044	-0.10164	3.58309
32	19	0.820513	0.487179	-0.104	0.0196876	-2.87744
32	20	0.820513	0.512821	0.0414933	-0.174976	-0.0436557
32	21	0.820513	0.538462	-0.0862745	0.0405467	1.71514
32	22	0.820513	0.564103	-0.0309792	-0.175557	-5.18966
32	23	0.820513	0.589744	-0.0217488	-0.0229713	5.95263
32	24	0.820513	0.615385	-0.155545	-0.09758	-8.12187
32	25	0.820513	0.641026	0.0498616	-0.147623	6.34901
32	26	0.820513	0.666667	-0.248088	0.00406594	-6.09783
32	27	0.820513	0.692308	0.059771	-0.259682	1.62465
32	28	0.820513	0.717949	-0.23344	0.0561913	0.370782
32	29	0.820513	0.74359	-0.0646441	-0.288169	-6.17732
32	30	0.820513	0.769231	-0.129665	0.0149692	7.71977
32	31	0.820513	0.794872	-0.29534	-0.230646	-12.8532
32	32	0.820513	0.820513	-0.000507463	-0.111105	11.9337
32	33	0.820513	0.846154	-0.425316	-0.144869	-14.8749
32	34	0.820513	0.871795	0.150611	-0.257302	11.0604
32	35	0.820513	0.897436	-0.22514	-0.0681685	-11.4719
32	36	0.820513	0.923077	0.360629	-0.321779	5.77657
32	37	0.820513	0.948718	0.316977	-0.0323172	-5.02724
32	38	0.820513	0.974359	0.71471	-0.240895	-0.292606
32	39	0.820513	1	1	0	0
33	0	0.846154	0	0	0	-0.0616803
33	1	0.846154	0.025641	0.00579695	0.0100354	-0.0616803
33	2	0.846154	0.0512821	0.00806578	-0.0184667	-0.574174
33	3	0.846154	0.0769231	0.0115425	0.0107218	0.690228
33	4	0.846154	0.102564	0.00330572	-0.00592754	-1.20163
33	5	0.846154	0.128205	0.0163975	-0.0176379	0.834627
33	6	0.846154	0.153846	-0.0057051	0.0237256	-0.66412
33	7	0.846154	0.179487	0.0170639	-0.0482059	-0.445149
33	8	0.846154	0.205128	-0.00901026	0.0327605	1.08577
33	9	0.846154	0.230769	0.00720851	-0.0455185	-2.34556
33	10	0.846154	0.25641	-0.00172173	-0.00292855	2.53178
33	11	0.846154	0.282051	-0.0117405	-0.00417467	-2.97637
33	12	0.846154	0.307692	0.0116834	-0.0665045	1.90425
33	13	0.846154	0.333333	-0.029108	0.0399008	-1.16187
33	14	0.846154	0.358974	0.016485	-0.109737	-1.03165
33	15	0.846154	0.384615	-0.0325763	0.0377382	2.18484
33	16	0.846154	0.410256	-0.00143603	-0.0933596	-4.34383
33	17	0.846154	0.435897	-0.0157107	-0.0296729	4.45593
33	18	0.846154	0.461538	-0.0384453	-0.0239978	-5.21197
33	19	0.846154	0.487179	0.0123233	-0.129917	3.26929
33	20	0.846154	0.512821	-0.0731518	0.044831	-2.21443
33	21	0.846154	0.538462	0.0205273	-0.197489	-1.5059
33	22	0.846154	0.564103	-0.0833255	0.0478791	3.23258
33	23	0.846154	0.589744	-0.0214696	-0.181271	-7.12518
33	24	0.846154	0.615385	-0.0596625	-0.044386	7.46176
33	25	0.846154	0.641026	-0.102698	-0.0862086	-9.48509
33	26	0.846154	0.666667	-0.0177294	-0.197233	6.84286
33	27	0.846154	0.692308	-0.173362	0.0251006	-5.97578
33	28	0.846154	0.717949	-0.00824389	-0.325877	0.342246
33	29	0.846154	0.74359	-0.200675	0.0670301	2.35035
33	30	0.846154	0.769231	-0.0790568	-0.353949	-9.19049
33	31	0.846154	0.794872	-0.187473	-0.016091	11.0353
33	32	0.846154	0.820513	-0.17822	-0.275233	-16.3391
33	33	0.846154	0.846154	-0.117422	-0.197393	15.029
33	34	0.846154	0.871795	-0.146195	-0.139387	-16.7281
33	35	0.846154	0.897436	0.0624627	-0.359552	11.8287
33	36	0.846154	0.923077	0.136795	-0.0160912	-10.192
33	37	0.846154	0.948718	0.409646	-0.342845	3.73765
33	38	0.846154	0.974359	0.661497	-0.0422683	-2.59714
33	39	0.846154	1	1	0	0
34	0	0.871795	0	0	0	-0.28587
34	1	0.871795	0.025641	0.00568811	-0.0111038	-0.28587
34	2	0.871795	0.0512821	0.00359638	0.0143922	0.17573
34	3	0.871795	0.0769231	0.0120805	-0.0159583	-0.998298
34	4	0.871795	0.102564	0.00279998	0.00330711	0.828235
34	5	0.871795	0.128205	0.00730297	0.0067942	-1.26973
34	6	0.871795	0.153846	0.00931238	-0.0281595	0.454126
34	7	0.871795	0.179487	-0.00712367	0.0324023	-0.232991
34	8	0.871795	0.205128	0.0192523	-0.0473609	-1.15875
34	9	0.871795	0.230769	-0.0198167	0.0264367	1.53074
34	10	0.871795	0.25641	0.0194536	-0.0289663	-2.72477
34	11	0.871795	0.282051	-0.0168953	-0.0200636	2.32768
34	12	0.871795	0.307692	0.00172434	0.0163351	-2.54344
34	13	0.871795	0.333333	0.00358946	-0.0775855	0.894628
34	14	0.871795	0.358974	-0.0274227	0.0469748	-0.169773
34	15	0.871795	0.384615	0.0243323	-0.100489	-2.23625
34	16	0.871795	0.410256	-0.0479671	0.0240774	2.89125
34	17	0.871795	0.435897	0.0220124	-0.0659339	-4.81943
34	18	0.871795	0.461538	-0.039641	-0.0544488	4.10948
34	19	0.871795	0.487179	-0.0118607	0.00422573	-4.50264
34	20	0.871795	0.512821	-0.00433069	-0.146261	1.81021
34	21	0.871795	0.538462	-0.0640941	0.054037	-0.732964
34	22	0.871795	0.564103	0.0257285	-0.191275	-3.29077
34	23	0.871795	0.589744	-0.105731	0.027818	4.46015
34	24	0.871795	0.615385	0.0144545	-0.155059	-8.06184
34	25	0.871795	0.641026	-0.107084	-0.0885101	7.41202
34	26	0.871795	0.666667	-0.0447925	-0.0574014	-8.77271
34	27	0.871795	0.692308	-0.0662753	-0.245878	5.09487
34	28	0.871795	0.717949	-0.132963	0.0311973	-3.75547
34	29	0.871795	0.74359	-0.0249772	-0.355652	-2.45538
34	30	0.871795	0.769231	-0.224284	0.0243011	4.88854
34	31	0.871795	0.794872	-0.0216783	-0.35521	-11.2869
34	32	0.871795	0.820513	-0.272232	-0.11308	12.1265
34	33	0.871795	0.846154	-0.0169061	-0.253513	-15.8075
34	34	0.871795	0.871795	-0.197625	-0.307058	13.2564
34	35	0.871795	0.897436	0.0905149	-0.106403	-12.9341
34	36	0.871795	0.923077	0.0805568	-0.391304	7.47363
34	37	0.871795	0.948718	0.395743	-0.00918397	-5.19683
34	38	0.871795	0.974359	0.620443	-0.241429	0.16089
34	39	0.871795	1	1	0	0
35	0	0.897436	0	0	0	-0.254571
35	1	0.897436	0.025641	0.00177476	0.00705117	-0.254571
35	2	0.897436	0.0512821	0.0100338	-0.013476	-0.584653
35	3	0.897436	0.0769231	-0.0040519	0.0117479	0.308207
35	4	0.897436	0.102564	0.0158633	-0.00659889	-1.14665
35	5	0.897436	0.128205	-0.0047772	-0.00532516	0.597669
35	6	0.897436	0.153846	0.0067726	0.0165657	-0.98587
35	7	0.897436	0.179487	0.00877427	-0.0295781	-0.140802
35	8	0.897436	0.205128	-0.0149788	0.0302061	0.177968
35	9	0.897436	0.230769	0.0265696	-0.0339339	-1.58011
35	10	0.897436	0.25641	-0.0314138	0.0124304	1.44749
35	11	0.897436	0.282051	0.0283213	-0.0085016	-2.44092
35	12	0.897436	0.307692	-0.0233619	-0.0315065	1.47355
35	13	0.897436	0.333333	0.00308731	0.0271537	-1.64667
35	14	0.897436	0.358974	0.00870002	-0.0705285	-0.27242
35	15	0.897436	0.384615	-0.0378166	0.0381941	0.585352
35	16	0.897436	0.410256	0.0399725	-0.0730727	-2.8157
35	17	0.897436	0.435897	-0.0644011	0.00229904	2.67946
35	18	0.897436	0.461538	0.0401779	-0.0336078	-4.22953
35	19	0.897436	0.487179	-0.0502752	-0.0696001	2.74078
35	20	0.897436	0.512821	-0.00344118	0.0202632	-3.03807
35	21	0.897436	0.538462	7.73415e-05	-0.136732	0.00297649
35	22	0.897436	0.564103	-0.0750647	0.0411583	0.548544
35	23	0.897436	0.589744	0.0483329	-0.155792	-4.28688
35	24	0.897436	0.615385	-0.132969	-0.00957496	4.39862
35	25	0.897436	0.641026	0.0508619	-0.112568	-7.301
35	26	0.897436	0.666667	-0.133583	-0.128509	5.52463
35	27	0.897436	0.692308	-0.0133278	-0.0375244	-6.38053
35	28	0.897436	0.717949	-0.0722179	-0.259794	2.1192
35	29	0.897436	0.74359	-0.13496	0.000937734	-1.12465
35	30	0.897436	0.769231	0.0049446	-0.330534	-4.57776
35	31	0.897436	0.794872	-0.265373	-0.063807	5.69927
35	32	0.897436	0.820513	0.0544338	-0.30884	-10.4236
35	33	0.897436	0.846154	-0.312029	-0.224284	9.64559
35	34	0.897436	0.871795	0.0976088	-0.21658	-11.2951
35	35	0.897436	0.897436	-0.171364	-0.36002	7.92116
35	36	0.897436	0.923077	0.225735	-0.100498	-6.67612
35	37	0.897436	0.948718	0.240911	-0.301797	2.40026
35	38	0.897436	0.974359	0.618971	-0.0507967	-1.42893
35	39	0.897436	1	1	0	0
36	0	0.923077	0	0	0	-0.390829
36	1	0.923077	0.025641	0.00299987	-0.00480688	-0.390829
36	2	0.923077	0.0512821	-0.0032317	0.00786615	-0.202749
36	3	0.923077	0.0769231	0.0128031	-0.00837932	-0.736691
36	4	0.923077	0.102564	-0.0110916	0.00602889	0.176087
36	5	0.923077	0.128205	0.0152974	0.00249996	-0.992495
36	6	0.923077	0.153846	-0.00683517	-0.00856151	0.13061
36	7	0.923077	0.179487	0.000618706	0.0180229	-0.627157
36	8	0.923077	0.205128	0.0124849	-0.0208197	-0.595945
36	9	0.923077	0.230769	-0.0235636	0.0201438	0.237148
36	10	0.923077	0.25641	0.0306886	-0.0158179	-1.50336
36	11	0.923077	0.282051	-0.035307	0.000628234	0.832805
36	12	0.923077	0.307692	0.026575	0.00529183	-1.73394
36	13	0.923077	0.333333	-0.0183328	-0.0294905	0.417071
36	14	0.923077	0.358974	-0.00598637	0.0247209	-0.861249
36	15	0.923077	0.384615	0.0195838	-0.048161	-1.00603
36	16	0.923077	0.410256	-0.0486324	0.0210654	0.639201
36	17	0.923077	0.435897	0.0493887	-0.0404147	-2.5404
36	18	0.923077	0.461538	-0.0680395	-0.0134889	1.61499
36	19	0.923077	0.487179	0.0417458	-0.0103498	-2.97424
36	20	0.923077	0.512821	-0.0421912	-0.0642982	1.01747
36	21	0.923077	0.538462	-0.0120669	0.0187544	-1.66442
36	22	0.923077	0.564103	0.0169094	-0.102715	-1.24671
36	23	0.923077	0.589744	-0.088935	0.0145263	0.847973
36	24	0.923077	0.615385	0.0673745	-0.106166	-3.97587
36	25	0.923077	0.641026	-0.139669	-0.0430024	2.90758
36	26	0.923077	0.666667	0.0642425	-0.0753416	-5.23557
36	27	0.923077	0.692308	-0.122103	-0.139164	2.67459
36	28	0.923077	0.717949	-0.0149011	-0.0412782	-3.66665
36	29	0.923077	0.74359	-0.0429555	-0.228246	-0.397664
36	30	0.923077	0.769231	-0.150201	-0.0569708	0.245634
36	31	0.923077	0.794872	0.0429462	-0.269744	-4.61628
36	32	0.923077	0.820513	-0.266825	-0.155309	4.05612
36	33	0.923077	0.846154	0.0913755	-0.257404	-6.94204
36	34	0.923077	0.871795	-0.26035	-0.288038	5.04395
36	35	0.923077	0.897436	0.128934	-0.202777	-5.50824
36	36	0.923077	0.923077	-0.0396279	-0.318615	2.77002
36	37	0.923077	0.948718	0.30918	-0.110502	-1.79988
36	38	0.923077	0.974359	0.513922	-0.142183	0.0916686
36	39	0.923077	1	1	0	0
37	0	0.948718	0	0	0	-0.435628
37	1	0.948718	0.025641	-0.00123252	0.00175586	-0.435628
37	2	0.948718	0.0512821	0.00383055	-0.00350124	-0.495043
37	3	0.948718	0.0769231	-0.00842992	0.00529031	-0.28464
37	4	0.948718	0.102564	0.0113808	-0.00171469	-0.685671
37	5	0.948718	0.128205	-0.0129894	0.00220398	-0.150331
37	6	0.948718	0.153846	0.00932442	0.0060596	-0.728187
37	7	0.948718	0.179487	-0.00437965	-0.00504316	-0.299236
37	8	0.948718	0.205128	-0.00679301	0.0124412	-0.466364
37	9	0.948718	0.230769	0.0139804	-0.00807324	-0.720493
37	10	0.948718	0.25641	-0.0256066	0.00966747	-0.0849425
37	11	0.948718	0.282051	0.0255422	-0.0022927	-1.09274
37	12	0.948718	0.307692	-0.0286203	-0.00264224	0.0326064
37	13	0.948718	0.333333	0.015309	0.00850757	-1.06326
37	14	0.948718	0.358974	-0.00783484	-0.0164454	-0.356667
37	15	0.948718	0.384615	-0.0157947	0.014475	-0.57038
37	16	0.948718	0.410256	0.0244841	-0.0219488	-1.10944
37	17	0.948718	0.435897	-0.0478051	0.00671087	0.0523454
37	18	0.948718	0.461538	0.0432287	-0.015149	-1.74519
37	19	0.948718	0.487179	-0.0541216	-0.0150838	0.263479
37	20	0.948718	0.512821	0.0274537	-0.00107414	-1.76052
37	21	0.948718	0.538462	-0.0231084	-0.0411264	-0.313157
37	22	0.948718	0.564103	-0.0240898	0.00653107	-1.0035
37	23	0.948718	0.589744	0.0288519	-0.0585869	-1.54422
37	24	0.948718	0.615385	-0.0852007	-0.00888961	0.115343
37	25	0.948718	0.641026	0.0649552	-0.060774	-2.72897
37	26	0.948718	0.666667	-0.112849	-0.0532755	0.755702
37	27	0.948718	0.692308	0.0493465	-0.053437	-2.98154
37	28	0.948718	0.717949	-0.0806676	-0.113226	0.200011
37	29	0.948718	0.74359	-0.0293999	-0.0585998	-1.90305
37	30	0.948718	0.769231	-0.00840714	-0.166966	-1.42844
37	31	0.948718	0.794872	-0.137503	-0.106149	-0.0647259
37	32	0.948718	0.820513	0.052287	-0.203614	-2.95849
37	33	0.948718	0.846154	-0.199394	-0.198469	1.26539
37	34	0.948718	0.871795	0.0719266	-0.220939	-2.99299
37	35	0.948718	0.897436	-0.138756	-0.272566	1.25695
37	36	0.948718	0.923077	0.111043	-0.19691	-1.29664
37	37	0.948718	0.948718	0.134435	-0.207007	0.580495
37	38	0.948718	0.974359	0.462593	-0.056696	0.464976
37	39	0.948718	1	1	0	0
38	0	0.974359	0	0	0	-0.503049
38	1	0.974359	0.025641	-0.00266978	-9.65307e-05	-0.503049
38	2	0.974359	0.0512821	-0.00541669	0.00130707	-0.505665
38	3	0.974359	0.0769231	0.000375237	-0.000196787	-0.526321
38	4	0.974359	0.102564	-0.0102708	0.00232113	-0.48133
38	5	0.974359	0.128205	0.00377088	0.00149198	-0.568987
38	6	0.974359	0.153846	-0.0108452	0.00155139	-0.478935
38	7	0.974359	0.179487	-5.99327e-05	0.00399794	-0.584063
38	8	0.974359	0.205128	-0.00341889	0.00034741	-0.53482
38	9	0.974359	0.230769	-0.010649	0.00517499	-0.560877
38	10	0.974359	0.25641	0.00700157	0.000495425	-0.633919
38	11	0.974359	0.282051	-0.019433	0.00369501	-0.537826
38	12	0.974359	0.307692	0.010526	0.00242233	-0.723059
38	13	0.974359	0.333333	-0.0171495	0.000360632	-0.572367
38	14	0.974359	0.358974	0.00104023	0.00473748	-0.756525
38	15	0.974359	0.384615	-0.00269037	-0.00266287	-0.694112
38	16	0.974359	0.410256	-0.0176451	0.00488327	-0.734316
38	17	0.974359	0.435897	0.0146509	-0.00368689	-0.874589
38	18	0.974359	0.461538	-0.0326418	0.00107293	-0.709608
38	19	0.974359	0.487179	0.0209233	-0.00242727	-1.039
38	20	0.974359	0.512821	-0.0306006	-0.00595715	-0.76393
38	21	0.974359	0.538462	0.00656744	-0.000721122	-1.11423
38	22	0.974359	0.564103	-0.00875945	-0.0138892	-0.952094
38	23	0.974359	0.589744	-0.0253341	-0.00316159	-1.08024
38	24	0.974359	0.615385	0.0204805	-0.0211257	-1.24019
38	25	0.974359	0.641026	-0.0563266	-0.0145806	-0.99789
38	26	0.974359	0.666667	0.0353476	-0.0276836	-1.49721
38	27	0.974359	0.692308	-0.0627861	-0.0353949	-0.988301
38	28	0.974359	0.717949	0.0175949	-0.0367534	-1.575
38	29	0.974359	0.74359	-0.0368741	-0.0623293	-1.13138
38	30	0.974359	0.769231	-0.0317916	-0.0577152	-1.41424
38	31	0.974359	0.794872	0.00229253	-0.0946125	-1.3213
38	32	0.974359	0.820513	-0.0829791	-0.100753	-1.06921
38	33	0.974359	0.846154	0.0248806	-0.133301	-1.23782
38	34	0.974359	0.871795	-0.0911484	-0.158196	-0.593159
38	35	0.974359	0.897436	0.0288739	-0.167963	-0.535424
38	36	0.974359	0.923077	-0.0130043	-0.184376	0.187262
38	37	0.974359	0.948718	0.124102	-0.141791	0.857001
38	38	0.974359	0.974359	0.345029	-0.0297011	1.73348
38	39	0.974359	1	1	0	0
39	0	1	0	0	0	-0.503049
39	1	1	0.025641	0	0	-0.503049
39	2	1	0.0512821	0	0	-0.505665
39	3	1	0.0769231	0	0	-0.526321
39	4	1	0.102564	0	0	-0.48133
39	5	1	0.128205	0	0	-0.568987
39	6	1	0.153846	0	0	-0.478935
39	7	1	0.179487	0	0	-0.584063
39	8	1	0.205128	0	0	-0.53482
39	9	1	0.230769	0	0	-0.560877
39	10	1	0.25641	0	0	-0.633919
39	11	1	0.282051	0	0	-0.537826
39	12	1	0.307692	0	0	-0.723059
39	13	1	0.333333	0	0	-0.572367
39	14	1	0.358974	0	0	-0.756525
39	15	1	0.384615	0	0	-0.694112
39	16	1	0.410256	0	0	-0.734316
39	17	1	0.435897	0	0	-0.874589
39	18	1	0.461538	0	0	-0.709608
39	19	1	0.487179	0	0	-1.039
39	20	1	0.512821	0	0	-0.76393
39	21	1	0.538462	0	0	-1.11423
39	22	1	0.564103	0	0	-0.952094
39	23	1	0.589744	0	0	-1.08024
39	24	1	0.615385	0	0	-1.24019
39	25	1	0.641026	0	0	-0.99789
39	26	1	0.666667	0	0	-1.49721
39	27	1	0.692308	0	0	-0.988301
39	28	1	0.717949	0	0	-1.575
39	29	1	0.74359	0	0	-1.13138
39	30	1	0.769231	0	0	-1.41424
39	31	1	0.794872	0	0	-1.3213
39	32	1	0.820513	0	0	-1.06921
39	33	1	0.846154	0	0	-1.23782
39	34	1	0.871795	0	0	-0.593159
39	35	1	0.897436	0	0	-0.535424
39	36	1	0.923077	0	0	0.187262
39	37	1	0.948718	0	0	0.857001
39	38	1	0.974359	0	0	1.73348
39	39	1	1	1	0	0
