# i		j		x		y		u		v		p
# nx		ny		
# 40		40
# =================================
0	0	0	0	0	0	1.12814
0	1	0	0.025641	0	0	1.12814
0	2	0	0.0512821	0	0	1.13651
0	3	0	0.0769231	0	0	1.1461
0	4	0	0.102564	0	0	1.14824
0	5	0	0.128205	0	0	1.16183
0	6	0	0.153846	0	0	1.1582
0	7	0	0.179487	0	0	1.17
0	8	0	0.205128	0	0	1.16988
0	9	0	0.230769	0	0	1.16871
0	10	0	0.25641	0	0	1.18118
0	11	0	0.282051	0	0	1.16219
0	12	0	0.307692	0	0	1.18391
0	13	0	0.333333	0	0	1.15808
0	14	0	0.358974	0	0	1.16981
0	15	0	0.384615	0	0	1.15918
0	16	0	0.410256	0	0	1.13931
0	17	0	0.435897	0	0	1.15638
0	18	0	0.461538	0	0	1.10421
0	19	0	0.487179	0	0	1.13178
0	20	0	0.512821	0	0	1.07718
0	21	0	0.538462	0	0	1.07453
0	22	0	0.564103	0	0	1.05368
0	23	0	0.589744	0	0	0.995529
0	24	0	0.615385	0	0	1.00551
0	25	0	0.641026	0	0	0.91886
0	26	0	0.666667	0	0	0.901715
0	27	0	0.692308	0	0	0.846473
0	28	0	0.717949	0	0	0.742454
0	29	0	0.74359	0	0	0.730013
0	30	0	0.769231	0	0	0.557677
0	31	0	0.794872	0	0	0.491021
0	32	0	0.820513	0	0	0.339735
0	33	0	0.846154	0	0	0.0723049
0	34	0	0.871795	0	0	-0.0423078
0	35	0	0.897436	0	0	-0.571145
0	36	0	0.923077	0	0	-0.843623
0	37	0	0.948718	0	0	-1.54157
0	38	0	0.974359	0	0	-2.35563
0	39	0	1	1	0	0
1	0	0.025641	0	0	0	1.12814
1	1	0.025641	0.025641	-0.00435195	-0.000665454	1.12814
1	2	0.025641	0.0512821	-0.00613841	-0.00120359	1.13651
1	3	0.025641	0.0769231	-0.00635658	-0.000832843	1.1461
1	4	0.025641	0.102564	-0.00772614	-0.000442942	1.14824
1	5	0.025641	0.128205	-0.00665885	0.000597691	1.16183
1	6	0.025641	0.153846	-0.00841611	0.00179953	1.1582
1	7	0.025641	0.179487	-0.00737805	0.00299144	1.17
1	8	0.025641	0.205128	-0.00808932	0.00509383	1.16988
1	9	0.025641	0.230769	-0.00898676	0.00636362	1.16871
1	10	0.025641	0.25641	-0.00702973	0.00908444	1.18118
1	11	0.025641	0.282051	-0.0107642	0.0108841	1.16219
1	12	0.025641	0.307692	-0.00651505	0.0135758	1.18391
1	13	0.025641	0.333333	-0.011203	0.0165608	1.15808
1	14	0.025641	0.358974	-0.00800975	0.018726	1.16981
1	15	0.025641	0.384615	-0.00936904	0.023076	1.15918
1	16	0.025641	0.410256	-0.011585	0.0250371	1.13931
1	17	0.025641	0.435897	-0.00637893	0.0299813	1.15638
1	18	0.025641	0.461538	-0.0150058	0.0329776	1.10421
1	19	0.025641	0.487179	-0.00530758	0.0372014	1.13178
1	20	0.025641	0.512821	-0.0150507	0.0424303	1.07718
1	21	0.025641	0.538462	-0.00868551	0.045401	1.07453
1	22	0.025641	0.564103	-0.0108403	0.0526184	1.05368
1	23	0.025641	0.589744	-0.0152794	0.0557	0.995529
1	24	0.025641	0.615385	-0.00605038	0.0629757	1.00551
1	25	0.025641	0.641026	-0.0198893	0.0686741	0.91886
1	26	0.025641	0.666667	-0.00642141	0.074258	0.901715
1	27	0.025641	0.692308	-0.018232	0.0835588	0.846473
1	28	0.025641	0.717949	-0.0134964	0.0884791	0.742454
1	29	0.025641	0.74359	-0.012919	0.0991629	0.730013
1	30	0.025641	0.769231	-0.0213156	0.10721	0.557677
1	31	0.025641	0.794872	-0.012176	0.116028	0.491021
1	32	0.025641	0.820513	-0.0216654	0.12931	0.339735
1	33	0.025641	0.846154	-0.0183438	0.135727	0.0723049
1	34	0.025641	0.871795	-0.0104656	0.148582	-0.0423078
1	35	0.025641	0.897436	-0.0105757	0.150671	-0.571145
1	36	0.025641	0.923077	0.0365369	0.141624	-0.843623
1	37	0.025641	0.948718	0.109378	0.108297	-1.54157
1	38	0.025641	0.974359	0.346253	-0.0216731	-2.35563
1	39	0.025641	1	1	0	0
2	0	0.0512821	0	0	0	1.06405
2	1	0.0512821	0.025641	-0.00334037	-0.000693584	1.06405
2	2	0.0512821	0.0512821	-0.00496475	-0.000490072	1.07288
2	3	0.0512821	0.0769231	-0.00716523	-0.000837233	1.05935
2	4	0.0512821	0.102564	-0.00635848	0.00102679	1.10013
2	5	0.0512821	0.128205	-0.00943594	0.0021373	1.05277
2	6	0.0512821	0.153846	-0.00741199	0.00417828	1.11518
2	7	0.0512821	0.179487	-0.0102036	0.00777209	1.06925
2	8	0.0512821	0.205128	-0.00975292	0.00893961	1.09221
2	9	0.0512821	0.230769	-0.00918102	0.0149681	1.11873
2	10	0.0512821	0.25641	-0.0133379	0.0160876	1.03796
2	11	0.0512821	0.282051	-0.00761851	0.0225675	1.17105
2	12	0.0512821	0.307692	-0.0161555	0.026278	0.999583
2	13	0.0512821	0.333333	-0.00825477	0.0303144	1.16684
2	14	0.0512821	0.358974	-0.0154912	0.0389597	1.03147
2	15	0.0512821	0.384615	-0.0131939	0.0395432	1.06887
2	16	0.0512821	0.410256	-0.0107859	0.0521948	1.1341
2	17	0.0512821	0.435897	-0.0210262	0.0525516	0.91811
2	18	0.0512821	0.461538	-0.00577287	0.0641294	1.21988
2	19	0.0512821	0.487179	-0.0262002	0.070442	0.829686
2	20	0.0512821	0.512821	-0.00684202	0.075311	1.16459
2	21	0.0512821	0.538462	-0.0230624	0.0911207	0.89546
2	22	0.0512821	0.564103	-0.0172786	0.0894712	0.932997
2	23	0.0512821	0.589744	-0.0124892	0.110319	1.05978
2	24	0.0512821	0.615385	-0.0319124	0.110768	0.660778
2	25	0.0512821	0.641026	-0.00401872	0.126119	1.11586
2	26	0.0512821	0.666667	-0.039268	0.138794	0.556575
2	27	0.0512821	0.692308	-0.00840807	0.142579	0.895073
2	28	0.0512821	0.717949	-0.0328262	0.167047	0.656463
2	29	0.0512821	0.74359	-0.0256271	0.16679	0.488589
2	30	0.0512821	0.769231	-0.020349	0.189078	0.700931
2	31	0.0512821	0.794872	-0.0413237	0.199333	0.195292
2	32	0.0512821	0.820513	-0.0159187	0.205363	0.37166
2	33	0.0512821	0.846154	-0.0374454	0.225985	0.132479
2	34	0.0512821	0.871795	-0.013211	0.215015	-0.305027
2	35	0.0512821	0.897436	0.00678938	0.21611	-0.0349526
2	36	0.0512821	0.923077	0.0572891	0.183735	-0.932611
2	37	0.0512821	0.948718	0.19331	0.116987	-0.649321
2	38	0.0512821	0.974359	0.452559	0.00672078	-1.29364
2	39	0.0512821	1	1	0	0
3	0	0.0769231	0	0	0	1.00414
3	1	0.0769231	0.025641	-0.00305235	0.000110823	1.00414
3	2	0.0769231	0.0512821	-0.00594063	-0.000780947	0.993691
3	3	0.0769231	0.0769231	-0.00688425	0.00154751	1.03873
3	4	0.0769231	0.102564	-0.0103085	0.00149524	0.963813
3	5	0.0769231	0.128205	-0.00908317	0.0048655	1.07945
3	6	0.0769231	0.153846	-0.0132791	0.00801331	0.956177
3	7	0.0769231	0.179487	-0.0116849	0.00975172	1.06647
3	8	0.0769231	0.205128	-0.0142307	0.0177311	1.01944
3	9	0.0769231	0.230769	-0.0159075	0.0172992	0.971025
3	10	0.0769231	0.25641	-0.0132977	0.0284049	1.14167
3	11	0.0769231	0.282051	-0.0209853	0.0294181	0.848623
3	12	0.0769231	0.307692	-0.0126863	0.0382049	1.22223
3	13	0.0769231	0.333333	-0.0239608	0.0467265	0.825929
3	14	0.0769231	0.358974	-0.0159272	0.0478561	1.13184
3	15	0.0769231	0.384615	-0.0218617	0.0667234	0.995495
3	16	0.0769231	0.410256	-0.0247124	0.0613385	0.845954
3	17	0.0769231	0.435897	-0.015495	0.0846354	1.2821
3	18	0.0769231	0.461538	-0.035461	0.0832215	0.540484
3	19	0.0769231	0.487179	-0.011285	0.0976636	1.42391
3	20	0.0769231	0.512821	-0.0398664	0.113463	0.506832
3	21	0.0769231	0.538462	-0.0176067	0.109518	1.16657
3	22	0.0769231	0.564103	-0.0318198	0.144718	0.873361
3	23	0.0769231	0.589744	-0.0364003	0.129668	0.56127
3	24	0.0769231	0.615385	-0.0159042	0.167507	1.37001
3	25	0.0769231	0.641026	-0.0571869	0.164672	0.0477167
3	26	0.0769231	0.666667	-0.00738609	0.180753	1.46702
3	27	0.0769231	0.692308	-0.062974	0.20803	0.086181
3	28	0.0769231	0.717949	-0.0195556	0.195948	0.902348
3	29	0.0769231	0.74359	-0.047175	0.242099	0.596894
3	30	0.0769231	0.769231	-0.0474057	0.225421	0.0782776
3	31	0.0769231	0.794872	-0.0223623	0.254717	0.895791
3	32	0.0769231	0.820513	-0.0640873	0.260903	-0.2897
3	33	0.0769231	0.846154	-0.00129489	0.248647	0.428998
3	34	0.0769231	0.871795	-0.0324205	0.264909	-0.0784081
3	35	0.0769231	0.897436	0.0487431	0.219258	-0.453017
3	36	0.0769231	0.923077	0.108906	0.188779	-0.00509301
3	37	0.0769231	0.948718	0.272647	0.121019	-0.816529
3	38	0.0769231	0.974359	0.545942	0.0164144	-0.461193
3	39	0.0769231	1	1	0	0
4	0	0.102564	0	0	0	0.936591
4	1	0.102564	0.025641	-0.00329541	-0.000326746	0.936591
4	2	0.102564	0.0512821	-0.00614576	0.00162305	0.95929
4	3	0.102564	0.0769231	-0.00946169	0.000708781	0.900512
4	4	0.102564	0.102564	-0.0106964	0.00518992	1.01976
4	5	0.102564	0.128205	-0.014643	0.00644137	0.856019
4	6	0.102564	0.153846	-0.0142205	0.0101797	1.0501
4	7	0.102564	0.179487	-0.0185614	0.0171275	0.88182
4	8	0.102564	0.205128	-0.0182068	0.0170673	0.971174
4	9	0.102564	0.230769	-0.0205334	0.0306114	1.02534
4	10	0.102564	0.25641	-0.0236714	0.0283724	0.785097
4	11	0.102564	0.282051	-0.0208439	0.043472	1.21406
4	12	0.102564	0.307692	-0.029644	0.0467936	0.632075
4	13	0.102564	0.333333	-0.0219524	0.0540088	1.25365
4	14	0.102564	0.358974	-0.0329651	0.0717077	0.71934
4	15	0.102564	0.384615	-0.0274874	0.0653251	0.973544
4	16	0.102564	0.410256	-0.0308932	0.0973132	1.11687
4	17	0.102564	0.435897	-0.0385602	0.0848823	0.448605
4	18	0.102564	0.461538	-0.0252522	0.115957	1.57552
4	19	0.102564	0.487179	-0.0501419	0.118324	0.0778594
4	20	0.102564	0.512821	-0.0238648	0.12604	1.60901
4	21	0.102564	0.538462	-0.052706	0.161194	0.319075
4	22	0.102564	0.564103	-0.0355415	0.137559	0.915193
4	23	0.102564	0.589744	-0.0410672	0.198162	1.18463
4	24	0.102564	0.615385	-0.0599931	0.166521	-0.17385
4	25	0.102564	0.641026	-0.0232172	0.215613	1.99851
4	26	0.102564	0.666667	-0.0818592	0.217746	-0.773946
4	27	0.102564	0.692308	-0.0178689	0.217909	1.87355
4	28	0.102564	0.717949	-0.0803361	0.272002	-0.262794
4	29	0.102564	0.74359	-0.0376902	0.22716	0.657509
4	30	0.102564	0.769231	-0.0496823	0.298178	0.896839
4	31	0.102564	0.794872	-0.0687848	0.257213	-0.679152
4	32	0.102564	0.820513	-0.00390094	0.282826	1.44772
4	33	0.102564	0.846154	-0.0658888	0.282451	-0.988948
4	34	0.102564	0.871795	0.0549458	0.236911	0.75619
4	35	0.102564	0.897436	0.0356201	0.244115	-0.368902
4	36	0.102564	0.923077	0.197345	0.161352	-0.277909
4	37	0.102564	0.948718	0.334253	0.111975	-0.00268566
4	38	0.102564	0.974359	0.613782	0.0390857	-0.369321
4	39	0.102564	1	1	0	0
5	0	0.128205	0	0	0	0.875757
5	1	0.128205	0.025641	-0.00376577	0.000985057	0.875757
5	2	0.128205	0.0512821	-0.00738518	0.00033664	0.85691
5	3	0.128205	0.0769231	-0.0111818	0.0045618	0.927372
5	4	0.128205	0.102564	-0.0142152	0.00435937	0.79992
5	5	0.128205	0.128205	-0.01706	0.0101406	0.995225
5	6	0.128205	0.153846	-0.0206553	0.0139373	0.765644
5	7	0.128205	0.179487	-0.0215115	0.0169329	0.987485
5	8	0.128205	0.205128	-0.0264677	0.0285219	0.849185
5	9	0.128205	0.230769	-0.0260521	0.0264427	0.828951
5	10	0.128205	0.25641	-0.030503	0.0447835	1.06943
5	11	0.128205	0.282051	-0.0322694	0.0424305	0.578668
5	12	0.128205	0.307692	-0.032396	0.0585746	1.27393
5	13	0.128205	0.333333	-0.0397019	0.0675758	0.467131
5	14	0.128205	0.358974	-0.0343307	0.0693422	1.18958
5	15	0.128205	0.384615	-0.0451525	0.0988636	0.742273
5	16	0.128205	0.410256	-0.0402687	0.0834718	0.668173
5	17	0.128205	0.435897	-0.04536	0.126758	1.37139
5	18	0.128205	0.461538	-0.0517873	0.111406	-0.034279
5	19	0.128205	0.487179	-0.0416793	0.142107	1.87064
5	20	0.128205	0.512821	-0.0638251	0.157279	-0.277148
5	21	0.128205	0.538462	-0.0420054	0.147373	1.57232
5	22	0.128205	0.564103	-0.0665376	0.209114	0.45069
5	23	0.128205	0.589744	-0.0553191	0.160692	0.295703
5	24	0.128205	0.615385	-0.0549416	0.243282	1.84857
5	25	0.128205	0.641026	-0.0799811	0.202243	-1.16536
5	26	0.128205	0.666667	-0.0378933	0.245959	2.73028
5	27	0.128205	0.692308	-0.0973682	0.268576	-1.48807
5	28	0.128205	0.717949	-0.0345611	0.231943	1.98995
5	29	0.128205	0.74359	-0.0841778	0.322999	-0.144413
5	30	0.128205	0.769231	-0.0542066	0.234301	-0.105678
5	31	0.128205	0.794872	-0.0340605	0.324149	1.74073
5	32	0.128205	0.820513	-0.0704195	0.261921	-1.83831
5	33	0.128205	0.846154	0.0433415	0.266329	2.34242
5	34	0.128205	0.871795	-0.0162717	0.26764	-1.79389
5	35	0.128205	0.897436	0.16379	0.178562	1.22872
5	36	0.128205	0.923077	0.194852	0.187234	-0.590461
5	37	0.128205	0.948718	0.427891	0.0831672	0.0207759
5	38	0.128205	0.974359	0.654373	0.0480529	0.0806141
5	39	0.128205	1	1	0	0
6	0	0.153846	0	0	0	0.806631
6	1	0.153846	0.025641	-0.00438031	0.000377498	0.806631
6	2	0.153846	0.0512821	-0.00955597	0.00281803	0.825319
6	3	0.153846	0.0769231	-0.0126262	0.0028867	0.776637
6	4	0.153846	0.102564	-0.0187389	0.00875975	0.88715
6	5	0.153846	0.128205	-0.0205734	0.0100302	0.715734
6	6	0.153846	0.153846	-0.0254735	0.0165219	0.945787
6	7	0.153846	0.179487	-0.0292729	0.0230723	0.702036
6	8	0.153846	0.205128	-0.0298911	0.0254495	0.898004
6	9	0.153846	0.230769	-0.0379766	0.0408518	0.833856
6	10	0.153846	0.25641	-0.0344797	0.0379616	0.682435
6	11	0.153846	0.282051	-0.0442034	0.0590703	1.0951
6	12	0.153846	0.307692	-0.0421479	0.058677	0.415068
6	13	0.153846	0.333333	-0.0464651	0.0733387	1.26277
6	14	0.153846	0.358974	-0.0529609	0.089586	0.394226
6	15	0.153846	0.384615	-0.0471065	0.0848659	1.02197
6	16	0.153846	0.410256	-0.062717	0.124806	0.85858
6	17	0.153846	0.435897	-0.0516933	0.103265	0.303036
6	18	0.153846	0.461538	-0.0659953	0.151692	1.62366
6	19	0.153846	0.487179	-0.063701	0.140365	-0.430354
6	20	0.153846	0.512821	-0.062363	0.161638	1.98515
6	21	0.153846	0.538462	-0.0786848	0.196134	-0.36372
6	22	0.153846	0.564103	-0.0598594	0.163255	1.21472
6	23	0.153846	0.589744	-0.0854544	0.249826	0.905025
6	24	0.153846	0.615385	-0.0691342	0.182107	-0.574008
6	25	0.153846	0.641026	-0.0763587	0.27205	2.62763
6	26	0.153846	0.666667	-0.0891596	0.237436	-2.06668
6	27	0.153846	0.692308	-0.0578994	0.253971	3.16913
6	28	0.153846	0.717949	-0.0994351	0.311536	-1.6938
6	29	0.153846	0.74359	-0.0478667	0.223975	1.49236
6	30	0.153846	0.769231	-0.0734049	0.350639	0.64396
6	31	0.153846	0.794872	-0.0509502	0.22274	-1.42103
6	32	0.153846	0.820513	0.000277996	0.312008	3.00841
6	33	0.153846	0.846154	-0.0273862	0.24691	-3.12538
6	34	0.153846	0.871795	0.122015	0.209283	3.2294
6	35	0.153846	0.897436	0.106671	0.230202	-2.31706
6	36	0.153846	0.923077	0.323912	0.0994622	1.46943
6	37	0.153846	0.948718	0.437579	0.124154	-0.47854
6	38	0.153846	0.974359	0.70754	0.0329958	0.203192
6	39	0.153846	1	1	0	0
7	0	0.179487	0	0	0	0.741909
7	1	0.179487	0.025641	-0.00569137	0.000957791	0.741909
7	2	0.179487	0.0512821	-0.0102323	0.00215572	0.746096
7	3	0.179487	0.0769231	-0.0178968	0.00577671	0.760963
7	4	0.179487	0.102564	-0.0193826	0.00711763	0.71766
7	5	0.179487	0.128205	-0.0283158	0.0144751	0.823365
7	6	0.179487	0.153846	-0.0293738	0.016779	0.650745
7	7	0.179487	0.179487	-0.0349176	0.0246644	0.88496
7	8	0.179487	0.205128	-0.0412622	0.0327083	0.635754
7	9	0.179487	0.230769	-0.038779	0.0356289	0.825047
7	10	0.179487	0.25641	-0.0528895	0.0533274	0.785195
7	11	0.179487	0.282051	-0.044096	0.0506359	0.582304
7	12	0.179487	0.307692	-0.0600195	0.0733732	1.06236
7	13	0.179487	0.333333	-0.0550421	0.0750641	0.314271
7	14	0.179487	0.358974	-0.0605467	0.0883146	1.1909
7	15	0.179487	0.384615	-0.0712022	0.110036	0.366714
7	16	0.179487	0.410256	-0.0582856	0.10114	0.837291
7	17	0.179487	0.435897	-0.0857674	0.146965	0.947255
7	18	0.179487	0.461538	-0.0617753	0.123957	0.023926
7	19	0.179487	0.487179	-0.0898755	0.171156	1.72565
7	20	0.179487	0.512821	-0.0768873	0.168273	-0.614306
7	21	0.179487	0.538462	-0.0814536	0.176152	1.85001
7	22	0.179487	0.564103	-0.0986871	0.228517	-0.198133
7	23	0.179487	0.589744	-0.0705169	0.176952	0.661237
7	24	0.179487	0.615385	-0.111736	0.276347	1.44526
7	25	0.179487	0.641026	-0.0717674	0.203311	-1.35301
7	26	0.179487	0.666667	-0.102229	0.280807	3.127
7	27	0.179487	0.692308	-0.0862511	0.267951	-2.4739
7	28	0.179487	0.717949	-0.0727159	0.24228	2.98441
7	29	0.179487	0.74359	-0.0909444	0.336888	-1.19456
7	30	0.179487	0.769231	-0.0405135	0.202314	0.373356
7	31	0.179487	0.794872	-0.0520869	0.345766	1.90579
7	32	0.179487	0.820513	-0.00726385	0.20239	-2.88985
7	33	0.179487	0.846154	0.0523496	0.262344	4.17503
7	34	0.179487	0.871795	0.0766157	0.221559	-3.94455
7	35	0.179487	0.897436	0.233453	0.129622	3.54278
7	36	0.179487	0.923077	0.299751	0.183322	-2.1292
7	37	0.179487	0.948718	0.52644	0.0338508	1.18214
7	38	0.179487	0.974359	0.721472	0.0752414	0.017946
7	39	0.179487	1	1	0	0
8	0	0.205128	0	0	0	0.681881
8	1	0.205128	0.025641	-0.00642178	0.00155214	0.681881
8	2	0.205128	0.0512821	-0.0141992	0.00227926	0.664255
8	3	0.205128	0.0769231	-0.01765	0.00555161	0.71299
8	4	0.205128	0.102564	-0.0282618	0.0102372	0.668477
8	5	0.205128	0.128205	-0.0283732	0.0120356	0.678997
8	6	0.205128	0.153846	-0.0389246	0.022076	0.754148
8	7	0.205128	0.179487	-0.0411942	0.0235788	0.571076
8	8	0.205128	0.205128	-0.0449057	0.0343217	0.857332
8	9	0.205128	0.230769	-0.0562149	0.0423699	0.519864
8	10	0.205128	0.25641	-0.0488481	0.0462872	0.80924
8	11	0.205128	0.282051	-0.0695217	0.0661231	0.678672
8	12	0.205128	0.307692	-0.0564981	0.0624843	0.53002
8	13	0.205128	0.333333	-0.0756678	0.0881655	0.998693
8	14	0.205128	0.358974	-0.0723125	0.0893393	0.21878
8	15	0.205128	0.384615	-0.0731526	0.103618	1.14437
8	16	0.205128	0.410256	-0.0940004	0.127171	0.277797
8	17	0.205128	0.435897	-0.0684247	0.117048	0.75261
8	18	0.205128	0.461538	-0.111073	0.164934	0.899131
8	19	0.205128	0.487179	-0.0732842	0.14236	-0.0870782
8	20	0.205128	0.512821	-0.111396	0.186627	1.6468
8	21	0.205128	0.538462	-0.0949117	0.189858	-0.628299
8	22	0.205128	0.564103	-0.0930726	0.188375	1.59694
8	23	0.205128	0.589744	-0.125297	0.248795	-0.0049469
8	24	0.205128	0.615385	-0.0706321	0.189883	0.22117
8	25	0.205128	0.641026	-0.14139	0.28599	1.71604
8	26	0.205128	0.666667	-0.0643448	0.220943	-1.68212
8	27	0.205128	0.692308	-0.121444	0.272792	3.05594
8	28	0.205128	0.717949	-0.0766287	0.284842	-2.22951
8	29	0.205128	0.74359	-0.0659247	0.220052	2.20628
8	30	0.205128	0.769231	-0.0782266	0.334976	-0.242502
8	31	0.205128	0.794872	0.00442698	0.177819	-0.895647
8	32	0.205128	0.820513	-0.0221627	0.306624	3.01226
8	33	0.205128	0.846154	0.087546	0.180576	-3.78739
8	34	0.205128	0.871795	0.126673	0.188347	4.54468
8	35	0.205128	0.897436	0.237038	0.189862	-3.74544
8	36	0.205128	0.923077	0.3813	0.0557642	2.93488
8	37	0.205128	0.948718	0.534167	0.131389	-1.21683
8	38	0.205128	0.974359	0.758321	0.014564	0.622973
8	39	0.205128	1	1	0	0
9	0	0.230769	0	0	0	0.607228
9	1	0.230769	0.025641	-0.00815316	0.000173513	0.607228
9	2	0.230769	0.0512821	-0.0146917	0.00436609	0.657355
9	3	0.230769	0.0769231	-0.0248263	0.00498905	0.551773
9	4	0.230769	0.102564	-0.0271713	0.00946434	0.706994
9	5	0.230769	0.128205	-0.0396639	0.0166707	0.567493
9	6	0.230769	0.153846	-0.0400285	0.0166405	0.624
9	7	0.230769	0.179487	-0.0501288	0.0312413	0.725475
9	8	0.230769	0.205128	-0.0554915	0.0301684	0.431394
9	9	0.230769	0.230769	-0.0561198	0.0441464	0.897145
9	10	0.230769	0.25641	-0.0724479	0.0524751	0.340858
9	11	0.230769	0.282051	-0.0615282	0.0554559	0.837779
9	12	0.230769	0.307692	-0.0858331	0.0796961	0.556011
9	13	0.230769	0.333333	-0.0726629	0.0716752	0.458276
9	14	0.230769	0.358974	-0.0900941	0.103185	0.990984
9	15	0.230769	0.384615	-0.0931264	0.100491	0.0333135
9	16	0.230769	0.410256	-0.0852146	0.11772	1.21495
9	17	0.230769	0.435897	-0.11804	0.141171	0.054914
9	18	0.230769	0.461538	-0.0802638	0.129554	0.807303
9	19	0.230769	0.487179	-0.133522	0.180088	0.724196
9	20	0.230769	0.512821	-0.0891862	0.154221	-0.100817
9	21	0.230769	0.538462	-0.125784	0.200046	1.52773
9	22	0.230769	0.564103	-0.118352	0.200967	-0.681194
9	23	0.230769	0.589744	-0.0954414	0.199024	1.49331
9	24	0.230769	0.615385	-0.153911	0.255386	-0.0794928
9	25	0.230769	0.641026	-0.0629502	0.198896	0.180863
9	26	0.230769	0.666667	-0.163382	0.282207	1.49872
9	27	0.230769	0.692308	-0.0533438	0.22694	-1.46793
9	28	0.230769	0.717949	-0.118858	0.2567	2.49554
9	29	0.230769	0.74359	-0.0670015	0.278764	-1.62675
9	30	0.230769	0.769231	-0.0240475	0.19748	1.33692
9	31	0.230769	0.794872	-0.0626176	0.302869	0.497634
9	32	0.230769	0.820513	0.0922901	0.156127	-1.55243
9	33	0.230769	0.846154	0.0241484	0.243425	3.22792
9	34	0.230769	0.871795	0.225371	0.15619	-3.52544
9	35	0.230769	0.897436	0.2354	0.113928	3.75599
9	36	0.230769	0.923077	0.42947	0.149077	-2.52377
9	37	0.230769	0.948718	0.567867	0.0137416	1.6866
9	38	0.230769	0.974359	0.774192	0.0811306	-0.116199
9	39	0.230769	1	1	0	0
10	0	0.25641	0	0	0	0.560665
10	1	0.25641	0.025641	-0.00912346	0.00263765	0.560665
10	2	0.25641	0.0512821	-0.0187268	0.000899852	0.500644
10	3	0.25641	0.0769231	-0.025055	0.00785771	0.666507
10	4	0.25641	0.102564	-0.0365078	0.00963285	0.422818
10	5	0.25641	0.128205	-0.0390877	0.012866	0.691031
10	6	0.25641	0.153846	-0.0516603	0.0247694	0.504766
10	7	0.25641	0.179487	-0.0537241	0.0207797	0.507447
10	8	0.25641	0.205128	-0.0625728	0.0405253	0.768707
10	9	0.25641	0.230769	-0.0706315	0.0371499	0.224222
10	10	0.25641	0.25641	-0.0698094	0.0521568	0.982754
10	11	0.25641	0.282051	-0.0881711	0.0635167	0.150019
10	12	0.25641	0.307692	-0.0774555	0.0615934	0.836229
10	13	0.25641	0.333333	-0.101138	0.0935308	0.505165
10	14	0.25641	0.358974	-0.0914543	0.0777855	0.279995
10	15	0.25641	0.384615	-0.104466	0.116561	1.11173
10	16	0.25641	0.410256	-0.114247	0.109235	-0.285373
10	17	0.25641	0.435897	-0.0992801	0.127661	1.4064
10	18	0.25641	0.461538	-0.138885	0.153388	-0.25658
10	19	0.25641	0.487179	-0.0960502	0.135268	0.904495
10	20	0.25641	0.512821	-0.149495	0.193627	0.572043
10	21	0.25641	0.538462	-0.109162	0.15682	-0.210907
10	22	0.25641	0.564103	-0.132518	0.211246	1.59391
10	23	0.25641	0.589744	-0.142248	0.201206	-1.0038
10	24	0.25641	0.615385	-0.0921903	0.204867	1.74472
10	25	0.25641	0.641026	-0.174214	0.251886	-0.556377
10	26	0.25641	0.666667	-0.0539611	0.1969	0.560051
10	27	0.25641	0.692308	-0.16444	0.272655	0.930386
10	28	0.25641	0.717949	-0.0444924	0.213019	-1.03171
10	29	0.25641	0.74359	-0.0842213	0.241058	1.94958
10	30	0.25641	0.769231	-0.0571403	0.246743	-1.31214
10	31	0.25641	0.794872	0.0536978	0.178252	1.1012
10	32	0.25641	0.820513	-0.0336468	0.249164	0.336192
10	33	0.25641	0.846154	0.211305	0.132956	-1.06025
10	34	0.25641	0.871795	0.104765	0.176896	2.25579
10	35	0.25641	0.897436	0.382997	0.121647	-2.17015
10	36	0.25641	0.923077	0.390377	0.0631892	2.18991
10	37	0.25641	0.948718	0.626045	0.0973172	-0.985174
10	38	0.25641	0.974359	0.782994	0.0159214	0.664346
10	39	0.25641	1	1	0	0
11	0	0.282051	0	0	0	0.478852
11	1	0.282051	0.025641	-0.0106305	-0.000460515	0.478852
11	2	0.282051	0.0512821	-0.0203938	0.00566456	0.557924
11	3	0.282051	0.0769231	-0.0304334	0.00351854	0.368353
11	4	0.282051	0.102564	-0.0376551	0.0108264	0.675708
11	5	0.282051	0.128205	-0.0487224	0.0160055	0.323356
11	6	0.282051	0.153846	-0.0527214	0.0156139	0.619571
11	7	0.282051	0.179487	-0.0648218	0.0330706	0.511315
11	8	0.282051	0.205128	-0.0678926	0.0251588	0.323521
11	9	0.282051	0.230769	-0.0773351	0.0479401	0.858783
11	10	0.282051	0.25641	-0.0850578	0.0450679	0.0049177
11	11	0.282051	0.282051	-0.0863272	0.0569895	1.03667
11	12	0.282051	0.307692	-0.10301	0.0748513	0.0348778
11	13	0.282051	0.333333	-0.0952728	0.0646752	0.72372
11	14	0.282051	0.358974	-0.116751	0.105546	0.585038
11	15	0.282051	0.384615	-0.1098	0.0819354	-0.0274968
11	16	0.282051	0.410256	-0.121063	0.125401	1.33929
11	17	0.282051	0.435897	-0.131986	0.116947	-0.666586
11	18	0.282051	0.461538	-0.116868	0.130742	1.60333
11	19	0.282051	0.487179	-0.154051	0.164455	-0.502074
11	20	0.282051	0.512821	-0.114641	0.132696	0.865649
11	21	0.282051	0.538462	-0.159475	0.204605	0.630052
11	22	0.282051	0.564103	-0.128092	0.150862	-0.588887
11	23	0.282051	0.589744	-0.135574	0.216878	1.97607
11	24	0.282051	0.615385	-0.157438	0.194322	-1.65173
11	25	0.282051	0.641026	-0.0891427	0.199878	2.30232
11	26	0.282051	0.666667	-0.175314	0.244829	-1.24965
11	27	0.282051	0.692308	-0.0477099	0.177229	1.02405
11	28	0.282051	0.717949	-0.137373	0.263935	0.494494
11	29	0.282051	0.74359	-0.0355696	0.17711	-0.964381
11	30	0.282051	0.769231	-0.0201489	0.227611	2.05724
11	31	0.282051	0.794872	-0.0348082	0.196876	-1.87113
11	32	0.282051	0.820513	0.152969	0.156093	1.92174
11	33	0.282051	0.846154	0.0294699	0.192592	-0.896677
11	34	0.282051	0.871795	0.339113	0.098124	0.397627
11	35	0.282051	0.897436	0.236907	0.128271	0.603552
11	36	0.282051	0.923077	0.537918	0.0737928	-0.53571
11	37	0.282051	0.948718	0.587815	0.0431089	0.789459
11	38	0.282051	0.974359	0.814926	0.0520593	0.0399906
11	39	0.282051	1	1	0	0
12	0	0.307692	0	0	0	0.43773
12	1	0.307692	0.025641	-0.0120364	0.00274839	0.43773
12	2	0.307692	0.0512821	-0.0225853	0.000252497	0.371316
12	3	0.307692	0.0769231	-0.0338152	0.00842328	0.564087
12	4	0.307692	0.102564	-0.0425835	0.00787466	0.254531
12	5	0.307692	0.128205	-0.0517724	0.0130691	0.639579
12	6	0.307692	0.153846	-0.0619296	0.0226991	0.285313
12	7	0.307692	0.179487	-0.0665626	0.0184347	0.485535
12	8	0.307692	0.205128	-0.0800782	0.0396092	0.56295
12	9	0.307692	0.230769	-0.0811639	0.0303555	0.126751
12	10	0.307692	0.25641	-0.0945563	0.052227	0.91951
12	11	0.307692	0.282051	-0.098638	0.0532369	-0.142091
12	12	0.307692	0.307692	-0.104167	0.0588448	0.984062
12	13	0.307692	0.333333	-0.118367	0.0843182	0.0444329
12	14	0.307692	0.358974	-0.112092	0.0660445	0.49095
12	15	0.307692	0.384615	-0.134682	0.112954	0.758352
12	16	0.307692	0.410256	-0.124713	0.0854758	-0.379162
12	17	0.307692	0.435897	-0.140766	0.127545	1.54932
12	18	0.307692	0.461538	-0.144886	0.123827	-0.95743
12	19	0.307692	0.487179	-0.13617	0.126397	1.6439
12	20	0.307692	0.512821	-0.164809	0.17283	-0.528641
12	21	0.307692	0.538462	-0.130922	0.12338	0.569813
12	22	0.307692	0.564103	-0.167434	0.209615	0.966165
12	23	0.307692	0.589744	-0.138153	0.140142	-1.22589
12	24	0.307692	0.615385	-0.139776	0.211978	2.57069
12	25	0.307692	0.641026	-0.15562	0.185749	-2.40608
12	26	0.307692	0.666667	-0.0885311	0.179228	2.83332
12	27	0.307692	0.692308	-0.152881	0.238992	-1.71482
12	28	0.307692	0.717949	-0.0400957	0.139238	1.0599
12	29	0.307692	0.74359	-0.0870138	0.256182	0.719111
12	30	0.307692	0.769231	-0.0135384	0.127464	-1.72004
12	31	0.307692	0.794872	0.0580289	0.20912	3.09976
12	32	0.307692	0.820513	0.0207935	0.14677	-3.32451
12	33	0.307692	0.846154	0.253096	0.119892	3.48442
12	34	0.307692	0.871795	0.145263	0.152308	-2.55504
12	35	0.307692	0.897436	0.458277	0.047507	1.89633
12	36	0.307692	0.923077	0.419725	0.104125	-0.667308
12	37	0.307692	0.948718	0.684729	0.024871	0.388888
12	38	0.307692	0.974359	0.801479	0.0413409	0.280068
12	39	0.307692	1	1	0	0
13	0	0.333333	0	0	0	0.361541
13	1	0.333333	0.025641	-0.0129011	-0.000169643	0.361541
13	2	0.333333	0.0512821	-0.0261417	0.00490933	0.419603
13	3	0.333333	0.0769231	-0.034897	0.00281588	0.270873
13	4	0.333333	0.102564	-0.0486427	0.0104922	0.535851
13	5	0.333333	0.128205	-0.0554781	0.0126688	0.192109
13	6	0.333333	0.153846	-0.0659349	0.0152673	0.548399
13	7	0.333333	0.179487	-0.0769337	0.0278024	0.287943
13	8	0.333333	0.205128	-0.0793591	0.0219063	0.339334
13	9	0.333333	0.230769	-0.0974385	0.043197	0.588117
13	10	0.333333	0.25641	-0.0935618	0.0356819	-0.00411974
13	11	0.333333	0.282051	-0.112662	0.0536916	0.882943
13	12	0.333333	0.307692	-0.112813	0.059513	-0.176036
13	13	0.333333	0.333333	-0.120621	0.0591294	0.82455
13	14	0.333333	0.358974	-0.136016	0.0892846	0.132863
13	15	0.333333	0.384615	-0.125507	0.0669462	0.228585
13	16	0.333333	0.410256	-0.155314	0.11402	0.900359
13	17	0.333333	0.435897	-0.135568	0.088266	-0.63051
13	18	0.333333	0.461538	-0.161302	0.123068	1.59924
13	19	0.333333	0.487179	-0.15478	0.127929	-1.03671
13	20	0.333333	0.512821	-0.152216	0.116664	1.44935
13	21	0.333333	0.538462	-0.174903	0.175132	-0.317675
13	22	0.333333	0.564103	-0.138404	0.110937	0.0732909
13	23	0.333333	0.589744	-0.177075	0.204641	1.43966
13	24	0.333333	0.615385	-0.133522	0.128969	-1.88854
13	25	0.333333	0.641026	-0.145726	0.193412	3.0613
13	26	0.333333	0.666667	-0.134999	0.178587	-2.87576
13	27	0.333333	0.692308	-0.0848662	0.143687	2.91333
13	28	0.333333	0.717949	-0.11297	0.233257	-1.54335
13	29	0.333333	0.74359	-0.0181386	0.0913359	0.347791
13	30	0.333333	0.769231	-0.0281202	0.241981	1.74564
13	31	0.333333	0.794872	0.0402952	0.0806358	-3.18704
13	32	0.333333	0.820513	0.132358	0.174834	4.654
13	33	0.333333	0.846154	0.125919	0.113968	-4.92453
13	34	0.333333	0.871795	0.342064	0.0654951	4.79414
13	35	0.333333	0.897436	0.31262	0.133579	-3.51253
13	36	0.333333	0.923077	0.569716	-0.00580265	2.39898
13	37	0.333333	0.948718	0.627098	0.0884103	-0.827022
13	38	0.333333	0.974359	0.836108	0.00500794	0.399574
13	39	0.333333	1	1	0	0
14	0	0.358974	0	0	0	0.311274
14	1	0.358974	0.025641	-0.0146056	0.00159096	0.311274
14	2	0.358974	0.0512821	-0.026045	0.00106191	0.289025
14	3	0.358974	0.0769231	-0.0415822	0.00658845	0.375856
14	4	0.358974	0.102564	-0.0476514	0.00594345	0.212424
14	5	0.358974	0.128205	-0.0634305	0.0124793	0.460242
14	6	0.358974	0.153846	-0.069807	0.0160534	0.164918
14	7	0.358974	0.179487	-0.0789389	0.0179746	0.446992
14	8	0.358974	0.205128	-0.0936853	0.0301817	0.265968
14	9	0.358974	0.230769	-0.091195	0.0253503	0.252699
14	10	0.358974	0.25641	-0.115342	0.0441823	0.526299
14	11	0.358974	0.282051	-0.106508	0.0390627	-0.0357532
14	12	0.358974	0.307692	-0.129122	0.0537086	0.755283
14	13	0.358974	0.333333	-0.129154	0.0614578	-0.147147
14	14	0.358974	0.358974	-0.133725	0.0589168	0.64921
14	15	0.358974	0.384615	-0.155992	0.0883807	0.180553
14	16	0.358974	0.410256	-0.135492	0.0669447	0.068354
14	17	0.358974	0.435897	-0.176123	0.109257	0.889423
14	18	0.358974	0.461538	-0.144539	0.0881016	-0.689513
14	19	0.358974	0.487179	-0.177974	0.114219	1.44543
14	20	0.358974	0.512821	-0.165043	0.125989	-0.922943
14	21	0.358974	0.538462	-0.159744	0.104769	1.10819
14	22	0.358974	0.564103	-0.18692	0.168163	-0.0302466
14	23	0.358974	0.589744	-0.133401	0.0985268	-0.392275
14	24	0.358974	0.615385	-0.187652	0.187917	1.76255
14	25	0.358974	0.641026	-0.114462	0.118913	-2.24766
14	26	0.358974	0.666667	-0.147143	0.162999	3.11426
14	27	0.358974	0.692308	-0.1021	0.170716	-2.7677
14	28	0.358974	0.717949	-0.0659159	0.101362	2.34576
14	29	0.358974	0.74359	-0.0685775	0.220461	-0.713649
14	30	0.358974	0.769231	0.0336919	0.0483745	-0.904166
14	31	0.358974	0.794872	0.024912	0.211681	3.08508
14	32	0.358974	0.820513	0.137713	0.0521655	-4.58387
14	33	0.358974	0.846154	0.196217	0.121116	5.72335
14	34	0.358974	0.871795	0.276832	0.102569	-5.55863
14	35	0.358974	0.897436	0.427122	0.00554354	4.82862
14	36	0.358974	0.923077	0.505117	0.121364	-3.05536
14	37	0.358974	0.948718	0.69143	-0.0353834	1.65802
14	38	0.358974	0.974359	0.82531	0.0615668	-0.176469
14	39	0.358974	1	1	0	0
15	0	0.384615	0	0	0	0.253205
15	1	0.384615	0.025641	-0.0149068	0.000913315	0.253205
15	2	0.384615	0.0512821	-0.0304835	0.00232442	0.24897
15	3	0.384615	0.0769231	-0.0392745	0.00313675	0.250187
15	4	0.384615	0.102564	-0.0569411	0.0082126	0.290624
15	5	0.384615	0.128205	-0.06142	0.0078419	0.184791
15	6	0.384615	0.153846	-0.0769734	0.0149119	0.376214
15	7	0.384615	0.179487	-0.085515	0.0169279	0.114078
15	8	0.384615	0.205128	-0.0908434	0.0205308	0.40032
15	9	0.384615	0.230769	-0.110709	0.0302018	0.165667
15	10	0.384615	0.25641	-0.103414	0.0267765	0.252674
15	11	0.384615	0.282051	-0.131453	0.0438791	0.388646
15	12	0.384615	0.307692	-0.121394	0.0382615	-0.0205669
15	13	0.384615	0.333333	-0.142302	0.0531675	0.62566
15	14	0.384615	0.358974	-0.14747	0.0580223	-0.167603
15	15	0.384615	0.384615	-0.143838	0.057524	0.575733
15	16	0.384615	0.410256	-0.1757	0.0824329	0.0863652
15	17	0.384615	0.435897	-0.144371	0.0637013	0.0764003
15	18	0.384615	0.461538	-0.192786	0.100953	0.710769
15	19	0.384615	0.487179	-0.15457	0.0819424	-0.601816
15	20	0.384615	0.512821	-0.186592	0.103713	1.19666
15	21	0.384615	0.538462	-0.177254	0.115554	-0.784025
15	22	0.384615	0.564103	-0.156759	0.0927698	0.838583
15	23	0.384615	0.589744	-0.199064	0.151229	0.0829083
15	24	0.384615	0.615385	-0.117683	0.0864199	-0.562398
15	25	0.384615	0.641026	-0.192602	0.161913	1.68877
15	26	0.384615	0.666667	-0.0874494	0.107137	-2.1137
15	27	0.384615	0.692308	-0.133033	0.128083	2.63892
15	28	0.384615	0.717949	-0.0675268	0.155505	-2.15172
15	29	0.384615	0.74359	-0.0195139	0.0646775	1.39795
15	30	0.384615	0.769231	-0.0300867	0.19241	0.267758
15	31	0.384615	0.794872	0.122231	0.0230177	-1.94907
15	32	0.384615	0.820513	0.0702809	0.162504	3.81396
15	33	0.384615	0.846154	0.271413	0.0445737	-4.90229
15	34	0.384615	0.871795	0.262335	0.0596272	5.38853
15	35	0.384615	0.897436	0.446922	0.0977173	-4.61444
15	36	0.384615	0.923077	0.530883	-0.0339448	3.40888
15	37	0.384615	0.948718	0.688743	0.0931018	-1.59007
15	38	0.384615	0.974359	0.838233	-0.0220559	0.557476
15	39	0.384615	1	1	0	0
16	0	0.410256	0	0	0	0.185493
16	1	0.410256	0.025641	-0.0163829	-0.000154579	0.185493
16	2	0.410256	0.0512821	-0.029405	0.00252064	0.227895
16	3	0.410256	0.0769231	-0.0462495	0.00314009	0.147566
16	4	0.410256	0.102564	-0.0530347	0.00418282	0.240542
16	5	0.410256	0.128205	-0.070986	0.0103114	0.196742
16	6	0.410256	0.153846	-0.0761721	0.00740035	0.134961
16	7	0.410256	0.179487	-0.0892444	0.0171666	0.343239
16	8	0.410256	0.205128	-0.101263	0.0156517	-0.00911867
16	9	0.410256	0.230769	-0.102868	0.0210306	0.431163
16	10	0.410256	0.25641	-0.125883	0.0291253	0.0011337
16	11	0.410256	0.282051	-0.11725	0.0241261	0.286313
16	12	0.410256	0.307692	-0.144389	0.0430294	0.26138
16	13	0.410256	0.333333	-0.1379	0.0324983	-0.0632001
16	14	0.410256	0.358974	-0.152782	0.0511987	0.598906
16	15	0.410256	0.384615	-0.16523	0.0502737	-0.320706
16	16	0.410256	0.410256	-0.153292	0.0525652	0.648785
16	17	0.410256	0.435897	-0.191256	0.073703	-0.141828
16	18	0.410256	0.461538	-0.154658	0.0544671	0.1879
16	19	0.410256	0.487179	-0.202025	0.0913168	0.484818
16	20	0.410256	0.512821	-0.166406	0.0680401	-0.533242
16	21	0.410256	0.538462	-0.186409	0.0926567	1.05104
16	22	0.410256	0.564103	-0.188884	0.0968229	-0.829677
16	23	0.410256	0.589744	-0.145999	0.0799532	0.842384
16	24	0.410256	0.615385	-0.204896	0.127208	-0.144168
16	25	0.410256	0.641026	-0.0973418	0.0714461	-0.335801
16	26	0.410256	0.666667	-0.182475	0.133007	1.21397
16	27	0.410256	0.692308	-0.0605976	0.0878633	-1.61989
16	28	0.410256	0.717949	-0.094354	0.0983905	1.93146
16	29	0.410256	0.74359	-0.0377356	0.126508	-1.51184
16	30	0.410256	0.769231	0.0569831	0.0429097	0.734923
16	31	0.410256	0.794872	0.00456474	0.147536	0.607765
16	32	0.410256	0.820513	0.237136	0.0157669	-1.95058
16	33	0.410256	0.846154	0.124239	0.105085	3.19308
16	34	0.410256	0.871795	0.415459	0.0433065	-3.6963
16	35	0.410256	0.897436	0.35635	0.013924	3.59658
16	36	0.410256	0.923077	0.604436	0.0780284	-2.5948
16	37	0.410256	0.948718	0.670229	-0.0355507	1.48005
16	38	0.410256	0.974359	0.849948	0.0472963	-0.290749
16	39	0.410256	1	1	0	0
17	0	0.435897	0	0	0	0.146262
17	1	0.435897	0.025641	-0.0165214	0.00185093	0.146262
17	2	0.435897	0.0512821	-0.032607	-0.000567574	0.0834188
17	3	0.435897	0.0769231	-0.0438705	0.00343531	0.232958
17	4	0.435897	0.102564	-0.0606292	0.00451948	0.0337768
17	5	0.435897	0.128205	-0.0673376	0.00302502	0.212597
17	6	0.435897	0.153846	-0.0835709	0.0123313	0.14958
17	7	0.435897	0.179487	-0.0907307	0.00493505	0.0170227
17	8	0.435897	0.205128	-0.101312	0.0174252	0.382508
17	9	0.435897	0.230769	-0.115148	0.0134513	-0.190272
17	10	0.435897	0.25641	-0.116107	0.0175493	0.487995
17	11	0.435897	0.282051	-0.138026	0.0276092	-0.145136
17	12	0.435897	0.307692	-0.132317	0.016815	0.255845
17	13	0.435897	0.333333	-0.154836	0.0406512	0.238834
17	14	0.435897	0.358974	-0.153631	0.023014	-0.233114
17	15	0.435897	0.384615	-0.162805	0.0454243	0.703476
17	16	0.435897	0.410256	-0.179005	0.0404326	-0.58232
17	17	0.435897	0.435897	-0.164212	0.0415936	0.790889
17	18	0.435897	0.461538	-0.200144	0.0639673	-0.378159
17	19	0.435897	0.487179	-0.166474	0.0381347	0.243787
17	20	0.435897	0.512821	-0.20396	0.0806868	0.387511
17	21	0.435897	0.538462	-0.177091	0.0473441	-0.653974
17	22	0.435897	0.564103	-0.180665	0.0796488	1.15393
17	23	0.435897	0.589744	-0.193913	0.07295	-1.15688
17	24	0.435897	0.615385	-0.132956	0.0631662	1.14868
17	25	0.435897	0.641026	-0.19665	0.101544	-0.649487
17	26	0.435897	0.666667	-0.0782441	0.0489777	0.113816
17	27	0.435897	0.692308	-0.150976	0.108454	0.640481
17	28	0.435897	0.717949	-0.0370075	0.0566559	-1.2029
17	29	0.435897	0.74359	-0.0314709	0.0800238	1.55253
17	30	0.435897	0.769231	-0.00795494	0.0837591	-1.48344
17	31	0.435897	0.794872	0.151587	0.0346639	0.993053
17	32	0.435897	0.820513	0.0527121	0.0959412	-0.214757
17	33	0.435897	0.846154	0.354349	0.0127259	-0.659511
17	34	0.435897	0.871795	0.212715	0.0601606	1.33646
17	35	0.435897	0.897436	0.542468	0.028556	-1.57427
17	36	0.435897	0.923077	0.495151	0.000945402	1.37286
17	37	0.435897	0.948718	0.737678	0.0387202	-0.778458
17	38	0.435897	0.974359	0.835841	-0.0112796	0.279654
17	39	0.435897	1	1	0	0
18	0	0.461538	0	0	0	0.0666492
18	1	0.461538	0.025641	-0.0172029	-0.00137953	0.0666492
18	2	0.461538	0.0512821	-0.0322949	0.00307033	0.145292
18	3	0.461538	0.0769231	-0.0473385	-0.000261184	-0.0392715
18	4	0.461538	0.102564	-0.0583778	0.00228317	0.227613
18	5	0.461538	0.128205	-0.0733441	0.00602653	-0.0405126
18	6	0.461538	0.153846	-0.0811794	-0.00012029	0.121432
18	7	0.461538	0.179487	-0.0956035	0.0125533	0.171379
18	8	0.461538	0.205128	-0.103402	0.00163587	-0.157194
18	9	0.461538	0.230769	-0.114153	0.0138523	0.446268
18	10	0.461538	0.25641	-0.126149	0.0109598	-0.351866
18	11	0.461538	0.282051	-0.130162	0.00961241	0.479474
18	12	0.461538	0.307692	-0.147854	0.0246373	-0.186961
18	13	0.461538	0.333333	-0.146396	0.00617951	0.101494
18	14	0.461538	0.358974	-0.164897	0.0344096	0.338707
18	15	0.461538	0.384615	-0.165594	0.0119794	-0.496174
18	16	0.461538	0.410256	-0.17417	0.0336579	0.854947
18	17	0.461538	0.435897	-0.186907	0.0299367	-0.825776
18	18	0.461538	0.461538	-0.176296	0.0240174	0.851734
18	19	0.461538	0.487179	-0.203055	0.0529804	-0.46768
18	20	0.461538	0.512821	-0.176691	0.0162303	0.108096
18	21	0.461538	0.538462	-0.201975	0.0671996	0.517207
18	22	0.461538	0.564103	-0.181223	0.0231765	-1.00595
18	23	0.461538	0.589744	-0.174124	0.0617507	1.47866
18	24	0.461538	0.615385	-0.186268	0.0485479	-1.65666
18	25	0.461538	0.641026	-0.121624	0.0390353	1.5608
18	26	0.461538	0.666667	-0.170393	0.0794305	-1.14077
18	27	0.461538	0.692308	-0.060946	0.0166122	0.407546
18	28	0.461538	0.717949	-0.100422	0.0918063	0.420504
18	29	0.461538	0.74359	-0.010339	0.0152804	-1.34159
18	30	0.461538	0.769231	0.043462	0.0703113	1.9452
18	31	0.461538	0.794872	0.0381363	0.0372866	-2.37758
18	32	0.461538	0.820513	0.243221	0.0273658	2.23512
18	33	0.461538	0.846154	0.137478	0.0559542	-1.92521
18	34	0.461538	0.871795	0.452233	-0.00329151	1.23381
18	35	0.461538	0.897436	0.350117	0.0428563	-0.686709
18	36	0.461538	0.923077	0.64501	-0.00403242	0.172847
18	37	0.461538	0.948718	0.66735	0.0111501	-0.000171819
18	38	0.461538	0.974359	0.862917	0.0026785	-0.0448281
18	39	0.461538	1	1	0	0
19	0	0.487179	0	0	0	0.0336978
19	1	0.487179	0.025641	-0.0174704	0.0017506	0.0336978
19	2	0.487179	0.0512821	-0.032704	-0.00219495	-0.041916
19	3	0.487179	0.0769231	-0.0475457	0.00245412	0.14552
19	4	0.487179	0.102564	-0.0601547	0.000426338	-0.133889
19	5	0.487179	0.128205	-0.0721086	-0.000876801	0.166969
19	6	0.487179	0.153846	-0.0851454	0.00606403	-0.0500459
19	7	0.487179	0.179487	-0.0930597	-0.00412011	-0.0261843
19	8	0.487179	0.205128	-0.107972	0.00920097	0.220551
19	9	0.487179	0.230769	-0.113288	-0.00184238	-0.316771
19	10	0.487179	0.25641	-0.127402	0.0060025	0.449771
19	11	0.487179	0.282051	-0.134968	0.0072026	-0.414217
19	12	0.487179	0.307692	-0.143006	-0.00143066	0.352088
19	13	0.487179	0.333333	-0.157309	0.0179507	-0.112503
19	14	0.487179	0.358974	-0.156878	-0.00567588	-0.138202
19	15	0.487179	0.384615	-0.176101	0.0223176	0.474719
19	16	0.487179	0.410256	-0.172391	0.000585601	-0.728614
19	17	0.487179	0.435897	-0.186311	0.015666	0.912589
19	18	0.487179	0.461538	-0.189976	0.0181275	-0.914376
19	19	0.487179	0.487179	-0.186426	0.00173555	0.722638
19	20	0.487179	0.512821	-0.203279	0.0385723	-0.347939
19	21	0.487179	0.538462	-0.180596	-0.00789528	-0.220905
19	22	0.487179	0.564103	-0.200054	0.0481711	0.807926
19	23	0.487179	0.589744	-0.174284	-0.000610182	-1.45092
19	24	0.487179	0.615385	-0.16928	0.0367056	1.81945
19	25	0.487179	0.641026	-0.163974	0.0271243	-2.05752
19	26	0.487179	0.666667	-0.110815	0.00688977	1.75893
19	27	0.487179	0.692308	-0.129613	0.0624866	-1.26725
19	28	0.487179	0.717949	-0.0384855	-0.0224761	0.204587
19	29	0.487179	0.74359	-0.0420485	0.0797476	0.831224
19	30	0.487179	0.769231	0.0334746	-0.0263873	-2.17537
19	31	0.487179	0.794872	0.113075	0.0585637	3.02484
19	32	0.487179	0.820513	0.11871	0.00326622	-3.80821
19	33	0.487179	0.846154	0.316354	0.00716464	3.73614
19	34	0.487179	0.871795	0.268672	0.0406085	-3.47043
19	35	0.487179	0.897436	0.528859	-0.0352176	2.4999
19	36	0.487179	0.923077	0.522547	0.0459756	-1.65045
19	37	0.487179	0.948718	0.741689	-0.0342787	0.654237
19	38	0.487179	0.974359	0.842053	0.0137538	-0.202177
19	39	0.487179	1	1	0	0
20	0	0.512821	0	0	0	-0.0430395
20	1	0.512821	0.025641	-0.0171608	-0.00146367	-0.0430395
20	2	0.512821	0.0512821	-0.0337614	0.00181234	0.0178094
20	3	0.512821	0.0769231	-0.0459473	-0.0023699	-0.137904
20	4	0.512821	0.102564	-0.061661	-0.000191268	0.102475
20	5	0.512821	0.128205	-0.0716604	5.05913e-05	-0.17122
20	6	0.512821	0.153846	-0.0837439	-0.00500245	0.0510477
20	7	0.512821	0.179487	-0.0968595	0.00290224	-0.0282543
20	8	0.512821	0.205128	-0.102164	-0.0082741	-0.167558
20	9	0.512821	0.230769	-0.120383	0.00179668	0.219593
20	10	0.512821	0.25641	-0.121041	-0.00636841	-0.387726
20	11	0.512821	0.282051	-0.139238	-0.00483342	0.343442
20	12	0.512821	0.307692	-0.143376	3.59999e-05	-0.367564
20	13	0.512821	0.333333	-0.152353	-0.013561	0.144321
20	14	0.512821	0.358974	-0.167701	0.00571444	-0.00560151
20	15	0.512821	0.384615	-0.162728	-0.0177257	-0.345388
20	16	0.512821	0.410256	-0.187744	0.00435688	0.516243
20	17	0.512821	0.435897	-0.175263	-0.0120799	-0.80909
20	18	0.512821	0.461538	-0.196239	-0.00646947	0.78835
20	19	0.512821	0.487179	-0.191287	0.00266212	-0.810822
20	20	0.512821	0.512821	-0.190557	-0.0220044	0.428425
20	21	0.512821	0.538462	-0.20405	0.0182932	-0.108887
20	22	0.512821	0.564103	-0.174999	-0.0310915	-0.590762
20	23	0.512821	0.589744	-0.199526	0.0222061	1.05615
20	24	0.512821	0.615385	-0.15584	-0.021882	-1.74446
20	25	0.512821	0.641026	-0.163855	0.00509629	1.91266
20	26	0.512821	0.666667	-0.131152	0.00883295	-2.0972
20	27	0.512821	0.692308	-0.0936188	-0.029286	1.51592
20	28	0.512821	0.717949	-0.0840579	0.047136	-0.88216
20	29	0.512821	0.74359	0.000552928	-0.0591042	-0.509754
20	30	0.512821	0.769231	0.0107165	0.0636288	1.69035
20	31	0.512821	0.794872	0.107101	-0.0546355	-3.27026
20	32	0.512821	0.820513	0.167471	0.0344081	4.08813
20	33	0.512821	0.846154	0.23812	-0.00771637	-4.81067
20	34	0.512821	0.871795	0.374458	-0.0270499	4.40074
20	35	0.512821	0.897436	0.430102	0.0438013	-3.78008
20	36	0.512821	0.923077	0.605455	-0.0645987	2.35012
20	37	0.512821	0.948718	0.69731	0.0437347	-1.27352
20	38	0.512821	0.974359	0.85868	-0.0373437	0.184854
20	39	0.512821	1	1	0	0
21	0	0.538462	0	0	0	-0.0858653
21	1	0.538462	0.025641	-0.0174589	0.000526297	-0.0858653
21	2	0.538462	0.0512821	-0.031525	-0.00215185	-0.12374
21	3	0.538462	0.0769231	-0.0485292	-0.000113966	-0.0263069
21	4	0.538462	0.102564	-0.0574002	-0.0031992	-0.187802
21	5	0.538462	0.128205	-0.0735051	-0.00394832	0.00860617
21	6	0.538462	0.153846	-0.0826466	-0.00306889	-0.175222
21	7	0.538462	0.179487	-0.0925272	-0.00934225	-0.0669703
21	8	0.538462	0.205128	-0.108298	-0.00400531	-0.0445903
21	9	0.538462	0.230769	-0.109075	-0.0132975	-0.234268
21	10	0.538462	0.25641	-0.13123	-0.00847906	0.121563
21	11	0.538462	0.282051	-0.12827	-0.013929	-0.359886
21	12	0.538462	0.307692	-0.14764	-0.0167371	0.162597
21	13	0.538462	0.333333	-0.152519	-0.0122454	-0.290077
21	14	0.538462	0.358974	-0.157418	-0.0258517	-0.0341657
21	15	0.538462	0.384615	-0.178278	-0.0119769	0.0136684
21	16	0.538462	0.410256	-0.165277	-0.030994	-0.411779
21	17	0.538462	0.435897	-0.197029	-0.0173466	0.390502
21	18	0.538462	0.461538	-0.177028	-0.0284033	-0.716655
21	19	0.538462	0.487179	-0.200493	-0.0296895	0.522593
21	20	0.538462	0.512821	-0.193412	-0.0186846	-0.616454
21	21	0.538462	0.538462	-0.186524	-0.0446732	0.124126
21	22	0.538462	0.564103	-0.205824	-0.00862472	0.0568733
21	23	0.538462	0.589744	-0.160565	-0.0523002	-0.787023
21	24	0.538462	0.615385	-0.197513	-0.00930523	1.04961
21	25	0.538462	0.641026	-0.130261	-0.0415526	-1.69791
21	26	0.538462	0.666667	-0.151414	-0.0288345	1.62092
21	27	0.538462	0.692308	-0.0959149	-0.00993551	-1.72472
21	28	0.538462	0.717949	-0.0611484	-0.0615326	0.900725
21	29	0.538462	0.74359	-0.0434625	0.0266305	-0.21954
21	30	0.538462	0.769231	0.0640236	-0.0824675	-1.30499
21	31	0.538462	0.794872	0.0526365	0.0362497	2.36384
21	32	0.538462	0.820513	0.210075	-0.0618224	-3.806
21	33	0.538462	0.846154	0.214199	-0.00157	4.23001
21	34	0.538462	0.871795	0.378952	-0.00165665	-4.53671
21	35	0.538462	0.897436	0.440621	-0.0585636	3.62193
21	36	0.538462	0.923077	0.590266	0.043166	-2.71148
21	37	0.538462	0.948718	0.708942	-0.0671703	1.16728
21	38	0.538462	0.974359	0.854048	0.0169069	-0.460025
21	39	0.538462	1	1	0	0
22	0	0.564103	0	0	0	-0.147809
22	1	0.564103	0.025641	-0.0164296	-0.000710435	-0.147809
22	2	0.564103	0.0512821	-0.0329713	-0.000765568	-0.141973
22	3	0.564103	0.0769231	-0.0434886	-0.00315423	-0.171551
22	4	0.564103	0.102564	-0.0608324	-0.00327392	-0.113795
22	5	0.564103	0.128205	-0.067844	-0.0063035	-0.205492
22	6	0.564103	0.153846	-0.0823684	-0.00802123	-0.0932161
22	7	0.564103	0.179487	-0.0930601	-0.00956436	-0.206601
22	8	0.564103	0.205128	-0.0989524	-0.0144294	-0.124417
22	9	0.564103	0.230769	-0.118086	-0.0136199	-0.143916
22	10	0.564103	0.25641	-0.11525	-0.0209846	-0.214387
22	11	0.564103	0.282051	-0.138723	-0.0198163	-0.0432525
22	12	0.564103	0.307692	-0.136006	-0.0261031	-0.303717
22	13	0.564103	0.333333	-0.151981	-0.0288292	0.0072627
22	14	0.564103	0.358974	-0.161661	-0.0294931	-0.29106
22	15	0.564103	0.384615	-0.15954	-0.0393255	-0.086487
22	16	0.564103	0.410256	-0.18647	-0.0330343	-0.116137
22	17	0.564103	0.435897	-0.167094	-0.0477948	-0.326484
22	18	0.564103	0.461538	-0.200981	-0.0399518	0.145459
22	19	0.564103	0.487179	-0.179725	-0.0503704	-0.555146
22	20	0.564103	0.512821	-0.197641	-0.0519737	0.265121
22	21	0.564103	0.538462	-0.196201	-0.0462123	-0.507721
22	22	0.564103	0.564103	-0.175694	-0.06599	-0.00587117
22	23	0.564103	0.589744	-0.205483	-0.0402938	-0.0177566
22	24	0.564103	0.615385	-0.14164	-0.0731216	-0.680003
22	25	0.564103	0.641026	-0.188291	-0.0421928	0.719377
22	26	0.564103	0.666667	-0.104125	-0.0630682	-1.32676
22	27	0.564103	0.692308	-0.12527	-0.0585494	1.0654
22	28	0.564103	0.717949	-0.0648834	-0.0342299	-1.19187
22	29	0.564103	0.74359	-0.0091811	-0.0819963	0.310212
22	30	0.564103	0.769231	-0.00960334	-0.00348839	0.182868
22	31	0.564103	0.794872	0.148154	-0.0879854	-1.52743
22	32	0.564103	0.820513	0.0934152	-0.000318443	2.16151
22	33	0.564103	0.846154	0.325209	-0.0543822	-3.17799
22	34	0.564103	0.871795	0.276388	-0.0345509	3.06428
22	35	0.564103	0.897436	0.513392	0.00199525	-3.01398
22	36	0.564103	0.923077	0.540508	-0.0660473	1.87643
22	37	0.564103	0.948718	0.730018	0.0228999	-1.1986
22	38	0.564103	0.974359	0.846266	-0.0446982	0.079746
22	39	0.564103	1	1	0	0
23	0	0.589744	0	0	0	-0.208397
23	1	0.589744	0.025641	-0.0163686	-0.00107998	-0.208397
23	2	0.589744	0.0512821	-0.0296261	-0.00131795	-0.191
23	3	0.589744	0.0769231	-0.0458199	-0.00338327	-0.232939
23	4	0.589744	0.102564	-0.0538497	-0.00601297	-0.190355
23	5	0.589744	0.128205	-0.0700137	-0.00684203	-0.212388
23	6	0.589744	0.153846	-0.0773873	-0.0124047	-0.242509
23	7	0.589744	0.179487	-0.0886482	-0.0127491	-0.146318
23	8	0.589744	0.205128	-0.10177	-0.0185554	-0.308287
23	9	0.589744	0.230769	-0.10434	-0.0218436	-0.107051
23	10	0.589744	0.25641	-0.124641	-0.0242414	-0.301886
23	11	0.589744	0.282051	-0.12165	-0.0327866	-0.169711
23	12	0.589744	0.307692	-0.142324	-0.0313458	-0.185048
23	13	0.589744	0.333333	-0.143583	-0.0427209	-0.317958
23	14	0.589744	0.358974	-0.153543	-0.0420538	-0.0357088
23	15	0.589744	0.384615	-0.168476	-0.0496948	-0.423485
23	16	0.589744	0.410256	-0.161056	-0.0561433	-0.00765598
23	17	0.589744	0.435897	-0.1897	-0.0548251	-0.344633
23	18	0.589744	0.461538	-0.169823	-0.0698609	-0.190483
23	19	0.589744	0.487179	-0.198654	-0.0618241	-0.0786127
23	20	0.589744	0.512821	-0.182828	-0.0779188	-0.482974
23	21	0.589744	0.538462	-0.189412	-0.0735503	0.172415
23	22	0.589744	0.564103	-0.19655	-0.0777304	-0.613937
23	23	0.589744	0.589744	-0.162185	-0.0879078	0.122559
23	24	0.589744	0.615385	-0.198123	-0.0727567	-0.352081
23	25	0.589744	0.641026	-0.123456	-0.0966659	-0.328633
23	26	0.589744	0.666667	-0.167022	-0.0712318	0.215444
23	27	0.589744	0.692308	-0.0816328	-0.0899757	-0.879343
23	28	0.589744	0.717949	-0.0837227	-0.0787206	0.596435
23	29	0.589744	0.74359	-0.0375512	-0.0662032	-0.934967
23	30	0.589744	0.769231	0.0567788	-0.0886667	0.23959
23	31	0.589744	0.794872	0.0275586	-0.0398335	-0.161489
23	32	0.589744	0.820513	0.237264	-0.082419	-0.795057
23	33	0.589744	0.846154	0.153945	-0.0329263	0.910282
23	34	0.589744	0.871795	0.429935	-0.0490438	-1.5675
23	35	0.589744	0.897436	0.376262	-0.0462381	1.1605
23	36	0.589744	0.923077	0.626557	-0.0109996	-1.20569
23	37	0.589744	0.948718	0.679164	-0.046713	0.348946
23	38	0.589744	0.974359	0.859099	-0.0105904	-0.357043
23	39	0.589744	1	1	0	0
24	0	0.615385	0	0	0	-0.25531
24	1	0.615385	0.025641	-0.0151004	2.03464e-05	-0.25531
24	2	0.615385	0.0512821	-0.02984	-0.00326231	-0.299974
24	3	0.615385	0.0769231	-0.0405042	-0.00348887	-0.207643
24	4	0.615385	0.102564	-0.055412	-0.00646231	-0.337255
24	5	0.615385	0.128205	-0.0629059	-0.0115398	-0.222352
24	6	0.615385	0.153846	-0.0763771	-0.0109618	-0.271541
24	7	0.615385	0.179487	-0.0851601	-0.0207881	-0.339849
24	8	0.615385	0.205128	-0.0935361	-0.0194879	-0.133963
24	9	0.615385	0.230769	-0.107396	-0.028449	-0.462219
24	10	0.615385	0.25641	-0.109613	-0.0329117	-0.0677388
24	11	0.615385	0.282051	-0.127472	-0.0349839	-0.438852
24	12	0.615385	0.307692	-0.127719	-0.0485344	-0.189051
24	13	0.615385	0.333333	-0.143208	-0.0438881	-0.225613
24	14	0.615385	0.358974	-0.148926	-0.0618639	-0.449377
24	15	0.615385	0.384615	-0.154449	-0.0583798	0.0355629
24	16	0.615385	0.410256	-0.170721	-0.0703972	-0.637773
24	17	0.615385	0.435897	-0.163339	-0.0777929	0.106933
24	18	0.615385	0.461538	-0.187328	-0.075988	-0.542715
24	19	0.615385	0.487179	-0.172741	-0.0968541	-0.144788
24	20	0.615385	0.512821	-0.191897	-0.0834918	-0.14939
24	21	0.615385	0.538462	-0.183393	-0.108688	-0.599577
24	22	0.615385	0.564103	-0.179573	-0.0964808	0.294951
24	23	0.615385	0.589744	-0.190368	-0.109545	-0.920865
24	24	0.615385	0.615385	-0.150106	-0.113097	0.424592
24	25	0.615385	0.641026	-0.180417	-0.101873	-0.784633
24	26	0.615385	0.666667	-0.108449	-0.125211	0.0341696
24	27	0.615385	0.692308	-0.133686	-0.0930065	-0.161598
24	28	0.615385	0.717949	-0.0609409	-0.122625	-0.69982
24	29	0.615385	0.74359	-0.032846	-0.0891052	0.575051
24	30	0.615385	0.769231	-0.00476432	-0.101456	-1.27309
24	31	0.615385	0.794872	0.123322	-0.0880881	0.894755
24	32	0.615385	0.820513	0.0849972	-0.0706483	-1.25956
24	33	0.615385	0.846154	0.31439	-0.0795656	0.605866
24	34	0.615385	0.871795	0.251269	-0.0462248	-0.77056
24	35	0.615385	0.897436	0.514943	-0.0573127	0.0911505
24	36	0.615385	0.923077	0.515524	-0.0336816	-0.34906
24	37	0.615385	0.948718	0.729673	-0.0326653	-0.171828
24	38	0.615385	0.974359	0.838191	-0.028225	-0.268747
24	39	0.615385	1	1	0	0
25	0	0.641026	0	0	0	-0.32905
25	1	0.641026	0.025641	-0.0143495	-0.0021354	-0.32905
25	2	0.641026	0.0512821	-0.0270072	-0.00093427	-0.279537
25	3	0.641026	0.0769231	-0.0399138	-0.005994	-0.408065
25	4	0.641026	0.102564	-0.0495786	-0.00807679	-0.231125
25	5	0.641026	0.128205	-0.0619749	-0.00995964	-0.410452
25	6	0.641026	0.153846	-0.0700685	-0.0191879	-0.306609
25	7	0.641026	0.179487	-0.080992	-0.0167636	-0.27194
25	8	0.641026	0.205128	-0.0899925	-0.0299657	-0.485875
25	9	0.641026	0.230769	-0.0979384	-0.0294495	-0.100106
25	10	0.641026	0.25641	-0.109481	-0.0383218	-0.598572
25	11	0.641026	0.282051	-0.114356	-0.0474876	-0.0862219
25	12	0.641026	0.307692	-0.127621	-0.0465167	-0.48378
25	13	0.641026	0.333333	-0.131641	-0.0664142	-0.314969
25	14	0.641026	0.358974	-0.143296	-0.0592114	-0.163989
25	15	0.641026	0.384615	-0.150074	-0.0812228	-0.651325
25	16	0.641026	0.410256	-0.155889	-0.0790816	0.132531
25	17	0.641026	0.435897	-0.167937	-0.0904142	-0.815989
25	18	0.641026	0.461538	-0.165599	-0.10374	0.131613
25	19	0.641026	0.487179	-0.181164	-0.0972024	-0.597646
25	20	0.641026	0.512821	-0.173136	-0.126341	-0.266532
25	21	0.641026	0.538462	-0.184066	-0.106978	-0.0398263
25	22	0.641026	0.564103	-0.178058	-0.139264	-0.87006
25	23	0.641026	0.589744	-0.171327	-0.122977	0.535002
25	24	0.641026	0.615385	-0.175508	-0.138385	-1.26778
25	25	0.641026	0.641026	-0.140658	-0.142835	0.689058
25	26	0.641026	0.666667	-0.153426	-0.125597	-1.06307
25	27	0.641026	0.692308	-0.0940879	-0.157864	0.142071
25	28	0.641026	0.717949	-0.0942502	-0.108322	-0.156863
25	29	0.641026	0.74359	-0.0343031	-0.156119	-0.982827
25	30	0.641026	0.769231	0.0164345	-0.0955276	1.08323
25	31	0.641026	0.794872	0.0460181	-0.129647	-2.10894
25	32	0.641026	0.820513	0.178539	-0.090985	1.94202
25	33	0.641026	0.846154	0.173918	-0.0833247	-2.50378
25	34	0.641026	0.871795	0.375598	-0.0878256	1.82775
25	35	0.641026	0.897436	0.38329	-0.0372759	-1.87286
25	36	0.641026	0.923077	0.593591	-0.0725556	0.844277
25	37	0.641026	0.948718	0.67435	-0.0150903	-0.773129
25	38	0.641026	0.974359	0.849221	-0.0450849	-0.146466
25	39	0.641026	1	1	0	0
26	0	0.666667	0	0	0	-0.371257
26	1	0.666667	0.025641	-0.0131833	6.46218e-05	-0.371257
26	2	0.666667	0.0512821	-0.0250881	-0.00447174	-0.429888
26	3	0.666667	0.0769231	-0.0365388	-0.00419542	-0.301421
26	4	0.666667	0.102564	-0.0467649	-0.00899643	-0.494751
26	5	0.666667	0.128205	-0.0565626	-0.0147092	-0.298515
26	6	0.666667	0.153846	-0.0664664	-0.0147766	-0.430561
26	7	0.666667	0.179487	-0.0743899	-0.027575	-0.438052
26	8	0.666667	0.205128	-0.084756	-0.0253538	-0.248568
26	9	0.666667	0.230769	-0.0914611	-0.0389595	-0.620371
26	10	0.666667	0.25641	-0.101597	-0.0425361	-0.116126
26	11	0.666667	0.282051	-0.108924	-0.0486693	-0.652181
26	12	0.666667	0.307692	-0.117015	-0.0638768	-0.202619
26	13	0.666667	0.333333	-0.126811	-0.0604107	-0.434685
26	14	0.666667	0.358974	-0.1317	-0.0842286	-0.505428
26	15	0.666667	0.384615	-0.143651	-0.0784222	-0.0811134
26	16	0.666667	0.410256	-0.14668	-0.0997005	-0.816445
26	17	0.666667	0.435897	-0.157094	-0.103505	0.14241
26	18	0.666667	0.461538	-0.161812	-0.110468	-0.86039
26	19	0.666667	0.487179	-0.16538	-0.131547	0.00489059
26	20	0.666667	0.512821	-0.174148	-0.120376	-0.497396
26	21	0.666667	0.538462	-0.16824	-0.155178	-0.509762
26	22	0.666667	0.564103	-0.177652	-0.134072	0.148494
26	23	0.666667	0.589744	-0.165525	-0.167065	-1.14189
26	24	0.666667	0.615385	-0.165057	-0.153567	0.705626
26	25	0.666667	0.641026	-0.153662	-0.163176	-1.44643
26	26	0.666667	0.666667	-0.131047	-0.175484	0.713319
26	27	0.666667	0.692308	-0.12267	-0.145301	-1.01351
26	28	0.666667	0.717949	-0.0740693	-0.189773	-0.112048
26	29	0.666667	0.74359	-0.057337	-0.122058	0.232248
26	30	0.666667	0.769231	0.00686917	-0.181784	-1.57979
26	31	0.666667	0.794872	0.0562342	-0.105821	1.78787
26	32	0.666667	0.820513	0.120783	-0.14093	-2.8994
26	33	0.666667	0.846154	0.222584	-0.102726	2.66494
26	34	0.666667	0.871795	0.289104	-0.0756006	-3.06681
26	35	0.666667	0.897436	0.435785	-0.100611	2.09489
26	36	0.666667	0.923077	0.530344	-0.0207921	-1.85019
26	37	0.666667	0.948718	0.692104	-0.0746635	0.552581
26	38	0.666667	0.974359	0.834559	-0.0177853	-0.516624
26	39	0.666667	1	1	0	0
27	0	0.692308	0	0	0	-0.446639
27	1	0.692308	0.025641	-0.0117549	-0.00220286	-0.446639
27	2	0.692308	0.0512821	-0.0233709	-0.00155751	-0.405275
27	3	0.692308	0.0769231	-0.0323943	-0.00706243	-0.520862
27	4	0.692308	0.102564	-0.043729	-0.00949125	-0.356596
27	5	0.692308	0.128205	-0.0512613	-0.0129423	-0.535355
27	6	0.692308	0.153846	-0.0607483	-0.0221137	-0.411424
27	7	0.692308	0.179487	-0.0697776	-0.0219157	-0.423368
27	8	0.692308	0.205128	-0.0754962	-0.0356595	-0.566191
27	9	0.692308	0.230769	-0.0875705	-0.036706	-0.264679
27	10	0.692308	0.25641	-0.0903328	-0.0480695	-0.683248
27	11	0.692308	0.282051	-0.103215	-0.0571942	-0.221004
27	12	0.692308	0.307692	-0.107263	-0.0608641	-0.618364
27	13	0.692308	0.333333	-0.116095	-0.0799741	-0.381018
27	14	0.692308	0.358974	-0.126018	-0.0776473	-0.364071
27	15	0.692308	0.384615	-0.12762	-0.100896	-0.663221
27	16	0.692308	0.410256	-0.143582	-0.100815	-0.0789813
27	17	0.692308	0.435897	-0.140276	-0.117972	-0.858028
27	18	0.692308	0.461538	-0.155871	-0.129252	0.0138599
27	19	0.692308	0.487179	-0.154904	-0.132306	-0.767282
27	20	0.692308	0.512821	-0.160374	-0.158295	-0.223056
27	21	0.692308	0.538462	-0.16823	-0.146929	-0.341553
27	22	0.692308	0.564103	-0.157314	-0.18129	-0.7337
27	23	0.692308	0.589744	-0.172536	-0.164747	0.252304
27	24	0.692308	0.615385	-0.147776	-0.191681	-1.24482
27	25	0.692308	0.641026	-0.15797	-0.186201	0.654995
27	26	0.692308	0.666667	-0.129749	-0.185569	-1.34324
27	27	0.692308	0.692308	-0.116226	-0.206587	0.450586
27	28	0.692308	0.717949	-0.094832	-0.164929	-0.68078
27	29	0.692308	0.74359	-0.0428275	-0.214089	-0.562188
27	30	0.692308	0.769231	-0.0279377	-0.139601	0.702505
27	31	0.692308	0.794872	0.0647177	-0.192548	-2.03837
27	32	0.692308	0.820513	0.0890973	-0.122792	2.12252
27	33	0.692308	0.846154	0.21248	-0.134194	-3.01724
27	34	0.692308	0.871795	0.27046	-0.116733	2.49333
27	35	0.692308	0.897436	0.412606	-0.0590256	-2.58134
27	36	0.692308	0.923077	0.519315	-0.101048	1.36357
27	37	0.692308	0.948718	0.675709	-0.0147215	-1.08114
27	38	0.692308	0.974359	0.827988	-0.0597809	-0.117209
27	39	0.692308	1	1	0	0
28	0	0.717949	0	0	0	-0.496256
28	1	0.717949	0.025641	-0.010737	-0.000568523	-0.496256
28	2	0.717949	0.0512821	-0.0197802	-0.0041541	-0.531572
28	3	0.717949	0.0769231	-0.030961	-0.00532405	-0.458444
28	4	0.717949	0.102564	-0.0370809	-0.010259	-0.57573
28	5	0.717949	0.128205	-0.0481254	-0.0156766	-0.453137
28	6	0.717949	0.153846	-0.0542927	-0.0187151	-0.546257
28	7	0.717949	0.179487	-0.0618294	-0.0291884	-0.529496
28	8	0.717949	0.205128	-0.0719638	-0.0314341	-0.443668
28	9	0.717949	0.230769	-0.0740416	-0.0435282	-0.635987
28	10	0.717949	0.25641	-0.088392	-0.0494345	-0.35868
28	11	0.717949	0.282051	-0.0879798	-0.0584581	-0.666039
28	12	0.717949	0.307692	-0.101506	-0.0714096	-0.386192
28	13	0.717949	0.333333	-0.10541	-0.0757902	-0.560232
28	14	0.717949	0.358974	-0.111365	-0.0946579	-0.534429
28	15	0.717949	0.384615	-0.124662	-0.0975271	-0.364419
28	16	0.717949	0.410256	-0.120773	-0.116966	-0.709834
28	17	0.717949	0.435897	-0.141159	-0.12406	-0.202942
28	18	0.717949	0.461538	-0.133089	-0.137594	-0.775674
28	19	0.717949	0.487179	-0.150263	-0.153565	-0.203554
28	20	0.717949	0.512821	-0.148763	-0.157041	-0.630636
28	21	0.717949	0.538462	-0.150172	-0.182232	-0.424255
28	22	0.717949	0.564103	-0.163016	-0.176428	-0.272326
28	23	0.717949	0.589744	-0.142377	-0.204665	-0.798745
28	24	0.717949	0.615385	-0.16609	-0.196714	0.158482
28	25	0.717949	0.641026	-0.129058	-0.214836	-1.10848
28	26	0.717949	0.666667	-0.146047	-0.216896	0.376906
28	27	0.717949	0.692308	-0.108875	-0.208668	-1.02969
28	28	0.717949	0.717949	-0.0927245	-0.230965	0.0669601
28	29	0.717949	0.74359	-0.0729667	-0.187937	-0.327457
28	30	0.717949	0.769231	-0.00061187	-0.226223	-0.847384
28	31	0.717949	0.794872	-0.00262334	-0.161801	0.829577
28	32	0.717949	0.820513	0.131647	-0.188593	-1.91468
28	33	0.717949	0.846154	0.128474	-0.139982	1.71239
28	34	0.717949	0.871795	0.305965	-0.11876	-2.26663
28	35	0.717949	0.897436	0.342941	-0.118491	1.49781
28	36	0.717949	0.923077	0.531233	-0.0484113	-1.47095
28	37	0.717949	0.948718	0.641912	-0.0791447	0.352658
28	38	0.717949	0.974359	0.82454	-0.0277473	-0.481998
28	39	0.717949	1	1	0	0
29	0	0.74359	0	0	0	-0.564398
29	1	0.74359	0.025641	-0.00899511	-0.00153616	-0.564398
29	2	0.74359	0.0512821	-0.0186722	-0.00272448	-0.556868
29	3	0.74359	0.0769231	-0.0249137	-0.00659332	-0.591874
29	4	0.74359	0.102564	-0.0357669	-0.0101325	-0.545551
29	5	0.74359	0.128205	-0.0400512	-0.014806	-0.60151
29	6	0.74359	0.153846	-0.0495065	-0.0216045	-0.561191
29	7	0.74359	0.179487	-0.0560603	-0.0264504	-0.573122
29	8	0.74359	0.205128	-0.0603681	-0.0358012	-0.603407
29	9	0.74359	0.230769	-0.0722252	-0.0421397	-0.528995
29	10	0.74359	0.25641	-0.0712536	-0.0521149	-0.634955
29	11	0.74359	0.282051	-0.0861316	-0.0616354	-0.510068
29	12	0.74359	0.307692	-0.0852712	-0.0709213	-0.621614
29	13	0.74359	0.333333	-0.0962746	-0.0839945	-0.535384
29	14	0.74359	0.358974	-0.102918	-0.0927998	-0.561141
29	15	0.74359	0.384615	-0.104056	-0.108294	-0.590955
29	16	0.74359	0.410256	-0.121071	-0.117822	-0.477836
29	17	0.74359	0.435897	-0.113123	-0.133776	-0.644644
29	18	0.74359	0.461538	-0.134705	-0.145512	-0.407448
29	19	0.74359	0.487179	-0.126395	-0.159419	-0.655445
29	20	0.74359	0.512821	-0.140044	-0.174844	-0.394618
29	21	0.74359	0.538462	-0.142878	-0.183936	-0.574955
29	22	0.74359	0.564103	-0.136681	-0.203497	-0.482483
29	23	0.74359	0.589744	-0.15613	-0.206415	-0.375292
29	24	0.74359	0.615385	-0.127014	-0.226926	-0.663564
29	25	0.74359	0.641026	-0.155118	-0.226361	-0.11389
29	26	0.74359	0.666667	-0.113216	-0.238898	-0.817415
29	27	0.74359	0.692308	-0.12719	-0.241745	0.0295282
29	28	0.74359	0.717949	-0.0928229	-0.234466	-0.728727
29	29	0.74359	0.74359	-0.0620396	-0.24592	-0.154091
29	30	0.74359	0.769231	-0.0537063	-0.2138	-0.261378
29	31	0.74359	0.794872	0.0453527	-0.227393	-0.668888
29	32	0.74359	0.820513	0.0293798	-0.182521	0.395268
29	33	0.74359	0.846154	0.195615	-0.177523	-1.14396
29	34	0.74359	0.871795	0.190271	-0.145228	0.716066
29	35	0.74359	0.897436	0.392111	-0.105698	-1.08199
29	36	0.74359	0.923077	0.451993	-0.0992154	0.354879
29	37	0.74359	0.948718	0.651636	-0.0458757	-0.54064
29	38	0.74359	0.974359	0.80289	-0.0524951	-0.263436
29	39	0.74359	1	1	0	0
30	0	0.769231	0	0	0	-0.62673
30	1	0.769231	0.025641	-0.00799993	-0.00130824	-0.62673
30	2	0.769231	0.0512821	-0.0147948	-0.00294439	-0.626304
30	3	0.769231	0.0769231	-0.0238906	-0.00616745	-0.640933
30	4	0.769231	0.102564	-0.0280987	-0.00998892	-0.626996
30	5	0.769231	0.128205	-0.0376638	-0.0148265	-0.646999
30	6	0.769231	0.153846	-0.0416442	-0.020889	-0.63418
30	7	0.769231	0.179487	-0.0483578	-0.0269366	-0.638157
30	8	0.769231	0.205128	-0.0559961	-0.0351648	-0.651601
30	9	0.769231	0.230769	-0.0574651	-0.0426434	-0.617323
30	10	0.769231	0.25641	-0.0696656	-0.0522714	-0.666787
30	11	0.769231	0.282051	-0.0679759	-0.0621218	-0.605345
30	12	0.769231	0.307692	-0.0806282	-0.0720584	-0.653736
30	13	0.769231	0.333333	-0.0819053	-0.0848915	-0.623989
30	14	0.769231	0.358974	-0.0886221	-0.0950964	-0.602815
30	15	0.769231	0.384615	-0.0983769	-0.1098	-0.661371
30	16	0.769231	0.410256	-0.0959187	-0.121974	-0.547656
30	17	0.769231	0.435897	-0.113818	-0.135971	-0.66506
30	18	0.769231	0.461538	-0.105766	-0.151958	-0.544288
30	19	0.769231	0.487179	-0.124096	-0.163594	-0.589809
30	20	0.769231	0.512821	-0.119669	-0.182504	-0.607072
30	21	0.769231	0.538462	-0.12694	-0.193185	-0.460387
30	22	0.769231	0.564103	-0.135159	-0.210417	-0.667658
30	23	0.769231	0.589744	-0.122887	-0.223473	-0.373945
30	24	0.769231	0.615385	-0.145029	-0.233496	-0.618313
30	25	0.769231	0.641026	-0.114071	-0.249776	-0.416127
30	26	0.769231	0.666667	-0.138388	-0.250576	-0.41891
30	27	0.769231	0.692308	-0.10116	-0.264756	-0.560266
30	28	0.769231	0.717949	-0.103387	-0.259226	-0.163976
30	29	0.769231	0.74359	-0.0786404	-0.261536	-0.662342
30	30	0.769231	0.769231	-0.0305239	-0.253213	-0.0166584
30	31	0.769231	0.794872	-0.0291793	-0.236899	-0.593512
30	32	0.769231	0.820513	0.0858516	-0.22374	-0.0435541
30	33	0.769231	0.846154	0.0788066	-0.191852	-0.397343
30	34	0.769231	0.871795	0.250947	-0.167225	-0.135077
30	35	0.769231	0.897436	0.281705	-0.130632	-0.261392
30	36	0.769231	0.923077	0.478875	-0.0964192	-0.171937
30	37	0.769231	0.948718	0.595916	-0.0653859	-0.262246
30	38	0.769231	0.974359	0.798464	-0.0461662	-0.280331
30	39	0.769231	1	1	0	0
31	0	0.794872	0	0	0	-0.686952
31	1	0.794872	0.025641	-0.00643573	-0.000725478	-0.686952
31	2	0.794872	0.0512821	-0.0134716	-0.00343682	-0.709657
31	3	0.794872	0.0769231	-0.0184459	-0.00516727	-0.667505
31	4	0.794872	0.102564	-0.0263703	-0.00965248	-0.739163
31	5	0.794872	0.128205	-0.029805	-0.0145396	-0.663129
31	6	0.794872	0.153846	-0.0370694	-0.0188906	-0.727772
31	7	0.794872	0.179487	-0.0415095	-0.0277305	-0.706229
31	8	0.794872	0.205128	-0.0456615	-0.0321227	-0.666167
31	9	0.794872	0.230769	-0.0533941	-0.0432765	-0.776203
31	10	0.794872	0.25641	-0.0539465	-0.0503109	-0.60316
31	11	0.794872	0.282051	-0.0641648	-0.0605477	-0.803364
31	12	0.794872	0.307692	-0.0640591	-0.0730753	-0.611388
31	13	0.794872	0.333333	-0.072869	-0.0806282	-0.730288
31	14	0.794872	0.358974	-0.0767372	-0.0984494	-0.711924
31	15	0.794872	0.384615	-0.0801314	-0.105548	-0.582338
31	16	0.794872	0.410256	-0.0905949	-0.124325	-0.829205
31	17	0.794872	0.435897	-0.0879472	-0.136144	-0.470764
31	18	0.794872	0.461538	-0.102851	-0.150351	-0.835844
31	19	0.794872	0.487179	-0.0982368	-0.170447	-0.505688
31	20	0.794872	0.512821	-0.110876	-0.178225	-0.664019
31	21	0.794872	0.538462	-0.111119	-0.204211	-0.68672
31	22	0.794872	0.564103	-0.113445	-0.209626	-0.38607
31	23	0.794872	0.589744	-0.123589	-0.233188	-0.872771
31	24	0.794872	0.615385	-0.110889	-0.243242	-0.18304
31	25	0.794872	0.641026	-0.129024	-0.254947	-0.87068
31	26	0.794872	0.666667	-0.103851	-0.273247	-0.21587
31	27	0.794872	0.692308	-0.117948	-0.268363	-0.579264
31	28	0.794872	0.717949	-0.090347	-0.290385	-0.499373
31	29	0.794872	0.74359	-0.0799262	-0.271105	-0.0752981
31	30	0.794872	0.769231	-0.0608587	-0.28486	-0.877754
31	31	0.794872	0.794872	-0.00504932	-0.257625	0.422756
31	32	0.794872	0.820513	0.00694269	-0.249478	-1.11703
31	33	0.794872	0.846154	0.117568	-0.220605	0.675294
31	34	0.794872	0.871795	0.148347	-0.18341	-1.04486
31	35	0.794872	0.897436	0.305696	-0.157374	0.543249
31	36	0.794872	0.923077	0.399243	-0.0998957	-0.675725
31	37	0.794872	0.948718	0.58975	-0.0803365	0.100033
31	38	0.794872	0.974359	0.772394	-0.0400703	-0.347095
31	39	0.794872	1	1	0	0
32	0	0.820513	0	0	0	-0.758351
32	1	0.820513	0.025641	-0.00542036	-0.00152684	-0.758351
32	2	0.820513	0.0512821	-0.0106217	-0.00164271	-0.736711
32	3	0.820513	0.0769231	-0.0164824	-0.00584747	-0.804441
32	4	0.820513	0.102564	-0.0205401	-0.00825252	-0.70625
32	5	0.820513	0.128205	-0.0264619	-0.0125389	-0.824264
32	6	0.820513	0.153846	-0.0298762	-0.0196498	-0.728538
32	7	0.820513	0.179487	-0.0348456	-0.0225524	-0.769516
32	8	0.820513	0.205128	-0.039126	-0.0339595	-0.817823
32	9	0.820513	0.230769	-0.0422241	-0.0376418	-0.667737
32	10	0.820513	0.25641	-0.0481864	-0.0495207	-0.904429
32	11	0.820513	0.282051	-0.0498143	-0.0584246	-0.61504
32	12	0.820513	0.307692	-0.0566141	-0.0666921	-0.886266
32	13	0.820513	0.333333	-0.058622	-0.0832611	-0.689885
32	14	0.820513	0.358974	-0.0642997	-0.0879182	-0.730415
32	15	0.820513	0.384615	-0.0688102	-0.109253	-0.86163
32	16	0.820513	0.410256	-0.071746	-0.115632	-0.529276
32	17	0.820513	0.435897	-0.0795956	-0.134685	-0.986926
32	18	0.820513	0.461538	-0.07979	-0.149688	-0.445331
32	19	0.820513	0.487179	-0.0895653	-0.160639	-0.914591
32	20	0.820513	0.512821	-0.0890484	-0.186608	-0.578016
32	21	0.820513	0.538462	-0.0971684	-0.19005	-0.618717
32	22	0.820513	0.564103	-0.0991635	-0.221288	-0.860702
32	23	0.820513	0.589744	-0.101147	-0.224678	-0.247804
32	24	0.820513	0.615385	-0.107827	-0.249634	-1.07661
32	25	0.820513	0.641026	-0.10061	-0.262141	-0.0438282
32	26	0.820513	0.666667	-0.110018	-0.26981	-0.990536
32	27	0.820513	0.692308	-0.0941273	-0.294858	-0.184126
32	28	0.820513	0.717949	-0.0980297	-0.281036	-0.509632
32	29	0.820513	0.74359	-0.0769472	-0.311254	-0.648334
32	30	0.820513	0.769231	-0.061797	-0.280795	0.226843
32	31	0.820513	0.794872	-0.0361653	-0.298506	-1.18987
32	32	0.820513	0.820513	0.0125107	-0.262546	0.879573
32	33	0.820513	0.846154	0.0540593	-0.24696	-1.43977
32	34	0.820513	0.871795	0.147378	-0.216573	1.06551
32	35	0.820513	0.897436	0.232564	-0.158966	-1.14426
32	36	0.820513	0.923077	0.37953	-0.138351	0.631548
32	37	0.820513	0.948718	0.54091	-0.0636217	-0.494162
32	38	0.820513	0.974359	0.752707	-0.0536086	-0.0815443
32	39	0.820513	1	1	0	0
33	0	0.846154	0	0	0	-0.816235
33	1	0.846154	0.025641	-0.00440311	-0.000165982	-0.816235
33	2	0.846154	0.0512821	-0.00883912	-0.00295405	-0.846258
33	3	0.846154	0.0769231	-0.0132594	-0.00332926	-0.780301
33	4	0.846154	0.102564	-0.0173074	-0.0077136	-0.891954
33	5	0.846154	0.128205	-0.0210728	-0.0117565	-0.765946
33	6	0.846154	0.153846	-0.0248963	-0.0148693	-0.878803
33	7	0.846154	0.179487	-0.0279617	-0.0241794	-0.827432
33	8	0.846154	0.205128	-0.0317669	-0.0261755	-0.786744
33	9	0.846154	0.230769	-0.0344908	-0.0383827	-0.936904
33	10	0.846154	0.25641	-0.0381881	-0.0432011	-0.686879
33	11	0.846154	0.282051	-0.0411907	-0.0534628	-0.991345
33	12	0.846154	0.307692	-0.0444448	-0.0654962	-0.686932
33	13	0.846154	0.333333	-0.0483457	-0.0710324	-0.90376
33	14	0.846154	0.358974	-0.0509453	-0.0905048	-0.824565
33	15	0.846154	0.384615	-0.055845	-0.0940639	-0.698553
33	16	0.846154	0.410256	-0.0582403	-0.115574	-1.00799
33	17	0.846154	0.435897	-0.0632594	-0.124236	-0.517013
33	18	0.846154	0.461538	-0.0666757	-0.140309	-1.06832
33	19	0.846154	0.487179	-0.0702601	-0.160048	-0.515508
33	20	0.846154	0.512821	-0.0758312	-0.167083	-0.890424
33	21	0.846154	0.538462	-0.0769924	-0.197246	-0.733156
33	22	0.846154	0.564103	-0.0842582	-0.199071	-0.5192
33	23	0.846154	0.589744	-0.0837167	-0.23109	-1.03299
33	24	0.846154	0.615385	-0.0898042	-0.237112	-0.157146
33	25	0.846154	0.641026	-0.0895956	-0.258543	-1.16558
33	26	0.846154	0.666667	-0.0901012	-0.277284	-0.0487259
33	27	0.846154	0.692308	-0.0913353	-0.278638	-0.920078
33	28	0.846154	0.717949	-0.0820793	-0.310278	-0.318473
33	29	0.846154	0.74359	-0.0821419	-0.290544	-0.27699
33	30	0.846154	0.769231	-0.0592936	-0.322588	-0.853382
33	31	0.846154	0.794872	-0.0499371	-0.29	0.523999
33	32	0.846154	0.820513	-0.006775	-0.299402	-1.30817
33	33	0.846154	0.846154	0.0273325	-0.266016	1.06142
33	34	0.846154	0.871795	0.105599	-0.230675	-1.28855
33	35	0.846154	0.897436	0.189414	-0.202912	0.982441
33	36	0.846154	0.923077	0.328285	-0.124744	-0.714479
33	37	0.846154	0.948718	0.496042	-0.0995129	0.366048
33	38	0.846154	0.974359	0.723408	-0.0327512	-0.174572
33	39	0.846154	1	1	0	0
34	0	0.871795	0	0	0	-0.888592
34	1	0.871795	0.025641	-0.00357172	-0.000993517	-0.888592
34	2	0.871795	0.0512821	-0.00752835	-0.000562086	-0.869078
34	3	0.871795	0.0769231	-0.0104079	-0.00397851	-0.931522
34	4	0.871795	0.102564	-0.014424	-0.00534948	-0.837288
34	5	0.871795	0.128205	-0.01652	-0.00895557	-0.956606
34	6	0.871795	0.153846	-0.0198282	-0.0147799	-0.853351
34	7	0.871795	0.179487	-0.0223956	-0.0169096	-0.910942
34	8	0.871795	0.205128	-0.0241297	-0.0270618	-0.937046
34	9	0.871795	0.230769	-0.0281002	-0.0295417	-0.813776
34	10	0.871795	0.25641	-0.028371	-0.0404636	-1.02646
34	11	0.871795	0.282051	-0.0331771	-0.0475443	-0.753727
34	12	0.871795	0.307692	-0.0336479	-0.0552109	-1.024
34	13	0.871795	0.333333	-0.037354	-0.0695604	-0.809
34	14	0.871795	0.358974	-0.0402864	-0.073566	-0.890032
34	15	0.871795	0.384615	-0.0412514	-0.0930913	-0.96266
34	16	0.871795	0.410256	-0.0474627	-0.0979896	-0.696342
34	17	0.871795	0.435897	-0.0462718	-0.116626	-1.09411
34	18	0.871795	0.461538	-0.0537837	-0.128944	-0.584972
34	19	0.871795	0.487179	-0.0535558	-0.141081	-1.06217
34	20	0.871795	0.512821	-0.0584909	-0.164132	-0.659695
34	21	0.871795	0.538462	-0.0628042	-0.169257	-0.8171
34	22	0.871795	0.564103	-0.0622101	-0.19965	-0.892227
34	23	0.871795	0.589744	-0.071933	-0.203617	-0.456973
34	24	0.871795	0.615385	-0.0663814	-0.232029	-1.11314
34	25	0.871795	0.641026	-0.0778035	-0.24368	-0.185276
34	26	0.871795	0.666667	-0.0715601	-0.25957	-1.10007
34	27	0.871795	0.692308	-0.0772336	-0.284259	-0.188518
34	28	0.871795	0.717949	-0.0754205	-0.281842	-0.719312
34	29	0.871795	0.74359	-0.0667922	-0.315091	-0.496033
34	30	0.871795	0.769231	-0.0705553	-0.296851	-0.045536
34	31	0.871795	0.794872	-0.0398014	-0.321869	-0.905465
34	32	0.871795	0.820513	-0.0405444	-0.296152	0.622595
34	33	0.871795	0.846154	0.020993	-0.288715	-1.05929
34	34	0.871795	0.871795	0.0481949	-0.260826	0.912209
34	35	0.871795	0.897436	0.156871	-0.204442	-0.716153
34	36	0.871795	0.923077	0.258588	-0.169272	0.668016
34	37	0.871795	0.948718	0.448832	-0.0822936	-0.120038
34	38	0.871795	0.974359	0.681883	-0.0423153	0.160525
34	39	0.871795	1	1	0	0
35	0	0.897436	0	0	0	-0.949109
35	1	0.897436	0.025641	-0.0032509	0.000202957	-0.949109
35	2	0.897436	0.0512821	-0.00588061	-0.00129335	-0.966889
35	3	0.897436	0.0769231	-0.00937516	-0.00128289	-0.927215
35	4	0.897436	0.102564	-0.0104801	-0.00438359	-1.00179
35	5	0.897436	0.128205	-0.0139577	-0.00706411	-0.915629
35	6	0.897436	0.153846	-0.0147563	-0.00978317	-1.00192
35	7	0.897436	0.179487	-0.0169377	-0.0164365	-0.953517
35	8	0.897436	0.205128	-0.0193296	-0.0185111	-0.946147
35	9	0.897436	0.230769	-0.0191153	-0.0277216	-1.02826
35	10	0.897436	0.25641	-0.0237007	-0.0316186	-0.876057
35	11	0.897436	0.282051	-0.0219343	-0.0401293	-1.07366
35	12	0.897436	0.307692	-0.0269337	-0.048943	-0.863291
35	13	0.897436	0.333333	-0.0264978	-0.0546341	-1.02758
35	14	0.897436	0.358974	-0.0288734	-0.0689733	-0.939966
35	15	0.897436	0.384615	-0.032565	-0.0732672	-0.895144
35	16	0.897436	0.410256	-0.0307581	-0.0900804	-1.05681
35	17	0.897436	0.435897	-0.0385594	-0.097465	-0.757885
35	18	0.897436	0.461538	-0.0345417	-0.111995	-1.10896
35	19	0.897436	0.487179	-0.0427696	-0.126832	-0.717296
35	20	0.897436	0.512821	-0.0413783	-0.136245	-1.01147
35	21	0.897436	0.538462	-0.0448364	-0.159215	-0.814527
35	22	0.897436	0.564103	-0.0504489	-0.165188	-0.76849
35	23	0.897436	0.589744	-0.0462694	-0.191888	-0.983913
35	24	0.897436	0.615385	-0.0590156	-0.200187	-0.486946
35	25	0.897436	0.641026	-0.0494449	-0.22292	-1.07408
35	26	0.897436	0.666667	-0.0636384	-0.239766	-0.320649
35	27	0.897436	0.692308	-0.0555541	-0.251672	-0.932082
35	28	0.897436	0.717949	-0.0615187	-0.278397	-0.366714
35	29	0.897436	0.74359	-0.062188	-0.277552	-0.512014
35	30	0.897436	0.769231	-0.0502253	-0.306196	-0.567786
35	31	0.897436	0.794872	-0.0603037	-0.296145	0.0572956
35	32	0.897436	0.820513	-0.0233344	-0.309108	-0.698772
35	33	0.897436	0.846154	-0.0283578	-0.292821	0.518256
35	34	0.897436	0.871795	0.0423015	-0.268858	-0.50927
35	35	0.897436	0.897436	0.0817166	-0.238627	0.663418
35	36	0.897436	0.923077	0.214113	-0.167267	-0.00692836
35	37	0.897436	0.948718	0.371236	-0.109947	0.506527
35	38	0.897436	0.974359	0.635168	-0.0223375	0.332878
35	39	0.897436	1	1	0	0
36	0	0.923077	0	0	0	-1.01599
36	1	0.923077	0.025641	-0.0029953	1.37111e-05	-1.01599
36	2	0.923077	0.0512821	-0.00578707	0.000490733	-1.01082
36	3	0.923077	0.0769231	-0.00690151	-0.00108346	-1.03783
36	4	0.923077	0.102564	-0.00971643	-0.00191678	-0.999722
36	5	0.923077	0.128205	-0.00956671	-0.00440886	-1.0578
36	6	0.923077	0.153846	-0.0120528	-0.00782653	-1.00682
36	7	0.923077	0.179487	-0.0124922	-0.0101261	-1.046
36	8	0.923077	0.205128	-0.0131454	-0.0161749	-1.04495
36	9	0.923077	0.230769	-0.0157976	-0.0188449	-1.00499
36	10	0.923077	0.25641	-0.0140538	-0.0259507	-1.08977
36	11	0.923077	0.282051	-0.0185555	-0.0309201	-0.971981
36	12	0.923077	0.307692	-0.0161631	-0.0371348	-1.09663
36	13	0.923077	0.333333	-0.0199211	-0.0458721	-0.984557
36	14	0.923077	0.358974	-0.0200645	-0.0507581	-1.0416
36	15	0.923077	0.384615	-0.0202268	-0.0627125	-1.04206
36	16	0.923077	0.410256	-0.0249046	-0.068114	-0.947544
36	17	0.923077	0.435897	-0.0210742	-0.0808398	-1.09738
36	18	0.923077	0.461538	-0.0289165	-0.0897908	-0.871772
36	19	0.923077	0.487179	-0.0242682	-0.100695	-1.08678
36	20	0.923077	0.512821	-0.0308044	-0.115245	-0.864027
36	21	0.923077	0.538462	-0.0304033	-0.123665	-0.975427
36	22	0.923077	0.564103	-0.0309256	-0.143138	-0.924601
36	23	0.923077	0.589744	-0.0381416	-0.151272	-0.787123
36	24	0.923077	0.615385	-0.0313428	-0.172129	-0.990284
36	25	0.923077	0.641026	-0.0447086	-0.184018	-0.597648
36	26	0.923077	0.666667	-0.0345875	-0.201547	-0.960489
36	27	0.923077	0.692308	-0.0473423	-0.220244	-0.488326
36	28	0.923077	0.717949	-0.0416163	-0.231316	-0.756757
36	29	0.923077	0.74359	-0.0446227	-0.255339	-0.477009
36	30	0.923077	0.769231	-0.0494433	-0.260177	-0.385755
36	31	0.923077	0.794872	-0.0356411	-0.281135	-0.470041
36	32	0.923077	0.820513	-0.0479014	-0.280978	0.046056
36	33	0.923077	0.846154	-0.0130986	-0.28386	-0.296782
36	34	0.923077	0.871795	-0.0111509	-0.272506	0.407052
36	35	0.923077	0.897436	0.0588636	-0.238268	0.138087
36	36	0.923077	0.923077	0.131214	-0.193207	0.650336
36	37	0.923077	0.948718	0.301196	-0.109493	0.621095
36	38	0.923077	0.974359	0.564214	-0.0131218	0.772279
36	39	0.923077	1	1	0	0
37	0	0.948718	0	0	0	-1.07665
37	1	0.948718	0.025641	-0.00328288	0.000613581	-1.07665
37	2	0.948718	0.0512821	-0.0050048	0.000656326	-1.08242
37	3	0.948718	0.0769231	-0.00679985	0.000628366	-1.07865
37	4	0.948718	0.102564	-0.00673005	-0.000742164	-1.10003
37	5	0.948718	0.128205	-0.00859457	-0.00215799	-1.08131
37	6	0.948718	0.153846	-0.00807047	-0.00409971	-1.11014
37	7	0.948718	0.179487	-0.00932081	-0.00716845	-1.09436
37	8	0.948718	0.205128	-0.00989876	-0.00933442	-1.10295
37	9	0.948718	0.230769	-0.00940236	-0.0136951	-1.1168
37	10	0.948718	0.25641	-0.0118543	-0.0166513	-1.08607
37	11	0.948718	0.282051	-0.0097942	-0.0214087	-1.1326
37	12	0.948718	0.307692	-0.0130802	-0.0260664	-1.07718
37	13	0.948718	0.333333	-0.0113843	-0.030556	-1.12388
37	14	0.948718	0.358974	-0.013184	-0.0372906	-1.0867
37	15	0.948718	0.384615	-0.0141907	-0.0417751	-1.08696
37	16	0.948718	0.410256	-0.0128042	-0.0500104	-1.10587
37	17	0.948718	0.435897	-0.0172174	-0.0556702	-1.03691
37	18	0.948718	0.461538	-0.0133041	-0.0642587	-1.1098
37	19	0.948718	0.487179	-0.0191533	-0.0724642	-0.996951
37	20	0.948718	0.512821	-0.0158241	-0.0805674	-1.0728
37	21	0.948718	0.538462	-0.0194067	-0.0919439	-0.980337
37	22	0.948718	0.564103	-0.0203817	-0.0998094	-0.985094
37	23	0.948718	0.589744	-0.0187375	-0.113688	-0.976034
37	24	0.948718	0.615385	-0.0256304	-0.122791	-0.860693
37	25	0.948718	0.641026	-0.0190231	-0.137418	-0.946858
37	26	0.948718	0.666667	-0.0295159	-0.1497	-0.729086
37	27	0.948718	0.692308	-0.0221606	-0.163233	-0.844396
37	28	0.948718	0.717949	-0.0305715	-0.179555	-0.609548
37	29	0.948718	0.74359	-0.0284591	-0.191285	-0.636127
37	30	0.948718	0.769231	-0.0288706	-0.209721	-0.478199
37	31	0.948718	0.794872	-0.0349096	-0.219992	-0.325365
37	32	0.948718	0.820513	-0.0244262	-0.234627	-0.254372
37	33	0.948718	0.846154	-0.0322238	-0.241066	0.0642738
37	34	0.948718	0.871795	-0.00749213	-0.2403	0.162075
37	35	0.948718	0.897436	0.00886851	-0.228096	0.537535
37	36	0.948718	0.923077	0.0787867	-0.187843	0.784886
37	37	0.948718	0.948718	0.204516	-0.119713	1.06863
37	38	0.948718	0.974359	0.471912	0.00898825	1.41924
37	39	0.948718	1	1	0	0
38	0	0.974359	0	0	0	-1.14053
38	1	0.974359	0.025641	-0.004347	0.000677405	-1.14053
38	2	0.974359	0.0512821	-0.00602687	0.00115449	-1.14915
38	3	0.974359	0.0769231	-0.00649833	0.000898575	-1.15707
38	4	0.974359	0.102564	-0.00734751	0.000420684	-1.16234
38	5	0.974359	0.128205	-0.00701663	-0.000511788	-1.17131
38	6	0.974359	0.153846	-0.007892	-0.00166118	-1.17277
38	7	0.974359	0.179487	-0.00762598	-0.00294461	-1.18077
38	8	0.974359	0.205128	-0.00795477	-0.004717	-1.18189
38	9	0.974359	0.230769	-0.00851093	-0.00632757	-1.18472
38	10	0.974359	0.25641	-0.00785274	-0.00857117	-1.18875
38	11	0.974359	0.282051	-0.00931472	-0.0106882	-1.18435
38	12	0.974359	0.307692	-0.00810747	-0.0132137	-1.1905
38	13	0.974359	0.333333	-0.00962225	-0.0160331	-1.18136
38	14	0.974359	0.358974	-0.00903652	-0.0187892	-1.18435
38	15	0.974359	0.384615	-0.00940482	-0.0223569	-1.17579
38	16	0.974359	0.410256	-0.0104511	-0.0255246	-1.16911
38	17	0.974359	0.435897	-0.00913837	-0.0297119	-1.16493
38	18	0.974359	0.461538	-0.0117513	-0.0336377	-1.14519
38	19	0.974359	0.487179	-0.00951733	-0.0382653	-1.14366
38	20	0.974359	0.512821	-0.0123509	-0.0432842	-1.11311
38	21	0.974359	0.538462	-0.0109801	-0.0483093	-1.10591
38	22	0.974359	0.564103	-0.0121405	-0.0545674	-1.07116
38	23	0.974359	0.589744	-0.0133508	-0.0602223	-1.04616
38	24	0.974359	0.615385	-0.0116975	-0.0676019	-1.01293
38	25	0.974359	0.641026	-0.0158333	-0.0743808	-0.959877
38	26	0.974359	0.666667	-0.0120683	-0.0826035	-0.925723
38	27	0.974359	0.692308	-0.0174686	-0.0910419	-0.841026
38	28	0.974359	0.717949	-0.0141191	-0.0999508	-0.790655
38	29	0.974359	0.74359	-0.0178837	-0.110245	-0.674939
38	30	0.974359	0.769231	-0.0176589	-0.120023	-0.582197
38	31	0.974359	0.794872	-0.0175873	-0.131597	-0.426443
38	32	0.974359	0.820513	-0.02049	-0.142224	-0.259454
38	33	0.974359	0.846154	-0.0158193	-0.15287	-0.0240797
38	34	0.974359	0.871795	-0.0151145	-0.161083	0.261427
38	35	0.974359	0.897436	0.00134801	-0.162452	0.659
38	36	0.974359	0.923077	0.0347582	-0.149711	1.14211
38	37	0.974359	0.948718	0.125706	-0.106528	1.7506
38	38	0.974359	0.974359	0.35843	0.0307262	2.62384
38	39	0.974359	1	1	0	0
39	0	1	0	0	0	-1.14053
39	1	1	0.025641	0	0	-1.14053
39	2	1	0.0512821	0	0	-1.14915
39	3	1	0.0769231	0	0	-1.15707
39	4	1	0.102564	0	0	-1.16234
39	5	1	0.128205	0	0	-1.17131
39	6	1	0.153846	0	0	-1.17277
39	7	1	0.179487	0	0	-1.18077
39	8	1	0.205128	0	0	-1.18189
39	9	1	0.230769	0	0	-1.18472
39	10	1	0.25641	0	0	-1.18875
39	11	1	0.282051	0	0	-1.18435
39	12	1	0.307692	0	0	-1.1905
39	13	1	0.333333	0	0	-1.18136
39	14	1	0.358974	0	0	-1.18435
39	15	1	0.384615	0	0	-1.17579
39	16	1	0.410256	0	0	-1.16911
39	17	1	0.435897	0	0	-1.16493
39	18	1	0.461538	0	0	-1.14519
39	19	1	0.487179	0	0	-1.14366
39	20	1	0.512821	0	0	-1.11311
39	21	1	0.538462	0	0	-1.10591
39	22	1	0.564103	0	0	-1.07116
39	23	1	0.589744	0	0	-1.04616
39	24	1	0.615385	0	0	-1.01293
39	25	1	0.641026	0	0	-0.959877
39	26	1	0.666667	0	0	-0.925723
39	27	1	0.692308	0	0	-0.841026
39	28	1	0.717949	0	0	-0.790655
39	29	1	0.74359	0	0	-0.674939
39	30	1	0.769231	0	0	-0.582197
39	31	1	0.794872	0	0	-0.426443
39	32	1	0.820513	0	0	-0.259454
39	33	1	0.846154	0	0	-0.0240797
39	34	1	0.871795	0	0	0.261427
39	35	1	0.897436	0	0	0.659
39	36	1	0.923077	0	0	1.14211
39	37	1	0.948718	0	0	1.7506
39	38	1	0.974359	0	0	2.62384
39	39	1	1	1	0	0
