# i		j		x		y		u		v		p
# nx		ny		
# 40		40
# =================================
0	0	0	0	0	0	1.12101
0	1	0	0.025641	0	0	1.12101
0	2	0	0.0512821	0	0	1.1295
0	3	0	0.0769231	0	0	1.13739
0	4	0	0.102564	0	0	1.1436
0	5	0	0.128205	0	0	1.15069
0	6	0	0.153846	0	0	1.15438
0	7	0	0.179487	0	0	1.15973
0	8	0	0.205128	0	0	1.16216
0	9	0	0.230769	0	0	1.16382
0	10	0	0.25641	0	0	1.16627
0	11	0	0.282051	0	0	1.16305
0	12	0	0.307692	0	0	1.16479
0	13	0	0.333333	0	0	1.15801
0	14	0	0.358974	0	0	1.15553
0	15	0	0.384615	0	0	1.14832
0	16	0	0.410256	0	0	1.13756
0	17	0	0.435897	0	0	1.13127
0	18	0	0.461538	0	0	1.1117
0	19	0	0.487179	0	0	1.10237
0	20	0	0.512821	0	0	1.07842
0	21	0	0.538462	0	0	1.05808
0	22	0	0.564103	0	0	1.03439
0	23	0	0.589744	0	0	0.99801
0	24	0	0.615385	0	0	0.971221
0	25	0	0.641026	0	0	0.922422
0	26	0	0.666667	0	0	0.878835
0	27	0	0.692308	0	0	0.824621
0	28	0	0.717949	0	0	0.749427
0	29	0	0.74359	0	0	0.683706
0	30	0	0.769231	0	0	0.572157
0	31	0	0.794872	0	0	0.462737
0	32	0	0.820513	0	0	0.311393
0	33	0	0.846154	0	0	0.103746
0	34	0	0.871795	0	0	-0.127788
0	35	0	0.897436	0	0	-0.501881
0	36	0	0.923077	0	0	-0.927259
0	37	0	0.948718	0	0	-1.50806
0	38	0	0.974359	0	0	-2.37868
0	39	0	1	1	0	0
1	0	0.025641	0	0	0	1.12101
1	1	0.025641	0.025641	-0.00437971	-0.00068526	1.12101
1	2	0.025641	0.0512821	-0.00602347	-0.00113217	1.1295
1	3	0.025641	0.0769231	-0.00667901	-0.000908512	1.13739
1	4	0.025641	0.102564	-0.00722762	-0.000343087	1.1436
1	5	0.025641	0.128205	-0.00731382	0.000593192	1.15069
1	6	0.025641	0.153846	-0.00778975	0.00177463	1.15438
1	7	0.025641	0.179487	-0.00780031	0.00316946	1.15973
1	8	0.025641	0.205128	-0.00810517	0.00488868	1.16216
1	9	0.025641	0.230769	-0.00838322	0.0066687	1.16382
1	10	0.025641	0.25641	-0.0082754	0.00885275	1.16627
1	11	0.025641	0.282051	-0.00899091	0.0110696	1.16305
1	12	0.025641	0.307692	-0.00852472	0.0136067	1.16479
1	13	0.025641	0.333333	-0.00939561	0.01637	1.15801
1	14	0.025641	0.358974	-0.00910614	0.0191861	1.15553
1	15	0.025641	0.384615	-0.00945802	0.0225381	1.14832
1	16	0.025641	0.410256	-0.0100324	0.0257092	1.13756
1	17	0.025641	0.435897	-0.00938394	0.0295384	1.13127
1	18	0.025641	0.461538	-0.0109323	0.0333005	1.1117
1	19	0.025641	0.487179	-0.00969447	0.0374218	1.10237
1	20	0.025641	0.512821	-0.0113088	0.0419981	1.07842
1	21	0.025641	0.538462	-0.0107804	0.0463933	1.05808
1	22	0.025641	0.564103	-0.0111109	0.0517633	1.03439
1	23	0.025641	0.589744	-0.0123868	0.0567582	0.99801
1	24	0.025641	0.615385	-0.0110557	0.0626571	0.971221
1	25	0.025641	0.641026	-0.0136884	0.068767	0.922422
1	26	0.025641	0.666667	-0.0121383	0.0750642	0.878835
1	27	0.025641	0.692308	-0.0141952	0.0825603	0.824621
1	28	0.025641	0.717949	-0.0145809	0.0897096	0.749427
1	29	0.025641	0.74359	-0.0146502	0.0983913	0.683706
1	30	0.025641	0.769231	-0.0173586	0.107306	0.572157
1	31	0.025641	0.794872	-0.0164176	0.116807	0.462737
1	32	0.025641	0.820513	-0.0187114	0.127711	0.311393
1	33	0.025641	0.846154	-0.0181182	0.137324	0.103746
1	34	0.025641	0.871795	-0.0137662	0.14694	-0.127788
1	35	0.025641	0.897436	-0.00460703	0.150716	-0.501881
1	36	0.025641	0.923077	0.0303972	0.141857	-0.927259
1	37	0.025641	0.948718	0.114089	0.106342	-1.50806
1	38	0.025641	0.974359	0.344411	-0.0211776	-2.37868
1	39	0.025641	1	1	0	0
2	0	0.0512821	0	0	0	1.05697
2	1	0.0512821	0.025641	-0.00330446	-0.000563635	1.05697
2	2	0.0512821	0.0512821	-0.00524136	-0.000758824	1.06134
2	3	0.0512821	0.0769231	-0.00663289	-0.000452123	1.06347
2	4	0.0512821	0.102564	-0.00727367	0.000736947	1.07344
2	5	0.0512821	0.128205	-0.00833562	0.00228411	1.07013
2	6	0.0512821	0.153846	-0.00853516	0.00443486	1.08306
2	7	0.0512821	0.179487	-0.00945357	0.00718157	1.07806
2	8	0.0512821	0.205128	-0.00979215	0.00995391	1.08426
2	9	0.0512821	0.230769	-0.0101764	0.0138026	1.0882
2	10	0.0512821	0.25641	-0.0111867	0.0172368	1.0768
2	11	0.0512821	0.282051	-0.0107719	0.0218365	1.09529
2	12	0.0512821	0.307692	-0.0124599	0.0263316	1.06738
2	13	0.0512821	0.333333	-0.0117201	0.0312054	1.08888
2	14	0.0512821	0.358974	-0.013212	0.0371463	1.06409
2	15	0.0512821	0.384615	-0.0133778	0.0421556	1.06201
2	16	0.0512821	0.410256	-0.013393	0.0493895	1.06571
2	17	0.0512821	0.435897	-0.0155087	0.0551154	1.02079
2	18	0.0512821	0.461538	-0.0136509	0.0628226	1.056
2	19	0.0512821	0.487179	-0.0172338	0.0702996	0.982933
2	20	0.0512821	0.512821	-0.0150201	0.0776552	1.01343
2	21	0.0512821	0.538462	-0.0177533	0.0873988	0.960012
2	22	0.0512821	0.564103	-0.0179522	0.0946321	0.93264
2	23	0.0512821	0.589744	-0.0174031	0.105815	0.937078
2	24	0.0512821	0.615385	-0.0215543	0.114492	0.83558
2	25	0.0512821	0.641026	-0.0178853	0.125443	0.874955
2	26	0.0512821	0.666667	-0.0241547	0.137154	0.750564
2	27	0.0512821	0.692308	-0.0209349	0.147186	0.743763
2	28	0.0512821	0.717949	-0.0251288	0.161542	0.669589
2	29	0.0512821	0.74359	-0.0263207	0.172104	0.555258
2	30	0.0512821	0.769231	-0.0258844	0.186269	0.531046
2	31	0.0512821	0.794872	-0.0310022	0.198928	0.343205
2	32	0.0512821	0.820513	-0.0269453	0.209077	0.261936
2	33	0.0512821	0.846154	-0.0281693	0.220025	0.0914179
2	34	0.0512821	0.871795	-0.0172894	0.220098	-0.158614
2	35	0.0512821	0.897436	0.00654744	0.212599	-0.29883
2	36	0.0512821	0.923077	0.0612975	0.182255	-0.68431
2	37	0.0512821	0.948718	0.189395	0.119849	-0.844404
2	38	0.0512821	0.974359	0.454909	0.00209276	-1.23419
2	39	0.0512821	1	1	0	0
3	0	0.0769231	0	0	0	0.995846
3	1	0.0769231	0.025641	-0.00314196	-0.000164364	0.995846
3	2	0.0769231	0.0512821	-0.00570676	-0.000199033	0.996783
3	3	0.0769231	0.0769231	-0.00752429	0.000840463	1.00608
3	4	0.0769231	0.102564	-0.00938391	0.00215949	0.99837
3	5	0.0769231	0.128205	-0.0103469	0.00464828	1.01869
3	6	0.0769231	0.153846	-0.0120069	0.00762828	1.00208
3	7	0.0769231	0.179487	-0.0126772	0.0109951	1.02194
3	8	0.0769231	0.205128	-0.0139763	0.0157624	1.01421
3	9	0.0769231	0.230769	-0.0150354	0.0197605	1.00933
3	10	0.0769231	0.25641	-0.0155109	0.0259834	1.03274
3	11	0.0769231	0.282051	-0.0174554	0.0311058	0.988189
3	12	0.0769231	0.307692	-0.0170596	0.0378815	1.04101
3	13	0.0769231	0.333333	-0.0195551	0.0450808	0.978041
3	14	0.0769231	0.358974	-0.0192384	0.0515552	1.01726
3	15	0.0769231	0.384615	-0.0209256	0.061265	0.992617
3	16	0.0769231	0.410256	-0.0223269	0.0676856	0.957342
3	17	0.0769231	0.435897	-0.0217535	0.0789016	1.01732
3	18	0.0769231	0.461538	-0.025754	0.0870152	0.889815
3	19	0.0769231	0.487179	-0.0230987	0.0976206	1.00777
3	20	0.0769231	0.512821	-0.0282665	0.109462	0.859079
3	21	0.0769231	0.538462	-0.026257	0.118142	0.924387
3	22	0.0769231	0.564103	-0.0290568	0.133757	0.878144
3	23	0.0769231	0.589744	-0.0314252	0.141971	0.780025
3	24	0.0769231	0.615385	-0.0290339	0.158372	0.894217
3	25	0.0769231	0.641026	-0.036928	0.169809	0.645556
3	26	0.0769231	0.666667	-0.0306838	0.183125	0.81912
3	27	0.0769231	0.692308	-0.040277	0.199926	0.582302
3	28	0.0769231	0.717949	-0.0357932	0.209363	0.617084
3	29	0.0769231	0.74359	-0.0403743	0.228324	0.55471
3	30	0.0769231	0.769231	-0.0423014	0.236905	0.356798
3	31	0.0769231	0.794872	-0.0372809	0.250085	0.434382
3	32	0.0769231	0.820513	-0.0416573	0.258445	0.137491
3	33	0.0769231	0.846154	-0.024294	0.257104	0.130764
3	34	0.0769231	0.871795	-0.0117645	0.253666	-0.0512444
3	35	0.0769231	0.897436	0.035827	0.22717	-0.28078
3	36	0.0769231	0.923077	0.115574	0.185076	-0.316645
3	37	0.0769231	0.948718	0.271724	0.117227	-0.566759
3	38	0.0769231	0.974359	0.545604	0.0201303	-0.588154
3	39	0.0769231	1	1	0	0
4	0	0.102564	0	0	0	0.931264
4	1	0.102564	0.025641	-0.00329889	8.85061e-05	0.931264
4	2	0.102564	0.0512821	-0.00635212	0.000815674	0.936585
4	3	0.102564	0.0769231	-0.00915638	0.00177721	0.930775
4	4	0.102564	0.102564	-0.011371	0.00425471	0.950771
4	5	0.102564	0.128205	-0.0137608	0.00690383	0.928588
4	6	0.102564	0.153846	-0.0153311	0.0106691	0.96056
4	7	0.102564	0.179487	-0.0175066	0.0154738	0.934893
4	8	0.102564	0.205128	-0.018873	0.0198945	0.951609
4	9	0.102564	0.230769	-0.0206232	0.0269192	0.956867
4	10	0.102564	0.25641	-0.0224158	0.0321161	0.922256
4	11	0.102564	0.282051	-0.0233506	0.0405161	0.982914
4	12	0.102564	0.307692	-0.02597	0.0476576	0.893559
4	13	0.102564	0.333333	-0.0261838	0.0559058	0.981277
4	14	0.102564	0.358974	-0.0291475	0.0663578	0.897582
4	15	0.102564	0.384615	-0.0297413	0.0735822	0.924391
4	16	0.102564	0.410256	-0.0315837	0.0872388	0.94313
4	17	0.102564	0.435897	-0.0342059	0.0947268	0.825268
4	18	0.102564	0.461538	-0.0335956	0.109071	0.987052
4	19	0.102564	0.487179	-0.0388093	0.120098	0.747284
4	20	0.102564	0.512821	-0.0364069	0.13165	0.951464
4	21	0.102564	0.538462	-0.0421218	0.148712	0.757006
4	22	0.102564	0.564103	-0.0413239	0.156522	0.794413
4	23	0.102564	0.589744	-0.0433822	0.177837	0.844289
4	24	0.102564	0.615385	-0.0481609	0.185735	0.576122
4	25	0.102564	0.641026	-0.0438116	0.204988	0.89282
4	26	0.102564	0.666667	-0.0543855	0.218885	0.432417
4	27	0.102564	0.692308	-0.0460319	0.230116	0.766915
4	28	0.102564	0.717949	-0.0563005	0.251058	0.439995
4	29	0.102564	0.74359	-0.0506673	0.254475	0.459325
4	30	0.102564	0.769231	-0.0508864	0.27407	0.500214
4	31	0.102564	0.794872	-0.0512424	0.274586	0.130728
4	32	0.102564	0.820513	-0.0330678	0.278804	0.409266
4	33	0.102564	0.846154	-0.0279545	0.274906	-0.0550548
4	34	0.102564	0.871795	0.0190439	0.252319	0.0966244
4	35	0.102564	0.897436	0.0665267	0.226747	-0.125937
4	36	0.102564	0.923077	0.178323	0.171972	-0.232121
4	37	0.102564	0.948718	0.343875	0.107974	-0.196115
4	38	0.102564	0.974359	0.611584	0.0355658	-0.262627
4	39	0.102564	1	1	0	0
5	0	0.128205	0	0	0	0.866702
5	1	0.128205	0.025641	-0.00378427	0.00054825	0.866702
5	2	0.128205	0.0512821	-0.00754298	0.00124027	0.866685
5	3	0.128205	0.0769231	-0.0111147	0.00336812	0.87905
5	4	0.128205	0.102564	-0.0143144	0.00556154	0.862788
5	5	0.128205	0.128205	-0.0172686	0.00943565	0.894013
5	6	0.128205	0.153846	-0.0201157	0.0136654	0.860418
5	7	0.128205	0.179487	-0.0224438	0.0185562	0.896499
5	8	0.128205	0.205128	-0.0252363	0.0253383	0.873498
5	9	0.128205	0.230769	-0.0271801	0.0307519	0.872996
5	10	0.128205	0.25641	-0.0297935	0.0398681	0.904979
5	11	0.128205	0.282051	-0.0319615	0.0464614	0.831235
5	12	0.128205	0.307692	-0.0339123	0.0564605	0.930406
5	13	0.128205	0.333333	-0.0368895	0.0660087	0.806567
5	14	0.128205	0.358974	-0.0380207	0.0749662	0.906083
5	15	0.128205	0.384615	-0.0415662	0.0888191	0.836364
5	16	0.128205	0.410256	-0.0427713	0.0963589	0.809432
5	17	0.128205	0.435897	-0.0454922	0.113288	0.911956
5	18	0.128205	0.461538	-0.0484249	0.122138	0.682324
5	19	0.128205	0.487179	-0.0488291	0.137898	0.95428
5	20	0.128205	0.512821	-0.0541861	0.152592	0.623101
5	21	0.128205	0.538462	-0.0527412	0.16292	0.861282
5	22	0.128205	0.564103	-0.058415	0.185303	0.702046
5	23	0.128205	0.589744	-0.0584871	0.190726	0.614125
5	24	0.128205	0.615385	-0.0600516	0.215901	0.859065
5	25	0.128205	0.641026	-0.0654853	0.223213	0.342928
5	26	0.128205	0.666667	-0.0599915	0.241208	0.904413
5	27	0.128205	0.692308	-0.0700507	0.257592	0.243307
5	28	0.128205	0.717949	-0.0600132	0.26145	0.678963
5	29	0.128205	0.74359	-0.0662597	0.284679	0.372556
5	30	0.128205	0.769231	-0.0578126	0.277067	0.246361
5	31	0.128205	0.794872	-0.0468727	0.29214	0.538039
5	32	0.128205	0.820513	-0.039156	0.280279	-0.120621
5	33	0.128205	0.846154	0.002467	0.268715	0.470286
5	34	0.128205	0.871795	0.0316962	0.249789	-0.215572
5	35	0.128205	0.897436	0.123017	0.204102	0.157386
5	36	0.128205	0.923077	0.226229	0.162737	-0.120539
5	37	0.128205	0.948718	0.411766	0.0966461	-0.0661637
5	38	0.128205	0.974359	0.659914	0.0432572	0.0110853
5	39	0.128205	1	1	0	0
6	0	0.153846	0	0	0	0.800891
6	1	0.153846	0.025641	-0.00453447	0.000691592	0.800891
6	2	0.153846	0.0512821	-0.00922459	0.00210752	0.80642
6	3	0.153846	0.0769231	-0.0134318	0.00398566	0.802041
6	4	0.153846	0.102564	-0.0178614	0.00749583	0.820186
6	5	0.153846	0.128205	-0.0213828	0.0110638	0.796693
6	6	0.153846	0.153846	-0.0252135	0.0162129	0.832696
6	7	0.153846	0.179487	-0.0286139	0.0220334	0.795931
6	8	0.153846	0.205128	-0.031519	0.0280008	0.827139
6	9	0.153846	0.230769	-0.03534	0.0365575	0.81452
6	10	0.153846	0.25641	-0.0374365	0.0430609	0.792699
6	11	0.153846	0.282051	-0.0414443	0.053815	0.849705
6	12	0.153846	0.307692	-0.0436508	0.061983	0.746276
6	13	0.153846	0.333333	-0.0468334	0.0730108	0.866295
6	14	0.153846	0.358974	-0.0503319	0.0849578	0.733042
6	15	0.153846	0.384615	-0.051924	0.0942485	0.815266
6	16	0.153846	0.410256	-0.0568528	0.11092	0.78772
6	17	0.153846	0.435897	-0.0576036	0.11888	0.686962
6	18	0.153846	0.461538	-0.0622589	0.137713	0.878351
6	19	0.153846	0.487179	-0.0643855	0.148403	0.553812
6	20	0.153846	0.512821	-0.0663296	0.16374	0.894495
6	21	0.153846	0.538462	-0.0713825	0.182196	0.537724
6	22	0.153846	0.564103	-0.0701583	0.189841	0.727977
6	23	0.153846	0.589744	-0.0763496	0.216148	0.691033
6	24	0.153846	0.615385	-0.0750457	0.21886	0.404806
6	25	0.153846	0.641026	-0.0772785	0.244409	0.888597
6	26	0.153846	0.666667	-0.0798867	0.251618	0.129656
6	27	0.153846	0.692308	-0.0739233	0.26351	0.878821
6	28	0.153846	0.717949	-0.0791601	0.281968	0.132264
6	29	0.153846	0.74359	-0.0660686	0.27405	0.518238
6	30	0.153846	0.769231	-0.0632372	0.296441	0.410093
6	31	0.153846	0.794872	-0.0466018	0.275368	-0.0217885
6	32	0.153846	0.820513	-0.0183157	0.280504	0.660186
6	33	0.153846	0.846154	0.00876764	0.256485	-0.359738
6	34	0.153846	0.871795	0.0813175	0.226004	0.576342
6	35	0.153846	0.897436	0.150768	0.197123	-0.294223
6	36	0.153846	0.923077	0.2914	0.136152	0.247059
6	37	0.153846	0.948718	0.458084	0.0951567	-0.0201002
6	38	0.153846	0.974359	0.70074	0.0449586	0.142406
6	39	0.153846	1	1	0	0
7	0	0.179487	0	0	0	0.735824
7	1	0.179487	0.025641	-0.00557853	0.00094077	0.735824
7	2	0.179487	0.0512821	-0.0109835	0.00241331	0.739978
7	3	0.179487	0.0769231	-0.0166662	0.00509377	0.744312
7	4	0.179487	0.102564	-0.0211696	0.00825082	0.740709
7	5	0.179487	0.128205	-0.0265728	0.0130733	0.757326
7	6	0.179487	0.153846	-0.0304796	0.0178917	0.733494
7	7	0.179487	0.179487	-0.0350012	0.0243146	0.76862
7	8	0.179487	0.205128	-0.0393246	0.0314231	0.731062
7	9	0.179487	0.230769	-0.0423753	0.0385292	0.759366
7	10	0.179487	0.25641	-0.0477043	0.0484638	0.750084
7	11	0.179487	0.282051	-0.0496127	0.0560598	0.719087
7	12	0.179487	0.307692	-0.0551751	0.0680836	0.784908
7	13	0.179487	0.333333	-0.0575759	0.0776018	0.670466
7	14	0.179487	0.358974	-0.0614879	0.089453	0.793132
7	15	0.179487	0.384615	-0.066279	0.103182	0.665048
7	16	0.179487	0.410256	-0.0672493	0.112846	0.723327
7	17	0.179487	0.435897	-0.0745417	0.131257	0.733185
7	18	0.179487	0.461538	-0.0737533	0.139817	0.578604
7	19	0.179487	0.487179	-0.0807271	0.15919	0.822731
7	20	0.179487	0.512821	-0.0816977	0.171591	0.455377
7	21	0.179487	0.538462	-0.0842383	0.185368	0.802487
7	22	0.179487	0.564103	-0.0897092	0.206404	0.485483
7	23	0.179487	0.589744	-0.0862553	0.211055	0.573528
7	24	0.179487	0.615385	-0.0943031	0.238473	0.690178
7	25	0.179487	0.641026	-0.088145	0.239018	0.214668
7	26	0.179487	0.666667	-0.0918091	0.260837	0.882056
7	27	0.179487	0.692308	-0.087863	0.268232	-0.00955035
7	28	0.179487	0.717949	-0.0800755	0.270198	0.776489
7	29	0.179487	0.74359	-0.0770375	0.288978	0.127464
7	30	0.179487	0.769231	-0.0559255	0.267736	0.287052
7	31	0.179487	0.794872	-0.0408097	0.284906	0.531134
7	32	0.179487	0.820513	-0.00641227	0.252181	-0.290669
7	33	0.179487	0.846154	0.0424292	0.243144	0.797629
7	34	0.179487	0.871795	0.102075	0.212306	-0.504467
7	35	0.179487	0.897436	0.207493	0.165285	0.638482
7	36	0.179487	0.923077	0.326959	0.136453	-0.234486
7	37	0.179487	0.948718	0.510327	0.0746481	0.286012
7	38	0.179487	0.974359	0.72839	0.0523604	0.190241
7	39	0.179487	1	1	0	0
8	0	0.205128	0	0	0	0.672035
8	1	0.205128	0.025641	-0.00668228	0.00115502	0.672035
8	2	0.205128	0.0512821	-0.0134491	0.00269694	0.673065
8	3	0.205128	0.0769231	-0.0193349	0.00556982	0.683328
8	4	0.205128	0.102564	-0.0260193	0.00941288	0.677947
8	5	0.205128	0.128205	-0.0308087	0.0136629	0.682745
8	6	0.205128	0.153846	-0.0370012	0.0198508	0.692842
8	7	0.205128	0.179487	-0.0415957	0.0255015	0.66827
8	8	0.205128	0.205128	-0.0464126	0.0332821	0.708835
8	9	0.205128	0.230769	-0.0520578	0.0412614	0.658317
8	10	0.205128	0.25641	-0.054949	0.0494123	0.700124
8	11	0.205128	0.282051	-0.0618848	0.0604937	0.676151
8	12	0.205128	0.307692	-0.0637529	0.0687648	0.652597
8	13	0.205128	0.333333	-0.0703706	0.0820503	0.715505
8	14	0.205128	0.358974	-0.07365	0.0921879	0.594276
8	15	0.205128	0.384615	-0.0772952	0.104953	0.725313
8	16	0.205128	0.410256	-0.0842006	0.119551	0.586057
8	17	0.205128	0.435897	-0.0836022	0.12956	0.647794
8	18	0.205128	0.461538	-0.0934695	0.148793	0.658544
8	19	0.205128	0.487179	-0.0909152	0.157531	0.493846
8	20	0.205128	0.512821	-0.0991552	0.17676	0.745068
8	21	0.205128	0.538462	-0.0997477	0.189696	0.377619
8	22	0.205128	0.564103	-0.100464	0.201746	0.700816
8	23	0.205128	0.589744	-0.107666	0.223099	0.434226
8	24	0.205128	0.615385	-0.0987703	0.22518	0.441257
8	25	0.205128	0.641026	-0.109329	0.250498	0.653932
8	26	0.205128	0.666667	-0.0952778	0.249265	0.0908417
8	27	0.205128	0.692308	-0.0988682	0.264299	0.80486
8	28	0.205128	0.717949	-0.0862869	0.270849	-0.0531885
8	29	0.205128	0.74359	-0.0717879	0.261844	0.604405
8	30	0.205128	0.769231	-0.0594489	0.27746	0.19804
8	31	0.205128	0.794872	-0.0216837	0.245259	0.049868
8	32	0.205128	0.820513	0.00629106	0.252601	0.650453
8	33	0.205128	0.846154	0.0695424	0.213812	-0.458674
8	34	0.205128	0.871795	0.139294	0.189656	0.844619
8	35	0.205128	0.897436	0.240541	0.159551	-0.474216
8	36	0.205128	0.923077	0.376211	0.104621	0.585533
8	37	0.205128	0.948718	0.542838	0.0833272	-0.0467097
8	38	0.205128	0.974359	0.755003	0.0424766	0.320447
8	39	0.205128	1	1	0	0
9	0	0.230769	0	0	0	0.606793
9	1	0.230769	0.025641	-0.00802476	0.00101981	0.606793
9	2	0.230769	0.0512821	-0.0155518	0.00319472	0.618186
9	3	0.230769	0.0769231	-0.023288	0.0057499	0.604823
9	4	0.230769	0.102564	-0.029516	0.00976547	0.631305
9	5	0.230769	0.128205	-0.0369757	0.0148588	0.609737
9	6	0.230769	0.153846	-0.0422703	0.019698	0.622634
9	7	0.230769	0.179487	-0.0488948	0.0273809	0.633955
9	8	0.230769	0.205128	-0.0544841	0.0333804	0.593606
9	9	0.230769	0.230769	-0.0593526	0.0424051	0.659417
9	10	0.230769	0.25641	-0.0663429	0.0510739	0.575105
9	11	0.230769	0.282051	-0.0692409	0.0597335	0.647852
9	12	0.230769	0.307692	-0.0772881	0.0721041	0.599608
9	13	0.230769	0.333333	-0.0797165	0.0801984	0.582243
9	14	0.230769	0.358974	-0.0865153	0.0949406	0.656069
9	15	0.230769	0.384615	-0.0913086	0.104843	0.502656
9	16	0.230769	0.410256	-0.0939421	0.118402	0.676882
9	17	0.230769	0.435897	-0.10297	0.133283	0.486889
9	18	0.230769	0.461538	-0.100746	0.142967	0.592072
9	19	0.230769	0.487179	-0.112054	0.162788	0.569434
9	20	0.230769	0.512821	-0.108533	0.170422	0.418988
9	21	0.230769	0.538462	-0.115774	0.18958	0.669116
9	22	0.230769	0.564103	-0.117143	0.201162	0.29039
9	23	0.230769	0.589744	-0.113262	0.211773	0.62659
9	24	0.230769	0.615385	-0.122587	0.231094	0.346989
9	25	0.230769	0.641026	-0.105948	0.230754	0.367091
9	26	0.230769	0.666667	-0.117293	0.251835	0.558182
9	27	0.230769	0.692308	-0.0943531	0.247963	0.0442394
9	28	0.230769	0.717949	-0.0930267	0.255653	0.671375
9	29	0.230769	0.74359	-0.0722471	0.25854	-0.0391651
9	30	0.230769	0.769231	-0.0430991	0.240915	0.431331
9	31	0.230769	0.794872	-0.0224392	0.24907	0.253696
9	32	0.230769	0.820513	0.0413797	0.211153	-0.0864944
9	33	0.230769	0.846154	0.0819626	0.206157	0.65868
9	34	0.230769	0.871795	0.18128	0.167685	-0.437216
9	35	0.230769	0.897436	0.271995	0.132784	0.73378
9	36	0.230769	0.923077	0.414007	0.108604	-0.266386
9	37	0.230769	0.948718	0.575635	0.0583199	0.432744
9	38	0.230769	0.974359	0.774083	0.0513256	0.218259
9	39	0.230769	1	1	0	0
10	0	0.25641	0	0	0	0.546417
10	1	0.25641	0.025641	-0.00930503	0.00142024	0.546417
10	2	0.25641	0.0512821	-0.0182517	0.00272918	0.541531
10	3	0.25641	0.0769231	-0.0262809	0.00633231	0.569306
10	4	0.25641	0.102564	-0.0346648	0.00987304	0.533826
10	5	0.25641	0.128205	-0.0413538	0.0145002	0.578118
10	6	0.25641	0.153846	-0.0492373	0.0210028	0.546942
10	7	0.25641	0.179487	-0.0552586	0.0258785	0.55286
10	8	0.25641	0.205128	-0.0621261	0.0349677	0.586331
10	9	0.25641	0.230769	-0.0686594	0.0411177	0.507634
10	10	0.25641	0.25641	-0.0737819	0.0508126	0.617587
10	11	0.25641	0.282051	-0.0816138	0.0603858	0.489584
10	12	0.25641	0.307692	-0.0850669	0.0686264	0.590492
10	13	0.25641	0.333333	-0.0934595	0.0825757	0.535257
10	14	0.25641	0.358974	-0.0969242	0.0896454	0.493915
10	15	0.25641	0.384615	-0.103362	0.105714	0.618102
10	16	0.25641	0.410256	-0.109489	0.115	0.390347
10	17	0.25641	0.435897	-0.111236	0.128532	0.646216
10	18	0.25641	0.461538	-0.121188	0.143815	0.378184
10	19	0.25641	0.487179	-0.118157	0.15178	0.538401
10	20	0.25641	0.512821	-0.128841	0.172514	0.491093
10	21	0.25641	0.538462	-0.125303	0.177391	0.325553
10	22	0.25641	0.564103	-0.129273	0.19668	0.626043
10	23	0.25641	0.589744	-0.131482	0.205279	0.165903
10	24	0.25641	0.615385	-0.121417	0.214253	0.603394
10	25	0.25641	0.641026	-0.13092	0.230329	0.21231
10	26	0.25641	0.666667	-0.106346	0.226536	0.349605
10	27	0.25641	0.692308	-0.113789	0.243385	0.426007
10	28	0.25641	0.717949	-0.0832119	0.234434	0.0314431
10	29	0.25641	0.74359	-0.0698016	0.236953	0.55059
10	30	0.25641	0.769231	-0.0424989	0.232521	-0.0545764
10	31	0.25641	0.794872	0.00915257	0.210683	0.357604
10	32	0.25641	0.820513	0.0378758	0.20867	0.194569
10	33	0.25641	0.846154	0.132944	0.170156	-0.0416095
10	34	0.25641	0.871795	0.18827	0.155005	0.502637
10	35	0.25641	0.897436	0.322102	0.120316	-0.231267
10	36	0.25641	0.923077	0.435674	0.0844405	0.507709
10	37	0.25641	0.948718	0.607096	0.0658702	0.00114434
10	38	0.25641	0.974359	0.789454	0.0380917	0.34451
10	39	0.25641	1	1	0	0
11	0	0.282051	0	0	0	0.481783
11	1	0.282051	0.025641	-0.0106708	0.000951561	0.481783
11	2	0.282051	0.0512821	-0.0206071	0.00343562	0.497482
11	3	0.282051	0.0769231	-0.030026	0.00558253	0.471628
11	4	0.282051	0.102564	-0.0385564	0.00999255	0.520738
11	5	0.282051	0.128205	-0.0471987	0.0146763	0.46702
11	6	0.282051	0.153846	-0.0544961	0.019312	0.516179
11	7	0.282051	0.179487	-0.0626364	0.0271686	0.495118
11	8	0.282051	0.205128	-0.0692771	0.031833	0.471693
11	9	0.282051	0.230769	-0.0766197	0.0417747	0.546745
11	10	0.282051	0.25641	-0.0835839	0.048292	0.418983
11	11	0.282051	0.282051	-0.089482	0.0577152	0.570834
11	12	0.282051	0.307692	-0.0974717	0.0685314	0.41655
11	13	0.282051	0.333333	-0.101845	0.0755068	0.514585
11	14	0.282051	0.358974	-0.110206	0.0909303	0.492929
11	15	0.282051	0.384615	-0.114388	0.0967012	0.384953
11	16	0.282051	0.410256	-0.120747	0.113221	0.596534
11	17	0.282051	0.435897	-0.12698	0.122238	0.271523
11	18	0.282051	0.461538	-0.12867	0.134291	0.612591
11	19	0.282051	0.487179	-0.137697	0.150507	0.286263
11	20	0.282051	0.512821	-0.1346	0.155252	0.459751
11	21	0.282051	0.538462	-0.142883	0.177072	0.449634
11	22	0.282051	0.564103	-0.139065	0.178101	0.193911
11	23	0.282051	0.589744	-0.138819	0.197018	0.628224
11	24	0.282051	0.615385	-0.139747	0.202213	0.00469225
11	25	0.282051	0.641026	-0.123866	0.20823	0.618174
11	26	0.282051	0.666667	-0.12915	0.221634	0.0614132
11	27	0.282051	0.692308	-0.0981972	0.21211	0.34162
11	28	0.282051	0.717949	-0.0955129	0.226746	0.323698
11	29	0.282051	0.74359	-0.0589881	0.209738	-0.0261324
11	30	0.282051	0.769231	-0.0271986	0.210498	0.528858
11	31	0.282051	0.794872	0.00677511	0.196605	-0.1808
11	32	0.282051	0.820513	0.0842601	0.174145	0.444342
11	33	0.282051	0.846154	0.124705	0.163527	-0.00961895
11	34	0.282051	0.871795	0.248129	0.126358	0.162126
11	35	0.282051	0.897436	0.32414	0.108469	0.246939
11	36	0.282051	0.923077	0.481964	0.0771333	0.0352445
11	37	0.282051	0.948718	0.620561	0.0505979	0.29644
11	38	0.282051	0.974359	0.805839	0.041033	0.227635
11	39	0.282051	1	1	0	0
12	0	0.307692	0	0	0	0.423896
12	1	0.307692	0.025641	-0.0119914	0.00138964	0.423896
12	2	0.307692	0.0512821	-0.0229739	0.00251119	0.417869
12	3	0.307692	0.0769231	-0.0333979	0.0061352	0.449282
12	4	0.307692	0.102564	-0.0428349	0.00912879	0.404364
12	5	0.307692	0.128205	-0.0519473	0.013723	0.464884
12	6	0.307692	0.153846	-0.0606635	0.0195067	0.409985
12	7	0.307692	0.179487	-0.0684289	0.0238498	0.443549
12	8	0.307692	0.205128	-0.077063	0.0325507	0.451174
12	9	0.307692	0.230769	-0.0838115	0.0371777	0.387535
12	10	0.307692	0.25641	-0.092133	0.0470667	0.5029
12	11	0.307692	0.282051	-0.098907	0.0542869	0.342001
12	12	0.307692	0.307692	-0.105877	0.0626157	0.506393
12	13	0.307692	0.333333	-0.113771	0.074596	0.364669
12	14	0.307692	0.358974	-0.118663	0.0800815	0.419016
12	15	0.307692	0.384615	-0.127389	0.0961208	0.465619
12	16	0.307692	0.410256	-0.131074	0.10105	0.271385
12	17	0.307692	0.435897	-0.138174	0.116583	0.569225
12	18	0.307692	0.461538	-0.142886	0.125987	0.172606
12	19	0.307692	0.487179	-0.145071	0.135182	0.550661
12	20	0.307692	0.512821	-0.151847	0.152503	0.232947
12	21	0.307692	0.538462	-0.148142	0.153314	0.343146
12	22	0.307692	0.564103	-0.153615	0.175513	0.448428
12	23	0.307692	0.589744	-0.147291	0.172863	0.0342747
12	24	0.307692	0.615385	-0.143562	0.189846	0.653394
12	25	0.307692	0.641026	-0.139201	0.192676	-0.155977
12	26	0.307692	0.666667	-0.119034	0.193539	0.622202
12	27	0.307692	0.692308	-0.114928	0.206173	-0.0443848
12	28	0.307692	0.717949	-0.0788539	0.188535	0.276005
12	29	0.307692	0.74359	-0.0613204	0.203458	0.319982
12	30	0.307692	0.769231	-0.0180278	0.177056	-0.187382
12	31	0.307692	0.794872	0.0338473	0.178132	0.64315
12	32	0.307692	0.820513	0.0791467	0.15661	-0.421885
12	33	0.307692	0.846154	0.178549	0.133828	0.647328
12	34	0.307692	0.871795	0.238809	0.121068	-0.271095
12	35	0.307692	0.897436	0.380342	0.0837346	0.385774
12	36	0.307692	0.923077	0.483747	0.0723054	0.0459503
12	37	0.307692	0.948718	0.651985	0.0427539	0.195292
12	38	0.307692	0.974359	0.813237	0.0350577	0.251435
12	39	0.307692	1	1	0	0
13	0	0.333333	0	0	0	0.361711
13	1	0.333333	0.025641	-0.0131678	0.00088787	0.361711
13	2	0.333333	0.0512821	-0.0254342	0.00303162	0.373816
13	3	0.333333	0.0769231	-0.0362135	0.00493061	0.354152
13	4	0.333333	0.102564	-0.0471427	0.00895558	0.395393
13	5	0.333333	0.128205	-0.056366	0.0127458	0.345231
13	6	0.333333	0.153846	-0.0659077	0.0171741	0.39949
13	7	0.333333	0.179487	-0.0749107	0.023588	0.360091
13	8	0.333333	0.205128	-0.0826492	0.0277527	0.367961
13	9	0.333333	0.230769	-0.0922599	0.0364551	0.403538
13	10	0.333333	0.25641	-0.0985464	0.0413386	0.313854
13	11	0.333333	0.282051	-0.108105	0.0504031	0.442936
13	12	0.333333	0.307692	-0.11452	0.0582512	0.284347
13	13	0.333333	0.333333	-0.122128	0.0652892	0.424088
13	14	0.333333	0.358974	-0.130394	0.0776245	0.326065
13	15	0.333333	0.384615	-0.134637	0.0821028	0.32031
13	16	0.333333	0.410256	-0.144529	0.0973986	0.431205
13	17	0.333333	0.435897	-0.146304	0.102176	0.178604
13	18	0.333333	0.461538	-0.154538	0.115478	0.513045
13	19	0.333333	0.487179	-0.156795	0.125434	0.111535
13	20	0.333333	0.512821	-0.158711	0.131311	0.452757
13	21	0.333333	0.538462	-0.163263	0.148932	0.214911
13	22	0.333333	0.564103	-0.156688	0.146351	0.20564
13	23	0.333333	0.589744	-0.160305	0.167251	0.459103
13	24	0.333333	0.615385	-0.147913	0.162256	-0.112884
13	25	0.333333	0.641026	-0.142016	0.175211	0.653699
13	26	0.333333	0.666667	-0.128266	0.177452	-0.261535
13	27	0.333333	0.692308	-0.10443	0.17129	0.561047
13	28	0.333333	0.717949	-0.0877022	0.184907	-0.0547487
13	29	0.333333	0.74359	-0.0449268	0.15858	0.116368
13	30	0.333333	0.769231	-0.0121807	0.174619	0.428086
13	31	0.333333	0.794872	0.0430954	0.14116	-0.432464
13	32	0.333333	0.820513	0.110666	0.141426	0.830063
13	33	0.333333	0.846154	0.175987	0.118498	-0.672668
13	34	0.333333	0.871795	0.287919	0.0927286	0.818438
13	35	0.333333	0.897436	0.376455	0.0859192	-0.427084
13	36	0.333333	0.923077	0.524561	0.0473095	0.465792
13	37	0.333333	0.948718	0.656611	0.0461325	0.00822887
13	38	0.333333	0.974359	0.826623	0.025908	0.237491
13	39	0.333333	1	1	0	0
14	0	0.358974	0	0	0	0.304076
14	1	0.358974	0.025641	-0.0143768	0.00104986	0.304076
14	2	0.358974	0.0512821	-0.0271624	0.00222904	0.304059
14	3	0.358974	0.0769231	-0.0396782	0.00500355	0.318565
14	4	0.358974	0.102564	-0.049961	0.00750465	0.297
14	5	0.358974	0.128205	-0.0612483	0.0115429	0.333107
14	6	0.358974	0.153846	-0.0704224	0.0156778	0.292213
14	7	0.358974	0.179487	-0.0799312	0.0199964	0.331436
14	8	0.358974	0.205128	-0.0896738	0.0262589	0.306739
14	9	0.358974	0.230769	-0.0968614	0.0304798	0.301772
14	10	0.358974	0.25641	-0.10769	0.0384797	0.341422
14	11	0.358974	0.282051	-0.1134	0.0435229	0.257314
14	12	0.358974	0.307692	-0.123766	0.0515981	0.367374
14	13	0.358974	0.333333	-0.13033	0.0593152	0.237822
14	14	0.358974	0.358974	-0.137475	0.0655261	0.34015
14	15	0.358974	0.384615	-0.146892	0.0769775	0.279569
14	16	0.358974	0.410256	-0.149265	0.0810922	0.242003
14	17	0.358974	0.435897	-0.160597	0.0945644	0.369253
14	18	0.358974	0.461538	-0.159849	0.0993104	0.120871
14	19	0.358974	0.487179	-0.168304	0.11011	0.424645
14	20	0.358974	0.512821	-0.168469	0.11978	0.0802034
14	21	0.358974	0.538462	-0.167875	0.12308	0.34023
14	22	0.358974	0.564103	-0.171283	0.13934	0.200646
14	23	0.358974	0.589744	-0.158724	0.134806	0.0881281
14	24	0.358974	0.615385	-0.161521	0.152497	0.436947
14	25	0.358974	0.641026	-0.139952	0.14675	-0.201005
14	26	0.358974	0.666667	-0.131846	0.154268	0.587556
14	27	0.358974	0.692308	-0.106782	0.157078	-0.278949
14	28	0.358974	0.717949	-0.0770107	0.143932	0.418395
14	29	0.358974	0.74359	-0.0483259	0.158475	0.0234066
14	30	0.358974	0.769231	0.0065723	0.126176	-0.099271
14	31	0.358974	0.794872	0.050152	0.141272	0.572289
14	32	0.358974	0.820513	0.125656	0.106822	-0.648778
14	33	0.358974	0.846154	0.201092	0.102733	0.942412
14	34	0.358974	0.871795	0.29448	0.0859288	-0.773776
14	35	0.358974	0.897436	0.410234	0.0553787	0.802317
14	36	0.358974	0.923077	0.529254	0.0583557	-0.369679
14	37	0.358974	0.948718	0.678217	0.0220351	0.352297
14	38	0.358974	0.974359	0.831465	0.029955	0.120662
14	39	0.358974	1	1	0	0
15	0	0.384615	0	0	0	0.245963
15	1	0.384615	0.025641	-0.0152572	0.000842938	0.245963
15	2	0.384615	0.0512821	-0.0293686	0.00209347	0.247822
15	3	0.384615	0.0769231	-0.0414292	0.00395606	0.250799
15	4	0.384615	0.102564	-0.05407	0.00683461	0.255835
15	5	0.384615	0.128205	-0.063958	0.00949222	0.244993
15	6	0.384615	0.153846	-0.0751905	0.0135464	0.268448
15	7	0.384615	0.179487	-0.0847294	0.0172855	0.235711
15	8	0.384615	0.205128	-0.0937263	0.0216734	0.27199
15	9	0.384615	0.230769	-0.104447	0.0271451	0.240186
15	10	0.384615	0.25641	-0.110997	0.0312887	0.250727
15	11	0.384615	0.282051	-0.122649	0.0384633	0.265913
15	12	0.384615	0.307692	-0.128298	0.0429372	0.209621
15	13	0.384615	0.333333	-0.138456	0.0504622	0.291839
15	14	0.384615	0.358974	-0.145924	0.0569315	0.182591
15	15	0.384615	0.384615	-0.151544	0.0628721	0.275938
15	16	0.384615	0.410256	-0.162322	0.0725417	0.207593
15	17	0.384615	0.435897	-0.162443	0.0763244	0.19493
15	18	0.384615	0.461538	-0.174241	0.0878719	0.279981
15	19	0.384615	0.487179	-0.171562	0.0917308	0.0867123
15	20	0.384615	0.512821	-0.178077	0.100857	0.327767
15	21	0.384615	0.538462	-0.177291	0.108689	0.0462588
15	22	0.384615	0.564103	-0.171498	0.110794	0.252224
15	23	0.384615	0.589744	-0.174529	0.124061	0.150301
15	24	0.384615	0.615385	-0.153733	0.1189	0.0284592
15	25	0.384615	0.641026	-0.155104	0.132423	0.35269
15	26	0.384615	0.666667	-0.123501	0.126589	-0.212321
15	27	0.384615	0.692308	-0.110402	0.129181	0.455226
15	28	0.384615	0.717949	-0.0754052	0.131941	-0.230378
15	29	0.384615	0.74359	-0.0343538	0.114673	0.243854
15	30	0.384615	0.769231	0.00226041	0.127696	0.109917
15	31	0.384615	0.794872	0.0764985	0.0950621	-0.261259
15	32	0.384615	0.820513	0.125008	0.105431	0.617771
15	33	0.384615	0.846154	0.227133	0.0768311	-0.694223
15	34	0.384615	0.871795	0.305099	0.0661465	0.847044
15	35	0.384615	0.897436	0.427607	0.0590016	-0.637503
15	36	0.384615	0.923077	0.545328	0.0272299	0.571577
15	37	0.384615	0.948718	0.687435	0.0355742	-0.161943
15	38	0.384615	0.974359	0.838878	0.0129712	0.197135
15	39	0.384615	1	1	0	0
16	0	0.410256	0	0	0	0.187003
16	1	0.410256	0.025641	-0.0161758	0.000533683	0.187003
16	2	0.410256	0.0512821	-0.0304753	0.00182863	0.195823
16	3	0.410256	0.0769231	-0.0442697	0.00321433	0.183877
16	4	0.410256	0.102564	-0.0556368	0.00523178	0.202133
16	5	0.410256	0.128205	-0.0680585	0.00817231	0.190661
16	6	0.410256	0.153846	-0.0779202	0.0102576	0.189495
16	7	0.410256	0.179487	-0.0886696	0.0144687	0.211767
16	8	0.410256	0.205128	-0.0988147	0.017212	0.166815
16	9	0.410256	0.230769	-0.107228	0.0215049	0.226227
16	10	0.410256	0.25641	-0.118588	0.0261035	0.161879
16	11	0.410256	0.282051	-0.125	0.0294503	0.206601
16	12	0.410256	0.307692	-0.136561	0.0362302	0.191955
16	13	0.410256	0.333333	-0.142872	0.0391103	0.152272
16	14	0.410256	0.358974	-0.151896	0.046559	0.235637
16	15	0.410256	0.384615	-0.160452	0.0510515	0.103651
16	16	0.410256	0.410256	-0.164319	0.0566409	0.239337
16	17	0.410256	0.435897	-0.175503	0.0645926	0.113199
16	18	0.410256	0.461538	-0.17409	0.0671497	0.165295
16	19	0.410256	0.487179	-0.184336	0.0776484	0.18825
16	20	0.410256	0.512821	-0.180871	0.0792029	0.0443754
16	21	0.410256	0.538462	-0.183142	0.0878906	0.258513
16	22	0.410256	0.564103	-0.18196	0.0925871	-0.0244018
16	23	0.410256	0.589744	-0.169392	0.0944815	0.217843
16	24	0.410256	0.615385	-0.171044	0.104249	0.0458826
16	25	0.410256	0.641026	-0.141951	0.0986907	0.0315051
16	26	0.410256	0.666667	-0.138812	0.108913	0.219533
16	27	0.410256	0.692308	-0.0989951	0.102057	-0.179439
16	28	0.410256	0.717949	-0.0758421	0.102514	0.312067
16	29	0.410256	0.74359	-0.0344069	0.102831	-0.193852
16	30	0.410256	0.769231	0.0239061	0.086344	0.136315
16	31	0.410256	0.794872	0.0644625	0.0944654	0.090869
16	32	0.410256	0.820513	0.16241	0.0672553	-0.254993
16	33	0.410256	0.846154	0.213751	0.0708208	0.464144
16	34	0.410256	0.871795	0.341548	0.0511285	-0.511584
16	35	0.410256	0.897436	0.424101	0.0367648	0.543446
16	36	0.410256	0.923077	0.567278	0.0358349	-0.343034
16	37	0.410256	0.948718	0.692119	0.0110618	0.26577
16	38	0.410256	0.974359	0.845095	0.018613	0.0324796
16	39	0.410256	1	1	0	0
17	0	0.435897	0	0	0	0.132747
17	1	0.435897	0.025641	-0.0167356	0.000704346	0.132747
17	2	0.435897	0.0512821	-0.0319486	0.000936771	0.124584
17	3	0.435897	0.0769231	-0.0452732	0.0026146	0.149575
17	4	0.435897	0.102564	-0.0584952	0.0039686	0.116902
17	5	0.435897	0.128205	-0.0694905	0.00541022	0.150313
17	6	0.435897	0.153846	-0.0813284	0.00853153	0.132668
17	7	0.435897	0.179487	-0.0914105	0.00944834	0.122145
17	8	0.435897	0.205128	-0.101615	0.0136446	0.167833
17	9	0.435897	0.230769	-0.112099	0.0153292	0.0869959
17	10	0.435897	0.25641	-0.120389	0.0188131	0.186228
17	11	0.435897	0.282051	-0.131595	0.0229747	0.0860201
17	12	0.435897	0.307692	-0.138542	0.0245531	0.152086
17	13	0.435897	0.333333	-0.149217	0.0313635	0.137158
17	14	0.435897	0.358974	-0.156364	0.0320426	0.0723105
17	15	0.435897	0.384615	-0.164127	0.0392383	0.204403
17	16	0.435897	0.410256	-0.172892	0.0419606	0.00610627
17	17	0.435897	0.435897	-0.175764	0.0462481	0.215093
17	18	0.435897	0.461538	-0.185535	0.053405	0.0215277
17	19	0.435897	0.487179	-0.183682	0.0534211	0.122677
17	20	0.435897	0.512821	-0.190429	0.0639499	0.126684
17	21	0.435897	0.538462	-0.186572	0.0622208	-0.0345048
17	22	0.435897	0.564103	-0.183539	0.0710936	0.237949
17	23	0.435897	0.589744	-0.180738	0.0725888	-0.140038
17	24	0.435897	0.615385	-0.16187	0.0740889	0.231543
17	25	0.435897	0.641026	-0.158986	0.0815275	-0.0898347
17	26	0.435897	0.666667	-0.123614	0.0744464	0.0582151
17	27	0.435897	0.692308	-0.111339	0.0839726	0.0941895
17	28	0.435897	0.717949	-0.06621	0.0740148	-0.173936
17	29	0.435897	0.74359	-0.0282318	0.0763284	0.241953
17	30	0.435897	0.769231	0.0173012	0.0716491	-0.258492
17	31	0.435897	0.794872	0.0954164	0.0603053	0.178712
17	32	0.435897	0.820513	0.14038	0.0622361	-0.097125
17	33	0.435897	0.846154	0.25929	0.0425577	-0.0583666
17	34	0.435897	0.871795	0.318576	0.0420904	0.14229
17	35	0.435897	0.897436	0.462465	0.028249	-0.201991
17	36	0.435897	0.923077	0.557936	0.0177806	0.189775
17	37	0.435897	0.948718	0.708814	0.0158789	-0.0893076
17	38	0.435897	0.974359	0.846206	0.00552378	0.0784269
17	39	0.435897	1	1	0	0
18	0	0.461538	0	0	0	0.0727931
18	1	0.461538	0.025641	-0.0172086	4.14453e-05	0.0727931
18	2	0.461538	0.0512821	-0.0325804	0.00113517	0.0859231
18	3	0.461538	0.0769231	-0.0467206	0.00118554	0.0574265
18	4	0.461538	0.102564	-0.0593471	0.0024531	0.10115
18	5	0.461538	0.128205	-0.0717134	0.00388513	0.0557814
18	6	0.461538	0.153846	-0.0825903	0.00412396	0.0873145
18	7	0.461538	0.179487	-0.0938027	0.00727752	0.0866904
18	8	0.461538	0.205128	-0.103909	0.00694526	0.0440477
18	9	0.461538	0.230769	-0.113993	0.0104364	0.129377
18	10	0.461538	0.25641	-0.124143	0.0114987	0.00955879
18	11	0.461538	0.282051	-0.132927	0.0132299	0.135806
18	12	0.461538	0.307692	-0.143308	0.0173689	0.0288798
18	13	0.461538	0.333333	-0.150954	0.0166324	0.0756695
18	14	0.461538	0.358974	-0.160692	0.0232504	0.105697
18	15	0.461538	0.384615	-0.167892	0.0220251	-0.0239814
18	16	0.461538	0.410256	-0.175141	0.0279709	0.182239
18	17	0.461538	0.435897	-0.182523	0.02989	-0.0852459
18	18	0.461538	0.461538	-0.185399	0.0316137	0.174426
18	19	0.461538	0.487179	-0.192153	0.0389416	-0.0381224
18	20	0.461538	0.512821	-0.190121	0.0356754	0.0437554
18	21	0.461538	0.538462	-0.192706	0.0465493	0.109642
18	22	0.461538	0.564103	-0.187158	0.0418435	-0.150448
18	23	0.461538	0.589744	-0.179602	0.0503442	0.252692
18	24	0.461538	0.615385	-0.172167	0.0500722	-0.271351
18	25	0.461538	0.641026	-0.148999	0.0499107	0.250962
18	26	0.461538	0.666667	-0.137518	0.0574201	-0.201736
18	27	0.461538	0.692308	-0.0981678	0.0471317	0.0456027
18	28	0.461538	0.717949	-0.0730773	0.0590354	0.0443404
18	29	0.461538	0.74359	-0.0237059	0.0444034	-0.260452
18	30	0.461538	0.769231	0.0302481	0.0514758	0.297507
18	31	0.461538	0.794872	0.0820284	0.0416245	-0.453209
18	32	0.461538	0.820513	0.176135	0.0362956	0.360863
18	33	0.461538	0.846154	0.232306	0.0351712	-0.395154
18	34	0.461538	0.871795	0.362374	0.0199394	0.210185
18	35	0.461538	0.897436	0.439572	0.022231	-0.180455
18	36	0.461538	0.923077	0.586884	0.00828753	0.0342219
18	37	0.461538	0.948718	0.702417	0.0074805	-0.0268842
18	38	0.461538	0.974359	0.852867	0.00236127	-0.00381261
18	39	0.461538	1	1	0	0
19	0	0.487179	0	0	0	0.020092
19	1	0.487179	0.025641	-0.0174404	0.000362572	0.020092
19	2	0.487179	0.0512821	-0.0329814	-0.000116194	0.00877431
19	3	0.487179	0.0769231	-0.0472646	0.000840807	0.0381532
19	4	0.487179	0.102564	-0.060143	0.000761529	-0.00586961
19	5	0.487179	0.128205	-0.0723405	0.00094716	0.0427149
19	6	0.487179	0.153846	-0.0838429	0.00235455	0.00569506
19	7	0.487179	0.179487	-0.0944766	0.00125371	0.0135321
19	8	0.487179	0.205128	-0.10546	0.00380481	0.0464648
19	9	0.487179	0.230769	-0.115033	0.00263467	-0.0326295
19	10	0.487179	0.25641	-0.125562	0.00450605	0.0813693
19	11	0.487179	0.282051	-0.134825	0.00536798	-0.0503316
19	12	0.487179	0.307692	-0.144255	0.0048132	0.0643914
19	13	0.487179	0.333333	-0.153827	0.00871587	-0.00610915
19	14	0.487179	0.358974	-0.161476	0.0059837	-0.0160045
19	15	0.487179	0.384615	-0.170999	0.0114091	0.0817862
19	16	0.487179	0.410256	-0.176879	0.00926115	-0.112682
19	17	0.487179	0.435897	-0.184506	0.0127241	0.142139
19	18	0.487179	0.461538	-0.18922	0.0147388	-0.144037
19	19	0.487179	0.487179	-0.192245	0.013294	0.0980536
19	20	0.487179	0.512821	-0.195631	0.0208993	-0.0564607
19	21	0.487179	0.538462	-0.192128	0.0149065	-0.0664609
19	22	0.487179	0.564103	-0.191485	0.0252833	0.1185
19	23	0.487179	0.589744	-0.181514	0.0192315	-0.2704
19	24	0.487179	0.615385	-0.171269	0.0259695	0.259547
19	25	0.487179	0.641026	-0.155795	0.0261652	-0.366695
19	26	0.487179	0.666667	-0.130036	0.0229946	0.222317
19	27	0.487179	0.692308	-0.107258	0.0328713	-0.237456
19	28	0.487179	0.717949	-0.0640689	0.0186969	-0.0494231
19	29	0.487179	0.74359	-0.0259706	0.0345965	0.097029
19	30	0.487179	0.769231	0.0306806	0.0162131	-0.440226
19	31	0.487179	0.794872	0.0965084	0.027729	0.444086
19	32	0.487179	0.820513	0.161701	0.0164161	-0.700159
19	33	0.487179	0.846154	0.262888	0.0137298	0.556445
19	34	0.487179	0.871795	0.340096	0.0159169	-0.637378
19	35	0.487179	0.897436	0.470322	-4.59777e-05	0.360483
19	36	0.487179	0.923077	0.572761	0.010139	-0.327159
19	37	0.487179	0.948718	0.71644	-0.00585302	0.0687428
19	38	0.487179	0.974359	0.851367	0.000103632	-0.0723835
19	39	0.487179	1	1	0	0
20	0	0.512821	0	0	0	-0.0391738
20	1	0.512821	0.025641	-0.0173993	-0.000299814	-0.0391738
20	2	0.512821	0.0512821	-0.0331662	8.22055e-05	-0.0301873
20	3	0.512821	0.0769231	-0.0469881	-0.000745048	-0.0542279
20	4	0.512821	0.102564	-0.0604843	-0.000664492	-0.0177877
20	5	0.512821	0.128205	-0.0721379	-0.000920005	-0.0596973
20	6	0.512821	0.153846	-0.0838583	-0.00203588	-0.0262723
20	7	0.512821	0.179487	-0.0948829	-0.00120219	-0.0383095
20	8	0.512821	0.205128	-0.104818	-0.00328957	-0.060258
20	9	0.512821	0.230769	-0.116108	-0.00220538	-0.00174283
20	10	0.512821	0.25641	-0.124692	-0.00378963	-0.0937432
20	11	0.512821	0.282051	-0.135815	-0.00407671	0.0138718
20	12	0.512821	0.307692	-0.144259	-0.00358228	-0.0894477
20	13	0.512821	0.333333	-0.153716	-0.00613761	-0.0216669
20	14	0.512821	0.358974	-0.163181	-0.00342092	-0.0339648
20	15	0.512821	0.384615	-0.169644	-0.00720101	-0.100359
20	16	0.512821	0.410256	-0.179756	-0.0041609	0.0403115
20	17	0.512821	0.435897	-0.183295	-0.00638243	-0.169961
20	18	0.512821	0.461538	-0.191356	-0.00594539	0.0678844
20	19	0.512821	0.487179	-0.193298	-0.00383831	-0.16446
20	20	0.512821	0.512821	-0.195222	-0.00778755	-0.00557101
20	21	0.512821	0.538462	-0.196258	-0.000907163	-0.0549671
20	22	0.512821	0.564103	-0.188881	-0.00791379	-0.173556
20	23	0.512821	0.589744	-0.186616	0.000501469	0.111189
20	24	0.512821	0.615385	-0.169499	-0.00480727	-0.347323
20	25	0.512821	0.641026	-0.157712	-0.000942366	0.213704
20	26	0.512821	0.666667	-0.13239	0.00144018	-0.387123
20	27	0.512821	0.692308	-0.103494	-0.00475985	0.120099
20	28	0.512821	0.717949	-0.0698902	0.00814533	-0.189614
20	29	0.512821	0.74359	-0.0194899	-0.0081571	-0.20844
20	30	0.512821	0.769231	0.0277437	0.0105457	0.202451
20	31	0.512821	0.794872	0.0982959	-0.00743451	-0.627236
20	32	0.512821	0.820513	0.168747	0.00496211	0.558549
20	33	0.512821	0.846154	0.255709	-0.00176307	-0.847136
20	34	0.512821	0.871795	0.355791	-0.00639027	0.598597
20	35	0.512821	0.897436	0.45983	0.00366714	-0.673116
20	36	0.512821	0.923077	0.585859	-0.0144305	0.28625
20	37	0.512821	0.948718	0.711995	0.00152682	-0.272042
20	38	0.512821	0.974359	0.854484	-0.0125707	-0.0462025
20	39	0.512821	1	1	0	0
21	0	0.538462	0	0	0	-0.0932914
21	1	0.538462	0.025641	-0.0172683	-0.000166518	-0.0932914
21	2	0.538462	0.0512821	-0.032481	-0.000930973	-0.0999518
21	3	0.538462	0.0769231	-0.046976	-0.00125143	-0.0863832
21	4	0.538462	0.102564	-0.0591626	-0.00243547	-0.109935
21	5	0.538462	0.128205	-0.0719193	-0.00353805	-0.0835138
21	6	0.538462	0.153846	-0.082736	-0.00441681	-0.107486
21	7	0.538462	0.179487	-0.0936239	-0.00656386	-0.0966337
21	8	0.538462	0.205128	-0.104696	-0.00709155	-0.0885117
21	9	0.538462	0.230769	-0.113554	-0.00975986	-0.120955
21	10	0.538462	0.25641	-0.125317	-0.0106787	-0.0673865
21	11	0.538462	0.282051	-0.133013	-0.0127879	-0.135945
21	12	0.538462	0.307692	-0.144187	-0.0150087	-0.0675088
21	13	0.538462	0.333333	-0.152495	-0.0157418	-0.121568
21	14	0.538462	0.358974	-0.160935	-0.0194274	-0.101496
21	15	0.538462	0.384615	-0.171036	-0.019018	-0.0778158
21	16	0.538462	0.410256	-0.175491	-0.0230581	-0.155805
21	17	0.538462	0.435897	-0.186196	-0.0229137	-0.0326653
21	18	0.538462	0.461538	-0.187473	-0.0252605	-0.192217
21	19	0.538462	0.487179	-0.194781	-0.0271837	-0.0303176
21	20	0.538462	0.512821	-0.195013	-0.0260301	-0.168936
21	21	0.538462	0.538462	-0.193746	-0.0308165	-0.102532
21	22	0.538462	0.564103	-0.193823	-0.0261171	-0.0731651
21	23	0.538462	0.589744	-0.180468	-0.0322261	-0.235696
21	24	0.538462	0.615385	-0.177258	-0.0267112	0.0512004
21	25	0.538462	0.641026	-0.151963	-0.0299719	-0.353474
21	26	0.538462	0.666667	-0.137592	-0.0286007	0.103256
21	27	0.538462	0.692308	-0.103391	-0.0239773	-0.33927
21	28	0.538462	0.717949	-0.067951	-0.0309841	-0.0247787
21	29	0.538462	0.74359	-0.0269638	-0.0167085	-0.115085
21	30	0.538462	0.769231	0.0363144	-0.030866	-0.346092
21	31	0.538462	0.794872	0.087304	-0.012797	0.249468
21	32	0.538462	0.820513	0.17807	-0.0248047	-0.692067
21	33	0.538462	0.846154	0.248129	-0.0154052	0.506833
21	34	0.538462	0.871795	0.360248	-0.0135785	-0.780303
21	35	0.538462	0.897436	0.458273	-0.0210001	0.416201
21	36	0.538462	0.923077	0.585949	-0.00512313	-0.504601
21	37	0.538462	0.948718	0.712663	-0.020263	0.0679099
21	38	0.538462	0.974359	0.854152	-0.00878687	-0.18089
21	39	0.538462	1	1	0	0
22	0	0.564103	0	0	0	-0.15058
22	1	0.564103	0.025641	-0.0167498	-0.000506391	-0.15058
22	2	0.564103	0.0512821	-0.0320566	-0.00116613	-0.15152
22	3	0.564103	0.0769231	-0.045243	-0.00244583	-0.155885
22	4	0.564103	0.102564	-0.0586379	-0.00384102	-0.151127
22	5	0.564103	0.128205	-0.0695822	-0.00572792	-0.16015
22	6	0.564103	0.153846	-0.081357	-0.00783255	-0.151579
22	7	0.564103	0.179487	-0.0918662	-0.0100278	-0.159919
22	8	0.564103	0.205128	-0.101608	-0.0128361	-0.156377
22	9	0.564103	0.230769	-0.112936	-0.0152395	-0.153909
22	10	0.564103	0.25641	-0.120826	-0.018552	-0.164937
22	11	0.564103	0.282051	-0.132605	-0.0213079	-0.145841
22	12	0.564103	0.307692	-0.140067	-0.0246994	-0.171497
22	13	0.564103	0.333333	-0.150367	-0.0280801	-0.143818
22	14	0.564103	0.358974	-0.159248	-0.0310653	-0.167789
22	15	0.564103	0.384615	-0.16598	-0.0351718	-0.155533
22	16	0.564103	0.410256	-0.176718	-0.0375436	-0.149877
22	17	0.564103	0.435897	-0.17935	-0.0419232	-0.180043
22	18	0.564103	0.461538	-0.189551	-0.0440569	-0.126373
22	19	0.564103	0.487179	-0.18964	-0.0475465	-0.201491
22	20	0.564103	0.512821	-0.194369	-0.0503	-0.120281
22	21	0.564103	0.538462	-0.194127	-0.051469	-0.193627
22	22	0.564103	0.564103	-0.188053	-0.0554167	-0.156301
22	23	0.564103	0.589744	-0.187524	-0.0536778	-0.140229
22	24	0.564103	0.615385	-0.167767	-0.0579182	-0.234135
22	25	0.564103	0.641026	-0.162263	-0.0547097	-0.0633318
22	26	0.564103	0.666667	-0.130127	-0.0562144	-0.304784
22	27	0.564103	0.692308	-0.109885	-0.0549834	-0.0339682
22	28	0.564103	0.717949	-0.0698347	-0.0498794	-0.281293
22	29	0.564103	0.74359	-0.0231812	-0.0536511	-0.133148
22	30	0.564103	0.769231	0.0214406	-0.0409852	-0.108342
22	31	0.564103	0.794872	0.101945	-0.0481653	-0.359507
22	32	0.564103	0.820513	0.154434	-0.033656	0.14004
22	33	0.564103	0.846154	0.266462	-0.036497	-0.560754
22	34	0.564103	0.871795	0.338289	-0.0302683	0.257041
22	35	0.564103	0.897436	0.470594	-0.0217792	-0.532914
22	36	0.564103	0.923077	0.574093	-0.0273729	0.108872
22	37	0.564103	0.948718	0.715762	-0.0128512	-0.290774
22	38	0.564103	0.974359	0.85172	-0.0217218	-0.139431
22	39	0.564103	1	1	0	0
23	0	0.589744	0	0	0	-0.207913
23	1	0.589744	0.025641	-0.0162093	-0.000733781	-0.207913
23	2	0.589744	0.0512821	-0.0305549	-0.00157787	-0.207092
23	3	0.589744	0.0769231	-0.044273	-0.00333594	-0.216693
23	4	0.589744	0.102564	-0.0558254	-0.00536345	-0.207211
23	5	0.589744	0.128205	-0.0680183	-0.00773238	-0.218759
23	6	0.589744	0.153846	-0.0782574	-0.0109172	-0.21386
23	7	0.589744	0.179487	-0.0888059	-0.0136929	-0.211169
23	8	0.589744	0.205128	-0.0992719	-0.0176825	-0.225509
23	9	0.589744	0.230769	-0.107969	-0.0211783	-0.201563
23	10	0.589744	0.25641	-0.119199	-0.0253339	-0.230952
23	11	0.589744	0.282051	-0.126728	-0.0299514	-0.202837
23	12	0.589744	0.307692	-0.137715	-0.0338594	-0.220141
23	13	0.589744	0.333333	-0.14562	-0.0394554	-0.219501
23	14	0.589744	0.358974	-0.154445	-0.0433674	-0.197319
23	15	0.589744	0.384615	-0.163928	-0.0490315	-0.239011
23	16	0.589744	0.410256	-0.169177	-0.0536648	-0.182186
23	17	0.589744	0.435897	-0.179571	-0.0582522	-0.239567
23	18	0.589744	0.461538	-0.181427	-0.0639374	-0.193973
23	19	0.589744	0.487179	-0.189526	-0.066988	-0.210993
23	20	0.589744	0.512821	-0.189552	-0.0728636	-0.230337
23	21	0.589744	0.538462	-0.190442	-0.0750415	-0.170459
23	22	0.589744	0.564103	-0.1899	-0.0791478	-0.261551
23	23	0.589744	0.589744	-0.179004	-0.0815952	-0.155053
23	24	0.589744	0.615385	-0.176408	-0.0821031	-0.251042
23	25	0.589744	0.641026	-0.151808	-0.0849786	-0.190386
23	26	0.589744	0.666667	-0.140959	-0.0818023	-0.191716
23	27	0.589744	0.692308	-0.104673	-0.0831987	-0.257064
23	28	0.589744	0.717949	-0.0747733	-0.0785411	-0.127603
23	29	0.589744	0.74359	-0.0314313	-0.075281	-0.290135
23	30	0.589744	0.769231	0.0292409	-0.071904	-0.127539
23	31	0.589744	0.794872	0.0771648	-0.0626638	-0.234301
23	32	0.589744	0.820513	0.174272	-0.0606038	-0.210357
23	33	0.589744	0.846154	0.23248	-0.0489336	-0.122566
23	34	0.589744	0.871795	0.359773	-0.0445767	-0.29375
23	35	0.589744	0.897436	0.442555	-0.0369034	-0.0724688
23	36	0.589744	0.923077	0.585107	-0.0283291	-0.276045
23	37	0.589744	0.948718	0.703987	-0.0262092	-0.133077
23	38	0.589744	0.974359	0.852278	-0.0219007	-0.225139
23	39	0.589744	1	1	0	0
24	0	0.615385	0	0	0	-0.263667
24	1	0.615385	0.025641	-0.0153193	-0.000681818	-0.263667
24	2	0.615385	0.0512821	-0.0293198	-0.00229443	-0.273644
24	3	0.615385	0.0769231	-0.0416813	-0.00392363	-0.259464
24	4	0.615385	0.102564	-0.0538798	-0.00669702	-0.285193
24	5	0.615385	0.128205	-0.0643398	-0.00997977	-0.261124
24	6	0.615385	0.153846	-0.0751775	-0.0130171	-0.279697
24	7	0.615385	0.179487	-0.0850337	-0.0179379	-0.279049
24	8	0.615385	0.205128	-0.0944509	-0.021374	-0.258029
24	9	0.615385	0.230769	-0.104634	-0.0270627	-0.301798
24	10	0.615385	0.25641	-0.112833	-0.0318203	-0.241179
24	11	0.615385	0.282051	-0.123276	-0.0371104	-0.304635
24	12	0.615385	0.307692	-0.131086	-0.0438644	-0.251873
24	13	0.615385	0.333333	-0.140745	-0.0483577	-0.274157
24	14	0.615385	0.358974	-0.149167	-0.0565389	-0.289881
24	15	0.615385	0.384615	-0.156733	-0.0611075	-0.226712
24	16	0.615385	0.410256	-0.165971	-0.0689236	-0.325296
24	17	0.615385	0.435897	-0.170717	-0.0750014	-0.200839
24	18	0.615385	0.461538	-0.179375	-0.0805937	-0.31963
24	19	0.615385	0.487179	-0.181484	-0.0887073	-0.226707
24	20	0.615385	0.512821	-0.186475	-0.0915237	-0.259335
24	21	0.615385	0.538462	-0.186538	-0.100248	-0.296889
24	22	0.615385	0.564103	-0.183806	-0.101476	-0.174067
24	23	0.615385	0.589744	-0.181558	-0.107729	-0.36315
24	24	0.615385	0.615385	-0.167462	-0.109346	-0.123069
24	25	0.615385	0.641026	-0.160093	-0.109992	-0.364893
24	26	0.615385	0.666667	-0.133032	-0.112983	-0.155867
24	27	0.615385	0.692308	-0.113822	-0.106837	-0.273161
24	28	0.615385	0.717949	-0.0751567	-0.109782	-0.271156
24	29	0.615385	0.74359	-0.0338897	-0.0987346	-0.121711
24	30	0.615385	0.769231	0.0134751	-0.0980675	-0.404114
24	31	0.615385	0.794872	0.0866473	-0.0862157	0.00334701
24	32	0.615385	0.820513	0.142908	-0.0787499	-0.464327
24	33	0.615385	0.846154	0.25062	-0.0696125	0.0240302
24	34	0.615385	0.871795	0.32396	-0.0560155	-0.411671
24	35	0.615385	0.897436	0.457487	-0.0501591	-0.0594055
24	36	0.615385	0.923077	0.561313	-0.0359165	-0.301338
24	37	0.615385	0.948718	0.707333	-0.0317854	-0.165449
24	38	0.615385	0.974359	0.846275	-0.0267768	-0.25743
24	39	0.615385	1	1	0	0
25	0	0.641026	0	0	0	-0.324084
25	1	0.641026	0.025641	-0.0143664	-0.00115727	-0.324084
25	2	0.641026	0.0512821	-0.0273491	-0.00217712	-0.319246
25	3	0.641026	0.0769231	-0.0394439	-0.00501606	-0.342837
25	4	0.641026	0.102564	-0.0503628	-0.00780076	-0.313484
25	5	0.641026	0.128205	-0.0610091	-0.0112944	-0.348654
25	6	0.641026	0.153846	-0.0707505	-0.0162349	-0.325042
25	7	0.641026	0.179487	-0.0803367	-0.0198787	-0.32939
25	8	0.641026	0.205128	-0.0896842	-0.0264659	-0.35434
25	9	0.641026	0.230769	-0.0984554	-0.0310502	-0.299514
25	10	0.641026	0.25641	-0.107791	-0.0378686	-0.375688
25	11	0.641026	0.282051	-0.116088	-0.0446441	-0.290688
25	12	0.641026	0.307692	-0.125273	-0.0505329	-0.360217
25	13	0.641026	0.333333	-0.133475	-0.0597734	-0.321297
25	14	0.641026	0.358974	-0.141995	-0.0649728	-0.306551
25	15	0.641026	0.384615	-0.150221	-0.0752446	-0.373651
25	16	0.641026	0.410256	-0.157413	-0.0813408	-0.24971
25	17	0.641026	0.435897	-0.165206	-0.0902105	-0.4019
25	18	0.641026	0.461538	-0.170379	-0.0987632	-0.23757
25	19	0.641026	0.487179	-0.176482	-0.104407	-0.366455
25	20	0.641026	0.512821	-0.178923	-0.115299	-0.29275
25	21	0.641026	0.538462	-0.181128	-0.117743	-0.268031
25	22	0.641026	0.564103	-0.179971	-0.128483	-0.389158
25	23	0.641026	0.589744	-0.175175	-0.129576	-0.156137
25	24	0.641026	0.615385	-0.168927	-0.13605	-0.459554
25	25	0.641026	0.641026	-0.153699	-0.138186	-0.106383
25	26	0.641026	0.666667	-0.139239	-0.136505	-0.430342
25	27	0.641026	0.692308	-0.110965	-0.140735	-0.1776
25	28	0.641026	0.717949	-0.0824674	-0.129503	-0.268752
25	29	0.641026	0.74359	-0.0402541	-0.133912	-0.365968
25	30	0.641026	0.769231	0.0105243	-0.115934	-0.0227347
25	31	0.641026	0.794872	0.0667868	-0.115482	-0.580326
25	32	0.641026	0.820513	0.14722	-0.0974459	0.177092
25	33	0.641026	0.846154	0.220206	-0.0868186	-0.675435
25	34	0.641026	0.871795	0.33142	-0.0755528	0.189896
25	35	0.641026	0.897436	0.428709	-0.0550157	-0.565305
25	36	0.641026	0.923077	0.563796	-0.051923	-0.000496815
25	37	0.641026	0.948718	0.692747	-0.0311277	-0.34351
25	38	0.641026	0.974359	0.844069	-0.0345629	-0.246575
25	39	0.641026	1	1	0	0
26	0	0.666667	0	0	0	-0.380315
26	1	0.666667	0.025641	-0.013226	-0.000896831	-0.380315
26	2	0.666667	0.0512821	-0.0252845	-0.00302433	-0.393255
26	3	0.666667	0.0769231	-0.0365078	-0.0051501	-0.374566
26	4	0.666667	0.102564	-0.0468067	-0.0088431	-0.408902
26	5	0.666667	0.128205	-0.0567031	-0.0131603	-0.375886
26	6	0.666667	0.153846	-0.0659332	-0.0172375	-0.402256
26	7	0.666667	0.179487	-0.0749364	-0.0237987	-0.398662
26	8	0.666667	0.205128	-0.0837053	-0.0284362	-0.373554
26	9	0.666667	0.230769	-0.0921042	-0.0361632	-0.428517
26	10	0.666667	0.25641	-0.100775	-0.0425814	-0.349416
26	11	0.666667	0.282051	-0.108858	-0.0499976	-0.433645
26	12	0.666667	0.307692	-0.117393	-0.0591298	-0.35893
26	13	0.666667	0.333333	-0.125477	-0.0656983	-0.396025
26	14	0.666667	0.358974	-0.13348	-0.0769703	-0.403331
26	15	0.666667	0.384615	-0.141643	-0.0836866	-0.333257
26	16	0.666667	0.410256	-0.148644	-0.0950302	-0.448451
26	17	0.666667	0.435897	-0.156293	-0.103617	-0.289808
26	18	0.666667	0.461538	-0.161961	-0.112713	-0.448009
26	19	0.666667	0.487179	-0.167633	-0.124027	-0.304387
26	20	0.666667	0.512821	-0.171538	-0.129741	-0.378753
26	21	0.666667	0.538462	-0.173224	-0.142578	-0.379178
26	22	0.666667	0.564103	-0.174069	-0.145568	-0.261546
26	23	0.666667	0.589744	-0.169808	-0.156577	-0.471144
26	24	0.666667	0.615385	-0.164701	-0.158804	-0.157125
26	25	0.666667	0.641026	-0.152755	-0.163491	-0.507884
26	26	0.666667	0.666667	-0.137264	-0.166926	-0.140617
26	27	0.666667	0.692308	-0.115386	-0.16148	-0.421476
26	28	0.666667	0.717949	-0.0846306	-0.166354	-0.26112
26	29	0.666667	0.74359	-0.0487858	-0.150059	-0.19519
26	30	0.666667	0.769231	0.00117406	-0.15319	-0.493214
26	31	0.666667	0.794872	0.0572396	-0.130518	0.0910895
26	32	0.666667	0.820513	0.12909	-0.125407	-0.709041
26	33	0.666667	0.846154	0.211943	-0.105295	0.264237
26	34	0.666667	0.871795	0.308314	-0.0866892	-0.734777
26	35	0.666667	0.897436	0.421104	-0.0765912	0.175224
26	36	0.666667	0.923077	0.545039	-0.0491837	-0.525259
26	37	0.666667	0.948718	0.685636	-0.0471167	-0.102868
26	38	0.666667	0.974359	0.837278	-0.032352	-0.335667
26	39	0.666667	1	1	0	0
27	0	0.692308	0	0	0	-0.442501
27	1	0.692308	0.025641	-0.0119485	-0.00133397	-0.442501
27	2	0.692308	0.0512821	-0.0230916	-0.00272572	-0.439672
27	3	0.692308	0.0769231	-0.0331295	-0.00599866	-0.460823
27	4	0.692308	0.102564	-0.0430603	-0.00949003	-0.436294
27	5	0.692308	0.128205	-0.0517528	-0.0138149	-0.466711
27	6	0.692308	0.153846	-0.0607025	-0.0196649	-0.447433
27	7	0.692308	0.179487	-0.0689171	-0.0245882	-0.450053
27	8	0.692308	0.205128	-0.0768591	-0.0322953	-0.472682
27	9	0.692308	0.230769	-0.0853101	-0.0385304	-0.424309
27	10	0.692308	0.25641	-0.0924248	-0.0468576	-0.489186
27	11	0.692308	0.282051	-0.101153	-0.0554487	-0.416327
27	12	0.692308	0.307692	-0.108117	-0.0634703	-0.473434
27	13	0.692308	0.333333	-0.116405	-0.0745601	-0.439564
27	14	0.692308	0.358974	-0.124071	-0.0825304	-0.426091
27	15	0.692308	0.384615	-0.130996	-0.0948801	-0.477925
27	16	0.692308	0.410256	-0.139534	-0.104016	-0.375555
27	17	0.692308	0.435897	-0.144737	-0.115665	-0.495602
27	18	0.692308	0.461538	-0.152905	-0.127009	-0.357466
27	19	0.692308	0.487179	-0.156803	-0.136413	-0.46334
27	20	0.692308	0.512821	-0.162038	-0.149698	-0.388523
27	21	0.692308	0.538462	-0.165015	-0.15644	-0.379619
27	22	0.692308	0.564103	-0.16441	-0.169647	-0.453269
27	23	0.692308	0.589744	-0.165361	-0.174397	-0.275147
27	24	0.692308	0.615385	-0.156799	-0.184041	-0.507336
27	25	0.692308	0.641026	-0.151968	-0.187992	-0.203631
27	26	0.692308	0.666667	-0.134454	-0.189971	-0.491894
27	27	0.692308	0.692308	-0.117473	-0.193889	-0.22242
27	28	0.692308	0.717949	-0.0901389	-0.185071	-0.360271
27	29	0.692308	0.74359	-0.0535066	-0.187857	-0.358192
27	30	0.692308	0.769231	-0.0136688	-0.168524	-0.121567
27	31	0.692308	0.794872	0.0489368	-0.165906	-0.560943
27	32	0.692308	0.820513	0.10736	-0.141699	0.118543
27	33	0.692308	0.846154	0.199136	-0.12752	-0.690149
27	34	0.692308	0.871795	0.284954	-0.107572	0.187704
27	35	0.692308	0.897436	0.405673	-0.0804682	-0.610772
27	36	0.692308	0.923077	0.526302	-0.0702563	0.00618248
27	37	0.692308	0.948718	0.673725	-0.0416832	-0.382136
27	38	0.692308	0.974359	0.829428	-0.0421755	-0.283285
27	39	0.692308	1	1	0	0
28	0	0.717949	0	0	0	-0.501411
28	1	0.717949	0.025641	-0.0106693	-0.00111236	-0.501411
28	2	0.717949	0.0512821	-0.0204647	-0.00324343	-0.511053
28	3	0.717949	0.0769231	-0.0300744	-0.00594857	-0.502218
28	4	0.717949	0.102564	-0.0383418	-0.00996265	-0.522225
28	5	0.717949	0.128205	-0.0471464	-0.0148586	-0.5061
28	6	0.717949	0.153846	-0.0546142	-0.01993	-0.518661
28	7	0.717949	0.179487	-0.0624014	-0.0269025	-0.5208
28	8	0.717949	0.205128	-0.0700635	-0.0331709	-0.502405
28	9	0.717949	0.230769	-0.0766748	-0.0414828	-0.535903
28	10	0.717949	0.25641	-0.0849845	-0.0496506	-0.490014
28	11	0.717949	0.282051	-0.0909289	-0.0584931	-0.533438
28	12	0.717949	0.307692	-0.0993242	-0.0689279	-0.495505
28	13	0.717949	0.333333	-0.105767	-0.0781553	-0.50704
28	14	0.717949	0.358974	-0.113051	-0.0903158	-0.514872
28	15	0.717949	0.384615	-0.120948	-0.100516	-0.469675
28	16	0.717949	0.410256	-0.126299	-0.113197	-0.528083
28	17	0.717949	0.435897	-0.13527	-0.125018	-0.443061
28	18	0.717949	0.461538	-0.139001	-0.137042	-0.515013
28	19	0.717949	0.487179	-0.146875	-0.150418	-0.440867
28	20	0.717949	0.512821	-0.150117	-0.161062	-0.469136
28	21	0.717949	0.538462	-0.153642	-0.174898	-0.460576
28	22	0.717949	0.564103	-0.156914	-0.18382	-0.399848
28	23	0.717949	0.589744	-0.153176	-0.196055	-0.485466
28	24	0.717949	0.615385	-0.154618	-0.203052	-0.328742
28	25	0.717949	0.641026	-0.142184	-0.210794	-0.488336
28	26	0.717949	0.666667	-0.136499	-0.215623	-0.286782
28	27	0.717949	0.692308	-0.115367	-0.215529	-0.435807
28	28	0.717949	0.717949	-0.0942282	-0.217473	-0.306249
28	29	0.717949	0.74359	-0.0642057	-0.207044	-0.305482
28	30	0.717949	0.769231	-0.0183191	-0.203968	-0.394555
28	31	0.717949	0.794872	0.0237865	-0.18382	-0.122539
28	32	0.717949	0.820513	0.101421	-0.171761	-0.499158
28	33	0.717949	0.846154	0.164231	-0.147095	0.0153281
28	34	0.717949	0.871795	0.275444	-0.123084	-0.51744
28	35	0.717949	0.897436	0.371879	-0.101406	-0.00708837
28	36	0.717949	0.923077	0.513518	-0.0706215	-0.406662
28	37	0.717949	0.948718	0.653217	-0.0560314	-0.173741
28	38	0.717949	0.974359	0.821451	-0.0398403	-0.3408
28	39	0.717949	1	1	0	0
29	0	0.74359	0	0	0	-0.564243
29	1	0.74359	0.025641	-0.00924728	-0.00127218	-0.564243
29	2	0.74359	0.0512821	-0.0181801	-0.00305048	-0.566961
29	3	0.74359	0.0769231	-0.0261383	-0.00616016	-0.574935
29	4	0.74359	0.102564	-0.034472	-0.010129	-0.571257
29	5	0.74359	0.128205	-0.0413354	-0.0148504	-0.578166
29	6	0.74359	0.153846	-0.0488966	-0.0208087	-0.578689
29	7	0.74359	0.179487	-0.0555733	-0.0269943	-0.573231
29	8	0.74359	0.205128	-0.06199	-0.0345664	-0.586154
29	9	0.74359	0.230769	-0.0692972	-0.0424915	-0.567309
29	10	0.74359	0.25641	-0.0746768	-0.0512313	-0.584796
29	11	0.74359	0.282051	-0.0825431	-0.0610755	-0.567575
29	12	0.74359	0.307692	-0.0878397	-0.0708868	-0.571103
29	13	0.74359	0.333333	-0.095255	-0.0823552	-0.571647
29	14	0.74359	0.358974	-0.101755	-0.0935169	-0.551735
29	15	0.74359	0.384615	-0.107599	-0.106004	-0.569317
29	16	0.74359	0.410256	-0.115786	-0.118697	-0.535977
29	17	0.74359	0.435897	-0.119845	-0.13171	-0.553343
29	18	0.74359	0.461538	-0.128536	-0.145567	-0.525469
29	19	0.74359	0.487179	-0.131764	-0.158803	-0.525746
29	20	0.74359	0.512821	-0.138256	-0.172929	-0.513857
29	21	0.74359	0.538462	-0.141869	-0.185872	-0.492461
29	22	0.74359	0.564103	-0.143055	-0.199128	-0.49558
29	23	0.74359	0.589744	-0.146875	-0.21065	-0.454785
29	24	0.74359	0.615385	-0.140565	-0.221635	-0.4708
29	25	0.74359	0.641026	-0.141489	-0.23009	-0.410598
29	26	0.74359	0.666667	-0.127049	-0.236724	-0.438677
29	27	0.74359	0.692308	-0.118431	-0.24035	-0.364851
29	28	0.74359	0.717949	-0.0960687	-0.23974	-0.388955
29	29	0.74359	0.74359	-0.0685368	-0.236752	-0.332889
29	30	0.74359	0.769231	-0.0370007	-0.226206	-0.310327
29	31	0.74359	0.794872	0.019119	-0.214503	-0.323822
29	32	0.74359	0.820513	0.0658816	-0.193616	-0.216988
29	33	0.74359	0.846154	0.157116	-0.171447	-0.319597
29	34	0.74359	0.871795	0.231948	-0.143756	-0.160743
29	35	0.74359	0.897436	0.359346	-0.113185	-0.291794
29	36	0.74359	0.923077	0.477982	-0.0859229	-0.18856
29	37	0.74359	0.948718	0.638878	-0.0571812	-0.260645
29	38	0.74359	0.974359	0.807781	-0.0444919	-0.314256
29	39	0.74359	1	1	0	0
30	0	0.769231	0	0	0	-0.626802
30	1	0.769231	0.025641	-0.0079499	-0.00120003	-0.626802
30	2	0.769231	0.0512821	-0.015463	-0.00298585	-0.630799
30	3	0.769231	0.0769231	-0.0230211	-0.00603045	-0.63612
30	4	0.769231	0.102564	-0.0294824	-0.00984003	-0.634292
30	5	0.769231	0.128205	-0.0365145	-0.0147942	-0.643352
30	6	0.769231	0.153846	-0.0423745	-0.0204411	-0.63518
30	7	0.769231	0.179487	-0.0485416	-0.026976	-0.645794
30	8	0.769231	0.205128	-0.0546458	-0.0345381	-0.637813
30	9	0.769231	0.230769	-0.0597785	-0.0424582	-0.639551
30	10	0.769231	0.25641	-0.0665163	-0.0518466	-0.643207
30	11	0.769231	0.282051	-0.0711205	-0.0613123	-0.627031
30	12	0.769231	0.307692	-0.0780003	-0.0721079	-0.64418
30	13	0.769231	0.333333	-0.0831721	-0.0834911	-0.61739
30	14	0.769231	0.358974	-0.0892185	-0.0952522	-0.63066
30	15	0.769231	0.384615	-0.0958478	-0.108592	-0.616459
30	16	0.769231	0.410256	-0.10048	-0.121305	-0.60177
30	17	0.769231	0.435897	-0.108341	-0.135915	-0.616546
30	18	0.769231	0.461538	-0.111938	-0.149948	-0.570357
30	19	0.769231	0.487179	-0.1194	-0.164672	-0.599812
30	20	0.769231	0.512821	-0.122988	-0.180052	-0.551702
30	21	0.769231	0.538462	-0.127581	-0.193922	-0.554967
30	22	0.769231	0.564103	-0.131732	-0.209523	-0.545817
30	23	0.769231	0.589744	-0.131135	-0.222053	-0.491033
30	24	0.769231	0.615385	-0.134619	-0.235458	-0.531965
30	25	0.769231	0.641026	-0.127416	-0.246066	-0.432726
30	26	0.769231	0.666667	-0.126201	-0.25425	-0.483388
30	27	0.769231	0.692308	-0.111817	-0.261207	-0.399761
30	28	0.769231	0.717949	-0.0988317	-0.261428	-0.390524
30	29	0.769231	0.74359	-0.0762241	-0.261361	-0.389036
30	30	0.769231	0.769231	-0.0422213	-0.251637	-0.272336
30	31	0.769231	0.794872	-0.00720667	-0.240446	-0.377227
30	32	0.769231	0.820513	0.057225	-0.219853	-0.167042
30	33	0.769231	0.846154	0.114997	-0.195183	-0.342811
30	34	0.769231	0.871795	0.217	-0.16514	-0.113609
30	35	0.769231	0.897436	0.314106	-0.129974	-0.289445
30	36	0.769231	0.923077	0.457448	-0.0972037	-0.139724
30	37	0.769231	0.948718	0.608962	-0.063092	-0.25222
30	38	0.769231	0.974359	0.794778	-0.0458645	-0.283361
30	39	0.769231	1	1	0	0
31	0	0.794872	0	0	0	-0.690131
31	1	0.794872	0.025641	-0.00661774	-0.00103337	-0.690131
31	2	0.794872	0.0512821	-0.0132251	-0.00290565	-0.697198
31	3	0.794872	0.0769231	-0.0192922	-0.00548659	-0.692995
31	4	0.794872	0.102564	-0.0255289	-0.00944436	-0.70808
31	5	0.794872	0.128205	-0.0308421	-0.0140313	-0.693647
31	6	0.794872	0.153846	-0.0364733	-0.0195291	-0.711975
31	7	0.794872	0.179487	-0.041561	-0.0262931	-0.6998
31	8	0.794872	0.205128	-0.0464103	-0.0331046	-0.703376
31	9	0.794872	0.230769	-0.0518148	-0.0418937	-0.712142
31	10	0.794872	0.25641	-0.0560591	-0.0503126	-0.686636
31	11	0.794872	0.282051	-0.0617915	-0.0605257	-0.719778
31	12	0.794872	0.307692	-0.0660949	-0.0711778	-0.675652
31	13	0.794872	0.333333	-0.0716482	-0.0821959	-0.707281
31	14	0.794872	0.358974	-0.0767898	-0.095353	-0.680918
31	15	0.794872	0.384615	-0.0816445	-0.107194	-0.670681
31	16	0.794872	0.410256	-0.0878848	-0.122196	-0.694748
31	17	0.794872	0.435897	-0.0920065	-0.135641	-0.626336
31	18	0.794872	0.461538	-0.0987094	-0.151088	-0.691584
31	19	0.794872	0.487179	-0.102569	-0.166914	-0.600183
31	20	0.794872	0.512821	-0.108341	-0.181555	-0.647406
31	21	0.794872	0.538462	-0.112399	-0.199362	-0.603706
31	22	0.794872	0.564103	-0.115563	-0.212846	-0.562759
31	23	0.794872	0.589744	-0.119479	-0.230438	-0.617547
31	24	0.794872	0.615385	-0.118515	-0.243084	-0.468308
31	25	0.794872	0.641026	-0.120379	-0.256906	-0.598844
31	26	0.794872	0.666667	-0.113991	-0.268458	-0.40601
31	27	0.794872	0.692308	-0.109726	-0.274737	-0.50914
31	28	0.794872	0.717949	-0.0962626	-0.282889	-0.398748
31	29	0.794872	0.74359	-0.0793449	-0.278696	-0.34434
31	30	0.794872	0.769231	-0.0552005	-0.278503	-0.429751
31	31	0.794872	0.794872	-0.0168462	-0.262323	-0.148056
31	32	0.794872	0.820513	0.026094	-0.247481	-0.447032
31	33	0.794872	0.846154	0.0963464	-0.219728	-0.000149843
31	34	0.794872	0.871795	0.172744	-0.186639	-0.397702
31	35	0.794872	0.897436	0.286261	-0.151128	0.0206701
31	36	0.794872	0.923077	0.415006	-0.106296	-0.289094
31	37	0.794872	0.948718	0.582242	-0.0728625	-0.100084
31	38	0.794872	0.974359	0.775243	-0.0436465	-0.273364
31	39	0.794872	1	1	0	0
32	0	0.820513	0	0	0	-0.75559
32	1	0.820513	0.025641	-0.00546855	-0.00102789	-0.75559
32	2	0.820513	0.0512821	-0.0109142	-0.00231358	-0.755811
32	3	0.820513	0.0769231	-0.0162718	-0.00514152	-0.76891
32	4	0.820513	0.102564	-0.021155	-0.00836544	-0.754556
32	5	0.820513	0.128205	-0.0260068	-0.0128428	-0.77797
32	6	0.820513	0.153846	-0.0303922	-0.0183178	-0.75851
32	7	0.820513	0.179487	-0.0346911	-0.0240364	-0.773333
32	8	0.820513	0.205128	-0.0389593	-0.0317925	-0.772718
32	9	0.820513	0.230769	-0.0428315	-0.0389046	-0.755317
32	10	0.820513	0.25641	-0.0472139	-0.048363	-0.78828
32	11	0.820513	0.282051	-0.050999	-0.0575939	-0.738237
32	12	0.820513	0.307692	-0.0554477	-0.0679254	-0.786172
32	13	0.820513	0.333333	-0.0595712	-0.079905	-0.738766
32	14	0.820513	0.358974	-0.0639359	-0.0908257	-0.754413
32	15	0.820513	0.384615	-0.068633	-0.105286	-0.757145
32	16	0.820513	0.410256	-0.0728791	-0.117516	-0.70325
32	17	0.820513	0.435897	-0.078019	-0.133171	-0.769949
32	18	0.820513	0.461538	-0.0822338	-0.147935	-0.661348
32	19	0.820513	0.487179	-0.0873596	-0.163278	-0.744817
32	20	0.820513	0.512821	-0.0915501	-0.181082	-0.6526
32	21	0.820513	0.538462	-0.0959906	-0.195425	-0.667034
32	22	0.820513	0.564103	-0.0998393	-0.215012	-0.671838
32	23	0.820513	0.589744	-0.102701	-0.2288	-0.555905
32	24	0.820513	0.615385	-0.105336	-0.247078	-0.680077
32	25	0.820513	0.641026	-0.105329	-0.260993	-0.456489
32	26	0.820513	0.666667	-0.104971	-0.273938	-0.625012
32	27	0.820513	0.692308	-0.100067	-0.287207	-0.410783
32	28	0.820513	0.717949	-0.0934054	-0.291076	-0.475112
32	29	0.820513	0.74359	-0.0800789	-0.299903	-0.42593
32	30	0.820513	0.769231	-0.0613319	-0.29204	-0.248295
32	31	0.820513	0.794872	-0.0329803	-0.289264	-0.45938
32	32	0.820513	0.820513	0.00739596	-0.268318	-0.01891
32	33	0.820513	0.846154	0.0628183	-0.245711	-0.437382
32	34	0.820513	0.871795	0.139685	-0.212116	0.108151
32	35	0.820513	0.897436	0.241162	-0.167267	-0.317689
32	36	0.820513	0.923077	0.374734	-0.126157	0.059875
32	37	0.820513	0.948718	0.544201	-0.0740955	-0.178434
32	38	0.820513	0.974359	0.752222	-0.0457592	-0.160455
32	39	0.820513	1	1	0	0
33	0	0.846154	0	0	0	-0.819782
33	1	0.846154	0.025641	-0.00446855	-0.000647192	-0.819782
33	2	0.846154	0.0512821	-0.00899199	-0.00212213	-0.827113
33	3	0.846154	0.0769231	-0.0133653	-0.00399277	-0.81947
33	4	0.846154	0.102564	-0.017404	-0.0073222	-0.839545
33	5	0.846154	0.128205	-0.0212697	-0.0112353	-0.819824
33	6	0.846154	0.153846	-0.0247938	-0.0159058	-0.842556
33	7	0.846154	0.179487	-0.0282652	-0.0221577	-0.830197
33	8	0.846154	0.205128	-0.031527	-0.0280197	-0.8299
33	9	0.846154	0.230769	-0.0347683	-0.036283	-0.84817
33	10	0.846154	0.25641	-0.0380514	-0.0438667	-0.810274
33	11	0.846154	0.282051	-0.0412108	-0.0533195	-0.857196
33	12	0.846154	0.307692	-0.0446828	-0.0634286	-0.801697
33	13	0.846154	0.333333	-0.0479679	-0.0734659	-0.839577
33	14	0.846154	0.358974	-0.0516019	-0.0863322	-0.813514
33	15	0.846154	0.384615	-0.0552645	-0.0972669	-0.794661
33	16	0.846154	0.410256	-0.0589315	-0.112084	-0.832487
33	17	0.846154	0.435897	-0.0630708	-0.125087	-0.743987
33	18	0.846154	0.461538	-0.0667441	-0.14044	-0.828081
33	19	0.846154	0.487179	-0.0710904	-0.156592	-0.71573
33	20	0.846154	0.512821	-0.0749049	-0.171469	-0.7749
33	21	0.846154	0.538462	-0.078829	-0.190597	-0.719777
33	22	0.846154	0.564103	-0.0828035	-0.205082	-0.674426
33	23	0.846154	0.589744	-0.0855645	-0.225221	-0.733417
33	24	0.846154	0.615385	-0.0890866	-0.240189	-0.55852
33	25	0.846154	0.641026	-0.0899969	-0.257996	-0.709322
33	26	0.846154	0.666667	-0.0913503	-0.273789	-0.470916
33	27	0.846154	0.692308	-0.0894275	-0.285529	-0.60223
33	28	0.846154	0.717949	-0.085425	-0.300168	-0.43697
33	29	0.846154	0.74359	-0.0782516	-0.302553	-0.400497
33	30	0.846154	0.769231	-0.0635581	-0.310344	-0.438764
33	31	0.846154	0.794872	-0.0451547	-0.300616	-0.146075
33	32	0.846154	0.820513	-0.0105558	-0.292303	-0.414648
33	33	0.846154	0.846154	0.031982	-0.267729	0.0719373
33	34	0.846154	0.871795	0.102788	-0.234226	-0.301408
33	35	0.846154	0.897436	0.193192	-0.193297	0.157835
33	36	0.846154	0.923077	0.326435	-0.136294	-0.123032
33	37	0.846154	0.948718	0.498127	-0.08715	0.0699387
33	38	0.846154	0.974359	0.722888	-0.0391345	-0.0857733
33	39	0.846154	1	1	0	0
34	0	0.871795	0	0	0	-0.886143
34	1	0.871795	0.025641	-0.00369588	-0.000538067	-0.886143
34	2	0.871795	0.0512821	-0.00745703	-0.00123165	-0.885881
34	3	0.871795	0.0769231	-0.0108341	-0.00323182	-0.897499
34	4	0.871795	0.102564	-0.0141778	-0.00560826	-0.885315
34	5	0.871795	0.128205	-0.0169172	-0.00913958	-0.906552
34	6	0.871795	0.153846	-0.0198073	-0.0136454	-0.89049
34	7	0.871795	0.179487	-0.0222642	-0.0183577	-0.903308
34	8	0.871795	0.205128	-0.0247223	-0.0249675	-0.904823
34	9	0.871795	0.230769	-0.027303	-0.0310124	-0.888324
34	10	0.871795	0.25641	-0.0294077	-0.0391467	-0.918988
34	11	0.871795	0.282051	-0.0322703	-0.0471839	-0.8746
34	12	0.871795	0.307692	-0.0343355	-0.0561446	-0.916051
34	13	0.871795	0.333333	-0.0372837	-0.0667084	-0.875487
34	14	0.871795	0.358974	-0.0398233	-0.0763749	-0.886877
34	15	0.871795	0.384615	-0.0425113	-0.0892434	-0.889203
34	16	0.871795	0.410256	-0.0458946	-0.100366	-0.840954
34	17	0.871795	0.435897	-0.0482381	-0.114573	-0.895252
34	18	0.871795	0.461538	-0.0522938	-0.128286	-0.800884
34	19	0.871795	0.487179	-0.0547124	-0.142812	-0.867666
34	20	0.871795	0.512821	-0.0586708	-0.159671	-0.78367
34	21	0.871795	0.538462	-0.0618427	-0.174212	-0.794699
34	22	0.871795	0.564103	-0.0647526	-0.193461	-0.783602
34	23	0.871795	0.589744	-0.0689365	-0.208595	-0.689321
34	24	0.871795	0.615385	-0.0702448	-0.228122	-0.769729
34	25	0.871795	0.641026	-0.0745738	-0.244593	-0.582522
34	26	0.871795	0.666667	-0.0743005	-0.261498	-0.700283
34	27	0.871795	0.692308	-0.0764128	-0.278817	-0.502619
34	28	0.871795	0.717949	-0.0744375	-0.290085	-0.546967
34	29	0.871795	0.74359	-0.0703323	-0.304923	-0.451151
34	30	0.871795	0.769231	-0.064472	-0.307514	-0.317485
34	31	0.871795	0.794872	-0.0477741	-0.312536	-0.390563
34	32	0.871795	0.820513	-0.0302028	-0.302348	-0.0627192
34	33	0.871795	0.846154	0.010725	-0.286682	-0.262718
34	34	0.871795	0.871795	0.0594269	-0.257332	0.140824
34	35	0.871795	0.897436	0.148142	-0.211518	-0.0529486
34	36	0.871795	0.923077	0.26609	-0.158676	0.221988
34	37	0.871795	0.948718	0.445057	-0.0910736	0.114379
34	38	0.871795	0.974359	0.683642	-0.0359737	0.112341
34	39	0.871795	1	1	0	0
35	0	0.897436	0	0	0	-0.950685
35	1	0.897436	0.025641	-0.00324712	-8.63261e-05	-0.950685
35	2	0.897436	0.0512821	-0.00622474	-0.000726253	-0.955348
35	3	0.897436	0.0769231	-0.00902794	-0.00178353	-0.952159
35	4	0.897436	0.102564	-0.0111638	-0.00401118	-0.965781
35	5	0.897436	0.128205	-0.0134963	-0.00683861	-0.955157
35	6	0.897436	0.153846	-0.0151678	-0.0103793	-0.970795
35	7	0.897436	0.179487	-0.0170771	-0.015122	-0.964203
35	8	0.897436	0.205128	-0.0188078	-0.0197961	-0.965097
35	9	0.897436	0.230769	-0.0202395	-0.0261718	-0.977005
35	10	0.897436	0.25641	-0.0223335	-0.0322876	-0.953791
35	11	0.897436	0.282051	-0.0234605	-0.0397544	-0.982583
35	12	0.897436	0.307692	-0.0257838	-0.0478239	-0.947653
35	13	0.897436	0.333333	-0.0271343	-0.0560489	-0.96986
35	14	0.897436	0.358974	-0.0292272	-0.0662461	-0.951473
35	15	0.897436	0.384615	-0.0313935	-0.0755093	-0.938381
35	16	0.897436	0.410256	-0.0329273	-0.0874221	-0.956391
35	17	0.897436	0.435897	-0.0360593	-0.0985277	-0.900129
35	18	0.897436	0.461538	-0.0372772	-0.111452	-0.943991
35	19	0.897436	0.487179	-0.0408136	-0.125154	-0.869759
35	20	0.897436	0.512821	-0.0425247	-0.138666	-0.898985
35	21	0.897436	0.538462	-0.0454675	-0.15503	-0.851049
35	22	0.897436	0.564103	-0.0484882	-0.169333	-0.820089
35	23	0.897436	0.589744	-0.0500738	-0.187463	-0.829859
35	24	0.897436	0.615385	-0.0544457	-0.203179	-0.721001
35	25	0.897436	0.641026	-0.0547033	-0.221393	-0.778164
35	26	0.897436	0.666667	-0.0591695	-0.238786	-0.620535
35	27	0.897436	0.692308	-0.058815	-0.255018	-0.667141
35	28	0.897436	0.717949	-0.0607744	-0.272799	-0.526315
35	29	0.897436	0.74359	-0.0600438	-0.284724	-0.483529
35	30	0.897436	0.769231	-0.0555636	-0.298679	-0.420291
35	31	0.897436	0.794872	-0.051586	-0.302831	-0.240652
35	32	0.897436	0.820513	-0.0339921	-0.304587	-0.259822
35	33	0.897436	0.846154	-0.0156365	-0.293948	0.0247186
35	34	0.897436	0.871795	0.030536	-0.270774	-0.0116545
35	35	0.897436	0.897436	0.0928127	-0.23304	0.263717
35	36	0.897436	0.923077	0.206684	-0.17337	0.270986
35	37	0.897436	0.948718	0.376024	-0.103363	0.385684
35	38	0.897436	0.974359	0.633764	-0.0250061	0.365832
35	39	0.897436	1	1	0	0
36	0	0.923077	0	0	0	-1.01521
36	1	0.923077	0.025641	-0.0031047	0.000200138	-1.01521
36	2	0.923077	0.0512821	-0.00562839	0.000200385	-1.01684
36	3	0.923077	0.0769231	-0.00743759	-0.000686586	-1.02354
36	4	0.923077	0.102564	-0.0091894	-0.00210259	-1.02142
36	5	0.923077	0.128205	-0.0102749	-0.00438487	-1.03276
36	6	0.923077	0.153846	-0.0116732	-0.00737032	-1.02811
36	7	0.923077	0.179487	-0.0126272	-0.0107348	-1.03592
36	8	0.923077	0.205128	-0.0136401	-0.0151646	-1.03741
36	9	0.923077	0.230769	-0.0148774	-0.0195841	-1.03213
36	10	0.923077	0.25641	-0.0154837	-0.0251554	-1.04483
36	11	0.923077	0.282051	-0.0170612	-0.0309032	-1.02638
36	12	0.923077	0.307692	-0.0175744	-0.0373209	-1.04274
36	13	0.923077	0.333333	-0.0191445	-0.0446594	-1.02367
36	14	0.923077	0.358974	-0.0201299	-0.0519243	-1.02677
36	15	0.923077	0.384615	-0.0212467	-0.0608298	-1.02258
36	16	0.923077	0.410256	-0.023098	-0.069337	-0.999867
36	17	0.923077	0.435897	-0.0236865	-0.0795189	-1.01411
36	18	0.923077	0.461538	-0.0262331	-0.0898362	-0.969431
36	19	0.923077	0.487179	-0.0268106	-0.101018	-0.987065
36	20	0.923077	0.512821	-0.0293299	-0.113508	-0.940087
36	21	0.923077	0.538462	-0.0307411	-0.125709	-0.934845
36	22	0.923077	0.564103	-0.0324256	-0.140258	-0.907613
36	23	0.923077	0.589744	-0.0352315	-0.153831	-0.858521
36	24	0.923077	0.615385	-0.0357973	-0.169826	-0.857942
36	25	0.923077	0.641026	-0.0397105	-0.185174	-0.764005
36	26	0.923077	0.666667	-0.0396917	-0.20165	-0.771251
36	27	0.923077	0.692308	-0.043403	-0.218632	-0.654421
36	28	0.923077	0.717949	-0.0437558	-0.234377	-0.629238
36	29	0.923077	0.74359	-0.0451508	-0.25142	-0.520151
36	30	0.923077	0.769231	-0.0458746	-0.264547	-0.42207
36	31	0.923077	0.794872	-0.0418931	-0.277379	-0.332479
36	32	0.923077	0.820513	-0.0390274	-0.283461	-0.149515
36	33	0.923077	0.846154	-0.0226967	-0.283075	-0.0523941
36	34	0.923077	0.871795	-0.00106177	-0.270968	0.183501
36	35	0.923077	0.897436	0.0508388	-0.240744	0.328178
36	36	0.923077	0.923077	0.137456	-0.189308	0.544528
36	37	0.923077	0.948718	0.298187	-0.111838	0.671353
36	38	0.923077	0.974359	0.565436	-0.0110943	0.776029
36	39	0.923077	1	1	0	0
37	0	0.948718	0	0	0	-1.07639
37	1	0.948718	0.025641	-0.00328336	0.000566881	-1.07639
37	2	0.948718	0.0512821	-0.00521673	0.000819916	-1.08032
37	3	0.948718	0.0769231	-0.00653241	0.000485525	-1.08389
37	4	0.948718	0.102564	-0.00726632	-0.000578209	-1.09088
37	5	0.948718	0.128205	-0.00812505	-0.00213498	-1.09234
37	6	0.948718	0.153846	-0.0085509	-0.00419447	-1.09959
37	7	0.948718	0.179487	-0.00920221	-0.00681098	-1.1005
37	8	0.948718	0.205128	-0.00972597	-0.009664	-1.1035
37	9	0.948718	0.230769	-0.0100873	-0.0131887	-1.10723
37	10	0.948718	0.25641	-0.0108901	-0.0168706	-1.10313
37	11	0.948718	0.282051	-0.0110272	-0.0211516	-1.10946
37	12	0.948718	0.307692	-0.0119849	-0.025809	-1.10043
37	13	0.948718	0.333333	-0.0122259	-0.0307909	-1.10394
37	14	0.948718	0.358974	-0.0130042	-0.0365215	-1.09586
37	15	0.948718	0.384615	-0.0137318	-0.0423348	-1.08961
37	16	0.948718	0.410256	-0.0140977	-0.0491229	-1.08655
37	17	0.948718	0.435897	-0.0154227	-0.0560492	-1.06767
37	18	0.948718	0.461538	-0.0155165	-0.0638379	-1.06725
37	19	0.948718	0.487179	-0.0171308	-0.0721694	-1.03929
37	20	0.948718	0.512821	-0.0174551	-0.080986	-1.03268
37	21	0.948718	0.538462	-0.0188092	-0.0908868	-1.00275
37	22	0.948718	0.564103	-0.0199201	-0.100909	-0.979138
37	23	0.948718	0.589744	-0.0206132	-0.112358	-0.951989
37	24	0.948718	0.615385	-0.0227188	-0.123866	-0.904089
37	25	0.948718	0.641026	-0.0228419	-0.136684	-0.876528
37	26	0.948718	0.666667	-0.0255644	-0.14989	-0.803731
37	27	0.948718	0.692308	-0.0257422	-0.163779	-0.762387
37	28	0.948718	0.717949	-0.0281966	-0.17851	-0.668597
37	29	0.948718	0.74359	-0.0291362	-0.192955	-0.592947
37	30	0.948718	0.769231	-0.0301845	-0.208064	-0.477602
37	31	0.948718	0.794872	-0.0314948	-0.221596	-0.347569
37	32	0.948718	0.820513	-0.0291937	-0.233637	-0.193551
37	33	0.948718	0.846154	-0.0263793	-0.241209	0.00428984
37	34	0.948718	0.871795	-0.0128562	-0.240703	0.231331
37	35	0.948718	0.897436	0.0136096	-0.226693	0.500435
37	36	0.948718	0.923077	0.0759563	-0.188707	0.810638
37	37	0.948718	0.948718	0.206129	-0.118416	1.07541
37	38	0.948718	0.974359	0.471651	0.00928506	1.41874
37	39	0.948718	1	1	0	0
38	0	0.974359	0	0	0	-1.14035
38	1	0.974359	0.025641	-0.00437316	0.000693863	-1.14035
38	2	0.974359	0.0512821	-0.00599367	0.00114285	-1.14884
38	3	0.974359	0.0769231	-0.00667836	0.000956974	-1.15646
38	4	0.974359	0.102564	-0.00713777	0.00040193	-1.1632
38	5	0.974359	0.128205	-0.00733677	-0.000479315	-1.16956
38	6	0.974359	0.153846	-0.00765409	-0.00161757	-1.17435
38	7	0.974359	0.179487	-0.00780395	-0.00297663	-1.17907
38	8	0.974359	0.205128	-0.00801472	-0.00459705	-1.18233
38	9	0.974359	0.230769	-0.00827294	-0.00638318	-1.1848
38	10	0.974359	0.25641	-0.00834384	-0.00844041	-1.18674
38	11	0.974359	0.282051	-0.008732	-0.0106773	-1.18657
38	12	0.974359	0.307692	-0.00875016	-0.0131578	-1.18668
38	13	0.974359	0.333333	-0.00914782	-0.0158959	-1.18395
38	14	0.974359	0.358974	-0.00929684	-0.0188358	-1.18115
38	15	0.974359	0.384615	-0.009547	-0.0221235	-1.17594
38	16	0.974359	0.410256	-0.00996433	-0.0256117	-1.16899
38	17	0.974359	0.435897	-0.0100258	-0.029495	-1.16079
38	18	0.974359	0.461538	-0.0106805	-0.0336515	-1.14865
38	19	0.974359	0.487179	-0.0106946	-0.0381946	-1.13604
38	20	0.974359	0.512821	-0.0113937	-0.0431421	-1.1177
38	21	0.974359	0.538462	-0.0116117	-0.0484453	-1.09832
38	22	0.974359	0.564103	-0.0121289	-0.0542925	-1.07236
38	23	0.974359	0.589744	-0.0127572	-0.0604961	-1.04296
38	24	0.974359	0.615385	-0.0129978	-0.0673398	-1.00688
38	25	0.974359	0.641026	-0.0140592	-0.0746124	-0.9631
38	26	0.974359	0.666667	-0.0141618	-0.0825505	-0.912374
38	27	0.974359	0.692308	-0.0154591	-0.0910607	-0.848037
38	28	0.974359	0.717949	-0.0157508	-0.100201	-0.774587
38	29	0.974359	0.74359	-0.0169631	-0.110042	-0.67967
38	30	0.974359	0.769231	-0.0176745	-0.120425	-0.569194
38	31	0.974359	0.794872	-0.01841	-0.131366	-0.424725
38	32	0.974359	0.820513	-0.0188897	-0.142426	-0.250775
38	33	0.974359	0.846154	-0.0176276	-0.152821	-0.018622
38	34	0.974359	0.871795	-0.0132634	-0.160861	0.27064
38	35	0.974359	0.897436	0.000136127	-0.162507	0.66142
38	36	0.974359	0.923077	0.0354978	-0.149285	1.15507
38	37	0.974359	0.948718	0.125663	-0.10631	1.75008
38	38	0.974359	0.974359	0.358402	0.0310658	2.63318
38	39	0.974359	1	1	0	0
39	0	1	0	0	0	-1.14035
39	1	1	0.025641	0	0	-1.14035
39	2	1	0.0512821	0	0	-1.14884
39	3	1	0.0769231	0	0	-1.15646
39	4	1	0.102564	0	0	-1.1632
39	5	1	0.128205	0	0	-1.16956
39	6	1	0.153846	0	0	-1.17435
39	7	1	0.179487	0	0	-1.17907
39	8	1	0.205128	0	0	-1.18233
39	9	1	0.230769	0	0	-1.1848
39	10	1	0.25641	0	0	-1.18674
39	11	1	0.282051	0	0	-1.18657
39	12	1	0.307692	0	0	-1.18668
39	13	1	0.333333	0	0	-1.18395
39	14	1	0.358974	0	0	-1.18115
39	15	1	0.384615	0	0	-1.17594
39	16	1	0.410256	0	0	-1.16899
39	17	1	0.435897	0	0	-1.16079
39	18	1	0.461538	0	0	-1.14865
39	19	1	0.487179	0	0	-1.13604
39	20	1	0.512821	0	0	-1.1177
39	21	1	0.538462	0	0	-1.09832
39	22	1	0.564103	0	0	-1.07236
39	23	1	0.589744	0	0	-1.04296
39	24	1	0.615385	0	0	-1.00688
39	25	1	0.641026	0	0	-0.9631
39	26	1	0.666667	0	0	-0.912374
39	27	1	0.692308	0	0	-0.848037
39	28	1	0.717949	0	0	-0.774587
39	29	1	0.74359	0	0	-0.67967
39	30	1	0.769231	0	0	-0.569194
39	31	1	0.794872	0	0	-0.424725
39	32	1	0.820513	0	0	-0.250775
39	33	1	0.846154	0	0	-0.018622
39	34	1	0.871795	0	0	0.27064
39	35	1	0.897436	0	0	0.66142
39	36	1	0.923077	0	0	1.15507
39	37	1	0.948718	0	0	1.75008
39	38	1	0.974359	0	0	2.63318
39	39	1	1	1	0	0
