# i		j		x		y		u		v		p
# nx		ny		
# 40		40
# =================================
0	0	0	0	0	0	16.9582
0	1	0	0.025641	0	0	16.9582
0	2	0	0.0512821	0	0	17.0001
0	3	0	0.0769231	0	0	17.2075
0	4	0	0.102564	0	0	16.7853
0	5	0	0.128205	0	0	17.5019
0	6	0	0.153846	0	0	16.7455
0	7	0	0.179487	0	0	17.4002
0	8	0	0.205128	0	0	17.2598
0	9	0	0.230769	0	0	16.8406
0	10	0	0.25641	0	0	18.1267
0	11	0	0.282051	0	0	16.278
0	12	0	0.307692	0	0	18.5632
0	13	0	0.333333	0	0	16.3836
0	14	0	0.358974	0	0	17.9611
0	15	0	0.384615	0	0	17.5381
0	16	0	0.410256	0	0	16.6112
0	17	0	0.435897	0	0	19.187
0	18	0	0.461538	0	0	15.4474
0	19	0	0.487179	0	0	19.7779
0	20	0	0.512821	0	0	15.4356
0	21	0	0.538462	0	0	18.502
0	22	0	0.564103	0	0	17.0879
0	23	0	0.589744	0	0	16.2624
0	24	0	0.615385	0	0	19.6448
0	25	0	0.641026	0	0	14.3719
0	26	0	0.666667	0	0	20.7076
0	27	0	0.692308	0	0	13.6412
0	28	0	0.717949	0	0	18.7478
0	29	0	0.74359	0	0	14.4193
0	30	0	0.769231	0	0	15.0477
0	31	0	0.794872	0	0	16.2737
0	32	0	0.820513	0	0	11.8336
0	33	0	0.846154	0	0	16.6618
0	34	0	0.871795	0	0	10.1674
0	35	0	0.897436	0	0	12.683
0	36	0	0.923077	0	0	9.1065
0	37	0	0.948718	0	0	6.38034
0	38	0	0.974359	0	0	6.12273
0	39	0	1	1	0	0
1	0	0.025641	0	0	0	16.9582
1	1	0.025641	0.025641	-0.0141079	-0.0120031	16.9582
1	2	0.025641	0.0512821	-0.0375425	-0.035918	17.0001
1	3	0.025641	0.0769231	0.0139055	-0.0311485	17.2075
1	4	0.025641	0.102564	-0.0819871	-0.0627705	16.7853
1	5	0.025641	0.128205	0.0518591	-0.0677794	17.5019
1	6	0.025641	0.153846	-0.0850054	-0.0786626	16.7455
1	7	0.025641	0.179487	0.0201785	-0.124485	17.4002
1	8	0.025641	0.205128	-0.000797407	-0.100712	17.2598
1	9	0.025641	0.230769	-0.0985228	-0.175997	16.8406
1	10	0.025641	0.25641	0.124789	-0.141122	18.1267
1	11	0.025641	0.282051	-0.211157	-0.191198	16.278
1	12	0.025641	0.307692	0.181824	-0.202346	18.5632
1	13	0.025641	0.333333	-0.177044	-0.188565	16.3836
1	14	0.025641	0.358974	0.076597	-0.286953	17.9611
1	15	0.025641	0.384615	0.0209722	-0.216695	17.5381
1	16	0.025641	0.410256	-0.175578	-0.346368	16.6112
1	17	0.025641	0.435897	0.238309	-0.262271	19.187
1	18	0.025641	0.461538	-0.378755	-0.314974	15.4474
1	19	0.025641	0.487179	0.321009	-0.310157	19.7779
1	20	0.025641	0.512821	-0.309929	-0.258569	15.4356
1	21	0.025641	0.538462	0.164926	-0.39728	18.502
1	22	0.025641	0.564103	-0.00823145	-0.274984	17.0879
1	23	0.025641	0.589744	-0.215285	-0.450458	16.2624
1	24	0.025641	0.615385	0.281389	-0.288027	19.6448
1	25	0.025641	0.641026	-0.566429	-0.330989	14.3719
1	26	0.025641	0.666667	0.414386	-0.224653	20.7076
1	27	0.025641	0.692308	-0.575894	-0.111468	13.6412
1	28	0.025641	0.717949	0.308344	-0.184352	18.7478
1	29	0.025641	0.74359	-0.221414	0.00749311	14.4193
1	30	0.025641	0.769231	-0.0925264	-0.181349	15.0477
1	31	0.025641	0.794872	0.1722	0.0525416	16.2737
1	32	0.025641	0.820513	-0.574293	-0.007369	11.8336
1	33	0.025641	0.846154	0.359569	0.207853	16.6618
1	34	0.025641	0.871795	-0.709542	0.387193	10.1674
1	35	0.025641	0.897436	0.306724	0.430623	12.683
1	36	0.025641	0.923077	-0.317076	0.666271	9.1065
1	37	0.025641	0.948718	0.169155	0.536734	6.38034
1	38	0.025641	0.974359	0.309419	0.55185	6.12273
1	39	0.025641	1	1	0	0
2	0	0.0512821	0	0	0	16.9956
2	1	0.0512821	0.025641	-0.0311397	-0.0398524	16.9956
2	2	0.0512821	0.0512821	0.000800049	-0.0160704	17.5592
2	3	0.0512821	0.0769231	-0.104447	-0.117076	15.6959
2	4	0.0512821	0.102564	0.0792283	-0.0689434	19.3443
2	5	0.0512821	0.128205	-0.15838	-0.137239	14.3096
2	6	0.0512821	0.153846	0.100071	-0.199431	19.7402
2	7	0.0512821	0.179487	-0.0837293	-0.123229	15.702
2	8	0.0512821	0.205128	-0.0377093	-0.354364	16.7075
2	9	0.0512821	0.230769	0.119527	-0.160896	20.312
2	10	0.0512821	0.25641	-0.278011	-0.42068	11.7173
2	11	0.0512821	0.282051	0.30031	-0.302137	24.6583
2	12	0.0512821	0.307692	-0.369952	-0.356214	9.54597
2	13	0.0512821	0.333333	0.28062	-0.537665	23.86
2	14	0.0512821	0.358974	-0.136411	-0.294009	14.041
2	15	0.0512821	0.384615	-0.0483798	-0.760055	16.3743
2	16	0.0512821	0.410256	0.240406	-0.362115	23.4308
2	17	0.0512821	0.435897	-0.508992	-0.7661	6.83325
2	18	0.0512821	0.461538	0.486663	-0.537345	30.6996
2	19	0.0512821	0.487179	-0.637155	-0.549021	3.36421
2	20	0.0512821	0.512821	0.454593	-0.804249	28.8933
2	21	0.0512821	0.538462	-0.248343	-0.395759	10.4137
2	22	0.0512821	0.564103	-0.0103183	-1.04694	17.3331
2	23	0.0512821	0.589744	0.241354	-0.431238	24.1066
2	24	0.0512821	0.615385	-0.713566	-0.965007	3.13477
2	25	0.0512821	0.641026	0.507284	-0.488249	35.2571
2	26	0.0512821	0.666667	-1.05983	-0.51152	-4.002
2	27	0.0512821	0.692308	0.561634	-0.568966	35.4374
2	28	0.0512821	0.717949	-0.693438	-0.0488894	1.50532
2	29	0.0512821	0.74359	0.196962	-0.708849	22.5618
2	30	0.0512821	0.769231	-0.0106929	0.116321	16.4116
2	31	0.0512821	0.794872	-0.646268	-0.586235	4.0754
2	32	0.0512821	0.820513	0.391702	0.178528	30.2737
2	33	0.0512821	0.846154	-1.3453	0.0650142	-7.77412
2	34	0.0512821	0.871795	0.55389	0.308267	31.9877
2	35	0.0512821	0.897436	-1.19544	0.893306	-5.09827
2	36	0.0512821	0.923077	0.523967	0.423511	18.1659
2	37	0.0512821	0.948718	-0.234824	1.03211	5.03456
2	38	0.0512821	0.974359	0.516612	0.625554	5.97369
2	39	0.0512821	1	1	0	0
3	0	0.0769231	0	0	0	17.197
3	1	0.0769231	0.025641	-0.0147835	0.00465284	17.197
3	2	0.0769231	0.0512821	-0.0708091	-0.137443	15.7278
3	3	0.0769231	0.0769231	0.0546562	-0.0157888	20.2781
3	4	0.0769231	0.102564	-0.156746	-0.21043	11.9311
3	5	0.0769231	0.128205	0.142024	-0.171899	23.3647
3	6	0.0769231	0.153846	-0.158539	-0.16079	11.2991
3	7	0.0769231	0.179487	0.100228	-0.446347	20.587
3	8	0.0769231	0.205128	0.0145809	-0.115527	18.2118
3	9	0.0769231	0.230769	-0.142453	-0.659825	10.663
3	10	0.0769231	0.25641	0.2645	-0.249992	29.21
3	11	0.0769231	0.282051	-0.397605	-0.615204	1.11769
3	12	0.0769231	0.307692	0.406169	-0.610851	34.2038
3	13	0.0769231	0.333333	-0.31724	-0.395945	3.24677
3	14	0.0769231	0.358974	0.240365	-1.07786	24.8343
3	15	0.0769231	0.384615	0.0799764	-0.341333	19.6269
3	16	0.0769231	0.410256	-0.290371	-1.30083	4.26027
3	17	0.0769231	0.435897	0.420459	-0.574274	39.127
3	18	0.0769231	0.461538	-0.723157	-1.03786	-11.5254
3	19	0.0769231	0.487179	0.573246	-1.0224	45.9661
3	20	0.0769231	0.512821	-0.523779	-0.593991	-7.01608
3	21	0.0769231	0.538462	0.350575	-1.55978	30.9831
3	22	0.0769231	0.564103	0.0365811	-0.471268	17.0405
3	23	0.0769231	0.589744	-0.407188	-1.72998	1.45587
3	24	0.0769231	0.615385	0.330583	-0.621336	44.2146
3	25	0.0769231	0.641026	-1.12569	-1.25124	-22.2804
3	26	0.0769231	0.666667	0.450523	-0.859072	57.147
3	27	0.0769231	0.692308	-1.09201	-0.437438	-23.1238
3	28	0.0769231	0.717949	0.406488	-1.24324	44.758
3	29	0.0769231	0.74359	-0.383974	0.0854689	1.41904
3	30	0.0769231	0.769231	-0.28298	-1.42456	10.3685
3	31	0.0769231	0.794872	0.116947	0.152972	34.6775
3	32	0.0769231	0.820513	-1.35662	-0.853871	-23.8822
3	33	0.0769231	0.846154	0.268086	0.137072	55.3784
3	34	0.0769231	0.871795	-1.841	0.360601	-35.1948
3	35	0.0769231	0.897436	0.540481	0.0526681	48.7809
3	36	0.0769231	0.923077	-1.10892	1.33158	-17.0786
3	37	0.0769231	0.948718	0.685056	0.0823041	18.9303
3	38	0.0769231	0.974359	0.320649	1.059	5.48301
3	39	0.0769231	1	1	0	0
4	0	0.102564	0	0	0	16.8306
4	1	0.102564	0.025641	-0.0247672	-0.093457	16.8306
4	2	0.102564	0.0512821	0.0091763	0.0321334	19.2333
4	3	0.102564	0.0769231	-0.0832822	-0.256998	12.002
4	4	0.102564	0.102564	0.102238	-0.0656897	25.1203
4	5	0.102564	0.128205	-0.139266	-0.253997	7.122
4	6	0.102564	0.153846	0.175863	-0.382232	26.6051
4	7	0.102564	0.179487	-0.0815206	-0.11721	11.3296
4	8	0.102564	0.205128	0.0878978	-0.777443	16.4776
4	9	0.102564	0.230769	0.116364	-0.11952	26.5647
4	10	0.102564	0.25641	-0.183955	-0.917642	-1.18383
4	11	0.102564	0.282051	0.339199	-0.465157	41.5968
4	12	0.102564	0.307692	-0.333041	-0.648021	-9.52741
4	13	0.102564	0.333333	0.431722	-1.11693	39.8352
4	14	0.102564	0.358974	-0.0996786	-0.341906	5.31513
4	15	0.102564	0.384615	0.133953	-1.69761	14.734
4	16	0.102564	0.410256	0.229119	-0.453439	35.8324
4	17	0.102564	0.435897	-0.442529	-1.65195	-17.2603
4	18	0.102564	0.461538	0.43892	-0.960974	58.9688
4	19	0.102564	0.487179	-0.616292	-1.02545	-27.7797
4	20	0.102564	0.512821	0.533008	-1.74362	53.7784
4	21	0.102564	0.538462	-0.18528	-0.535847	-3.83321
4	22	0.102564	0.564103	0.103448	-2.3315	16.8373
4	23	0.102564	0.589744	0.115303	-0.606103	37.7885
4	24	0.102564	0.615385	-0.74625	-2.09093	-26.7964
4	25	0.102564	0.641026	0.121242	-0.93353	69.8208
4	26	0.102564	0.666667	-1.15478	-1.16698	-46.3377
4	27	0.102564	0.692308	0.236918	-1.4734	72.0926
4	28	0.102564	0.717949	-0.725417	-0.202162	-26.7582
4	29	0.102564	0.74359	0.0633323	-2.06129	35.3755
4	30	0.102564	0.769231	-0.188769	0.13091	20.25
4	31	0.102564	0.794872	-0.861885	-1.88254	-20.5325
4	32	0.102564	0.820513	-0.18435	0.047811	63.8953
4	33	0.102564	0.846154	-1.79522	-0.746977	-58.0792
4	34	0.102564	0.871795	-0.0817804	-0.147522	80.2452
4	35	0.102564	0.897436	-1.73609	0.806518	-54.7024
4	36	0.102564	0.923077	0.478623	-0.501107	55.1238
4	37	0.102564	0.948718	-0.449049	1.47822	-16.4947
4	38	0.102564	0.974359	0.810325	-0.0174909	12.2626
4	39	0.102564	1	1	0	0
5	0	0.128205	0	0	0	17.4298
5	1	0.128205	0.025641	-0.00892188	0.028039	17.4298
5	2	0.128205	0.0512821	-0.00667751	-0.216869	14.5043
5	3	0.128205	0.0769231	0.0227434	0.0298327	23.2058
5	4	0.128205	0.102564	-0.0235638	-0.340646	7.01091
5	5	0.128205	0.128205	0.12317	-0.198621	29.8059
5	6	0.128205	0.153846	-0.0581498	-0.228739	4.37228
5	7	0.128205	0.179487	0.222675	-0.669361	26.061
5	8	0.128205	0.205128	-0.0177784	-0.05905	16.3594
5	9	0.128205	0.230769	0.150776	-1.07611	7.08661
5	10	0.128205	0.25641	0.128422	-0.205769	38.5615
5	11	0.128205	0.282051	-0.0733366	-1.00476	-13.9248
5	12	0.128205	0.307692	0.355062	-0.830033	51.3493
5	13	0.128205	0.333333	-0.120962	-0.526593	-12.7967
5	14	0.128205	0.358974	0.453906	-1.70651	35.3591
5	15	0.128205	0.384615	0.0473046	-0.307188	18.1629
5	16	0.128205	0.410256	0.09997	-2.11815	-5.37068
5	17	0.128205	0.435897	0.165236	-0.672051	57.0035
5	18	0.128205	0.461538	-0.353815	-1.6365	-37.7954
5	19	0.128205	0.487179	0.368139	-1.49585	72.8162
5	20	0.128205	0.512821	-0.282552	-0.788428	-30.5223
5	21	0.128205	0.538462	0.44871	-2.47481	45.4821
5	22	0.128205	0.564103	-0.0350532	-0.497541	14.4067
5	23	0.128205	0.589744	-0.121725	-2.71055	-10.5266
5	24	0.128205	0.615385	-0.184736	-0.780291	64.153
5	25	0.128205	0.641026	-0.822049	-1.96073	-53.3498
5	26	0.128205	0.666667	-0.227754	-1.32939	88.9894
5	27	0.128205	0.692308	-0.850832	-0.771706	-54.4249
5	28	0.128205	0.717949	0.000170608	-2.15284	68.6771
5	29	0.128205	0.74359	-0.429662	0.050483	-10.1676
5	30	0.128205	0.769231	-0.315519	-2.54386	5.86732
5	31	0.128205	0.794872	-0.482262	0.109686	50.238
5	32	0.128205	0.820513	-1.2544	-1.79208	-56.8183
5	33	0.128205	0.846154	-0.794113	-0.140258	92.0457
5	34	0.128205	0.871795	-1.76728	-0.295624	-81.2882
5	35	0.128205	0.897436	-0.42991	-0.625691	92.6331
5	36	0.128205	0.923077	-1.10313	1.23114	-54.4637
5	37	0.128205	0.948718	0.434185	-0.983926	43.1606
5	38	0.128205	0.974359	0.362392	1.29751	-3.67077
5	39	0.128205	1	1	0	0
6	0	0.153846	0	0	0	16.871
6	1	0.153846	0.025641	0.0132454	-0.100122	16.871
6	2	0.153846	0.0512821	-0.0212249	0.0388268	19.3598
6	3	0.153846	0.0769231	0.0933682	-0.317966	11.2776
6	4	0.153846	0.102564	-0.000616715	-0.0281394	27.1115
6	5	0.153846	0.128205	0.0976457	-0.37407	3.36441
6	6	0.153846	0.153846	0.161695	-0.384103	31.9334
6	7	0.153846	0.179487	0.000557517	-0.179906	5.18052
6	8	0.153846	0.205128	0.357926	-0.93452	21.6458
6	9	0.153846	0.230769	-0.0681475	-0.04257	24.303
6	10	0.153846	0.25641	0.344344	-1.22659	-3.33635
6	11	0.153846	0.282051	0.0559719	-0.379078	48.8702
6	12	0.153846	0.307692	0.15875	-0.909897	-21.037
6	13	0.153846	0.333333	0.404422	-1.25486	53.0192
6	14	0.153846	0.358974	0.0385392	-0.359852	-6.29453
6	15	0.153846	0.384615	0.565179	-2.12163	21.3196
6	16	0.153846	0.410256	-0.0766119	-0.326196	36.2224
6	17	0.153846	0.435897	0.234194	-2.13232	-25.6767
6	18	0.153846	0.461538	-0.0577841	-0.932937	73.6671
6	19	0.153846	0.487179	-0.0565791	-1.28773	-46.3267
6	20	0.153846	0.512821	0.321297	-2.01348	72.3068
6	21	0.153846	0.538462	-0.0461342	-0.486086	-17.9092
6	22	0.153846	0.564103	0.39724	-2.81816	22.9186
6	23	0.153846	0.589744	-0.333511	-0.461911	38.6249
6	24	0.153846	0.615385	-0.195422	-2.49437	-36.7303
6	25	0.153846	0.641026	-0.737117	-0.90249	84.3849
6	26	0.153846	0.666667	-0.62504	-1.41623	-64.5896
6	27	0.153846	0.692308	-0.541253	-1.67672	91.6046
6	28	0.153846	0.717949	-0.513806	-0.219316	-42.6399
6	29	0.153846	0.74359	-0.174119	-2.51506	44.7516
6	30	0.153846	0.769231	-0.584276	0.292015	17.9895
6	31	0.153846	0.794872	-0.580024	-2.35839	-29.9694
6	32	0.153846	0.820513	-1.21337	0.11419	78.4039
6	33	0.153846	0.846154	-1.3263	-1.20878	-80.5576
6	34	0.153846	0.871795	-1.45515	-0.355415	107.196
6	35	0.153846	0.897436	-1.31941	0.343194	-82.3676
6	36	0.153846	0.923077	-0.624831	-1.10111	83.0168
6	37	0.153846	0.948718	-0.296428	1.43045	-35.0106
6	38	0.153846	0.974359	0.539573	-0.695578	19.1528
6	39	0.153846	1	1	0	0
7	0	0.179487	0	0	0	17.1363
7	1	0.179487	0.025641	-0.00654275	-0.0134609	17.1363
7	2	0.179487	0.0512821	0.116431	-0.171589	16.0209
7	3	0.179487	0.0769231	-0.0801591	0.00497564	20.6749
7	4	0.179487	0.102564	0.26352	-0.394099	9.49242
7	5	0.179487	0.128205	-0.0199542	-0.109393	29.0031
7	6	0.179487	0.153846	0.201178	-0.407918	2.03609
7	7	0.179487	0.179487	0.291728	-0.546149	31.8105
7	8	0.179487	0.205128	-0.0649546	-0.162723	7.38225
7	9	0.179487	0.230769	0.610408	-1.08891	17.13
7	10	0.179487	0.25641	-0.24669	-0.0704477	30.4024
7	11	0.179487	0.282051	0.628973	-1.22445	-9.2994
7	12	0.179487	0.307692	0.00636019	-0.575945	52.9142
7	13	0.179487	0.333333	0.359927	-0.744567	-20.313
7	14	0.179487	0.358974	0.578662	-1.55151	46.6527
7	15	0.179487	0.384615	-0.0814444	-0.234672	4.81809
7	16	0.179487	0.410256	0.792524	-2.14818	6.5905
7	17	0.179487	0.435897	-0.485894	-0.344074	50.0161
7	18	0.179487	0.461538	0.521915	-1.77865	-35.2472
7	19	0.179487	0.487179	-0.27973	-1.13055	77.6952
7	20	0.179487	0.512821	0.247044	-0.806212	-40.0404
7	21	0.179487	0.538462	0.377067	-2.23008	57.1427
7	22	0.179487	0.564103	-0.227071	-0.22415	1.44497
7	23	0.179487	0.589744	0.413423	-2.52689	-0.123567
7	24	0.179487	0.615385	-1.05494	-0.367397	56.1895
7	25	0.179487	0.641026	-0.0897355	-1.81803	-47.4152
7	26	0.179487	0.666667	-1.32162	-0.898532	88.5582
7	27	0.179487	0.692308	-0.303463	-0.67733	-56.5955
7	28	0.179487	0.717949	-0.699635	-1.76989	74.3857
7	29	0.179487	0.74359	-0.472742	0.323284	-18.6907
7	30	0.179487	0.769231	-0.235037	-2.23705	11.9693
7	31	0.179487	0.794872	-1.27687	0.525093	43.9518
7	32	0.179487	0.820513	-0.662623	-1.57263	-52.8073
7	33	0.179487	0.846154	-2.14917	0.162614	92.1495
7	34	0.179487	0.871795	-1.07759	-0.386998	-81.2668
7	35	0.179487	0.897436	-1.91886	-0.53891	100.098
7	36	0.179487	0.923077	-0.661865	0.933377	-61.7801
7	37	0.179487	0.948718	-0.507955	-1.20317	52.0163
7	38	0.179487	0.974359	0.396155	1.26231	-8.63962
7	39	0.179487	1	1	0	0
8	0	0.205128	0	0	0	17.4247
8	1	0.205128	0.025641	0.0546194	-0.0182098	17.4247
8	2	0.205128	0.0512821	-0.0559623	-0.0867056	16.0679
8	3	0.205128	0.0769231	0.301602	-0.229165	17.382
8	4	0.205128	0.102564	-0.154544	-0.0334981	19.5283
8	5	0.205128	0.128205	0.43232	-0.511352	9.76763
8	6	0.205128	0.153846	0.0451459	-0.154134	29.6617
8	7	0.205128	0.179487	0.195628	-0.505667	0.582226
8	8	0.205128	0.205128	0.531943	-0.634641	33.0223
8	9	0.205128	0.230769	-0.283344	-0.186112	6.57684
8	10	0.205128	0.25641	0.918462	-1.15253	17.0758
8	11	0.205128	0.282051	-0.439661	-0.0992508	31.013
8	12	0.205128	0.307692	0.888411	-1.19876	-9.22562
8	13	0.205128	0.333333	0.116162	-0.694242	50.9124
8	14	0.205128	0.358974	0.329272	-0.654499	-16.3206
8	15	0.205128	0.384615	0.863933	-1.55825	39.7272
8	16	0.205128	0.410256	-0.571589	-0.167422	11.0949
8	17	0.205128	0.435897	1.06166	-1.84051	1.9675
8	18	0.205128	0.461538	-0.986178	-0.303804	51.5188
8	19	0.205128	0.487179	0.844757	-1.32497	-30.7621
8	20	0.205128	0.512821	-0.309048	-1.13663	67.6575
8	21	0.205128	0.538462	0.266287	-0.448736	-26.2498
8	22	0.205128	0.564103	0.526671	-1.92829	38.8551
8	23	0.205128	0.589744	-0.943199	-0.0628148	14.0835
8	24	0.205128	0.615385	0.445847	-1.778	-7.72215
8	25	0.205128	0.641026	-1.93674	-0.205907	56.3675
8	26	0.205128	0.666667	0.116476	-1.04465	-38.4207
8	27	0.205128	0.692308	-1.68501	-0.717992	73.2782
8	28	0.205128	0.717949	-0.102711	-0.0396535	-36.1304
8	29	0.205128	0.74359	-0.627737	-1.41538	45.9952
8	30	0.205128	0.769231	-0.950817	0.683603	3.76323
8	31	0.205128	0.794872	-0.214481	-1.35514	-9.66938
8	32	0.205128	0.820513	-2.35087	0.67392	53.7493
8	33	0.205128	0.846154	-0.594299	-0.602936	-51.1844
8	34	0.205128	0.871795	-2.93116	0.225898	82.6269
8	35	0.205128	0.897436	-0.619547	0.328548	-60.6792
8	36	0.205128	0.923077	-1.91766	-0.576672	70.2573
8	37	0.205128	0.948718	-0.011837	1.17147	-30.7257
8	38	0.205128	0.974359	0.0796485	-0.551684	18.3178
8	39	0.205128	1	1	0	0
9	0	0.230769	0	0	0	16.3432
9	1	0.230769	0.025641	0.00833928	-0.137191	16.3432
9	2	0.230769	0.0512821	0.205431	0.000848978	20.5494
9	3	0.230769	0.0769231	-0.130891	-0.17609	11.4678
9	4	0.230769	0.102564	0.502826	-0.354522	21.6049
9	5	0.230769	0.128205	-0.16	-0.0120273	17.0376
9	6	0.230769	0.153846	0.52625	-0.744676	9.3403
9	7	0.230769	0.179487	0.22396	-0.144633	32.8595
9	8	0.230769	0.205128	0.0504179	-0.676504	-5.31431
9	9	0.230769	0.230769	0.80269	-0.696166	39.4643
9	10	0.230769	0.25641	-0.550699	-0.205377	-0.031648
9	11	0.230769	0.282051	1.18487	-1.26933	22.2512
9	12	0.230769	0.307692	-0.456398	-0.0776654	27.394
9	13	0.230769	0.333333	0.985048	-1.32451	-7.6302
9	14	0.230769	0.358974	0.405498	-0.672228	49.4632
9	15	0.230769	0.384615	-0.0612567	-0.724866	-17.8576
9	16	0.230769	0.410256	1.09565	-1.34851	42.132
9	17	0.230769	0.435897	-1.24222	-0.133865	4.86167
9	18	0.230769	0.461538	1.2701	-1.5385	10.6868
9	19	0.230769	0.487179	-1.22539	-0.171009	40.199
9	20	0.230769	0.512821	1.01345	-1.12619	-19.1826
9	21	0.230769	0.538462	-0.0525924	-0.87454	53.3609
9	22	0.230769	0.564103	-0.228381	-0.41734	-18.3297
9	23	0.230769	0.589744	0.590426	-1.28974	34.0344
9	24	0.230769	0.615385	-1.94107	-0.0391394	8.49208
9	25	0.230769	0.641026	0.3967	-1.09583	4.79856
9	26	0.230769	0.666667	-2.5336	0.00976491	37.1779
9	27	0.230769	0.692308	0.275858	-0.57328	-17.4587
9	28	0.230769	0.717949	-1.60212	-0.334543	47.0567
9	29	0.230769	0.74359	-0.291574	0.203357	-16.5514
9	30	0.230769	0.769231	-0.400974	-0.654267	25.6636
9	31	0.230769	0.794872	-1.92207	0.696301	9.84724
9	32	0.230769	0.820513	-0.2711	-0.404994	-6.66812
9	33	0.230769	0.846154	-3.3306	0.686668	38.886
9	34	0.230769	0.871795	-0.445855	0.0425617	-28.6884
9	35	0.230769	0.897436	-3.13077	0.304846	51.7869
9	36	0.230769	0.923077	-0.0936323	0.643779	-30.0947
9	37	0.230769	0.948718	-1.24095	-0.327672	31.8598
9	38	0.230769	0.974359	0.534205	0.914725	-4.71223
9	39	0.230769	1	1	0	0
10	0	0.25641	0	0	0	18.1727
10	1	0.25641	0.025641	0.081536	0.103532	18.1727
10	2	0.25641	0.0512821	-0.00319793	-0.327569	10.8965
10	3	0.25641	0.0769231	0.385508	-0.0456143	27.7471
10	4	0.25641	0.102564	-0.153437	-0.191383	4.29454
10	5	0.25641	0.128205	0.661102	-0.62906	25.8597
10	6	0.25641	0.153846	-0.0501196	0.0842492	17.3984
10	7	0.25641	0.179487	0.527113	-1.09792	3.71741
10	8	0.25641	0.205128	0.434194	-0.144862	42.236
10	9	0.25641	0.230769	-0.154196	-0.84842	-17.979
10	10	0.25641	0.25641	1.00723	-0.859022	51.338
10	11	0.25641	0.282051	-0.666471	-0.154974	-10.0193
10	12	0.25641	0.307692	1.35406	-1.6077	27.8616
10	13	0.25641	0.333333	-0.204805	-0.0069716	26.4711
10	14	0.25641	0.358974	0.813813	-1.68316	-12.7742
10	15	0.25641	0.384615	0.665102	-0.603626	57.1644
10	16	0.25641	0.410256	-0.684825	-0.90924	-31.7282
10	17	0.25641	0.435897	1.12727	-1.24653	56.8643
10	18	0.25641	0.461538	-1.65531	-0.0698337	-12.5226
10	19	0.25641	0.487179	1.38605	-1.62145	25.2679
10	20	0.25641	0.512821	-0.943816	0.0349009	26.9196
10	21	0.25641	0.538462	0.813307	-1.40408	-13.9068
10	22	0.25641	0.564103	0.238787	-0.522848	50.9949
10	23	0.25641	0.589744	-1.11156	-0.696478	-28.003
10	24	0.25641	0.615385	0.353776	-0.866755	48.5067
10	25	0.25641	0.641026	-2.64682	-0.0683125	-15.1345
10	26	0.25641	0.666667	0.261023	-0.899179	28.0861
10	27	0.25641	0.692308	-2.48288	0.272633	10.4502
10	28	0.25641	0.717949	0.217795	-0.648739	1.30058
10	29	0.25641	0.74359	-1.12547	0.163675	28.8914
10	30	0.25641	0.769231	-0.980356	-0.07133	-12.8588
10	31	0.25641	0.794872	-0.365221	0.0172773	28.4641
10	32	0.25641	0.820513	-2.89315	0.426313	-8.21998
10	33	0.25641	0.846154	-0.477857	0.0292792	16.5231
10	34	0.25641	0.871795	-3.6538	0.647514	5.5807
10	35	0.25641	0.897436	-0.232403	0.150495	1.35976
10	36	0.25641	0.923077	-2.4919	0.463284	15.2462
10	37	0.25641	0.948718	0.365371	0.44154	-4.34522
10	38	0.25641	0.974359	-0.0461701	0.177678	7.69018
10	39	0.25641	1	1	0	0
11	0	0.282051	0	0	0	15.671
11	1	0.282051	0.025641	0.0662243	-0.262266	15.671
11	2	0.282051	0.0512821	0.21163	0.179865	24.7801
11	3	0.282051	0.0769231	0.034976	-0.463402	1.38967
11	4	0.282051	0.102564	0.532057	-0.238133	36.4588
11	5	0.282051	0.128205	-0.0713058	-0.0877617	-1.036
11	6	0.282051	0.153846	0.777784	-1.05088	25.5242
11	7	0.282051	0.179487	0.10409	0.189811	24.4173
11	8	0.282051	0.205128	0.495593	-1.46533	-9.43116
11	9	0.282051	0.230769	0.55718	-0.246506	57.6481
11	10	0.282051	0.25641	-0.256344	-0.905824	-34.4816
11	11	0.282051	0.282051	1.14159	-1.23438	64.0199
11	12	0.282051	0.307692	-0.502666	-0.0100234	-15.885
11	13	0.282051	0.333333	1.40843	-2.21058	25.8752
11	14	0.282051	0.358974	0.125167	0.0201767	35.867
11	15	0.282051	0.384615	0.418718	-2.1359	-30.5759
11	16	0.282051	0.410256	0.641365	-0.684888	76.3459
11	17	0.282051	0.435897	-1.15977	-1.02863	-55.3014
11	18	0.282051	0.461538	1.03884	-1.51594	76.9306
11	19	0.282051	0.487179	-1.4877	0.0851297	-28.4936
11	20	0.282051	0.512821	1.37772	-2.21587	32.1728
11	21	0.282051	0.538462	-0.381362	0.173203	27.2256
11	22	0.282051	0.564103	0.204011	-1.96632	-26.5122
11	23	0.282051	0.589744	0.101307	-0.439958	66.8468
11	24	0.282051	0.615385	-1.85643	-0.96363	-53.6204
11	25	0.282051	0.641026	-0.10854	-0.922795	72.6435
11	26	0.282051	0.666667	-2.68664	-0.00587994	-41.7882
11	27	0.282051	0.692308	0.0771228	-1.22797	47.3251
11	28	0.282051	0.717949	-1.8689	0.549436	-4.54335
11	29	0.282051	0.74359	-0.183489	-1.19137	3.24563
11	30	0.282051	0.769231	-0.792412	0.477703	33.0832
11	31	0.282051	0.794872	-1.8191	-0.550622	-31.8802
11	32	0.282051	0.820513	-0.727129	0.170722	50.2845
11	33	0.282051	0.846154	-3.28605	0.187799	-40.687
11	34	0.282051	0.871795	-0.703212	-0.0757401	45.1735
11	35	0.282051	0.897436	-3.12971	0.691316	-27.5155
11	36	0.282051	0.923077	0.00944442	-0.206965	24.41
11	37	0.282051	0.948718	-1.18141	0.687426	-6.43905
11	38	0.282051	0.974359	0.679184	0.0494392	4.96276
11	39	0.282051	1	1	0	0
12	0	0.307692	0	0	0	18.2225
12	1	0.307692	0.025641	0.10002	0.161897	18.2225
12	2	0.307692	0.0512821	0.192397	-0.499678	8.26488
12	3	0.307692	0.0769231	0.299327	0.133085	34.2145
12	4	0.307692	0.102564	0.170245	-0.461076	-8.0057
12	5	0.307692	0.128205	0.651423	-0.566494	42.1492
12	6	0.307692	0.153846	0.0598334	0.086999	-0.372128
12	7	0.307692	0.179487	0.911814	-1.49975	18.025
12	8	0.307692	0.205128	0.159252	0.231991	37.7598
12	9	0.307692	0.230769	0.542409	-1.68608	-27.1841
12	10	0.307692	0.25641	0.570197	-0.481333	74.7064
12	11	0.307692	0.282051	-0.141593	-0.768727	-47.5156
12	12	0.307692	0.307692	1.27656	-1.82047	70.2891
12	13	0.307692	0.333333	-0.179585	0.174773	-10.5575
12	14	0.307692	0.358974	1.36317	-2.86774	10.641
12	15	0.307692	0.384615	0.174887	-0.0714699	56.5227
12	16	0.307692	0.410256	0.0405968	-2.3853	-57.576
12	17	0.307692	0.435897	0.358016	-0.969567	100.707
12	18	0.307692	0.461538	-1.19338	-0.900922	-76.2048
12	19	0.307692	0.487179	0.995132	-2.14322	90.27
12	20	0.307692	0.512821	-0.897427	0.313427	-28.6017
12	21	0.307692	0.538462	1.16948	-2.98567	19.8512
12	22	0.307692	0.564103	-0.216346	0.119392	45.6971
12	23	0.307692	0.589744	-0.487784	-2.25764	-54.4163
12	24	0.307692	0.615385	-0.515953	-0.630995	91.3961
12	25	0.307692	0.641026	-2.1044	-0.920284	-78.9625
12	26	0.307692	0.666667	-0.579867	-1.26694	92.102
12	27	0.307692	0.692308	-2.17968	0.236877	-53.7271
12	28	0.307692	0.717949	-0.165422	-1.82434	49.0792
12	29	0.307692	0.74359	-1.28784	0.750113	3.06543
12	30	0.307692	0.769231	-0.76762	-1.688	-17.1611
12	31	0.307692	0.794872	-1.03995	0.464977	54.7884
12	32	0.307692	0.820513	-2.2966	-0.748979	-61.9092
12	33	0.307692	0.846154	-1.29	-0.0282889	75.978
12	34	0.307692	0.871795	-2.98374	0.185379	-67.8681
12	35	0.307692	0.897436	-0.834064	-0.491513	65.198
12	36	0.307692	0.923077	-1.96913	0.867021	-42.1668
12	37	0.307692	0.948718	0.208312	-0.742092	28.1805
12	38	0.307692	0.974359	0.143695	0.719172	-5.42706
12	39	0.307692	1	1	0	0
13	0	0.333333	0	0	0	15.7479
13	1	0.333333	0.025641	0.159696	-0.254243	15.7479
13	2	0.333333	0.0512821	0.151828	0.232347	24.1405
13	3	0.333333	0.0769231	0.420812	-0.615046	-0.26437
13	4	0.333333	0.102564	0.330548	-0.0213262	42.0265
13	5	0.333333	0.128205	0.35738	-0.346889	-12.8818
13	6	0.333333	0.153846	0.811245	-0.916417	42.0388
13	7	0.333333	0.179487	0.0943437	0.251547	6.07787
13	8	0.333333	0.205128	1.13393	-1.79473	5.95596
13	9	0.333333	0.230769	0.0320495	0.215467	52.7997
13	10	0.333333	0.25641	0.746322	-1.66024	-42.5854
13	11	0.333333	0.282051	0.561553	-0.798378	87.1559
13	12	0.333333	0.307692	0.139095	-0.443178	-50.6288
13	13	0.333333	0.333333	1.47087	-2.43272	64.5839
13	14	0.333333	0.358974	-0.0442869	0.336917	5.97614
13	15	0.333333	0.384615	1.29781	-3.1892	-14.2999
13	16	0.333333	0.410256	-0.214648	-0.19231	81.458
13	17	0.333333	0.435897	-0.0796938	-2.21883	-81.5319
13	18	0.333333	0.461538	0.0307601	-1.31811	120.031
13	19	0.333333	0.487179	-0.813658	-0.437278	-81.8671
13	20	0.333333	0.512821	1.03467	-2.82954	85.763
13	21	0.333333	0.538462	-0.487029	0.554452	-10.0217
13	22	0.333333	0.564103	0.812748	-3.25128	-9.69359
13	23	0.333333	0.589744	-0.773617	0.0208724	71.7489
13	24	0.333333	0.615385	-0.923687	-1.94988	-79.9505
13	25	0.333333	0.641026	-1.32359	-0.804462	110.391
13	26	0.333333	0.666667	-1.87663	-0.493434	-88.3258
13	27	0.333333	0.692308	-0.919379	-1.61462	94.9907
13	28	0.333333	0.717949	-1.56821	0.639632	-43.9592
13	29	0.333333	0.74359	-0.417446	-2.20154	28.5636
13	30	0.333333	0.769231	-1.28684	0.854614	26.5142
13	31	0.333333	0.794872	-1.18958	-1.63576	-47.1702
13	32	0.333333	0.820513	-1.73056	0.328398	78.3994
13	33	0.333333	0.846154	-2.26575	-0.538052	-83.1717
13	34	0.333333	0.871795	-1.80133	-0.320175	91.8377
13	35	0.333333	0.897436	-2.16361	0.429153	-75.2996
13	36	0.333333	0.923077	-0.813238	-1.00096	65.1823
13	37	0.333333	0.948718	-0.682039	1.00491	-32.8132
13	38	0.333333	0.974359	0.466794	-0.773537	13.2226
13	39	0.333333	1	1	0	0
14	0	0.358974	0	0	0	16.9365
14	1	0.358974	0.025641	0.111487	0.0794784	16.9365
14	2	0.358974	0.0512821	0.429927	-0.394993	11.6716
14	3	0.358974	0.0769231	0.103878	0.20812	29.0593
14	4	0.358974	0.102564	0.708328	-0.621765	-5.38044
14	5	0.358974	0.128205	0.378282	-0.182747	45.2811
14	6	0.358974	0.153846	0.469552	-0.222525	-13.039
14	7	0.358974	0.179487	1.07309	-1.12744	38.1434
14	8	0.358974	0.205128	-0.0951026	0.378123	13.438
14	9	0.358974	0.230769	1.46344	-1.83447	-3.92704
14	10	0.358974	0.25641	-0.228918	0.207002	63.4458
14	11	0.358974	0.282051	1.08883	-1.41092	-49.7332
14	12	0.358974	0.307692	0.649807	-1.07456	90.0357
14	13	0.358974	0.333333	0.35016	-0.0200258	-43.5487
14	14	0.358974	0.358974	1.7217	-2.71631	48.6884
14	15	0.358974	0.384615	-0.419475	0.518183	25.7024
14	16	0.358974	0.410256	1.30899	-2.92026	-35.8554
14	17	0.358974	0.435897	-0.925541	-0.163186	100.29
14	18	0.358974	0.461538	0.146498	-1.60584	-90.6366
14	19	0.358974	0.487179	-0.173014	-1.52849	124.328
14	20	0.358974	0.512821	-0.340624	0.285075	-69.2515
14	21	0.358974	0.538462	1.09102	-3.04366	61.6039
14	22	0.358974	0.564103	-0.790976	0.828834	16.0705
14	23	0.358974	0.589744	0.456508	-2.62904	-37.5892
14	24	0.358974	0.615385	-1.85291	0.0873744	89.8552
14	25	0.358974	0.641026	-0.987191	-1.1532	-86.612
14	26	0.358974	0.666667	-2.02773	-0.769292	112.271
14	27	0.358974	0.692308	-1.3827	0.183484	-77.216
14	28	0.358974	0.717949	-1.04844	-1.7025	76.5261
14	29	0.358974	0.74359	-1.31808	1.06395	-19.8539
14	30	0.358974	0.769231	-0.561804	-1.93823	-2.56244
14	31	0.358974	0.794872	-1.90513	0.915374	49.7975
14	32	0.358974	0.820513	-1.29962	-1.04531	-65.9184
14	33	0.358974	0.846154	-2.53485	0.221916	89.7333
14	34	0.358974	0.871795	-1.80702	-0.0845869	-84.0206
14	35	0.358974	0.897436	-2.0573	-0.598899	88.097
14	36	0.358974	0.923077	-1.13855	0.756861	-60.3784
14	37	0.358974	0.948718	-0.541925	-1.23733	42.755
14	38	0.358974	0.974359	0.29783	0.816079	-11.4366
14	39	0.358974	1	1	0	0
15	0	0.384615	0	0	0	16.5736
15	1	0.384615	0.025641	0.223756	-0.0732624	16.5736
15	2	0.384615	0.0512821	0.089647	0.0551886	17.0964
15	3	0.384615	0.0769231	0.76588	-0.446384	10.7853
15	4	0.384615	0.102564	0.0234714	0.181525	29.8013
15	5	0.384615	0.128205	0.947808	-0.643692	-6.41766
15	6	0.384615	0.153846	0.533159	-0.232827	45.5896
15	7	0.384615	0.179487	0.379949	-0.172756	-13.1538
15	8	0.384615	0.205128	1.41025	-1.12377	36.6218
15	9	0.384615	0.230769	-0.50686	0.494963	15.4079
15	10	0.384615	0.25641	1.84584	-1.6934	-5.91592
15	11	0.384615	0.282051	-0.455951	0.277339	65.5421
15	12	0.384615	0.307692	1.43385	-1.08083	-48.2841
15	13	0.384615	0.333333	0.901602	-1.12683	83.5744
15	14	0.384615	0.358974	0.159863	0.364519	-33.4445
15	15	0.384615	0.384615	1.93196	-2.38156	34.2263
15	16	0.384615	0.410256	-1.36325	0.788714	36.7491
15	17	0.384615	0.435897	1.4313	-2.15664	-40.7479
15	18	0.384615	0.461538	-1.69297	0.115225	103.145
15	19	0.384615	0.487179	0.61917	-0.735318	-81.6257
15	20	0.384615	0.512821	-0.166175	-1.40545	108.652
15	21	0.384615	0.538462	-0.254165	0.985625	-47.2515
15	22	0.384615	0.564103	1.0826	-2.35186	32.8351
15	23	0.384615	0.589744	-1.88363	1.0968	32.75
15	24	0.384615	0.615385	0.184429	-1.42526	-43.3233
15	25	0.384615	0.641026	-3.00877	0.342056	86.8993
15	26	0.384615	0.666667	-0.728533	-0.279793	-71.1735
15	27	0.384615	0.692308	-2.36401	-0.514282	92.6669
15	28	0.384615	0.717949	-0.95374	0.788006	-52.9959
15	29	0.384615	0.74359	-0.922153	-1.31977	45.4833
15	30	0.384615	0.769231	-1.67287	1.30948	3.28684
15	31	0.384615	0.794872	-0.576177	-1.09179	-22.5272
15	32	0.384615	0.820513	-2.85361	0.903095	57.6502
15	33	0.384615	0.846154	-1.13612	-0.327464	-62.0401
15	34	0.384615	0.871795	-3.09268	0.150886	80.293
15	35	0.384615	0.897436	-1.09979	0.341471	-65.1632
15	36	0.384615	0.923077	-1.87279	-0.756948	63.0953
15	37	0.384615	0.948718	-0.222538	0.878549	-32.7586
15	38	0.384615	0.974359	0.107089	-0.804087	13.6609
15	39	0.384615	1	1	0	0
16	0	0.410256	0	0	0	14.9302
16	1	0.410256	0.025641	0.125842	-0.129685	14.9302
16	2	0.410256	0.0512821	0.52558	-0.056181	19.5289
16	3	0.410256	0.0769231	-0.0077294	0.0107454	12.6467
16	4	0.410256	0.102564	1.06858	-0.544404	14.1949
16	5	0.410256	0.128205	0.0372342	0.251103	27.917
16	6	0.410256	0.153846	1.04205	-0.80402	-7.73068
16	7	0.410256	0.179487	0.787925	-0.145811	48.5823
16	8	0.410256	0.205128	0.0647645	-0.212639	-19.3971
16	9	0.410256	0.230769	1.70465	-1.01763	42.8042
16	10	0.410256	0.25641	-0.949599	0.645993	8.72854
16	11	0.410256	0.282051	2.19197	-1.59785	-0.208293
16	12	0.410256	0.307692	-0.42831	0.461577	60.3527
16	13	0.410256	0.333333	1.53894	-0.903442	-44.4269
16	14	0.410256	0.358974	1.23249	-0.822017	76.3031
16	15	0.410256	0.384615	-0.624644	0.558218	-31.8751
16	16	0.410256	0.410256	1.91233	-1.59697	35.1641
16	17	0.410256	0.435897	-2.52345	1.11302	29.0501
16	18	0.410256	0.461538	1.61606	-1.3567	-26.3893
16	19	0.410256	0.487179	-2.10932	0.580025	86.244
16	20	0.410256	0.512821	1.02462	-0.0819269	-62.2934
16	21	0.410256	0.538462	0.11568	-0.79783	82.098
16	22	0.410256	0.564103	-0.929983	1.25809	-32.2204
16	23	0.410256	0.589744	0.873817	-1.07127	23.4657
16	24	0.410256	0.615385	-3.25321	1.17714	25.0256
16	25	0.410256	0.641026	-0.000199231	-0.468661	-23.4522
16	26	0.410256	0.666667	-3.63656	0.647141	60.6043
16	27	0.410256	0.692308	-0.364408	0.179115	-43.7937
16	28	0.410256	0.717949	-2.13311	-0.0891573	60.5605
16	29	0.410256	0.74359	-0.951436	0.96062	-30.0709
16	30	0.410256	0.769231	-0.635008	-0.531112	22.9539
16	31	0.410256	0.794872	-2.52342	1.19359	9.62875
16	32	0.410256	0.820513	-0.585889	-0.25786	-18.0094
16	33	0.410256	0.846154	-3.61252	0.789585	42.3676
16	34	0.410256	0.871795	-0.805043	0.0879402	-39.5104
16	35	0.410256	0.897436	-3.07243	0.106207	51.9238
16	36	0.410256	0.923077	-0.362096	0.503795	-36.3606
16	37	0.410256	0.948718	-1.12784	-0.62477	28.7727
16	38	0.410256	0.974359	0.466379	0.575059	-8.43367
16	39	0.410256	1	1	0	0
17	0	0.435897	0	0	0	17.3661
17	1	0.435897	0.025641	0.227473	0.144908	17.3661
17	2	0.435897	0.0512821	0.148917	-0.315363	8.02579
17	3	0.435897	0.0769231	0.804235	-0.0979667	27.5374
17	4	0.435897	0.102564	-0.044918	0.0640951	4.90204
17	5	0.435897	0.128205	1.2725	-0.82373	17.9063
17	6	0.435897	0.153846	0.192825	0.423722	29.1304
17	7	0.435897	0.179487	0.970193	-1.12001	-15.3906
17	8	0.435897	0.205128	0.998628	-0.0473488	59.1224
17	9	0.435897	0.230769	-0.315185	-0.273076	-34.2842
17	10	0.435897	0.25641	1.87424	-1.05232	56.2317
17	11	0.435897	0.282051	-1.11141	0.86022	-2.91687
17	12	0.435897	0.307692	2.41527	-1.81256	6.3726
17	13	0.435897	0.333333	-0.0545549	0.707117	56.4063
17	14	0.435897	0.358974	1.17197	-1.07952	-48.4336
17	15	0.435897	0.384615	1.32326	-0.364529	80.7968
17	16	0.435897	0.410256	-1.69496	0.482801	-47.7182
17	17	0.435897	0.435897	1.59881	-1.03227	54.2719
17	18	0.435897	0.461538	-3.1871	1.38803	3.6588
17	19	0.435897	0.487179	1.81652	-1.14207	-3.41061
17	20	0.435897	0.512821	-1.71663	1.05462	60.7119
17	21	0.435897	0.538462	0.9207	-0.193937	-48.7041
17	22	0.435897	0.564103	0.452251	0.0114372	68.9632
17	23	0.435897	0.589744	-2.10988	0.866804	-40.2212
17	24	0.435897	0.615385	0.357394	-0.328121	41.158
17	25	0.435897	0.641026	-3.97903	1.04884	-6.02534
17	26	0.435897	0.666667	-0.0896354	-0.337775	7.17163
17	27	0.435897	0.692308	-3.34729	0.879845	25.9849
17	28	0.435897	0.717949	-0.208569	-0.0276989	-20.2821
17	29	0.435897	0.74359	-1.45732	0.393641	37.2746
17	30	0.435897	0.769231	-1.5087	0.562295	-23.9791
17	31	0.435897	0.794872	-0.537392	0.0998189	24.7416
17	32	0.435897	0.820513	-3.30282	0.802221	-7.8014
17	33	0.435897	0.846154	-0.657135	0.0293975	5.20467
17	34	0.435897	0.871795	-3.70176	0.647847	10.8063
17	35	0.435897	0.897436	-0.403931	0.0756988	-10.5835
17	36	0.435897	0.923077	-2.33164	0.149802	18.0262
17	37	0.435897	0.948718	0.233459	0.294053	-10.9319
17	38	0.435897	0.974359	0.0148229	-0.219004	5.27827
17	39	0.435897	1	1	0	0
18	0	0.461538	0	0	0	13.5855
18	1	0.461538	0.025641	0.183215	-0.318405	13.5855
18	2	0.461538	0.0512821	0.451905	0.247058	25.6167
18	3	0.461538	0.0769231	0.202097	-0.417133	-3.51311
18	4	0.461538	0.102564	0.997675	-0.318882	37.1136
18	5	0.461538	0.128205	0.0580545	0.258054	-0.240684
18	6	0.461538	0.153846	1.38816	-1.28935	15.857
18	7	0.461538	0.179487	0.362786	0.585483	38.1933
18	8	0.461538	0.205128	0.836395	-1.45578	-31.7563
18	9	0.461538	0.230769	1.03367	-0.105419	76.5921
18	10	0.461538	0.25641	-0.486598	-0.234625	-52.9557
18	11	0.461538	0.282051	1.97025	-1.42505	70.276
18	12	0.461538	0.307692	-0.811427	1.10812	-9.27219
18	13	0.461538	0.333333	2.42059	-2.43071	3.44174
18	14	0.461538	0.358974	0.342527	0.825356	64.4277
18	15	0.461538	0.384615	0.433014	-1.50569	-67.6733
18	16	0.461538	0.410256	0.923902	-0.244393	100.709
18	17	0.461538	0.435897	-2.35364	0.284255	-76.4669
18	18	0.461538	0.461538	1.26215	-1.20084	80.5685
18	19	0.461538	0.487179	-2.80828	1.55096	-21.9355
18	20	0.461538	0.512821	1.93204	-1.84608	10.5067
18	21	0.461538	0.538462	-0.701023	1.25936	50.7414
18	22	0.461538	0.564103	0.135873	-0.998223	-57.4729
18	23	0.461538	0.589744	0.216938	0.191088	82.2625
18	24	0.461538	0.615385	-2.89123	0.261693	-69.0711
18	25	0.461538	0.641026	-0.263314	-0.538803	69.7028
18	26	0.461538	0.666667	-3.69951	0.892116	-38.8156
18	27	0.461538	0.692308	-0.161046	-0.892195	30.5424
18	28	0.461538	0.717949	-2.39777	1.01971	5.90949
18	29	0.461538	0.74359	-0.48821	-0.727203	-15.4443
18	30	0.461538	0.769231	-0.98219	0.627708	38.4847
18	31	0.461538	0.794872	-2.20974	-0.0446355	-40.7923
18	32	0.461538	0.820513	-0.81121	0.154998	45.2717
18	33	0.461538	0.846154	-3.4681	0.460814	-38.0351
18	34	0.461538	0.871795	-0.717199	-0.164503	32.3964
18	35	0.461538	0.897436	-3.02835	0.588861	-20.0511
18	36	0.461538	0.923077	-0.0316024	-0.273042	12.0143
18	37	0.461538	0.948718	-1.05807	0.299901	-3.64845
18	38	0.461538	0.974359	0.636871	-0.105506	-0.0204265
18	39	0.461538	1	1	0	0
19	0	0.487179	0	0	0	17.0017
19	1	0.487179	0.025641	0.215439	0.231798	17.0017
19	2	0.487179	0.0512821	0.38245	-0.57884	4.00353
19	3	0.487179	0.0769231	0.581511	0.192243	36.8009
19	4	0.487179	0.102564	0.365003	-0.339324	-14.11
19	5	0.487179	0.128205	1.13342	-0.707773	42.4546
19	6	0.487179	0.153846	0.212368	0.512314	2.25753
19	7	0.487179	0.179487	1.49313	-1.76329	5.26983
19	8	0.487179	0.205128	0.351093	0.634138	54.0354
19	9	0.487179	0.230769	0.824127	-1.60838	-51.9005
19	10	0.487179	0.25641	0.931346	-0.372794	95.0456
19	11	0.487179	0.282051	-0.295114	-0.00901239	-65.3613
19	12	0.487179	0.307692	2.09012	-2.12922	75.3416
19	13	0.487179	0.333333	-0.294384	1.28987	-1.23479
19	14	0.487179	0.358974	2.19033	-3.1159	-15.666
19	15	0.487179	0.384615	0.21999	0.681337	85.9567
19	16	0.487179	0.410256	-0.196924	-1.78852	-96.3325
19	17	0.487179	0.435897	0.261845	-0.585872	127.025
19	18	0.487179	0.461538	-2.22893	0.215922	-100.336
19	19	0.487179	0.487179	1.17072	-2.05382	98.0531
19	20	0.487179	0.512821	-1.63859	1.59694	-25.7102
19	21	0.487179	0.538462	1.72037	-2.97307	-0.915175
19	22	0.487179	0.564103	-0.260251	0.99265	67.1655
19	23	0.487179	0.589744	-0.752268	-1.55854	-86.2729
19	24	0.487179	0.615385	-0.615906	-0.255825	107.293
19	25	0.487179	0.641026	-2.92494	0.00197435	-95.2478
19	26	0.487179	0.666667	-0.785036	-1.1349	90.2388
19	27	0.487179	0.692308	-2.8247	0.895164	-52.0587
19	28	0.487179	0.717949	-0.324055	-1.66	33.2206
19	29	0.487179	0.74359	-1.5854	1.0497	11.5218
19	30	0.487179	0.769231	-1.00354	-1.31303	-33.6028
19	31	0.487179	0.794872	-1.15421	0.499877	57.8187
19	32	0.487179	0.820513	-2.5114	-0.344188	-67.2454
19	33	0.487179	0.846154	-1.253	-0.125426	68.4266
19	34	0.487179	0.871795	-2.9743	0.348947	-62.1853
19	35	0.487179	0.897436	-0.71162	-0.585578	50.7965
19	36	0.487179	0.923077	-1.82553	0.651455	-34.6343
19	37	0.487179	0.948718	0.243246	-0.728125	18.0053
19	38	0.487179	0.974359	0.196287	0.309781	-5.89322
19	39	0.487179	1	1	0	0
20	0	0.512821	0	0	0	13.5069
20	1	0.512821	0.025641	0.277163	-0.309737	13.5069
20	2	0.512821	0.0512821	0.322547	0.33291	24.4255
20	3	0.512821	0.0769231	0.665529	-0.662187	-6.42222
20	4	0.512821	0.102564	0.623008	0.0042034	45.3656
20	5	0.512821	0.128205	0.580725	-0.122947	-18.3612
20	6	0.512821	0.153846	1.29325	-1.0965	40.271
20	7	0.512821	0.179487	0.215181	0.723103	11.3443
20	8	0.512821	0.205128	1.68224	-1.98974	-9.5119
20	9	0.512821	0.230769	0.0914287	0.598023	70.374
20	10	0.512821	0.25641	1.04699	-1.4654	-66.5337
20	11	0.512821	0.282051	0.843219	-0.75857	106.537
20	12	0.512821	0.307692	0.127732	0.408077	-64.0818
20	13	0.512821	0.333333	2.26994	-2.82862	64.635
20	14	0.512821	0.358974	-0.154476	1.3837	19.5244
20	15	0.512821	0.384615	1.90124	-3.29658	-44.0782
20	16	0.512821	0.410256	-0.503886	0.449277	111.351
20	17	0.512821	0.435897	-0.370794	-1.65959	-117.996
20	18	0.512821	0.461538	-0.273601	-1.09692	146.768
20	19	0.512821	0.487179	-1.48636	0.502786	-103.283
20	20	0.512821	0.512821	1.31832	-3.07588	92.0521
20	21	0.512821	0.538462	-0.76466	1.59623	-3.49384
20	22	0.512821	0.564103	1.2381	-3.35898	-35.1395
20	23	0.512821	0.589744	-0.932446	0.616456	94.1526
20	24	0.512821	0.615385	-1.24462	-1.32098	-110.04
20	25	0.512821	0.641026	-1.59579	-0.655568	124.35
20	26	0.512821	0.666667	-2.46333	0.231753	-100.694
20	27	0.512821	0.692308	-1.09797	-1.61662	90.7243
20	28	0.512821	0.717949	-1.96103	1.10529	-40.6854
20	29	0.512821	0.74359	-0.516913	-2.07336	12.4191
20	30	0.512821	0.769231	-1.48743	1.0045	33.5493
20	31	0.512821	0.794872	-1.33364	-1.29221	-59.7971
20	32	0.512821	0.820513	-1.76159	0.260918	78.0301
20	33	0.512821	0.846154	-2.30158	-0.245927	-83.8521
20	34	0.512821	0.871795	-1.62891	-0.458987	81.0943
20	35	0.512821	0.897436	-2.03118	0.449651	-67.9241
20	36	0.512821	0.923077	-0.606826	-1.04159	51.0256
20	37	0.512821	0.948718	-0.557321	0.698946	-28.2275
20	38	0.512821	0.974359	0.52818	-0.808534	7.52122
20	39	0.512821	1	1	0	0
21	0	0.538462	0	0	0	15.0255
21	1	0.538462	0.025641	0.212735	0.133625	15.0255
21	2	0.538462	0.0512821	0.624216	-0.460327	7.92993
21	3	0.538462	0.0769231	0.291253	0.315186	30.4984
21	4	0.538462	0.102564	0.98533	-0.580793	-12.132
21	5	0.538462	0.128205	0.664791	-0.180329	47.6929
21	6	0.538462	0.153846	0.689476	0.103704	-16.4483
21	7	0.538462	0.179487	1.53498	-1.24702	33.5396
21	8	0.538462	0.205128	-0.0746575	0.87417	20.3434
21	9	0.538462	0.230769	1.98266	-1.85399	-19.4666
21	10	0.538462	0.25641	-0.311538	0.585301	79.6675
21	11	0.538462	0.282051	1.45848	-1.05888	-69.3529
21	12	0.538462	0.307692	0.90085	-1.047	105.045
21	13	0.538462	0.333333	0.394995	0.934397	-51.1226
21	14	0.538462	0.358974	2.46891	-2.95259	42.5108
21	15	0.538462	0.384615	-0.774821	1.53761	41.1635
21	16	0.538462	0.410256	1.74342	-2.74318	-63.8005
21	17	0.538462	0.435897	-1.51673	0.421843	127.861
21	18	0.538462	0.461538	-0.0342754	-1.05439	-120.306
21	19	0.538462	0.487179	-0.480033	-1.42868	148.094
21	20	0.538462	0.512821	-0.656155	1.19427	-83.7793
21	21	0.538462	0.538462	1.51231	-3.39927	60.5211
21	22	0.538462	0.564103	-1.0401	1.76458	27.195
21	23	0.538462	0.589744	0.743602	-2.48365	-65.057
21	24	0.538462	0.615385	-2.25071	0.537604	110.469
21	25	0.538462	0.641026	-1.28843	-0.491707	-109.866
21	26	0.538462	0.666667	-2.3463	-0.689629	121.06
21	27	0.538462	0.692308	-1.77505	0.787963	-84.0863
21	28	0.538462	0.717949	-1.13003	-1.70811	68.5702
21	29	0.538462	0.74359	-1.58477	1.38731	-15.3883
21	30	0.538462	0.769231	-0.589314	-1.75853	-17.078
21	31	0.538462	0.794872	-2.04198	0.941359	53.9984
21	32	0.538462	0.820513	-1.32416	-0.765507	-73.042
21	33	0.538462	0.846154	-2.43181	0.0754957	85.0527
21	34	0.538462	0.871795	-1.69718	0.0507172	-81.0559
21	35	0.538462	0.897436	-1.75907	-0.746347	75.2757
21	36	0.538462	0.923077	-0.956781	0.611577	-53.973
21	37	0.538462	0.948718	-0.314944	-1.22692	32.2413
21	38	0.538462	0.974359	0.382833	0.451751	-11.4584
21	39	0.538462	1	1	0	0
22	0	0.564103	0	0	0	14.09
22	1	0.564103	0.025641	0.323628	-0.098495	14.09
22	2	0.564103	0.0512821	0.236865	0.150007	16.0851
22	3	0.564103	0.0769231	0.987918	-0.45979	5.74356
22	4	0.564103	0.102564	0.207282	0.286386	31.3875
22	5	0.564103	0.128205	1.22249	-0.476829	-12.2457
22	6	0.564103	0.153846	0.794201	-0.189384	45.5531
22	7	0.564103	0.179487	0.553086	0.235843	-14.2962
22	8	0.564103	0.205128	1.81275	-1.05871	30.1654
22	9	0.564103	0.230769	-0.610559	1.00501	21.5417
22	10	0.564103	0.25641	2.32591	-1.48347	-18.3245
22	11	0.564103	0.282051	-0.644391	0.705383	77.1137
22	12	0.564103	0.307692	1.85769	-0.556581	-61.8561
22	13	0.564103	0.333333	1.13965	-0.938977	91.7737
22	14	0.564103	0.358974	0.0907761	1.42224	-37.2514
22	15	0.564103	0.384615	2.5503	-2.18777	25.5666
22	16	0.564103	0.410256	-2.04285	1.82621	49.3403
22	17	0.564103	0.435897	1.76189	-1.70198	-61.254
22	18	0.564103	0.461538	-2.44754	0.735837	124.591
22	19	0.564103	0.487179	0.638768	-0.12246	-102.826
22	20	0.564103	0.512821	-0.358414	-1.28572	125.204
22	21	0.564103	0.538462	-0.414351	2.01796	-55.3887
22	22	0.564103	0.564103	1.54984	-2.39324	24.4459
22	23	0.564103	0.589744	-2.37708	2.05019	44.4944
22	24	0.564103	0.615385	0.34556	-0.920348	-65.7934
22	25	0.564103	0.641026	-3.54767	0.775958	101.301
22	26	0.564103	0.666667	-0.934069	0.379665	-86.2766
22	27	0.564103	0.692308	-2.57344	-0.410252	95.0098
22	28	0.564103	0.717949	-1.19613	1.28244	-56.0643
22	29	0.564103	0.74359	-0.871727	-1.25208	35.8203
22	30	0.564103	0.769231	-1.87842	1.50908	6.69452
22	31	0.564103	0.794872	-0.520886	-0.897475	-32.6062
22	32	0.564103	0.820513	-2.8643	0.828248	57.6016
22	33	0.564103	0.846154	-1.03528	-0.188082	-64.4936
22	34	0.564103	0.871795	-2.8075	-0.0475227	72.2514
22	35	0.564103	0.897436	-0.904696	0.299968	-61.1739
22	36	0.564103	0.923077	-1.49506	-0.889917	51.2496
22	37	0.564103	0.948718	-0.0583751	0.606645	-29.4791
22	38	0.564103	0.974359	0.269934	-0.880701	8.26983
22	39	0.564103	1	1	0	0
23	0	0.589744	0	0	0	12.5271
23	1	0.589744	0.025641	0.213937	-0.076103	12.5271
23	2	0.589744	0.0512821	0.656371	-0.0732952	15.7355
23	3	0.589744	0.0769231	0.158401	0.135335	12.7554
23	4	0.589744	0.102564	1.26709	-0.44499	8.49812
23	5	0.589744	0.128205	0.200503	0.371135	28.2966
23	6	0.589744	0.153846	1.27943	-0.499784	-11.4859
23	7	0.589744	0.179487	0.988555	0.0304773	45.4796
23	8	0.589744	0.205128	0.181919	0.238762	-19.0773
23	9	0.589744	0.230769	1.99442	-0.708305	36.2677
23	10	0.589744	0.25641	-1.12704	1.16395	11.4609
23	11	0.589744	0.282051	2.6051	-1.17583	-7.71732
23	12	0.589744	0.307692	-0.65871	1.02604	64.9776
23	13	0.589744	0.333333	1.95	-0.251188	-52.6856
23	14	0.589744	0.358974	1.43214	-0.281494	78.5635
23	15	0.589744	0.384615	-0.882821	1.63201	-35.9896
23	16	0.589744	0.410256	2.31212	-0.971904	29.1907
23	17	0.589744	0.435897	-3.36429	2.14085	34.0811
23	18	0.589744	0.461538	1.88508	-0.755183	-38.1498
23	19	0.589744	0.487179	-2.85824	1.29368	98.3921
23	20	0.589744	0.512821	1.22219	0.630683	-76.4057
23	21	0.589744	0.538462	0.0643686	-0.439853	89.1841
23	22	0.589744	0.564103	-1.17404	2.40862	-37.43
23	23	0.589744	0.589744	1.25744	-0.591856	14.0448
23	24	0.589744	0.615385	-3.9248	2.10406	31.7444
23	25	0.589744	0.641026	0.109913	0.173292	-37.8822
23	26	0.589744	0.666667	-4.05729	1.09339	66.8383
23	27	0.589744	0.692308	-0.425305	0.725612	-53.4216
23	28	0.589744	0.717949	-2.12648	0.0600945	58.5048
23	29	0.589744	0.74359	-1.10948	1.32651	-32.3506
23	30	0.589744	0.769231	-0.477985	-0.406964	15.2409
23	31	0.589744	0.794872	-2.62695	1.28681	9.90612
23	32	0.589744	0.820513	-0.439022	-0.158445	-23.6602
23	33	0.589744	0.846154	-3.40183	0.658505	38.998
23	34	0.589744	0.871795	-0.59754	0.0678746	-40.2496
23	35	0.589744	0.897436	-2.61854	-0.114971	43.6402
23	36	0.589744	0.923077	-0.159618	0.323502	-33.9089
23	37	0.589744	0.948718	-0.771054	-0.747582	21.1077
23	38	0.589744	0.974359	0.560842	0.243476	-9.13514
23	39	0.589744	1	1	0	0
24	0	0.615385	0	0	0	14.3103
24	1	0.615385	0.025641	0.289013	0.124342	14.3103
24	2	0.615385	0.0512821	0.275406	-0.193842	7.01042
24	3	0.615385	0.0769231	0.9042	-0.0476223	21.7973
24	4	0.615385	0.102564	0.121941	0.202367	5.87479
24	5	0.615385	0.128205	1.40214	-0.565693	12.4845
24	6	0.615385	0.153846	0.311298	0.602787	27.0267
24	7	0.615385	0.179487	1.15891	-0.693373	-16.2891
24	8	0.615385	0.205128	1.09692	0.314254	53.049
24	9	0.615385	0.230769	-0.198	0.177113	-33.3121
24	10	0.615385	0.25641	2.00619	-0.526861	50.5615
24	11	0.615385	0.282051	-1.26299	1.39927	-4.73969
24	12	0.615385	0.307692	2.72812	-1.24393	3.63928
24	13	0.615385	0.333333	-0.260545	1.48701	54.5804
24	14	0.615385	0.358974	1.5213	-0.410513	-53.5637
24	15	0.615385	0.384615	1.42542	0.508665	80.4002
24	16	0.615385	0.410256	-1.96622	1.43843	-55.0379
24	17	0.615385	0.435897	1.77853	-0.25182	52.226
24	18	0.615385	0.461538	-3.88254	2.348	0.370079
24	19	0.615385	0.487179	2.05004	-0.541181	-8.83638
24	20	0.615385	0.512821	-2.27327	1.88308	63.472
24	21	0.615385	0.538462	1.18013	0.530061	-58.3894
24	22	0.615385	0.564103	0.538067	0.732958	70.1079
24	23	0.615385	0.589744	-2.44528	1.91389	-46.84
24	24	0.615385	0.615385	0.625046	0.347124	35.4755
24	25	0.615385	0.641026	-4.45039	1.86719	-6.134
24	26	0.615385	0.666667	0.079834	0.160732	-2.19804
24	27	0.615385	0.692308	-3.43352	1.29349	27.1927
24	28	0.615385	0.717949	-0.173725	0.350004	-28.2776
24	29	0.615385	0.74359	-1.26412	0.563128	34.9698
24	30	0.615385	0.769231	-1.59479	0.81771	-27.8918
24	31	0.615385	0.794872	-0.323785	0.177902	20.1001
24	32	0.615385	0.820513	-3.18306	0.851431	-9.86228
24	33	0.615385	0.846154	-0.401686	0.00171318	0.977396
24	34	0.615385	0.871795	-3.25015	0.497923	7.62458
24	35	0.615385	0.897436	-0.148618	-0.0494337	-12.4969
24	36	0.615385	0.923077	-1.81406	-0.0810929	12.79
24	37	0.615385	0.948718	0.374034	0.0679998	-11.2451
24	38	0.615385	0.974359	0.217685	-0.418004	1.58342
24	39	0.615385	1	1	0	0
25	0	0.641026	0	0	0	11.0169
25	1	0.641026	0.025641	0.233019	-0.230932	11.0169
25	2	0.641026	0.0512821	0.499233	0.233441	20.5217
25	3	0.641026	0.0769231	0.3323	-0.237935	-2.07763
25	4	0.641026	0.102564	1.01973	-0.144553	29.3325
25	5	0.641026	0.128205	0.203938	0.403762	0.729465
25	6	0.641026	0.153846	1.41851	-0.847531	11.8824
25	7	0.641026	0.179487	0.412562	0.86242	32.6155
25	8	0.641026	0.205128	1.00507	-0.932673	-28.9951
25	9	0.641026	0.230769	0.996215	0.425484	67.3287
25	10	0.641026	0.25641	-0.28193	0.198628	-50.9449
25	11	0.641026	0.282051	1.9071	-0.731938	65.0075
25	12	0.641026	0.307692	-0.872072	1.70127	-14.5613
25	13	0.641026	0.333333	2.61575	-1.7693	4.25473
25	14	0.641026	0.358974	0.158508	1.8084	58.5473
25	15	0.641026	0.384615	0.798715	-0.867294	-70.9765
25	16	0.641026	0.410256	0.890141	0.744554	98.7651
25	17	0.641026	0.435897	-2.35781	1.10435	-84.8827
25	18	0.641026	0.461538	1.27419	-0.453501	79.908
25	19	0.641026	0.487179	-3.15876	2.41393	-29.3958
25	20	0.641026	0.512821	2.10992	-1.32232	8.27017
25	21	0.641026	0.538462	-0.957751	2.18665	48.5589
25	22	0.641026	0.564103	0.362233	-0.38283	-65.8961
25	23	0.641026	0.589744	0.330947	1.02246	82.5644
25	24	0.641026	0.615385	-3.00841	1.13077	-77.5956
25	25	0.641026	0.641026	-0.0238182	-0.0177566	65.7716
25	26	0.641026	0.666667	-3.71973	1.56733	-40.5752
25	27	0.641026	0.692308	0.0548657	-0.597163	21.4686
25	28	0.641026	0.717949	-2.18745	1.3495	7.26334
25	29	0.641026	0.74359	-0.428858	-0.454233	-24.5116
25	30	0.641026	0.769231	-0.738642	0.747473	37.7219
25	31	0.641026	0.794872	-2.11654	0.181189	-45.4856
25	32	0.641026	0.820513	-0.529024	0.142178	41.0247
25	33	0.641026	0.846154	-3.06819	0.506154	-38.5641
25	34	0.641026	0.871795	-0.375838	-0.273199	26.287
25	35	0.641026	0.897436	-2.42656	0.417964	-19.744
25	36	0.641026	0.923077	0.189095	-0.415707	7.37803
25	37	0.641026	0.948718	-0.648787	0.0462854	-5.18128
25	38	0.641026	0.974359	0.701942	-0.314162	-2.41315
25	39	0.641026	1	1	0	0
26	0	0.666667	0	0	0	13.5009
26	1	0.666667	0.025641	0.232435	0.195597	13.5009
26	2	0.666667	0.0512821	0.417151	-0.39389	3.70244
26	3	0.666667	0.0769231	0.577522	0.235319	28.6769
26	4	0.666667	0.102564	0.465063	-0.132112	-10.0978
26	5	0.666667	0.128205	1.03986	-0.37182	33.1775
26	6	0.666667	0.153846	0.319697	0.66904	2.0245
26	7	0.666667	0.179487	1.41608	-1.13465	4.08042
26	8	0.666667	0.205128	0.326413	1.00308	43.9843
26	9	0.666667	0.230769	1.01292	-0.999896	-44.2165
26	10	0.666667	0.25641	0.72647	0.285724	81.3008
26	11	0.666667	0.282051	0.0252341	0.40976	-60.7436
26	12	0.666667	0.307692	1.79307	-1.26289	69.2213
26	13	0.666667	0.333333	-0.309839	1.9616	-8.5349
26	14	0.666667	0.358974	2.32144	-2.31767	-11.7837
26	15	0.666667	0.384615	-0.00839582	1.78208	76.2338
26	16	0.666667	0.410256	0.349145	-1.08557	-94.9718
26	17	0.666667	0.435897	0.0868632	0.405441	120.783
26	18	0.666667	0.461538	-1.87186	0.94199	-103.932
26	19	0.666667	0.487179	0.990301	-1.3319	95.0685
26	20	0.666667	0.512821	-1.69246	2.36928	-32.3026
26	21	0.666667	0.538462	1.82282	-2.46455	-2.79271
26	22	0.666667	0.564103	-0.376493	1.92991	63.9404
26	23	0.666667	0.589744	-0.41594	-0.950007	-93.1893
26	24	0.666667	0.615385	-0.522776	0.45045	105.745
26	25	0.666667	0.641026	-2.6338	0.751065	-99.6873
26	26	0.666667	0.666667	-0.544821	-0.813453	83.0843
26	27	0.666667	0.692308	-2.48682	1.3931	-49.7558
26	28	0.666667	0.717949	-0.129424	-1.45576	21.1137
26	29	0.666667	0.74359	-1.29881	1.25431	14.6775
26	30	0.666667	0.769231	-0.860008	-1.02087	-42.6505
26	31	0.666667	0.794872	-0.896878	0.531615	56.1545
26	32	0.666667	0.820513	-2.1525	-0.116059	-68.5251
26	33	0.666667	0.846154	-0.878443	-0.21443	60.9865
26	34	0.666667	0.871795	-2.35776	0.361892	-57.8382
26	35	0.666667	0.897436	-0.351127	-0.708947	40.7507
26	36	0.666667	0.923077	-1.24927	0.422326	-30.5043
26	37	0.666667	0.948718	0.390931	-0.787716	11.7047
26	38	0.666667	0.974359	0.384579	0.00996422	-6.80201
26	39	0.666667	1	1	0	0
27	0	0.692308	0	0	0	10.7203
27	1	0.692308	0.025641	0.258722	-0.211248	10.7203
27	2	0.692308	0.0512821	0.320899	0.290489	18.8392
27	3	0.692308	0.0769231	0.627043	-0.401294	-3.73945
27	4	0.692308	0.102564	0.549685	0.130579	34.1636
27	5	0.692308	0.128205	0.624772	0.086208	-12.5298
27	6	0.692308	0.153846	1.05484	-0.590297	30.4722
27	7	0.692308	0.179487	0.298491	0.877948	8.84637
27	8	0.692308	0.205128	1.49657	-1.19276	-6.76614
27	9	0.692308	0.230769	0.0103827	1.00151	54.4892
27	10	0.692308	0.25641	1.237	-0.782383	-52.4863
27	11	0.692308	0.282051	0.435584	0.00676474	86.3287
27	12	0.692308	0.307692	0.482572	0.783306	-56.0878
27	13	0.692308	0.333333	1.74598	-1.71243	57.5
27	14	0.692308	0.358974	-0.199634	2.11939	9.2252
27	15	0.692308	0.384615	2.07541	-2.26442	-34.7008
27	16	0.692308	0.410256	-0.786418	1.58093	94.3253
27	17	0.692308	0.435897	0.389866	-0.833056	-106.591
27	18	0.692308	0.461538	-0.611649	-0.122354	131.271
27	19	0.692308	0.487179	-0.909913	1.10508	-98.3829
27	20	0.692308	0.512821	0.939164	-2.25255	83.8578
27	21	0.692308	0.538462	-0.751255	2.31209	-8.57222
27	22	0.692308	0.564103	1.40488	-2.68986	-35.5391
27	23	0.692308	0.589744	-1.03008	1.48795	87.7961
27	24	0.692308	0.615385	-0.6467	-0.643282	-109.881
27	25	0.692308	0.641026	-1.46472	-0.137956	116.185
27	26	0.692308	0.666667	-1.86966	0.814354	-96.4853
27	27	0.692308	0.692308	-0.851268	-1.41138	76.6487
27	28	0.692308	0.717949	-1.52874	1.38671	-33.9318
27	29	0.692308	0.74359	-0.313139	-1.80581	-1.41693
27	30	0.692308	0.769231	-1.23201	1.06787	35.5949
27	31	0.692308	0.794872	-1.01098	-0.96483	-64.1634
27	32	0.692308	0.820513	-1.42619	0.190865	71.7888
27	33	0.692308	0.846154	-1.71597	-0.0770805	-78.643
27	34	0.692308	0.871795	-1.17182	-0.599379	68.0858
27	35	0.692308	0.897436	-1.36205	0.365861	-58.6613
27	36	0.692308	0.923077	-0.282741	-1.08869	37.8259
27	37	0.692308	0.948718	-0.16962	0.392544	-23.4797
27	38	0.692308	0.974359	0.618649	-0.831177	2.87256
27	39	0.692308	1	1	0	0
28	0	0.717949	0	0	0	11.7763
28	1	0.717949	0.025641	0.191565	0.114801	11.7763
28	2	0.717949	0.0512821	0.508364	-0.286014	6.59783
28	3	0.717949	0.0769231	0.280186	0.288573	22.7683
28	4	0.717949	0.102564	0.832045	-0.271646	-6.98769
28	5	0.717949	0.128205	0.503576	0.0239486	34.0476
28	6	0.717949	0.153846	0.685184	0.296847	-9.5532
28	7	0.717949	0.179487	1.13184	-0.60439	23.9325
28	8	0.717949	0.205128	0.0547885	0.974234	15.138
28	9	0.717949	0.230769	1.65623	-0.934176	-12.5523
28	10	0.717949	0.25641	-0.407277	0.937769	56.6967
28	11	0.717949	0.282051	1.53884	-0.365336	-48.684
28	12	0.717949	0.307692	0.28937	-0.159593	77.8276
28	13	0.717949	0.333333	0.691942	1.18958	-41.3801
28	14	0.717949	0.358974	1.7958	-1.56222	36.8808
28	15	0.717949	0.384615	-0.773609	2.21907	24.8509
28	16	0.717949	0.410256	1.96174	-1.51785	-45.9945
28	17	0.717949	0.435897	-1.76468	1.42828	98.7728
28	18	0.717949	0.461538	0.763953	-0.241062	-96.9165
28	19	0.717949	0.487179	-0.945954	-0.46662	119.677
28	20	0.717949	0.512821	-0.115359	1.56419	-72.892
28	21	0.717949	0.538462	1.07325	-2.33511	49.8562
28	22	0.717949	0.564103	-1.03137	2.39153	19.4877
28	23	0.717949	0.589744	1.1068	-1.66917	-58.8838
28	24	0.717949	0.615385	-2.21039	1.21532	96.342
28	25	0.717949	0.641026	-0.504403	0.0860806	-100.188
28	26	0.717949	0.666667	-2.07201	-0.37508	103.252
28	27	0.717949	0.692308	-1.12473	1.10732	-73.0138
28	28	0.717949	0.717949	-0.837064	-1.49497	49.3378
28	29	0.717949	0.74359	-1.22827	1.44018	-8.33421
28	30	0.717949	0.769231	-0.305414	-1.41276	-27.0001
28	31	0.717949	0.794872	-1.73877	0.847059	51.054
28	32	0.717949	0.820513	-0.833079	-0.519961	-70.0716
28	33	0.717949	0.846154	-1.942	-0.100928	72.258
28	34	0.717949	0.871795	-1.03315	0.0794807	-70.2429
28	35	0.717949	0.897436	-1.24297	-0.879335	57.4848
28	36	0.717949	0.923077	-0.420793	0.383088	-43.3327
28	37	0.717949	0.948718	-0.0433401	-1.14823	20.6084
28	38	0.717949	0.974359	0.550264	0.10198	-10.2153
28	39	0.717949	1	1	0	0
29	0	0.74359	0	0	0	10.8621
29	1	0.74359	0.025641	0.24422	-0.0640488	10.8621
29	2	0.74359	0.0512821	0.217156	0.139902	12.7775
29	3	0.74359	0.0769231	0.725146	-0.227672	5.03797
29	4	0.74359	0.102564	0.19427	0.262831	22.3808
29	5	0.74359	0.128205	0.945496	-0.12053	-5.40396
29	6	0.74359	0.153846	0.517671	0.0545353	29.9542
29	7	0.74359	0.179487	0.567719	0.400782	-6.03296
29	8	0.74359	0.205128	1.23856	-0.351872	20.1557
29	9	0.74359	0.230769	-0.322195	0.974559	14.4504
29	10	0.74359	0.25641	1.78679	-0.514432	-8.56439
29	11	0.74359	0.282051	-0.69691	0.939522	47.637
29	12	0.74359	0.307692	1.70733	0.03793	-36.3596
29	13	0.74359	0.333333	0.37356	0.0565804	60.7049
29	14	0.74359	0.358974	0.413794	1.45604	-28.2084
29	15	0.74359	0.384615	1.82137	-0.739806	23.5238
29	16	0.74359	0.410256	-1.72188	2.22016	25.5952
29	17	0.74359	0.435897	1.8839	-0.55289	-36.9381
29	18	0.74359	0.461538	-2.44822	1.42718	82.3937
29	19	0.74359	0.487179	1.19743	0.400424	-71.9976
29	20	0.74359	0.512821	-0.801574	-0.29673	88.2221
29	21	0.74359	0.538462	-0.0144314	2.04768	-44.755
29	22	0.74359	0.564103	1.2281	-1.23957	18.6585
29	23	0.74359	0.589744	-2.14014	2.41239	30.2336
29	24	0.74359	0.615385	0.86634	-0.28268	-53.1736
29	25	0.74359	0.641026	-3.12844	1.13998	78.84
29	26	0.74359	0.666667	-0.167793	0.669613	-71.6387
29	27	0.74359	0.692308	-2.07899	-0.241187	71.0767
29	28	0.74359	0.717949	-0.691715	1.31979	-43.6979
29	29	0.74359	0.74359	-0.515889	-0.986173	18.5467
29	30	0.74359	0.769231	-1.54928	1.35206	9.62554
29	31	0.74359	0.794872	-0.153743	-0.639157	-35.4988
29	32	0.74359	0.820513	-2.34781	0.590431	48.5741
29	33	0.74359	0.846154	-0.477338	-0.127754	-56.6693
29	34	0.74359	0.871795	-2.12135	-0.29305	54.9009
29	35	0.74359	0.897436	-0.339507	0.160279	-48.8055
29	36	0.74359	0.923077	-0.958855	-0.944526	33.7661
29	37	0.74359	0.948718	0.250682	0.264848	-22.1566
29	38	0.74359	0.974359	0.442016	-0.834204	2.49179
29	39	0.74359	1	1	0	0
30	0	0.769231	0	0	0	10.0401
30	1	0.769231	0.025641	0.160738	-0.019217	10.0401
30	2	0.769231	0.0512821	0.442803	-0.0279537	11.3387
30	3	0.769231	0.0769231	0.164235	0.133378	10.8501
30	4	0.769231	0.102564	0.846696	-0.136041	7.20999
30	5	0.769231	0.128205	0.15774	0.31329	18.6115
30	6	0.769231	0.153846	0.914645	-0.0601115	-2.56817
30	7	0.769231	0.179487	0.579341	0.264292	27.0923
30	8	0.769231	0.205128	0.324434	0.378846	-7.41802
30	9	0.769231	0.230769	1.2667	0.0058315	23.5994
30	10	0.769231	0.25641	-0.602952	0.956633	5.03643
30	11	0.769231	0.282051	1.78456	-0.198168	2.4709
30	12	0.769231	0.307692	-0.671065	1.12678	32.5076
30	13	0.769231	0.333333	1.58857	0.209578	-24.7515
30	14	0.769231	0.358974	0.575721	0.660809	47.7366
30	15	0.769231	0.384615	-0.234398	1.41605	-27.2145
30	16	0.769231	0.410256	1.63933	0.186696	27.3585
30	17	0.769231	0.435897	-2.41425	2.10403	7.67429
30	18	0.769231	0.461538	1.78371	0.063358	-14.1999
30	19	0.769231	0.487179	-2.42894	1.62287	51.3354
30	20	0.769231	0.512821	1.37643	0.729665	-45.7496
30	21	0.769231	0.538462	-0.261212	0.491455	56.0713
30	22	0.769231	0.564103	-0.683916	2.092	-31.4548
30	23	0.769231	0.589744	1.14205	0.193023	13.617
30	24	0.769231	0.615385	-3.11565	2.16169	14.0103
30	25	0.769231	0.641026	0.686	0.457452	-26.1903
30	26	0.769231	0.666667	-3.18246	1.19558	43.2753
30	27	0.769231	0.692308	0.138838	0.780019	-40.2558
30	28	0.769231	0.717949	-1.48651	0.177245	37.0732
30	29	0.769231	0.74359	-0.764664	1.1843	-23.5103
30	30	0.769231	0.769231	-0.117234	-0.213844	4.5394
30	31	0.769231	0.794872	-2.10547	1.02034	8.21287
30	32	0.769231	0.820513	-0.0160841	-0.10817	-23.1086
30	33	0.769231	0.846154	-2.56743	0.347598	27.9308
30	34	0.769231	0.871795	-0.0947917	-0.0321586	-32.6038
30	35	0.769231	0.897436	-1.7902	-0.36048	27.5439
30	36	0.769231	0.923077	0.186537	0.0617862	-24.6489
30	37	0.769231	0.948718	-0.322777	-0.735525	10.1502
30	38	0.769231	0.974359	0.666136	-0.097065	-7.67849
30	39	0.769231	1	1	0	0
31	0	0.794872	0	0	0	10.7594
31	1	0.794872	0.025641	0.182891	0.068058	10.7594
31	2	0.794872	0.0512821	0.197568	-0.0640469	7.32908
31	3	0.794872	0.0769231	0.549008	0.0390241	14.4426
31	4	0.794872	0.102564	0.131985	0.171885	6.44969
31	5	0.794872	0.128205	0.841729	-0.113358	10.5967
31	6	0.794872	0.153846	0.189198	0.477536	15.6057
31	7	0.794872	0.179487	0.774941	-0.112739	-3.05816
31	8	0.794872	0.205128	0.588081	0.532375	29.4374
31	9	0.794872	0.230769	0.125688	0.311058	-15.0719
31	10	0.794872	0.25641	1.14525	0.230327	32.4691
31	11	0.794872	0.282051	-0.587751	1.02936	-7.59602
31	12	0.794872	0.307692	1.61044	-0.158879	12.6467
31	13	0.794872	0.333333	-0.37747	1.48048	22.2262
31	14	0.794872	0.358974	1.1908	0.0699996	-22.8735
31	15	0.794872	0.384615	0.60645	1.24561	48.2739
31	16	0.794872	0.410256	-0.769576	1.14374	-40.5316
31	17	0.794872	0.435897	1.24689	0.602574	43.5129
31	18	0.794872	0.461538	-2.34248	1.99701	-18.3338
31	19	0.794872	0.487179	1.61977	0.0718426	8.3232
31	20	0.794872	0.512821	-1.65548	1.9783	24.6656
31	21	0.794872	0.538462	1.05264	0.480824	-32.8301
31	22	0.794872	0.564103	0.217638	1.35636	45.5543
31	23	0.794872	0.589744	-1.4925	1.59618	-41.6836
31	24	0.794872	0.615385	0.752616	0.769685	31.4719
31	25	0.794872	0.641026	-3.11818	1.83408	-17.1061
31	26	0.794872	0.666667	0.568821	0.343193	2.41851
31	27	0.794872	0.692308	-2.35269	1.30685	11.2597
31	28	0.794872	0.717949	0.131682	0.39465	-20.4211
31	29	0.794872	0.74359	-0.697209	0.638533	20.8145
31	30	0.794872	0.769231	-1.18249	0.703688	-22.7249
31	31	0.794872	0.794872	0.0384889	0.211871	12.2177
31	32	0.794872	0.820513	-2.31029	0.618409	-10.6525
31	33	0.794872	0.846154	0.0488787	-0.0744484	-1.02181
31	34	0.794872	0.871795	-2.17725	0.18112	1.11534
31	35	0.794872	0.897436	0.189094	-0.209788	-9.28313
31	36	0.794872	0.923077	-1.02586	-0.292827	3.70594
31	37	0.794872	0.948718	0.490199	-0.19103	-7.75833
31	38	0.794872	0.974359	0.429182	-0.479374	-2.23922
31	39	0.794872	1	1	0	0
32	0	0.820513	0	0	0	9.06706
32	1	0.820513	0.025641	0.134874	-0.0994599	9.06706
32	2	0.820513	0.0512821	0.277042	0.144574	13.7112
32	3	0.820513	0.0769231	0.213981	-0.0646095	2.76285
32	4	0.820513	0.102564	0.542078	0.0535408	18.4252
32	5	0.820513	0.128205	0.158068	0.295952	2.84782
32	6	0.820513	0.153846	0.744908	-0.177245	11.4005
32	7	0.820513	0.179487	0.21048	0.681107	16.7697
32	8	0.820513	0.205128	0.63802	-0.189764	-8.34903
32	9	0.820513	0.230769	0.462015	0.687891	35.8806
32	10	0.820513	0.25641	0.121342	0.329559	-24.3406
32	11	0.820513	0.282051	0.894962	0.211191	40.2113
32	12	0.820513	0.307692	-0.311239	1.22398	-14.2538
32	13	0.820513	0.333333	1.30227	-0.359103	14.0157
32	14	0.820513	0.358974	-0.138451	1.78335	23.8318
32	15	0.820513	0.384615	0.774103	-0.1627	-32.5945
32	16	0.820513	0.410256	0.304693	1.41573	58.8841
32	17	0.820513	0.435897	-0.774058	0.943878	-57.3571
32	18	0.820513	0.461538	0.773856	0.423869	58.8461
32	19	0.820513	0.487179	-1.55551	1.99459	-33.9057
32	20	0.820513	0.512821	1.28483	-0.427677	16.7701
32	21	0.820513	0.538462	-0.732476	2.23952	19.7376
32	22	0.820513	0.564103	0.428211	-0.0565309	-41.155
32	23	0.820513	0.589744	0.115711	1.53045	56.6078
32	24	0.820513	0.615385	-1.61789	1.13065	-62.9222
32	25	0.820513	0.641026	0.265491	0.454388	51.6039
32	26	0.820513	0.666667	-2.23016	1.60958	-38.7233
32	27	0.820513	0.692308	0.355546	-0.252821	17.0486
32	28	0.820513	0.717949	-1.25441	1.3641	0.404913
32	29	0.820513	0.74359	-0.195271	-0.195281	-20.7507
32	30	0.820513	0.769231	-0.301471	0.76618	26.2424
32	31	0.820513	0.794872	-1.39943	0.240001	-37.742
32	32	0.820513	0.820513	-0.0837815	0.106769	29.1609
32	33	0.820513	0.846154	-1.91629	0.337476	-31.8116
32	34	0.820513	0.871795	0.031967	-0.359392	17.6316
32	35	0.820513	0.897436	-1.34858	0.107094	-17.5894
32	36	0.820513	0.923077	0.315532	-0.512699	4.33793
32	37	0.820513	0.948718	-0.142826	-0.167216	-6.75134
32	38	0.820513	0.974359	0.69839	-0.453885	-3.11738
32	39	0.820513	1	1	0	0
33	0	0.846154	0	0	0	10.1998
33	1	0.846154	0.025641	0.11224	0.10231	10.1998
33	2	0.846154	0.0512821	0.207803	-0.154089	5.63471
33	3	0.846154	0.0769231	0.269419	0.177321	17.47
33	4	0.846154	0.102564	0.255373	0.0162928	-1.09404
33	5	0.846154	0.128205	0.455251	0.000833832	20.1988
33	6	0.846154	0.153846	0.191793	0.462881	2.93601
33	7	0.846154	0.179487	0.636504	-0.247036	8.0132
33	8	0.846154	0.205128	0.134549	0.80718	21.4239
33	9	0.846154	0.230769	0.599522	-0.161821	-15.0885
33	10	0.846154	0.25641	0.220409	0.662256	41.2181
33	11	0.846154	0.282051	0.284738	0.490994	-28.1156
33	12	0.846154	0.307692	0.605272	0.0252718	40.2032
33	13	0.846154	0.333333	-0.0444597	1.43485	-10.2638
33	14	0.846154	0.358974	1.00721	-0.532681	4.75704
33	15	0.846154	0.384615	-0.224078	1.83923	33.4607
33	16	0.846154	0.410256	0.616971	-0.164879	-44.8097
33	17	0.846154	0.435897	-0.194327	1.18231	67.9597
33	18	0.846154	0.461538	-0.324957	0.973022	-62.767
33	19	0.846154	0.487179	0.32401	-0.0847502	60.6743
33	20	0.846154	0.512821	-0.663801	2.03407	-28.572
33	21	0.846154	0.538462	0.866761	-0.918946	4.53214
33	22	0.846154	0.564103	-0.44862	2.14725	33.1537
33	23	0.846154	0.589744	0.108141	-0.212247	-58.932
33	24	0.846154	0.615385	-0.408134	1.10482	69.7984
33	25	0.846154	0.641026	-1.07996	0.984772	-72.2866
33	26	0.846154	0.666667	-0.193569	-0.186242	57.2749
33	27	0.846154	0.692308	-1.15984	1.45914	-37.9049
33	28	0.846154	0.717949	0.054749	-0.832703	10.6229
33	29	0.846154	0.74359	-0.621991	1.23686	10.0663
33	30	0.846154	0.769231	-0.425873	-0.52106	-35.6874
33	31	0.846154	0.794872	-0.404647	0.509924	39.8119
33	32	0.846154	0.820513	-1.13683	0.0342222	-51.992
33	33	0.846154	0.846154	-0.333442	-0.263922	40.8792
33	34	0.846154	0.871795	-1.15786	0.186805	-41.427
33	35	0.846154	0.897436	-0.0501915	-0.709361	24.4676
33	36	0.846154	0.923077	-0.460244	0.0757907	-21.3868
33	37	0.846154	0.948718	0.385626	-0.707249	5.29167
33	38	0.846154	0.974359	0.538046	-0.210973	-6.18639
33	39	0.846154	1	1	0	0
34	0	0.871795	0	0	0	8.84531
34	1	0.871795	0.025641	0.105171	-0.0880838	8.84531
34	2	0.871795	0.0512821	0.1232	0.155927	12.6743
34	3	0.871795	0.0769231	0.268931	-0.123637	2.378
34	4	0.871795	0.102564	0.190146	0.150599	19.5354
34	5	0.871795	0.128205	0.294279	0.151784	-1.78079
34	6	0.871795	0.153846	0.355241	-0.0588569	18.176
34	7	0.871795	0.179487	0.160126	0.585325	6.41661
34	8	0.871795	0.205128	0.577306	-0.217212	2.63403
34	9	0.871795	0.230769	-0.0387336	0.799399	25.5425
34	10	0.871795	0.25641	0.64191	0.0126981	-17.9453
34	11	0.871795	0.282051	-0.0309822	0.514558	40.3321
34	12	0.871795	0.307692	0.436785	0.715224	-23.2516
34	13	0.871795	0.333333	0.399283	-0.117606	30.9124
34	14	0.871795	0.358974	-0.0207258	1.52457	0.370988
34	15	0.871795	0.384615	0.85558	-0.423177	-7.87785
34	16	0.871795	0.410256	-0.561707	1.64373	41.1046
34	17	0.871795	0.435897	0.689865	0.11248	-47.8366
34	18	0.871795	0.461538	-0.637468	0.755975	65.2462
34	19	0.871795	0.487179	0.163649	1.14104	-51.4543
34	20	0.871795	0.512821	0.0575293	-0.492064	44.3046
34	21	0.871795	0.538462	-0.280082	1.99382	-9.34353
34	22	0.871795	0.564103	0.654349	-0.846711	-17.2961
34	23	0.871795	0.589744	-0.775032	1.76809	46.7329
34	24	0.871795	0.615385	0.196549	0.0930397	-65.36
34	25	0.871795	0.641026	-0.937254	0.504323	68.9741
34	26	0.871795	0.666667	-0.414913	0.995532	-61.5387
34	27	0.871795	0.692308	-0.468773	-0.68531	42.9376
34	28	0.871795	0.717949	-0.514528	1.29558	-20.3148
34	29	0.871795	0.74359	-0.0737843	-0.978426	-9.27845
34	30	0.871795	0.769231	-0.595381	0.926633	25.3289
34	31	0.871795	0.794872	-0.31297	-0.450646	-47.9241
34	32	0.871795	0.820513	-0.724943	0.0874613	46.5392
34	33	0.871795	0.846154	-0.602538	-0.00657942	-53.1042
34	34	0.871795	0.871795	-0.557152	-0.633504	39.5957
34	35	0.871795	0.897436	-0.414057	0.0900692	-36.3105
34	36	0.871795	0.923077	-0.0780766	-0.90598	18.3213
34	37	0.871795	0.948718	0.185284	0.00494697	-14.0932
34	38	0.871795	0.974359	0.589859	-0.657452	-0.844848
34	39	0.871795	1	1	0	0
35	0	0.897436	0	0	0	9.40537
35	1	0.897436	0.025641	0.0578694	0.0593333	9.40537
35	2	0.897436	0.0512821	0.174525	-0.105441	6.9773
35	3	0.897436	0.0769231	0.0657892	0.157023	14.2981
35	4	0.897436	0.102564	0.306735	-0.0296282	1.40368
35	5	0.897436	0.128205	0.0986117	0.103673	18.4474
35	6	0.897436	0.153846	0.279659	0.270446	0.762791
35	7	0.897436	0.179487	0.28954	-0.0499021	13.7081
35	8	0.897436	0.205128	0.0517739	0.606315	10.2954
35	9	0.897436	0.230769	0.552769	-0.0654794	-0.749004
35	10	0.897436	0.25641	-0.218813	0.684229	25.3079
35	11	0.897436	0.282051	0.659866	0.246502	-14.5038
35	12	0.897436	0.307692	-0.17129	0.374889	32.2435
35	13	0.897436	0.333333	0.429414	0.868164	-12.9579
35	14	0.897436	0.358974	0.329691	-0.0507588	17.7722
35	15	0.897436	0.384615	-0.214118	1.42926	9.62867
35	16	0.897436	0.410256	0.79962	-0.066481	-14.4211
35	17	0.897436	0.435897	-0.87251	1.28659	39.2942
35	18	0.897436	0.461538	0.774769	0.462411	-38.4312
35	19	0.897436	0.487179	-0.787755	0.391552	48.5699
35	20	0.897436	0.512821	0.35996	1.26902	-30.606
35	21	0.897436	0.538462	0.0769945	-0.44589	19.3197
35	22	0.897436	0.564103	-0.428264	1.79039	8.4244
35	23	0.897436	0.589744	0.646524	-0.291424	-29.905
35	24	0.897436	0.615385	-1.20039	1.23749	46.8806
35	25	0.897436	0.641026	0.390541	0.456489	-54.1053
35	26	0.897436	0.666667	-1.13844	0.0339562	50.5674
35	27	0.897436	0.692308	-0.00460419	0.972546	-38.7073
35	28	0.897436	0.717949	-0.414213	-0.763818	17.4645
35	29	0.897436	0.74359	-0.403118	1.04954	-0.556065
35	30	0.897436	0.769231	0.0574172	-0.681833	-25.2672
35	31	0.897436	0.794872	-0.857698	0.50632	32.0166
35	32	0.897436	0.820513	-0.0174623	-0.241418	-46.2508
35	33	0.897436	0.846154	-0.965067	-0.302315	39.7249
35	34	0.897436	0.871795	-0.110186	-0.0428966	-41.0995
35	35	0.897436	0.897436	-0.595408	-0.827019	26.4691
35	36	0.897436	0.923077	0.0735228	-0.0251618	-22.6059
35	37	0.897436	0.948718	0.0858038	-0.810876	6.58466
35	38	0.897436	0.974359	0.580145	-0.192026	-6.08515
35	39	0.897436	1	1	0	0
36	0	0.923077	0	0	0	8.90698
36	1	0.923077	0.025641	0.0611804	-0.0335265	8.90698
36	2	0.923077	0.0512821	0.0384367	0.072643	10.1675
36	3	0.923077	0.0769231	0.20544	-0.0588428	6.2173
36	4	0.923077	0.102564	-0.00481063	0.12659	13.805
36	5	0.923077	0.128205	0.289817	0.0689669	3.03528
36	6	0.923077	0.153846	0.0399354	0.0866544	14.9958
36	7	0.923077	0.179487	0.20018	0.315766	4.41164
36	8	0.923077	0.205128	0.249401	0.0389222	9.73693
36	9	0.923077	0.230769	-0.0695873	0.52817	11.7064
36	10	0.923077	0.25641	0.498187	0.123064	-0.0822185
36	11	0.923077	0.282051	-0.299463	0.535271	20.1791
36	12	0.923077	0.307692	0.571866	0.412577	-6.95772
36	13	0.923077	0.333333	-0.166762	0.336961	20.9732
36	14	0.923077	0.358974	0.26913	0.864854	-3.14046
36	15	0.923077	0.384615	0.317479	0.17518	8.06408
36	16	0.923077	0.410256	-0.413679	1.1602	12.2467
36	17	0.923077	0.435897	0.711135	0.28779	-11.9619
36	18	0.923077	0.461538	-0.910051	0.901461	27.8439
36	19	0.923077	0.487179	0.715182	0.674397	-22.358
36	20	0.923077	0.512821	-0.598458	0.274654	26.0313
36	21	0.923077	0.538462	0.225117	1.21535	-11.5882
36	22	0.923077	0.564103	0.23314	-0.0356752	1.0449
36	23	0.923077	0.589744	-0.722997	1.37391	14.4812
36	24	0.923077	0.615385	0.639481	0.234105	-26.7682
36	25	0.923077	0.641026	-1.28959	0.716422	32.1485
36	26	0.923077	0.666667	0.475109	0.597853	-33.3468
36	27	0.923077	0.692308	-0.903026	-0.134796	24.1763
36	28	0.923077	0.717949	0.0543911	0.816778	-16.5444
36	29	0.923077	0.74359	-0.119132	-0.467402	-2.99389
36	30	0.923077	0.769231	-0.582767	0.681899	9.42217
36	31	0.923077	0.794872	0.26197	-0.29416	-26.9162
36	32	0.923077	0.820513	-1.02828	0.0930146	25.0299
36	33	0.923077	0.846154	0.223542	-0.141725	-32.7766
36	34	0.923077	0.871795	-0.921172	-0.521843	22.9664
36	35	0.923077	0.897436	0.162711	-0.140199	-23.7163
36	36	0.923077	0.923077	-0.385371	-0.773467	10.2809
36	37	0.923077	0.948718	0.301008	-0.163233	-9.49047
36	38	0.923077	0.974359	0.436089	-0.541256	-1.41337
36	39	0.923077	1	1	0	0
37	0	0.948718	0	0	0	8.84239
37	1	0.948718	0.025641	0.023387	0.00789305	8.84239
37	2	0.948718	0.0512821	0.0817178	-0.0265745	8.62455
37	3	0.948718	0.0769231	-0.00180962	0.0595088	9.99756
37	4	0.948718	0.102564	0.181581	0.00419049	7.01944
37	5	0.948718	0.128205	-0.044509	0.0960884	11.6185
37	6	0.948718	0.153846	0.212633	0.119005	5.8394
37	7	0.948718	0.179487	0.0157929	0.105454	11.3225
37	8	0.948718	0.205128	0.0972328	0.27622	6.95398
37	9	0.948718	0.230769	0.193297	0.136912	8.02924
37	10	0.948718	0.25641	-0.124514	0.391537	10.214
37	11	0.948718	0.282051	0.371677	0.236763	3.31371
37	12	0.948718	0.307692	-0.252047	0.404978	13.0875
37	13	0.948718	0.333333	0.385135	0.436633	0.489909
37	14	0.948718	0.358974	-0.0963762	0.35947	11.7229
37	15	0.948718	0.384615	0.083353	0.695146	2.42825
37	16	0.948718	0.410256	0.258972	0.354036	4.4032
37	17	0.948718	0.435897	-0.4278	0.794921	8.715
37	18	0.948718	0.461538	0.526881	0.44084	-4.62604
37	19	0.948718	0.487179	-0.649965	0.599583	13.3642
37	20	0.948718	0.512821	0.485041	0.657217	-7.87236
37	21	0.948718	0.538462	-0.273558	0.346154	8.78941
37	22	0.948718	0.564103	-0.036341	0.924371	-1.7098
37	23	0.948718	0.589744	0.301232	0.316898	-4.33695
37	24	0.948718	0.615385	-0.764881	0.844243	8.66983
37	25	0.948718	0.641026	0.524381	0.41028	-14.8758
37	26	0.948718	0.666667	-0.936905	0.360484	12.1534
37	27	0.948718	0.692308	0.367431	0.489339	-14.3742
37	28	0.948718	0.717949	-0.431102	-0.0431721	3.91958
37	29	0.948718	0.74359	-0.112572	0.513546	-4.37984
37	30	0.948718	0.769231	0.147084	-0.119932	-9.43532
37	31	0.948718	0.794872	-0.682332	0.280469	6.41393
37	32	0.948718	0.820513	0.346259	-0.10435	-17.4328
37	33	0.948718	0.846154	-0.869436	-0.16892	10.0453
37	34	0.948718	0.871795	0.285736	-0.179542	-16.4253
37	35	0.948718	0.897436	-0.597794	-0.521011	6.30957
37	36	0.948718	0.923077	0.203385	-0.258258	-9.45875
37	37	0.948718	0.948718	-0.0419888	-0.53342	0.364428
37	38	0.948718	0.974359	0.458041	-0.254214	-2.92076
37	39	0.948718	1	1	0	0
38	0	0.974359	0	0	0	8.81379
38	1	0.974359	0.025641	0.0117762	-0.00397404	8.81379
38	2	0.974359	0.0512821	0.00963395	0.00393172	8.81184
38	3	0.974359	0.0769231	0.0560892	-0.000929338	8.82765
38	4	0.974359	0.102564	-0.0217365	0.0346914	9.09398
38	5	0.974359	0.128205	0.105197	0.0355901	8.48669
38	6	0.974359	0.153846	-0.0409815	0.0682651	9.27407
38	7	0.974359	0.179487	0.104469	0.0981028	8.08178
38	8	0.974359	0.205128	0.00419596	0.104948	8.95062
38	9	0.974359	0.230769	0.0253216	0.169002	7.82027
38	10	0.974359	0.25641	0.102586	0.148641	7.96997
38	11	0.974359	0.282051	-0.0895673	0.223964	7.75027
38	12	0.974359	0.307692	0.190106	0.208425	6.54839
38	13	0.974359	0.333333	-0.135486	0.261771	7.56656
38	14	0.974359	0.358974	0.175072	0.302494	5.06679
38	15	0.974359	0.384615	-0.0431663	0.296363	6.49803
38	16	0.974359	0.410256	-0.00810433	0.39736	3.99777
38	17	0.974359	0.435897	0.134797	0.317625	4.18838
38	18	0.974359	0.461538	-0.248792	0.40909	3.66893
38	19	0.974359	0.487179	0.262333	0.338151	1.5784
38	20	0.974359	0.512821	-0.287086	0.355439	3.22451
38	21	0.974359	0.538462	0.188811	0.414047	-0.173469
38	22	0.974359	0.564103	-0.0558657	0.334454	1.17215
38	23	0.974359	0.589744	-0.147342	0.477858	-0.764151
38	24	0.974359	0.615385	0.200356	0.322249	-2.17197
38	25	0.974359	0.641026	-0.45945	0.36986	-0.732205
38	26	0.974359	0.666667	0.275273	0.267729	-4.53607
38	27	0.974359	0.692308	-0.39987	0.174804	-1.51244
38	28	0.974359	0.717949	0.122516	0.231579	-4.70437
38	29	0.974359	0.74359	-0.0720124	0.0710264	-3.68968
38	30	0.974359	0.769231	-0.211305	0.183943	-3.59463
38	31	0.974359	0.794872	0.179981	0.0184887	-6.01047
38	32	0.974359	0.820513	-0.469001	0.0193367	-2.61901
38	33	0.974359	0.846154	0.230506	-0.0888401	-6.76024
38	34	0.974359	0.871795	-0.446306	-0.204696	-2.30568
38	35	0.974359	0.897436	0.162674	-0.2164	-5.32308
38	36	0.974359	0.923077	-0.19892	-0.34196	-2.09145
38	37	0.974359	0.948718	0.15639	-0.262658	-2.31483
38	38	0.974359	0.974359	0.302442	-0.235627	-0.820524
38	39	0.974359	1	1	0	0
39	0	1	0	0	0	8.81379
39	1	1	0.025641	0	0	8.81379
39	2	1	0.0512821	0	0	8.81184
39	3	1	0.0769231	0	0	8.82765
39	4	1	0.102564	0	0	9.09398
39	5	1	0.128205	0	0	8.48669
39	6	1	0.153846	0	0	9.27407
39	7	1	0.179487	0	0	8.08178
39	8	1	0.205128	0	0	8.95062
39	9	1	0.230769	0	0	7.82027
39	10	1	0.25641	0	0	7.96997
39	11	1	0.282051	0	0	7.75027
39	12	1	0.307692	0	0	6.54839
39	13	1	0.333333	0	0	7.56656
39	14	1	0.358974	0	0	5.06679
39	15	1	0.384615	0	0	6.49803
39	16	1	0.410256	0	0	3.99777
39	17	1	0.435897	0	0	4.18838
39	18	1	0.461538	0	0	3.66893
39	19	1	0.487179	0	0	1.5784
39	20	1	0.512821	0	0	3.22451
39	21	1	0.538462	0	0	-0.173469
39	22	1	0.564103	0	0	1.17215
39	23	1	0.589744	0	0	-0.764151
39	24	1	0.615385	0	0	-2.17197
39	25	1	0.641026	0	0	-0.732205
39	26	1	0.666667	0	0	-4.53607
39	27	1	0.692308	0	0	-1.51244
39	28	1	0.717949	0	0	-4.70437
39	29	1	0.74359	0	0	-3.68968
39	30	1	0.769231	0	0	-3.59463
39	31	1	0.794872	0	0	-6.01047
39	32	1	0.820513	0	0	-2.61901
39	33	1	0.846154	0	0	-6.76024
39	34	1	0.871795	0	0	-2.30568
39	35	1	0.897436	0	0	-5.32308
39	36	1	0.923077	0	0	-2.09145
39	37	1	0.948718	0	0	-2.31483
39	38	1	0.974359	0	0	-0.820524
39	39	1	1	1	0	0
