# i		j		x		y		u		v		p
# nx		ny		
# 40		40
# =================================
0	0	0	0	0	0	1.12607
0	1	0	0.025641	0	0	1.12607
0	2	0	0.0512821	0	0	1.13437
0	3	0	0.0769231	0	0	1.14242
0	4	0	0.102564	0	0	1.14774
0	5	0	0.128205	0	0	1.15592
0	6	0	0.153846	0	0	1.15812
0	7	0	0.179487	0	0	1.16459
0	8	0	0.205128	0	0	1.1664
0	9	0	0.230769	0	0	1.16746
0	10	0	0.25641	0	0	1.17166
0	11	0	0.282051	0	0	1.1654
0	12	0	0.307692	0	0	1.17075
0	13	0	0.333333	0	0	1.16032
0	14	0	0.358974	0	0	1.16032
0	15	0	0.384615	0	0	1.15247
0	16	0	0.410256	0	0	1.13973
0	17	0	0.435897	0	0	1.13784
0	18	0	0.461538	0	0	1.11197
0	19	0	0.487179	0	0	1.10938
0	20	0	0.512821	0	0	1.07981
0	21	0	0.538462	0	0	1.06225
0	22	0	0.564103	0	0	1.03956
0	23	0	0.589744	0	0	0.99839
0	24	0	0.615385	0	0	0.978902
0	25	0	0.641026	0	0	0.922695
0	26	0	0.666667	0	0	0.883864
0	27	0	0.692308	0	0	0.829982
0	28	0	0.717949	0	0	0.748524
0	29	0	0.74359	0	0	0.693819
0	30	0	0.769231	0	0	0.570043
0	31	0	0.794872	0	0	0.469227
0	32	0	0.820513	0	0	0.317914
0	33	0	0.846154	0	0	0.0987109
0	34	0	0.871795	0	0	-0.110042
0	35	0	0.897436	0	0	-0.513859
0	36	0	0.923077	0	0	-0.909796
0	37	0	0.948718	0	0	-1.51286
0	38	0	0.974359	0	0	-2.37264
0	39	0	1	1	0	0
1	0	0.025641	0	0	0	1.12607
1	1	0.025641	0.025641	-0.00434447	-0.000657572	1.12607
1	2	0.025641	0.0512821	-0.00599792	-0.00110207	1.13437
1	3	0.025641	0.0769231	-0.00656493	-0.000842646	1.14242
1	4	0.025641	0.102564	-0.00726382	-0.000305548	1.14774
1	5	0.025641	0.128205	-0.00713465	0.000655209	1.15592
1	6	0.025641	0.153846	-0.00785322	0.00184504	1.15812
1	7	0.025641	0.179487	-0.00766643	0.00320973	1.16459
1	8	0.025641	0.205128	-0.00805377	0.0050087	1.1664
1	9	0.025641	0.230769	-0.00844341	0.00670319	1.16746
1	10	0.025641	0.25641	-0.00799768	0.00899803	1.17166
1	11	0.025641	0.282051	-0.00927057	0.0111482	1.1654
1	12	0.025641	0.307692	-0.00810868	0.0137238	1.17075
1	13	0.025641	0.333333	-0.00967876	0.0165415	1.16032
1	14	0.025641	0.358974	-0.00886775	0.0192437	1.16032
1	15	0.025641	0.384615	-0.00938322	0.0227942	1.15247
1	16	0.025641	0.410256	-0.0102904	0.0257488	1.13973
1	17	0.025641	0.435897	-0.00877142	0.0297901	1.13784
1	18	0.025641	0.461538	-0.0116446	0.0334251	1.11197
1	19	0.025641	0.487179	-0.00885088	0.0375577	1.10938
1	20	0.025641	0.512821	-0.0119265	0.0422756	1.07981
1	21	0.025641	0.538462	-0.0103986	0.0463951	1.06225
1	22	0.025641	0.564103	-0.0109578	0.0521194	1.03956
1	23	0.025641	0.589744	-0.0129381	0.0567619	0.99839
1	24	0.025641	0.615385	-0.0100413	0.0628996	0.978902
1	25	0.025641	0.641026	-0.0148034	0.0689547	0.922695
1	26	0.025641	0.666667	-0.0110606	0.0750768	0.883864
1	27	0.025641	0.692308	-0.0148312	0.0829312	0.829982
1	28	0.025641	0.717949	-0.0144336	0.0896331	0.748524
1	29	0.025641	0.74359	-0.0141844	0.0986831	0.693819
1	30	0.025641	0.769231	-0.0181451	0.107443	0.570043
1	31	0.025641	0.794872	-0.0155413	0.116775	0.469227
1	32	0.025641	0.820513	-0.0192308	0.128151	0.317914
1	33	0.025641	0.846154	-0.0181682	0.137118	0.0987109
1	34	0.025641	0.871795	-0.013055	0.147349	-0.110042
1	35	0.025641	0.897436	-0.00577335	0.150798	-0.513859
1	36	0.025641	0.923077	0.0316092	0.141887	-0.909796
1	37	0.025641	0.948718	0.113175	0.106807	-1.51286
1	38	0.025641	0.974359	0.344751	-0.0211544	-2.37264
1	39	0.025641	1	1	0	0
2	0	0.0512821	0	0	0	1.06189
2	1	0.0512821	0.025641	-0.00325241	-0.000552977	1.06189
2	2	0.0512821	0.0512821	-0.00509889	-0.000646161	1.06693
2	3	0.0512821	0.0769231	-0.00662477	-0.000446321	1.06604
2	4	0.0512821	0.102564	-0.00699168	0.000880124	1.08162
2	5	0.0512821	0.128205	-0.00843045	0.00235323	1.06995
2	6	0.0512821	0.153846	-0.00821727	0.00449771	1.09207
2	7	0.0512821	0.179487	-0.00949326	0.00741352	1.07919
2	8	0.0512821	0.205128	-0.00968277	0.0099046	1.08859
2	9	0.0512821	0.230769	-0.00990046	0.0141768	1.09643
2	10	0.0512821	0.25641	-0.011489	0.0172003	1.07219
2	11	0.0512821	0.282051	-0.0101027	0.0221671	1.11172
2	12	0.0512821	0.307692	-0.013047	0.0265428	1.05724
2	13	0.0512821	0.333333	-0.011005	0.0312703	1.10534
2	14	0.0512821	0.358974	-0.0135277	0.0377456	1.06052
2	15	0.0512821	0.384615	-0.0132833	0.041942	1.06476
2	16	0.0512821	0.410256	-0.0128003	0.0501987	1.08084
2	17	0.0512821	0.435897	-0.0164612	0.0549607	1.00307
2	18	0.0512821	0.461538	-0.0121069	0.0633613	1.08813
2	19	0.0512821	0.487179	-0.0187794	0.0706901	0.95655
2	20	0.0512821	0.512821	-0.0134795	0.0775267	1.04169
2	21	0.0512821	0.538462	-0.0185632	0.0884634	0.951242
2	22	0.0512821	0.564103	-0.0178486	0.0940213	0.931649
2	23	0.0512821	0.589744	-0.016303	0.10699	0.963211
2	24	0.0512821	0.615385	-0.0234566	0.114204	0.802618
2	25	0.0512821	0.641026	-0.0151974	0.12585	0.92106
2	26	0.0512821	0.666667	-0.0268137	0.13787	0.716601
2	27	0.0512821	0.692308	-0.0186315	0.146586	0.770149
2	28	0.0512821	0.717949	-0.0263013	0.162904	0.671733
2	29	0.0512821	0.74359	-0.0262958	0.171413	0.539849
2	30	0.0512821	0.769231	-0.0246089	0.187018	0.56696
2	31	0.0512821	0.794872	-0.0329552	0.199342	0.314856
2	32	0.0512821	0.820513	-0.0247834	0.208536	0.283539
2	33	0.0512821	0.846154	-0.0297824	0.221419	0.101899
2	34	0.0512821	0.871795	-0.0165636	0.219306	-0.1873
2	35	0.0512821	0.897436	0.00675351	0.213415	-0.245365
2	36	0.0512821	0.923077	0.0604773	0.182726	-0.73126
2	37	0.0512821	0.948718	0.190183	0.119421	-0.805257
2	38	0.0512821	0.974359	0.454431	0.00316533	-1.24363
2	39	0.0512821	1	1	0	0
3	0	0.0769231	0	0	0	1.00086
3	1	0.0769231	0.025641	-0.00304451	-7.51057e-05	1.00086
3	2	0.0769231	0.0512821	-0.00562103	-0.000236424	0.999568
3	3	0.0769231	0.0769231	-0.00725303	0.00106246	1.01536
3	4	0.0769231	0.102564	-0.00939511	0.00213902	0.995043
3	5	0.0769231	0.128205	-0.0099539	0.00480969	1.03303
3	6	0.0769231	0.153846	-0.0120915	0.00783257	0.996313
3	7	0.0769231	0.179487	-0.0123476	0.01092	1.03315
3	8	0.0769231	0.205128	-0.0138885	0.0163038	1.01767
3	9	0.0769231	0.230769	-0.0150625	0.0195057	1.00496
3	10	0.0769231	0.25641	-0.0149796	0.0266583	1.05524
3	11	0.0769231	0.282051	-0.0179767	0.0310532	0.964887
3	12	0.0769231	0.307692	-0.0161426	0.0382139	1.0765
3	13	0.0769231	0.333333	-0.0202315	0.0457081	0.952597
3	14	0.0769231	0.358974	-0.018534	0.051193	1.03962
3	15	0.0769231	0.384615	-0.0209528	0.0626432	0.996234
3	16	0.0769231	0.410256	-0.0226776	0.0669041	0.937321
3	17	0.0769231	0.435897	-0.0204601	0.080342	1.06895
3	18	0.0769231	0.461538	-0.0274231	0.0867886	0.826662
3	19	0.0769231	0.487179	-0.0208239	0.0980037	1.08515
3	20	0.0769231	0.512821	-0.0302222	0.110726	0.79793
3	21	0.0769231	0.538462	-0.0246334	0.116958	0.966392
3	22	0.0769231	0.564103	-0.0293293	0.136281	0.883414
3	23	0.0769231	0.589744	-0.0323332	0.140212	0.735724
3	24	0.0769231	0.615385	-0.0263792	0.16046	0.986988
3	25	0.0769231	0.641026	-0.0405641	0.169471	0.534681
3	26	0.0769231	0.666667	-0.026254	0.182995	0.938012
3	27	0.0769231	0.692308	-0.0442188	0.202009	0.496589
3	28	0.0769231	0.717949	-0.0328208	0.20722	0.662993
3	29	0.0769231	0.74359	-0.0412975	0.231292	0.572176
3	30	0.0769231	0.769231	-0.0433242	0.235254	0.298337
3	31	0.0769231	0.794872	-0.0342303	0.251168	0.526133
3	32	0.0769231	0.820513	-0.0457726	0.259418	0.0580015
3	33	0.0769231	0.846154	-0.0198979	0.255689	0.184946
3	34	0.0769231	0.871795	-0.0154261	0.256106	-0.0500776
3	35	0.0769231	0.897436	0.0382118	0.225931	-0.317153
3	36	0.0769231	0.923077	0.11448	0.185908	-0.252421
3	37	0.0769231	0.948718	0.271847	0.118213	-0.614255
3	38	0.0769231	0.974359	0.545679	0.01959	-0.561725
3	39	0.0769231	1	1	0	0
4	0	0.102564	0	0	0	0.935589
4	1	0.102564	0.025641	-0.00319746	5.12914e-05	0.935589
4	2	0.102564	0.0512821	-0.00615087	0.00103825	0.943996
4	3	0.102564	0.0769231	-0.00901815	0.00167293	0.928278
4	4	0.102564	0.102564	-0.0110432	0.00454183	0.966582
4	5	0.102564	0.128205	-0.0137213	0.00694527	0.91795
4	6	0.102564	0.153846	-0.0149369	0.0107299	0.980072
4	7	0.102564	0.179487	-0.0175193	0.0159511	0.927555
4	8	0.102564	0.205128	-0.0185821	0.0195713	0.958012
4	9	0.102564	0.230769	-0.0204472	0.0278298	0.971806
4	10	0.102564	0.25641	-0.0224895	0.0316883	0.899489
4	11	0.102564	0.282051	-0.0227474	0.0413458	1.02759
4	12	0.102564	0.307692	-0.0264883	0.0478386	0.84797
4	13	0.102564	0.333333	-0.0252781	0.0558926	1.03271
4	14	0.102564	0.358974	-0.0296877	0.0677537	0.868023
4	15	0.102564	0.384615	-0.029207	0.0724681	0.933518
4	16	0.102564	0.410256	-0.0312937	0.0895365	0.97882
4	17	0.102564	0.435897	-0.0348735	0.093425	0.755983
4	18	0.102564	0.461538	-0.0319091	0.11077	1.09749
4	19	0.102564	0.487179	-0.0407229	0.120383	0.626751
4	20	0.102564	0.512821	-0.033984	0.131047	1.07035
4	21	0.102564	0.538462	-0.0438558	0.151649	0.683334
4	22	0.102564	0.564103	-0.0401839	0.153553	0.810393
4	23	0.102564	0.589744	-0.0427085	0.182134	0.915694
4	24	0.102564	0.615385	-0.0502388	0.182891	0.43281
4	25	0.102564	0.641026	-0.0397684	0.207346	1.10057
4	26	0.102564	0.666667	-0.0592511	0.219462	0.212676
4	27	0.102564	0.692308	-0.0406772	0.228198	0.965185
4	28	0.102564	0.717949	-0.0604489	0.2556	0.32194
4	29	0.102564	0.74359	-0.0482387	0.24991	0.483667
4	30	0.102564	0.769231	-0.0503307	0.278947	0.586882
4	31	0.102564	0.794872	-0.0544615	0.272043	-0.0270883
4	32	0.102564	0.820513	-0.027352	0.279749	0.606675
4	33	0.102564	0.846154	-0.0348544	0.276912	-0.225319
4	34	0.102564	0.871795	0.0258918	0.249655	0.214429
4	35	0.102564	0.897436	0.0609573	0.230279	-0.162199
4	36	0.102564	0.923077	0.181899	0.17032	-0.245722
4	37	0.102564	0.948718	0.342164	0.108815	-0.154509
4	38	0.102564	0.974359	0.61198	0.0365383	-0.281566
4	39	0.102564	1	1	0	0
5	0	0.128205	0	0	0	0.871556
5	1	0.128205	0.025641	-0.00366131	0.000668061	0.871556
5	2	0.128205	0.0512821	-0.00731896	0.00114585	0.867951
5	3	0.128205	0.0769231	-0.0108957	0.00368458	0.890957
5	4	0.128205	0.102564	-0.014049	0.00545311	0.854016
5	5	0.128205	0.128205	-0.0169964	0.00970121	0.915535
5	6	0.128205	0.153846	-0.0199822	0.0138708	0.845487
5	7	0.128205	0.179487	-0.0220687	0.0184399	0.915984
5	8	0.128205	0.205128	-0.0252618	0.0261364	0.871338
5	9	0.128205	0.230769	-0.0267902	0.0302045	0.867397
5	10	0.128205	0.25641	-0.0297522	0.0410467	0.937348
5	11	0.128205	0.282051	-0.0318411	0.0460457	0.787245
5	12	0.128205	0.307692	-0.0334797	0.0571814	0.995072
5	13	0.128205	0.333333	-0.0372323	0.0667068	0.74718
5	14	0.128205	0.358974	-0.0371914	0.0743293	0.958441
5	15	0.128205	0.384615	-0.0420591	0.0911341	0.822942
5	16	0.128205	0.410256	-0.0421492	0.0944847	0.782831
5	17	0.128205	0.435897	-0.0453034	0.116242	0.999862
5	18	0.128205	0.461538	-0.0488653	0.120783	0.551411
5	19	0.128205	0.487179	-0.0473398	0.139133	1.12282
5	20	0.128205	0.512821	-0.0557774	0.154156	0.462712
5	21	0.128205	0.538462	-0.0505876	0.160562	0.986666
5	22	0.128205	0.564103	-0.0597263	0.190364	0.665251
5	23	0.128205	0.589744	-0.0577234	0.185863	0.547497
5	24	0.128205	0.615385	-0.0588794	0.221489	1.04985
5	25	0.128205	0.641026	-0.0679515	0.220201	0.0620614
5	26	0.128205	0.666667	-0.0556249	0.24248	1.24085
5	27	0.128205	0.692308	-0.0748707	0.260488	-0.0682865
5	28	0.128205	0.717949	-0.0550619	0.256431	0.909483
5	29	0.128205	0.74359	-0.0693434	0.292441	0.292762
5	30	0.128205	0.769231	-0.0569825	0.269833	0.166935
5	31	0.128205	0.794872	-0.0441853	0.298464	0.773718
5	32	0.128205	0.820513	-0.044784	0.277674	-0.443935
5	33	0.128205	0.846154	0.0104344	0.268489	0.819044
5	34	0.128205	0.871795	0.0229722	0.253665	-0.502303
5	35	0.128205	0.897436	0.130856	0.199636	0.350226
5	36	0.128205	0.923077	0.220511	0.167502	-0.19941
5	37	0.128205	0.948718	0.414845	0.0944991	-0.0527584
5	38	0.128205	0.974359	0.658906	0.0442914	0.0276284
5	39	0.128205	1	1	0	0
6	0	0.153846	0	0	0	0.804961
6	1	0.153846	0.025641	-0.00436892	0.000671902	0.804961
6	2	0.153846	0.0512821	-0.00906217	0.00230924	0.812819
6	3	0.153846	0.0769231	-0.0130125	0.00387854	0.80019
6	4	0.153846	0.102564	-0.0177483	0.00784208	0.835218
6	5	0.153846	0.128205	-0.020951	0.0110097	0.784458
6	6	0.153846	0.153846	-0.0250163	0.0164288	0.855996
6	7	0.153846	0.179487	-0.0284864	0.02241	0.781132
6	8	0.153846	0.205128	-0.0310099	0.0277521	0.84251
6	9	0.153846	0.230769	-0.0356178	0.0375933	0.820253
6	10	0.153846	0.25641	-0.0366981	0.0424208	0.774785
6	11	0.153846	0.282051	-0.041774	0.0550923	0.896429
6	12	0.153846	0.307692	-0.0431872	0.0617567	0.688147
6	13	0.153846	0.333333	-0.046592	0.0734507	0.939797
6	14	0.153846	0.358974	-0.0506454	0.0862622	0.67422
6	15	0.153846	0.384615	-0.0508458	0.092988	0.852872
6	16	0.153846	0.410256	-0.0577754	0.113965	0.80437
6	17	0.153846	0.435897	-0.0563095	0.116583	0.616252
6	18	0.153846	0.461538	-0.0627653	0.140781	1.01724
6	19	0.153846	0.487179	-0.0640753	0.147604	0.375425
6	20	0.153846	0.512821	-0.0653551	0.163861	1.09272
6	21	0.153846	0.538462	-0.0725984	0.185481	0.378722
6	22	0.153846	0.564103	-0.0679675	0.185547	0.810837
6	23	0.153846	0.589744	-0.0779012	0.223014	0.739508
6	24	0.153846	0.615385	-0.0736622	0.212867	0.218205
6	25	0.153846	0.641026	-0.0768526	0.250037	1.21434
6	26	0.153846	0.666667	-0.0813655	0.249905	-0.274302
6	27	0.153846	0.692308	-0.0705592	0.262197	1.29664
6	28	0.153846	0.717949	-0.0827809	0.288281	-0.194079
6	29	0.153846	0.74359	-0.0623024	0.265374	0.684762
6	30	0.153846	0.769231	-0.0649812	0.307131	0.468626
6	31	0.153846	0.794872	-0.047086	0.266433	-0.292428
6	32	0.153846	0.820513	-0.0145006	0.286756	1.10498
6	33	0.153846	0.846154	0.00232681	0.255475	-0.873823
6	34	0.153846	0.871795	0.0893692	0.223177	1.06781
6	35	0.153846	0.897436	0.142737	0.203708	-0.663439
6	36	0.153846	0.923077	0.297747	0.129676	0.469916
6	37	0.153846	0.948718	0.454329	0.100709	-0.0999352
6	38	0.153846	0.974359	0.70207	0.0430679	0.154567
6	39	0.153846	1	1	0	0
7	0	0.179487	0	0	0	0.739782
7	1	0.179487	0.025641	-0.00544584	0.000980362	0.739782
7	2	0.179487	0.0512821	-0.010592	0.00243712	0.743856
7	3	0.179487	0.0769231	-0.0165959	0.00530809	0.749955
7	4	0.179487	0.102564	-0.0205188	0.00815995	0.739199
7	5	0.179487	0.128205	-0.0266005	0.0134618	0.771679
7	6	0.179487	0.153846	-0.0299779	0.0178474	0.720994
7	7	0.179487	0.179487	-0.0347394	0.0245689	0.791975
7	8	0.179487	0.205128	-0.0394326	0.031871	0.715969
7	9	0.179487	0.230769	-0.0414985	0.0382611	0.773522
7	10	0.179487	0.25641	-0.0484527	0.0496333	0.758297
7	11	0.179487	0.282051	-0.048397	0.0554061	0.696458
7	12	0.179487	0.307692	-0.0558755	0.0694076	0.83681
7	13	0.179487	0.333333	-0.0569305	0.0775492	0.60795
7	14	0.179487	0.358974	-0.0611032	0.0896792	0.866483
7	15	0.179487	0.384615	-0.0670338	0.104912	0.613196
7	16	0.179487	0.410256	-0.0653599	0.111215	0.744439
7	17	0.179487	0.435897	-0.0764468	0.134655	0.774732
7	18	0.179487	0.461538	-0.071327	0.137504	0.477738
7	19	0.179487	0.487179	-0.0821659	0.16193	0.989039
7	20	0.179487	0.512821	-0.0806802	0.171649	0.261819
7	21	0.179487	0.538462	-0.0833622	0.18425	0.992665
7	22	0.179487	0.564103	-0.0913164	0.211162	0.365081
7	23	0.179487	0.589744	-0.0829389	0.205436	0.585162
7	24	0.179487	0.615385	-0.0973972	0.246101	0.834957
7	25	0.179487	0.641026	-0.0847841	0.233208	-0.0771847
7	26	0.179487	0.666667	-0.0933597	0.265086	1.29782
7	27	0.179487	0.692308	-0.0874208	0.269009	-0.461644
7	28	0.179487	0.717949	-0.0781452	0.265581	1.1786
7	29	0.179487	0.74359	-0.0796263	0.29863	-0.107872
7	30	0.179487	0.769231	-0.0525205	0.256305	0.292812
7	31	0.179487	0.794872	-0.042767	0.296843	0.79679
7	32	0.179487	0.820513	-0.00612417	0.243725	-0.779299
7	33	0.179487	0.846154	0.0447695	0.247148	1.43013
7	34	0.179487	0.871795	0.0976521	0.214639	-1.14297
7	35	0.179487	0.897436	0.212875	0.158981	1.17712
7	36	0.179487	0.923077	0.32203	0.145507	-0.582772
7	37	0.179487	0.948718	0.513581	0.0673837	0.451803
7	38	0.179487	0.974359	0.727145	0.0568232	0.161157
7	39	0.179487	1	1	0	0
8	0	0.205128	0	0	0	0.67648
8	1	0.205128	0.025641	-0.00646501	0.0012649	0.67648
8	2	0.205128	0.0512821	-0.0133118	0.00268253	0.673948
8	3	0.205128	0.0769231	-0.0186893	0.00566327	0.691423
8	4	0.205128	0.102564	-0.0260951	0.00966656	0.678241
8	5	0.205128	0.128205	-0.0300166	0.0135026	0.684897
8	6	0.205128	0.153846	-0.0370592	0.020415	0.705675
8	7	0.205128	0.179487	-0.0412295	0.0253283	0.653174
8	8	0.205128	0.205128	-0.045889	0.0337025	0.737729
8	9	0.205128	0.230769	-0.0525852	0.0416992	0.634946
8	10	0.205128	0.25641	-0.0536084	0.0491432	0.722349
8	11	0.205128	0.282051	-0.0630813	0.0618394	0.677721
8	12	0.205128	0.307692	-0.0622251	0.0679777	0.632668
8	13	0.205128	0.333333	-0.0711252	0.0835786	0.768234
8	14	0.205128	0.358974	-0.0732466	0.092086	0.527501
8	15	0.205128	0.384615	-0.0762751	0.105193	0.803401
8	16	0.205128	0.410256	-0.0858592	0.121436	0.530714
8	17	0.205128	0.435897	-0.0805422	0.127792	0.668555
8	18	0.205128	0.461538	-0.0964993	0.152317	0.703568
8	19	0.205128	0.487179	-0.0874808	0.155306	0.388226
8	20	0.205128	0.512821	-0.101056	0.179184	0.911904
8	21	0.205128	0.538462	-0.0988032	0.190338	0.193203
8	22	0.205128	0.564103	-0.0986206	0.199902	0.866551
8	23	0.205128	0.589744	-0.110895	0.228498	0.354402
8	24	0.205128	0.615385	-0.0931031	0.219286	0.400112
8	25	0.205128	0.641026	-0.115017	0.257725	0.852004
8	26	0.205128	0.666667	-0.0892787	0.244679	-0.238061
8	27	0.205128	0.692308	-0.102488	0.266496	1.22244
8	28	0.205128	0.717949	-0.084499	0.27414	-0.455855
8	29	0.205128	0.74359	-0.0699931	0.254693	0.899445
8	30	0.205128	0.769231	-0.0630026	0.288858	0.119884
8	31	0.205128	0.794872	-0.0161879	0.233362	-0.129686
8	32	0.205128	0.820513	0.00127881	0.263275	1.09462
8	33	0.205128	0.846154	0.0734086	0.208223	-1.08083
8	34	0.205128	0.871795	0.137585	0.189836	1.53596
8	35	0.205128	0.897436	0.240205	0.165641	-1.0837
8	36	0.205128	0.923077	0.377675	0.0958306	1.02343
8	37	0.205128	0.948718	0.541353	0.092559	-0.262972
8	38	0.205128	0.974359	0.75577	0.0375418	0.378484
8	39	0.205128	1	1	0	0
9	0	0.230769	0	0	0	0.609298
9	1	0.230769	0.025641	-0.00786578	0.000895524	0.609298
9	2	0.230769	0.0512821	-0.0150916	0.00348014	0.627822
9	3	0.230769	0.0769231	-0.0232161	0.00568635	0.597076
9	4	0.230769	0.102564	-0.0287071	0.0098281	0.647938
9	5	0.230769	0.128205	-0.0371188	0.0153122	0.603328
9	6	0.230769	0.153846	-0.0415213	0.0192908	0.625831
9	7	0.230769	0.179487	-0.0488287	0.0282794	0.651884
9	8	0.230769	0.205128	-0.054398	0.0329864	0.566263
9	9	0.230769	0.230769	-0.0585131	0.0429917	0.704765
9	10	0.230769	0.25641	-0.0672372	0.0515946	0.533447
9	11	0.230769	0.282051	-0.0676117	0.0592719	0.685058
9	12	0.230769	0.307692	-0.0786342	0.0738606	0.592432
9	13	0.230769	0.333333	-0.0782466	0.0789984	0.561293
9	14	0.230769	0.358974	-0.086916	0.0969123	0.719282
9	15	0.230769	0.384615	-0.0914978	0.104471	0.416671
9	16	0.230769	0.410256	-0.0920479	0.118772	0.778571
9	17	0.230769	0.435897	-0.105563	0.135263	0.40704
9	18	0.230769	0.461538	-0.0967217	0.14098	0.633453
9	19	0.230769	0.487179	-0.115706	0.166605	0.599473
9	20	0.230769	0.512821	-0.104839	0.167929	0.321593
9	21	0.230769	0.538462	-0.117164	0.192165	0.832259
9	22	0.230769	0.564103	-0.117339	0.201707	0.106775
9	23	0.230769	0.589744	-0.109436	0.209984	0.792064
9	24	0.230769	0.615385	-0.128246	0.236281	0.26532
9	25	0.230769	0.641026	-0.097555	0.225321	0.333656
9	26	0.230769	0.666667	-0.125384	0.258197	0.73479
9	27	0.230769	0.692308	-0.0865931	0.244546	-0.241009
9	28	0.230769	0.717949	-0.0971111	0.256493	1.01641
9	29	0.230769	0.74359	-0.0713558	0.262907	-0.340614
9	30	0.230769	0.769231	-0.0387986	0.233336	0.605027
9	31	0.230769	0.794872	-0.0298449	0.259767	0.296451
9	32	0.230769	0.820513	0.0515544	0.201306	-0.359287
9	33	0.230769	0.846154	0.0717277	0.213665	1.13942
9	34	0.230769	0.871795	0.190054	0.165912	-1.0164
9	35	0.230769	0.897436	0.265878	0.129601	1.30033
9	36	0.230769	0.923077	0.417205	0.116496	-0.689435
9	37	0.230769	0.948718	0.57457	0.0502121	0.668703
9	38	0.230769	0.974359	0.774214	0.0571449	0.157391
9	39	0.230769	1	1	0	0
10	0	0.25641	0	0	0	0.551251
10	1	0.25641	0.025641	-0.00907574	0.00167906	0.551251
10	2	0.25641	0.0512821	-0.0180189	0.00244548	0.536029
10	3	0.25641	0.0769231	-0.0256717	0.00670579	0.589576
10	4	0.25641	0.102564	-0.0346075	0.0099196	0.514812
10	5	0.25641	0.128205	-0.0405579	0.0143312	0.601655
10	6	0.25641	0.153846	-0.049331	0.0218427	0.540066
10	7	0.25641	0.179487	-0.0546681	0.0251065	0.547174
10	8	0.25641	0.205128	-0.0619219	0.0362119	0.620997
10	9	0.25641	0.230769	-0.0687716	0.0406062	0.457278
10	10	0.25641	0.25641	-0.0728172	0.0513439	0.686602
10	11	0.25641	0.282051	-0.0825861	0.0612689	0.428112
10	12	0.25641	0.307692	-0.0834763	0.0676515	0.637358
10	13	0.25641	0.333333	-0.0946199	0.0850045	0.531416
10	14	0.25641	0.358974	-0.0957595	0.0878269	0.454397
10	15	0.25641	0.384615	-0.103283	0.108183	0.712481
10	16	0.25641	0.410256	-0.110193	0.114406	0.264174
10	17	0.25641	0.435897	-0.108752	0.128816	0.7897
10	18	0.25641	0.461538	-0.12419	0.146189	0.261236
10	19	0.25641	0.487179	-0.113868	0.14913	0.604909
10	20	0.25641	0.512821	-0.132262	0.177105	0.511719
10	21	0.25641	0.538462	-0.122214	0.174048	0.219122
10	22	0.25641	0.564103	-0.129379	0.199988	0.8153
10	23	0.25641	0.589744	-0.13335	0.205165	-0.0594339
10	24	0.25641	0.615385	-0.115504	0.212917	0.822164
10	25	0.25641	0.641026	-0.138593	0.235124	0.0679018
10	26	0.25641	0.666667	-0.096282	0.221313	0.385187
10	27	0.25641	0.692308	-0.122572	0.249598	0.528954
10	28	0.25641	0.717949	-0.0759409	0.230855	-0.179574
10	29	0.25641	0.74359	-0.0717544	0.23826	0.825936
10	30	0.25641	0.769231	-0.0451997	0.235793	-0.302061
10	31	0.25641	0.794872	0.0182009	0.204893	0.506034
10	32	0.25641	0.820513	0.0249517	0.216874	0.216403
10	33	0.25641	0.846154	0.148303	0.163368	-0.2325
10	34	0.25641	0.871795	0.173463	0.15952	0.833274
10	35	0.25641	0.897436	0.334026	0.120815	-0.598768
10	36	0.25641	0.923077	0.427841	0.0806508	0.826461
10	37	0.25641	0.948718	0.610903	0.0720316	-0.184669
10	38	0.25641	0.974359	0.788442	0.0340964	0.406622
10	39	0.25641	1	1	0	0
11	0	0.282051	0	0	0	0.483205
11	1	0.282051	0.025641	-0.0104567	0.000717943	0.483205
11	2	0.282051	0.0512821	-0.0202291	0.00390859	0.510635
11	3	0.282051	0.0769231	-0.0296939	0.00527041	0.454165
11	4	0.282051	0.102564	-0.037979	0.0102511	0.551573
11	5	0.282051	0.128205	-0.0470686	0.0150325	0.441588
11	6	0.282051	0.153846	-0.0538194	0.0187695	0.537635
11	7	0.282051	0.179487	-0.0626961	0.0284295	0.499022
11	8	0.282051	0.205128	-0.0687462	0.0307851	0.446321
11	9	0.282051	0.230769	-0.0764816	0.0431469	0.605599
11	10	0.282051	0.25641	-0.0836114	0.0479527	0.343937
11	11	0.282051	0.282051	-0.0886902	0.0578559	0.658039
11	12	0.282051	0.307692	-0.0982411	0.0700514	0.347869
11	13	0.282051	0.333333	-0.100461	0.0738172	0.552898
11	14	0.282051	0.358974	-0.111143	0.0940584	0.513485
11	15	0.282051	0.384615	-0.113366	0.0943692	0.306425
11	16	0.282051	0.410256	-0.12053	0.115894	0.738219
11	17	0.282051	0.435897	-0.127664	0.121806	0.0965002
11	18	0.282051	0.461538	-0.126239	0.133985	0.796729
11	19	0.282051	0.487179	-0.140382	0.153767	0.144445
11	20	0.282051	0.512821	-0.130712	0.151426	0.527972
11	21	0.282051	0.538462	-0.145539	0.182841	0.494558
11	22	0.282051	0.564103	-0.136845	0.173578	0.0362799
11	23	0.282051	0.589744	-0.13777	0.201162	0.891096
11	24	0.282051	0.615385	-0.142703	0.20153	-0.310938
11	25	0.282051	0.641026	-0.116996	0.20689	0.933736
11	26	0.282051	0.666667	-0.137179	0.226833	-0.176473
11	27	0.282051	0.692308	-0.0885271	0.20583	0.455176
11	28	0.282051	0.717949	-0.102663	0.234379	0.374597
11	29	0.282051	0.74359	-0.0544823	0.204158	-0.222305
11	30	0.282051	0.769231	-0.0252411	0.21402	0.833886
11	31	0.282051	0.794872	-0.000616548	0.197375	-0.510171
11	32	0.282051	0.820513	0.0978382	0.170804	0.727831
11	33	0.282051	0.846154	0.107726	0.169538	-0.175338
11	34	0.282051	0.871795	0.265878	0.121149	0.201089
11	35	0.282051	0.897436	0.308666	0.112408	0.320664
11	36	0.282051	0.923077	0.492887	0.0767702	-0.077115
11	37	0.282051	0.948718	0.61485	0.0492433	0.393128
11	38	0.282051	0.974359	0.807695	0.043353	0.193149
11	39	0.282051	1	1	0	0
12	0	0.307692	0	0	0	0.428191
12	1	0.307692	0.025641	-0.0117834	0.00166911	0.428191
12	2	0.307692	0.0512821	-0.0225447	0.00214231	0.410877
12	3	0.307692	0.0769231	-0.0330584	0.00663165	0.47225
12	4	0.307692	0.102564	-0.0423389	0.00898347	0.378032
12	5	0.307692	0.128205	-0.0515187	0.0137104	0.49892
12	6	0.307692	0.153846	-0.060493	0.0202281	0.388151
12	7	0.307692	0.179487	-0.067774	0.0229985	0.452845
12	8	0.307692	0.205128	-0.0772987	0.0340374	0.473095
12	9	0.307692	0.230769	-0.0830668	0.0361286	0.340603
12	10	0.307692	0.25641	-0.0923375	0.0482426	0.580936
12	11	0.307692	0.282051	-0.0986077	0.0543901	0.254246
12	12	0.307692	0.307692	-0.105371	0.0621723	0.594322
12	13	0.307692	0.333333	-0.11436	0.0767687	0.308904
12	14	0.307692	0.358974	-0.117265	0.077805	0.429661
12	15	0.307692	0.384615	-0.128477	0.0996244	0.52477
12	16	0.307692	0.410256	-0.129666	0.0986241	0.147891
12	17	0.307692	0.435897	-0.138402	0.118939	0.753668
12	18	0.307692	0.461538	-0.14295	0.126203	-0.0353473
12	19	0.307692	0.487179	-0.143175	0.133831	0.748927
12	20	0.307692	0.512821	-0.153897	0.156945	0.101384
12	21	0.307692	0.538462	-0.144682	0.148151	0.372568
12	22	0.307692	0.564103	-0.155823	0.182373	0.559373
12	23	0.307692	0.589744	-0.145236	0.16746	-0.212698
12	24	0.307692	0.615385	-0.142489	0.194219	1.01874
12	25	0.307692	0.641026	-0.141738	0.192297	-0.57514
12	26	0.307692	0.666667	-0.112976	0.190995	1.02586
12	27	0.307692	0.692308	-0.121412	0.213143	-0.338875
12	28	0.307692	0.717949	-0.0713009	0.179689	0.398941
12	29	0.307692	0.74359	-0.0656098	0.213817	0.419269
12	30	0.307692	0.769231	-0.0167759	0.168536	-0.49553
12	31	0.307692	0.794872	0.0389235	0.184051	1.11857
12	32	0.307692	0.820513	0.0690574	0.155567	-0.970349
12	33	0.307692	0.846154	0.19325	0.131204	1.17738
12	34	0.307692	0.871795	0.222336	0.127342	-0.690404
12	35	0.307692	0.897436	0.39557	0.0771407	0.659624
12	36	0.307692	0.923077	0.472422	0.078323	-0.0789798
12	37	0.307692	0.948718	0.658422	0.0397221	0.228239
12	38	0.307692	0.974359	0.81122	0.0362966	0.259503
12	39	0.307692	1	1	0	0
13	0	0.333333	0	0	0	0.36315
13	1	0.333333	0.025641	-0.0128931	0.000716125	0.36315
13	2	0.333333	0.0512821	-0.0251987	0.00342322	0.383724
13	3	0.333333	0.0769231	-0.0355222	0.00460635	0.34017
13	4	0.333333	0.102564	-0.0469837	0.00931386	0.422569
13	5	0.333333	0.128205	-0.0557467	0.0128354	0.318467
13	6	0.333333	0.153846	-0.0655523	0.0169325	0.427834
13	7	0.333333	0.179487	-0.0749074	0.0245067	0.348442
13	8	0.333333	0.205128	-0.0817607	0.0268397	0.363275
13	9	0.333333	0.230769	-0.0929305	0.0378706	0.439011
13	10	0.333333	0.25641	-0.0973746	0.0405374	0.256264
13	11	0.333333	0.282051	-0.10873	0.0512064	0.524201
13	12	0.333333	0.307692	-0.113955	0.0588029	0.202179
13	13	0.333333	0.333333	-0.121652	0.0643954	0.495665
13	14	0.333333	0.358974	-0.13119	0.0801271	0.295272
13	15	0.333333	0.384615	-0.132715	0.0796533	0.299439
13	16	0.333333	0.410256	-0.146291	0.100777	0.522475
13	17	0.333333	0.435897	-0.144024	0.100111	0.027475
13	18	0.333333	0.461538	-0.155538	0.117121	0.71325
13	19	0.333333	0.487179	-0.156105	0.126512	-0.0953152
13	20	0.333333	0.512821	-0.157192	0.128872	0.627953
13	21	0.333333	0.538462	-0.165137	0.154345	0.129254
13	22	0.333333	0.564103	-0.152879	0.14028	0.1671
13	23	0.333333	0.589744	-0.16315	0.174521	0.653438
13	24	0.333333	0.615385	-0.144713	0.156868	-0.449672
13	25	0.333333	0.641026	-0.142361	0.178718	1.10068
13	26	0.333333	0.666667	-0.128958	0.178561	-0.738115
13	27	0.333333	0.692308	-0.100341	0.166353	0.980504
13	28	0.333333	0.717949	-0.0919802	0.194591	-0.308945
13	29	0.333333	0.74359	-0.0394008	0.146653	0.134154
13	30	0.333333	0.769231	-0.0148232	0.187493	0.695194
13	31	0.333333	0.794872	0.0433706	0.130788	-0.95973
13	32	0.333333	0.820513	0.115271	0.147724	1.54987
13	33	0.333333	0.846154	0.167755	0.118367	-1.46156
13	34	0.333333	0.871795	0.298777	0.0877712	1.55233
13	35	0.333333	0.897436	0.365456	0.0950617	-0.991843
13	36	0.333333	0.923077	0.533499	0.0377543	0.8186
13	37	0.333333	0.948718	0.65149	0.0540363	-0.142074
13	38	0.333333	0.974359	0.828562	0.0223014	0.268072
13	39	0.333333	1	1	0	0
14	0	0.358974	0	0	0	0.306639
14	1	0.358974	0.025641	-0.0141875	0.00116902	0.306639
14	2	0.358974	0.0512821	-0.0265708	0.00205871	0.302515
14	3	0.358974	0.0769231	-0.0395865	0.0053411	0.330077
14	4	0.358974	0.102564	-0.0490507	0.00729927	0.28296
14	5	0.358974	0.128205	-0.0612327	0.0117875	0.356849
14	6	0.358974	0.153846	-0.0698797	0.0158574	0.270776
14	7	0.358974	0.179487	-0.0794213	0.0197444	0.352552
14	8	0.358974	0.205128	-0.0900821	0.0271096	0.301172
14	9	0.358974	0.230769	-0.0955478	0.0297243	0.292959
14	10	0.358974	0.25641	-0.108853	0.0396739	0.376177
14	11	0.358974	0.282051	-0.11188	0.0429598	0.205182
14	12	0.358974	0.307692	-0.12454	0.0521658	0.437236
14	13	0.358974	0.333333	-0.129883	0.0600051	0.170903
14	14	0.358974	0.358974	-0.136542	0.064566	0.393519
14	15	0.358974	0.384615	-0.148363	0.079354	0.266031
14	16	0.358974	0.410256	-0.146422	0.0788655	0.207058
14	17	0.358974	0.435897	-0.163241	0.0974943	0.466934
14	18	0.358974	0.461538	-0.156701	0.0977407	-0.0268437
14	19	0.358974	0.487179	-0.169782	0.111081	0.608223
14	20	0.358974	0.512821	-0.167576	0.121437	-0.0965279
14	21	0.358974	0.538462	-0.165923	0.120032	0.471351
14	22	0.358974	0.564103	-0.173988	0.145037	0.169193
14	23	0.358974	0.589744	-0.153461	0.128671	-0.0101162
14	24	0.358974	0.615385	-0.166126	0.159225	0.686815
14	25	0.358974	0.641026	-0.134633	0.142358	-0.578222
14	26	0.358974	0.666667	-0.134262	0.15602	1.0459
14	27	0.358974	0.692308	-0.105479	0.16031	-0.724788
14	28	0.358974	0.717949	-0.0743328	0.136426	0.754922
14	29	0.358974	0.74359	-0.0518831	0.170405	-0.093537
14	30	0.358974	0.769231	0.0124397	0.112503	-0.265991
14	31	0.358974	0.794872	0.0457165	0.154529	1.04933
14	32	0.358974	0.820513	0.12903	0.0975046	-1.38135
14	33	0.358974	0.846154	0.200797	0.106289	1.82624
14	34	0.358974	0.871795	0.292372	0.0894963	-1.65334
14	35	0.358974	0.897436	0.414056	0.0464471	1.54001
14	36	0.358974	0.923077	0.525461	0.0701901	-0.860783
14	37	0.358974	0.948718	0.681042	0.0117596	0.591451
14	38	0.358974	0.974359	0.830516	0.035916	0.0677551
14	39	0.358974	1	1	0	0
15	0	0.384615	0	0	0	0.248268
15	1	0.384615	0.025641	-0.0149533	0.000876895	0.248268
15	2	0.384615	0.0512821	-0.0291869	0.00215943	0.248839
15	3	0.384615	0.0769231	-0.0405581	0.00386728	0.251996
15	4	0.384615	0.102564	-0.0541357	0.00712777	0.26229
15	5	0.384615	0.128205	-0.0630186	0.00927641	0.235978
15	6	0.384615	0.153846	-0.0751297	0.0138748	0.287509
15	7	0.384615	0.179487	-0.0844966	0.0173153	0.215702
15	8	0.384615	0.205128	-0.0928888	0.0216023	0.294945
15	9	0.384615	0.230769	-0.105317	0.0278058	0.227847
15	10	0.384615	0.25641	-0.10934	0.0306602	0.251917
15	11	0.384615	0.282051	-0.124038	0.039582	0.28769
15	12	0.384615	0.307692	-0.126799	0.0423116	0.170197
15	13	0.384615	0.333333	-0.13892	0.0511459	0.350471
15	14	0.384615	0.358974	-0.146015	0.0573565	0.122071
15	15	0.384615	0.384615	-0.149824	0.0621682	0.328309
15	16	0.384615	0.410256	-0.164594	0.0745511	0.18753
15	17	0.384615	0.435897	-0.158778	0.0743694	0.173152
15	18	0.384615	0.461538	-0.177391	0.0904617	0.357273
15	19	0.384615	0.487179	-0.168148	0.0903259	-0.0355553
15	20	0.384615	0.512821	-0.179228	0.101636	0.481442
15	21	0.384615	0.538462	-0.17711	0.11028	-0.0995607
15	22	0.384615	0.564103	-0.168194	0.107871	0.353522
15	23	0.384615	0.589744	-0.178903	0.129259	0.14197
15	24	0.384615	0.615385	-0.146425	0.113451	-0.0813091
15	25	0.384615	0.641026	-0.161715	0.13799	0.594349
15	26	0.384615	0.666667	-0.11632	0.123556	-0.554566
15	27	0.384615	0.692308	-0.114009	0.129242	0.844718
15	28	0.384615	0.717949	-0.0737192	0.136677	-0.571628
15	29	0.384615	0.74359	-0.0307819	0.105978	0.443375
15	30	0.384615	0.769231	-0.0036466	0.139821	0.147082
15	31	0.384615	0.794872	0.0860808	0.0824417	-0.576205
15	32	0.384615	0.820513	0.115214	0.116099	1.20438
15	33	0.384615	0.846154	0.236675	0.0713861	-1.46415
15	34	0.384615	0.871795	0.297853	0.0652113	1.67465
15	35	0.384615	0.897436	0.432276	0.0663674	-1.36362
15	36	0.384615	0.923077	0.543228	0.0163482	1.08837
15	37	0.384615	0.948718	0.688172	0.046276	-0.422231
15	38	0.384615	0.974359	0.838975	0.0067676	0.264283
15	39	0.384615	1	1	0	0
16	0	0.410256	0	0	0	0.187416
16	1	0.410256	0.025641	-0.0159714	0.000415137	0.187416
16	2	0.410256	0.0512821	-0.0298759	0.00199604	0.202612
16	3	0.410256	0.0769231	-0.0441655	0.00321749	0.177257
16	4	0.410256	0.102564	-0.054663	0.00510738	0.210905
16	5	0.410256	0.128205	-0.0681436	0.00860527	0.190801
16	6	0.410256	0.153846	-0.0771769	0.00980576	0.181887
16	7	0.410256	0.179487	-0.0884108	0.0150558	0.234621
16	8	0.410256	0.205128	-0.0989473	0.0169903	0.13637
16	9	0.410256	0.230769	-0.106135	0.0215664	0.263724
16	10	0.410256	0.25641	-0.119676	0.0267331	0.132323
16	11	0.410256	0.282051	-0.123337	0.0286496	0.223058
16	12	0.410256	0.307692	-0.137751	0.0376044	0.202752
16	13	0.410256	0.333333	-0.141767	0.0380629	0.115553
16	14	0.410256	0.358974	-0.151765	0.0476149	0.30023
16	15	0.410256	0.384615	-0.161157	0.0510508	0.0273861
16	16	0.410256	0.410256	-0.161956	0.0561582	0.314457
16	17	0.410256	0.435897	-0.17817	0.0664126	0.0650961
16	18	0.410256	0.461538	-0.170206	0.0650955	0.172117
16	19	0.410256	0.487179	-0.187224	0.080369	0.239024
16	20	0.410256	0.512821	-0.178001	0.0773791	-0.0581196
16	21	0.410256	0.538462	-0.18321	0.089076	0.401017
16	22	0.410256	0.564103	-0.183089	0.0935132	-0.171463
16	23	0.410256	0.589744	-0.164442	0.0921905	0.333841
16	24	0.410256	0.615385	-0.177028	0.108582	0.00602474
16	25	0.410256	0.641026	-0.13314	0.0940406	-0.0291952
16	26	0.410256	0.666667	-0.146363	0.113553	0.39247
16	27	0.410256	0.692308	-0.0915741	0.0996775	-0.435534
16	28	0.410256	0.717949	-0.0785122	0.102168	0.601521
16	29	0.410256	0.74359	-0.034928	0.107234	-0.433264
16	30	0.410256	0.769231	0.03101	0.0788783	0.247682
16	31	0.410256	0.794872	0.0535991	0.104204	0.177364
16	32	0.410256	0.820513	0.177523	0.0581747	-0.555097
16	33	0.410256	0.846154	0.197808	0.0772602	0.949245
16	34	0.410256	0.871795	0.356565	0.0498229	-1.08373
16	35	0.410256	0.897436	0.412308	0.032939	1.09122
16	36	0.410256	0.923077	0.575022	0.0435918	-0.749961
16	37	0.410256	0.948718	0.688511	0.00284345	0.485884
16	38	0.410256	0.974359	0.84626	0.0239463	-0.0253916
16	39	0.410256	1	1	0	0
17	0	0.435897	0	0	0	0.135695
17	1	0.435897	0.025641	-0.0164488	0.000932463	0.135695
17	2	0.435897	0.0512821	-0.0316649	0.000664782	0.117167
17	3	0.435897	0.0769231	-0.0445338	0.00281315	0.165975
17	4	0.435897	0.102564	-0.0583904	0.00408339	0.100823
17	5	0.435897	0.128205	-0.0686338	0.00502741	0.163711
17	6	0.435897	0.153846	-0.0813074	0.00927823	0.134279
17	7	0.435897	0.179487	-0.0909304	0.00866254	0.104803
17	8	0.435897	0.205128	-0.10122	0.0144367	0.206364
17	9	0.435897	0.230769	-0.112383	0.0150232	0.0366625
17	10	0.435897	0.25641	-0.119342	0.0187058	0.242394
17	11	0.435897	0.282051	-0.132517	0.0238979	0.042397
17	12	0.435897	0.307692	-0.137201	0.0232456	0.172962
17	13	0.435897	0.333333	-0.149961	0.0332065	0.154314
17	14	0.435897	0.358974	-0.155696	0.0304738	0.0171553
17	15	0.435897	0.384615	-0.163562	0.0405628	0.296234
17	16	0.435897	0.410256	-0.173809	0.0417771	-0.103387
17	17	0.435897	0.435897	-0.173328	0.0455757	0.323107
17	18	0.435897	0.461538	-0.187896	0.0555056	-0.0548307
17	19	0.435897	0.487179	-0.180276	0.0507406	0.147058
17	20	0.435897	0.512821	-0.192446	0.0672762	0.173244
17	21	0.435897	0.538462	-0.18465	0.0595593	-0.149647
17	22	0.435897	0.564103	-0.182437	0.0729631	0.409578
17	23	0.435897	0.589744	-0.182915	0.0727219	-0.333506
17	24	0.435897	0.615385	-0.155978	0.0723222	0.40813
17	25	0.435897	0.641026	-0.165453	0.0853637	-0.20269
17	26	0.435897	0.666667	-0.114844	0.0698598	0.0767319
17	27	0.435897	0.692308	-0.117953	0.0888101	0.187523
17	28	0.435897	0.717949	-0.0606387	0.0707464	-0.361899
17	29	0.435897	0.74359	-0.0279955	0.0774735	0.486742
17	30	0.435897	0.769231	0.01285	0.0736886	-0.495556
17	31	0.435897	0.794872	0.106837	0.0559433	0.345964
17	32	0.435897	0.820513	0.124807	0.0683436	-0.142258
17	33	0.435897	0.846154	0.278128	0.0371228	-0.145471
17	34	0.435897	0.871795	0.299936	0.0456369	0.337982
17	35	0.435897	0.897436	0.478338	0.0281373	-0.43738
17	36	0.435897	0.923077	0.54703	0.0151004	0.395675
17	37	0.435897	0.948718	0.71469	0.019939	-0.210618
17	38	0.435897	0.974359	0.844539	0.00266826	0.115283
17	39	0.435897	1	1	0	0
18	0	0.461538	0	0	0	0.0717967
18	1	0.461538	0.025641	-0.0169578	-0.000220212	0.0717967
18	2	0.461538	0.0512821	-0.0321201	0.00151667	0.0972512
18	3	0.461538	0.0769231	-0.0463409	0.000920136	0.0391712
18	4	0.461538	0.102564	-0.0586831	0.00245823	0.12552
18	5	0.461538	0.128205	-0.0715187	0.00429667	0.0368882
18	6	0.461538	0.153846	-0.0819336	0.00337116	0.0950369
18	7	0.461538	0.179487	-0.0937292	0.00829808	0.101145
18	8	0.461538	0.205128	-0.103515	0.00598663	0.00780308
18	9	0.461538	0.230769	-0.11372	0.0111369	0.187535
18	10	0.461538	0.25641	-0.124243	0.0114328	-0.0573632
18	11	0.461538	0.282051	-0.132204	0.012628	0.199711
18	12	0.461538	0.307692	-0.143856	0.0187834	-0.0116124
18	13	0.461538	0.333333	-0.149951	0.0147505	0.0804797
18	14	0.461538	0.358974	-0.161153	0.0254191	0.149034
18	15	0.461538	0.384615	-0.16728	0.0202241	-0.11261
18	16	0.461538	0.410256	-0.174659	0.029122	0.308059
18	17	0.461538	0.435897	-0.183036	0.0300033	-0.224206
18	18	0.461538	0.461538	-0.183474	0.0302625	0.300527
18	19	0.461538	0.487179	-0.193733	0.0417108	-0.117895
18	20	0.461538	0.512821	-0.187446	0.0320952	0.0532731
18	21	0.461538	0.538462	-0.193903	0.0505735	0.188632
18	22	0.461538	0.564103	-0.185805	0.038424	-0.31528
18	23	0.461538	0.589744	-0.178095	0.052608	0.486685
18	24	0.461538	0.615385	-0.174298	0.0499031	-0.536267
18	25	0.461538	0.641026	-0.143561	0.0479293	0.500228
18	26	0.461538	0.666667	-0.142883	0.0617301	-0.381376
18	27	0.461538	0.692308	-0.0910609	0.0413839	0.11341
18	28	0.461538	0.717949	-0.0773541	0.0654551	0.116687
18	29	0.461538	0.74359	-0.0209896	0.0388235	-0.470474
18	30	0.461538	0.769231	0.033459	0.0553006	0.61785
18	31	0.461538	0.794872	0.0745718	0.0406299	-0.830714
18	32	0.461538	0.820513	0.189444	0.03475	0.732979
18	33	0.461538	0.846154	0.215927	0.0390171	-0.704897
18	34	0.461538	0.871795	0.379943	0.0154651	0.423877
18	35	0.461538	0.897436	0.424102	0.0263479	-0.293782
18	36	0.461538	0.923077	0.59828	0.00573712	0.0727221
18	37	0.461538	0.948718	0.696457	0.00849264	-0.0275017
18	38	0.461538	0.974359	0.854964	0.00234413	-0.00936567
18	39	0.461538	1	1	0	0
19	0	0.487179	0	0	0	0.0225185
19	1	0.487179	0.025641	-0.0171956	0.000625599	0.0225185
19	2	0.487179	0.0512821	-0.0325132	-0.000501716	-0.000858714
19	3	0.487179	0.0769231	-0.0468394	0.00115299	0.0581846
19	4	0.487179	0.102564	-0.0596193	0.000702748	-0.0301348
19	5	0.487179	0.128205	-0.0718556	0.000620991	0.066084
19	6	0.487179	0.153846	-0.0836135	0.00305447	-0.00530334
19	7	0.487179	0.179487	-0.0938792	0.000266293	0.00641668
19	8	0.487179	0.205128	-0.105562	0.00482241	0.0782203
19	9	0.487179	0.230769	-0.114433	0.00182034	-0.0852799
19	10	0.487179	0.25641	-0.125649	0.00479214	0.149125
19	11	0.487179	0.282051	-0.134566	0.00574235	-0.117525
19	12	0.487179	0.307692	-0.143847	0.0036525	0.116431
19	13	0.487179	0.333333	-0.154162	0.0104722	-0.0246295
19	14	0.487179	0.358974	-0.160453	0.00383198	-0.0410599
19	15	0.487179	0.384615	-0.171642	0.0134508	0.156466
19	16	0.487179	0.410256	-0.175791	0.00771361	-0.229177
19	17	0.487179	0.435897	-0.184588	0.0132351	0.285382
19	18	0.487179	0.461538	-0.188973	0.015487	-0.286564
19	19	0.487179	0.487179	-0.190961	0.0110859	0.210321
19	20	0.487179	0.512821	-0.196575	0.0243048	-0.105941
19	21	0.487179	0.538462	-0.189742	0.0106589	-0.102765
19	22	0.487179	0.564103	-0.192619	0.0295822	0.253682
19	23	0.487179	0.589744	-0.179735	0.0156453	-0.497612
19	24	0.487179	0.615385	-0.170556	0.0278944	0.554237
19	25	0.487179	0.641026	-0.156616	0.0265465	-0.683968
19	26	0.487179	0.666667	-0.126252	0.019859	0.505678
19	27	0.487179	0.692308	-0.110599	0.0386136	-0.424064
19	28	0.487179	0.717949	-0.0590919	0.0109215	-0.0128186
19	29	0.487179	0.74359	-0.028281	0.0431859	0.24606
19	30	0.487179	0.769231	0.0318032	0.00823439	-0.779096
19	31	0.487179	0.794872	0.100121	0.0335362	0.94178
19	32	0.487179	0.820513	0.154989	0.0139712	-1.29597
19	33	0.487179	0.846154	0.273361	0.0124182	1.16585
19	34	0.487179	0.871795	0.328358	0.0206277	-1.17944
19	35	0.487179	0.897436	0.481658	-0.00675869	0.770651
19	36	0.487179	0.923077	0.564419	0.0170403	-0.581012
19	37	0.487179	0.948718	0.721428	-0.0112568	0.181824
19	38	0.487179	0.974359	0.849916	0.00279521	-0.0969257
19	39	0.487179	1	1	0	0
20	0	0.512821	0	0	0	-0.0402881
20	1	0.512821	0.025641	-0.0171027	-0.000517075	-0.0402881
20	2	0.512821	0.0512821	-0.0328693	0.000399447	-0.0216545
20	3	0.512821	0.0769231	-0.0462901	-0.00104558	-0.0700996
20	4	0.512821	0.102564	-0.0602242	-0.000588347	0.00396792
20	5	0.512821	0.128205	-0.0715346	-0.000739094	-0.0804499
20	6	0.512821	0.153846	-0.0834508	-0.00259978	-0.0128321
20	7	0.512821	0.179487	-0.0948263	-0.000453729	-0.0362898
20	8	0.512821	0.205128	-0.104028	-0.00421633	-0.0810495
20	9	0.512821	0.230769	-0.116591	-0.00150417	0.0389682
20	10	0.512821	0.25641	-0.123738	-0.00425304	-0.148193
20	11	0.512821	0.282051	-0.136236	-0.00428159	0.0731136
20	12	0.512821	0.307692	-0.143802	-0.00289888	-0.139207
20	13	0.512821	0.333333	-0.153286	-0.00756739	0.00547521
20	14	0.512821	0.358974	-0.163724	-0.00176038	-0.0258116
20	15	0.512821	0.384615	-0.168135	-0.00914873	-0.149488
20	16	0.512821	0.410256	-0.180976	-0.00269209	0.129872
20	17	0.512821	0.435897	-0.181472	-0.00736753	-0.289032
20	18	0.512821	0.461538	-0.192036	-0.00620151	0.198076
20	19	0.512821	0.487179	-0.192504	-0.00255377	-0.279592
20	20	0.512821	0.512821	-0.194107	-0.0105364	0.0663539
20	21	0.512821	0.538462	-0.197281	0.00263677	-0.0567683
20	22	0.512821	0.564103	-0.185913	-0.0121821	-0.260389
20	23	0.512821	0.589744	-0.188674	0.00435752	0.29212
20	24	0.512821	0.615385	-0.166342	-0.00779787	-0.609948
20	25	0.512821	0.641026	-0.158619	-7.7118e-05	0.525711
20	26	0.512821	0.666667	-0.131383	0.003015	-0.697861
20	27	0.512821	0.692308	-0.101438	-0.00948699	0.36611
20	28	0.512821	0.717949	-0.0718314	0.0154616	-0.304404
20	29	0.512821	0.74359	-0.0152819	-0.017594	-0.280879
20	30	0.512821	0.769231	0.0250089	0.0203189	0.492405
20	31	0.512821	0.794872	0.101041	-0.0160461	-1.12973
20	32	0.512821	0.820513	0.168775	0.0102783	1.2223
20	33	0.512821	0.846154	0.254115	-0.00273494	-1.5881
20	34	0.512821	0.871795	0.359492	-0.010314	1.30725
20	35	0.512821	0.897436	0.455775	0.0112113	-1.25162
20	36	0.512821	0.923077	0.589716	-0.0237169	0.669838
20	37	0.512821	0.948718	0.709933	0.00943966	-0.458263
20	38	0.512821	0.974359	0.855425	-0.0171265	-0.00286232
20	39	0.512821	1	1	0	0
21	0	0.538462	0	0	0	-0.0925674
21	1	0.538462	0.025641	-0.0170541	-4.56734e-05	-0.0925674
21	2	0.538462	0.0512821	-0.0318862	-0.00115864	-0.104921
21	3	0.538462	0.0769231	-0.0467882	-0.00106851	-0.0762257
21	4	0.538462	0.102564	-0.0583085	-0.00257716	-0.124308
21	5	0.538462	0.128205	-0.071769	-0.00365298	-0.0681976
21	6	0.538462	0.153846	-0.0822503	-0.00418733	-0.119251
21	7	0.538462	0.179487	-0.0930766	-0.00710641	-0.0932791
21	8	0.538462	0.205128	-0.105004	-0.00658662	-0.0798434
21	9	0.538462	0.230769	-0.112438	-0.0104201	-0.143044
21	10	0.538462	0.25641	-0.126153	-0.0103847	-0.0337563
21	11	0.538462	0.282051	-0.131858	-0.0130034	-0.176075
21	12	0.538462	0.307692	-0.144621	-0.0154485	-0.0289137
21	13	0.538462	0.333333	-0.152224	-0.0151515	-0.149312
21	14	0.538462	0.358974	-0.160062	-0.0206847	-0.0940923
21	15	0.538462	0.384615	-0.172121	-0.0178698	-0.0581561
21	16	0.538462	0.410256	-0.173304	-0.0245186	-0.205619
21	17	0.538462	0.435897	-0.187965	-0.0221187	0.0437658
21	18	0.538462	0.461538	-0.185171	-0.0258082	-0.285948
21	19	0.538462	0.487179	-0.195578	-0.0278652	0.0639875
21	20	0.538462	0.512821	-0.194338	-0.0247254	-0.243531
21	21	0.538462	0.538462	-0.192042	-0.0334601	-0.0711021
21	22	0.538462	0.564103	-0.195719	-0.0231139	-0.0420891
21	23	0.538462	0.589744	-0.176237	-0.0358412	-0.343006
21	24	0.538462	0.615385	-0.180751	-0.0238588	0.233888
21	25	0.538462	0.641026	-0.147245	-0.0319462	-0.596199
21	26	0.538462	0.666667	-0.139903	-0.0289508	0.3702
21	27	0.538462	0.692308	-0.10133	-0.021354	-0.580244
21	28	0.538462	0.717949	-0.066281	-0.0366772	0.127757
21	29	0.538462	0.74359	-0.0295717	-0.00893359	-0.120309
21	30	0.538462	0.769231	0.0423189	-0.0401881	-0.534359
21	31	0.538462	0.794872	0.0810821	-0.00410072	0.642875
21	32	0.538462	0.820513	0.185508	-0.0314061	-1.2648
21	33	0.538462	0.846154	0.241955	-0.0130542	1.18552
21	34	0.538462	0.871795	0.365433	-0.0113243	-1.46454
21	35	0.538462	0.897436	0.455141	-0.0278278	0.997311
21	36	0.538462	0.923077	0.587879	0.00371064	-0.905886
21	37	0.538462	0.948718	0.712167	-0.0287225	0.267211
21	38	0.538462	0.974359	0.854448	-0.00409061	-0.231615
21	39	0.538462	1	1	0	0
22	0	0.564103	0	0	0	-0.150987
22	1	0.564103	0.025641	-0.0164408	-0.000547479	-0.150987
22	2	0.564103	0.0512821	-0.0318217	-0.0011226	-0.150857
22	3	0.564103	0.0769231	-0.0444212	-0.00257846	-0.159096
22	4	0.564103	0.102564	-0.0585605	-0.00379233	-0.14626
22	5	0.564103	0.128205	-0.068763	-0.00585101	-0.167698
22	6	0.564103	0.153846	-0.0811378	-0.00792275	-0.143783
22	7	0.564103	0.179487	-0.0916863	-0.0100109	-0.167288
22	8	0.564103	0.205128	-0.100795	-0.013162	-0.152979
22	9	0.564103	0.230769	-0.113588	-0.0150766	-0.152339
22	10	0.564103	0.25641	-0.119517	-0.0190225	-0.174107
22	11	0.564103	0.282051	-0.133497	-0.0212025	-0.130225
22	12	0.564103	0.307692	-0.13906	-0.0250248	-0.192995
22	13	0.564103	0.333333	-0.150429	-0.0283572	-0.121428
22	14	0.564103	0.358974	-0.159457	-0.0309452	-0.187028
22	15	0.564103	0.384615	-0.164509	-0.0360044	-0.14693
22	16	0.564103	0.410256	-0.178288	-0.0369884	-0.143686
22	17	0.564103	0.435897	-0.176757	-0.0430303	-0.205997
22	18	0.564103	0.461538	-0.191396	-0.0436002	-0.0824507
22	19	0.564103	0.487179	-0.187475	-0.0481529	-0.259936
22	20	0.564103	0.512821	-0.194618	-0.0508048	-0.0594383
22	21	0.564103	0.538462	-0.194211	-0.0507573	-0.243943
22	22	0.564103	0.564103	-0.185283	-0.0573819	-0.13565
22	23	0.564103	0.589744	-0.190568	-0.0516457	-0.117477
22	24	0.564103	0.615385	-0.162335	-0.0606223	-0.312683
22	25	0.564103	0.641026	-0.166775	-0.0528469	0.0685544
22	26	0.564103	0.666667	-0.124711	-0.0574763	-0.478009
22	27	0.564103	0.692308	-0.112327	-0.0558346	0.14846
22	28	0.564103	0.717949	-0.0684553	-0.0473109	-0.432593
22	29	0.564103	0.74359	-0.0199202	-0.0587035	-0.0649247
22	30	0.564103	0.769231	0.0159721	-0.0346875	-0.0523445
22	31	0.564103	0.794872	0.111658	-0.0551726	-0.568519
22	32	0.564103	0.820513	0.143338	-0.0280457	0.493838
22	33	0.564103	0.846154	0.278924	-0.0396771	-1.01998
22	34	0.564103	0.871795	0.327046	-0.0310921	0.746155
22	35	0.564103	0.897436	0.479924	-0.0176375	-0.968075
22	36	0.564103	0.923077	0.568115	-0.0341223	0.417264
22	37	0.564103	0.948718	0.719078	-0.00657756	-0.450432
22	38	0.564103	0.974359	0.850884	-0.0257565	-0.101144
22	39	0.564103	1	1	0	0
23	0	0.589744	0	0	0	-0.209212
23	1	0.589744	0.025641	-0.0159937	-0.000817447	-0.209212
23	2	0.589744	0.0512821	-0.0299764	-0.00153569	-0.205018
23	3	0.589744	0.0769231	-0.044083	-0.00340402	-0.221618
23	4	0.589744	0.102564	-0.0549577	-0.00549685	-0.203813
23	5	0.589744	0.128205	-0.0679223	-0.00764297	-0.220761
23	6	0.589744	0.153846	-0.0776643	-0.0112497	-0.217821
23	7	0.589744	0.179487	-0.088399	-0.0135785	-0.202669
23	8	0.589744	0.205128	-0.0994013	-0.0179772	-0.24015
23	9	0.589744	0.230769	-0.106996	-0.0213449	-0.185754
23	10	0.589744	0.25641	-0.119934	-0.0253259	-0.246131
23	11	0.589744	0.282051	-0.12554	-0.0305487	-0.195224
23	12	0.589744	0.307692	-0.138306	-0.0335886	-0.218596
23	13	0.589744	0.333333	-0.145028	-0.0402264	-0.234408
23	14	0.589744	0.358974	-0.153994	-0.043263	-0.172511
23	15	0.589744	0.384615	-0.164554	-0.0494407	-0.271764
23	16	0.589744	0.410256	-0.167372	-0.0542115	-0.151114
23	17	0.589744	0.435897	-0.181178	-0.0579688	-0.262985
23	18	0.589744	0.461538	-0.178991	-0.0651519	-0.188824
23	19	0.589744	0.487179	-0.190858	-0.0663288	-0.195436
23	20	0.589744	0.512821	-0.18805	-0.0740591	-0.269893
23	21	0.589744	0.538462	-0.1898	-0.0749049	-0.115305
23	22	0.589744	0.564103	-0.190864	-0.0793378	-0.324282
23	23	0.589744	0.589744	-0.175381	-0.0827556	-0.103317
23	24	0.589744	0.615385	-0.180077	-0.080916	-0.278923
23	25	0.589744	0.641026	-0.146066	-0.0871546	-0.203092
23	26	0.589744	0.666667	-0.145313	-0.0802253	-0.13637
23	27	0.589744	0.692308	-0.100007	-0.0847454	-0.353495
23	28	0.589744	0.717949	-0.0758289	-0.0785594	-0.0117179
23	29	0.589744	0.74359	-0.0322453	-0.0743076	-0.401675
23	30	0.589744	0.769231	0.0351646	-0.0746575	-0.0576325
23	31	0.589744	0.794872	0.0683513	-0.0593079	-0.239006
23	32	0.589744	0.820513	0.187089	-0.0643681	-0.289746
23	33	0.589744	0.846154	0.21843	-0.0464115	0.0283508
23	34	0.589744	0.871795	0.374023	-0.0456077	-0.48996
23	35	0.589744	0.897436	0.430755	-0.0383376	0.118801
23	36	0.589744	0.923077	0.593647	-0.025704	-0.424044
23	37	0.589744	0.948718	0.699714	-0.0295143	-0.0568335
23	38	0.589744	0.974359	0.853818	-0.0201437	-0.246927
23	39	0.589744	1	1	0	0
24	0	0.615385	0	0	0	-0.263553
24	1	0.615385	0.025641	-0.0150373	-0.000559505	-0.263553
24	2	0.615385	0.0512821	-0.0290187	-0.00252149	-0.28024
24	3	0.615385	0.0769231	-0.0409927	-0.00385904	-0.250484
24	4	0.615385	0.102564	-0.0536689	-0.006734	-0.297634
24	5	0.615385	0.128205	-0.0636201	-0.0103143	-0.253306
24	6	0.615385	0.153846	-0.0749603	-0.0127199	-0.281855
24	7	0.615385	0.179487	-0.0846989	-0.0185788	-0.289425
24	8	0.615385	0.205128	-0.0939323	-0.0210968	-0.23794
24	9	0.615385	0.230769	-0.104854	-0.0275068	-0.332334
24	10	0.615385	0.25641	-0.111971	-0.032111	-0.209456
24	11	0.615385	0.282051	-0.123773	-0.0369377	-0.333017
24	12	0.615385	0.307692	-0.130259	-0.0448903	-0.238337
24	13	0.615385	0.333333	-0.140902	-0.0477299	-0.269936
24	14	0.615385	0.358974	-0.148935	-0.0577955	-0.317797
24	15	0.615385	0.384615	-0.156007	-0.0607647	-0.180929
24	16	0.615385	0.410256	-0.166608	-0.0695526	-0.385022
24	17	0.615385	0.435897	-0.169083	-0.0756895	-0.142268
24	18	0.615385	0.461538	-0.180499	-0.0800975	-0.367227
24	19	0.615385	0.487179	-0.179648	-0.09048	-0.206639
24	20	0.615385	0.512821	-0.187035	-0.0902967	-0.246547
24	21	0.615385	0.538462	-0.185733	-0.10223	-0.349686
24	22	0.615385	0.564103	-0.182553	-0.10068	-0.0898359
24	23	0.615385	0.589744	-0.182851	-0.108608	-0.471133
24	24	0.615385	0.615385	-0.16384	-0.110125	-0.0142312
24	25	0.615385	0.641026	-0.163335	-0.108988	-0.457673
24	26	0.615385	0.666667	-0.128181	-0.115486	-0.105059
24	27	0.615385	0.692308	-0.116854	-0.104494	-0.271
24	28	0.615385	0.717949	-0.0722678	-0.112754	-0.338577
24	29	0.615385	0.74359	-0.0330163	-0.0967861	0.00128144
24	30	0.615385	0.769231	0.010518	-0.0996046	-0.573324
24	31	0.615385	0.794872	0.0941701	-0.0862497	0.188704
24	32	0.615385	0.820513	0.132927	-0.0780317	-0.646636
24	33	0.615385	0.846154	0.263233	-0.0714648	0.17366
24	34	0.615385	0.871795	0.311374	-0.0543024	-0.523615
24	35	0.615385	0.897436	0.468817	-0.0520315	0.00644646
24	36	0.615385	0.923077	0.55346	-0.0350077	-0.337943
24	37	0.615385	0.948718	0.711863	-0.0325832	-0.153594
24	38	0.615385	0.974359	0.845011	-0.0267839	-0.263486
24	39	0.615385	1	1	0	0
25	0	0.641026	0	0	0	-0.326745
25	1	0.641026	0.025641	-0.0141272	-0.00136431	-0.326745
25	2	0.641026	0.0512821	-0.0269009	-0.00196774	-0.313311
25	3	0.641026	0.0769231	-0.0390596	-0.00526732	-0.357239
25	4	0.641026	0.102564	-0.0497561	-0.00789451	-0.298692
25	5	0.641026	0.128205	-0.060705	-0.0111376	-0.363271
25	6	0.641026	0.153846	-0.0702401	-0.0168751	-0.321435
25	7	0.641026	0.179487	-0.0800521	-0.0193967	-0.321901
25	8	0.641026	0.205128	-0.0894375	-0.0272764	-0.379156
25	9	0.641026	0.230769	-0.0980518	-0.0308659	-0.264335
25	10	0.641026	0.25641	-0.107819	-0.0381672	-0.419161
25	11	0.641026	0.282051	-0.115551	-0.0453385	-0.252784
25	12	0.641026	0.307692	-0.1254	-0.0500185	-0.386592
25	13	0.641026	0.333333	-0.132966	-0.0612582	-0.319618
25	14	0.641026	0.358974	-0.141919	-0.06413	-0.283025
25	15	0.641026	0.384615	-0.149991	-0.0766869	-0.426198
25	16	0.641026	0.410256	-0.156856	-0.0811605	-0.179387
25	17	0.641026	0.435897	-0.1654	-0.0906154	-0.482401
25	18	0.641026	0.461538	-0.169293	-0.099982	-0.167328
25	19	0.641026	0.487179	-0.176921	-0.103408	-0.414501
25	20	0.641026	0.512821	-0.177676	-0.117739	-0.286164
25	21	0.641026	0.538462	-0.18121	-0.116013	-0.228972
25	22	0.641026	0.564103	-0.179339	-0.130971	-0.480473
25	23	0.641026	0.589744	-0.174082	-0.128566	-0.0255686
25	24	0.641026	0.615385	-0.16965	-0.136994	-0.618185
25	25	0.641026	0.641026	-0.151052	-0.139306	0.0500458
25	26	0.641026	0.666667	-0.141178	-0.134866	-0.561211
25	27	0.641026	0.692308	-0.107686	-0.144366	-0.108211
25	28	0.641026	0.717949	-0.0839491	-0.125684	-0.257416
25	29	0.641026	0.74359	-0.0388305	-0.138758	-0.480453
25	30	0.641026	0.769231	0.012162	-0.11201	0.189772
25	31	0.641026	0.794872	0.0637148	-0.118929	-0.884251
25	32	0.641026	0.820513	0.1534	-0.0961581	0.533599
25	33	0.641026	0.846154	0.212815	-0.0866264	-1.05189
25	34	0.641026	0.871795	0.339882	-0.0781389	0.531101
25	35	0.641026	0.897436	0.421372	-0.0515409	-0.841549
25	36	0.641026	0.923077	0.569542	-0.056384	0.178545
25	37	0.641026	0.948718	0.689879	-0.027764	-0.435486
25	38	0.641026	0.974359	0.845177	-0.0368934	-0.226087
25	39	0.641026	1	1	0	0
26	0	0.666667	0	0	0	-0.380584
26	1	0.666667	0.025641	-0.0129903	-0.000735551	-0.380584
26	2	0.666667	0.0512821	-0.0248669	-0.00334343	-0.402153
26	3	0.666667	0.0769231	-0.0360769	-0.0050184	-0.362466
26	4	0.666667	0.102564	-0.0463096	-0.00895303	-0.427361
26	5	0.666667	0.128205	-0.0562661	-0.0135305	-0.362493
26	6	0.666667	0.153846	-0.0655812	-0.0168827	-0.410185
26	7	0.666667	0.179487	-0.0745122	-0.0246353	-0.407003
26	8	0.666667	0.205128	-0.083541	-0.0279954	-0.352511
26	9	0.666667	0.230769	-0.091703	-0.0368694	-0.4658
26	10	0.666667	0.25641	-0.100672	-0.042757	-0.30751
26	11	0.666667	0.282051	-0.108571	-0.0499752	-0.476375
26	12	0.666667	0.307692	-0.117146	-0.0602633	-0.331136
26	13	0.666667	0.333333	-0.125402	-0.0649722	-0.405057
26	14	0.666667	0.358974	-0.132979	-0.0786297	-0.424139
26	15	0.666667	0.384615	-0.141722	-0.0830071	-0.287447
26	16	0.666667	0.410256	-0.148022	-0.0962426	-0.519385
26	17	0.666667	0.435897	-0.156226	-0.103949	-0.21009
26	18	0.666667	0.461538	-0.16155	-0.112651	-0.527195
26	19	0.666667	0.487179	-0.16706	-0.12583	-0.24806
26	20	0.666667	0.512821	-0.171571	-0.128357	-0.402305
26	21	0.666667	0.538462	-0.172092	-0.145361	-0.406087
26	22	0.666667	0.564103	-0.174341	-0.143789	-0.184955
26	23	0.666667	0.589744	-0.168609	-0.158981	-0.600486
26	24	0.666667	0.615385	-0.164535	-0.158198	0.00574068
26	25	0.666667	0.641026	-0.152278	-0.163858	-0.688755
26	26	0.666667	0.666667	-0.136016	-0.168934	0.0215237
26	27	0.666667	0.692308	-0.115998	-0.158796	-0.537299
26	28	0.666667	0.717949	-0.0824977	-0.171231	-0.23293
26	29	0.666667	0.74359	-0.0498039	-0.14502	-0.115444
26	30	0.666667	0.769231	0.00282752	-0.159125	-0.703341
26	31	0.666667	0.794872	0.0572835	-0.125998	0.418361
26	32	0.666667	0.820513	0.128737	-0.12882	-1.13555
26	33	0.666667	0.846154	0.213874	-0.104991	0.731956
26	34	0.666667	0.871795	0.306164	-0.08479	-1.19196
26	35	0.666667	0.897436	0.423742	-0.0814534	0.550811
26	36	0.666667	0.923077	0.543284	-0.0437274	-0.786216
26	37	0.666667	0.948718	0.686911	-0.0526417	0.0246959
26	38	0.666667	0.974359	0.837056	-0.0295889	-0.371974
26	39	0.666667	1	1	0	0
27	0	0.692308	0	0	0	-0.445498
27	1	0.692308	0.025641	-0.0116916	-0.00152179	-0.445498
27	2	0.692308	0.0512821	-0.022786	-0.00255264	-0.435374
27	3	0.692308	0.0769231	-0.0325462	-0.00626047	-0.474218
27	4	0.692308	0.102564	-0.0427594	-0.00957133	-0.423451
27	5	0.692308	0.128205	-0.0511934	-0.0137437	-0.481537
27	6	0.692308	0.153846	-0.0603577	-0.0202413	-0.442856
27	7	0.692308	0.179487	-0.0686765	-0.0242235	-0.446804
27	8	0.692308	0.205128	-0.0763186	-0.0330799	-0.492318
27	9	0.692308	0.230769	-0.0854274	-0.038387	-0.396327
27	10	0.692308	0.25641	-0.0917543	-0.0472783	-0.527059
27	11	0.692308	0.282051	-0.101326	-0.0560371	-0.38245
27	12	0.692308	0.307692	-0.107652	-0.0632316	-0.501112
27	13	0.692308	0.333333	-0.116179	-0.075875	-0.432079
27	14	0.692308	0.358974	-0.124131	-0.081945	-0.414637
27	15	0.692308	0.384615	-0.130158	-0.0963215	-0.51569
27	16	0.692308	0.410256	-0.140041	-0.103827	-0.321396
27	17	0.692308	0.435897	-0.143592	-0.116429	-0.564556
27	18	0.692308	0.461538	-0.153283	-0.127881	-0.29167
27	19	0.692308	0.487179	-0.156044	-0.136027	-0.519104
27	20	0.692308	0.512821	-0.161557	-0.151744	-0.362811
27	21	0.692308	0.538462	-0.165214	-0.155119	-0.370926
27	22	0.692308	0.564103	-0.162792	-0.172221	-0.510061
27	23	0.692308	0.589744	-0.166416	-0.173104	-0.177001
27	24	0.692308	0.615385	-0.154602	-0.185846	-0.646638
27	25	0.692308	0.641026	-0.152959	-0.188161	-0.0467181
27	26	0.692308	0.666667	-0.132895	-0.189543	-0.649697
27	27	0.692308	0.692308	-0.117145	-0.196711	-0.102099
27	28	0.692308	0.717949	-0.0903864	-0.181724	-0.417939
27	29	0.692308	0.74359	-0.0511604	-0.193155	-0.401578
27	30	0.692308	0.769231	-0.0160021	-0.163517	0.0342712
27	31	0.692308	0.794872	0.0527828	-0.171241	-0.841337
27	32	0.692308	0.820513	0.103909	-0.138497	0.494554
27	33	0.692308	0.846154	0.203004	-0.129042	-1.1289
27	34	0.692308	0.871795	0.282019	-0.109543	0.619519
27	35	0.692308	0.897436	0.408243	-0.076604	-0.982086
27	36	0.692308	0.923077	0.524903	-0.0762043	0.25932
27	37	0.692308	0.948718	0.674717	-0.0367297	-0.514104
27	38	0.692308	0.974359	0.829248	-0.0456151	-0.253815
27	39	0.692308	1	1	0	0
28	0	0.717949	0	0	0	-0.502897
28	1	0.717949	0.025641	-0.0104725	-0.00103889	-0.502897
28	2	0.717949	0.0512821	-0.0199872	-0.00345968	-0.517241
28	3	0.717949	0.0769231	-0.029836	-0.00590987	-0.496572
28	4	0.717949	0.102564	-0.0376562	-0.0100902	-0.534074
28	5	0.717949	0.128205	-0.0469431	-0.0151277	-0.49922
28	6	0.717949	0.153846	-0.0541357	-0.0198174	-0.524979
28	7	0.717949	0.179487	-0.0619845	-0.0274724	-0.525744
28	8	0.717949	0.205128	-0.0700777	-0.0330348	-0.492602
28	9	0.717949	0.230769	-0.0759124	-0.0420301	-0.557103
28	10	0.717949	0.25641	-0.0853652	-0.049881	-0.468023
28	11	0.717949	0.282051	-0.0901012	-0.0586978	-0.558734
28	12	0.717949	0.307692	-0.0995367	-0.0697106	-0.479574
28	13	0.717949	0.333333	-0.105414	-0.0780183	-0.515948
28	14	0.717949	0.358974	-0.112544	-0.0914458	-0.52344
28	15	0.717949	0.384615	-0.121379	-0.100382	-0.449921
28	16	0.717949	0.410256	-0.125017	-0.11421	-0.564455
28	17	0.717949	0.435897	-0.136157	-0.125344	-0.401739
28	18	0.717949	0.461538	-0.137567	-0.137496	-0.562007
28	19	0.717949	0.487179	-0.147324	-0.1515	-0.403668
28	20	0.717949	0.512821	-0.149502	-0.160776	-0.495448
28	21	0.717949	0.538462	-0.152759	-0.176678	-0.460792
28	22	0.717949	0.564103	-0.15774	-0.183031	-0.374824
28	23	0.717949	0.589744	-0.150782	-0.197999	-0.545953
28	24	0.717949	0.615385	-0.156552	-0.202501	-0.243031
28	25	0.717949	0.641026	-0.139199	-0.211906	-0.599369
28	26	0.717949	0.666667	-0.138148	-0.216395	-0.173601
28	27	0.717949	0.692308	-0.113578	-0.214728	-0.538995
28	28	0.717949	0.717949	-0.0937228	-0.220342	-0.246559
28	29	0.717949	0.74359	-0.0654132	-0.204091	-0.306283
28	30	0.717949	0.769231	-0.0144471	-0.208325	-0.481122
28	31	0.717949	0.794872	0.0190028	-0.180327	0.048787
28	32	0.717949	0.820513	0.108092	-0.175083	-0.755391
28	33	0.717949	0.846154	0.157465	-0.14618	0.317533
28	34	0.717949	0.871795	0.282357	-0.122538	-0.831534
28	35	0.717949	0.897436	0.366369	-0.104704	0.259319
28	36	0.717949	0.923077	0.517681	-0.0668115	-0.597359
28	37	0.717949	0.948718	0.651172	-0.060318	-0.0821881
28	38	0.717949	0.974359	0.82228	-0.0378613	-0.367186
28	39	0.717949	1	1	0	0
29	0	0.74359	0	0	0	-0.566958
29	1	0.74359	0.025641	-0.00900157	-0.00134818	-0.566958
29	2	0.74359	0.0512821	-0.0179466	-0.00305267	-0.567776
29	3	0.74359	0.0769231	-0.0255122	-0.00629872	-0.580311
29	4	0.74359	0.102564	-0.0343162	-0.010241	-0.569726
29	5	0.74359	0.128205	-0.0406837	-0.0149301	-0.583709
29	6	0.74359	0.153846	-0.048666	-0.0210978	-0.579501
29	7	0.74359	0.179487	-0.0553096	-0.02705	-0.573755
29	8	0.74359	0.205128	-0.0614043	-0.0349491	-0.593187
29	9	0.74359	0.230769	-0.0695582	-0.0426804	-0.561747
29	10	0.74359	0.25641	-0.0737803	-0.0515733	-0.595849
29	11	0.74359	0.282051	-0.0829829	-0.0615081	-0.561013
29	12	0.74359	0.307692	-0.0871049	-0.07115	-0.579515
29	13	0.74359	0.333333	-0.095239	-0.0829999	-0.570899
29	14	0.74359	0.358974	-0.101723	-0.0937752	-0.551971
29	15	0.74359	0.384615	-0.106715	-0.106742	-0.577912
29	16	0.74359	0.410256	-0.116543	-0.119052	-0.526882
29	17	0.74359	0.435897	-0.118327	-0.132414	-0.570217
29	18	0.74359	0.461538	-0.129473	-0.146108	-0.510298
29	19	0.74359	0.487179	-0.130468	-0.15934	-0.545439
29	20	0.74359	0.512821	-0.13836	-0.173756	-0.500721
29	21	0.74359	0.538462	-0.141767	-0.1861	-0.503979
29	22	0.74359	0.564103	-0.141571	-0.200292	-0.498241
29	23	0.74359	0.589744	-0.148347	-0.210567	-0.442967
29	24	0.74359	0.615385	-0.13765	-0.222936	-0.503099
29	25	0.74359	0.641026	-0.143817	-0.230057	-0.3671
29	26	0.74359	0.666667	-0.124024	-0.237564	-0.498642
29	27	0.74359	0.692308	-0.119837	-0.241056	-0.30627
29	28	0.74359	0.717949	-0.0950528	-0.239417	-0.44356
29	29	0.74359	0.74359	-0.0669595	-0.238644	-0.30669
29	30	0.74359	0.769231	-0.0398246	-0.224706	-0.305105
29	31	0.74359	0.794872	0.0246496	-0.21697	-0.379237
29	32	0.74359	0.820513	0.0592338	-0.192238	-0.123046
29	33	0.74359	0.846154	0.165168	-0.172769	-0.451116
29	34	0.74359	0.871795	0.224266	-0.144301	-0.024625
29	35	0.74359	0.897436	0.366257	-0.112234	-0.417865
29	36	0.74359	0.923077	0.473257	-0.0882873	-0.105621
29	37	0.74359	0.948718	0.641674	-0.0555768	-0.305447
29	38	0.74359	0.974359	0.806989	-0.0459682	-0.309102
29	39	0.74359	1	1	0	0
30	0	0.769231	0	0	0	-0.629675
30	1	0.769231	0.025641	-0.00777358	-0.00125408	-0.629675
30	2	0.769231	0.0512821	-0.0150329	-0.00302628	-0.632687
30	3	0.769231	0.0769231	-0.0228168	-0.00615178	-0.640172
30	4	0.769231	0.102564	-0.0288395	-0.0099377	-0.634736
30	5	0.769231	0.128205	-0.0363605	-0.0149365	-0.648145
30	6	0.769231	0.153846	-0.0418876	-0.020644	-0.635623
30	7	0.769231	0.179487	-0.0481971	-0.0271203	-0.649012
30	8	0.769231	0.205128	-0.0546038	-0.0348684	-0.641108
30	9	0.769231	0.230769	-0.0590874	-0.0426534	-0.638699
30	10	0.769231	0.25641	-0.066852	-0.0522363	-0.650517
30	11	0.769231	0.282051	-0.0703026	-0.0616745	-0.623303
30	12	0.769231	0.307692	-0.0782597	-0.0724516	-0.651667
30	13	0.769231	0.333333	-0.0827173	-0.0840832	-0.616869
30	14	0.769231	0.358974	-0.0888808	-0.0955553	-0.631538
30	15	0.769231	0.384615	-0.0961019	-0.109297	-0.624629
30	16	0.769231	0.410256	-0.0993998	-0.121741	-0.594134
30	17	0.769231	0.435897	-0.109134	-0.136495	-0.630317
30	18	0.769231	0.461538	-0.110555	-0.150695	-0.562597
30	19	0.769231	0.487179	-0.120028	-0.165007	-0.607011
30	20	0.769231	0.512821	-0.122137	-0.181039	-0.556953
30	21	0.769231	0.538462	-0.127191	-0.194197	-0.545332
30	22	0.769231	0.564103	-0.132128	-0.210388	-0.56794
30	23	0.769231	0.589744	-0.129304	-0.222637	-0.469588
30	24	0.769231	0.615385	-0.136295	-0.235836	-0.556837
30	25	0.769231	0.641026	-0.124623	-0.247129	-0.420576
30	26	0.769231	0.666667	-0.128183	-0.254154	-0.487327
30	27	0.769231	0.692308	-0.109529	-0.262454	-0.417572
30	28	0.769231	0.717949	-0.0993588	-0.261315	-0.361376
30	29	0.769231	0.74359	-0.0763754	-0.262225	-0.43689
30	30	0.769231	0.769231	-0.0396505	-0.251993	-0.222842
30	31	0.769231	0.794872	-0.0109782	-0.240658	-0.432711
30	32	0.769231	0.820513	0.0630436	-0.220655	-0.123383
30	33	0.769231	0.846154	0.108606	-0.195113	-0.383239
30	34	0.769231	0.871795	0.223826	-0.165891	-0.0890011
30	35	0.769231	0.897436	0.308398	-0.130124	-0.312894
30	36	0.769231	0.923077	0.461805	-0.0976796	-0.127902
30	37	0.769231	0.948718	0.606765	-0.0633361	-0.266049
30	38	0.769231	0.974359	0.795608	-0.046378	-0.282048
30	39	0.769231	1	1	0	0
31	0	0.794872	0	0	0	-0.692651
31	1	0.794872	0.025641	-0.00641331	-0.00100674	-0.692651
31	2	0.794872	0.0512821	-0.0129872	-0.00307437	-0.702603
31	3	0.794872	0.0769231	-0.0188005	-0.00548997	-0.690849
31	4	0.794872	0.102564	-0.0253243	-0.00960455	-0.71757
31	5	0.794872	0.128205	-0.030313	-0.0142177	-0.689388
31	6	0.794872	0.153846	-0.0362515	-0.0195601	-0.719542
31	7	0.794872	0.179487	-0.0412641	-0.0267244	-0.701655
31	8	0.794872	0.205128	-0.0459931	-0.0330809	-0.700825
31	9	0.794872	0.230769	-0.0518571	-0.0424163	-0.72578
31	10	0.794872	0.25641	-0.0554378	-0.0504976	-0.673262
31	11	0.794872	0.282051	-0.0619917	-0.06087	-0.739671
31	12	0.794872	0.307692	-0.065522	-0.0718019	-0.663128
31	13	0.794872	0.333333	-0.071635	-0.0822556	-0.717673
31	14	0.794872	0.358974	-0.0765932	-0.0963396	-0.685702
31	15	0.794872	0.384615	-0.0811351	-0.107216	-0.658794
31	16	0.794872	0.410256	-0.0881771	-0.123127	-0.72202
31	17	0.794872	0.435897	-0.0910513	-0.136082	-0.597369
31	18	0.794872	0.461538	-0.0992274	-0.151516	-0.725423
31	19	0.794872	0.487179	-0.101587	-0.16803	-0.578694
31	20	0.794872	0.512821	-0.108536	-0.181422	-0.659225
31	21	0.794872	0.538462	-0.111971	-0.20089	-0.616343
31	22	0.794872	0.564103	-0.114906	-0.212623	-0.534254
31	23	0.794872	0.589744	-0.119994	-0.231687	-0.669206
31	24	0.794872	0.615385	-0.116876	-0.243467	-0.410927
31	25	0.794872	0.641026	-0.121664	-0.257228	-0.662046
31	26	0.794872	0.666667	-0.111921	-0.269838	-0.359868
31	27	0.794872	0.692308	-0.110901	-0.274013	-0.537182
31	28	0.794872	0.717949	-0.0949578	-0.285008	-0.409553
31	29	0.794872	0.74359	-0.0791309	-0.277474	-0.30039
31	30	0.794872	0.769231	-0.0559339	-0.280564	-0.518977
31	31	0.794872	0.794872	-0.0143972	-0.261522	-0.0306682
31	32	0.794872	0.820513	0.0230143	-0.248595	-0.594701
31	33	0.794872	0.846154	0.100481	-0.220124	0.150638
31	34	0.794872	0.871795	0.168758	-0.186336	-0.548052
31	35	0.794872	0.897436	0.290015	-0.152831	0.141125
31	36	0.794872	0.923077	0.412498	-0.104998	-0.380634
31	37	0.794872	0.948718	0.583758	-0.0748425	-0.0554328
31	38	0.794872	0.974359	0.774872	-0.0429934	-0.291656
31	39	0.794872	1	1	0	0
32	0	0.820513	0	0	0	-0.759372
32	1	0.820513	0.025641	-0.00530383	-0.00115577	-0.759372
32	2	0.820513	0.0512821	-0.0106073	-0.00224593	-0.75544
32	3	0.820513	0.0769231	-0.0159968	-0.0053697	-0.778862
32	4	0.820513	0.102564	-0.0207305	-0.0084243	-0.748019
32	5	0.820513	0.128205	-0.0257591	-0.0129237	-0.790641
32	6	0.820513	0.153846	-0.0300202	-0.0186892	-0.754348
32	7	0.820513	0.179487	-0.0344262	-0.0239189	-0.777156
32	8	0.820513	0.205128	-0.0387515	-0.032403	-0.782435
32	9	0.820513	0.230769	-0.0424792	-0.0388468	-0.742585
32	10	0.820513	0.25641	-0.0471625	-0.0488755	-0.812773
32	11	0.820513	0.282051	-0.0505911	-0.0579786	-0.71663
32	12	0.820513	0.307692	-0.0554224	-0.0680416	-0.809732
32	13	0.820513	0.333333	-0.0592343	-0.0808659	-0.729407
32	14	0.820513	0.358974	-0.0637677	-0.0906318	-0.755151
32	15	0.820513	0.384615	-0.0684886	-0.106487	-0.77739
32	16	0.820513	0.410256	-0.0724709	-0.117514	-0.673472
32	17	0.820513	0.435897	-0.0780825	-0.133994	-0.814592
32	18	0.820513	0.461538	-0.0816315	-0.148672	-0.619977
32	19	0.820513	0.487179	-0.0874956	-0.163314	-0.783625
32	20	0.820513	0.512821	-0.0909502	-0.182647	-0.636148
32	21	0.820513	0.538462	-0.0959444	-0.194874	-0.664297
32	22	0.820513	0.564103	-0.0995219	-0.216845	-0.70774
32	23	0.820513	0.589744	-0.102215	-0.228424	-0.499258
32	24	0.820513	0.615385	-0.105503	-0.248252	-0.761292
32	25	0.820513	0.641026	-0.104338	-0.261643	-0.373707
32	26	0.820513	0.666667	-0.105538	-0.273752	-0.705366
32	27	0.820513	0.692308	-0.098867	-0.289224	-0.36072
32	28	0.820513	0.717949	-0.0939225	-0.289575	-0.491446
32	29	0.820513	0.74359	-0.0792883	-0.302776	-0.4662
32	30	0.820513	0.769231	-0.0612143	-0.29014	-0.158838
32	31	0.820513	0.794872	-0.0331359	-0.291751	-0.607204
32	32	0.820513	0.820513	0.00837538	-0.267446	0.162595
32	33	0.820513	0.846154	0.0618225	-0.246451	-0.645958
32	34	0.820513	0.871795	0.141041	-0.213345	0.30554
32	35	0.820513	0.897436	0.240167	-0.165842	-0.491692
32	36	0.820513	0.923077	0.375595	-0.128981	0.177179
32	37	0.820513	0.948718	0.543916	-0.0721141	-0.245564
32	38	0.820513	0.974359	0.752362	-0.04763	-0.14658
32	39	0.820513	1	1	0	0
33	0	0.846154	0	0	0	-0.822612
33	1	0.846154	0.025641	-0.00431882	-0.000594073	-0.822612
33	2	0.846154	0.0512821	-0.00873368	-0.00234485	-0.833999
33	3	0.846154	0.0769231	-0.0130802	-0.00394589	-0.815414
33	4	0.846154	0.102564	-0.0170853	-0.00750985	-0.852799
33	5	0.846154	0.128205	-0.0209711	-0.0114342	-0.812291
33	6	0.846154	0.153846	-0.0245223	-0.0158607	-0.853332
33	7	0.846154	0.179487	-0.0279844	-0.0226906	-0.831519
33	8	0.846154	0.205128	-0.0313226	-0.027849	-0.825882
33	9	0.846154	0.230769	-0.0345068	-0.0369109	-0.866866
33	10	0.846154	0.25641	-0.0378811	-0.0439518	-0.790175
33	11	0.846154	0.282051	-0.0409841	-0.053654	-0.885673
33	12	0.846154	0.307692	-0.0444867	-0.0640935	-0.78165
33	13	0.846154	0.333333	-0.0478065	-0.0733561	-0.85604
33	14	0.846154	0.358974	-0.0513343	-0.0874902	-0.816471
33	15	0.846154	0.384615	-0.0551668	-0.0970275	-0.780587
33	16	0.846154	0.410256	-0.0586167	-0.113207	-0.867567
33	17	0.846154	0.435897	-0.0629563	-0.125317	-0.703246
33	18	0.846154	0.461538	-0.0664884	-0.140929	-0.877582
33	19	0.846154	0.487179	-0.0708287	-0.157702	-0.677937
33	20	0.846154	0.512821	-0.0748168	-0.171144	-0.802094
33	21	0.846154	0.538462	-0.0783582	-0.192403	-0.722194
33	22	0.846154	0.564103	-0.082867	-0.20441	-0.649059
33	23	0.846154	0.589744	-0.0849984	-0.22695	-0.79254
33	24	0.846154	0.615385	-0.0891118	-0.240058	-0.482951
33	25	0.846154	0.641026	-0.089595	-0.258712	-0.801838
33	26	0.846154	0.666667	-0.0910776	-0.274949	-0.388164
33	27	0.846154	0.692308	-0.0894313	-0.284743	-0.67019
33	28	0.846154	0.717949	-0.0847136	-0.302672	-0.412062
33	29	0.846154	0.74359	-0.0787334	-0.30067	-0.381962
33	30	0.846154	0.769231	-0.0624827	-0.3133	-0.519626
33	31	0.846154	0.794872	-0.0460038	-0.298924	-0.0176532
33	32	0.846154	0.820513	-0.00932592	-0.294197	-0.592335
33	33	0.846154	0.846154	0.0309845	-0.267754	0.265731
33	34	0.846154	0.871795	0.103938	-0.233887	-0.498914
33	35	0.846154	0.897436	0.192339	-0.195531	0.31924
33	36	0.846154	0.923077	0.327237	-0.13426	-0.241736
33	37	0.846154	0.948718	0.497722	-0.0898525	0.125997
33	38	0.846154	0.974359	0.723124	-0.0381248	-0.105262
33	39	0.846154	1	1	0	0
34	0	0.871795	0	0	0	-0.890197
34	1	0.871795	0.025641	-0.00355266	-0.000657234	-0.890197
34	2	0.871795	0.0512821	-0.00727572	-0.00117477	-0.886368
34	3	0.871795	0.0769231	-0.0105134	-0.00345996	-0.907175
34	4	0.871795	0.102564	-0.0139858	-0.00565384	-0.879706
34	5	0.871795	0.128205	-0.0165815	-0.00923157	-0.919349
34	6	0.871795	0.153846	-0.0195991	-0.0139809	-0.886323
34	7	0.871795	0.179487	-0.0220479	-0.0182467	-0.908467
34	8	0.871795	0.205128	-0.0244245	-0.0255383	-0.913217
34	9	0.871795	0.230769	-0.0272499	-0.0309317	-0.877964
34	10	0.871795	0.25641	-0.0290243	-0.0396418	-0.94172
34	11	0.871795	0.282051	-0.0322819	-0.0474935	-0.854802
34	12	0.871795	0.307692	-0.034002	-0.0562777	-0.93958
34	13	0.871795	0.333333	-0.0371654	-0.0675525	-0.865058
34	14	0.871795	0.358974	-0.039709	-0.0761958	-0.891137
34	15	0.871795	0.384615	-0.0421316	-0.0903518	-0.904913
34	16	0.871795	0.410256	-0.0460252	-0.100299	-0.816974
34	17	0.871795	0.435897	-0.0476817	-0.115408	-0.935287
34	18	0.871795	0.461538	-0.05246	-0.128829	-0.762379
34	19	0.871795	0.487179	-0.0542715	-0.142967	-0.90788
34	20	0.871795	0.512821	-0.0585412	-0.160985	-0.761631
34	21	0.871795	0.538462	-0.0618135	-0.173761	-0.802732
34	22	0.871795	0.564103	-0.0641337	-0.195157	-0.805666
34	23	0.871795	0.589744	-0.0693603	-0.208132	-0.648293
34	24	0.871795	0.615385	-0.0692886	-0.229417	-0.837472
34	25	0.871795	0.641026	-0.0751248	-0.244903	-0.508644
34	26	0.871795	0.666667	-0.0734922	-0.261673	-0.780128
34	27	0.871795	0.692308	-0.0765329	-0.280354	-0.443374
34	28	0.871795	0.717949	-0.0743607	-0.289012	-0.583957
34	29	0.871795	0.74359	-0.0695387	-0.307376	-0.460353
34	30	0.871795	0.769231	-0.065488	-0.305926	-0.268894
34	31	0.871795	0.794872	-0.0459628	-0.314802	-0.4904
34	32	0.871795	0.820513	-0.0321817	-0.301575	0.0658827
34	33	0.871795	0.846154	0.0131165	-0.287467	-0.416841
34	34	0.871795	0.871795	0.0572007	-0.258373	0.2858
34	35	0.871795	0.897436	0.150212	-0.210466	-0.180936
34	36	0.871795	0.923077	0.264622	-0.161002	0.304012
34	37	0.871795	0.948718	0.445985	-0.0896519	0.068606
34	38	0.871795	0.974359	0.683336	-0.0374338	0.118534
34	39	0.871795	1	1	0	0
35	0	0.897436	0	0	0	-0.954191
35	1	0.897436	0.025641	-0.00314694	-7.21243e-05	-0.954191
35	2	0.897436	0.0512821	-0.00599661	-0.000896479	-0.96105
35	3	0.897436	0.0769231	-0.00889848	-0.00177662	-0.951246
35	4	0.897436	0.102564	-0.010824	-0.00418205	-0.975795
35	5	0.897436	0.128205	-0.0133874	-0.00698749	-0.951265
35	6	0.897436	0.153846	-0.0148813	-0.0104019	-0.979944
35	7	0.897436	0.179487	-0.0168812	-0.0155063	-0.96525
35	8	0.897436	0.205128	-0.0187162	-0.0197256	-0.965033
35	9	0.897436	0.230769	-0.0198714	-0.0266513	-0.989312
35	10	0.897436	0.25641	-0.0224295	-0.0323728	-0.94265
35	11	0.897436	0.282051	-0.0230106	-0.0400725	-1.00237
35	12	0.897436	0.307692	-0.0258674	-0.0482916	-0.934897
35	13	0.897436	0.333333	-0.026844	-0.0560848	-0.98366
35	14	0.897436	0.358974	-0.0290393	-0.0670696	-0.951924
35	15	0.897436	0.384615	-0.0314546	-0.075433	-0.933456
35	16	0.897436	0.410256	-0.0323829	-0.0882879	-0.97761
35	17	0.897436	0.435897	-0.0364017	-0.0987081	-0.876542
35	18	0.897436	0.461538	-0.0365985	-0.111968	-0.977445
35	19	0.897436	0.487179	-0.0410829	-0.125882	-0.843873
35	20	0.897436	0.512821	-0.0421343	-0.138657	-0.922918
35	21	0.897436	0.538462	-0.0452484	-0.156262	-0.846482
35	22	0.897436	0.564103	-0.0487091	-0.169016	-0.813443
35	23	0.897436	0.589744	-0.0492167	-0.188767	-0.860873
35	24	0.897436	0.615385	-0.0552113	-0.203083	-0.679971
35	25	0.897436	0.641026	-0.0535207	-0.222167	-0.835995
35	26	0.897436	0.666667	-0.0599589	-0.239435	-0.566691
35	27	0.897436	0.692308	-0.0579938	-0.254872	-0.719538
35	28	0.897436	0.717949	-0.0608497	-0.27431	-0.498258
35	29	0.897436	0.74359	-0.0602898	-0.283841	-0.491881
35	30	0.897436	0.769231	-0.0544122	-0.300529	-0.449313
35	31	0.897436	0.794872	-0.0531601	-0.302015	-0.188194
35	32	0.897436	0.820513	-0.0317385	-0.305826	-0.342708
35	33	0.897436	0.846154	-0.0180353	-0.294135	0.113005
35	34	0.897436	0.871795	0.0330264	-0.270747	-0.104499
35	35	0.897436	0.897436	0.0907143	-0.234408	0.33371
35	36	0.897436	0.923077	0.20827	-0.172528	0.219397
35	37	0.897436	0.948718	0.375147	-0.104819	0.404385
35	38	0.897436	0.974359	0.63408	-0.0248059	0.357959
35	39	0.897436	1	1	0	0
36	0	0.923077	0	0	0	-1.01925
36	1	0.923077	0.025641	-0.00300441	0.000131435	-1.01925
36	2	0.923077	0.0512821	-0.00552783	0.000185827	-1.01959
36	3	0.923077	0.0769231	-0.00718561	-0.000839877	-1.02972
36	4	0.923077	0.102564	-0.00912604	-0.00216111	-1.02116
36	5	0.923077	0.128205	-0.0099804	-0.00449397	-1.04071
36	6	0.923077	0.153846	-0.0115945	-0.00756609	-1.02768
36	7	0.923077	0.179487	-0.0124476	-0.0107551	-1.04107
36	8	0.923077	0.205128	-0.0134156	-0.0154941	-1.042
36	9	0.923077	0.230769	-0.014908	-0.0196152	-1.03044
36	10	0.923077	0.25641	-0.0150908	-0.0254877	-1.05608
36	11	0.923077	0.282051	-0.0172153	-0.0311133	-1.01961
36	12	0.923077	0.307692	-0.0171826	-0.037518	-1.05553
36	13	0.923077	0.333333	-0.0191785	-0.0451314	-1.01957
36	14	0.923077	0.358974	-0.0199896	-0.0519842	-1.03239
36	15	0.923077	0.384615	-0.0209489	-0.0614662	-1.02904
36	16	0.923077	0.410256	-0.0233174	-0.0694245	-0.993198
36	17	0.923077	0.435897	-0.0230843	-0.0800899	-1.03211
36	18	0.923077	0.461538	-0.0266329	-0.090172	-0.954445
36	19	0.923077	0.487179	-0.0262135	-0.10132	-1.008
36	20	0.923077	0.512821	-0.0295152	-0.114196	-0.928941
36	21	0.923077	0.538462	-0.030559	-0.12572	-0.944993
36	22	0.923077	0.564103	-0.0320509	-0.141177	-0.913286
36	23	0.923077	0.589744	-0.0356746	-0.153763	-0.84826
36	24	0.923077	0.615385	-0.0348526	-0.170654	-0.884532
36	25	0.923077	0.641026	-0.0405683	-0.185368	-0.736358
36	26	0.923077	0.666667	-0.0386109	-0.202043	-0.808218
36	27	0.923077	0.692308	-0.0440762	-0.219328	-0.62659
36	28	0.923077	0.717949	-0.0432353	-0.234227	-0.65512
36	29	0.923077	0.74359	-0.0449769	-0.252522	-0.514255
36	30	0.923077	0.769231	-0.0464467	-0.26415	-0.418555
36	31	0.923077	0.794872	-0.0406198	-0.27842	-0.358626
36	32	0.923077	0.820513	-0.0406157	-0.283389	-0.117915
36	33	0.923077	0.846154	-0.0207849	-0.283533	-0.0967467
36	34	0.923077	0.871795	-0.00288563	-0.271578	0.219171
36	35	0.923077	0.897436	0.0524262	-0.240585	0.294449
36	36	0.923077	0.923077	0.136346	-0.190266	0.55895
36	37	0.923077	0.948718	0.298782	-0.111694	0.661954
36	38	0.923077	0.974359	0.565228	-0.0116849	0.772204
36	39	0.923077	1	1	0	0
37	0	0.948718	0	0	0	-1.08048
37	1	0.948718	0.025641	-0.00322485	0.000541621	-1.08048
37	2	0.948718	0.0512821	-0.00508829	0.000732966	-1.08456
37	3	0.948718	0.0769231	-0.00647266	0.000439234	-1.08679
37	4	0.948718	0.102564	-0.00705813	-0.000685865	-1.09611
37	5	0.948718	0.128205	-0.00809843	-0.00222364	-1.09401
37	6	0.948718	0.153846	-0.00835522	-0.00427053	-1.10489
37	7	0.948718	0.179487	-0.0091213	-0.00697663	-1.10285
37	8	0.948718	0.205128	-0.0096562	-0.00971995	-1.1067
37	9	0.948718	0.230769	-0.00986786	-0.0134067	-1.11222
37	10	0.948718	0.25641	-0.0109718	-0.016975	-1.1033
37	11	0.948718	0.282051	-0.0107116	-0.0213553	-1.11671
37	12	0.948718	0.307692	-0.0120968	-0.0260299	-1.09945
37	13	0.948718	0.333333	-0.0119842	-0.0309379	-1.11048
37	14	0.948718	0.358974	-0.0129531	-0.0368639	-1.09732
37	15	0.948718	0.384615	-0.0137315	-0.0424542	-1.09205
37	16	0.948718	0.410256	-0.0137793	-0.0495136	-1.09296
37	17	0.948718	0.435897	-0.0156718	-0.056228	-1.0651
37	18	0.948718	0.461538	-0.0150313	-0.0641696	-1.07765
37	19	0.948718	0.487179	-0.017427	-0.0724903	-1.03464
37	20	0.948718	0.512821	-0.0170786	-0.0811892	-1.04256
37	21	0.948718	0.538462	-0.0188485	-0.0913602	-1.00153
37	22	0.948718	0.564103	-0.019931	-0.101007	-0.982979
37	23	0.948718	0.589744	-0.0202009	-0.112893	-0.958827
37	24	0.948718	0.615385	-0.0231847	-0.123977	-0.899215
37	25	0.948718	0.641026	-0.0220731	-0.13712	-0.891435
37	26	0.948718	0.666667	-0.0262284	-0.150159	-0.793234
37	27	0.948718	0.692308	-0.0250172	-0.163991	-0.779399
37	28	0.948718	0.717949	-0.028579	-0.178992	-0.660537
37	29	0.948718	0.74359	-0.0289436	-0.192968	-0.603382
37	30	0.948718	0.769231	-0.0298986	-0.208638	-0.479453
37	31	0.948718	0.794872	-0.0320459	-0.221613	-0.347055
37	32	0.948718	0.820513	-0.0282898	-0.23407	-0.205106
37	33	0.948718	0.846154	-0.0273631	-0.241462	0.0106856
37	34	0.948718	0.871795	-0.0118687	-0.240872	0.219127
37	35	0.948718	0.897436	0.0128269	-0.227172	0.502497
37	36	0.948718	0.923077	0.0764583	-0.188796	0.805945
37	37	0.948718	0.948718	0.205877	-0.118826	1.07081
37	38	0.948718	0.974359	0.471681	0.008977	1.41704
37	39	0.948718	1	1	0	0
38	0	0.974359	0	0	0	-1.14454
38	1	0.974359	0.025641	-0.00433889	0.000668284	-1.14454
38	2	0.974359	0.0512821	-0.00595234	0.00110382	-1.1529
38	3	0.974359	0.0769231	-0.00659341	0.000899582	-1.16041
38	4	0.974359	0.102564	-0.00711684	0.000354889	-1.1668
38	5	0.974359	0.128205	-0.00722477	-0.000537431	-1.17347
38	6	0.974359	0.153846	-0.00764015	-0.00168068	-1.17763
38	7	0.974359	0.179487	-0.00772017	-0.00303125	-1.18281
38	8	0.974359	0.205128	-0.00795196	-0.00468394	-1.18566
38	9	0.974359	0.230769	-0.00826606	-0.0064468	-1.18812
38	10	0.974359	0.25641	-0.00820784	-0.00854378	-1.19035
38	11	0.974359	0.282051	-0.0087882	-0.0107685	-1.18942
38	12	0.974359	0.307692	-0.00859028	-0.0132643	-1.19049
38	13	0.974359	0.333333	-0.00918576	-0.0160253	-1.18665
38	14	0.974359	0.358974	-0.0092077	-0.0189407	-1.18476
38	15	0.974359	0.384615	-0.00947677	-0.0222846	-1.17895
38	16	0.974359	0.410256	-0.0100097	-0.0257246	-1.17201
38	17	0.974359	0.435897	-0.00982573	-0.0296668	-1.16443
38	18	0.974359	0.461538	-0.0108305	-0.03379	-1.15101
38	19	0.974359	0.487179	-0.010446	-0.0383532	-1.1402
38	20	0.974359	0.512821	-0.0115253	-0.0433177	-1.11978
38	21	0.974359	0.538462	-0.0114617	-0.0485783	-1.10244
38	22	0.974359	0.564103	-0.0120961	-0.054499	-1.07489
38	23	0.974359	0.589744	-0.012825	-0.0606121	-1.04634
38	24	0.974359	0.615385	-0.0127357	-0.0675499	-1.01051
38	25	0.974359	0.641026	-0.0143379	-0.0747384	-0.965342
38	26	0.974359	0.666667	-0.0137605	-0.0827281	-0.917177
38	27	0.974359	0.692308	-0.0157849	-0.0912224	-0.849497
38	28	0.974359	0.717949	-0.0154284	-0.100328	-0.779888
38	29	0.974359	0.74359	-0.017107	-0.110238	-0.681252
38	30	0.974359	0.769231	-0.0176285	-0.120523	-0.57411
38	31	0.974359	0.794872	-0.0182632	-0.131558	-0.427035
38	32	0.974359	0.820513	-0.0191124	-0.142551	-0.255148
38	33	0.974359	0.846154	-0.0173304	-0.152972	-0.0212012
38	34	0.974359	0.871795	-0.0135177	-0.161044	0.26607
38	35	0.974359	0.897436	0.000310999	-0.162637	0.659519
38	36	0.974359	0.923077	0.0354237	-0.149485	1.1501
38	37	0.974359	0.948718	0.125639	-0.106493	1.74851
38	38	0.974359	0.974359	0.358414	0.0308564	2.62937
38	39	0.974359	1	1	0	0
39	0	1	0	0	0	-1.14454
39	1	1	0.025641	0	0	-1.14454
39	2	1	0.0512821	0	0	-1.1529
39	3	1	0.0769231	0	0	-1.16041
39	4	1	0.102564	0	0	-1.1668
39	5	1	0.128205	0	0	-1.17347
39	6	1	0.153846	0	0	-1.17763
39	7	1	0.179487	0	0	-1.18281
39	8	1	0.205128	0	0	-1.18566
39	9	1	0.230769	0	0	-1.18812
39	10	1	0.25641	0	0	-1.19035
39	11	1	0.282051	0	0	-1.18942
39	12	1	0.307692	0	0	-1.19049
39	13	1	0.333333	0	0	-1.18665
39	14	1	0.358974	0	0	-1.18476
39	15	1	0.384615	0	0	-1.17895
39	16	1	0.410256	0	0	-1.17201
39	17	1	0.435897	0	0	-1.16443
39	18	1	0.461538	0	0	-1.15101
39	19	1	0.487179	0	0	-1.1402
39	20	1	0.512821	0	0	-1.11978
39	21	1	0.538462	0	0	-1.10244
39	22	1	0.564103	0	0	-1.07489
39	23	1	0.589744	0	0	-1.04634
39	24	1	0.615385	0	0	-1.01051
39	25	1	0.641026	0	0	-0.965342
39	26	1	0.666667	0	0	-0.917177
39	27	1	0.692308	0	0	-0.849497
39	28	1	0.717949	0	0	-0.779888
39	29	1	0.74359	0	0	-0.681252
39	30	1	0.769231	0	0	-0.57411
39	31	1	0.794872	0	0	-0.427035
39	32	1	0.820513	0	0	-0.255148
39	33	1	0.846154	0	0	-0.0212012
39	34	1	0.871795	0	0	0.26607
39	35	1	0.897436	0	0	0.659519
39	36	1	0.923077	0	0	1.1501
39	37	1	0.948718	0	0	1.74851
39	38	1	0.974359	0	0	2.62937
39	39	1	1	1	0	0
