# i		j		x		y		u		v		p
# nx		ny		
# 40		40
# =================================
0	0	0	0	0	0	1.13011
0	1	0	0.025641	0	0	1.13011
0	2	0	0.0512821	0	0	1.13831
0	3	0	0.0769231	0	0	1.14574
0	4	0	0.102564	0	0	1.15216
0	5	0	0.128205	0	0	1.15823
0	6	0	0.153846	0	0	1.1626
0	7	0	0.179487	0	0	1.16692
0	8	0	0.205128	0	0	1.16953
0	9	0	0.230769	0	0	1.17129
0	10	0	0.25641	0	0	1.17245
0	11	0	0.282051	0	0	1.17095
0	12	0	0.307692	0	0	1.1702
0	13	0	0.333333	0	0	1.16558
0	14	0	0.358974	0	0	1.16137
0	15	0	0.384615	0	0	1.1544
0	16	0	0.410256	0	0	1.14486
0	17	0	0.435897	0	0	1.13557
0	18	0	0.461538	0	0	1.12001
0	19	0	0.487179	0	0	1.10631
0	20	0	0.512821	0	0	1.08575
0	21	0	0.538462	0	0	1.06387
0	22	0	0.564103	0	0	1.03907
0	23	0	0.589744	0	0	1.00619
0	24	0	0.615385	0	0	0.974285
0	25	0	0.641026	0	0	0.930368
0	26	0	0.666667	0	0	0.88382
0	27	0	0.692308	0	0	0.828837
0	28	0	0.717949	0	0	0.758369
0	29	0	0.74359	0	0	0.684587
0	30	0	0.769231	0	0	0.581603
0	31	0	0.794872	0	0	0.466058
0	32	0	0.820513	0	0	0.314617
0	33	0	0.846154	0	0	0.114706
0	34	0	0.871795	0	0	-0.13239
0	35	0	0.897436	0	0	-0.486662
0	36	0	0.923077	0	0	-0.931936
0	37	0	0.948718	0	0	-1.49841
0	38	0	0.974359	0	0	-2.37609
0	39	0	1	1	0	0
1	0	0.025641	0	0	0	1.13011
1	1	0.025641	0.025641	-0.00433798	-0.000654561	1.13011
1	2	0.025641	0.0512821	-0.00593923	-0.00106641	1.13831
1	3	0.025641	0.0769231	-0.00663041	-0.000855063	1.14574
1	4	0.025641	0.102564	-0.00707635	-0.000271762	1.15216
1	5	0.025641	0.128205	-0.00729705	0.000643111	1.15823
1	6	0.025641	0.153846	-0.00761634	0.00181463	1.1626
1	7	0.025641	0.179487	-0.00775886	0.00322194	1.16692
1	8	0.025641	0.205128	-0.00800569	0.00488592	1.16953
1	9	0.025641	0.230769	-0.00822183	0.00671581	1.17129
1	10	0.025641	0.25641	-0.00832414	0.00882368	1.17245
1	11	0.025641	0.282051	-0.00869121	0.0110791	1.17095
1	12	0.025641	0.307692	-0.00866689	0.0135861	1.1702
1	13	0.025641	0.333333	-0.00909845	0.0163092	1.16558
1	14	0.025641	0.358974	-0.00913829	0.0191948	1.16137
1	15	0.025641	0.384615	-0.00939972	0.0224144	1.1544
1	16	0.025641	0.410256	-0.00975247	0.025722	1.14486
1	17	0.025641	0.435897	-0.0096775	0.029416	1.13557
1	18	0.025641	0.461538	-0.0103796	0.0332553	1.12001
1	19	0.025641	0.487179	-0.0101315	0.037381	1.10631
1	20	0.025641	0.512821	-0.0108498	0.0418614	1.08575
1	21	0.025641	0.538462	-0.0109104	0.046451	1.06387
1	22	0.025641	0.564103	-0.011176	0.0515986	1.03907
1	23	0.025641	0.589744	-0.0119275	0.0568299	1.00619
1	24	0.025641	0.615385	-0.0116713	0.0626029	0.974285
1	25	0.025641	0.641026	-0.0129173	0.068745	0.930368
1	26	0.025641	0.666667	-0.0127548	0.0752006	0.88382
1	27	0.025641	0.692308	-0.0138013	0.0824631	0.828837
1	28	0.025641	0.717949	-0.0145624	0.0899382	0.758369
1	29	0.025641	0.74359	-0.0149977	0.0984018	0.684587
1	30	0.025641	0.769231	-0.0167583	0.107423	0.581603
1	31	0.025641	0.794872	-0.0169943	0.11708	0.466058
1	32	0.025641	0.820513	-0.0183586	0.127665	0.314617
1	33	0.025641	0.846154	-0.0180356	0.137741	0.114706
1	34	0.025641	0.871795	-0.0142745	0.146959	-0.13239
1	35	0.025641	0.897436	-0.00379482	0.150967	-0.486662
1	36	0.025641	0.923077	0.0295519	0.142175	-0.931936
1	37	0.025641	0.948718	0.114672	0.106385	-1.49841
1	38	0.025641	0.974359	0.344136	-0.0207321	-2.37609
1	39	0.025641	1	1	0	0
2	0	0.0512821	0	0	0	1.06589
2	1	0.0512821	0.025641	-0.00321051	-0.000505696	1.06589
2	2	0.0512821	0.0512821	-0.00512779	-0.000715215	1.06951
2	3	0.0512821	0.0769231	-0.00639539	-0.000325652	1.07318
2	4	0.0512821	0.102564	-0.00719058	0.000774136	1.07933
2	5	0.0512821	0.128205	-0.00800641	0.00236458	1.08103
2	6	0.0512821	0.153846	-0.00847285	0.00450504	1.08772
2	7	0.0512821	0.179487	-0.0091584	0.00713906	1.08768
2	8	0.0512821	0.205128	-0.00960606	0.0100792	1.0913
2	9	0.0512821	0.230769	-0.0100875	0.0136494	1.09282
2	10	0.0512821	0.25641	-0.0107442	0.0173392	1.08912
2	11	0.0512821	0.282051	-0.0109422	0.0216936	1.09419
2	12	0.0512821	0.307692	-0.0118429	0.0262572	1.08291
2	13	0.0512821	0.333333	-0.0119281	0.0312186	1.08741
2	14	0.0512821	0.358974	-0.0127834	0.0368054	1.07503
2	15	0.0512821	0.384615	-0.0131992	0.0423337	1.06915
2	16	0.0512821	0.410256	-0.0135645	0.0489089	1.06432
2	17	0.0512821	0.435897	-0.0146849	0.0552413	1.04078
2	18	0.0512821	0.461538	-0.0144382	0.06253	1.04381
2	19	0.0512821	0.487179	-0.0160812	0.0700727	1.00772
2	20	0.0512821	0.512821	-0.0157941	0.0778145	1.0044
2	21	0.0512821	0.538462	-0.0171359	0.0867693	0.972485
2	22	0.0512821	0.564103	-0.0178045	0.0951161	0.942938
2	23	0.0512821	0.589744	-0.0180442	0.105188	0.926883
2	24	0.0512821	0.615385	-0.0201756	0.114783	0.865713
2	25	0.0512821	0.641026	-0.019514	0.125406	0.853228
2	26	0.0512821	0.666667	-0.0224046	0.136848	0.779218
2	27	0.0512821	0.692308	-0.0222448	0.147866	0.736804
2	28	0.0512821	0.717949	-0.0244374	0.16093	0.673062
2	29	0.0512821	0.74359	-0.02614	0.172865	0.575916
2	30	0.0512821	0.769231	-0.026776	0.186191	0.513018
2	31	0.0512821	0.794872	-0.0296289	0.198997	0.370299
2	32	0.0512821	0.820513	-0.0283193	0.209927	0.255523
2	33	0.0512821	0.846154	-0.0271484	0.219535	0.0905053
2	34	0.0512821	0.871795	-0.0176603	0.221126	-0.130694
2	35	0.0512821	0.897436	0.0063178	0.212597	-0.328677
2	36	0.0512821	0.923077	0.0618815	0.182459	-0.64536
2	37	0.0512821	0.948718	0.188785	0.120714	-0.864103
2	38	0.0512821	0.974359	0.455158	0.00202578	-1.2209
2	39	0.0512821	1	1	0	0
3	0	0.0769231	0	0	0	1.00447
3	1	0.0769231	0.025641	-0.00302043	-0.000151448	1.00447
3	2	0.0769231	0.0512821	-0.00546247	-5.71613e-05	1.00643
3	3	0.0769231	0.0769231	-0.00733158	0.000832375	1.01141
3	4	0.0769231	0.102564	-0.00898198	0.00230555	1.01132
3	5	0.0769231	0.128205	-0.0101922	0.00466078	1.02009
3	6	0.0769231	0.153846	-0.0115446	0.00760828	1.01619
3	7	0.0769231	0.179487	-0.0124894	0.0111309	1.0246
3	8	0.0769231	0.205128	-0.0136299	0.0154971	1.0221
3	9	0.0769231	0.230769	-0.0146323	0.0199893	1.02138
3	10	0.0769231	0.25641	-0.0154567	0.0256042	1.02801
3	11	0.0769231	0.282051	-0.0167479	0.0311813	1.01201
3	12	0.0769231	0.307692	-0.0172629	0.037699	1.02753
3	13	0.0769231	0.333333	-0.0187662	0.0446932	1.00285
3	14	0.0769231	0.358974	-0.0193211	0.0517987	1.01202
3	15	0.0769231	0.384615	-0.0205784	0.0603797	0.998317
3	16	0.0769231	0.410256	-0.0217632	0.0681743	0.979107
3	17	0.0769231	0.435897	-0.0222767	0.0779889	0.99223
3	18	0.0769231	0.461538	-0.0244014	0.0871256	0.938321
3	19	0.0769231	0.487179	-0.0242608	0.0974213	0.967276
3	20	0.0769231	0.512821	-0.0268103	0.108628	0.904416
3	21	0.0769231	0.538462	-0.0270062	0.118971	0.908269
3	22	0.0769231	0.564103	-0.0287527	0.132196	0.879389
3	23	0.0769231	0.589744	-0.0305922	0.143165	0.819463
3	24	0.0769231	0.615385	-0.0306305	0.157233	0.840417
3	25	0.0769231	0.641026	-0.0344534	0.170102	0.724729
3	26	0.0769231	0.666667	-0.0333764	0.183542	0.752614
3	27	0.0769231	0.692308	-0.0377453	0.19877	0.640578
3	28	0.0769231	0.717949	-0.0374919	0.211117	0.601286
3	29	0.0769231	0.74359	-0.0398648	0.226805	0.544424
3	30	0.0769231	0.769231	-0.0414523	0.238321	0.407417
3	31	0.0769231	0.794872	-0.0392989	0.249985	0.379309
3	32	0.0769231	0.820513	-0.0389368	0.258207	0.196322
3	33	0.0769231	0.846154	-0.0270817	0.258692	0.105385
3	34	0.0769231	0.871795	-0.00946085	0.252638	-0.0491918
3	35	0.0769231	0.897436	0.0343739	0.228592	-0.245722
3	36	0.0769231	0.923077	0.116176	0.185246	-0.355048
3	37	0.0769231	0.948718	0.271645	0.117167	-0.527465
3	38	0.0769231	0.974359	0.545471	0.0212573	-0.598533
3	39	0.0769231	1	1	0	0
4	0	0.102564	0	0	0	0.939992
4	1	0.102564	0.025641	-0.00312393	0.000176675	0.939992
4	2	0.102564	0.0512821	-0.00608343	0.000788088	0.943101
4	3	0.102564	0.0769231	-0.00875804	0.00196714	0.943176
4	4	0.102564	0.102564	-0.0110489	0.00418411	0.951352
4	5	0.102564	0.128205	-0.0132403	0.00698117	0.94574
4	6	0.102564	0.153846	-0.0150358	0.0107035	0.958011
4	7	0.102564	0.179487	-0.0169561	0.0152342	0.949691
4	8	0.102564	0.205128	-0.0185259	0.0201387	0.956706
4	9	0.102564	0.230769	-0.0202052	0.0263616	0.957114
4	10	0.102564	0.25641	-0.0218527	0.0323956	0.945534
4	11	0.102564	0.282051	-0.0232172	0.0399746	0.963711
4	12	0.102564	0.307692	-0.0251438	0.0475114	0.931066
4	13	0.102564	0.333333	-0.0262617	0.0558763	0.957515
4	14	0.102564	0.358974	-0.0283371	0.0654019	0.924289
4	15	0.102564	0.384615	-0.0296138	0.0742283	0.9277
4	16	0.102564	0.410256	-0.0313424	0.0857019	0.927712
4	17	0.102564	0.435897	-0.0333645	0.0954556	0.878191
4	18	0.102564	0.461538	-0.0342876	0.107952	0.924629
4	19	0.102564	0.487179	-0.037249	0.11979	0.830968
4	20	0.102564	0.512821	-0.0376067	0.132048	0.885993
4	21	0.102564	0.538462	-0.0407644	0.146756	0.807893
4	22	0.102564	0.564103	-0.0417474	0.158435	0.79678
4	23	0.102564	0.589744	-0.043642	0.175158	0.801532
4	24	0.102564	0.615385	-0.0466033	0.187542	0.678841
4	25	0.102564	0.641026	-0.0462693	0.203742	0.766483
4	26	0.102564	0.666667	-0.0511568	0.218544	0.578137
4	27	0.102564	0.692308	-0.0493223	0.23173	0.653259
4	28	0.102564	0.717949	-0.0536391	0.248366	0.51447
4	29	0.102564	0.74359	-0.0520642	0.25777	0.460672
4	30	0.102564	0.769231	-0.0513004	0.27145	0.443143
4	31	0.102564	0.794872	-0.0490517	0.276543	0.244947
4	32	0.102564	0.820513	-0.0367844	0.278921	0.287697
4	33	0.102564	0.846154	-0.0234849	0.274046	0.0590078
4	34	0.102564	0.871795	0.0146515	0.254763	0.0329844
4	35	0.102564	0.897436	0.0700712	0.225138	-0.102107
4	36	0.102564	0.923077	0.176043	0.173657	-0.211326
4	37	0.102564	0.948718	0.344914	0.108209	-0.219571
4	38	0.102564	0.974359	0.6113	0.0356224	-0.242145
4	39	0.102564	1	1	0	0
5	0	0.128205	0	0	0	0.874764
5	1	0.128205	0.025641	-0.00356521	0.000534732	0.874764
5	2	0.128205	0.0512821	-0.00718954	0.00140205	0.876647
5	3	0.128205	0.0769231	-0.0106428	0.00327412	0.8821
5	4	0.128205	0.102564	-0.013816	0.00572705	0.878599
5	5	0.128205	0.128205	-0.016751	0.00933302	0.890287
5	6	0.128205	0.153846	-0.0195139	0.013586	0.879846
5	7	0.128205	0.179487	-0.0219952	0.018645	0.893314
5	8	0.128205	0.205128	-0.0245498	0.0248285	0.884553
5	9	0.128205	0.230769	-0.0267615	0.0310707	0.885207
5	10	0.128205	0.25641	-0.0291643	0.0390656	0.893655
5	11	0.128205	0.282051	-0.031396	0.0466509	0.867535
5	12	0.128205	0.307692	-0.0335503	0.0559095	0.898167
5	13	0.128205	0.333333	-0.0360605	0.0654409	0.852189
5	14	0.128205	0.358974	-0.0379467	0.0752469	0.881708
5	15	0.128205	0.384615	-0.0406839	0.0871909	0.852025
5	16	0.128205	0.410256	-0.0426227	0.0973877	0.835375
5	17	0.128205	0.435897	-0.0451042	0.111265	0.863025
5	18	0.128205	0.461538	-0.047672	0.122793	0.773547
5	19	0.128205	0.487179	-0.0493494	0.137021	0.855708
5	20	0.128205	0.512821	-0.0527781	0.151384	0.730201
5	21	0.128205	0.538462	-0.0537721	0.164368	0.793217
5	22	0.128205	0.564103	-0.0572732	0.18196	0.727549
5	23	0.128205	0.589744	-0.058712	0.193755	0.669666
5	24	0.128205	0.615385	-0.0606026	0.212416	0.740199
5	25	0.128205	0.641026	-0.0637195	0.225043	0.531381
5	26	0.128205	0.666667	-0.0626882	0.240678	0.698478
5	27	0.128205	0.692308	-0.0668432	0.255749	0.443891
5	28	0.128205	0.717949	-0.0631346	0.265015	0.547791
5	29	0.128205	0.74359	-0.0642321	0.279985	0.419856
5	30	0.128205	0.769231	-0.0582908	0.281999	0.314623
5	31	0.128205	0.794872	-0.0486302	0.28867	0.386049
5	32	0.128205	0.820513	-0.035485	0.282253	0.0970448
5	33	0.128205	0.846154	-0.00273385	0.269605	0.25406
5	34	0.128205	0.871795	0.0373461	0.247798	-0.0293372
5	35	0.128205	0.897436	0.117919	0.207654	0.0462144
5	36	0.128205	0.923077	0.22992	0.160412	-0.0689062
5	37	0.128205	0.948718	0.409763	0.0985981	-0.0649559
5	38	0.128205	0.974359	0.660549	0.043414	0.00654125
5	39	0.128205	1	1	0	0
6	0	0.153846	0	0	0	0.809017
6	1	0.153846	0.025641	-0.00428285	0.000759439	0.809017
6	2	0.153846	0.0512821	-0.00873208	0.00207319	0.812808
6	3	0.153846	0.0769231	-0.0129608	0.00414515	0.813304
6	4	0.153846	0.102564	-0.017124	0.00734712	0.820577
6	5	0.153846	0.128205	-0.0208283	0.0111449	0.814092
6	6	0.153846	0.153846	-0.0244961	0.0160842	0.827208
6	7	0.153846	0.179487	-0.0278774	0.021779	0.814667
6	8	0.153846	0.205128	-0.0310179	0.0281053	0.826057
6	9	0.153846	0.230769	-0.0343671	0.0358222	0.819927
6	10	0.153846	0.25641	-0.0371106	0.0433574	0.812281
6	11	0.153846	0.282051	-0.0404558	0.0528701	0.828752
6	12	0.153846	0.307692	-0.0431851	0.0619599	0.790977
6	13	0.153846	0.333333	-0.0462425	0.0725511	0.82819
6	14	0.153846	0.358974	-0.0494135	0.0839122	0.777592
6	15	0.153846	0.384615	-0.0519295	0.094827	0.80007
6	16	0.153846	0.410256	-0.0556075	0.108747	0.783808
6	17	0.153846	0.435897	-0.0578276	0.120074	0.740295
6	18	0.153846	0.461538	-0.0613788	0.135548	0.797244
6	19	0.153846	0.487179	-0.064057	0.148615	0.673919
6	20	0.153846	0.512821	-0.0665315	0.163496	0.777779
6	21	0.153846	0.538462	-0.0701513	0.179841	0.642646
6	22	0.153846	0.564103	-0.0712712	0.192433	0.687136
6	23	0.153846	0.589744	-0.0750136	0.21164	0.662139
6	24	0.153846	0.615385	-0.0757254	0.222527	0.53529
6	25	0.153846	0.641026	-0.0773842	0.240887	0.68526
6	26	0.153846	0.666667	-0.0787556	0.252588	0.393924
6	27	0.153846	0.692308	-0.0760908	0.264587	0.622912
6	28	0.153846	0.717949	-0.0766627	0.277969	0.340405
6	29	0.153846	0.74359	-0.0685701	0.279876	0.428063
6	30	0.153846	0.769231	-0.0620221	0.28991	0.369492
6	31	0.153846	0.794872	-0.046335	0.281341	0.166359
6	32	0.153846	0.820513	-0.0208302	0.277076	0.376424
6	33	0.153846	0.846154	0.0129435	0.257472	-0.0224721
6	34	0.153846	0.871795	0.0759854	0.228498	0.269459
6	35	0.153846	0.897436	0.156015	0.19346	-0.0549552
6	36	0.153846	0.923077	0.28722	0.140923	0.114444
6	37	0.153846	0.948718	0.460551	0.0922986	0.0345134
6	38	0.153846	0.974359	0.699873	0.0468273	0.142553
6	39	0.153846	1	1	0	0
7	0	0.179487	0	0	0	0.743558
7	1	0.179487	0.025641	-0.00524714	0.00096778	0.743558
7	2	0.179487	0.0512821	-0.0105342	0.00247988	0.747442
7	3	0.179487	0.0769231	-0.0158467	0.00503714	0.750478
7	4	0.179487	0.102564	-0.0206382	0.00836057	0.751014
7	5	0.179487	0.128205	-0.0255701	0.0128476	0.757538
7	6	0.179487	0.153846	-0.0298275	0.0179049	0.750283
7	7	0.179487	0.179487	-0.034183	0.0240974	0.76262
7	8	0.179487	0.205128	-0.0383118	0.0310548	0.749192
7	9	0.179487	0.230769	-0.0419784	0.0385707	0.758615
7	10	0.179487	0.25641	-0.0463065	0.0475704	0.753266
7	11	0.179487	0.282051	-0.0494704	0.0562807	0.741105
7	12	0.179487	0.307692	-0.0538377	0.0670276	0.760237
7	13	0.179487	0.333333	-0.0571146	0.0773835	0.717319
7	14	0.179487	0.358974	-0.060904	0.0890374	0.754713
7	15	0.179487	0.384615	-0.0649831	0.101788	0.704766
7	16	0.179487	0.410256	-0.0677168	0.113566	0.717891
7	17	0.179487	0.435897	-0.0726109	0.128784	0.71348
7	18	0.179487	0.461538	-0.0746519	0.140944	0.650117
7	19	0.179487	0.487179	-0.0792552	0.157152	0.724284
7	20	0.179487	0.512821	-0.0817625	0.171212	0.584535
7	21	0.179487	0.538462	-0.0844392	0.185827	0.690218
7	22	0.179487	0.564103	-0.0881805	0.203085	0.56636
7	23	0.179487	0.589744	-0.0881629	0.214426	0.576178
7	24	0.179487	0.615385	-0.0920004	0.233447	0.601392
7	25	0.179487	0.641026	-0.0901177	0.242552	0.410042
7	26	0.179487	0.666667	-0.0907628	0.258138	0.622328
7	27	0.179487	0.692308	-0.08792	0.267643	0.284661
7	28	0.179487	0.717949	-0.0814814	0.273314	0.52961
7	29	0.179487	0.74359	-0.0751471	0.282871	0.278963
7	30	0.179487	0.769231	-0.0583169	0.275284	0.296556
7	31	0.179487	0.794872	-0.0394781	0.277557	0.36054
7	32	0.179487	0.820513	-0.00668567	0.257877	0.0340481
7	33	0.179487	0.846154	0.0407758	0.241093	0.394753
7	34	0.179487	0.871795	0.104974	0.211215	-0.0877381
7	35	0.179487	0.897436	0.203829	0.169935	0.299627
7	36	0.179487	0.923077	0.330237	0.131215	-0.00637303
7	37	0.179487	0.948718	0.508163	0.0798814	0.186754
7	38	0.179487	0.974359	0.729239	0.0501982	0.215059
7	39	0.179487	1	1	0	0
8	0	0.205128	0	0	0	0.67893
8	1	0.205128	0.025641	-0.00634534	0.00113214	0.67893
8	2	0.205128	0.0512821	-0.0127398	0.00278222	0.681934
8	3	0.205128	0.0769231	-0.0187566	0.00557238	0.687311
8	4	0.205128	0.102564	-0.024882	0.00929532	0.686866
8	5	0.205128	0.128205	-0.0301963	0.0137618	0.689817
8	6	0.205128	0.153846	-0.0358274	0.0194569	0.693565
8	7	0.205128	0.179487	-0.0407271	0.0255344	0.685754
8	8	0.205128	0.205128	-0.0456329	0.0328911	0.698901
8	9	0.205128	0.230769	-0.0506525	0.0408362	0.680927
8	10	0.205128	0.25641	-0.054729	0.0493794	0.693668
8	11	0.205128	0.282051	-0.0600839	0.0594178	0.683034
8	12	0.205128	0.307692	-0.0636979	0.0689977	0.672246
8	13	0.205128	0.333333	-0.0689068	0.080782	0.689763
8	14	0.205128	0.358974	-0.0729342	0.0919347	0.643499
8	15	0.205128	0.384615	-0.0770583	0.104446	0.68295
8	16	0.205128	0.410256	-0.0822591	0.11799	0.628114
8	17	0.205128	0.435897	-0.0847762	0.130305	0.641477
8	18	0.205128	0.461538	-0.0908097	0.146159	0.636571
8	19	0.205128	0.487179	-0.0924126	0.158574	0.568051
8	20	0.205128	0.512821	-0.09744	0.174837	0.645015
8	21	0.205128	0.538462	-0.0997251	0.188932	0.502154
8	22	0.205128	0.564103	-0.101363	0.202611	0.601434
8	23	0.205128	0.589744	-0.105113	0.219339	0.491334
8	24	0.205128	0.615385	-0.102233	0.228733	0.47493
8	25	0.205128	0.641026	-0.10547	0.24566	0.532099
8	26	0.205128	0.666667	-0.098929	0.252078	0.3095
8	27	0.205128	0.692308	-0.0966564	0.262837	0.542072
8	28	0.205128	0.717949	-0.087168	0.268701	0.212027
8	29	0.205128	0.74359	-0.0732387	0.266554	0.421716
8	30	0.205128	0.769231	-0.0569565	0.270221	0.252574
8	31	0.205128	0.794872	-0.0254764	0.253152	0.174103
8	32	0.205128	0.820513	0.00948788	0.246001	0.367314
8	33	0.205128	0.846154	0.066967	0.217755	-0.0492931
8	34	0.205128	0.871795	0.140168	0.190003	0.402935
8	35	0.205128	0.897436	0.24082	0.156081	-0.0743749
8	36	0.205128	0.923077	0.375097	0.110843	0.308684
8	37	0.205128	0.948718	0.543883	0.0779088	0.0982903
8	38	0.205128	0.974359	0.754503	0.0462879	0.289413
8	39	0.205128	1	1	0	0
9	0	0.230769	0	0	0	0.614309
9	1	0.230769	0.025641	-0.00759453	0.00114168	0.614309
9	2	0.230769	0.0512821	-0.0149505	0.00307791	0.620919
9	3	0.230769	0.0769231	-0.0222229	0.0058513	0.618432
9	4	0.230769	0.102564	-0.0288118	0.00974426	0.628911
9	5	0.230769	0.128205	-0.0356171	0.0145677	0.622415
9	6	0.230769	0.153846	-0.0414866	0.0198976	0.62798
9	7	0.230769	0.179487	-0.0476723	0.0267139	0.631032
9	8	0.230769	0.205128	-0.0533122	0.0334997	0.61797
9	9	0.230769	0.230769	-0.0586606	0.0418417	0.638421
9	10	0.230769	0.25641	-0.0645845	0.0505382	0.608766
9	11	0.230769	0.282051	-0.0690962	0.0597613	0.631121
9	12	0.230769	0.307692	-0.0752933	0.0706964	0.611497
9	13	0.230769	0.333333	-0.0795237	0.0806431	0.602141
9	14	0.230769	0.358974	-0.0852121	0.0933151	0.622604
9	15	0.230769	0.384615	-0.0901391	0.10471	0.56433
9	16	0.230769	0.410256	-0.0942237	0.117759	0.618094
9	17	0.230769	0.435897	-0.100408	0.131591	0.544704
9	18	0.230769	0.461538	-0.102503	0.143841	0.572045
9	19	0.230769	0.487179	-0.109034	0.159882	0.555711
9	20	0.230769	0.512821	-0.110171	0.171645	0.489338
9	21	0.230769	0.538462	-0.114457	0.187496	0.568187
9	22	0.230769	0.564103	-0.116408	0.200443	0.417176
9	23	0.230769	0.589744	-0.115488	0.212619	0.523901
9	24	0.230769	0.615385	-0.118579	0.227401	0.406849
9	25	0.230769	0.641026	-0.111172	0.234099	0.395027
9	26	0.230769	0.666667	-0.112054	0.247468	0.448044
9	27	0.230769	0.692308	-0.0991236	0.25011	0.238041
9	28	0.230769	0.717949	-0.090653	0.255033	0.449773
9	29	0.230769	0.74359	-0.072582	0.25571	0.165961
9	30	0.230769	0.769231	-0.046219	0.245965	0.321269
9	31	0.230769	0.794872	-0.017585	0.242227	0.233459
9	32	0.230769	0.820513	0.0345695	0.217844	0.0957688
9	33	0.230769	0.846154	0.0883947	0.201551	0.351478
9	34	0.230769	0.871795	0.175544	0.169237	-0.0541527
9	35	0.230769	0.897436	0.2757	0.135296	0.370082
9	36	0.230769	0.923077	0.411991	0.103943	0.0148858
9	37	0.230769	0.948718	0.576243	0.0641039	0.284253
9	38	0.230769	0.974359	0.77405	0.0481208	0.263821
9	39	0.230769	1	1	0	0
10	0	0.25641	0	0	0	0.55183
10	1	0.25641	0.025641	-0.00886549	0.00129474	0.55183
10	2	0.25641	0.0512821	-0.0174145	0.00297133	0.553232
10	3	0.25641	0.0769231	-0.0254423	0.006136	0.564354
10	4	0.25641	0.102564	-0.0333522	0.00987097	0.553962
10	5	0.25641	0.128205	-0.0404636	0.0145767	0.570258
10	6	0.25641	0.153846	-0.0477737	0.0204136	0.559445
10	7	0.25641	0.179487	-0.0542464	0.0262623	0.56287
10	8	0.25641	0.205128	-0.0608846	0.0340216	0.572132
10	9	0.25641	0.230769	-0.0672439	0.0412654	0.546009
10	10	0.25641	0.25641	-0.0730667	0.0502313	0.580674
10	11	0.25641	0.282051	-0.0797043	0.0595627	0.535352
10	12	0.25641	0.307692	-0.0847981	0.0689433	0.567031
10	13	0.25641	0.333333	-0.0915113	0.0806747	0.544016
10	14	0.25641	0.358974	-0.0964575	0.0904508	0.525823
10	15	0.25641	0.384615	-0.102321	0.103724	0.563175
10	16	0.25641	0.410256	-0.107957	0.114957	0.478052
10	17	0.25641	0.435897	-0.111867	0.127942	0.559726
10	18	0.25641	0.461538	-0.118389	0.141795	0.458758
10	19	0.25641	0.487179	-0.120069	0.153106	0.503364
10	20	0.25641	0.512821	-0.126029	0.169054	0.480192
10	21	0.25641	0.538462	-0.126578	0.179165	0.404643
10	22	0.25641	0.564103	-0.128834	0.194147	0.504358
10	23	0.25641	0.589744	-0.129776	0.204926	0.321638
10	24	0.25641	0.615385	-0.125009	0.214908	0.464966
10	25	0.25641	0.641026	-0.125784	0.226799	0.31079
10	26	0.25641	0.666667	-0.112656	0.229856	0.336176
10	27	0.25641	0.692308	-0.108251	0.239074	0.357483
10	28	0.25641	0.717949	-0.087716	0.236714	0.183066
10	29	0.25641	0.74359	-0.068856	0.236102	0.367583
10	30	0.25641	0.769231	-0.0406546	0.23034	0.119497
10	31	0.25641	0.794872	0.00297929	0.214717	0.261194
10	32	0.25641	0.820513	0.0461052	0.203383	0.187277
10	33	0.25641	0.846154	0.122795	0.174968	0.0891973
10	34	0.25641	0.871795	0.197568	0.152352	0.289474
10	35	0.25641	0.897436	0.314324	0.120387	0.0168499
10	36	0.25641	0.923077	0.440564	0.0873954	0.302341
10	37	0.25641	0.948718	0.604666	0.0622616	0.12857
10	38	0.25641	0.974359	0.790114	0.0412686	0.309054
10	39	0.25641	1	1	0	0
11	0	0.282051	0	0	0	0.488636
11	1	0.282051	0.025641	-0.0101714	0.0011348	0.488636
11	2	0.282051	0.0512821	-0.0197765	0.00318579	0.496666
11	3	0.282051	0.0769231	-0.0289046	0.00582681	0.490134
11	4	0.282051	0.102564	-0.0374513	0.00983097	0.508053
11	5	0.282051	0.128205	-0.0457641	0.0144338	0.490615
11	6	0.282051	0.153846	-0.053389	0.0195832	0.508667
11	7	0.282051	0.179487	-0.0610905	0.0262596	0.500052
11	8	0.282051	0.205128	-0.0681134	0.0323541	0.493575
11	9	0.282051	0.230769	-0.0752415	0.0407012	0.516189
11	10	0.282051	0.25641	-0.0821234	0.0482857	0.472631
11	11	0.282051	0.282051	-0.0885612	0.0573545	0.521545
11	12	0.282051	0.307692	-0.0956169	0.0672487	0.466045
11	13	0.282051	0.333333	-0.101363	0.0762623	0.496568
11	14	0.282051	0.358974	-0.108352	0.0885419	0.484516
11	15	0.282051	0.384615	-0.113792	0.0978035	0.442271
11	16	0.282051	0.410256	-0.119765	0.111103	0.509958
11	17	0.282051	0.435897	-0.125477	0.122033	0.390007
11	18	0.282051	0.461538	-0.129257	0.134119	0.500512
11	19	0.282051	0.487179	-0.135154	0.147865	0.380037
11	20	0.282051	0.512821	-0.136289	0.157362	0.426275
11	21	0.282051	0.538462	-0.140611	0.172865	0.41905
11	22	0.282051	0.564103	-0.139888	0.180597	0.308431
11	23	0.282051	0.589744	-0.139149	0.194046	0.457047
11	24	0.282051	0.615385	-0.137512	0.202139	0.217433
11	25	0.282051	0.641026	-0.128098	0.209017	0.419912
11	26	0.282051	0.666667	-0.123945	0.217794	0.214442
11	27	0.282051	0.692308	-0.104316	0.216163	0.283793
11	28	0.282051	0.717949	-0.0910933	0.221581	0.281908
11	29	0.282051	0.74359	-0.0618532	0.213244	0.120224
11	30	0.282051	0.769231	-0.0287555	0.208365	0.323625
11	31	0.282051	0.794872	0.0114284	0.195955	0.0452919
11	32	0.282051	0.820513	0.0751865	0.176713	0.262624
11	33	0.282051	0.846154	0.135385	0.159671	0.100052
11	34	0.282051	0.871795	0.236441	0.130139	0.147242
11	35	0.282051	0.897436	0.333882	0.106277	0.197142
11	36	0.282051	0.923077	0.474836	0.0776838	0.118006
11	37	0.282051	0.948718	0.624196	0.0519991	0.235112
11	38	0.282051	0.974359	0.804671	0.0399465	0.255696
11	39	0.282051	1	1	0	0
12	0	0.307692	0	0	0	0.428191
12	1	0.307692	0.025641	-0.0114425	0.00124311	0.428191
12	2	0.307692	0.0512821	-0.0220983	0.00279314	0.42911
12	3	0.307692	0.0769231	-0.0321786	0.00585056	0.441279
12	4	0.307692	0.102564	-0.0415774	0.009234	0.427701
12	5	0.307692	0.128205	-0.05057	0.0136971	0.449263
12	6	0.307692	0.153846	-0.0591402	0.0189867	0.430431
12	7	0.307692	0.179487	-0.0671949	0.0242841	0.443147
12	8	0.307692	0.205128	-0.0753197	0.0314581	0.443564
12	9	0.307692	0.230769	-0.0826916	0.0376649	0.422745
12	10	0.307692	0.25641	-0.0904482	0.0460969	0.459146
12	11	0.307692	0.282051	-0.0975821	0.0539565	0.403029
12	12	0.307692	0.307692	-0.104694	0.0626223	0.456381
12	13	0.307692	0.333333	-0.11198	0.0728627	0.404432
12	14	0.307692	0.358974	-0.118148	0.0811999	0.419113
12	15	0.307692	0.384615	-0.125405	0.0934955	0.430896
12	16	0.307692	0.410256	-0.130735	0.102175	0.357379
12	17	0.307692	0.435897	-0.136896	0.114715	0.45507
12	18	0.307692	0.461538	-0.14183	0.125322	0.310089
12	19	0.307692	0.487179	-0.145348	0.135729	0.431575
12	20	0.307692	0.512821	-0.14976	0.14911	0.316349
12	21	0.307692	0.538462	-0.149659	0.156274	0.337167
12	22	0.307692	0.564103	-0.15166	0.170699	0.372801
12	23	0.307692	0.589744	-0.148178	0.175853	0.205838
12	24	0.307692	0.615385	-0.143935	0.186869	0.417996
12	25	0.307692	0.641026	-0.137411	0.192351	0.11826
12	26	0.307692	0.666667	-0.12281	0.19518	0.372922
12	27	0.307692	0.692308	-0.110807	0.201243	0.138004
12	28	0.307692	0.717949	-0.0837517	0.194185	0.217104
12	29	0.307692	0.74359	-0.0587298	0.196692	0.24337
12	30	0.307692	0.769231	-0.0190162	0.18234	0.0305007
12	31	0.307692	0.794872	0.0303194	0.174596	0.330378
12	32	0.307692	0.820513	0.085318	0.157102	-0.0601175
12	33	0.307692	0.846154	0.168768	0.135937	0.311198
12	34	0.307692	0.871795	0.249089	0.117143	-0.00250087
12	35	0.307692	0.897436	0.37031	0.088298	0.220326
12	36	0.307692	0.923077	0.490905	0.0688593	0.124521
12	37	0.307692	0.948718	0.647797	0.0449543	0.181188
12	38	0.307692	0.974359	0.814564	0.0347707	0.24966
12	39	0.307692	1	1	0	0
13	0	0.333333	0	0	0	0.367017
13	1	0.333333	0.025641	-0.0126204	0.00102346	0.367017
13	2	0.333333	0.0512821	-0.0243639	0.00282369	0.373572
13	3	0.333333	0.0769231	-0.0351364	0.00516516	0.368892
13	4	0.333333	0.102564	-0.0455558	0.00873244	0.383884
13	5	0.333333	0.128205	-0.0550338	0.0126626	0.367814
13	6	0.333333	0.153846	-0.0643595	0.0172651	0.386926
13	7	0.333333	0.179487	-0.0731987	0.0229077	0.372843
13	8	0.333333	0.205128	-0.0814799	0.0281979	0.376112
13	9	0.333333	0.230769	-0.0901614	0.0353919	0.386158
13	10	0.333333	0.25641	-0.0976334	0.0416352	0.355251
13	11	0.333333	0.282051	-0.106077	0.0496736	0.396628
13	12	0.333333	0.307692	-0.113316	0.0576083	0.340474
13	13	0.333333	0.333333	-0.12088	0.0655861	0.384793
13	14	0.333333	0.358974	-0.128435	0.0756859	0.348179
13	15	0.333333	0.384615	-0.134464	0.0833144	0.340647
13	16	0.333333	0.410256	-0.142098	0.0949029	0.375253
13	17	0.333333	0.435897	-0.146574	0.103041	0.280754
13	18	0.333333	0.461538	-0.152794	0.114129	0.390167
13	19	0.333333	0.487179	-0.156279	0.124225	0.244999
13	20	0.333333	0.512821	-0.158846	0.132576	0.350805
13	21	0.333333	0.538462	-0.161324	0.145005	0.266044
13	22	0.333333	0.564103	-0.158594	0.14985	0.243434
13	23	0.333333	0.589744	-0.157971	0.162323	0.330821
13	24	0.333333	0.615385	-0.149717	0.165186	0.111993
13	25	0.333333	0.641026	-0.141549	0.1729	0.371067
13	26	0.333333	0.666667	-0.127775	0.176211	0.0424652
13	27	0.333333	0.692308	-0.107082	0.174446	0.307201
13	28	0.333333	0.717949	-0.0850078	0.178392	0.0972301
13	29	0.333333	0.74359	-0.0487303	0.166082	0.125345
13	30	0.333333	0.769231	-0.0106062	0.166415	0.245631
13	31	0.333333	0.794872	0.0425	0.147557	-0.0799723
13	32	0.333333	0.820513	0.107465	0.137696	0.366562
13	33	0.333333	0.846154	0.180814	0.118479	-0.163568
13	34	0.333333	0.871795	0.280646	0.0962263	0.355264
13	35	0.333333	0.897436	0.383236	0.0802814	-0.0669647
13	36	0.333333	0.923077	0.518658	0.05365	0.247699
13	37	0.333333	0.948718	0.659866	0.0414682	0.105356
13	38	0.333333	0.974359	0.825388	0.0285243	0.222247
13	39	0.333333	1	1	0	0
14	0	0.358974	0	0	0	0.307834
14	1	0.358974	0.025641	-0.0137395	0.000998071	0.307834
14	2	0.358974	0.0512821	-0.0262602	0.00236817	0.310236
14	3	0.358974	0.0769231	-0.0381335	0.00481863	0.316474
14	4	0.358974	0.102564	-0.0487861	0.00763206	0.310637
14	5	0.358974	0.128205	-0.0594082	0.011369	0.323265
14	6	0.358974	0.153846	-0.0689455	0.0155066	0.310064
14	7	0.358974	0.179487	-0.0784015	0.0200697	0.323181
14	8	0.358974	0.205128	-0.0876314	0.02561	0.314339
14	9	0.358974	0.230769	-0.0959089	0.0307984	0.312031
14	10	0.358974	0.25641	-0.10521	0.0375657	0.323816
14	11	0.358974	0.282051	-0.112666	0.0436481	0.294024
14	12	0.358974	0.307692	-0.121596	0.0510314	0.328431
14	13	0.358974	0.333333	-0.129016	0.0585929	0.282564
14	14	0.358974	0.358974	-0.136521	0.065863	0.312594
14	15	0.358974	0.384615	-0.144483	0.0751695	0.289712
14	16	0.358974	0.410256	-0.14973	0.0821481	0.270171
14	17	0.358974	0.435897	-0.157624	0.0924255	0.310019
14	18	0.358974	0.461538	-0.160735	0.0998727	0.218001
14	19	0.358974	0.487179	-0.166345	0.109233	0.314369
14	20	0.358974	0.512821	-0.168124	0.118284	0.191585
14	21	0.358974	0.538462	-0.168447	0.124717	0.266965
14	22	0.358974	0.564103	-0.168847	0.135379	0.217261
14	23	0.358974	0.589744	-0.161747	0.138307	0.160594
14	24	0.358974	0.615385	-0.158136	0.148052	0.277558
14	25	0.358974	0.641026	-0.143248	0.149072	0.0429091
14	26	0.358974	0.666667	-0.130197	0.153106	0.303513
14	27	0.358974	0.692308	-0.107606	0.15463	-8.24795e-05
14	28	0.358974	0.717949	-0.0789618	0.14863	0.21928
14	29	0.358974	0.74359	-0.0460623	0.150735	0.0883886
14	30	0.358974	0.769231	0.00232472	0.134688	0.0221173
14	31	0.358974	0.794872	0.0528965	0.13295	0.262586
14	32	0.358974	0.820513	0.12289	0.112574	-0.174212
14	33	0.358974	0.846154	0.201046	0.100707	0.381404
14	34	0.358974	0.871795	0.295328	0.0836935	-0.212283
14	35	0.358974	0.897436	0.407549	0.0612671	0.338428
14	36	0.358974	0.923077	0.53148	0.0510793	-0.0562888
14	37	0.358974	0.948718	0.676339	0.0287655	0.204035
14	38	0.358974	0.974359	0.832091	0.0264983	0.157312
14	39	0.358974	1	1	0	0
15	0	0.384615	0	0	0	0.249027
15	1	0.384615	0.025641	-0.0146632	0.000838236	0.249027
15	2	0.384615	0.0512821	-0.0281517	0.00208537	0.251633
15	3	0.384615	0.0769231	-0.0403253	0.00402248	0.25409
15	4	0.384615	0.102564	-0.0521819	0.00666329	0.256404
15	5	0.384615	0.128205	-0.0626613	0.00959855	0.254031
15	6	0.384615	0.153846	-0.0732891	0.0132993	0.261309
15	7	0.384615	0.179487	-0.0829897	0.0171996	0.25127
15	8	0.384615	0.205128	-0.0923631	0.0216097	0.262103
15	9	0.384615	0.230769	-0.102052	0.0266287	0.251273
15	10	0.384615	0.25641	-0.110233	0.0315121	0.253498
15	11	0.384615	0.282051	-0.119982	0.0376161	0.256513
15	12	0.384615	0.307692	-0.127523	0.0431145	0.236642
15	13	0.384615	0.333333	-0.136484	0.0498292	0.260112
15	14	0.384615	0.358974	-0.144246	0.0564287	0.222194
15	15	0.384615	0.384615	-0.15114	0.0630438	0.248032
15	16	0.384615	0.410256	-0.159417	0.0710405	0.222357
15	17	0.384615	0.435897	-0.1635	0.0772264	0.212206
15	18	0.384615	0.461538	-0.171028	0.0860026	0.235363
15	19	0.384615	0.487179	-0.17267	0.092267	0.164916
15	20	0.384615	0.512821	-0.176481	0.100105	0.237157
15	21	0.384615	0.538462	-0.176535	0.107378	0.137609
15	22	0.384615	0.564103	-0.173115	0.112327	0.195124
15	23	0.384615	0.589744	-0.171111	0.120566	0.155775
15	24	0.384615	0.615385	-0.158205	0.121988	0.101982
15	25	0.384615	0.641026	-0.150595	0.128779	0.204207
15	26	0.384615	0.666667	-0.128042	0.128183	0.0032717
15	27	0.384615	0.692308	-0.108205	0.129032	0.217835
15	28	0.384615	0.717949	-0.0764577	0.12876	-0.0188344
15	29	0.384615	0.74359	-0.0370926	0.120016	0.127711
15	30	0.384615	0.769231	0.00603264	0.120027	0.0832485
15	31	0.384615	0.794872	0.0696965	0.102889	-0.0555835
15	32	0.384615	0.820513	0.131143	0.0988008	0.248047
15	33	0.384615	0.846154	0.220335	0.0802507	-0.205219
15	34	0.384615	0.871795	0.309505	0.0668674	0.328029
15	35	0.384615	0.897436	0.424161	0.0544955	-0.177241
15	36	0.384615	0.923077	0.546523	0.0342418	0.248296
15	37	0.384615	0.948718	0.686851	0.0290304	0.00486395
15	38	0.384615	0.974359	0.838825	0.0171272	0.157046
15	39	0.384615	1	1	0	0
16	0	0.410256	0	0	0	0.190372
16	1	0.410256	0.025641	-0.0154944	0.000626379	0.190372
16	2	0.410256	0.0512821	-0.0294863	0.0017362	0.194946
16	3	0.410256	0.0769231	-0.0426186	0.00324153	0.19186
16	4	0.410256	0.102564	-0.0543669	0.00529753	0.199255
16	5	0.410256	0.128205	-0.0660276	0.0078974	0.194902
16	6	0.410256	0.153846	-0.0764182	0.0105049	0.196228
16	7	0.410256	0.179487	-0.086858	0.0140391	0.201764
16	8	0.410256	0.205128	-0.0967955	0.0172993	0.188093
16	9	0.410256	0.230769	-0.106009	0.0213461	0.206024
16	10	0.410256	0.25641	-0.116021	0.0256295	0.183748
16	11	0.410256	0.282051	-0.124218	0.0297984	0.19811
16	12	0.410256	0.307692	-0.134022	0.0352344	0.189542
16	13	0.410256	0.333333	-0.141827	0.039608	0.176468
16	14	0.410256	0.358974	-0.150348	0.0456951	0.199199
16	15	0.410256	0.384615	-0.158396	0.0508933	0.153536
16	16	0.410256	0.410256	-0.164394	0.0566973	0.194662
16	17	0.410256	0.435897	-0.172424	0.0632705	0.147153
16	18	0.410256	0.461538	-0.175345	0.0681926	0.16182
16	19	0.410256	0.487179	-0.181438	0.075712	0.161075
16	20	0.410256	0.512821	-0.181683	0.0801395	0.109426
16	21	0.410256	0.538462	-0.182416	0.0868697	0.172637
16	22	0.410256	0.564103	-0.180457	0.0918431	0.070609
16	23	0.410256	0.589744	-0.172207	0.0956379	0.14581
16	24	0.410256	0.615385	-0.166768	0.101384	0.0764584
16	25	0.410256	0.641026	-0.147445	0.101389	0.0678889
16	26	0.410256	0.666667	-0.133936	0.105828	0.117891
16	27	0.410256	0.692308	-0.103681	0.103445	-0.020318
16	28	0.410256	0.717949	-0.0744671	0.102525	0.135247
16	29	0.410256	0.74359	-0.0340573	0.100082	-0.0417607
16	30	0.410256	0.769231	0.0187544	0.0908592	0.0665253
16	31	0.410256	0.794872	0.0713104	0.0884242	0.0430603
16	32	0.410256	0.820513	0.152008	0.0729265	-0.070249
16	33	0.410256	0.846154	0.223704	0.0668258	0.168023
16	34	0.410256	0.871795	0.3313	0.0520901	-0.155445
16	35	0.410256	0.897436	0.431409	0.0391919	0.205324
16	36	0.410256	0.923077	0.562002	0.0311772	-0.0871877
16	37	0.410256	0.948718	0.694361	0.0163195	0.129644
16	38	0.410256	0.974359	0.844333	0.0154672	0.0709811
16	39	0.410256	1	1	0	0
17	0	0.435897	0	0	0	0.133593
17	1	0.435897	0.025641	-0.0160895	0.000566477	0.133593
17	2	0.435897	0.0512821	-0.030727	0.00113425	0.132066
17	3	0.435897	0.0769231	-0.0439915	0.00248616	0.141368
17	4	0.435897	0.102564	-0.0566256	0.00391582	0.130393
17	5	0.435897	0.128205	-0.0680194	0.00563135	0.143155
17	6	0.435897	0.153846	-0.0793175	0.00804315	0.135458
17	7	0.435897	0.179487	-0.0896972	0.00992073	0.13412
17	8	0.435897	0.205128	-0.0998875	0.0130767	0.14682
17	9	0.435897	0.230769	-0.109961	0.0154946	0.120672
17	10	0.435897	0.25641	-0.119135	0.0187786	0.152636
17	11	0.435897	0.282051	-0.129139	0.0223322	0.116787
17	12	0.435897	0.307692	-0.137542	0.0252763	0.13965
17	13	0.435897	0.333333	-0.147005	0.0300809	0.129826
17	14	0.435897	0.358974	-0.155051	0.032946	0.10836
17	15	0.435897	0.384615	-0.162923	0.0382334	0.148492
17	16	0.435897	0.410256	-0.170771	0.04198	0.0782645
17	17	0.435897	0.435897	-0.175946	0.0465029	0.147095
17	18	0.435897	0.461538	-0.182793	0.0519288	0.0739246
17	19	0.435897	0.487179	-0.184685	0.0549891	0.107379
17	20	0.435897	0.512821	-0.188264	0.0616309	0.100102
17	21	0.435897	0.538462	-0.186869	0.0638243	0.0409136
17	22	0.435897	0.564103	-0.183709	0.0696695	0.128694
17	23	0.435897	0.589744	-0.178742	0.0724285	-0.0113233
17	24	0.435897	0.615385	-0.165353	0.0750209	0.115752
17	25	0.435897	0.641026	-0.154657	0.0789655	-0.0101611
17	26	0.435897	0.666667	-0.129079	0.0772894	0.0424607
17	27	0.435897	0.692308	-0.107309	0.0806847	0.0407357
17	28	0.435897	0.717949	-0.0697259	0.076166	-0.0539131
17	29	0.435897	0.74359	-0.0288618	0.0753375	0.0850645
17	30	0.435897	0.769231	0.0200377	0.0705226	-0.0988246
17	31	0.435897	0.794872	0.0874827	0.0629042	0.0621651
17	32	0.435897	0.820513	0.150018	0.0584857	-0.0520787
17	33	0.435897	0.846154	0.246602	0.0460666	-0.0174666
17	34	0.435897	0.871795	0.330103	0.039813	0.0343438
17	35	0.435897	0.897436	0.451863	0.0285851	-0.0625811
17	36	0.435897	0.923077	0.564698	0.0193855	0.0676247
17	37	0.435897	0.948718	0.704917	0.0135718	-0.0142398
17	38	0.435897	0.974359	0.847276	0.00739011	0.056938
17	39	0.435897	1	1	0	0
18	0	0.461538	0	0	0	0.0752286
18	1	0.461538	0.025641	-0.0165283	0.000217254	0.0752286
18	2	0.461538	0.0512821	-0.0314517	0.000894291	0.0803557
18	3	0.461538	0.0769231	-0.0451894	0.0013746	0.0711012
18	4	0.461538	0.102564	-0.057798	0.0024403	0.086686
18	5	0.461538	0.128205	-0.0698087	0.0036334	0.0704091
18	6	0.461538	0.153846	-0.0809341	0.00459183	0.0828716
18	7	0.461538	0.179487	-0.0918274	0.00660997	0.0802395
18	8	0.461538	0.205128	-0.102131	0.00755207	0.0677588
18	9	0.461538	0.230769	-0.112195	0.00994504	0.0943765
18	10	0.461538	0.25641	-0.122136	0.0115322	0.0537079
18	11	0.461538	0.282051	-0.131462	0.0135631	0.0961226
18	12	0.461538	0.307692	-0.141136	0.0164288	0.0568251
18	13	0.461538	0.333333	-0.14975	0.0177955	0.0734705
18	14	0.461538	0.358974	-0.158726	0.021793	0.0796718
18	15	0.461538	0.384615	-0.166607	0.0231395	0.0343476
18	16	0.461538	0.410256	-0.173946	0.0271548	0.102415
18	17	0.461538	0.435897	-0.180796	0.0297501	0.00603373
18	18	0.461538	0.461538	-0.185313	0.0324237	0.0942552
18	19	0.461538	0.487179	-0.190086	0.0370516	0.0144901
18	20	0.461538	0.512821	-0.190748	0.0379416	0.0399207
18	21	0.461538	0.538462	-0.191218	0.0438277	0.0580946
18	22	0.461538	0.564103	-0.187263	0.0440009	-0.0399516
18	23	0.461538	0.589744	-0.180107	0.0487796	0.0993775
18	24	0.461538	0.615385	-0.17046	0.0500955	-0.0953533
18	25	0.461538	0.641026	-0.152197	0.0511474	0.0878223
18	26	0.461538	0.666667	-0.134161	0.0544981	-0.082247
18	27	0.461538	0.692308	-0.102581	0.0508773	0.00245369
18	28	0.461538	0.717949	-0.0707049	0.0547046	-0.00328354
18	29	0.461538	0.74359	-0.0255237	0.0481114	-0.118769
18	30	0.461538	0.769231	0.0277158	0.0488296	0.0830637
18	31	0.461538	0.794872	0.0864083	0.0423989	-0.196963
18	32	0.461538	0.820513	0.167137	0.0372328	0.107045
18	33	0.461538	0.846154	0.242176	0.0327414	-0.179014
18	34	0.461538	0.871795	0.350741	0.0229605	0.0581691
18	35	0.461538	0.897436	0.448985	0.0194793	-0.0944128
18	36	0.461538	0.923077	0.579399	0.010191	0.00180019
18	37	0.461538	0.948718	0.706095	0.0067191	-0.0218667
18	38	0.461538	0.974359	0.851526	0.00254785	-0.000481191
18	39	0.461538	1	1	0	0
19	0	0.487179	0	0	0	0.0193988
19	1	0.487179	0.025641	-0.0167513	0.00019466	0.0193988
19	2	0.487179	0.0512821	-0.0318527	0.000137778	0.0158475
19	3	0.487179	0.0769231	-0.0457423	0.000639276	0.026011
19	4	0.487179	0.102564	-0.0585156	0.000811206	0.0108168
19	5	0.487179	0.128205	-0.0705749	0.00115537	0.0280983
19	6	0.487179	0.153846	-0.0819487	0.00191645	0.0141502
19	7	0.487179	0.179487	-0.0927758	0.00189423	0.0182632
19	8	0.487179	0.205128	-0.103395	0.00315805	0.0274853
19	9	0.487179	0.230769	-0.113412	0.00317156	0.00144252
19	10	0.487179	0.25641	-0.123545	0.00433077	0.0390483
19	11	0.487179	0.282051	-0.133097	0.00513845	-0.00678446
19	12	0.487179	0.307692	-0.142604	0.00557654	0.0321733
19	13	0.487179	0.333333	-0.151857	0.00759166	0.00591256
19	14	0.487179	0.358974	-0.160345	0.00738364	0.00168125
19	15	0.487179	0.384615	-0.168982	0.0101103	0.0335834
19	16	0.487179	0.410256	-0.176026	0.0102472	-0.0362804
19	17	0.487179	0.435897	-0.183014	0.0124372	0.0505275
19	18	0.487179	0.461538	-0.18815	0.014211	-0.0523635
19	19	0.487179	0.487179	-0.19184	0.014772	0.0285293
19	20	0.487179	0.512821	-0.194128	0.0186519	-0.0271952
19	21	0.487179	0.538462	-0.192733	0.0176635	-0.0380556
19	22	0.487179	0.564103	-0.19013	0.0225036	0.0273437
19	23	0.487179	0.589744	-0.182141	0.0214827	-0.119041
19	24	0.487179	0.615385	-0.171291	0.0247883	0.0672366
19	25	0.487179	0.641026	-0.155202	0.0257867	-0.160717
19	26	0.487179	0.666667	-0.132195	0.0251109	0.0419157
19	27	0.487179	0.692308	-0.105382	0.0290231	-0.121
19	28	0.487179	0.717949	-0.0672351	0.0237789	-0.0656924
19	29	0.487179	0.74359	-0.0248678	0.028959	-0.00741008
19	30	0.487179	0.769231	0.0296033	0.0213762	-0.211451
19	31	0.487179	0.794872	0.0938756	0.0239603	0.112631
19	32	0.487179	0.820513	0.165251	0.0179766	-0.305298
19	33	0.487179	0.846154	0.255969	0.0146295	0.153331
19	34	0.487179	0.871795	0.346798	0.0128226	-0.278906
19	35	0.487179	0.897436	0.462959	0.0043953	0.0888718
19	36	0.487179	0.923077	0.577667	0.00559153	-0.158572
19	37	0.487179	0.948718	0.713238	-0.00225826	-0.00665011
19	38	0.487179	0.974359	0.852269	-0.00167795	-0.0558202
19	39	0.487179	1	1	0	0
20	0	0.512821	0	0	0	-0.0385312
20	1	0.512821	0.025641	-0.0167455	-0.000162837	-0.0385312
20	2	0.512821	0.0512821	-0.0319265	-0.000123655	-0.0357192
20	3	0.512821	0.0769231	-0.0456596	-0.000553135	-0.0440948
20	4	0.512821	0.102564	-0.058663	-0.000706331	-0.0317291
20	5	0.512821	0.128205	-0.0705011	-0.00102547	-0.0464719
20	6	0.512821	0.153846	-0.0820241	-0.00165422	-0.0347861
20	7	0.512821	0.179487	-0.0929062	-0.00165272	-0.0397049
20	8	0.512821	0.205128	-0.103278	-0.00266579	-0.0468604
20	9	0.512821	0.230769	-0.113827	-0.00259984	-0.0277041
20	10	0.512821	0.25641	-0.123355	-0.00345849	-0.0592174
20	11	0.512821	0.282051	-0.13361	-0.0038656	-0.0232292
20	12	0.512821	0.307692	-0.142729	-0.00397621	-0.0588368
20	13	0.512821	0.333333	-0.15214	-0.00513622	-0.0372426
20	14	0.512821	0.358974	-0.161145	-0.00440932	-0.0411343
20	15	0.512821	0.384615	-0.168944	-0.00589497	-0.0669747
20	16	0.512821	0.410256	-0.177438	-0.00497536	-0.0181789
20	17	0.512821	0.435897	-0.183077	-0.00573654	-0.0936516
20	18	0.512821	0.461538	-0.189574	-0.00562101	-0.0137491
20	19	0.512821	0.487179	-0.192735	-0.00466004	-0.0941375
20	20	0.512821	0.512821	-0.194866	-0.00589847	-0.0464782
20	21	0.512821	0.538462	-0.19481	-0.00312443	-0.0597519
20	22	0.512821	0.564103	-0.190093	-0.00515791	-0.112017
20	23	0.512821	0.589744	-0.184721	-0.00182318	-0.00916709
20	24	0.512821	0.615385	-0.171271	-0.002989	-0.177172
20	25	0.512821	0.641026	-0.156739	-0.00130223	0.0153083
20	26	0.512821	0.666667	-0.133162	0.000295538	-0.193223
20	27	0.512821	0.692308	-0.104662	-0.00160188	-0.0292441
20	28	0.512821	0.717949	-0.0689485	0.00339777	-0.12657
20	29	0.512821	0.74359	-0.022415	-0.00212932	-0.151196
20	30	0.512821	0.769231	0.0292459	0.00433593	0.00621617
20	31	0.512821	0.794872	0.0958291	-0.00204319	-0.297501
20	32	0.512821	0.820513	0.168639	0.00164564	0.126947
20	33	0.512821	0.846154	0.255722	-0.00125933	-0.369366
20	34	0.512821	0.871795	0.353454	-0.00384373	0.142066
20	35	0.512821	0.897436	0.461622	-0.00123591	-0.301839
20	36	0.512821	0.923077	0.583452	-0.0085105	0.0392778
20	37	0.512821	0.948718	0.713061	-0.00360091	-0.152726
20	38	0.512821	0.974359	0.853932	-0.00969358	-0.0747677
20	39	0.512821	1	1	0	0
21	0	0.538462	0	0	0	-0.0947708
21	1	0.538462	0.025641	-0.0165692	-0.000249483	-0.0947708
21	2	0.538462	0.0512821	-0.0314519	-0.000798646	-0.097766
21	3	0.538462	0.0769231	-0.0453224	-0.00136473	-0.0936404
21	4	0.538462	0.102564	-0.0577752	-0.00234935	-0.101984
21	5	0.538462	0.128205	-0.0699657	-0.00343714	-0.0935557
21	6	0.538462	0.153846	-0.0810369	-0.00453703	-0.101569
21	7	0.538462	0.179487	-0.0919212	-0.00617403	-0.0987131
21	8	0.538462	0.205128	-0.102528	-0.00733905	-0.0955005
21	9	0.538462	0.230769	-0.112293	-0.00928845	-0.107308
21	10	0.538462	0.25641	-0.12285	-0.0107419	-0.0891762
21	11	0.538462	0.282051	-0.131882	-0.0125849	-0.112238
21	12	0.538462	0.307692	-0.142035	-0.0145805	-0.090771
21	13	0.538462	0.333333	-0.150916	-0.0160073	-0.107157
21	14	0.538462	0.358974	-0.159755	-0.018497	-0.104065
21	15	0.538462	0.384615	-0.168724	-0.0195663	-0.0933005
21	16	0.538462	0.410256	-0.175381	-0.0220434	-0.123471
21	17	0.538462	0.435897	-0.183622	-0.023177	-0.0814052
21	18	0.538462	0.461538	-0.187717	-0.02485	-0.13572
21	19	0.538462	0.487179	-0.193079	-0.0265168	-0.0862917
21	20	0.538462	0.512821	-0.194489	-0.0267538	-0.128139
21	21	0.538462	0.538462	-0.193987	-0.0290043	-0.116526
21	22	0.538462	0.564103	-0.19189	-0.0278189	-0.0992079
21	23	0.538462	0.589744	-0.182734	-0.0299429	-0.164654
21	24	0.538462	0.615385	-0.174518	-0.0282418	-0.0654368
21	25	0.538462	0.641026	-0.154922	-0.0288148	-0.204045
21	26	0.538462	0.666667	-0.135852	-0.0281507	-0.0588382
21	27	0.538462	0.692308	-0.104894	-0.0256822	-0.197884
21	28	0.538462	0.717949	-0.0691005	-0.027337	-0.110267
21	29	0.538462	0.74359	-0.0255124	-0.0215319	-0.123559
21	30	0.538462	0.769231	0.0319328	-0.025123	-0.219459
21	31	0.538462	0.794872	0.0911969	-0.0181266	-0.00483234
21	32	0.538462	0.820513	0.172343	-0.020837	-0.330308
21	33	0.538462	0.846154	0.252144	-0.0168215	0.0794194
21	34	0.538462	0.871795	0.355898	-0.0151122	-0.352889
21	35	0.538462	0.897436	0.460405	-0.0167949	0.0520991
21	36	0.538462	0.923077	0.584131	-0.010738	-0.254767
21	37	0.538462	0.948718	0.713068	-0.0150807	-0.0578489
21	38	0.538462	0.974359	0.853909	-0.011836	-0.150177
21	39	0.538462	1	1	0	0
22	0	0.564103	0	0	0	-0.152251
22	1	0.564103	0.025641	-0.0161269	-0.000493837	-0.152251
22	2	0.564103	0.0512821	-0.0308164	-0.00120165	-0.153708
22	3	0.564103	0.0769231	-0.0440426	-0.00238338	-0.155946
22	4	0.564103	0.102564	-0.0567615	-0.00385018	-0.155285
22	5	0.564103	0.128205	-0.0681369	-0.00564189	-0.158071
22	6	0.564103	0.153846	-0.0794773	-0.00772544	-0.156811
22	7	0.564103	0.179487	-0.0900183	-0.00996953	-0.158207
22	8	0.564103	0.205128	-0.100158	-0.012567	-0.158941
22	9	0.564103	0.230769	-0.110602	-0.015201	-0.156863
22	10	0.564103	0.25641	-0.119775	-0.0181748	-0.161043
22	11	0.564103	0.282051	-0.130171	-0.0211841	-0.155603
22	12	0.564103	0.307692	-0.138916	-0.0243644	-0.16176
22	13	0.564103	0.333333	-0.148565	-0.0277142	-0.156279
22	14	0.564103	0.358974	-0.157435	-0.0309263	-0.159947
22	15	0.564103	0.384615	-0.165333	-0.0344916	-0.160058
22	16	0.564103	0.410256	-0.174195	-0.0375966	-0.155763
22	17	0.564103	0.435897	-0.179652	-0.0410957	-0.166211
22	18	0.564103	0.461538	-0.187083	-0.0440289	-0.151868
22	19	0.564103	0.487179	-0.189915	-0.0470013	-0.171103
22	20	0.564103	0.512821	-0.193231	-0.0497458	-0.153614
22	21	0.564103	0.538462	-0.193206	-0.0516579	-0.16909
22	22	0.564103	0.564103	-0.189208	-0.054089	-0.166279
22	23	0.564103	0.589744	-0.184956	-0.0546074	-0.156905
22	24	0.564103	0.615385	-0.170976	-0.0562406	-0.188831
22	25	0.564103	0.641026	-0.159028	-0.0555583	-0.140349
22	26	0.564103	0.666667	-0.133594	-0.0554245	-0.207822
22	27	0.564103	0.692308	-0.108291	-0.0543255	-0.137361
22	28	0.564103	0.717949	-0.0708512	-0.0513373	-0.199547
22	29	0.564103	0.74359	-0.0256129	-0.0506369	-0.168643
22	30	0.564103	0.769231	0.0248087	-0.0446388	-0.148182
22	31	0.564103	0.794872	0.0949852	-0.0440766	-0.233196
22	32	0.564103	0.820513	0.161486	-0.0369582	-0.0736859
22	33	0.564103	0.846154	0.257514	-0.0347014	-0.288157
22	34	0.564103	0.871795	0.345525	-0.0298517	-0.0357846
22	35	0.564103	0.897436	0.463842	-0.0243575	-0.274893
22	36	0.564103	0.923077	0.577996	-0.0234879	-0.0768394
22	37	0.564103	0.948718	0.713382	-0.0167397	-0.19667
22	38	0.564103	0.974359	0.852314	-0.0194714	-0.164232
22	39	0.564103	1	1	0	0
23	0	0.589744	0	0	0	-0.209922
23	1	0.589744	0.025641	-0.0155463	-0.000691946	-0.209922
23	2	0.589744	0.0512821	-0.0295745	-0.00163781	-0.211287
23	3	0.589744	0.0769231	-0.042703	-0.00328871	-0.215743
23	4	0.589744	0.102564	-0.054524	-0.00529531	-0.212836
23	5	0.589744	0.128205	-0.0661399	-0.00774603	-0.218599
23	6	0.589744	0.153846	-0.0767001	-0.0106611	-0.215434
23	7	0.589744	0.179487	-0.087134	-0.0136983	-0.217229
23	8	0.589744	0.205128	-0.0972926	-0.017363	-0.219769
23	9	0.589744	0.230769	-0.106722	-0.0209866	-0.21337
23	10	0.589744	0.25641	-0.116891	-0.0251322	-0.222841
23	11	0.589744	0.282051	-0.125685	-0.0294388	-0.211602
23	12	0.589744	0.307692	-0.135585	-0.0337986	-0.220471
23	13	0.589744	0.333333	-0.14428	-0.038742	-0.21521
23	14	0.589744	0.358974	-0.153116	-0.0432227	-0.21225
23	15	0.589744	0.384615	-0.161946	-0.0484461	-0.221904
23	16	0.589744	0.410256	-0.168893	-0.0531325	-0.203879
23	17	0.589744	0.435897	-0.177176	-0.0580561	-0.224452
23	18	0.589744	0.461538	-0.181748	-0.062958	-0.203311
23	19	0.589744	0.487179	-0.187596	-0.0670792	-0.217077
23	20	0.589744	0.512821	-0.189496	-0.071807	-0.213116
23	21	0.589744	0.538462	-0.190097	-0.0749373	-0.202274
23	22	0.589744	0.564103	-0.18853	-0.0786233	-0.226079
23	23	0.589744	0.589744	-0.18087	-0.0808093	-0.191053
23	24	0.589744	0.615385	-0.17362	-0.0824355	-0.2293
23	25	0.589744	0.641026	-0.155275	-0.0835788	-0.19451
23	26	0.589744	0.666667	-0.13807	-0.0825535	-0.215185
23	27	0.589744	0.692308	-0.107626	-0.0820536	-0.212189
23	28	0.589744	0.717949	-0.0743137	-0.0786207	-0.190977
23	29	0.589744	0.74359	-0.0310048	-0.075507	-0.227796
23	30	0.589744	0.769231	0.0249503	-0.0705541	-0.176102
23	31	0.589744	0.794872	0.0826211	-0.064352	-0.221271
23	32	0.589744	0.820513	0.165363	-0.0586123	-0.183485
23	33	0.589744	0.846154	0.241273	-0.0504311	-0.192729
23	34	0.589744	0.871795	0.34996	-0.0439866	-0.200475
23	35	0.589744	0.897436	0.449997	-0.036411	-0.17058
23	36	0.589744	0.923077	0.579263	-0.0297875	-0.201968
23	37	0.589744	0.948718	0.706732	-0.0246719	-0.174823
23	38	0.589744	0.974359	0.851273	-0.0230324	-0.215845
23	39	0.589744	1	1	0	0
24	0	0.615385	0	0	0	-0.26747
24	1	0.615385	0.025641	-0.0147258	-0.000784463	-0.26747
24	2	0.615385	0.0512821	-0.0282052	-0.00216688	-0.272852
24	3	0.615385	0.0769231	-0.040492	-0.00400215	-0.269176
24	4	0.615385	0.102564	-0.0522196	-0.00665198	-0.279669
24	5	0.615385	0.128205	-0.062932	-0.00975476	-0.270797
24	6	0.615385	0.153846	-0.0734512	-0.0131449	-0.279818
24	7	0.615385	0.179487	-0.083382	-0.0174296	-0.277184
24	8	0.615385	0.205128	-0.0929633	-0.0214606	-0.272654
24	9	0.615385	0.230769	-0.102687	-0.0265877	-0.28568
24	10	0.615385	0.25641	-0.111612	-0.0315018	-0.264932
24	11	0.615385	0.282051	-0.121237	-0.0369723	-0.287699
24	12	0.615385	0.307692	-0.129893	-0.0429951	-0.265676
24	13	0.615385	0.333333	-0.139037	-0.0485023	-0.27694
24	14	0.615385	0.358974	-0.147694	-0.0554176	-0.276924
24	15	0.615385	0.384615	-0.155729	-0.0610831	-0.257452
24	16	0.615385	0.410256	-0.16413	-0.068127	-0.289283
24	17	0.615385	0.435897	-0.170444	-0.0743063	-0.243018
24	18	0.615385	0.461538	-0.177495	-0.0805181	-0.287956
24	19	0.615385	0.487179	-0.181518	-0.0872567	-0.246747
24	20	0.615385	0.512821	-0.185259	-0.0920056	-0.265278
24	21	0.615385	0.538462	-0.186154	-0.0985734	-0.26906
24	22	0.615385	0.564103	-0.184019	-0.101815	-0.229385
24	23	0.615385	0.589744	-0.180164	-0.106714	-0.294076
24	24	0.615385	0.615385	-0.169391	-0.108764	-0.201594
24	25	0.615385	0.641026	-0.157832	-0.110272	-0.297898
24	26	0.615385	0.666667	-0.135905	-0.111247	-0.203419
24	27	0.615385	0.692308	-0.112028	-0.108248	-0.264308
24	28	0.615385	0.717949	-0.0769537	-0.107563	-0.240548
24	29	0.615385	0.74359	-0.0347996	-0.100254	-0.19912
24	30	0.615385	0.769231	0.0151751	-0.0966149	-0.293621
24	31	0.615385	0.794872	0.0814025	-0.0866606	-0.133163
24	32	0.615385	0.820513	0.148877	-0.0788959	-0.325753
24	33	0.615385	0.846154	0.242142	-0.068711	-0.105719
24	34	0.615385	0.871795	0.331573	-0.0573204	-0.310169
24	35	0.615385	0.897436	0.449972	-0.0488532	-0.132911
24	36	0.615385	0.923077	0.566122	-0.0371532	-0.260699
24	37	0.615385	0.948718	0.704385	-0.0310997	-0.185871
24	38	0.615385	0.974359	0.8471	-0.0273052	-0.25408
24	39	0.615385	1	1	0	0
25	0	0.641026	0	0	0	-0.326952
25	1	0.641026	0.025641	-0.0137772	-0.00104478	-0.326952
25	2	0.641026	0.0512821	-0.0263829	-0.00235747	-0.327623
25	3	0.641026	0.0769231	-0.0381336	-0.00486574	-0.337462
25	4	0.641026	0.102564	-0.0490232	-0.00775959	-0.327932
25	5	0.641026	0.128205	-0.0594383	-0.0113558	-0.342184
25	6	0.641026	0.153846	-0.0692678	-0.0157671	-0.332647
25	7	0.641026	0.179487	-0.0787706	-0.0201031	-0.336739
25	8	0.641026	0.205128	-0.0880773	-0.0257944	-0.343112
25	9	0.641026	0.230769	-0.0970064	-0.0310358	-0.325415
25	10	0.641026	0.25641	-0.10609	-0.0374476	-0.350965
25	11	0.641026	0.282051	-0.114751	-0.0439944	-0.319617
25	12	0.641026	0.307692	-0.123615	-0.0505919	-0.345188
25	13	0.641026	0.333333	-0.132175	-0.0585234	-0.327342
25	14	0.641026	0.358974	-0.140584	-0.0652259	-0.323771
25	15	0.641026	0.384615	-0.148887	-0.0739409	-0.343598
25	16	0.641026	0.410256	-0.156424	-0.0811481	-0.298688
25	17	0.641026	0.435897	-0.163846	-0.0895417	-0.35174
25	18	0.641026	0.461538	-0.169857	-0.0976303	-0.288255
25	19	0.641026	0.487179	-0.175257	-0.104673	-0.335933
25	20	0.641026	0.512821	-0.178697	-0.113328	-0.302499
25	21	0.641026	0.538462	-0.180391	-0.118559	-0.294804
25	22	0.641026	0.564103	-0.179658	-0.126451	-0.333163
25	23	0.641026	0.589744	-0.175362	-0.130016	-0.245762
25	24	0.641026	0.615385	-0.168146	-0.135051	-0.355524
25	25	0.641026	0.641026	-0.154996	-0.137291	-0.217321
25	26	0.641026	0.666667	-0.138063	-0.137328	-0.340708
25	27	0.641026	0.692308	-0.112823	-0.138171	-0.2336
25	28	0.641026	0.717949	-0.0818044	-0.132005	-0.273287
25	29	0.641026	0.74359	-0.0412178	-0.13046	-0.296721
25	30	0.641026	0.769231	0.00918915	-0.118773	-0.168243
25	31	0.641026	0.794872	0.0683007	-0.112947	-0.374828
25	32	0.641026	0.820513	0.143118	-0.0986425	-0.0763732
25	33	0.641026	0.846154	0.22422	-0.0869361	-0.410975
25	34	0.641026	0.871795	0.326005	-0.0740218	-0.059942
25	35	0.641026	0.897436	0.432818	-0.0577265	-0.367466
25	36	0.641026	0.923077	0.560193	-0.0489648	-0.135619
25	37	0.641026	0.948718	0.694411	-0.0339291	-0.279215
25	38	0.641026	0.974359	0.84343	-0.0332056	-0.265422
25	39	0.641026	1	1	0	0
26	0	0.666667	0	0	0	-0.385558
26	1	0.666667	0.025641	-0.0126714	-0.0010324	-0.385558
26	2	0.666667	0.0512821	-0.0243653	-0.0028559	-0.392644
26	3	0.666667	0.0769231	-0.0352973	-0.00527643	-0.38771
26	4	0.666667	0.102564	-0.0455106	-0.00877147	-0.401451
26	5	0.666667	0.128205	-0.0552749	-0.0129035	-0.389981
26	6	0.666667	0.153846	-0.0644962	-0.0174059	-0.401067
26	7	0.666667	0.179487	-0.0735029	-0.0231559	-0.398527
26	8	0.666667	0.205128	-0.0821872	-0.0285976	-0.39109
26	9	0.666667	0.230769	-0.0907267	-0.0355229	-0.409
26	10	0.666667	0.25641	-0.0992367	-0.0422727	-0.380823
26	11	0.666667	0.282051	-0.107506	-0.0497642	-0.409914
26	12	0.666667	0.307692	-0.115969	-0.0581216	-0.381332
26	13	0.666667	0.333333	-0.124096	-0.0658695	-0.39396
26	14	0.666667	0.358974	-0.132311	-0.0755527	-0.393838
26	15	0.666667	0.384615	-0.140261	-0.0837792	-0.367034
26	16	0.666667	0.410256	-0.147748	-0.0938624	-0.405927
26	17	0.666667	0.435897	-0.155097	-0.10301	-0.345713
26	18	0.666667	0.461538	-0.1612	-0.112361	-0.400073
26	19	0.666667	0.487179	-0.166901	-0.122444	-0.344689
26	20	0.666667	0.512821	-0.17075	-0.13026	-0.367457
26	21	0.666667	0.538462	-0.173096	-0.140369	-0.364626
26	22	0.666667	0.564103	-0.173305	-0.14638	-0.316082
26	23	0.666667	0.589744	-0.170092	-0.15466	-0.389207
26	24	0.666667	0.615385	-0.164313	-0.15891	-0.268487
26	25	0.666667	0.641026	-0.152985	-0.162982	-0.391823
26	26	0.666667	0.666667	-0.137673	-0.165396	-0.251842
26	27	0.666667	0.692308	-0.115207	-0.163089	-0.348024
26	28	0.666667	0.717949	-0.0858523	-0.163001	-0.283966
26	29	0.666667	0.74359	-0.048386	-0.15338	-0.251765
26	30	0.666667	0.769231	-0.000176662	-0.149192	-0.356798
26	31	0.666667	0.794872	0.0571535	-0.133663	-0.132386
26	32	0.666667	0.820513	0.128564	-0.123179	-0.425737
26	33	0.666667	0.846154	0.210897	-0.105734	-0.0560161
26	34	0.666667	0.871795	0.308811	-0.0881814	-0.428721
26	35	0.666667	0.897436	0.419697	-0.0735936	-0.0840503
26	36	0.666667	0.923077	0.54566	-0.0532306	-0.351581
26	37	0.666667	0.948718	0.684997	-0.0436968	-0.193469
26	38	0.666667	0.974359	0.83739	-0.0346547	-0.31533
26	39	0.666667	1	1	0	0
27	0	0.692308	0	0	0	-0.446752
27	1	0.692308	0.025641	-0.0114496	-0.00124449	-0.446752
27	2	0.692308	0.0512821	-0.0221675	-0.0028907	-0.448492
27	3	0.692308	0.0769231	-0.0321216	-0.00586791	-0.457878
27	4	0.692308	0.102564	-0.0417101	-0.00945252	-0.450391
27	5	0.692308	0.128205	-0.0505565	-0.013844	-0.462517
27	6	0.692308	0.153846	-0.0593091	-0.0192321	-0.455807
27	7	0.692308	0.179487	-0.0675376	-0.0247322	-0.457438
27	8	0.692308	0.205128	-0.0756374	-0.0316532	-0.464985
27	9	0.692308	0.230769	-0.0837298	-0.0384463	-0.447492
27	10	0.692308	0.25641	-0.09137	-0.0463866	-0.469666
27	11	0.692308	0.282051	-0.0995463	-0.0548072	-0.442654
27	12	0.692308	0.307692	-0.107028	-0.0633603	-0.460999
27	13	0.692308	0.333333	-0.1151	-0.0733866	-0.447936
27	14	0.692308	0.358974	-0.122737	-0.0825663	-0.439296
27	15	0.692308	0.384615	-0.130218	-0.0935963	-0.456888
27	16	0.692308	0.410256	-0.137991	-0.103719	-0.415582
27	17	0.692308	0.435897	-0.144379	-0.114809	-0.455617
27	18	0.692308	0.461538	-0.151546	-0.12599	-0.403094
27	19	0.692308	0.487179	-0.156442	-0.136282	-0.433699
27	20	0.692308	0.512821	-0.16141	-0.147951	-0.406633
27	21	0.692308	0.538462	-0.164233	-0.156888	-0.392284
27	22	0.692308	0.564103	-0.164811	-0.167642	-0.418411
27	23	0.692308	0.589744	-0.164142	-0.17483	-0.344058
27	24	0.692308	0.615385	-0.157948	-0.182626	-0.421548
27	25	0.692308	0.641026	-0.150872	-0.187555	-0.307695
27	26	0.692308	0.666667	-0.135525	-0.190071	-0.396801
27	27	0.692308	0.692308	-0.117392	-0.191878	-0.300888
27	28	0.692308	0.717949	-0.0901919	-0.187125	-0.330906
27	29	0.692308	0.74359	-0.0550708	-0.184403	-0.330976
27	30	0.692308	0.769231	-0.0122674	-0.171751	-0.229428
27	31	0.692308	0.794872	0.0459225	-0.162565	-0.381886
27	32	0.692308	0.820513	0.109749	-0.143895	-0.130416
27	33	0.692308	0.846154	0.195763	-0.126766	-0.409812
27	34	0.692308	0.871795	0.287205	-0.106554	-0.0964819
27	35	0.692308	0.897436	0.403261	-0.0833133	-0.374641
27	36	0.692308	0.923077	0.527514	-0.066761	-0.161813
27	37	0.692308	0.948718	0.672845	-0.0452898	-0.301163
27	38	0.692308	0.974359	0.829662	-0.040407	-0.306857
27	39	0.692308	1	1	0	0
28	0	0.717949	0	0	0	-0.507399
28	1	0.717949	0.025641	-0.0101774	-0.00119807	-0.507399
28	2	0.717949	0.0512821	-0.0197342	-0.00316314	-0.513741
28	3	0.717949	0.0769231	-0.0289301	-0.00601795	-0.512365
28	4	0.717949	0.102564	-0.0373785	-0.00991095	-0.521074
28	5	0.717949	0.128205	-0.0457927	-0.0146636	-0.516356
28	6	0.717949	0.153846	-0.0534819	-0.0199614	-0.521201
28	7	0.717949	0.179487	-0.0611928	-0.0264433	-0.522737
28	8	0.717949	0.205128	-0.0686504	-0.033123	-0.515197
28	9	0.717949	0.230769	-0.0757508	-0.040983	-0.527406
28	10	0.717949	0.25641	-0.0833536	-0.0492682	-0.509576
28	11	0.717949	0.282051	-0.0901262	-0.0581546	-0.523383
28	12	0.717949	0.307692	-0.0978237	-0.0681189	-0.509439
28	13	0.717949	0.333333	-0.104741	-0.077949	-0.508664
28	14	0.717949	0.358974	-0.112092	-0.0892595	-0.512203
28	15	0.717949	0.384615	-0.119495	-0.100201	-0.489209
28	16	0.717949	0.410256	-0.125999	-0.112219	-0.508956
28	17	0.717949	0.435897	-0.133608	-0.124334	-0.473713
28	18	0.717949	0.461538	-0.139003	-0.136407	-0.492133
28	19	0.717949	0.487179	-0.145629	-0.149264	-0.465725
28	20	0.717949	0.512821	-0.149787	-0.160846	-0.461537
28	21	0.717949	0.538462	-0.153473	-0.173398	-0.460908
28	22	0.717949	0.564103	-0.155801	-0.183871	-0.423543
28	23	0.717949	0.589744	-0.15428	-0.194576	-0.450647
28	24	0.717949	0.615385	-0.152895	-0.202977	-0.386356
28	25	0.717949	0.641026	-0.143981	-0.209923	-0.42652
28	26	0.717949	0.666667	-0.135089	-0.214854	-0.357281
28	27	0.717949	0.692308	-0.116607	-0.21589	-0.3819
28	28	0.717949	0.717949	-0.094441	-0.215606	-0.342332
28	29	0.717949	0.74359	-0.0635438	-0.208783	-0.314372
28	30	0.717949	0.769231	-0.021072	-0.201379	-0.342553
28	31	0.717949	0.794872	0.0269029	-0.185996	-0.234405
28	32	0.717949	0.820513	0.0964869	-0.169954	-0.346163
28	33	0.717949	0.846154	0.168824	-0.147845	-0.173944
28	34	0.717949	0.871795	0.270248	-0.123752	-0.331074
28	35	0.717949	0.897436	0.375732	-0.0997296	-0.17316
28	36	0.717949	0.923077	0.510416	-0.0733539	-0.296135
28	37	0.717949	0.948718	0.654725	-0.0538442	-0.233171
28	38	0.717949	0.974359	0.820905	-0.0415303	-0.330198
28	39	0.717949	1	1	0	0
29	0	0.74359	0	0	0	-0.570103
29	1	0.74359	0.025641	-0.00883687	-0.00126533	-0.570103
29	2	0.74359	0.0512821	-0.017374	-0.00311175	-0.573819
29	3	0.74359	0.0769231	-0.0253607	-0.00613746	-0.578765
29	4	0.74359	0.102564	-0.0332651	-0.0100757	-0.578858
29	5	0.74359	0.128205	-0.0404282	-0.0148136	-0.582126
29	6	0.74359	0.153846	-0.0476876	-0.0205721	-0.58373
29	7	0.74359	0.179487	-0.0544361	-0.0268829	-0.580637
29	8	0.74359	0.205128	-0.0610497	-0.034219	-0.586793
29	9	0.74359	0.230769	-0.0678544	-0.0421871	-0.577761
29	10	0.74359	0.25641	-0.0739938	-0.0508656	-0.583907
29	11	0.74359	0.282051	-0.0810082	-0.060527	-0.576537
29	12	0.74359	0.307692	-0.0871144	-0.0704958	-0.573729
29	13	0.74359	0.333333	-0.094061	-0.0816369	-0.575032
29	14	0.74359	0.358974	-0.100645	-0.093013	-0.56007
29	15	0.74359	0.384615	-0.107064	-0.105238	-0.567294
29	16	0.74359	0.410256	-0.114251	-0.118024	-0.547866
29	17	0.74359	0.435897	-0.119866	-0.130967	-0.549358
29	18	0.74359	0.461538	-0.127	-0.144749	-0.537112
29	19	0.74359	0.487179	-0.131806	-0.158113	-0.523432
29	20	0.74359	0.512821	-0.137423	-0.172016	-0.521954
29	21	0.74359	0.538462	-0.141297	-0.185289	-0.495199
29	22	0.74359	0.564103	-0.143463	-0.198147	-0.496244
29	23	0.74359	0.589744	-0.145429	-0.210227	-0.467218
29	24	0.74359	0.615385	-0.142138	-0.220678	-0.459286
29	25	0.74359	0.641026	-0.139633	-0.229743	-0.436129
29	26	0.74359	0.666667	-0.128904	-0.236066	-0.41531
29	27	0.74359	0.692308	-0.117345	-0.239798	-0.397037
29	28	0.74359	0.717949	-0.0967539	-0.239755	-0.367982
29	29	0.74359	0.74359	-0.0696133	-0.235765	-0.349998
29	30	0.74359	0.769231	-0.0352243	-0.226959	-0.317932
29	31	0.74359	0.794872	0.0152246	-0.213358	-0.301178
29	32	0.74359	0.820513	0.0701959	-0.194476	-0.268465
29	33	0.74359	0.846154	0.15143	-0.171019	-0.258882
29	34	0.74359	0.871795	0.237015	-0.143772	-0.23331
29	35	0.74359	0.897436	0.354498	-0.114049	-0.234039
29	36	0.74359	0.923077	0.481168	-0.085108	-0.23379
29	37	0.74359	0.948718	0.636989	-0.0584267	-0.243942
29	38	0.74359	0.974359	0.808379	-0.0442585	-0.321225
29	39	0.74359	1	1	0	0
30	0	0.769231	0	0	0	-0.633229
30	1	0.769231	0.025641	-0.00754742	-0.00121136	-0.633229
30	2	0.769231	0.0512821	-0.0148745	-0.00303862	-0.637589
30	3	0.769231	0.0769231	-0.0220795	-0.00600936	-0.641135
30	4	0.769231	0.102564	-0.0287248	-0.00983906	-0.642068
30	5	0.769231	0.128205	-0.0354003	-0.014697	-0.646748
30	6	0.769231	0.153846	-0.0414837	-0.0203013	-0.643408
30	7	0.769231	0.179487	-0.0475644	-0.026824	-0.649247
30	8	0.769231	0.205128	-0.0535028	-0.0342144	-0.643934
30	9	0.769231	0.230769	-0.0590653	-0.0422393	-0.646039
30	10	0.769231	0.25641	-0.0651637	-0.051385	-0.644924
30	11	0.769231	0.282051	-0.0705272	-0.060934	-0.637218
30	12	0.769231	0.307692	-0.0767364	-0.071622	-0.643329
30	13	0.769231	0.333333	-0.0823912	-0.0828648	-0.626976
30	14	0.769231	0.358974	-0.0884034	-0.0947959	-0.633303
30	15	0.769231	0.384615	-0.0946821	-0.10777	-0.619291
30	16	0.769231	0.410256	-0.100236	-0.120781	-0.612281
30	17	0.769231	0.435897	-0.106936	-0.135106	-0.611868
30	18	0.769231	0.461538	-0.112002	-0.149197	-0.585
30	19	0.769231	0.487179	-0.118246	-0.164063	-0.595657
30	20	0.769231	0.512821	-0.122842	-0.179059	-0.55982
30	21	0.769231	0.538462	-0.127247	-0.19349	-0.562059
30	22	0.769231	0.564103	-0.130935	-0.208526	-0.53971
30	23	0.769231	0.589744	-0.131896	-0.221567	-0.511498
30	24	0.769231	0.615385	-0.133169	-0.234805	-0.516595
30	25	0.769231	0.641026	-0.128954	-0.245323	-0.454807
30	26	0.769231	0.666667	-0.124731	-0.254111	-0.4754
30	27	0.769231	0.692308	-0.113168	-0.260279	-0.405352
30	28	0.769231	0.717949	-0.0984678	-0.261641	-0.405611
30	29	0.769231	0.74359	-0.076123	-0.260594	-0.368411
30	30	0.769231	0.769231	-0.0439988	-0.251857	-0.312079
30	31	0.769231	0.794872	-0.00486077	-0.240164	-0.337138
30	32	0.769231	0.820513	0.0532643	-0.219878	-0.218052
30	33	0.769231	0.846154	0.119004	-0.195416	-0.300097
30	34	0.769231	0.871795	0.212412	-0.165032	-0.158931
30	35	0.769231	0.897436	0.317729	-0.130524	-0.258566
30	36	0.769231	0.923077	0.454589	-0.0970876	-0.168343
30	37	0.769231	0.948718	0.610417	-0.0637546	-0.240535
30	38	0.769231	0.974359	0.794302	-0.0459367	-0.292436
30	39	0.769231	1	1	0	0
31	0	0.794872	0	0	0	-0.697332
31	1	0.794872	0.025641	-0.00628812	-0.00110175	-0.697332
31	2	0.794872	0.0512821	-0.0126067	-0.00287542	-0.702291
31	3	0.794872	0.0769231	-0.018652	-0.00557542	-0.702874
31	4	0.794872	0.102564	-0.0246193	-0.00938415	-0.709634
31	5	0.794872	0.128205	-0.0301033	-0.0139604	-0.705196
31	6	0.794872	0.153846	-0.0355482	-0.0194948	-0.713555
31	7	0.794872	0.179487	-0.0406863	-0.0259825	-0.707631
31	8	0.794872	0.205128	-0.0456419	-0.033071	-0.711059
31	9	0.794872	0.230769	-0.0507602	-0.0414276	-0.711371
31	10	0.794872	0.25641	-0.0554452	-0.0501129	-0.702432
31	11	0.794872	0.282051	-0.0606785	-0.0601026	-0.712722
31	12	0.794872	0.307692	-0.0654706	-0.070627	-0.692683
31	13	0.794872	0.333333	-0.0707243	-0.0819378	-0.704583
31	14	0.794872	0.358974	-0.0759707	-0.0944607	-0.687047
31	15	0.794872	0.384615	-0.0810989	-0.106978	-0.683081
31	16	0.794872	0.410256	-0.0868452	-0.121245	-0.68386
31	17	0.794872	0.435897	-0.0918134	-0.135155	-0.652975
31	18	0.794872	0.461538	-0.0976582	-0.15045	-0.672611
31	19	0.794872	0.487179	-0.10248	-0.165937	-0.624993
31	20	0.794872	0.512821	-0.107639	-0.181372	-0.640926
31	21	0.794872	0.538462	-0.112082	-0.198034	-0.605805
31	22	0.794872	0.564103	-0.11553	-0.212863	-0.585309
31	23	0.794872	0.589744	-0.118736	-0.229262	-0.589101
31	24	0.794872	0.615385	-0.119208	-0.24281	-0.516132
31	25	0.794872	0.641026	-0.119338	-0.256447	-0.556135
31	26	0.794872	0.666667	-0.115057	-0.267536	-0.451851
31	27	0.794872	0.692308	-0.108921	-0.275228	-0.486801
31	28	0.794872	0.717949	-0.0969712	-0.281413	-0.405973
31	29	0.794872	0.74359	-0.0795197	-0.279837	-0.374936
31	30	0.794872	0.769231	-0.0547795	-0.27705	-0.375743
31	31	0.794872	0.794872	-0.0184593	-0.263399	-0.239361
31	32	0.794872	0.820513	0.0278544	-0.246835	-0.341711
31	33	0.794872	0.846154	0.0937083	-0.219991	-0.124007
31	34	0.794872	0.871795	0.175042	-0.187315	-0.284854
31	35	0.794872	0.897436	0.283938	-0.150346	-0.0823288
31	36	0.794872	0.923077	0.416489	-0.107955	-0.222009
31	37	0.794872	0.948718	0.581382	-0.0718512	-0.141786
31	38	0.794872	0.974359	0.775513	-0.0448759	-0.266092
31	39	0.794872	1	1	0	0
32	0	0.820513	0	0	0	-0.762543
32	1	0.820513	0.025641	-0.00517002	-0.00100161	-0.762543
32	2	0.820513	0.0512821	-0.010434	-0.00245231	-0.765115
32	3	0.820513	0.0769231	-0.0156168	-0.00507914	-0.771261
32	4	0.820513	0.102564	-0.0205093	-0.00841863	-0.767733
32	5	0.820513	0.128205	-0.0252389	-0.0128275	-0.777521
32	6	0.820513	0.153846	-0.0296817	-0.0181151	-0.770426
32	7	0.820513	0.179487	-0.0339525	-0.024108	-0.777662
32	8	0.820513	0.205128	-0.0381727	-0.0313576	-0.775413
32	9	0.820513	0.230769	-0.0421694	-0.0389137	-0.770482
32	10	0.820513	0.25641	-0.0463703	-0.047917	-0.779997
32	11	0.820513	0.282051	-0.0503774	-0.0572788	-0.760382
32	12	0.820513	0.307692	-0.0546376	-0.0676953	-0.776603
32	13	0.820513	0.333333	-0.0589222	-0.0791429	-0.753971
32	14	0.820513	0.358974	-0.0632651	-0.0907965	-0.75896
32	15	0.820513	0.384615	-0.0679256	-0.10428	-0.752341
32	16	0.820513	0.410256	-0.0723999	-0.117372	-0.729089
32	17	0.820513	0.435897	-0.0772943	-0.132362	-0.746671
32	18	0.820513	0.461538	-0.081922	-0.147294	-0.697317
32	19	0.820513	0.487179	-0.0867215	-0.163011	-0.722857
32	20	0.820513	0.512821	-0.0913209	-0.179848	-0.673527
32	21	0.820513	0.538462	-0.095574	-0.195643	-0.672319
32	22	0.820513	0.564103	-0.0995803	-0.213564	-0.656497
32	23	0.820513	0.589744	-0.102624	-0.229017	-0.599973
32	24	0.820513	0.615385	-0.104966	-0.246101	-0.630372
32	25	0.820513	0.641026	-0.105621	-0.260601	-0.522461
32	26	0.820513	0.666667	-0.104529	-0.274014	-0.5719
32	27	0.820513	0.692308	-0.100584	-0.285915	-0.45722
32	28	0.820513	0.717949	-0.0930881	-0.292273	-0.464834
32	29	0.820513	0.74359	-0.0805164	-0.298039	-0.40903
32	30	0.820513	0.769231	-0.0613935	-0.293742	-0.314373
32	31	0.820513	0.794872	-0.0330543	-0.287745	-0.363063
32	32	0.820513	0.820513	0.00689063	-0.269447	-0.154423
32	33	0.820513	0.846154	0.0631083	-0.245594	-0.293845
32	34	0.820513	0.871795	0.139033	-0.211797	-0.0414226
32	35	0.820513	0.897436	0.241492	-0.168881	-0.197628
32	36	0.820513	0.923077	0.374394	-0.124702	-0.0317156
32	37	0.820513	0.948718	0.544305	-0.0761673	-0.136139
32	38	0.820513	0.974359	0.752233	-0.0450973	-0.177245
32	39	0.820513	1	1	0	0
33	0	0.846154	0	0	0	-0.827775
33	1	0.846154	0.025641	-0.00421686	-0.000740989	-0.827775
33	2	0.846154	0.0512821	-0.00857917	-0.00207943	-0.832271
33	3	0.846154	0.0769231	-0.0128302	-0.00413638	-0.831394
33	4	0.846154	0.102564	-0.0168376	-0.00728836	-0.839897
33	5	0.846154	0.128205	-0.0206489	-0.0111959	-0.833933
33	6	0.846154	0.153846	-0.0241863	-0.0159807	-0.843562
33	7	0.846154	0.179487	-0.0276403	-0.0218502	-0.838592
33	8	0.846154	0.205128	-0.0308985	-0.0281493	-0.839918
33	9	0.846154	0.230769	-0.0341662	-0.0358539	-0.844719
33	10	0.846154	0.25641	-0.0374046	-0.0438088	-0.831027
33	11	0.846154	0.282051	-0.0406325	-0.0530332	-0.84612
33	12	0.846154	0.307692	-0.0440516	-0.0629538	-0.823189
33	13	0.846154	0.333333	-0.0473929	-0.0734478	-0.835182
33	14	0.846154	0.358974	-0.0510484	-0.0854757	-0.820212
33	15	0.846154	0.384615	-0.0546786	-0.0973332	-0.81016
33	16	0.846154	0.410256	-0.0584927	-0.111196	-0.817184
33	17	0.846154	0.435897	-0.0625146	-0.124845	-0.778095
33	18	0.846154	0.461538	-0.0663845	-0.139956	-0.801616
33	19	0.846154	0.487179	-0.0706692	-0.155759	-0.749212
33	20	0.846154	0.512821	-0.0745401	-0.171563	-0.762025
33	21	0.846154	0.538462	-0.0786433	-0.189288	-0.726876
33	22	0.846154	0.564103	-0.0823937	-0.205488	-0.696866
33	23	0.846154	0.589744	-0.0856078	-0.223976	-0.701374
33	24	0.846154	0.615385	-0.0887168	-0.240325	-0.616381
33	25	0.846154	0.641026	-0.0901203	-0.257501	-0.652592
33	26	0.846154	0.666667	-0.0912097	-0.27313	-0.535727
33	27	0.846154	0.692308	-0.0894129	-0.286185	-0.560352
33	28	0.846154	0.717949	-0.0856924	-0.298664	-0.463443
33	29	0.846154	0.74359	-0.0779325	-0.30413	-0.417448
33	30	0.846154	0.769231	-0.0642855	-0.308613	-0.392101
33	31	0.846154	0.794872	-0.0444951	-0.302221	-0.239756
33	32	0.846154	0.820513	-0.0116196	-0.291425	-0.299701
33	33	0.846154	0.846154	0.0328595	-0.26826	-0.0681426
33	34	0.846154	0.871795	0.101687	-0.235031	-0.171754
33	35	0.846154	0.897436	0.194006	-0.19236	0.0400457
33	36	0.846154	0.923077	0.325708	-0.138351	-0.047916
33	37	0.846154	0.948718	0.498554	-0.0859111	0.0254938
33	38	0.846154	0.974359	0.722739	-0.0405408	-0.0797087
33	39	0.846154	1	1	0	0
34	0	0.871795	0	0	0	-0.893797
34	1	0.871795	0.025641	-0.00349642	-0.000528138	-0.893797
34	2	0.871795	0.0512821	-0.0070887	-0.00137958	-0.895458
34	3	0.871795	0.0769231	-0.0104484	-0.00320592	-0.901024
34	4	0.871795	0.102564	-0.0136477	-0.00570128	-0.898387
34	5	0.871795	0.128205	-0.0164803	-0.00917662	-0.907367
34	6	0.871795	0.153846	-0.0192643	-0.0135227	-0.902464
34	7	0.871795	0.179487	-0.0217666	-0.0184972	-0.908326
34	8	0.871795	0.205128	-0.0242573	-0.0246539	-0.908442
34	9	0.871795	0.230769	-0.0267117	-0.031114	-0.903028
34	10	0.871795	0.25641	-0.0290324	-0.0388442	-0.912713
34	11	0.871795	0.282051	-0.0316334	-0.0470115	-0.895535
34	12	0.871795	0.307692	-0.0339681	-0.0560494	-0.908442
34	13	0.871795	0.333333	-0.0367382	-0.0661556	-0.890531
34	14	0.871795	0.358974	-0.039346	-0.0764687	-0.891262
34	15	0.871795	0.384615	-0.0421807	-0.0884815	-0.887046
34	16	0.871795	0.410256	-0.0452755	-0.100382	-0.863789
34	17	0.871795	0.435897	-0.0481068	-0.113968	-0.876583
34	18	0.871795	0.461538	-0.0516691	-0.127901	-0.833648
34	19	0.871795	0.487179	-0.0545993	-0.142658	-0.848155
34	20	0.871795	0.512821	-0.0582897	-0.158783	-0.805999
34	21	0.871795	0.538462	-0.0615251	-0.174496	-0.795969
34	22	0.871795	0.564103	-0.0647977	-0.192341	-0.776808
34	23	0.871795	0.589744	-0.0683461	-0.208953	-0.723172
34	24	0.871795	0.615385	-0.0706577	-0.227316	-0.732144
34	25	0.871795	0.641026	-0.073913	-0.244518	-0.638779
34	26	0.871795	0.666667	-0.0747504	-0.261521	-0.653847
34	27	0.871795	0.692308	-0.0760919	-0.278012	-0.5498
34	28	0.871795	0.717949	-0.0744677	-0.29106	-0.528484
34	29	0.871795	0.74359	-0.0707503	-0.303604	-0.452938
34	30	0.871795	0.769231	-0.0637518	-0.308964	-0.355987
34	31	0.871795	0.794872	-0.0490532	-0.31146	-0.331676
34	32	0.871795	0.820513	-0.0287668	-0.303373	-0.154627
34	33	0.871795	0.846154	0.00892318	-0.286721	-0.167527
34	34	0.871795	0.871795	0.0610766	-0.257235	0.0384722
34	35	0.871795	0.897436	0.146569	-0.212869	0.0245494
34	36	0.871795	0.923077	0.267205	-0.157782	0.162139
34	37	0.871795	0.948718	0.44439	-0.0926579	0.137541
34	38	0.871795	0.974359	0.683902	-0.0357369	0.101651
34	39	0.871795	1	1	0	0
35	0	0.897436	0	0	0	-0.959018
35	1	0.897436	0.025641	-0.00307527	-0.000163415	-0.959018
35	2	0.897436	0.0512821	-0.00598159	-0.000738818	-0.962039
35	3	0.897436	0.0769231	-0.00863376	-0.00192434	-0.962686
35	4	0.897436	0.102564	-0.0108693	-0.00403531	-0.969194
35	5	0.897436	0.128205	-0.0130305	-0.00687287	-0.967143
35	6	0.897436	0.153846	-0.0148343	-0.010477	-0.974152
35	7	0.897436	0.179487	-0.0166716	-0.0149829	-0.972708
35	8	0.897436	0.205128	-0.0183649	-0.0199358	-0.973824
35	9	0.897436	0.230769	-0.0199653	-0.025949	-0.977935
35	10	0.897436	0.25641	-0.0217738	-0.0323134	-0.969293
35	11	0.897436	0.282051	-0.0232666	-0.0396148	-0.978281
35	12	0.897436	0.307692	-0.0252327	-0.0475859	-0.964009
35	13	0.897436	0.333333	-0.0268652	-0.0560737	-0.969008
35	14	0.897436	0.358974	-0.0288699	-0.0657582	-0.959168
35	15	0.897436	0.384615	-0.030918	-0.0755931	-0.949306
35	16	0.897436	0.410256	-0.0328479	-0.0868914	-0.950529
35	17	0.897436	0.435897	-0.0354173	-0.0984391	-0.922907
35	18	0.897436	0.461538	-0.0373499	-0.111144	-0.930073
35	19	0.897436	0.487179	-0.0402461	-0.124717	-0.893912
35	20	0.897436	0.512821	-0.0424698	-0.138711	-0.891056
35	21	0.897436	0.538462	-0.0452745	-0.15429	-0.861406
35	22	0.897436	0.564103	-0.0480731	-0.169612	-0.831745
35	23	0.897436	0.589744	-0.0503861	-0.186717	-0.817244
35	24	0.897436	0.615385	-0.0536958	-0.203372	-0.754743
35	25	0.897436	0.641026	-0.055329	-0.221054	-0.748189
35	26	0.897436	0.666667	-0.0584347	-0.238574	-0.662524
35	27	0.897436	0.692308	-0.05928	-0.25536	-0.640547
35	28	0.897436	0.717949	-0.0605771	-0.272124	-0.551703
35	29	0.897436	0.74359	-0.0598351	-0.285644	-0.48513
35	30	0.897436	0.769231	-0.0562833	-0.297897	-0.409019
35	31	0.897436	0.794872	-0.0504898	-0.303811	-0.280955
35	32	0.897436	0.820513	-0.0355472	-0.304323	-0.214309
35	33	0.897436	0.846154	-0.0139781	-0.29438	-0.0376548
35	34	0.897436	0.871795	0.0287825	-0.271422	0.0395604
35	35	0.897436	0.897436	0.0942644	-0.232795	0.214135
35	36	0.897436	0.923077	0.205575	-0.174562	0.29571
35	37	0.897436	0.948718	0.376636	-0.103096	0.368874
35	38	0.897436	0.974359	0.633555	-0.0258196	0.363344
35	39	0.897436	1	1	0	0
36	0	0.923077	0	0	0	-1.02354
36	1	0.923077	0.025641	-0.00298652	0.000171842	-1.02354
36	2	0.923077	0.0512821	-0.00539712	8.65047e-05	-1.02562
36	3	0.923077	0.0769231	-0.0072397	-0.000733222	-1.02997
36	4	0.923077	0.102564	-0.00884226	-0.00221092	-1.0315
36	5	0.923077	0.128205	-0.0100701	-0.00445535	-1.03754
36	6	0.923077	0.153846	-0.0113256	-0.00738053	-1.03781
36	7	0.923077	0.179487	-0.0123586	-0.0108473	-1.04195
36	8	0.923077	0.205128	-0.0133961	-0.0150774	-1.04354
36	9	0.923077	0.230769	-0.0144841	-0.0196788	-1.04204
36	10	0.923077	0.25641	-0.015362	-0.0250556	-1.04643
36	11	0.923077	0.282051	-0.0165933	-0.0308733	-1.03909
36	12	0.923077	0.307692	-0.017469	-0.0372951	-1.04311
36	13	0.923077	0.333333	-0.0187623	-0.0444514	-1.03435
36	14	0.923077	0.358974	-0.0198803	-0.0519717	-1.03147
36	15	0.923077	0.384615	-0.0210989	-0.0605082	-1.02635
36	16	0.923077	0.410256	-0.0226347	-0.0693551	-1.01204
36	17	0.923077	0.435897	-0.0237683	-0.0792354	-1.01058
36	18	0.923077	0.461538	-0.0256752	-0.0896954	-0.986512
36	19	0.923077	0.487179	-0.0269277	-0.100909	-0.98174
36	20	0.923077	0.512821	-0.0289419	-0.113158	-0.954497
36	21	0.923077	0.538462	-0.0306261	-0.125799	-0.936262
36	22	0.923077	0.564103	-0.0324443	-0.139795	-0.911435
36	23	0.923077	0.589744	-0.0347429	-0.154005	-0.872516
36	24	0.923077	0.615385	-0.0362391	-0.169468	-0.848815
36	25	0.923077	0.641026	-0.0389836	-0.185237	-0.788592
36	26	0.923077	0.666667	-0.0402752	-0.201627	-0.75577
36	27	0.923077	0.692308	-0.0428348	-0.218456	-0.678968
36	28	0.923077	0.717949	-0.0440177	-0.234768	-0.620554
36	29	0.923077	0.74359	-0.045185	-0.251084	-0.531175
36	30	0.923077	0.769231	-0.0454553	-0.265175	-0.431133
36	31	0.923077	0.794872	-0.0426974	-0.277189	-0.324139
36	32	0.923077	0.820513	-0.0379706	-0.283974	-0.174925
36	33	0.923077	0.846154	-0.0239518	-0.283346	-0.0336156
36	34	0.923077	0.871795	0.000123274	-0.271148	0.156869
36	35	0.923077	0.897436	0.0497911	-0.241449	0.34002
36	36	0.923077	0.923077	0.138157	-0.189352	0.531422
36	37	0.923077	0.948718	0.297789	-0.11251	0.669541
36	38	0.923077	0.974359	0.565546	-0.0114351	0.772349
36	39	0.923077	1	1	0	0
37	0	0.948718	0	0	0	-1.08495
37	1	0.948718	0.025641	-0.0031935	0.000516797	-1.08495
37	2	0.948718	0.0512821	-0.00509544	0.000756648	-1.08846
37	3	0.948718	0.0769231	-0.00633036	0.000380432	-1.09251
37	4	0.948718	0.102564	-0.00713929	-0.000648989	-1.09784
37	5	0.948718	0.128205	-0.00788025	-0.00221365	-1.10113
37	6	0.948718	0.153846	-0.00841353	-0.00427632	-1.10598
37	7	0.948718	0.179487	-0.00899553	-0.00683281	-1.10837
37	8	0.948718	0.205128	-0.00951695	-0.00974978	-1.11074
37	9	0.948718	0.230769	-0.00997527	-0.0131718	-1.11308
37	10	0.948718	0.25641	-0.0105922	-0.0169188	-1.11181
37	11	0.948718	0.282051	-0.0109831	-0.0211375	-1.11362
37	12	0.948718	0.307692	-0.0116755	-0.0257765	-1.10942
37	13	0.948718	0.333333	-0.0121431	-0.0308027	-1.10834
37	14	0.948718	0.358974	-0.012809	-0.0364062	-1.10303
37	15	0.948718	0.384615	-0.0135081	-0.0423528	-1.09631
37	16	0.948718	0.410256	-0.014086	-0.0489737	-1.09053
37	17	0.948718	0.435897	-0.0150585	-0.0560238	-1.07716
37	18	0.948718	0.461538	-0.0156269	-0.0637253	-1.06878
37	19	0.948718	0.487179	-0.0167588	-0.0720605	-1.04976
37	20	0.948718	0.512821	-0.0175159	-0.0809582	-1.03452
37	21	0.948718	0.538462	-0.0186235	-0.0907018	-1.01102
37	22	0.948718	0.564103	-0.0197595	-0.100961	-0.984516
37	23	0.948718	0.589744	-0.0207367	-0.112166	-0.955453
37	24	0.948718	0.615385	-0.0222983	-0.123942	-0.914492
37	25	0.948718	0.641026	-0.0232147	-0.13659	-0.875256
37	26	0.948718	0.666667	-0.0250477	-0.149919	-0.817338
37	27	0.948718	0.692308	-0.0261134	-0.163869	-0.759813
37	28	0.948718	0.717949	-0.0278847	-0.178475	-0.68079
37	29	0.948718	0.74359	-0.0292018	-0.193224	-0.593935
37	30	0.948718	0.769231	-0.0303153	-0.208052	-0.484225
37	31	0.948718	0.794872	-0.0311285	-0.221929	-0.354298
37	32	0.948718	0.820513	-0.0297247	-0.233792	-0.194977
37	33	0.948718	0.846154	-0.0257809	-0.241477	-0.00486098
37	34	0.948718	0.871795	-0.0134431	-0.241082	0.229894
37	35	0.948718	0.897436	0.0140507	-0.226909	0.494645
37	36	0.948718	0.923077	0.0756567	-0.189161	0.805398
37	37	0.948718	0.948718	0.206229	-0.118726	1.07341
37	38	0.948718	0.974359	0.471604	0.00889503	1.4131
37	39	0.948718	1	1	0	0
38	0	0.974359	0	0	0	-1.1491
38	1	0.974359	0.025641	-0.00433063	0.000661526	-1.1491
38	2	0.974359	0.0512821	-0.00591955	0.00108228	-1.15728
38	3	0.974359	0.0769231	-0.00661161	0.00089624	-1.16464
38	4	0.974359	0.102564	-0.00702543	0.000334367	-1.17124
38	5	0.974359	0.128205	-0.00727662	-0.000537401	-1.17715
38	6	0.974359	0.153846	-0.00753633	-0.0016688	-1.18202
38	7	0.974359	0.179487	-0.00772846	-0.00303007	-1.18627
38	8	0.974359	0.205128	-0.00793051	-0.00462858	-1.18952
38	9	0.974359	0.230769	-0.00815376	-0.00642632	-1.19183
38	10	0.974359	0.25641	-0.00830734	-0.00845813	-1.19338
38	11	0.974359	0.282051	-0.00857875	-0.0106987	-1.19349
38	12	0.974359	0.307692	-0.00873009	-0.0131686	-1.19292
38	13	0.974359	0.333333	-0.00901221	-0.0158888	-1.19064
38	14	0.974359	0.358974	-0.00923671	-0.0188409	-1.18724
38	15	0.974359	0.384615	-0.00948441	-0.0220923	-1.18222
38	16	0.974359	0.410256	-0.00982943	-0.0256059	-1.1752
38	17	0.974359	0.435897	-0.0100481	-0.0294544	-1.16658
38	18	0.974359	0.461538	-0.0104935	-0.0336286	-1.15507
38	19	0.974359	0.487179	-0.0107524	-0.0381622	-1.14143
38	20	0.974359	0.512821	-0.0112305	-0.0431014	-1.12417
38	21	0.974359	0.538462	-0.0116189	-0.0484334	-1.10364
38	22	0.974359	0.564103	-0.0120758	-0.0542448	-1.07856
38	23	0.974359	0.589744	-0.0126465	-0.0605068	-1.04859
38	24	0.974359	0.615385	-0.0130915	-0.0673074	-1.01248
38	25	0.974359	0.641026	-0.0138372	-0.074639	-0.969271
38	26	0.974359	0.666667	-0.0143492	-0.0825607	-0.917282
38	27	0.974359	0.692308	-0.0152222	-0.0910975	-0.854629
38	28	0.974359	0.717949	-0.0159061	-0.100271	-0.779059
38	29	0.974359	0.74359	-0.0168423	-0.110099	-0.686256
38	30	0.974359	0.769231	-0.0176879	-0.120548	-0.573559
38	31	0.974359	0.794872	-0.0184612	-0.13147	-0.430996
38	32	0.974359	0.820513	-0.0187731	-0.142579	-0.254968
38	33	0.974359	0.846154	-0.0177611	-0.152994	-0.0247266
38	34	0.974359	0.871795	-0.013157	-0.161033	0.267107
38	35	0.974359	0.897436	7.2776e-05	-0.162732	0.655332
38	36	0.974359	0.923077	0.0354867	-0.149502	1.15225
38	37	0.974359	0.948718	0.125683	-0.106538	1.74496
38	38	0.974359	0.974359	0.358354	0.0307574	2.62991
38	39	0.974359	1	1	0	0
39	0	1	0	0	0	-1.1491
39	1	1	0.025641	0	0	-1.1491
39	2	1	0.0512821	0	0	-1.15728
39	3	1	0.0769231	0	0	-1.16464
39	4	1	0.102564	0	0	-1.17124
39	5	1	0.128205	0	0	-1.17715
39	6	1	0.153846	0	0	-1.18202
39	7	1	0.179487	0	0	-1.18627
39	8	1	0.205128	0	0	-1.18952
39	9	1	0.230769	0	0	-1.19183
39	10	1	0.25641	0	0	-1.19338
39	11	1	0.282051	0	0	-1.19349
39	12	1	0.307692	0	0	-1.19292
39	13	1	0.333333	0	0	-1.19064
39	14	1	0.358974	0	0	-1.18724
39	15	1	0.384615	0	0	-1.18222
39	16	1	0.410256	0	0	-1.1752
39	17	1	0.435897	0	0	-1.16658
39	18	1	0.461538	0	0	-1.15507
39	19	1	0.487179	0	0	-1.14143
39	20	1	0.512821	0	0	-1.12417
39	21	1	0.538462	0	0	-1.10364
39	22	1	0.564103	0	0	-1.07856
39	23	1	0.589744	0	0	-1.04859
39	24	1	0.615385	0	0	-1.01248
39	25	1	0.641026	0	0	-0.969271
39	26	1	0.666667	0	0	-0.917282
39	27	1	0.692308	0	0	-0.854629
39	28	1	0.717949	0	0	-0.779059
39	29	1	0.74359	0	0	-0.686256
39	30	1	0.769231	0	0	-0.573559
39	31	1	0.794872	0	0	-0.430996
39	32	1	0.820513	0	0	-0.254968
39	33	1	0.846154	0	0	-0.0247266
39	34	1	0.871795	0	0	0.267107
39	35	1	0.897436	0	0	0.655332
39	36	1	0.923077	0	0	1.15225
39	37	1	0.948718	0	0	1.74496
39	38	1	0.974359	0	0	2.62991
39	39	1	1	1	0	0
