# i		j		x		y		u		v		p
# nx		ny		
# 40		40
# =================================
0	0	0	0	0	0	1.11258
0	1	0	0.025641	0	0	1.11258
0	2	0	0.0512821	0	0	1.12115
0	3	0	0.0769231	0	0	1.12884
0	4	0	0.102564	0	0	1.13567
0	5	0	0.128205	0	0	1.14179
0	6	0	0.153846	0	0	1.14667
0	7	0	0.179487	0	0	1.15099
0	8	0	0.205128	0	0	1.15399
0	9	0	0.230769	0	0	1.15607
0	10	0	0.25641	0	0	1.1572
0	11	0	0.282051	0	0	1.15653
0	12	0	0.307692	0	0	1.1554
0	13	0	0.333333	0	0	1.15177
0	14	0	0.358974	0	0	1.14742
0	15	0	0.384615	0	0	1.14087
0	16	0	0.410256	0	0	1.13209
0	17	0	0.435897	0	0	1.12225
0	18	0	0.461538	0	0	1.10828
0	19	0	0.487179	0	0	1.09366
0	20	0	0.512821	0	0	1.07442
0	21	0	0.538462	0	0	1.05257
0	22	0	0.564103	0	0	1.02761
0	23	0	0.589744	0	0	0.996306
0	24	0	0.615385	0	0	0.96305
0	25	0	0.641026	0	0	0.920974
0	26	0	0.666667	0	0	0.873913
0	27	0	0.692308	0	0	0.81875
0	28	0	0.717949	0	0	0.750319
0	29	0	0.74359	0	0	0.673949
0	30	0	0.769231	0	0	0.574135
0	31	0	0.794872	0	0	0.456737
0	32	0	0.820513	0	0	0.305497
0	33	0	0.846154	0	0	0.108306
0	34	0	0.871795	0	0	-0.143605
0	35	0	0.897436	0	0	-0.491262
0	36	0	0.923077	0	0	-0.942549
0	37	0	0.948718	0	0	-1.50392
0	38	0	0.974359	0	0	-2.38377
0	39	0	1	1	0	0
1	0	0.025641	0	0	0	1.11258
1	1	0.025641	0.025641	-0.00440228	-0.000695469	1.11258
1	2	0.025641	0.0512821	-0.00603153	-0.00113663	1.12115
1	3	0.025641	0.0769231	-0.00674846	-0.000942896	1.12884
1	4	0.025641	0.102564	-0.00716864	-0.000363178	1.13567
1	5	0.025641	0.128205	-0.00742528	0.000533862	1.14179
1	6	0.025641	0.153846	-0.00769243	0.00168685	1.14667
1	7	0.025641	0.179487	-0.0078706	0.00307523	1.15099
1	8	0.025641	0.205128	-0.00809203	0.00469692	1.15399
1	9	0.025641	0.230769	-0.00829035	0.00651181	1.15607
1	10	0.025641	0.25641	-0.00844808	0.00856536	1.1572
1	11	0.025641	0.282051	-0.00871273	0.0108008	1.15653
1	12	0.025641	0.307692	-0.00881594	0.0132666	1.1554
1	13	0.025641	0.333333	-0.0091167	0.0159473	1.15177
1	14	0.025641	0.358974	-0.00925188	0.0188247	1.14742
1	15	0.025641	0.384615	-0.00948735	0.0219772	1.14087
1	16	0.025641	0.410256	-0.00976975	0.0253009	1.13209
1	17	0.025641	0.435897	-0.00986768	0.0289328	1.12225
1	18	0.025641	0.461538	-0.0103154	0.0327741	1.10828
1	19	0.025641	0.487179	-0.010357	0.0368882	1.09366
1	20	0.025641	0.512821	-0.0108189	0.0413231	1.07442
1	21	0.025641	0.538462	-0.0110325	0.0459654	1.05257
1	22	0.025641	0.564103	-0.0113057	0.0510384	1.02761
1	23	0.025641	0.589744	-0.0118677	0.0563372	0.996306
1	24	0.025641	0.615385	-0.0119555	0.0620786	0.96305
1	25	0.025641	0.641026	-0.0127734	0.0682257	0.920974
1	26	0.025641	0.666667	-0.013011	0.0747467	0.873913
1	27	0.025641	0.692308	-0.0137867	0.0819373	0.81875
1	28	0.025641	0.717949	-0.0145985	0.0895281	0.750319
1	29	0.025641	0.74359	-0.0152052	0.0979364	0.673949
1	30	0.025641	0.769231	-0.0166111	0.106996	0.574135
1	31	0.025641	0.794872	-0.0172378	0.116723	0.456737
1	32	0.025641	0.820513	-0.018299	0.127207	0.305497
1	33	0.025641	0.846154	-0.0180296	0.137445	0.108306
1	34	0.025641	0.871795	-0.0144761	0.146538	-0.143605
1	35	0.025641	0.897436	-0.00352662	0.150614	-0.491262
1	36	0.025641	0.923077	0.0292923	0.141832	-0.942549
1	37	0.025641	0.948718	0.114905	0.105928	-1.50392
1	38	0.025641	0.974359	0.344113	-0.0211889	-2.38377
1	39	0.025641	1	1	0	0
2	0	0.0512821	0	0	0	1.04868
2	1	0.0512821	0.025641	-0.00333772	-0.000558178	1.04868
2	2	0.0512821	0.0512821	-0.00532886	-0.000826021	1.0525
2	3	0.0512821	0.0769231	-0.00659434	-0.000437833	1.05694
2	4	0.0512821	0.102564	-0.00743889	0.000616067	1.06236
2	5	0.0512821	0.128205	-0.00817477	0.00219814	1.06584
2	6	0.0512821	0.153846	-0.0087084	0.00430145	1.071
2	7	0.0512821	0.179487	-0.00930834	0.00686454	1.07282
2	8	0.0512821	0.205128	-0.00978286	0.00980408	1.07587
2	9	0.0512821	0.230769	-0.0102774	0.0132385	1.07716
2	10	0.0512821	0.25641	-0.0108297	0.0169483	1.07592
2	11	0.0512821	0.282051	-0.0111994	0.0211697	1.07746
2	12	0.0512821	0.307692	-0.0118668	0.0256978	1.07139
2	13	0.0512821	0.333333	-0.0121919	0.0306282	1.07122
2	14	0.0512821	0.358974	-0.0128587	0.0360555	1.06284
2	15	0.0512821	0.384615	-0.0133434	0.0416899	1.05627
2	16	0.0512821	0.410256	-0.0138168	0.0480222	1.04913
2	17	0.0512821	0.435897	-0.0146349	0.0544922	1.03245
2	18	0.0512821	0.461538	-0.014868	0.0616274	1.02619
2	19	0.0512821	0.487179	-0.0159396	0.0691472	1.00135
2	20	0.0512821	0.512821	-0.0162053	0.0769964	0.988738
2	21	0.0512821	0.538462	-0.0171656	0.0856827	0.962783
2	22	0.0512821	0.564103	-0.0179258	0.0943597	0.934025
2	23	0.0512821	0.589744	-0.0184492	0.104098	0.910981
2	24	0.0512821	0.615385	-0.0199315	0.113949	0.86316
2	25	0.0512821	0.641026	-0.0201842	0.124515	0.835051
2	26	0.0512821	0.666667	-0.0220727	0.135845	0.775976
2	27	0.0512821	0.692308	-0.0227669	0.147216	0.724546
2	28	0.0512821	0.717949	-0.0244399	0.159881	0.662
2	29	0.0512821	0.74359	-0.026175	0.172257	0.572834
2	30	0.0512821	0.769231	-0.0272269	0.185372	0.496118
2	31	0.0512821	0.794872	-0.0293033	0.198198	0.368851
2	32	0.0512821	0.820513	-0.0288391	0.209443	0.24367
2	33	0.0512821	0.846154	-0.02694	0.218609	0.0797893
2	34	0.0512821	0.871795	-0.017789	0.220707	-0.130822
2	35	0.0512821	0.897436	0.00618584	0.211866	-0.34812
2	36	0.0512821	0.923077	0.0621151	0.181771	-0.641851
2	37	0.0512821	0.948718	0.188648	0.120259	-0.879109
2	38	0.0512821	0.974359	0.455343	0.00114568	-1.22593
2	39	0.0512821	1	1	0	0
3	0	0.0769231	0	0	0	0.987621
3	1	0.0769231	0.025641	-0.0032066	-0.00022172	0.987621
3	2	0.0769231	0.0512821	-0.00573298	-0.00015174	0.990223
3	3	0.0769231	0.0769231	-0.00766511	0.000663146	0.994347
3	4	0.0769231	0.102564	-0.00926146	0.00215648	0.996749
3	5	0.0769231	0.128205	-0.0105288	0.00443684	1.00249
3	6	0.0769231	0.153846	-0.0117653	0.00733709	1.00272
3	7	0.0769231	0.179487	-0.0127711	0.010846	1.00789
3	8	0.0769231	0.205128	-0.0138387	0.0150331	1.00754
3	9	0.0769231	0.230769	-0.0148157	0.0195989	1.00803
3	10	0.0769231	0.25641	-0.0157257	0.0249557	1.01034
3	11	0.0769231	0.282051	-0.0168216	0.0305937	1.00288
3	12	0.0769231	0.307692	-0.0175979	0.0369537	1.00783
3	13	0.0769231	0.333333	-0.0188071	0.0438131	0.994756
3	14	0.0769231	0.358974	-0.0196163	0.0510356	0.995456
3	15	0.0769231	0.384615	-0.0207498	0.0592106	0.985173
3	16	0.0769231	0.410256	-0.0218653	0.0673536	0.971343
3	17	0.0769231	0.435897	-0.0227083	0.0767	0.970607
3	18	0.0769231	0.461538	-0.0242751	0.0860796	0.939054
3	19	0.0769231	0.487179	-0.0248782	0.0962665	0.942145
3	20	0.0769231	0.512821	-0.0266686	0.10722	0.904278
3	21	0.0769231	0.538462	-0.0274898	0.118067	0.891788
3	22	0.0769231	0.564103	-0.028969	0.130545	0.866166
3	23	0.0769231	0.589744	-0.0305988	0.142324	0.820414
3	24	0.0769231	0.615385	-0.0314067	0.155732	0.811759
3	25	0.0769231	0.641026	-0.0339833	0.168974	0.737069
3	26	0.0769231	0.666667	-0.0344391	0.182551	0.722373
3	27	0.0769231	0.692308	-0.0372802	0.197244	0.645302
3	28	0.0769231	0.717949	-0.0381994	0.210551	0.588398
3	29	0.0769231	0.74359	-0.0400015	0.225266	0.528141
3	30	0.0769231	0.769231	-0.0413567	0.23766	0.414726
3	31	0.0769231	0.794872	-0.0401354	0.24898	0.351309
3	32	0.0769231	0.820513	-0.0382681	0.257081	0.204308
3	33	0.0769231	0.846154	-0.028047	0.258249	0.0891501
3	34	0.0769231	0.871795	-0.00889233	0.251359	-0.0599552
3	35	0.0769231	0.897436	0.0339199	0.228097	-0.242336
3	36	0.0769231	0.923077	0.116325	0.184418	-0.377439
3	37	0.0769231	0.948718	0.271697	0.116245	-0.523347
3	38	0.0769231	0.974359	0.545509	0.0206571	-0.611517
3	39	0.0769231	1	1	0	0
4	0	0.102564	0	0	0	0.923703
4	1	0.102564	0.025641	-0.00335895	0.000125899	0.923703
4	2	0.102564	0.0512821	-0.0064474	0.000643378	0.926575
4	3	0.102564	0.0769231	-0.00914792	0.00185083	0.928598
4	4	0.102564	0.102564	-0.0114661	0.00395847	0.933728
4	5	0.102564	0.128205	-0.0135739	0.00676569	0.933276
4	6	0.102564	0.153846	-0.0154002	0.0104178	0.939963
4	7	0.102564	0.179487	-0.0172068	0.0148108	0.937335
4	8	0.102564	0.205128	-0.0188088	0.0197781	0.9414
4	9	0.102564	0.230769	-0.02044	0.0256814	0.941162
4	10	0.102564	0.25641	-0.0220321	0.031877	0.936267
4	11	0.102564	0.282051	-0.0235098	0.0391165	0.942537
4	12	0.102564	0.307692	-0.0252283	0.0466843	0.926796
4	13	0.102564	0.333333	-0.0266092	0.0549931	0.935552
4	14	0.102564	0.358974	-0.0284238	0.0641571	0.917479
4	15	0.102564	0.384615	-0.0299023	0.0733842	0.914528
4	16	0.102564	0.410256	-0.0316045	0.084134	0.908941
4	17	0.102564	0.435897	-0.0334494	0.094491	0.880458
4	18	0.102564	0.461538	-0.0348368	0.106399	0.892753
4	19	0.102564	0.487179	-0.0371359	0.118399	0.842522
4	20	0.102564	0.512821	-0.0383141	0.130871	0.854704
4	21	0.102564	0.538462	-0.0407326	0.144809	0.80933
4	22	0.102564	0.564103	-0.0422266	0.157652	0.787202
4	23	0.102564	0.589744	-0.044108	0.173	0.775284
4	24	0.102564	0.615385	-0.0464961	0.186682	0.699356
4	25	0.102564	0.641026	-0.0473868	0.202066	0.717231
4	26	0.102564	0.666667	-0.0505578	0.217045	0.609815
4	27	0.102564	0.692308	-0.0506539	0.23096	0.610953
4	28	0.102564	0.717949	-0.0532086	0.246247	0.522901
4	29	0.102564	0.74359	-0.0527739	0.257517	0.454746
4	30	0.102564	0.769231	-0.0517618	0.269494	0.412517
4	31	0.102564	0.794872	-0.048632	0.275898	0.271705
4	32	0.102564	0.820513	-0.0381652	0.277904	0.240886
4	33	0.102564	0.846154	-0.0223296	0.272628	0.0827305
4	34	0.102564	0.871795	0.0131766	0.254482	0.00683005
4	35	0.102564	0.897436	0.0710257	0.223632	-0.106852
4	36	0.102564	0.923077	0.175328	0.17315	-0.211729
4	37	0.102564	0.948718	0.34523	0.107391	-0.23675
4	38	0.102564	0.974359	0.611268	0.0346021	-0.245289
4	39	0.102564	1	1	0	0
5	0	0.128205	0	0	0	0.858954
5	1	0.128205	0.025641	-0.00384916	0.000457082	0.858954
5	2	0.128205	0.0512821	-0.00762542	0.00131199	0.861686
5	3	0.128205	0.0769231	-0.0111205	0.00307344	0.865516
5	4	0.128205	0.102564	-0.0142883	0.00557048	0.865972
5	5	0.128205	0.128205	-0.0171814	0.00905025	0.872252
5	6	0.128205	0.153846	-0.0198697	0.0132617	0.869047
5	7	0.128205	0.179487	-0.0223443	0.0182931	0.875875
5	8	0.128205	0.205128	-0.0247879	0.0242232	0.872051
5	9	0.128205	0.230769	-0.0270447	0.0306177	0.872849
5	10	0.128205	0.25641	-0.029364	0.0381815	0.875136
5	11	0.128205	0.282051	-0.031601	0.0459662	0.863032
5	12	0.128205	0.307692	-0.0338075	0.0549011	0.873946
5	13	0.128205	0.333333	-0.0361792	0.0643328	0.851182
5	14	0.128205	0.358974	-0.03829	0.0742998	0.860452
5	15	0.128205	0.384615	-0.0407937	0.085586	0.842677
5	16	0.128205	0.410256	-0.0429575	0.0964955	0.829829
5	17	0.128205	0.435897	-0.0453789	0.1094	0.835093
5	18	0.128205	0.461538	-0.0478469	0.121645	0.787847
5	19	0.128205	0.487179	-0.0499214	0.135398	0.814186
5	20	0.128205	0.512821	-0.0527801	0.149578	0.748972
5	21	0.128205	0.538462	-0.0545238	0.16337	0.762479
5	22	0.128205	0.564103	-0.0573791	0.179483	0.721625
5	23	0.128205	0.589744	-0.0592396	0.193174	0.676876
5	24	0.128205	0.615385	-0.0612396	0.209934	0.692073
5	25	0.128205	0.641026	-0.0636498	0.22408	0.577471
5	26	0.128205	0.666667	-0.0639796	0.23915	0.627126
5	27	0.128205	0.692308	-0.0663224	0.253732	0.491278
5	28	0.128205	0.717949	-0.0645295	0.26476	0.501989
5	29	0.128205	0.74359	-0.0640356	0.277242	0.419903
5	30	0.128205	0.769231	-0.0588246	0.282167	0.329389
5	31	0.128205	0.794872	-0.0495318	0.286452	0.327945
5	32	0.128205	0.820513	-0.0346764	0.281575	0.154261
5	33	0.128205	0.846154	-0.00460321	0.268799	0.180408
5	34	0.128205	0.871795	0.0388541	0.24605	0.0155562
5	35	0.128205	0.897436	0.116197	0.207677	0.00645883
5	36	0.128205	0.923077	0.230946	0.158727	-0.0646163
5	37	0.128205	0.948718	0.409113	0.0981997	-0.0716934
5	38	0.128205	0.974359	0.660745	0.0424833	-0.0050341
5	39	0.128205	1	1	0	0
6	0	0.153846	0	0	0	0.793968
6	1	0.153846	0.025641	-0.00461606	0.000705294	0.793968
6	2	0.153846	0.0512821	-0.00921964	0.00192938	0.797613
6	3	0.153846	0.0769231	-0.0135409	0.00401969	0.799748
6	4	0.153846	0.102564	-0.0176255	0.00709365	0.804209
6	5	0.153846	0.128205	-0.0213368	0.0109178	0.802986
6	6	0.153846	0.153846	-0.0248876	0.0157309	0.809588
6	7	0.153846	0.179487	-0.0282045	0.0213218	0.804687
6	8	0.153846	0.205128	-0.0313519	0.0276637	0.810196
6	9	0.153846	0.230769	-0.0345281	0.0350396	0.806684
6	10	0.153846	0.25641	-0.0374281	0.0427802	0.803119
6	11	0.153846	0.282051	-0.040564	0.0518185	0.808246
6	12	0.153846	0.307692	-0.0434391	0.0610815	0.789953
6	13	0.153846	0.333333	-0.046458	0.0714405	0.803136
6	14	0.153846	0.358974	-0.0495369	0.0825302	0.777146
6	15	0.153846	0.384615	-0.0523376	0.0938401	0.782494
6	16	0.153846	0.410256	-0.0556537	0.106857	0.76949
6	17	0.153846	0.435897	-0.0583287	0.119108	0.743736
6	18	0.153846	0.461538	-0.0615717	0.133533	0.760722
6	19	0.153846	0.487179	-0.0644219	0.147229	0.697424
6	20	0.153846	0.512821	-0.0670999	0.161969	0.731957
6	21	0.153846	0.538462	-0.0702735	0.177615	0.661318
6	22	0.153846	0.564103	-0.0721588	0.191697	0.665393
6	23	0.153846	0.589744	-0.0751408	0.208768	0.640882
6	24	0.153846	0.615385	-0.0764973	0.222081	0.565163
6	25	0.153846	0.641026	-0.0779922	0.238369	0.613281
6	26	0.153846	0.666667	-0.0789557	0.251347	0.462557
6	27	0.153846	0.692308	-0.0773494	0.263522	0.537962
6	28	0.153846	0.717949	-0.0764014	0.275324	0.390289
6	29	0.153846	0.74359	-0.0698969	0.280285	0.395051
6	30	0.153846	0.769231	-0.0621062	0.286652	0.344336
6	31	0.153846	0.794872	-0.0467189	0.281833	0.216629
6	32	0.153846	0.820513	-0.0220073	0.274896	0.280358
6	33	0.153846	0.846154	0.0138865	0.25655	0.0702556
6	34	0.153846	0.871795	0.0740286	0.228188	0.169379
6	35	0.153846	0.897436	0.157418	0.191288	0.00662086
6	36	0.153846	0.923077	0.285752	0.141346	0.0676864
6	37	0.153846	0.948718	0.461219	0.0905382	0.041407
6	38	0.153846	0.974359	0.69956	0.0463724	0.133488
6	39	0.153846	1	1	0	0
7	0	0.179487	0	0	0	0.729264
7	1	0.179487	0.025641	-0.00561298	0.000904709	0.729264
7	2	0.179487	0.0512821	-0.0111192	0.00236685	0.733354
7	3	0.179487	0.0769231	-0.0164215	0.00485017	0.736328
7	4	0.179487	0.102564	-0.0212922	0.00818415	0.738292
7	5	0.179487	0.128205	-0.0260234	0.0125248	0.74219
7	6	0.179487	0.153846	-0.0303096	0.0175942	0.740066
7	7	0.179487	0.179487	-0.0345271	0.0236412	0.745939
7	8	0.179487	0.205128	-0.0385438	0.0304707	0.740013
7	9	0.179487	0.230769	-0.042329	0.0380087	0.743976
7	10	0.179487	0.25641	-0.0463371	0.0466319	0.740289
7	11	0.179487	0.282051	-0.0498456	0.055567	0.733757
7	12	0.179487	0.307692	-0.0538526	0.0658306	0.73958
7	13	0.179487	0.333333	-0.0573891	0.0763336	0.717937
7	14	0.179487	0.358974	-0.0611505	0.0878316	0.730548
7	15	0.179487	0.384615	-0.0650275	0.100199	0.703844
7	16	0.179487	0.410256	-0.0683102	0.112524	0.704142
7	17	0.179487	0.435897	-0.0725062	0.126718	0.695457
7	18	0.179487	0.461538	-0.0754143	0.139881	0.659806
7	19	0.179487	0.487179	-0.0793536	0.155105	0.683554
7	20	0.179487	0.512821	-0.0823107	0.1696	0.611649
7	21	0.179487	0.538462	-0.0851161	0.18446	0.6464
7	22	0.179487	0.564103	-0.0882899	0.200549	0.57906
7	23	0.179487	0.589744	-0.0894034	0.213902	0.567702
7	24	0.179487	0.615385	-0.0919389	0.230418	0.563637
7	25	0.179487	0.641026	-0.0913699	0.242084	0.459529
7	26	0.179487	0.666667	-0.0911531	0.255874	0.534532
7	27	0.179487	0.692308	-0.0885352	0.265988	0.363041
7	28	0.179487	0.717949	-0.0826396	0.272882	0.447522
7	29	0.179487	0.74359	-0.07511	0.27966	0.313477
7	30	0.179487	0.769231	-0.0596994	0.27626	0.292833
7	31	0.179487	0.794872	-0.0395775	0.274108	0.298188
7	32	0.179487	0.820513	-0.00726382	0.258373	0.124931
7	33	0.179487	0.846154	0.0398032	0.239371	0.26387
7	34	0.179487	0.871795	0.105538	0.209774	0.0296205
7	35	0.179487	0.897436	0.202346	0.170331	0.189608
7	36	0.179487	0.923077	0.331051	0.128662	0.0534927
7	37	0.179487	0.948718	0.507312	0.0805524	0.149307
7	38	0.179487	0.974359	0.729421	0.0486001	0.213141
7	39	0.179487	1	1	0	0
8	0	0.205128	0	0	0	0.665346
8	1	0.205128	0.025641	-0.00676048	0.00105621	0.665346
8	2	0.205128	0.0512821	-0.0133292	0.00267917	0.669208
8	3	0.205128	0.0769231	-0.0194892	0.00540391	0.673391
8	4	0.205128	0.102564	-0.0254408	0.00905472	0.674711
8	5	0.205128	0.128205	-0.0308408	0.013534	0.677265
8	6	0.205128	0.153846	-0.0362045	0.0190253	0.679587
8	7	0.205128	0.179487	-0.0411123	0.0251538	0.676763
8	8	0.205128	0.205128	-0.0459513	0.0322973	0.682299
8	9	0.205128	0.230769	-0.0507408	0.0401415	0.674056
8	10	0.205128	0.25641	-0.0551154	0.0486947	0.678521
8	11	0.205128	0.282051	-0.0599866	0.0583263	0.672179
8	12	0.205128	0.307692	-0.0641045	0.0681878	0.665279
8	13	0.205128	0.333333	-0.0688988	0.0794269	0.66983
8	14	0.205128	0.358974	-0.0731557	0.0907871	0.645885
8	15	0.205128	0.384615	-0.0774461	0.10313	0.65857
8	16	0.205128	0.410256	-0.0821532	0.11628	0.628993
8	17	0.205128	0.435897	-0.0856364	0.129212	0.628365
8	18	0.205128	0.461538	-0.0905575	0.143991	0.618864
8	19	0.205128	0.487179	-0.0934202	0.157458	0.57964
8	20	0.205128	0.512821	-0.0975658	0.17279	0.604379
8	21	0.205128	0.538462	-0.100324	0.187204	0.529402
8	22	0.205128	0.564103	-0.102364	0.201364	0.561582
8	23	0.205128	0.589744	-0.105014	0.216685	0.498606
8	24	0.205128	0.615385	-0.104043	0.228307	0.475932
8	25	0.205128	0.641026	-0.105067	0.242708	0.485545
8	26	0.205128	0.666667	-0.100761	0.251475	0.367017
8	27	0.205128	0.692308	-0.0968283	0.260983	0.453281
8	28	0.205128	0.717949	-0.0880863	0.26667	0.283796
8	29	0.205128	0.74359	-0.0745084	0.266675	0.357978
8	30	0.205128	0.769231	-0.0567954	0.266746	0.260228
8	31	0.205128	0.794872	-0.0273229	0.254344	0.204269
8	32	0.205128	0.820513	0.00988925	0.242841	0.272382
8	33	0.205128	0.846154	0.0656922	0.21785	0.0677336
8	34	0.205128	0.871795	0.139922	0.189079	0.260301
8	35	0.205128	0.897436	0.240593	0.154034	0.0395236
8	36	0.205128	0.923077	0.374396	0.111816	0.216703
8	37	0.205128	0.948718	0.544016	0.0754053	0.134647
8	38	0.205128	0.974359	0.754209	0.0465328	0.271272
8	39	0.205128	1	1	0	0
9	0	0.230769	0	0	0	0.601942
9	1	0.230769	0.025641	-0.00802972	0.00111077	0.601942
9	2	0.230769	0.0512821	-0.0156428	0.0029193	0.607429
9	3	0.230769	0.0769231	-0.0228932	0.00571894	0.608355
9	4	0.230769	0.102564	-0.0295744	0.00953116	0.61432
9	5	0.230769	0.128205	-0.0361015	0.0142336	0.612682
9	6	0.230769	0.153846	-0.0420381	0.0196411	0.615996
9	7	0.230769	0.179487	-0.047978	0.0261328	0.61733
9	8	0.230769	0.205128	-0.0535548	0.0330673	0.612044
9	9	0.230769	0.230769	-0.0589646	0.0411098	0.619818
9	10	0.230769	0.25641	-0.0645374	0.0497263	0.606271
9	11	0.230769	0.282051	-0.0694932	0.0590068	0.614061
9	12	0.230769	0.307692	-0.075136	0.0694236	0.603273
9	13	0.230769	0.333333	-0.0799003	0.0798217	0.596363
9	14	0.230769	0.358974	-0.0852776	0.0917821	0.601397
9	15	0.230769	0.384615	-0.0902567	0.103541	0.571642
9	16	0.230769	0.410256	-0.0948153	0.116355	0.589712
9	17	0.230769	0.435897	-0.100174	0.1298	0.551441
9	18	0.230769	0.461538	-0.103602	0.142772	0.555929
9	19	0.230769	0.487179	-0.108762	0.157607	0.541143
9	20	0.230769	0.512821	-0.111298	0.170599	0.501416
9	21	0.230769	0.538462	-0.114812	0.185408	0.527332
9	22	0.230769	0.564103	-0.116891	0.198757	0.447076
9	23	0.230769	0.589744	-0.116996	0.211423	0.48307
9	24	0.230769	0.615385	-0.118167	0.224799	0.416346
9	25	0.230769	0.641026	-0.113602	0.233711	0.395299
9	26	0.230769	0.666667	-0.11137	0.244705	0.404999
9	27	0.230769	0.692308	-0.101364	0.249419	0.290412
9	28	0.230769	0.717949	-0.0908805	0.253519	0.372238
9	29	0.230769	0.74359	-0.0734046	0.253567	0.222362
9	30	0.230769	0.769231	-0.0480411	0.246318	0.278516
9	31	0.230769	0.794872	-0.0167824	0.238947	0.220237
9	32	0.230769	0.820513	0.0318064	0.218821	0.143953
9	33	0.230769	0.846154	0.0897248	0.19908	0.249435
9	34	0.230769	0.871795	0.173315	0.168737	0.0565491
9	35	0.230769	0.897436	0.276313	0.135143	0.250582
9	36	0.230769	0.923077	0.411058	0.101634	0.0943187
9	37	0.230769	0.948718	0.576117	0.0650836	0.23129
9	38	0.230769	0.974359	0.773884	0.0462746	0.26963
9	39	0.230769	1	1	0	0
10	0	0.25641	0	0	0	0.539987
10	1	0.25641	0.025641	-0.00933999	0.00119571	0.539987
10	2	0.25641	0.0512821	-0.0181033	0.00292492	0.543436
10	3	0.25641	0.0769231	-0.0262503	0.00591886	0.54991
10	4	0.25641	0.102564	-0.0340021	0.00967746	0.54717
10	5	0.25641	0.128205	-0.0411457	0.0143495	0.555224
10	6	0.25641	0.153846	-0.0481625	0.0199412	0.551088
10	7	0.25641	0.179487	-0.0546542	0.0260001	0.553355
10	8	0.25641	0.205128	-0.0611183	0.0332869	0.556453
10	9	0.25641	0.230769	-0.0673565	0.0407724	0.545403
10	10	0.25641	0.25641	-0.0733295	0.0494189	0.558536
10	11	0.25641	0.282051	-0.0795894	0.0585961	0.537707
10	12	0.25641	0.307692	-0.0851538	0.0682124	0.549098
10	13	0.25641	0.333333	-0.0913789	0.0791942	0.535998
10	14	0.25641	0.358974	-0.0967722	0.0896938	0.524896
10	15	0.25641	0.384615	-0.102504	0.102044	0.536482
10	16	0.25641	0.410256	-0.108013	0.113787	0.494469
10	17	0.25641	0.435897	-0.112623	0.126551	0.524059
10	18	0.25641	0.461538	-0.118162	0.139893	0.473223
10	19	0.25641	0.487179	-0.121291	0.152203	0.484321
10	20	0.25641	0.512821	-0.125921	0.166627	0.466644
10	21	0.25641	0.538462	-0.127696	0.178329	0.42145
10	22	0.25641	0.564103	-0.129559	0.191987	0.457174
10	23	0.25641	0.589744	-0.130092	0.203395	0.361978
10	24	0.25641	0.615385	-0.127025	0.213766	0.414157
10	25	0.25641	0.641026	-0.125169	0.2243	0.332211
10	26	0.25641	0.666667	-0.115497	0.229591	0.326279
10	27	0.25641	0.692308	-0.107589	0.236419	0.325868
10	28	0.25641	0.717949	-0.089957	0.236175	0.225711
10	29	0.25641	0.74359	-0.0695716	0.234658	0.300599
10	30	0.25641	0.769231	-0.0409015	0.228479	0.168521
10	31	0.25641	0.794872	0.000227341	0.214929	0.222967
10	32	0.25641	0.820513	0.0478642	0.200667	0.178216
10	33	0.25641	0.846154	0.119029	0.175519	0.123576
10	34	0.25641	0.871795	0.199752	0.150602	0.215421
10	35	0.25641	0.897436	0.311471	0.119542	0.0882111
10	36	0.25641	0.923077	0.441581	0.0875212	0.231061
10	37	0.25641	0.948718	0.603615	0.0603805	0.161862
10	38	0.25641	0.974359	0.790105	0.0414681	0.290336
10	39	0.25641	1	1	0	0
11	0	0.282051	0	0	0	0.478394
11	1	0.282051	0.025641	-0.0106662	0.00112965	0.478394
11	2	0.282051	0.0512821	-0.0205248	0.00300205	0.484421
11	3	0.282051	0.0769231	-0.0296932	0.00575278	0.483721
11	4	0.282051	0.102564	-0.0382211	0.00959252	0.492618
11	5	0.282051	0.128205	-0.0463352	0.0141357	0.486295
11	6	0.282051	0.153846	-0.0539213	0.0193702	0.494919
11	7	0.282051	0.179487	-0.0613661	0.0256395	0.490871
11	8	0.282051	0.205128	-0.0683893	0.0320798	0.488812
11	9	0.282051	0.230769	-0.0753729	0.0398679	0.496901
11	10	0.282051	0.25641	-0.0821745	0.0476927	0.477905
11	11	0.282051	0.282051	-0.0887381	0.0565574	0.496864
11	12	0.282051	0.307692	-0.0955117	0.0660972	0.470775
11	13	0.282051	0.333333	-0.101661	0.0756322	0.481534
11	14	0.282051	0.358974	-0.108274	0.0868867	0.472367
11	15	0.282051	0.384615	-0.114103	0.0971227	0.450382
11	16	0.282051	0.410256	-0.120016	0.109389	0.474719
11	17	0.282051	0.435897	-0.125608	0.120815	0.416825
11	18	0.282051	0.461538	-0.13007	0.132894	0.458567
11	19	0.282051	0.487179	-0.135096	0.1458	0.398911
11	20	0.282051	0.512821	-0.137539	0.156756	0.409755
11	21	0.282051	0.538462	-0.140768	0.170281	0.399541
11	22	0.282051	0.564103	-0.140991	0.180041	0.337869
11	23	0.282051	0.589744	-0.140205	0.191872	0.39552
11	24	0.282051	0.615385	-0.137808	0.200757	0.275635
11	25	0.282051	0.641026	-0.130397	0.20806	0.353153
11	26	0.282051	0.666667	-0.12343	0.215296	0.251416
11	27	0.282051	0.692308	-0.107189	0.216247	0.263597
11	28	0.282051	0.717949	-0.0908376	0.218815	0.257175
11	29	0.282051	0.74359	-0.0636901	0.21317	0.163582
11	30	0.282051	0.769231	-0.0302397	0.206715	0.250221
11	31	0.282051	0.794872	0.0119534	0.194651	0.11035
11	32	0.282051	0.820513	0.071571	0.176642	0.200601
11	33	0.282051	0.846154	0.137852	0.157522	0.125608
11	34	0.282051	0.871795	0.232217	0.130486	0.139473
11	35	0.282051	0.897436	0.336229	0.10483	0.172689
11	36	0.282051	0.923077	0.472187	0.0770735	0.139625
11	37	0.282051	0.948718	0.624911	0.0517981	0.209013
11	38	0.282051	0.974359	0.804082	0.0388581	0.257685
11	39	0.282051	1	1	0	0
12	0	0.307692	0	0	0	0.418481
12	1	0.307692	0.025641	-0.0119561	0.00114751	0.418481
12	2	0.307692	0.0512821	-0.0228841	0.00277546	0.421594
12	3	0.307692	0.0769231	-0.0329934	0.00562911	0.428317
12	4	0.307692	0.102564	-0.0423562	0.00909607	0.424161
12	5	0.307692	0.128205	-0.0511964	0.0134702	0.434269
12	6	0.307692	0.153846	-0.0595885	0.018571	0.42661
12	7	0.307692	0.179487	-0.0675774	0.0240828	0.432828
12	8	0.307692	0.205128	-0.0754453	0.0307388	0.431947
12	9	0.307692	0.230769	-0.0829022	0.0373414	0.423361
12	10	0.307692	0.25641	-0.0904375	0.0452572	0.437095
12	11	0.307692	0.282051	-0.0976451	0.0532326	0.411876
12	12	0.307692	0.307692	-0.10478	0.0619174	0.432753
12	13	0.307692	0.333333	-0.111905	0.0715583	0.407359
12	14	0.307692	0.358974	-0.118457	0.0806805	0.410984
12	15	0.307692	0.384615	-0.125327	0.0917823	0.411787
12	16	0.307692	0.410256	-0.131179	0.101517	0.375469
12	17	0.307692	0.435897	-0.13712	0.113127	0.412789
12	18	0.307692	0.461538	-0.14218	0.124002	0.343367
12	19	0.307692	0.487179	-0.146155	0.134797	0.38942
12	20	0.307692	0.512821	-0.149938	0.146891	0.332236
12	21	0.307692	0.538462	-0.150975	0.156004	0.330986
12	22	0.307692	0.564103	-0.152009	0.168055	0.340163
12	23	0.307692	0.589744	-0.149439	0.175524	0.253513
12	24	0.307692	0.615385	-0.145096	0.184851	0.338936
12	25	0.307692	0.641026	-0.13797	0.190992	0.194421
12	26	0.307692	0.666667	-0.125067	0.194628	0.293854
12	27	0.307692	0.692308	-0.110705	0.198566	0.182615
12	28	0.307692	0.717949	-0.0863526	0.194862	0.199216
12	29	0.307692	0.74359	-0.0590508	0.193635	0.208217
12	30	0.307692	0.769231	-0.0203714	0.182897	0.0959778
12	31	0.307692	0.794872	0.0282548	0.172703	0.226674
12	32	0.307692	0.820513	0.0862522	0.156272	0.0447779
12	33	0.307692	0.846154	0.164962	0.13585	0.205194
12	34	0.307692	0.871795	0.251442	0.115147	0.0705777
12	35	0.307692	0.897436	0.366609	0.0889656	0.167981
12	36	0.307692	0.923077	0.492525	0.0671943	0.140302
12	37	0.307692	0.948718	0.646094	0.04496	0.172953
12	38	0.307692	0.974359	0.814705	0.0340687	0.242553
12	39	0.307692	1	1	0	0
13	0	0.333333	0	0	0	0.358912
13	1	0.333333	0.025641	-0.0131631	0.00101565	0.358912
13	2	0.333333	0.0512821	-0.0251369	0.00267343	0.364024
13	3	0.333333	0.0769231	-0.0360425	0.00511301	0.363855
13	4	0.333333	0.102564	-0.0462777	0.00851108	0.371312
13	5	0.333333	0.128205	-0.055719	0.0124477	0.365468
13	6	0.333333	0.153846	-0.0648151	0.0170509	0.374269
13	7	0.333333	0.179487	-0.0734744	0.0224159	0.368035
13	8	0.333333	0.205128	-0.0817717	0.0279749	0.369834
13	9	0.333333	0.230769	-0.0900997	0.0346579	0.372823
13	10	0.333333	0.25641	-0.0978498	0.0412339	0.35917
13	11	0.333333	0.282051	-0.105928	0.0489003	0.375086
13	12	0.333333	0.307692	-0.113408	0.0567846	0.349062
13	13	0.333333	0.333333	-0.120952	0.0649834	0.365874
13	14	0.333333	0.358974	-0.128337	0.0743423	0.346782
13	15	0.333333	0.384615	-0.13492	0.0828539	0.340095
13	16	0.333333	0.410256	-0.141937	0.0932881	0.350907
13	17	0.333333	0.435897	-0.147277	0.102353	0.304707
13	18	0.333333	0.461538	-0.152953	0.112785	0.346989
13	19	0.333333	0.487179	-0.156883	0.122821	0.277427
13	20	0.333333	0.512821	-0.159719	0.131957	0.315856
13	21	0.333333	0.538462	-0.161641	0.142752	0.272626
13	22	0.333333	0.564103	-0.160163	0.149836	0.251764
13	23	0.333333	0.589744	-0.158301	0.159811	0.283891
13	24	0.333333	0.615385	-0.15139	0.164945	0.175502
13	25	0.333333	0.641026	-0.142554	0.17125	0.280735
13	26	0.333333	0.666667	-0.128826	0.174727	0.126404
13	27	0.333333	0.692308	-0.1091	0.174481	0.22971
13	28	0.333333	0.717949	-0.0853764	0.175438	0.132439
13	29	0.333333	0.74359	-0.0510906	0.167416	0.128892
13	30	0.333333	0.769231	-0.0112252	0.16313	0.180655
13	31	0.333333	0.794872	0.0412043	0.148568	0.0247724
13	32	0.333333	0.820513	0.10553	0.135897	0.220835
13	33	0.333333	0.846154	0.181332	0.117667	-0.0157125
13	34	0.333333	0.871795	0.277635	0.0966469	0.213111
13	35	0.333333	0.897436	0.384568	0.0779563	0.034342
13	36	0.333333	0.923077	0.51626	0.0549412	0.179281
13	37	0.333333	0.948718	0.660389	0.0395702	0.128895
13	38	0.333333	0.974359	0.824718	0.0287155	0.212487
13	39	0.333333	1	1	0	0
14	0	0.358974	0	0	0	0.300653
14	1	0.358974	0.025641	-0.0142809	0.000942799	0.300653
14	2	0.358974	0.0512821	-0.0271206	0.00233117	0.303888
14	3	0.358974	0.0769231	-0.0389413	0.00466091	0.30788
14	4	0.358974	0.102564	-0.0496737	0.00753549	0.306691
14	5	0.358974	0.128205	-0.0599633	0.0111528	0.312717
14	6	0.358974	0.153846	-0.069463	0.0152508	0.307608
14	7	0.358974	0.179487	-0.0787269	0.0198387	0.31339
14	8	0.358974	0.205128	-0.0876946	0.0251174	0.309199
14	9	0.358974	0.230769	-0.0961773	0.0305292	0.307916
14	10	0.358974	0.25641	-0.10497	0.0368827	0.311697
14	11	0.358974	0.282051	-0.112906	0.0432006	0.297826
14	12	0.358974	0.307692	-0.121389	0.0503338	0.310605
14	13	0.358974	0.333333	-0.129086	0.0577772	0.288761
14	14	0.358974	0.358974	-0.13671	0.065316	0.298769
14	15	0.358974	0.384615	-0.144287	0.0739328	0.28582
14	16	0.358974	0.410256	-0.150442	0.0817013	0.273156
14	17	0.358974	0.435897	-0.157364	0.0910167	0.286283
14	18	0.358974	0.461538	-0.16171	0.0991824	0.24101
14	19	0.358974	0.487179	-0.166538	0.108142	0.27697
14	20	0.358974	0.512821	-0.168873	0.116926	0.217818
14	21	0.358974	0.538462	-0.16958	0.124319	0.242165
14	22	0.358974	0.564103	-0.169108	0.13329	0.214814
14	23	0.358974	0.589744	-0.163787	0.13841	0.179484
14	24	0.358974	0.615385	-0.158248	0.145868	0.224026
14	25	0.358974	0.641026	-0.145479	0.1488	0.111086
14	26	0.358974	0.666667	-0.130952	0.151952	0.215922
14	27	0.358974	0.692308	-0.109109	0.152987	0.0757101
14	28	0.358974	0.717949	-0.0808632	0.149241	0.159823
14	29	0.358974	0.74359	-0.0465644	0.147638	0.0990965
14	30	0.358974	0.769231	-0.000233047	0.136438	0.0584022
14	31	0.358974	0.794872	0.0526573	0.129818	0.163136
14	32	0.358974	0.820513	0.120921	0.113551	-0.0350325
14	33	0.358974	0.846154	0.200105	0.0995343	0.209924
14	34	0.358974	0.871795	0.29467	0.0824127	-0.0494529
14	35	0.358974	0.897436	0.405981	0.0624861	0.197245
14	36	0.358974	0.923077	0.531496	0.0484245	0.032411
14	37	0.358974	0.948718	0.67526	0.0302938	0.156281
14	38	0.358974	0.974359	0.831966	0.0249934	0.163625
14	39	0.358974	1	1	0	0
15	0	0.384615	0	0	0	0.243057
15	1	0.384615	0.025641	-0.0152381	0.000803086	0.243057
15	2	0.384615	0.0512821	-0.0289511	0.00202158	0.246012
15	3	0.384615	0.0769231	-0.0413001	0.00395323	0.24834
15	4	0.384615	0.102564	-0.0528847	0.00650833	0.250182
15	5	0.384615	0.128205	-0.0634158	0.00949107	0.250028
15	6	0.384615	0.153846	-0.0736838	0.0130616	0.25322
15	7	0.384615	0.179487	-0.0832874	0.0169708	0.249335
15	8	0.384615	0.205128	-0.0926167	0.0213405	0.25343
15	9	0.384615	0.230769	-0.101913	0.0261929	0.248461
15	10	0.384615	0.25641	-0.110498	0.0312294	0.248496
15	11	0.384615	0.282051	-0.119647	0.0369901	0.248369
15	12	0.384615	0.307692	-0.127742	0.0427232	0.238614
15	13	0.384615	0.333333	-0.136349	0.049166	0.246064
15	14	0.384615	0.358974	-0.144231	0.0557543	0.227944
15	15	0.384615	0.384615	-0.151548	0.0625188	0.235399
15	16	0.384615	0.410256	-0.159124	0.0700029	0.221372
15	17	0.384615	0.435897	-0.164468	0.0768313	0.212646
15	18	0.384615	0.461538	-0.170781	0.0847974	0.217943
15	19	0.384615	0.487179	-0.173797	0.0917061	0.182758
15	20	0.384615	0.512821	-0.176902	0.0991754	0.207293
15	21	0.384615	0.538462	-0.177249	0.106252	0.159034
15	22	0.384615	0.564103	-0.174696	0.112026	0.175619
15	23	0.384615	0.589744	-0.171174	0.118809	0.152485
15	24	0.384615	0.615385	-0.160795	0.122121	0.120375
15	25	0.384615	0.641026	-0.150479	0.127008	0.157128
15	26	0.384615	0.666667	-0.130713	0.127894	0.0621686
15	27	0.384615	0.692308	-0.108899	0.128315	0.146329
15	28	0.384615	0.717949	-0.0780445	0.127132	0.0378646
15	29	0.384615	0.74359	-0.039301	0.120934	0.0926492
15	30	0.384615	0.769231	0.00600093	0.11717	0.0700931
15	31	0.384615	0.794872	0.0663515	0.104579	0.00342369
15	32	0.384615	0.820513	0.131957	0.0963275	0.135138
15	33	0.384615	0.846154	0.21718	0.0807209	-0.0638676
15	34	0.384615	0.871795	0.309954	0.0666095	0.172018
15	35	0.384615	0.897436	0.422268	0.0527253	-0.0446548
15	36	0.384615	0.923077	0.546205	0.0358895	0.149778
15	37	0.384615	0.948718	0.686125	0.0267297	0.0511118
15	38	0.384615	0.974359	0.838472	0.0179573	0.141368
15	39	0.384615	1	1	0	0
16	0	0.410256	0	0	0	0.185935
16	1	0.410256	0.025641	-0.0160606	0.000628664	0.185935
16	2	0.410256	0.0512821	-0.0303793	0.0016582	0.189338
16	3	0.410256	0.0769231	-0.0434586	0.00318904	0.189056
16	4	0.410256	0.102564	-0.0552844	0.00522894	0.193035
16	5	0.410256	0.128205	-0.0665781	0.00772089	0.191449
16	6	0.410256	0.153846	-0.0769616	0.0104495	0.192766
16	7	0.410256	0.179487	-0.087132	0.0137592	0.194475
16	8	0.410256	0.205128	-0.0968775	0.0171481	0.189156
16	9	0.410256	0.230769	-0.106214	0.0210718	0.195679
16	10	0.410256	0.25641	-0.11576	0.0252517	0.185684
16	11	0.410256	0.282051	-0.124445	0.0296008	0.190855
16	12	0.410256	0.307692	-0.133716	0.0346265	0.185131
16	13	0.410256	0.333333	-0.141972	0.0393946	0.1787
16	14	0.410256	0.358974	-0.150378	0.0450427	0.185105
16	15	0.410256	0.384615	-0.158304	0.0504357	0.163853
16	16	0.410256	0.410256	-0.165013	0.056243	0.177833
16	17	0.410256	0.435897	-0.172151	0.0624174	0.1538
16	18	0.410256	0.461538	-0.176452	0.0679818	0.15663
16	19	0.410256	0.487179	-0.181395	0.0746209	0.15056
16	20	0.410256	0.512821	-0.182804	0.0798781	0.124461
16	21	0.410256	0.538462	-0.183227	0.0859984	0.144861
16	22	0.410256	0.564103	-0.181043	0.0910843	0.0953988
16	23	0.410256	0.589744	-0.174261	0.0953844	0.121319
16	24	0.410256	0.615385	-0.166688	0.1	0.0837013
16	25	0.410256	0.641026	-0.150413	0.101606	0.0744352
16	26	0.410256	0.666667	-0.133827	0.104373	0.0871561
16	27	0.410256	0.692308	-0.106419	0.103329	0.0223846
16	28	0.410256	0.717949	-0.0754906	0.101979	0.0819698
16	29	0.410256	0.74359	-0.0352165	0.0988153	0.000282912
16	30	0.410256	0.769231	0.0158019	0.0916667	0.0430632
16	31	0.410256	0.794872	0.072218	0.0862368	0.0283222
16	32	0.410256	0.820513	0.147623	0.0741496	-0.0203758
16	33	0.410256	0.846154	0.225692	0.0652556	0.0811966
16	34	0.410256	0.871795	0.327187	0.0520252	-0.0550595
16	35	0.410256	0.897436	0.432787	0.0395298	0.105154
16	36	0.410256	0.923077	0.559658	0.0295233	-0.0149537
16	37	0.410256	0.948718	0.694476	0.0175564	0.0873947
16	38	0.410256	0.974359	0.843743	0.0142432	0.0795674
16	39	0.410256	1	1	0	0
17	0	0.435897	0	0	0	0.129899
17	1	0.435897	0.025641	-0.0166796	0.000507585	0.129899
17	2	0.435897	0.0512821	-0.0315716	0.00116235	0.130415
17	3	0.435897	0.0769231	-0.0449645	0.00239962	0.135027
17	4	0.435897	0.102564	-0.0573851	0.00385365	0.130873
17	5	0.435897	0.128205	-0.0687579	0.00562453	0.136954
17	6	0.435897	0.153846	-0.0797203	0.00782312	0.133229
17	7	0.435897	0.179487	-0.0900172	0.0099644	0.133535
17	8	0.435897	0.205128	-0.10006	0.0127859	0.137691
17	9	0.435897	0.230769	-0.109903	0.015418	0.126963
17	10	0.435897	0.25641	-0.119265	0.0185948	0.139446
17	11	0.435897	0.282051	-0.128877	0.0219728	0.123039
17	12	0.435897	0.307692	-0.13769	0.0252776	0.132337
17	13	0.435897	0.333333	-0.146818	0.0294732	0.125352
17	14	0.435897	0.358974	-0.155138	0.0329723	0.115611
17	15	0.435897	0.384615	-0.163111	0.0376498	0.129467
17	16	0.435897	0.410256	-0.17072	0.0417118	0.0970999
17	17	0.435897	0.435897	-0.176666	0.0462546	0.123936
17	18	0.435897	0.461538	-0.182718	0.0511707	0.0877792
17	19	0.435897	0.487179	-0.185792	0.0551173	0.0997721
17	20	0.435897	0.512821	-0.188562	0.0605719	0.0905618
17	21	0.435897	0.538462	-0.187925	0.0639616	0.0611649
17	22	0.435897	0.564103	-0.184901	0.0688441	0.0936748
17	23	0.435897	0.589744	-0.179293	0.0720332	0.0263235
17	24	0.435897	0.615385	-0.16768	0.0749005	0.0776956
17	25	0.435897	0.641026	-0.154688	0.0778324	0.0139978
17	26	0.435897	0.666667	-0.132063	0.0777791	0.0340884
17	27	0.435897	0.692308	-0.107553	0.0793054	0.0248036
17	28	0.435897	0.717949	-0.0721118	0.0765094	-0.0201638
17	29	0.435897	0.74359	-0.0305152	0.0746316	0.0359864
17	30	0.435897	0.769231	0.0195955	0.0699352	-0.0501527
17	31	0.435897	0.794872	0.0837503	0.0633083	0.0220002
17	32	0.435897	0.820513	0.15176	0.0571167	-0.0348116
17	33	0.435897	0.846154	0.241641	0.0468382	-0.012301
17	34	0.435897	0.871795	0.332585	0.0388469	0.00611925
17	35	0.435897	0.897436	0.447769	0.0285116	-0.0266331
17	36	0.435897	0.923077	0.565986	0.0195736	0.0323867
17	37	0.435897	0.948718	0.703143	0.0127441	0.00541097
17	38	0.435897	0.974359	0.847231	0.00770553	0.0488413
17	39	0.435897	1	1	0	0
18	0	0.461538	0	0	0	0.0734932
18	1	0.461538	0.025641	-0.0171177	0.000260516	0.0734932
18	2	0.461538	0.0512821	-0.0323388	0.00080366	0.0762843
18	3	0.461538	0.0769231	-0.046106	0.0014143	0.0728778
18	4	0.461538	0.102564	-0.0586671	0.00240602	0.0798669
18	5	0.461538	0.128205	-0.0704371	0.00353682	0.07284
18	6	0.461538	0.153846	-0.0814494	0.00469369	0.0788451
18	7	0.461538	0.179487	-0.0920866	0.00637204	0.0767044
18	8	0.461538	0.205128	-0.102291	0.00769066	0.0722107
18	9	0.461538	0.230769	-0.112248	0.00973432	0.0822556
18	10	0.461538	0.25641	-0.122052	0.011489	0.064785
18	11	0.461538	0.282051	-0.131491	0.0135788	0.0822485
18	12	0.461538	0.307692	-0.140959	0.0160703	0.063669
18	13	0.461538	0.333333	-0.149842	0.0180495	0.0706787
18	14	0.461538	0.358974	-0.158653	0.0212475	0.0705512
18	15	0.461538	0.384615	-0.166748	0.0233684	0.0500944
18	16	0.461538	0.410256	-0.174195	0.0267769	0.0769314
18	17	0.461538	0.435897	-0.180947	0.0295792	0.0322737
18	18	0.461538	0.461538	-0.186019	0.0325248	0.0685889
18	19	0.461538	0.487179	-0.190326	0.036321	0.0292627
18	20	0.461538	0.512821	-0.191822	0.0384778	0.0377875
18	21	0.461538	0.538462	-0.191828	0.0428199	0.0410054
18	22	0.461538	0.564103	-0.188369	0.0444925	-0.00662508
18	23	0.461538	0.589744	-0.181474	0.0481156	0.050979
18	24	0.461538	0.615385	-0.171226	0.0499186	-0.0415791
18	25	0.461538	0.641026	-0.154468	0.0513456	0.036516
18	26	0.461538	0.666667	-0.134597	0.0534026	-0.0458627
18	27	0.461538	0.692308	-0.105251	0.0518601	-0.0114259
18	28	0.461538	0.717949	-0.0714906	0.0531635	-0.0189205
18	29	0.461538	0.74359	-0.0274062	0.0491072	-0.0746309
18	30	0.461538	0.769231	0.0255469	0.0478017	0.0146591
18	31	0.461538	0.794872	0.0864356	0.0425154	-0.115767
18	32	0.461538	0.820513	0.163222	0.0373308	0.0246627
18	33	0.461538	0.846154	0.243974	0.0318637	-0.108634
18	34	0.461538	0.871795	0.346262	0.0237641	0.00635446
18	35	0.461538	0.897436	0.450869	0.0184641	-0.0645963
18	36	0.461538	0.923077	0.576399	0.0107157	-0.0116488
18	37	0.461538	0.948718	0.706584	0.00631813	-0.0196133
18	38	0.461538	0.974359	0.850745	0.00252468	-0.000827369
18	39	0.461538	1	1	0	0
19	0	0.487179	0	0	0	0.0182535
19	1	0.487179	0.025641	-0.017344	0.000143451	0.0182535
19	2	0.487179	0.0512821	-0.0327497	0.00021396	0.0170398
19	3	0.487179	0.0769231	-0.0466703	0.000578197	0.0214465
19	4	0.487179	0.102564	-0.059379	0.000835394	0.0150386
19	5	0.487179	0.128205	-0.071245	0.00122299	0.0226689
19	6	0.487179	0.153846	-0.082419	0.00180264	0.0161563
19	7	0.487179	0.179487	-0.0931091	0.00210329	0.0185343
19	8	0.487179	0.205128	-0.103495	0.00298564	0.0213984
19	9	0.487179	0.230769	-0.113517	0.00336322	0.0106488
19	10	0.487179	0.25641	-0.123464	0.00430499	0.0258825
19	11	0.487179	0.282051	-0.13307	0.005108	0.00556527
19	12	0.487179	0.307692	-0.142562	0.00584261	0.0219773
19	13	0.487179	0.333333	-0.151763	0.00729354	0.00897111
19	14	0.487179	0.358974	-0.160488	0.00784923	0.00665102
19	15	0.487179	0.384615	-0.168939	0.00976182	0.0185446
19	16	0.487179	0.410256	-0.176367	0.0105843	-0.0134373
19	17	0.487179	0.435897	-0.183231	0.0124011	0.0226463
19	18	0.487179	0.461538	-0.188598	0.0140768	-0.0251189
19	19	0.487179	0.487179	-0.19252	0.0152719	0.00806276
19	20	0.487179	0.512821	-0.194639	0.0179879	-0.019419
19	21	0.487179	0.538462	-0.193899	0.0185339	-0.0280426
19	22	0.487179	0.564103	-0.190856	0.0216845	-0.00164521
19	23	0.487179	0.589744	-0.183527	0.0221641	-0.0716875
19	24	0.487179	0.615385	-0.172549	0.0244676	0.00833708
19	25	0.487179	0.641026	-0.156421	0.0256363	-0.0978951
19	26	0.487179	0.666667	-0.134163	0.0257907	-0.0116476
19	27	0.487179	0.692308	-0.106322	0.0278085	-0.0870261
19	28	0.487179	0.717949	-0.0695406	0.025336	-0.0677399
19	29	0.487179	0.74359	-0.0259931	0.0272119	-0.0417189
19	30	0.487179	0.769231	0.0279129	0.022929	-0.13831
19	31	0.487179	0.794872	0.0918185	0.0227952	0.00903802
19	32	0.487179	0.820513	0.164994	0.0184191	-0.181786
19	33	0.487179	0.846154	0.252868	0.0148926	0.0281982
19	34	0.487179	0.871795	0.347654	0.0118406	-0.166999
19	35	0.487179	0.897436	0.459938	0.00574829	0.00436548
19	36	0.487179	0.923077	0.578288	0.00415684	-0.105569
19	37	0.487179	0.948718	0.711697	-0.00115368	-0.0303584
19	38	0.487179	0.974359	0.852146	-0.00225928	-0.0505865
19	39	0.487179	1	1	0	0
20	0	0.512821	0	0	0	-0.0377662
20	1	0.512821	0.025641	-0.0173507	-0.000114584	-0.0377662
20	2	0.512821	0.0512821	-0.0327934	-0.000169964	-0.0367984
20	3	0.512821	0.0769231	-0.0466542	-0.000471051	-0.0404914
20	4	0.512821	0.102564	-0.0594658	-0.000684665	-0.0353393
20	5	0.512821	0.128205	-0.071233	-0.00100939	-0.0419126
20	6	0.512821	0.153846	-0.0824984	-0.00148038	-0.0368
20	7	0.512821	0.179487	-0.0931907	-0.00171122	-0.0394722
20	8	0.512821	0.205128	-0.103521	-0.00238889	-0.04233
20	9	0.512821	0.230769	-0.113757	-0.0026075	-0.034747
20	10	0.512821	0.25641	-0.123487	-0.00323772	-0.0484073
20	11	0.512821	0.282051	-0.133431	-0.00365546	-0.033414
20	12	0.512821	0.307692	-0.142762	-0.00394173	-0.0493532
20	13	0.512821	0.333333	-0.152131	-0.0046589	-0.0406688
20	14	0.512821	0.358974	-0.161063	-0.00451948	-0.043098
20	15	0.512821	0.384615	-0.169272	-0.0053112	-0.0556011
20	16	0.512821	0.410256	-0.177351	-0.00499759	-0.0352088
20	17	0.512821	0.435897	-0.183695	-0.00534957	-0.0698971
20	18	0.512821	0.461538	-0.189764	-0.00527639	-0.0366809
20	19	0.512821	0.487179	-0.19343	-0.00471081	-0.0732545
20	20	0.512821	0.512821	-0.195649	-0.00508924	-0.0558987
20	21	0.512821	0.538462	-0.195412	-0.00357498	-0.0622006
20	22	0.512821	0.564103	-0.191554	-0.00412912	-0.0903084
20	23	0.512821	0.589744	-0.185327	-0.00227712	-0.0456574
20	24	0.512821	0.615385	-0.173116	-0.00229485	-0.124245
20	25	0.512821	0.641026	-0.157717	-0.0011587	-0.0423014
20	26	0.512821	0.666667	-0.134859	7.27789e-05	-0.135738
20	27	0.512821	0.692308	-0.106348	-0.000442773	-0.0695365
20	28	0.512821	0.717949	-0.0701458	0.00210738	-0.110258
20	29	0.512821	0.74359	-0.0246772	-0.000184333	-0.128556
20	30	0.512821	0.769231	0.028367	0.00263215	-0.0550827
20	31	0.512821	0.794872	0.0936865	-0.000349165	-0.194337
20	32	0.512821	0.820513	0.167531	0.000802557	-0.00328174
20	33	0.512821	0.846154	0.254403	-0.00104352	-0.22364
20	34	0.512821	0.871795	0.351914	-0.00296973	0.00565256
20	35	0.512821	0.897436	0.46108	-0.00263302	-0.188954
20	36	0.512821	0.923077	0.582064	-0.00665596	-0.0341093
20	37	0.512821	0.948718	0.712705	-0.00507271	-0.115763
20	38	0.512821	0.974359	0.853398	-0.00875021	-0.0826053
20	39	0.512821	1	1	0	0
21	0	0.538462	0	0	0	-0.0931285
21	1	0.538462	0.025641	-0.0171591	-0.000258495	-0.0931285
21	2	0.538462	0.0512821	-0.0323805	-0.000729009	-0.0950568
21	3	0.538462	0.0769231	-0.0462147	-0.0013501	-0.0937321
21	4	0.538462	0.102564	-0.058719	-0.00226322	-0.0976871
21	5	0.538462	0.128205	-0.0705882	-0.00332123	-0.0943947
21	6	0.538462	0.153846	-0.081581	-0.0044694	-0.0980514
21	7	0.538462	0.179487	-0.0922683	-0.00592801	-0.0971231
21	8	0.538462	0.205128	-0.102616	-0.00725105	-0.095841
21	9	0.538462	0.230769	-0.112525	-0.00896954	-0.101215
21	10	0.538462	0.25641	-0.122653	-0.0105337	-0.0935972
21	11	0.538462	0.282051	-0.132051	-0.012292	-0.103632
21	12	0.538462	0.307692	-0.141862	-0.0141681	-0.0950631
21	13	0.538462	0.333333	-0.15095	-0.0157918	-0.101801
21	14	0.538462	0.358974	-0.159904	-0.0178966	-0.101878
21	15	0.538462	0.384615	-0.168594	-0.0193683	-0.0967327
21	16	0.538462	0.410256	-0.175958	-0.0213979	-0.111395
21	17	0.538462	0.435897	-0.18351	-0.0228399	-0.0936575
21	18	0.538462	0.461538	-0.188555	-0.0243672	-0.117796
21	19	0.538462	0.487179	-0.193372	-0.0258846	-0.0991023
21	20	0.538462	0.512821	-0.195264	-0.0265773	-0.11616
21	21	0.538462	0.538462	-0.195053	-0.0280611	-0.116033
21	22	0.538462	0.564103	-0.192393	-0.0278906	-0.106905
21	23	0.538462	0.589744	-0.184618	-0.0289186	-0.140051
21	24	0.538462	0.615385	-0.1749	-0.0282398	-0.0977516
21	25	0.538462	0.641026	-0.157191	-0.0281701	-0.159109
21	26	0.538462	0.666667	-0.136627	-0.0275974	-0.101441
21	27	0.538462	0.692308	-0.106798	-0.0258833	-0.158026
21	28	0.538462	0.717949	-0.0708112	-0.025936	-0.128581
21	29	0.538462	0.74359	-0.0264533	-0.0226216	-0.128155
21	30	0.538462	0.769231	0.0292082	-0.0232112	-0.176608
21	31	0.538462	0.794872	0.0912022	-0.0193631	-0.079365
21	32	0.538462	0.820513	0.169233	-0.0194976	-0.221397
21	33	0.538462	0.846154	0.252444	-0.0169726	-0.0433169
21	34	0.538462	0.871795	0.353355	-0.0153769	-0.226628
21	35	0.538462	0.897436	0.460331	-0.0153839	-0.0515804
21	36	0.538462	0.923077	0.582674	-0.0121931	-0.180376
21	37	0.538462	0.948718	0.712651	-0.0134211	-0.092756
21	38	0.538462	0.974359	0.85343	-0.012553	-0.139392
21	39	0.538462	1	1	0	0
22	0	0.564103	0	0	0	-0.149156
22	1	0.564103	0.025641	-0.0167336	-0.000466976	-0.149156
22	2	0.564103	0.0512821	-0.0316728	-0.00116368	-0.150809
22	3	0.564103	0.0769231	-0.0450671	-0.00230167	-0.152551
22	4	0.564103	0.102564	-0.0575445	-0.00375661	-0.152878
22	5	0.564103	0.128205	-0.0689258	-0.00550528	-0.15439
22	6	0.564103	0.153846	-0.0799488	-0.00754265	-0.154545
22	7	0.564103	0.179487	-0.0903498	-0.009769	-0.154882
22	8	0.564103	0.205128	-0.100449	-0.0122745	-0.15599
22	9	0.564103	0.230769	-0.110533	-0.0149166	-0.154685
22	10	0.564103	0.25641	-0.120014	-0.0177791	-0.156799
22	11	0.564103	0.282051	-0.129949	-0.0207874	-0.154735
22	12	0.564103	0.307692	-0.139073	-0.0238961	-0.156605
22	13	0.564103	0.333333	-0.148517	-0.0271798	-0.155624
22	14	0.564103	0.358974	-0.157418	-0.0304208	-0.155606
22	15	0.564103	0.384615	-0.165698	-0.0338211	-0.157358
22	16	0.564103	0.410256	-0.174041	-0.0370624	-0.154606
22	17	0.564103	0.435897	-0.180421	-0.0403464	-0.159456
22	18	0.564103	0.461538	-0.187071	-0.0434228	-0.154834
22	19	0.564103	0.487179	-0.190823	-0.04629	-0.161046
22	20	0.564103	0.512821	-0.193787	-0.0489915	-0.157729
22	21	0.564103	0.538462	-0.193905	-0.051107	-0.161054
22	22	0.564103	0.564103	-0.190644	-0.0531573	-0.164283
22	23	0.564103	0.589744	-0.185304	-0.0542353	-0.15904
22	24	0.564103	0.615385	-0.173204	-0.0552591	-0.173491
22	25	0.564103	0.641026	-0.159302	-0.055184	-0.156792
22	26	0.564103	0.666667	-0.136007	-0.0547145	-0.180575
22	27	0.564103	0.692308	-0.109149	-0.0536142	-0.159294
22	28	0.564103	0.717949	-0.0725248	-0.0512489	-0.177399
22	29	0.564103	0.74359	-0.0277273	-0.0493849	-0.172258
22	30	0.564103	0.769231	0.0245792	-0.0451669	-0.158124
22	31	0.564103	0.794872	0.0915198	-0.0426116	-0.194598
22	32	0.564103	0.820513	0.162578	-0.0374519	-0.129142
22	33	0.564103	0.846154	0.253548	-0.0338957	-0.211401
22	34	0.564103	0.871795	0.346889	-0.0294219	-0.11207
22	35	0.564103	0.897436	0.460764	-0.0247658	-0.20234
22	36	0.564103	0.923077	0.578527	-0.0221742	-0.124596
22	37	0.564103	0.948718	0.712	-0.0175502	-0.168525
22	38	0.564103	0.974359	0.852136	-0.0185975	-0.16841
22	39	0.564103	1	1	0	0
23	0	0.589744	0	0	0	-0.205456
23	1	0.589744	0.025641	-0.0161309	-0.000647486	-0.205456
23	2	0.589744	0.0512821	-0.0304953	-0.00159789	-0.207566
23	3	0.589744	0.0769231	-0.0435992	-0.00318152	-0.210411
23	4	0.589744	0.102564	-0.0554746	-0.00516743	-0.209934
23	5	0.589744	0.128205	-0.0667823	-0.00759474	-0.213293
23	6	0.589744	0.153846	-0.0772794	-0.0104029	-0.211793
23	7	0.589744	0.179487	-0.087508	-0.0134731	-0.21371
23	8	0.589744	0.205128	-0.0974428	-0.016982	-0.213994
23	9	0.589744	0.230769	-0.106982	-0.0206195	-0.212083
23	10	0.589744	0.25641	-0.116763	-0.0246736	-0.215746
23	11	0.589744	0.282051	-0.125894	-0.0288752	-0.210397
23	12	0.589744	0.307692	-0.135452	-0.0332858	-0.215103
23	13	0.589744	0.333333	-0.144384	-0.0380011	-0.210789
23	14	0.589744	0.358974	-0.153251	-0.0426148	-0.211179
23	15	0.589744	0.384615	-0.161906	-0.0476279	-0.213223
23	16	0.589744	0.410256	-0.169424	-0.0523534	-0.205971
23	17	0.589744	0.435897	-0.177117	-0.0572718	-0.21485
23	18	0.589744	0.461538	-0.182572	-0.0619857	-0.203462
23	19	0.589744	0.487179	-0.187828	-0.0663555	-0.212346
23	20	0.589744	0.512821	-0.190341	-0.070742	-0.206209
23	21	0.589744	0.538462	-0.190979	-0.0741859	-0.205398
23	22	0.589744	0.564103	-0.189131	-0.077658	-0.212407
23	23	0.589744	0.589744	-0.182577	-0.0799084	-0.197981
23	24	0.589744	0.615385	-0.173951	-0.0817204	-0.216354
23	25	0.589744	0.641026	-0.157573	-0.0825221	-0.195688
23	26	0.589744	0.666667	-0.138497	-0.0820506	-0.212559
23	27	0.589744	0.692308	-0.10981	-0.0810429	-0.200648
23	28	0.589744	0.717949	-0.0755341	-0.0780892	-0.200713
23	29	0.589744	0.74359	-0.032133	-0.0748497	-0.208077
23	30	0.589744	0.769231	0.022325	-0.0697667	-0.187215
23	31	0.589744	0.794872	0.0831227	-0.0641509	-0.208851
23	32	0.589744	0.820513	0.161452	-0.0576821	-0.180156
23	33	0.589744	0.846154	0.242952	-0.0503496	-0.198763
23	34	0.589744	0.871795	0.345952	-0.0433769	-0.180855
23	35	0.589744	0.897436	0.45146	-0.0359858	-0.185905
23	36	0.589744	0.923077	0.576706	-0.0297075	-0.183706
23	37	0.589744	0.948718	0.707008	-0.0240353	-0.180381
23	38	0.589744	0.974359	0.850592	-0.0229304	-0.210429
23	39	0.589744	1	1	0	0
24	0	0.615385	0	0	0	-0.262075
24	1	0.615385	0.025641	-0.0153171	-0.000777709	-0.262075
24	2	0.615385	0.0512821	-0.0290638	-0.00205079	-0.266156
24	3	0.615385	0.0769231	-0.0414823	-0.00392683	-0.265881
24	4	0.615385	0.102564	-0.0530422	-0.00649256	-0.271463
24	5	0.615385	0.128205	-0.0637056	-0.00951932	-0.268033
24	6	0.615385	0.153846	-0.0739714	-0.0129597	-0.273142
24	7	0.615385	0.179487	-0.0837627	-0.0170048	-0.271319
24	8	0.615385	0.205128	-0.0932651	-0.0211708	-0.270583
24	9	0.615385	0.230769	-0.102745	-0.0260443	-0.275282
24	10	0.615385	0.25641	-0.111819	-0.0309791	-0.266449
24	11	0.615385	0.282051	-0.121162	-0.0364052	-0.276347
24	12	0.615385	0.307692	-0.130041	-0.0421759	-0.265119
24	13	0.615385	0.333333	-0.139054	-0.047918	-0.271129
24	14	0.615385	0.358974	-0.14777	-0.054386	-0.268468
24	15	0.615385	0.384615	-0.156004	-0.0603661	-0.260663
24	16	0.615385	0.410256	-0.164175	-0.0670788	-0.272962
24	17	0.615385	0.435897	-0.171017	-0.0733114	-0.251102
24	18	0.615385	0.461538	-0.177661	-0.0796219	-0.271621
24	19	0.615385	0.487179	-0.182286	-0.0859568	-0.249345
24	20	0.615385	0.512821	-0.185784	-0.0912695	-0.259848
24	21	0.615385	0.538462	-0.186932	-0.0971379	-0.256932
24	22	0.615385	0.564103	-0.18512	-0.101069	-0.240271
24	23	0.615385	0.589744	-0.180805	-0.105448	-0.267299
24	24	0.615385	0.615385	-0.17111	-0.107778	-0.222497
24	25	0.615385	0.641026	-0.158377	-0.109442	-0.268748
24	26	0.615385	0.666667	-0.137958	-0.109919	-0.21763
24	27	0.615385	0.692308	-0.112815	-0.107894	-0.251557
24	28	0.615385	0.717949	-0.0786933	-0.106056	-0.230533
24	29	0.615385	0.74359	-0.0363846	-0.100121	-0.215762
24	30	0.615385	0.769231	0.0145116	-0.0953256	-0.254001
24	31	0.615385	0.794872	0.0786446	-0.0863365	-0.175208
24	32	0.615385	0.820513	0.149572	-0.0781954	-0.270006
24	33	0.615385	0.846154	0.238602	-0.0679626	-0.152383
24	34	0.615385	0.871795	0.332912	-0.0572189	-0.26241
24	35	0.615385	0.897436	0.446918	-0.0478706	-0.162031
24	36	0.615385	0.923077	0.566843	-0.0372512	-0.236317
24	37	0.615385	0.948718	0.702945	-0.03032	-0.192087
24	38	0.615385	0.974359	0.846992	-0.0271247	-0.247695
24	39	0.615385	1	1	0	0
25	0	0.641026	0	0	0	-0.319863
25	1	0.641026	0.025641	-0.0143506	-0.000964882	-0.319863
25	2	0.641026	0.0512821	-0.0272583	-0.00232802	-0.322345
25	3	0.641026	0.0769231	-0.0390583	-0.00469383	-0.328006
25	4	0.641026	0.102564	-0.049914	-0.00759669	-0.324944
25	5	0.641026	0.128205	-0.0601494	-0.0111693	-0.332325
25	6	0.641026	0.153846	-0.0698407	-0.0153808	-0.328096
25	7	0.641026	0.179487	-0.0791832	-0.0198683	-0.331128
25	8	0.641026	0.205128	-0.0883336	-0.0252166	-0.333009
25	9	0.641026	0.230769	-0.0972249	-0.0306093	-0.325941
25	10	0.641026	0.25641	-0.106162	-0.0368025	-0.336445
25	11	0.641026	0.282051	-0.114882	-0.0432354	-0.321859
25	12	0.641026	0.307692	-0.123655	-0.0499594	-0.333235
25	13	0.641026	0.333333	-0.132287	-0.0574332	-0.323126
25	14	0.641026	0.358974	-0.140718	-0.0645379	-0.321772
25	15	0.641026	0.384615	-0.149033	-0.0726981	-0.328194
25	16	0.641026	0.410256	-0.156734	-0.0802239	-0.307137
25	17	0.641026	0.435897	-0.164093	-0.0883917	-0.329536
25	18	0.641026	0.461538	-0.170377	-0.0963305	-0.298121
25	19	0.641026	0.487179	-0.17569	-0.103754	-0.319277
25	20	0.641026	0.512821	-0.179411	-0.111702	-0.300157
25	21	0.641026	0.538462	-0.181107	-0.1178	-0.296079
25	22	0.641026	0.564103	-0.180499	-0.124768	-0.309994
25	23	0.641026	0.589744	-0.176453	-0.129164	-0.267707
25	24	0.641026	0.615385	-0.169028	-0.133696	-0.316123
25	25	0.641026	0.641026	-0.156467	-0.136061	-0.247641
25	26	0.641026	0.666667	-0.13897	-0.136609	-0.304444
25	27	0.641026	0.692308	-0.114484	-0.136449	-0.247887
25	28	0.641026	0.717949	-0.0828941	-0.131941	-0.266605
25	29	0.641026	0.74359	-0.0426349	-0.128479	-0.270688
25	30	0.641026	0.769231	0.0076242	-0.118968	-0.208683
25	31	0.641026	0.794872	0.067611	-0.111303	-0.302269
25	32	0.641026	0.820513	0.140948	-0.0984206	-0.155512
25	33	0.641026	0.846154	0.224332	-0.086266	-0.315951
25	34	0.641026	0.871795	0.323657	-0.0729387	-0.140731
25	35	0.641026	0.897436	0.43314	-0.0580763	-0.293495
25	36	0.641026	0.923077	0.558536	-0.0474089	-0.178086
25	37	0.641026	0.948718	0.694323	-0.0344277	-0.251766
25	38	0.641026	0.974359	0.842916	-0.0321956	-0.266803
25	39	0.641026	1	1	0	0
26	0	0.666667	0	0	0	-0.377803
26	1	0.666667	0.025641	-0.0132318	-0.00102294	-0.377803
26	2	0.666667	0.0512821	-0.0252193	-0.00270491	-0.383245
26	3	0.666667	0.0769231	-0.0362121	-0.00518321	-0.382724
26	4	0.666667	0.102564	-0.0463869	-0.00857219	-0.390101
26	5	0.666667	0.128205	-0.0559904	-0.0126109	-0.385739
26	6	0.666667	0.153846	-0.0650825	-0.0171847	-0.391734
26	7	0.666667	0.179487	-0.0739252	-0.0226268	-0.390294
26	8	0.666667	0.205128	-0.0824856	-0.0282503	-0.387767
26	9	0.666667	0.230769	-0.0909574	-0.0348479	-0.394935
26	10	0.666667	0.25641	-0.0993598	-0.0416336	-0.382222
26	11	0.666667	0.282051	-0.107658	-0.0490605	-0.394533
26	12	0.666667	0.307692	-0.116051	-0.0571098	-0.380384
26	13	0.666667	0.333333	-0.124231	-0.0651444	-0.385348
26	14	0.666667	0.358974	-0.132475	-0.0742659	-0.383261
26	15	0.666667	0.384615	-0.140423	-0.0828971	-0.369742
26	16	0.666667	0.410256	-0.148069	-0.0925293	-0.385236
26	17	0.666667	0.435897	-0.155358	-0.1018	-0.355483
26	18	0.666667	0.461538	-0.161683	-0.11119	-0.377895
26	19	0.666667	0.487179	-0.167372	-0.120852	-0.349691
26	20	0.666667	0.512821	-0.171355	-0.129301	-0.356918
26	21	0.666667	0.538462	-0.173872	-0.138545	-0.352662
26	22	0.666667	0.564103	-0.174014	-0.145489	-0.326184
26	23	0.666667	0.589744	-0.17116	-0.152929	-0.356496
26	24	0.666667	0.615385	-0.165182	-0.157819	-0.29635
26	25	0.666667	0.641026	-0.154205	-0.161725	-0.348738
26	26	0.666667	0.666667	-0.138803	-0.163851	-0.279811
26	27	0.666667	0.692308	-0.116387	-0.162562	-0.318409
26	28	0.666667	0.717949	-0.0872563	-0.160963	-0.284528
26	29	0.666667	0.74359	-0.0494254	-0.153493	-0.263177
26	30	0.666667	0.769231	-0.00167716	-0.147033	-0.307303
26	31	0.666667	0.794872	0.056191	-0.13384	-0.197133
26	32	0.666667	0.820513	0.127274	-0.121668	-0.329327
26	33	0.666667	0.846154	0.209906	-0.105158	-0.152545
26	34	0.666667	0.871795	0.307911	-0.0879618	-0.324546
26	35	0.666667	0.897436	0.418758	-0.0719961	-0.16186
26	36	0.666667	0.923077	0.545059	-0.0539355	-0.289886
26	37	0.666667	0.948718	0.684386	-0.0420332	-0.217357
26	38	0.666667	0.974359	0.837075	-0.0348022	-0.302837
26	39	0.666667	1	1	0	0
27	0	0.692308	0	0	0	-0.437366
27	1	0.692308	0.025641	-0.011998	-0.00116005	-0.437366
27	2	0.692308	0.0512821	-0.0229763	-0.00283453	-0.440698
27	3	0.692308	0.0769231	-0.0330537	-0.00568042	-0.446594
27	4	0.692308	0.102564	-0.0425188	-0.00925566	-0.444576
27	5	0.692308	0.128205	-0.0513229	-0.0136203	-0.451136
27	6	0.692308	0.153846	-0.0598616	-0.018811	-0.448562
27	7	0.692308	0.179487	-0.0679855	-0.0244245	-0.449939
27	8	0.692308	0.205128	-0.0759945	-0.0310303	-0.453074
27	9	0.692308	0.230769	-0.0839098	-0.0379151	-0.44515
27	10	0.692308	0.25641	-0.0916421	-0.0456585	-0.454453
27	11	0.692308	0.282051	-0.0996032	-0.0539351	-0.441415
27	12	0.692308	0.307692	-0.107251	-0.0625785	-0.448436
27	13	0.692308	0.333333	-0.115212	-0.0721889	-0.441194
27	14	0.692308	0.358974	-0.122893	-0.0816666	-0.435016
27	15	0.692308	0.384615	-0.130526	-0.0922273	-0.441357
27	16	0.692308	0.410256	-0.13811	-0.10257	-0.41948
27	17	0.692308	0.435897	-0.144903	-0.113461	-0.435042
27	18	0.692308	0.461538	-0.151765	-0.124509	-0.408148
27	19	0.692308	0.487179	-0.157078	-0.135068	-0.41732
27	20	0.692308	0.512821	-0.161936	-0.146193	-0.402788
27	21	0.692308	0.538462	-0.16484	-0.155784	-0.389351
27	22	0.692308	0.564103	-0.165781	-0.165805	-0.398778
27	23	0.692308	0.589744	-0.164675	-0.173697	-0.357758
27	24	0.692308	0.615385	-0.159304	-0.181001	-0.387766
27	25	0.692308	0.641026	-0.151466	-0.186191	-0.330922
27	26	0.692308	0.666667	-0.136974	-0.188956	-0.361745
27	27	0.692308	0.692308	-0.118314	-0.190127	-0.315557
27	28	0.692308	0.717949	-0.0913303	-0.186666	-0.316564
27	29	0.692308	0.74359	-0.0565388	-0.182336	-0.31388
27	30	0.692308	0.769231	-0.0128081	-0.171737	-0.256453
27	31	0.692308	0.794872	0.043952	-0.16065	-0.319829
27	32	0.692308	0.820513	0.109763	-0.14368	-0.199627
27	33	0.692308	0.846154	0.193681	-0.125739	-0.318057
27	34	0.692308	0.871795	0.287388	-0.105481	-0.176136
27	35	0.692308	0.897436	0.401625	-0.0834717	-0.296841
27	36	0.692308	0.923077	0.527464	-0.0650327	-0.206399
27	37	0.692308	0.948718	0.672013	-0.0457675	-0.270796
27	38	0.692308	0.974359	0.829463	-0.039206	-0.307342
27	39	0.692308	1	1	0	0
28	0	0.717949	0	0	0	-0.49728
28	1	0.717949	0.025641	-0.0106943	-0.00116335	-0.49728
28	2	0.717949	0.0512821	-0.0205503	-0.00302286	-0.502794
28	3	0.717949	0.0769231	-0.0297614	-0.00588275	-0.503915
28	4	0.717949	0.102564	-0.0382605	-0.00970184	-0.509355
28	5	0.717949	0.128205	-0.0464529	-0.0143578	-0.5082
28	6	0.717949	0.153846	-0.0541021	-0.0196746	-0.511124
28	7	0.717949	0.179487	-0.0616454	-0.0259342	-0.512233
28	8	0.717949	0.205128	-0.0689573	-0.0326631	-0.508678
28	9	0.717949	0.230769	-0.0761089	-0.0403104	-0.514119
28	10	0.717949	0.25641	-0.0834467	-0.0485272	-0.505172
28	11	0.717949	0.282051	-0.090442	-0.0573624	-0.510405
28	12	0.717949	0.307692	-0.0978888	-0.0670696	-0.503034
28	13	0.717949	0.333333	-0.104974	-0.0770166	-0.500084
28	14	0.717949	0.358974	-0.11232	-0.0879821	-0.500702
28	15	0.717949	0.384615	-0.119611	-0.099057	-0.486262
28	16	0.717949	0.410256	-0.126478	-0.110842	-0.493301
28	17	0.717949	0.435897	-0.133691	-0.12293	-0.473336
28	18	0.717949	0.461538	-0.139658	-0.135027	-0.476942
28	19	0.717949	0.487179	-0.145896	-0.147632	-0.46248
28	20	0.717949	0.512821	-0.15043	-0.159494	-0.4522
28	21	0.717949	0.538462	-0.154162	-0.171646	-0.45019
28	22	0.717949	0.564103	-0.156274	-0.18253	-0.423292
28	23	0.717949	0.589744	-0.15548	-0.192859	-0.431083
28	24	0.717949	0.615385	-0.153225	-0.201591	-0.394358
28	25	0.717949	0.641026	-0.145506	-0.208427	-0.401586
28	26	0.717949	0.666667	-0.135537	-0.21334	-0.367169
28	27	0.717949	0.692308	-0.11801	-0.214793	-0.361079
28	28	0.717949	0.717949	-0.0954104	-0.21391	-0.341928
28	29	0.717949	0.74359	-0.0642982	-0.208139	-0.311532
28	30	0.717949	0.769231	-0.0228513	-0.199624	-0.318498
28	31	0.717949	0.794872	0.0270759	-0.185573	-0.259397
28	32	0.717949	0.820513	0.0940267	-0.168543	-0.295723
28	33	0.717949	0.846154	0.169656	-0.14715	-0.219404
28	34	0.717949	0.871795	0.267779	-0.123131	-0.27274
28	35	0.717949	0.897436	0.376468	-0.098486	-0.211814
28	36	0.717949	0.923077	0.508797	-0.07339	-0.259384
28	37	0.717949	0.948718	0.654823	-0.0525716	-0.242775
28	38	0.717949	0.974359	0.820436	-0.0412697	-0.320314
28	39	0.717949	1	1	0	0
29	0	0.74359	0	0	0	-0.558727
29	1	0.74359	0.025641	-0.00933935	-0.00119729	-0.558727
29	2	0.74359	0.0512821	-0.0181071	-0.00300792	-0.563013
29	3	0.74359	0.0769231	-0.0262396	-0.00597066	-0.567212
29	4	0.74359	0.102564	-0.0340046	-0.00985272	-0.568586
29	5	0.74359	0.128205	-0.0411831	-0.0145598	-0.571226
29	6	0.74359	0.153846	-0.048227	-0.020188	-0.572799
29	7	0.74359	0.179487	-0.0548992	-0.0264759	-0.571432
29	8	0.74359	0.205128	-0.0614627	-0.0336629	-0.574795
29	9	0.74359	0.230769	-0.068052	-0.0415444	-0.569711
29	10	0.74359	0.25641	-0.0743654	-0.0501404	-0.572255
29	11	0.74359	0.282051	-0.081085	-0.0596189	-0.567675
29	12	0.74359	0.307692	-0.0874289	-0.0695781	-0.564313
29	13	0.74359	0.333333	-0.0942125	-0.0805062	-0.564085
29	14	0.74359	0.358974	-0.100839	-0.0918643	-0.553067
29	15	0.74359	0.384615	-0.107434	-0.103954	-0.555218
29	16	0.74359	0.410256	-0.114335	-0.116643	-0.541391
29	17	0.74359	0.435897	-0.120454	-0.129571	-0.538387
29	18	0.74359	0.461538	-0.127125	-0.1432	-0.529144
29	19	0.74359	0.487179	-0.132466	-0.156615	-0.514848
29	20	0.74359	0.512821	-0.13783	-0.170392	-0.512143
29	21	0.74359	0.538462	-0.141835	-0.183718	-0.488527
29	22	0.74359	0.564103	-0.144335	-0.196518	-0.485516
29	23	0.74359	0.589744	-0.145757	-0.20865	-0.461584
29	24	0.74359	0.615385	-0.143452	-0.21909	-0.44815
29	25	0.74359	0.641026	-0.139879	-0.228229	-0.43152
29	26	0.74359	0.666667	-0.130359	-0.234583	-0.403655
29	27	0.74359	0.692308	-0.117852	-0.238362	-0.393204
29	28	0.74359	0.717949	-0.0978425	-0.238478	-0.357142
29	29	0.74359	0.74359	-0.0707881	-0.234387	-0.344255
29	30	0.74359	0.769231	-0.035474	-0.225942	-0.311841
29	31	0.74359	0.794872	0.0132051	-0.212084	-0.289329
29	32	0.74359	0.820513	0.0708633	-0.193626	-0.270125
29	33	0.74359	0.846154	0.14892	-0.170009	-0.240787
29	34	0.74359	0.871795	0.238049	-0.142893	-0.238906
29	35	0.74359	0.897436	0.352365	-0.113411	-0.217082
29	36	0.74359	0.923077	0.481722	-0.0841872	-0.234396
29	37	0.74359	0.948718	0.635977	-0.0579601	-0.234995
29	38	0.74359	0.974359	0.808318	-0.0434716	-0.314701
29	39	0.74359	1	1	0	0
30	0	0.769231	0	0	0	-0.62092
30	1	0.769231	0.025641	-0.00800825	-0.00114672	-0.62092
30	2	0.769231	0.0512821	-0.0156055	-0.00292782	-0.62561
30	3	0.769231	0.0769231	-0.0228317	-0.00583264	-0.628861
30	4	0.769231	0.102564	-0.0295323	-0.00963921	-0.630972
30	5	0.769231	0.128205	-0.036024	-0.0144083	-0.634162
30	6	0.769231	0.153846	-0.0420789	-0.0199564	-0.633227
30	7	0.769231	0.179487	-0.0480286	-0.0263973	-0.636811
30	8	0.769231	0.205128	-0.0538357	-0.0336535	-0.633647
30	9	0.769231	0.230769	-0.059459	-0.0416395	-0.635119
30	10	0.769231	0.25641	-0.0653188	-0.0505882	-0.633168
30	11	0.769231	0.282051	-0.0708815	-0.0601065	-0.628615
30	12	0.769231	0.307692	-0.0768708	-0.0706296	-0.630261
30	13	0.769231	0.333333	-0.0826633	-0.0817613	-0.619312
30	14	0.769231	0.358974	-0.0886693	-0.0936547	-0.621312
30	15	0.769231	0.384615	-0.0948434	-0.106407	-0.609647
30	16	0.769231	0.410256	-0.100695	-0.119488	-0.603962
30	17	0.769231	0.435897	-0.107056	-0.133583	-0.598776
30	18	0.769231	0.461538	-0.112589	-0.147709	-0.580009
30	19	0.769231	0.487179	-0.118493	-0.162512	-0.58146
30	20	0.769231	0.512821	-0.123411	-0.177373	-0.554122
30	21	0.769231	0.538462	-0.127805	-0.191978	-0.551637
30	22	0.769231	0.564103	-0.131362	-0.206745	-0.528772
30	23	0.769231	0.589744	-0.132844	-0.220063	-0.507824
30	24	0.769231	0.615385	-0.133457	-0.233114	-0.50003
30	25	0.769231	0.641026	-0.130175	-0.243759	-0.455284
30	26	0.769231	0.666667	-0.125056	-0.25267	-0.458666
30	27	0.769231	0.692308	-0.114341	-0.258655	-0.402606
30	28	0.769231	0.717949	-0.099136	-0.260485	-0.396759
30	29	0.769231	0.74359	-0.0768264	-0.259021	-0.355361
30	30	0.769231	0.769231	-0.0452773	-0.25089	-0.315892
30	31	0.769231	0.794872	-0.00481921	-0.238816	-0.312387
30	32	0.769231	0.820513	0.0514035	-0.21895	-0.232166
30	33	0.769231	0.846154	0.119637	-0.194421	-0.269546
30	34	0.769231	0.871795	0.210462	-0.164051	-0.174702
30	35	0.769231	0.897436	0.318341	-0.129885	-0.232241
30	36	0.769231	0.923077	0.453283	-0.096087	-0.17591
30	37	0.769231	0.948718	0.610504	-0.0633094	-0.226069
30	38	0.769231	0.974359	0.793929	-0.0450365	-0.287861
30	39	0.769231	1	1	0	0
31	0	0.794872	0	0	0	-0.684192
31	1	0.794872	0.025641	-0.00672178	-0.00105042	-0.684192
31	2	0.794872	0.0512821	-0.0132523	-0.00273394	-0.688832
31	3	0.794872	0.0769231	-0.0194106	-0.00543538	-0.691089
31	4	0.794872	0.102564	-0.0252986	-0.00915244	-0.695451
31	5	0.794872	0.128205	-0.0307702	-0.0136949	-0.69467
31	6	0.794872	0.153846	-0.0360744	-0.01917	-0.699516
31	7	0.794872	0.179487	-0.0411364	-0.0255135	-0.696731
31	8	0.794872	0.205128	-0.0460539	-0.0326084	-0.699219
31	9	0.794872	0.230769	-0.0510244	-0.0407292	-0.698119
31	10	0.794872	0.25641	-0.0558024	-0.049431	-0.693994
31	11	0.794872	0.282051	-0.0608616	-0.0592203	-0.697226
31	12	0.794872	0.307692	-0.065776	-0.0696439	-0.685862
31	13	0.794872	0.333333	-0.0709466	-0.0809282	-0.690134
31	14	0.794872	0.358974	-0.0762051	-0.0931675	-0.677585
31	15	0.794872	0.384615	-0.0814372	-0.105832	-0.673874
31	16	0.794872	0.410256	-0.0870307	-0.119747	-0.668732
31	17	0.794872	0.435897	-0.0922671	-0.133793	-0.649792
31	18	0.794872	0.461538	-0.0978811	-0.148916	-0.653865
31	19	0.794872	0.487179	-0.102984	-0.164295	-0.622944
31	20	0.794872	0.512821	-0.108016	-0.179917	-0.625569
31	21	0.794872	0.538462	-0.112556	-0.196171	-0.597078
31	22	0.794872	0.564103	-0.116145	-0.211467	-0.580293
31	23	0.794872	0.589744	-0.11914	-0.227386	-0.56933
31	24	0.794872	0.615385	-0.120058	-0.241341	-0.521921
31	25	0.794872	0.641026	-0.119713	-0.254823	-0.529537
31	26	0.794872	0.666667	-0.116019	-0.265874	-0.459743
31	27	0.794872	0.692308	-0.109391	-0.274022	-0.465668
31	28	0.794872	0.717949	-0.0978177	-0.279579	-0.401942
31	29	0.794872	0.74359	-0.0802464	-0.279006	-0.372862
31	30	0.794872	0.769231	-0.0552748	-0.275261	-0.349197
31	31	0.794872	0.794872	-0.0195192	-0.262691	-0.261714
31	32	0.794872	0.820513	0.0277861	-0.245426	-0.294283
31	33	0.794872	0.846154	0.0924621	-0.219079	-0.161412
31	34	0.794872	0.871795	0.175192	-0.186539	-0.233035
31	35	0.794872	0.897436	0.28288	-0.149099	-0.113438
31	36	0.794872	0.923077	0.416504	-0.107695	-0.187708
31	37	0.794872	0.948718	0.580846	-0.0706052	-0.149696
31	38	0.794872	0.974359	0.775381	-0.0444388	-0.254418
31	39	0.794872	1	1	0	0
32	0	0.820513	0	0	0	-0.748397
32	1	0.820513	0.025641	-0.0055591	-0.000920488	-0.748397
32	2	0.820513	0.0512821	-0.0110376	-0.0023597	-0.751948
32	3	0.820513	0.0769231	-0.0162775	-0.00488482	-0.756278
32	4	0.820513	0.102564	-0.0211755	-0.00823217	-0.756377
32	5	0.820513	0.128205	-0.025821	-0.0125661	-0.761984
32	6	0.820513	0.153846	-0.0301998	-0.0177541	-0.759479
32	7	0.820513	0.179487	-0.0343983	-0.023755	-0.763826
32	8	0.820513	0.205128	-0.0385299	-0.0307703	-0.762248
32	9	0.820513	0.230769	-0.0425236	-0.0383863	-0.76055
32	10	0.820513	0.25641	-0.046632	-0.0471351	-0.763561
32	11	0.820513	0.282051	-0.0506769	-0.0564693	-0.753613
32	12	0.820513	0.307692	-0.0548811	-0.0667891	-0.759571
32	13	0.820513	0.333333	-0.0591832	-0.0779969	-0.746036
32	14	0.820513	0.358974	-0.0635435	-0.0897836	-0.746432
32	15	0.820513	0.384615	-0.06817	-0.102864	-0.738516
32	16	0.820513	0.410256	-0.0727307	-0.116177	-0.724096
32	17	0.820513	0.435897	-0.0775613	-0.130845	-0.726639
32	18	0.820513	0.461538	-0.0822998	-0.145812	-0.696899
32	19	0.820513	0.487179	-0.0870538	-0.161557	-0.702671
32	20	0.820513	0.512821	-0.0917371	-0.178065	-0.669426
32	21	0.820513	0.538462	-0.0960006	-0.194293	-0.660958
32	22	0.820513	0.564103	-0.10003	-0.211629	-0.640858
32	23	0.820513	0.589744	-0.103155	-0.227662	-0.602375
32	24	0.820513	0.615385	-0.105444	-0.244292	-0.602676
32	25	0.820513	0.641026	-0.106246	-0.259067	-0.533992
32	26	0.820513	0.666667	-0.105028	-0.272593	-0.541957
32	27	0.820513	0.692308	-0.101262	-0.284113	-0.463977
32	28	0.820513	0.717949	-0.0936071	-0.291326	-0.448892
32	29	0.820513	0.74359	-0.0811761	-0.296088	-0.395048
32	30	0.820513	0.769231	-0.0619321	-0.293092	-0.325346
32	31	0.820513	0.794872	-0.0336228	-0.285983	-0.321383
32	32	0.820513	0.820513	0.00635798	-0.268716	-0.191116
32	33	0.820513	0.846154	0.0626528	-0.244428	-0.235003
32	34	0.820513	0.871795	0.13857	-0.210654	-0.0845371
32	35	0.820513	0.897436	0.241117	-0.168452	-0.146849
32	36	0.820513	0.923077	0.374067	-0.12325	-0.0551624
32	37	0.820513	0.948718	0.544022	-0.0760258	-0.113194
32	38	0.820513	0.974359	0.752086	-0.0439265	-0.173834
32	39	0.820513	1	1	0	0
33	0	0.846154	0	0	0	-0.813068
33	1	0.846154	0.025641	-0.00456217	-0.000692943	-0.813068
33	2	0.846154	0.0512821	-0.00911268	-0.00192827	-0.817065
33	3	0.846154	0.0769231	-0.0134237	-0.00400705	-0.818479
33	4	0.846154	0.102564	-0.0174319	-0.00706675	-0.823725
33	5	0.846154	0.128205	-0.0211796	-0.0109405	-0.822383
33	6	0.846154	0.153846	-0.024671	-0.0156989	-0.827927
33	7	0.846154	0.179487	-0.0280466	-0.0213924	-0.826012
33	8	0.846154	0.205128	-0.0312654	-0.0277476	-0.827451
33	9	0.846154	0.230769	-0.0344906	-0.0351889	-0.828964
33	10	0.846154	0.25641	-0.0376903	-0.0431802	-0.822557
33	11	0.846154	0.282051	-0.0409252	-0.0522233	-0.828151
33	12	0.846154	0.307692	-0.0442991	-0.0620093	-0.815814
33	13	0.846154	0.333333	-0.0476746	-0.0725398	-0.819384
33	14	0.846154	0.358974	-0.0513042	-0.0842234	-0.808909
33	15	0.846154	0.384615	-0.0549472	-0.0962902	-0.800987
33	16	0.846154	0.410256	-0.0587943	-0.109762	-0.799236
33	17	0.846154	0.435897	-0.0627775	-0.123564	-0.775578
33	18	0.846154	0.461538	-0.0667376	-0.138512	-0.780077
33	19	0.846154	0.487179	-0.0709654	-0.154173	-0.747435
33	20	0.846154	0.512821	-0.0749145	-0.170213	-0.744793
33	21	0.846154	0.538462	-0.0790278	-0.18746	-0.717367
33	22	0.846154	0.564103	-0.0827541	-0.204192	-0.691341
33	23	0.846154	0.589744	-0.0861059	-0.222118	-0.67948
33	24	0.846154	0.615385	-0.089065	-0.238937	-0.623198
33	25	0.846154	0.641026	-0.0906894	-0.255884	-0.622496
33	26	0.846154	0.666667	-0.0915993	-0.27151	-0.545993
33	27	0.846154	0.692308	-0.0899479	-0.284992	-0.534883
33	28	0.846154	0.717949	-0.0861988	-0.296812	-0.462175
33	29	0.846154	0.74359	-0.0783122	-0.303326	-0.411521
33	30	0.846154	0.769231	-0.064952	-0.306754	-0.367269
33	31	0.846154	0.794872	-0.044647	-0.30153	-0.259936
33	32	0.846154	0.820513	-0.0124108	-0.28994	-0.25244
33	33	0.846154	0.846154	0.0329022	-0.267313	-0.104644
33	34	0.846154	0.871795	0.100907	-0.234217	-0.11987
33	35	0.846154	0.897436	0.194092	-0.191027	0.0102696
33	36	0.846154	0.923077	0.325144	-0.138069	-0.0146056
33	37	0.846154	0.948718	0.498532	-0.0846064	0.0194253
33	38	0.846154	0.974359	0.72254	-0.0400468	-0.0685331
33	39	0.846154	1	1	0	0
34	0	0.871795	0	0	0	-0.878248
34	1	0.871795	0.025641	-0.00379592	-0.000448035	-0.878248
34	2	0.871795	0.0512821	-0.00753939	-0.00128329	-0.880805
34	3	0.871795	0.0769231	-0.0109789	-0.00302116	-0.884882
34	4	0.871795	0.102564	-0.0141418	-0.00552413	-0.885411
34	5	0.871795	0.128205	-0.016977	-0.00894044	-0.890909
34	6	0.871795	0.153846	-0.0196739	-0.0131939	-0.88983
34	7	0.871795	0.179487	-0.0221547	-0.018182	-0.893585
34	8	0.871795	0.205128	-0.0246027	-0.0241288	-0.893867
34	9	0.871795	0.230769	-0.0269976	-0.0306369	-0.891769
34	10	0.871795	0.25641	-0.029357	-0.0381511	-0.89554
34	11	0.871795	0.282051	-0.0318586	-0.0462772	-0.88683
34	12	0.871795	0.307692	-0.0342773	-0.0552417	-0.891177
34	13	0.871795	0.333333	-0.0369658	-0.0651257	-0.880649
34	14	0.871795	0.358974	-0.0396118	-0.0755511	-0.878068
34	15	0.871795	0.384615	-0.0424686	-0.0872187	-0.872348
34	16	0.871795	0.410256	-0.0454832	-0.0992895	-0.856806
34	17	0.871795	0.435897	-0.048467	-0.112608	-0.857128
34	18	0.871795	0.461538	-0.0518583	-0.126556	-0.830327
34	19	0.871795	0.487179	-0.0549801	-0.141326	-0.828759
34	20	0.871795	0.512821	-0.0585487	-0.157182	-0.799992
34	21	0.871795	0.538462	-0.0618456	-0.173223	-0.783427
34	22	0.871795	0.564103	-0.0652045	-0.190604	-0.762196
34	23	0.871795	0.589744	-0.0685644	-0.207666	-0.721301
34	24	0.871795	0.615385	-0.0712082	-0.225652	-0.708284
34	25	0.871795	0.641026	-0.074079	-0.243094	-0.644535
34	26	0.871795	0.666667	-0.0753293	-0.260133	-0.627544
34	27	0.871795	0.692308	-0.0763393	-0.27639	-0.553366
34	28	0.871795	0.717949	-0.0748904	-0.290022	-0.511364
34	29	0.871795	0.74359	-0.071223	-0.301877	-0.442834
34	30	0.871795	0.769231	-0.0638619	-0.30815	-0.357342
34	31	0.871795	0.794872	-0.0498021	-0.309887	-0.303038
34	32	0.871795	0.820513	-0.0285479	-0.302508	-0.173366
34	33	0.871795	0.846154	0.00801939	-0.285597	-0.128169
34	34	0.871795	0.871795	0.0614431	-0.25611	0.0160361
34	35	0.871795	0.897436	0.145791	-0.212264	0.0574832
34	36	0.871795	0.923077	0.267432	-0.156521	0.152664
34	37	0.871795	0.948718	0.444003	-0.0922459	0.152783
34	38	0.871795	0.974359	0.683902	-0.0347079	0.107816
34	39	0.871795	1	1	0	0
35	0	0.897436	0	0	0	-0.943013
35	1	0.897436	0.025641	-0.00331929	-0.000107384	-0.943013
35	2	0.897436	0.0512821	-0.00636877	-0.000600587	-0.945922
35	3	0.897436	0.0769231	-0.00904535	-0.00179056	-0.947997
35	4	0.897436	0.102564	-0.0113223	-0.00383744	-0.952715
35	5	0.897436	0.128205	-0.0134074	-0.00664595	-0.953524
35	6	0.897436	0.153846	-0.0152237	-0.0102226	-0.958204
35	7	0.897436	0.179487	-0.0169973	-0.0146024	-0.958648
35	8	0.897436	0.205128	-0.0186586	-0.0195722	-0.960018
35	9	0.897436	0.230769	-0.0202802	-0.0254014	-0.962134
35	10	0.897436	0.25641	-0.0219888	-0.0317631	-0.958068
35	11	0.897436	0.282051	-0.0235821	-0.0389324	-0.961398
35	12	0.897436	0.307692	-0.0254237	-0.0467933	-0.953562
35	13	0.897436	0.333333	-0.0271465	-0.0552812	-0.953672
35	14	0.897436	0.358974	-0.029106	-0.0647333	-0.946582
35	15	0.897436	0.384615	-0.0311245	-0.0746688	-0.938034
35	16	0.897436	0.410256	-0.0331657	-0.0857134	-0.934335
35	17	0.897436	0.435897	-0.0355577	-0.0973307	-0.915655
35	18	0.897436	0.461538	-0.0377171	-0.109916	-0.912003
35	19	0.897436	0.487179	-0.0403966	-0.123397	-0.887451
35	20	0.897436	0.512821	-0.0427975	-0.137498	-0.875373
35	21	0.897436	0.538462	-0.0455371	-0.152804	-0.851193
35	22	0.897436	0.564103	-0.0482795	-0.168408	-0.822467
35	23	0.897436	0.589744	-0.0508117	-0.185188	-0.800648
35	24	0.897436	0.615385	-0.0537781	-0.202114	-0.752511
35	25	0.897436	0.641026	-0.0558583	-0.21964	-0.727011
35	26	0.897436	0.666667	-0.0584974	-0.237201	-0.663151
35	27	0.897436	0.692308	-0.059749	-0.254173	-0.621036
35	28	0.897436	0.717949	-0.0607872	-0.270649	-0.547825
35	29	0.897436	0.74359	-0.0600543	-0.284674	-0.474652
35	30	0.897436	0.769231	-0.0567647	-0.29645	-0.39483
35	31	0.897436	0.794872	-0.0503666	-0.302918	-0.282481
35	32	0.897436	0.820513	-0.03627	-0.303106	-0.190837
35	33	0.897436	0.846154	-0.0136113	-0.293393	-0.0460002
35	34	0.897436	0.871795	0.0280366	-0.27056	0.0635717
35	35	0.897436	0.897436	0.0946133	-0.231701	0.209314
35	36	0.897436	0.923077	0.205095	-0.173949	0.310991
35	37	0.897436	0.948718	0.376757	-0.102131	0.372822
35	38	0.897436	0.974359	0.633441	-0.0251038	0.37148
35	39	0.897436	1	1	0	0
36	0	0.923077	0	0	0	-1.00699
36	1	0.923077	0.025641	-0.00318026	0.000241222	-1.00699
36	2	0.923077	0.0512821	-0.00568281	0.00019314	-1.00957
36	3	0.923077	0.0769231	-0.00758857	-0.000576191	-1.01358
36	4	0.923077	0.102564	-0.00915579	-0.00204808	-1.01649
36	5	0.923077	0.128205	-0.0104144	-0.00425328	-1.0213
36	6	0.923077	0.153846	-0.0116031	-0.00712333	-1.02328
36	7	0.923077	0.179487	-0.0126407	-0.0105728	-1.02666
36	8	0.923077	0.205128	-0.0136627	-0.0146873	-1.02852
36	9	0.923077	0.230769	-0.0146938	-0.0192794	-1.02844
36	10	0.923077	0.25641	-0.0156402	-0.0245327	-1.03061
36	11	0.923077	0.282051	-0.0167584	-0.0303009	-1.02681
36	12	0.923077	0.307692	-0.0177383	-0.036658	-1.02751
36	13	0.923077	0.333333	-0.0189393	-0.0436905	-1.02191
36	14	0.923077	0.358974	-0.0200954	-0.0512237	-1.01772
36	15	0.923077	0.384615	-0.0213375	-0.0595894	-1.01236
36	16	0.923077	0.410256	-0.0227737	-0.0684766	-1.00098
36	17	0.923077	0.435897	-0.0240693	-0.0782196	-0.995035
36	18	0.923077	0.461538	-0.0257747	-0.0886669	-0.977243
36	19	0.923077	0.487179	-0.027232	-0.0998545	-0.966342
36	20	0.923077	0.512821	-0.0290844	-0.111991	-0.944797
36	21	0.923077	0.538462	-0.0308503	-0.124733	-0.923428
36	22	0.923077	0.564103	-0.032704	-0.138545	-0.899165
36	23	0.923077	0.589744	-0.0348413	-0.152918	-0.863755
36	24	0.923077	0.615385	-0.0366206	-0.168225	-0.833496
36	25	0.923077	0.641026	-0.0389944	-0.184104	-0.783208
36	26	0.923077	0.666667	-0.0406875	-0.20048	-0.739377
36	27	0.923077	0.692308	-0.0428762	-0.217269	-0.673979
36	28	0.923077	0.717949	-0.0443093	-0.233759	-0.606743
36	29	0.923077	0.74359	-0.0453883	-0.249889	-0.52299
36	30	0.923077	0.769231	-0.0455046	-0.264266	-0.422785
36	31	0.923077	0.794872	-0.043107	-0.276088	-0.311457
36	32	0.923077	0.820513	-0.0377845	-0.283078	-0.171398
36	33	0.923077	0.846154	-0.0244595	-0.282431	-0.019254
36	34	0.923077	0.871795	0.000389153	-0.270218	0.159843
36	35	0.923077	0.897436	0.0493971	-0.240711	0.351282
36	36	0.923077	0.923077	0.138319	-0.18847	0.537429
36	37	0.923077	0.948718	0.297649	-0.111839	0.676441
36	38	0.923077	0.974359	0.565582	-0.0106456	0.780378
36	39	0.923077	1	1	0	0
37	0	0.948718	0	0	0	-1.06802
37	1	0.948718	0.025641	-0.00332648	0.000573938	-1.06802
37	2	0.948718	0.0512821	-0.00530297	0.000866056	-1.07183
37	3	0.948718	0.0769231	-0.00654962	0.000502512	-1.07636
37	4	0.948718	0.102564	-0.00738753	-0.000500284	-1.08156
37	5	0.948718	0.128205	-0.00808713	-0.00204732	-1.08567
37	6	0.948718	0.153846	-0.00864008	-0.00408461	-1.09016
37	7	0.948718	0.179487	-0.00918918	-0.0065883	-1.09321
37	8	0.948718	0.205128	-0.00969896	-0.00948233	-1.09574
37	9	0.948718	0.230769	-0.0101776	-0.0128283	-1.09788
37	10	0.948718	0.25641	-0.0107324	-0.0165435	-1.09774
37	11	0.948718	0.282051	-0.0111928	-0.0206955	-1.09851
37	12	0.948718	0.307692	-0.0118027	-0.0252762	-1.09591
37	13	0.948718	0.333333	-0.0123313	-0.0302683	-1.09388
37	14	0.948718	0.358974	-0.0129626	-0.0357859	-1.08947
37	15	0.948718	0.384615	-0.0136454	-0.0417255	-1.08305
37	16	0.948718	0.410256	-0.0142852	-0.0482578	-1.07661
37	17	0.948718	0.435897	-0.0151467	-0.0553	-1.06514
37	18	0.948718	0.461538	-0.0158511	-0.0629456	-1.0548
37	19	0.948718	0.487179	-0.0168385	-0.0712449	-1.03844
37	20	0.948718	0.512821	-0.0177138	-0.0801412	-1.02125
37	21	0.948718	0.538462	-0.0187506	-0.089816	-0.999557
37	22	0.948718	0.564103	-0.0198824	-0.100122	-0.972746
37	23	0.948718	0.589744	-0.0209435	-0.111248	-0.943285
37	24	0.948718	0.615385	-0.0223367	-0.123084	-0.904521
37	25	0.948718	0.641026	-0.0234795	-0.135687	-0.862502
37	26	0.948718	0.666667	-0.0250482	-0.149046	-0.80868
37	27	0.948718	0.692308	-0.0263602	-0.163019	-0.747363
37	28	0.948718	0.717949	-0.0279294	-0.177601	-0.672366
37	29	0.948718	0.74359	-0.029341	-0.192437	-0.58294
37	30	0.948718	0.769231	-0.0304639	-0.207212	-0.475186
37	31	0.948718	0.794872	-0.0311231	-0.221181	-0.345166
37	32	0.948718	0.820513	-0.0299545	-0.233029	-0.185678
37	33	0.948718	0.846154	-0.0256877	-0.240742	0.00332335
37	34	0.948718	0.871795	-0.013647	-0.240404	0.238014
37	35	0.948718	0.897436	0.0141296	-0.226199	0.503055
37	36	0.948718	0.923077	0.0755803	-0.188521	0.811662
37	37	0.948718	0.948718	0.206264	-0.118097	1.0813
37	38	0.948718	0.974359	0.471639	0.00959452	1.41957
37	39	0.948718	1	1	0	0
38	0	0.974359	0	0	0	-1.13187
38	1	0.974359	0.025641	-0.00439727	0.000703825	-1.13187
38	2	0.974359	0.0512821	-0.00601865	0.00115659	-1.14041
38	3	0.974359	0.0769231	-0.00672999	0.000983936	-1.14808
38	4	0.974359	0.102564	-0.0071349	0.000427638	-1.15499
38	5	0.974359	0.128205	-0.00739801	-0.000432844	-1.1611
38	6	0.974359	0.153846	-0.0076369	-0.00154872	-1.16627
38	7	0.974359	0.179487	-0.00783483	-0.00289249	-1.17067
38	8	0.974359	0.205128	-0.00803116	-0.00446227	-1.17418
38	9	0.974359	0.230769	-0.00823906	-0.00623792	-1.17671
38	10	0.974359	0.25641	-0.00841454	-0.00823617	-1.17842
38	11	0.974359	0.282051	-0.00864944	-0.0104498	-1.17887
38	12	0.974359	0.307692	-0.00883576	-0.0128902	-1.17839
38	13	0.974359	0.333333	-0.00908482	-0.015578	-1.17648
38	14	0.974359	0.358974	-0.009325	-0.0185084	-1.17322
38	15	0.974359	0.384615	-0.00957377	-0.0217254	-1.16848
38	16	0.974359	0.410256	-0.009892	-0.0252224	-1.16174
38	17	0.974359	0.435897	-0.010155	-0.0290412	-1.15327
38	18	0.974359	0.461538	-0.0105386	-0.0331992	-1.14218
38	19	0.974359	0.487179	-0.010861	-0.0377141	-1.12859
38	20	0.974359	0.512821	-0.0112793	-0.0426348	-1.11183
38	21	0.974359	0.538462	-0.0117064	-0.0479615	-1.09133
38	22	0.974359	0.564103	-0.0121492	-0.0537537	-1.06673
38	23	0.974359	0.589744	-0.012697	-0.0600215	-1.03689
38	24	0.974359	0.615385	-0.0131959	-0.0668074	-1.00111
38	25	0.974359	0.641026	-0.0138539	-0.0741496	-0.95825
38	26	0.974359	0.666667	-0.0144686	-0.0820675	-0.906365
38	27	0.974359	0.692308	-0.0152283	-0.0906127	-0.844319
38	28	0.974359	0.717949	-0.0160079	-0.0997964	-0.768621
38	29	0.974359	0.74359	-0.0168669	-0.109629	-0.676652
38	30	0.974359	0.769231	-0.0177454	-0.120095	-0.563648
38	31	0.974359	0.794872	-0.0185115	-0.131024	-0.422131
38	32	0.974359	0.820513	-0.0187919	-0.142144	-0.245589
38	33	0.974359	0.846154	-0.0178075	-0.152574	-0.0167233
38	34	0.974359	0.871795	-0.0131699	-0.160612	0.275919
38	35	0.974359	0.897436	7.0591e-05	-0.162324	0.662381
38	36	0.974359	0.923077	0.0354691	-0.149093	1.16013
38	37	0.974359	0.948718	0.125723	-0.106119	1.75106
38	38	0.974359	0.974359	0.35837	0.0312326	2.63647
38	39	0.974359	1	1	0	0
39	0	1	0	0	0	-1.13187
39	1	1	0.025641	0	0	-1.13187
39	2	1	0.0512821	0	0	-1.14041
39	3	1	0.0769231	0	0	-1.14808
39	4	1	0.102564	0	0	-1.15499
39	5	1	0.128205	0	0	-1.1611
39	6	1	0.153846	0	0	-1.16627
39	7	1	0.179487	0	0	-1.17067
39	8	1	0.205128	0	0	-1.17418
39	9	1	0.230769	0	0	-1.17671
39	10	1	0.25641	0	0	-1.17842
39	11	1	0.282051	0	0	-1.17887
39	12	1	0.307692	0	0	-1.17839
39	13	1	0.333333	0	0	-1.17648
39	14	1	0.358974	0	0	-1.17322
39	15	1	0.384615	0	0	-1.16848
39	16	1	0.410256	0	0	-1.16174
39	17	1	0.435897	0	0	-1.15327
39	18	1	0.461538	0	0	-1.14218
39	19	1	0.487179	0	0	-1.12859
39	20	1	0.512821	0	0	-1.11183
39	21	1	0.538462	0	0	-1.09133
39	22	1	0.564103	0	0	-1.06673
39	23	1	0.589744	0	0	-1.03689
39	24	1	0.615385	0	0	-1.00111
39	25	1	0.641026	0	0	-0.95825
39	26	1	0.666667	0	0	-0.906365
39	27	1	0.692308	0	0	-0.844319
39	28	1	0.717949	0	0	-0.768621
39	29	1	0.74359	0	0	-0.676652
39	30	1	0.769231	0	0	-0.563648
39	31	1	0.794872	0	0	-0.422131
39	32	1	0.820513	0	0	-0.245589
39	33	1	0.846154	0	0	-0.0167233
39	34	1	0.871795	0	0	0.275919
39	35	1	0.897436	0	0	0.662381
39	36	1	0.923077	0	0	1.16013
39	37	1	0.948718	0	0	1.75106
39	38	1	0.974359	0	0	2.63647
39	39	1	1	1	0	0
