# i		j		x		y		u		v		p
# nx		ny		
# 40		40
# =================================
0	0	0	0	0	0	6.4544
0	1	0	0.025641	0	0	6.4544
0	2	0	0.0512821	0	0	6.47563
0	3	0	0.0769231	0	0	6.56556
0	4	0	0.102564	0	0	6.42788
0	5	0	0.128205	0	0	6.73874
0	6	0	0.153846	0	0	6.4721
0	7	0	0.179487	0	0	6.80909
0	8	0	0.205128	0	0	6.76493
0	9	0	0.230769	0	0	6.72761
0	10	0	0.25641	0	0	7.26387
0	11	0	0.282051	0	0	6.65632
0	12	0	0.307692	0	0	7.69883
0	13	0	0.333333	0	0	6.88194
0	14	0	0.358974	0	0	7.78017
0	15	0	0.384615	0	0	7.59673
0	16	0	0.410256	0	0	7.51727
0	17	0	0.435897	0	0	8.6334
0	18	0	0.461538	0	0	7.27396
0	19	0	0.487179	0	0	9.36575
0	20	0	0.512821	0	0	7.51552
0	21	0	0.538462	0	0	9.23377
0	22	0	0.564103	0	0	8.49187
0	23	0	0.589744	0	0	8.44294
0	24	0	0.615385	0	0	9.88779
0	25	0	0.641026	0	0	7.71329
0	26	0	0.666667	0	0	10.5289
0	27	0	0.692308	0	0	7.57174
0	28	0	0.717949	0	0	9.5074
0	29	0	0.74359	0	0	7.97043
0	30	0	0.769231	0	0	7.65233
0	31	0	0.794872	0	0	8.26167
0	32	0	0.820513	0	0	6.54977
0	33	0	0.846154	0	0	7.09814
0	34	0	0.871795	0	0	6.53113
0	35	0	0.897436	0	0	4.14181
0	36	0	0.923077	0	0	5.69287
0	37	0	0.948718	0	0	1.67742
0	38	0	0.974359	0	0	2.32058
0	39	0	1	1	0	0
1	0	0.025641	0	0	0	6.4544
1	1	0.025641	0.025641	-0.00700988	-0.00681375	6.4544
1	2	0.025641	0.0512821	-0.0153855	-0.018502	6.47563
1	3	0.025641	0.0769231	0.00331375	-0.019819	6.56556
1	4	0.025641	0.102564	-0.0323353	-0.0357154	6.42788
1	5	0.025641	0.128205	0.0194837	-0.0399393	6.73874
1	6	0.025641	0.153846	-0.0369152	-0.0487408	6.4721
1	7	0.025641	0.179487	0.0107474	-0.0679745	6.80909
1	8	0.025641	0.205128	-0.00719507	-0.0621804	6.76493
1	9	0.025641	0.230769	-0.0347307	-0.0960425	6.72761
1	10	0.025641	0.25641	0.048051	-0.0834183	7.26387
1	11	0.025641	0.282051	-0.0885079	-0.113249	6.65632
1	12	0.025641	0.307692	0.0841373	-0.116362	7.69883
1	13	0.025641	0.333333	-0.0914843	-0.119673	6.88194
1	14	0.025641	0.358974	0.0493146	-0.159704	7.78017
1	15	0.025641	0.384615	-0.0106905	-0.131218	7.59673
1	16	0.025641	0.410256	-0.0668509	-0.196857	7.51727
1	17	0.025641	0.435897	0.109569	-0.155132	8.6334
1	18	0.025641	0.461538	-0.189714	-0.197387	7.27396
1	19	0.025641	0.487179	0.174873	-0.184581	9.36575
1	20	0.025641	0.512821	-0.193764	-0.167294	7.51552
1	21	0.025641	0.538462	0.105528	-0.222983	9.23377
1	22	0.025641	0.564103	-0.0433471	-0.153778	8.49187
1	23	0.025641	0.589744	-0.103172	-0.2454	8.44294
1	24	0.025641	0.615385	0.144178	-0.151103	9.88779
1	25	0.025641	0.641026	-0.316804	-0.180297	7.71329
1	26	0.025641	0.666667	0.230636	-0.115265	10.5289
1	27	0.025641	0.692308	-0.334271	-0.0422598	7.57174
1	28	0.025641	0.717949	0.147928	-0.0689915	9.5074
1	29	0.025641	0.74359	-0.129285	0.0518607	7.97043
1	30	0.025641	0.769231	-0.0809328	-0.0214322	7.65233
1	31	0.025641	0.794872	0.0827094	0.087101	8.26167
1	32	0.025641	0.820513	-0.272071	0.109272	6.54977
1	33	0.025641	0.846154	0.110573	0.158637	7.09814
1	34	0.025641	0.871795	-0.215025	0.303205	6.53113
1	35	0.025641	0.897436	-0.0159056	0.285757	4.14181
1	36	0.025641	0.923077	0.0256543	0.381634	5.69287
1	37	0.025641	0.948718	0.0152887	0.359972	1.67742
1	38	0.025641	0.974359	0.36387	0.250566	2.32058
1	39	0.025641	1	1	0	0
2	0	0.0512821	0	0	0	6.43329
2	1	0.0512821	0.025641	-0.0103336	-0.0179747	6.43329
2	2	0.0512821	0.0512821	0.00127054	-0.013921	6.63002
2	3	0.0512821	0.0769231	-0.0350371	-0.0570396	5.97495
2	4	0.0512821	0.102564	0.0322625	-0.0416898	7.35172
2	5	0.0512821	0.128205	-0.0586978	-0.077587	5.4389
2	6	0.0512821	0.153846	0.0456058	-0.0992667	7.69178
2	7	0.0512821	0.179487	-0.039142	-0.0801015	5.91547
2	8	0.0512821	0.205128	-0.0013972	-0.171362	6.74798
2	9	0.0512821	0.230769	0.0422734	-0.0943372	7.83189
2	10	0.0512821	0.25641	-0.102242	-0.218442	4.79877
2	11	0.0512821	0.282051	0.138269	-0.153443	10.0992
2	12	0.0512821	0.307692	-0.171226	-0.210804	3.62234
2	13	0.0512821	0.333333	0.155632	-0.264937	10.5663
2	14	0.0512821	0.358974	-0.102008	-0.176387	5.29452
2	15	0.0512821	0.384615	0.0173141	-0.389076	7.83905
2	16	0.0512821	0.410256	0.0975588	-0.185484	9.95095
2	17	0.0512821	0.435897	-0.236064	-0.433569	3.23299
2	18	0.0512821	0.461538	0.284073	-0.272044	14.6731
2	19	0.0512821	0.487179	-0.386731	-0.343695	0.736097
2	20	0.0512821	0.512821	0.299936	-0.422844	15.2103
2	21	0.0512821	0.538462	-0.234707	-0.219027	3.84385
2	22	0.0512821	0.564103	0.0372636	-0.57066	9.78508
2	23	0.0512821	0.589744	0.105597	-0.191294	11.668
2	24	0.0512821	0.615385	-0.4182	-0.547063	1.68189
2	25	0.0512821	0.641026	0.353709	-0.232176	18.7732
2	26	0.0512821	0.666667	-0.693231	-0.268964	-2.61983
2	27	0.0512821	0.692308	0.380496	-0.286793	19.0486
2	28	0.0512821	0.717949	-0.493252	0.051358	0.872224
2	29	0.0512821	0.74359	0.0988397	-0.319193	11.3199
2	30	0.0512821	0.769231	-0.0324086	0.166523	9.17938
2	31	0.0512821	0.794872	-0.40424	-0.155394	1.93135
2	32	0.0512821	0.820513	0.25796	0.153996	14.3776
2	33	0.0512821	0.846154	-0.686778	0.270869	-0.589902
2	34	0.0512821	0.871795	0.266384	0.200833	10.5409
2	35	0.0512821	0.897436	-0.449614	0.609456	4.44317
2	36	0.0512821	0.923077	0.135942	0.373893	2.14229
2	37	0.0512821	0.948718	0.0945726	0.487139	6.74028
2	38	0.0512821	0.974359	0.404534	0.445	1.19402
2	39	0.0512821	1	1	0	0
3	0	0.0769231	0	0	0	6.45104
3	1	0.0769231	0.025641	-0.00209924	-0.00327191	6.45104
3	2	0.0769231	0.0512821	-0.0181422	-0.058845	5.95775
3	3	0.0769231	0.0769231	0.0249863	-0.0189472	7.56554
3	4	0.0769231	0.102564	-0.0481054	-0.102445	4.55223
3	5	0.0769231	0.128205	0.0610793	-0.0827309	8.93084
3	6	0.0769231	0.153846	-0.058994	-0.0986863	4.09093
3	7	0.0769231	0.179487	0.054247	-0.197259	8.31647
3	8	0.0769231	0.205128	-0.0033914	-0.0774557	6.55948
3	9	0.0769231	0.230769	-0.0329724	-0.306364	4.65998
3	10	0.0769231	0.25641	0.112748	-0.113886	11.4675
3	11	0.0769231	0.282051	-0.157908	-0.325576	0.1639
3	12	0.0769231	0.307692	0.208503	-0.263004	15.0064
3	13	0.0769231	0.333333	-0.181804	-0.235798	-0.235852
3	14	0.0769231	0.358974	0.164919	-0.499411	12.4481
3	15	0.0769231	0.384615	-0.013487	-0.152606	6.7906
3	16	0.0769231	0.410256	-0.0902349	-0.679391	2.93232
3	17	0.0769231	0.435897	0.240607	-0.221648	18.1273
3	18	0.0769231	0.461538	-0.404757	-0.618833	-7.09655
3	19	0.0769231	0.487179	0.39529	-0.474691	24.9295
3	20	0.0769231	0.512821	-0.430404	-0.347625	-7.40768
3	21	0.0769231	0.538462	0.281819	-0.828674	19.13
3	22	0.0769231	0.564103	-0.08577	-0.164011	5.80755
3	23	0.0769231	0.589744	-0.21279	-1.01826	1.70495
3	24	0.0769231	0.615385	0.267753	-0.226487	24.2507
3	25	0.0769231	0.641026	-0.787307	-0.757746	-14.8015
3	26	0.0769231	0.666667	0.424676	-0.431305	34.2047
3	27	0.0769231	0.692308	-0.871399	-0.179997	-16.196
3	28	0.0769231	0.717949	0.330851	-0.691714	26.3443
3	29	0.0769231	0.74359	-0.37529	0.213171	-0.229447
3	30	0.0769231	0.769231	-0.207401	-0.739371	4.60057
3	31	0.0769231	0.794872	0.131342	0.214826	19.7772
3	32	0.0769231	0.820513	-0.911468	-0.253299	-13.0725
3	33	0.0769231	0.846154	0.373557	0.0944867	27.1852
3	34	0.0769231	0.871795	-1.10368	0.508092	-12.1966
3	35	0.0769231	0.897436	0.446155	0.0845944	16.3548
3	36	0.0769231	0.923077	-0.524225	0.798015	0.91388
3	37	0.0769231	0.948718	0.433019	0.299728	2.42872
3	38	0.0769231	0.974359	0.441827	0.450856	5.57838
3	39	0.0769231	1	1	0	0
4	0	0.102564	0	0	0	6.28684
4	1	0.102564	0.025641	-0.00138776	-0.0361613	6.28684
4	2	0.102564	0.0512821	0.0112778	0.00108657	7.06689
4	3	0.102564	0.0769231	-0.0133167	-0.109648	4.63459
4	4	0.102564	0.102564	0.0449241	-0.0379438	9.292
4	5	0.102564	0.128205	-0.0362217	-0.130886	2.64942
4	6	0.102564	0.153846	0.0769548	-0.157996	10.3863
4	7	0.102564	0.179487	-0.0323364	-0.0863159	3.66189
4	8	0.102564	0.205128	0.0583321	-0.328188	7.2115
4	9	0.102564	0.230769	0.0377354	-0.0575718	9.54687
4	10	0.102564	0.25641	-0.0410979	-0.433747	-0.0443967
4	11	0.102564	0.282051	0.155321	-0.164722	17.2477
4	12	0.102564	0.307692	-0.147246	-0.362687	-5.56111
4	13	0.102564	0.333333	0.233406	-0.45477	19.2881
4	14	0.102564	0.358974	-0.109168	-0.171331	-1.26239
4	15	0.102564	0.384615	0.134727	-0.808517	9.53072
4	16	0.102564	0.410256	0.0927961	-0.105179	14.2968
4	17	0.102564	0.435897	-0.182028	-0.931467	-8.48135
4	18	0.102564	0.461538	0.309444	-0.340471	31.0329
4	19	0.102564	0.487179	-0.432023	-0.639701	-19.5476
4	20	0.102564	0.512821	0.401284	-0.850545	33.5622
4	21	0.102564	0.538462	-0.279209	-0.213199	-9.33488
4	22	0.102564	0.564103	0.14375	-1.36715	13.585
4	23	0.102564	0.589744	0.0710756	-0.125151	18.51
4	24	0.102564	0.615385	-0.500175	-1.37253	-17.5666
4	25	0.102564	0.641026	0.257013	-0.393659	44.1728
4	26	0.102564	0.666667	-0.959115	-0.728906	-34.7745
4	27	0.102564	0.692308	0.332124	-0.864681	48.0586
4	28	0.102564	0.717949	-0.725556	0.0398494	-22.0916
4	29	0.102564	0.74359	0.0980475	-1.30406	22.5602
4	30	0.102564	0.769231	-0.171049	0.288814	11.4095
4	31	0.102564	0.794872	-0.67041	-1.11277	-15.2033
4	32	0.102564	0.820513	0.134182	0.117562	39.6499
4	33	0.102564	0.846154	-1.37257	-0.181865	-34.8414
4	34	0.102564	0.871795	0.379137	-0.116311	43.0029
4	35	0.102564	0.897436	-1.24577	0.779357	-24.163
4	36	0.102564	0.923077	0.610046	-0.174797	21.3441
4	37	0.102564	0.948718	-0.206837	0.832909	-1.88062
4	38	0.102564	0.974359	0.738809	0.21916	3.47015
4	39	0.102564	1	1	0	0
5	0	0.128205	0	0	0	6.39237
5	1	0.128205	0.025641	0.00591388	0.00263848	6.39237
5	2	0.128205	0.0512821	0.0158421	-0.0831287	5.50305
5	3	0.128205	0.0769231	0.0183361	-0.00347286	8.30447
5	4	0.128205	0.102564	0.0180945	-0.149863	2.87974
5	5	0.128205	0.128205	0.0508177	-0.0817671	11.0192
5	6	0.128205	0.153846	-0.00323701	-0.133133	1.33198
5	7	0.128205	0.179487	0.0957801	-0.259456	10.6261
5	8	0.128205	0.205128	-0.0117856	-0.0553855	4.99398
5	9	0.128205	0.230769	0.0958394	-0.456875	4.05163
5	10	0.128205	0.25641	0.0403757	-0.0545004	14.3566
5	11	0.128205	0.282051	0.0138058	-0.504074	-5.85203
5	12	0.128205	0.307692	0.155802	-0.276376	22.7968
5	13	0.128205	0.333333	-0.0689549	-0.309706	-9.15457
5	14	0.128205	0.358974	0.247098	-0.714623	19.6797
5	15	0.128205	0.384615	-0.031005	-0.0636048	3.10929
5	16	0.128205	0.410256	0.142423	-1.09486	0.513298
5	17	0.128205	0.435897	0.107982	-0.112734	26.6496
5	18	0.128205	0.461538	-0.151546	-1.01507	-22.6271
5	19	0.128205	0.487179	0.278715	-0.595688	43.2106
5	20	0.128205	0.512821	-0.281119	-0.469114	-26.3919
5	21	0.128205	0.538462	0.35037	-1.3593	33.3619
5	22	0.128205	0.564103	-0.102881	-0.0552162	0.0348384
5	23	0.128205	0.589744	-0.00442459	-1.81596	-3.97383
5	24	0.128205	0.615385	0.0194004	-0.194733	39.3654
5	25	0.128205	0.641026	-0.630297	-1.42043	-41.094
5	26	0.128205	0.666667	0.0681254	-0.729977	63.1273
5	27	0.128205	0.692308	-0.824422	-0.453567	-46.3324
5	28	0.128205	0.717949	0.1479	-1.48477	50.1908
5	29	0.128205	0.74359	-0.453892	0.237467	-12.6497
5	30	0.128205	0.769231	-0.230413	-1.84837	2.75564
5	31	0.128205	0.794872	-0.196759	0.22207	34.4034
5	32	0.128205	0.820513	-1.07496	-1.19594	-43.2861
5	33	0.128205	0.846154	-0.0977796	-0.0957276	62.6824
5	34	0.128205	0.871795	-1.52056	0.0872239	-54.7955
5	35	0.128205	0.897436	0.304997	-0.469602	54.896
5	36	0.128205	0.923077	-0.908954	1.01615	-29.3256
5	37	0.128205	0.948718	0.706656	-0.471452	19.772
5	38	0.128205	0.974359	0.423117	0.737955	0.286409
5	39	0.128205	1	1	0	0
6	0	0.153846	0	0	0	6.18022
6	1	0.153846	0.025641	0.0182233	-0.0345948	6.18022
6	2	0.153846	0.0512821	0.00813649	-0.00163624	6.83192
6	3	0.153846	0.0769231	0.0623317	-0.123906	4.52396
6	4	0.153846	0.102564	0.00802479	-0.0242512	9.44416
6	5	0.153846	0.128205	0.06996	-0.174931	1.57792
6	6	0.153846	0.153846	0.0594959	-0.1397	11.9312
6	7	0.153846	0.179487	0.0188698	-0.124161	1.12655
6	8	0.153846	0.205128	0.151815	-0.356873	9.60428
6	9	0.153846	0.230769	-0.0373124	-0.0320325	7.43734
6	10	0.153846	0.25641	0.193825	-0.543935	0.241587
6	11	0.153846	0.282051	-0.00524296	-0.0863175	18.9372
6	12	0.153846	0.307692	0.123594	-0.500395	-10.1209
6	13	0.153846	0.333333	0.154864	-0.432749	25.504
6	14	0.153846	0.358974	0.00615358	-0.202633	-8.56576
6	15	0.153846	0.384615	0.318993	-0.9586	15.1964
6	16	0.153846	0.410256	-0.0562454	0.0223376	11.6918
6	17	0.153846	0.435897	0.259835	-1.22891	-11.2341
6	18	0.153846	0.461538	-0.00298549	-0.204727	38.8497
6	19	0.153846	0.487179	0.0246677	-0.878788	-32.3905
6	20	0.153846	0.512821	0.215782	-0.945487	48.0911
6	21	0.153846	0.538462	-0.086616	-0.201557	-22.5646
6	22	0.153846	0.564103	0.33716	-1.79362	21.449
6	23	0.153846	0.589744	-0.144017	0.035268	17.9865
6	24	0.153846	0.615385	-0.0321126	-1.91265	-26.7091
6	25	0.153846	0.641026	-0.285449	-0.352259	59.8604
6	26	0.153846	0.666667	-0.511709	-1.11268	-56.6435
6	27	0.153846	0.692308	-0.183481	-1.16781	71.1991
6	28	0.153846	0.717949	-0.526579	-0.0666916	-41.5437
6	29	0.153846	0.74359	-0.0332869	-2.02967	34.9232
6	30	0.153846	0.769231	-0.406622	0.334667	9.82304
6	31	0.153846	0.794872	-0.497315	-1.98835	-27.0277
6	32	0.153846	0.820513	-0.577382	0.0932617	60.4639
6	33	0.153846	0.846154	-1.20552	-0.914311	-67.4948
6	34	0.153846	0.871795	-0.470838	-0.377788	79.8157
6	35	0.153846	0.897436	-1.21184	0.486779	-62.5743
6	36	0.153846	0.923077	0.212853	-0.884647	54.4071
6	37	0.153846	0.948718	-0.209595	1.10104	-22.3517
6	38	0.153846	0.974359	0.778719	-0.41593	10.1252
6	39	0.153846	1	1	0	0
7	0	0.179487	0	0	0	6.11152
7	1	0.179487	0.025641	0.0132267	-0.0150373	6.11152
7	2	0.179487	0.0512821	0.0662971	-0.0589915	6.01141
7	3	0.179487	0.0769231	-0.00877544	-0.0206084	6.9061
7	4	0.179487	0.102564	0.130958	-0.158382	4.14753
7	5	0.179487	0.128205	-0.00401686	-0.0473782	9.85544
7	6	0.179487	0.153846	0.112361	-0.202777	0.993524
7	7	0.179487	0.179487	0.102515	-0.185815	12.2479
7	8	0.179487	0.205128	-0.00520783	-0.125974	1.21591
7	9	0.179487	0.230769	0.26265	-0.423364	8.6822
7	10	0.179487	0.25641	-0.116464	-0.0262139	9.19167
7	11	0.179487	0.282051	0.335209	-0.582912	-2.13136
7	12	0.179487	0.307692	-0.0562229	-0.13683	21.328
7	13	0.179487	0.333333	0.225399	-0.45715	-11.4426
7	14	0.179487	0.358974	0.220014	-0.571087	24.8298
7	15	0.179487	0.384615	-0.0208315	-0.10199	-5.0501
7	16	0.179487	0.410256	0.492916	-1.07967	8.77427
7	17	0.179487	0.435897	-0.236518	0.0586652	19.9117
7	18	0.179487	0.461538	0.483779	-1.15808	-19.471
7	19	0.179487	0.487179	-0.170139	-0.345459	45.0589
7	20	0.179487	0.512821	0.245115	-0.605159	-32.9956
7	21	0.179487	0.538462	0.230798	-1.23665	42.643
7	22	0.179487	0.564103	-0.0776466	0.0365679	-10.4142
7	23	0.179487	0.589744	0.437272	-1.88624	3.72835
7	24	0.179487	0.615385	-0.522361	0.068406	35.6709
7	25	0.179487	0.641026	0.110326	-1.58628	-42.1338
7	26	0.179487	0.666667	-0.723536	-0.525873	70.1132
7	27	0.179487	0.692308	-0.225296	-0.59302	-56.0499
7	28	0.179487	0.717949	-0.353626	-1.52339	62.1382
7	29	0.179487	0.74359	-0.370925	0.279316	-22.6912
7	30	0.179487	0.769231	-0.1102	-2.14322	7.66419
7	31	0.179487	0.794872	-0.797224	0.380002	35.272
7	32	0.179487	0.820513	-0.565261	-1.61089	-51.8783
7	33	0.179487	0.846154	-1.22201	-0.0223483	78.7241
7	34	0.179487	0.871795	-0.969968	-0.372666	-75.832
7	35	0.179487	0.897436	-0.823128	-0.676884	81.4944
7	36	0.179487	0.923077	-0.568348	0.866563	-52.6542
7	37	0.179487	0.948718	0.203838	-1.08141	37.4141
7	38	0.179487	0.974359	0.485046	0.908361	-6.85588
7	39	0.179487	1	1	0	0
8	0	0.205128	0	0	0	6.1944
8	1	0.205128	0.025641	0.0371896	-0.00281135	6.1944
8	2	0.205128	0.0512821	0.00871654	-0.0502549	5.42038
8	3	0.205128	0.0769231	0.137436	-0.0793668	6.7472
8	4	0.205128	0.102564	-0.0320113	-0.0361034	6.03346
8	5	0.205128	0.128205	0.19403	-0.208819	4.48833
8	6	0.205128	0.153846	0.0121059	-0.0484659	9.96797
8	7	0.205128	0.179487	0.115738	-0.254483	0.141622
8	8	0.205128	0.205128	0.192238	-0.204674	13.3554
8	9	0.205128	0.230769	-0.0798329	-0.142437	-0.0445254
8	10	0.205128	0.25641	0.40432	-0.465237	9.51215
8	11	0.205128	0.282051	-0.206342	-0.0205906	8.87727
8	12	0.205128	0.307692	0.464415	-0.613127	-2.30703
8	13	0.205128	0.333333	-0.0429704	-0.163907	21.5504
8	14	0.205128	0.358974	0.240163	-0.434272	-11.2439
8	15	0.205128	0.384615	0.382483	-0.622063	23.4074
8	16	0.205128	0.410256	-0.204793	-0.0461279	-2.69728
8	17	0.205128	0.435897	0.733073	-1.04414	5.63298
8	18	0.205128	0.461538	-0.509268	0.0637983	22.7113
8	19	0.205128	0.487179	0.723953	-0.973299	-20.0861
8	20	0.205128	0.512821	-0.24736	-0.443453	42.6602
8	21	0.205128	0.538462	0.328381	-0.358366	-26.3242
8	22	0.205128	0.564103	0.393194	-1.26734	31.4696
8	23	0.205128	0.589744	-0.427558	0.175252	1.34218
8	24	0.205128	0.615385	0.623845	-1.55763	-7.61767
8	25	0.205128	0.641026	-1.14811	0.0827758	42.8638
8	26	0.205128	0.666667	0.353027	-1.03682	-41.7484
8	27	0.205128	0.692308	-1.06567	-0.619611	63.8376
8	28	0.205128	0.717949	0.00965865	-0.106405	-41.2219
8	29	0.205128	0.74359	-0.316712	-1.53684	39.7483
8	30	0.205128	0.769231	-0.638562	0.498782	-0.558191
8	31	0.205128	0.794872	-0.0463358	-1.67292	-15.4705
8	32	0.205128	0.820513	-1.60326	0.408025	50.8604
8	33	0.205128	0.846154	-0.410025	-0.91017	-58.1191
8	34	0.205128	0.871795	-1.88656	-0.0996276	79.0639
8	35	0.205128	0.897436	-0.467439	0.200565	-64.129
8	36	0.205128	0.923077	-0.942159	-0.85363	62.9093
8	37	0.205128	0.948718	0.10901	1.00655	-29.816
8	38	0.205128	0.974359	0.457254	-0.66177	13.6487
8	39	0.205128	1	1	0	0
9	0	0.230769	0	0	0	5.65367
9	1	0.230769	0.025641	0.0252658	-0.0552958	5.65367
9	2	0.230769	0.0512821	0.0975208	0.00761812	7.35359
9	3	0.230769	0.0769231	-0.00434463	-0.0863411	3.45737
9	4	0.230769	0.102564	0.205531	-0.121679	8.49015
9	5	0.230769	0.128205	-0.0333663	-0.0210196	4.75182
9	6	0.230769	0.153846	0.227266	-0.296785	4.44369
9	7	0.230769	0.179487	0.0672364	-0.0188744	11.2414
9	8	0.230769	0.205128	0.0800805	-0.32851	-2.55632
9	9	0.230769	0.230769	0.301166	-0.212683	16.6214
9	10	0.230769	0.25641	-0.163952	-0.150595	-3.58348
9	11	0.230769	0.282051	0.52714	-0.525158	12.3188
9	12	0.230769	0.307692	-0.237331	0.0167988	7.10755
9	13	0.230769	0.333333	0.526278	-0.691659	-1.96931
9	14	0.230769	0.358974	0.0671787	-0.133207	22.1947
9	15	0.230769	0.384615	0.126598	-0.471595	-13.1375
9	16	0.230769	0.410256	0.587748	-0.58046	25.4476
9	17	0.230769	0.435897	-0.492622	-0.0300469	-5.62451
9	18	0.230769	0.461538	0.94258	-0.953926	8.93956
9	19	0.230769	0.487179	-0.698497	0.0892056	18.4756
9	20	0.230769	0.512821	0.854752	-0.863206	-14.9703
9	21	0.230769	0.538462	-0.113098	-0.393724	35.7539
9	22	0.230769	0.564103	0.106567	-0.284421	-20.3788
9	23	0.230769	0.589744	0.621363	-0.987676	25.4834
9	24	0.230769	0.615385	-1.09471	0.192653	2.51229
9	25	0.230769	0.641026	0.767973	-1.06676	-3.95413
9	26	0.230769	0.666667	-1.69848	0.116332	33.9415
9	27	0.230769	0.692308	0.552118	-0.61465	-27.7385
9	28	0.230769	0.717949	-1.05871	-0.517947	44.6289
9	29	0.230769	0.74359	-0.0775436	0.118147	-22.9452
9	30	0.230769	0.769231	-0.0846232	-1.08299	19.5453
9	31	0.230769	0.794872	-1.4154	0.523437	10.664
9	32	0.230769	0.820513	0.0477076	-0.895119	-18.9514
9	33	0.230769	0.846154	-2.51079	0.407843	45.9167
9	34	0.230769	0.871795	-0.129167	-0.275461	-43.2828
9	35	0.230769	0.897436	-2.20557	-0.108407	58.2507
9	36	0.230769	0.923077	0.0963167	0.537735	-38.8667
9	37	0.230769	0.948718	-0.596375	-0.703012	31.8509
9	38	0.230769	0.974359	0.627377	0.745178	-7.19615
9	39	0.230769	1	1	0	0
10	0	0.25641	0	0	0	6.18642
10	1	0.25641	0.025641	0.0477965	0.0376034	6.18642
10	2	0.25641	0.0512821	0.040103	-0.121384	3.62666
10	3	0.25641	0.0769231	0.154977	-0.00162677	9.8682
10	4	0.25641	0.102564	6.9102e-06	-0.0896039	0.719141
10	5	0.25641	0.128205	0.249199	-0.208489	10.1065
10	6	0.25641	0.153846	-0.00199407	0.0329742	4.59844
10	7	0.25641	0.179487	0.234948	-0.416225	2.44151
10	8	0.25641	0.205128	0.133305	0.0195237	14.9036
10	9	0.25641	0.230769	0.0432934	-0.393055	-7.75285
10	10	0.25641	0.25641	0.382958	-0.250463	21.9002
10	11	0.25641	0.282051	-0.194782	-0.116025	-8.32285
10	12	0.25641	0.307692	0.597282	-0.650411	15.2017
10	13	0.25641	0.333333	-0.174573	0.103574	6.59863
10	14	0.25641	0.358974	0.503789	-0.845871	-4.38594
10	15	0.25641	0.384615	0.219143	-0.0601863	26.7032
10	16	0.25641	0.410256	-0.0705713	-0.554853	-20.2859
10	17	0.25641	0.435897	0.731384	-0.540854	33.1192
10	18	0.25641	0.461538	-0.712893	-0.00448293	-14.2651
10	19	0.25641	0.487179	1.0461	-0.991552	16.5086
10	20	0.25641	0.512821	-0.629023	0.186868	11.8657
10	21	0.25641	0.538462	0.771006	-0.987488	-11.5577
10	22	0.25641	0.564103	0.16262	-0.201712	33.9544
10	23	0.25641	0.589744	-0.425133	-0.424566	-24.5694
10	24	0.25641	0.615385	0.701658	-0.65858	32.836
10	25	0.25641	0.641026	-1.71983	0.138631	-11.2308
10	26	0.25641	0.666667	0.783434	-0.829272	11.9964
10	27	0.25641	0.692308	-1.77451	0.220021	14.5447
10	28	0.25641	0.717949	0.543519	-0.60374	-11.4324
10	29	0.25641	0.74359	-0.664764	-0.19414	27.6835
10	30	0.25641	0.769231	-0.657085	-0.0445154	-15.7167
10	31	0.25641	0.794872	0.0660451	-0.456109	17.9853
10	32	0.25641	0.820513	-2.37116	0.357554	0.374683
10	33	0.25641	0.846154	0.030951	-0.348289	-1.29799
10	34	0.25641	0.871795	-2.98914	0.408553	20.4653
10	35	0.25641	0.897436	0.184986	-0.0147457	-16.741
10	36	0.25641	0.923077	-1.85335	0.0145373	25.9946
10	37	0.25641	0.948718	0.548266	0.453865	-13.2647
10	38	0.25641	0.974359	0.211684	-0.204184	7.80656
10	39	0.25641	1	1	0	0
11	0	0.282051	0	0	0	5.25108
11	1	0.282051	0.025641	0.0464774	-0.0854169	5.25108
11	2	0.282051	0.0512821	0.093135	0.0668378	8.24272
11	3	0.282051	0.0769231	0.0694075	-0.160987	0.452762
11	4	0.282051	0.102564	0.187686	-0.0546666	12.6695
11	5	0.282051	0.128205	0.0325423	-0.0468945	-1.23276
11	6	0.282051	0.153846	0.275288	-0.33114	10.0134
11	7	0.282051	0.179487	0.0353501	0.102559	6.77428
11	8	0.282051	0.205128	0.251927	-0.5277	-2.05929
11	9	0.282051	0.230769	0.164524	0.0301131	20.591
11	10	0.282051	0.25641	0.0562952	-0.406014	-14.1191
11	11	0.282051	0.282051	0.415795	-0.350077	27.1832
11	12	0.282051	0.307692	-0.143082	-0.0218991	-11.4865
11	13	0.282051	0.333333	0.623138	-0.850144	15.1818
11	14	0.282051	0.358974	-0.0673594	0.219536	10.2486
11	15	0.282051	0.384615	0.439869	-1.03801	-11.9682
11	16	0.282051	0.410256	0.304159	-0.014252	36.3427
11	17	0.282051	0.435897	-0.217226	-0.610594	-32.226
11	18	0.282051	0.461538	0.762338	-0.635433	44.0681
11	19	0.282051	0.487179	-0.691626	0.0942468	-23.4019
11	20	0.282051	0.512821	1.02899	-1.28001	21.4165
11	21	0.282051	0.538462	-0.332816	0.336155	11.7015
11	22	0.282051	0.564103	0.460341	-1.33344	-18.2984
11	23	0.282051	0.589744	0.296517	-0.0599083	44.1982
11	24	0.282051	0.615385	-0.975696	-0.637765	-41.881
11	25	0.282051	0.641026	0.545922	-0.625397	50.7908
11	26	0.282051	0.666667	-1.86443	0.13534	-31.9193
11	27	0.282051	0.692308	0.680492	-1.07015	28.4541
11	28	0.282051	0.717949	-1.2908	0.39163	0.692916
11	29	0.282051	0.74359	0.18122	-1.04184	-7.20589
11	30	0.282051	0.769231	-0.300253	0.120545	28.7447
11	31	0.282051	0.794872	-1.49189	-0.445629	-29.2546
11	32	0.282051	0.820513	-0.131811	-0.160023	36.3653
11	33	0.282051	0.846154	-2.89601	0.178527	-27.7407
11	34	0.282051	0.871795	-0.0512668	-0.284809	25.7746
11	35	0.282051	0.897436	-2.68186	0.478876	-11.4251
11	36	0.282051	0.923077	0.464144	-0.200052	7.60383
11	37	0.282051	0.948718	-0.84135	0.263291	1.31562
11	38	0.282051	0.974359	0.810795	0.0821399	-0.0835481
11	39	0.282051	1	1	0	0
12	0	0.307692	0	0	0	5.90631
12	1	0.307692	0.025641	0.0508045	0.0499993	5.90631
12	2	0.307692	0.0512821	0.102838	-0.152164	2.92895
12	3	0.307692	0.0769231	0.109912	0.05678	10.9538
12	4	0.307692	0.102564	0.124038	-0.15359	-2.3761
12	5	0.307692	0.128205	0.202134	-0.143055	14.1768
12	6	0.307692	0.153846	0.0689097	0.0195763	-1.1594
12	7	0.307692	0.179487	0.316789	-0.447151	7.66607
12	8	0.307692	0.205128	0.0331863	0.152168	10.8329
12	9	0.307692	0.230769	0.316839	-0.583924	-7.66921
12	10	0.307692	0.25641	0.141137	-0.00688344	26.254
12	11	0.307692	0.282051	0.137117	-0.349115	-18.9627
12	12	0.307692	0.307692	0.424168	-0.504541	29.7966
12	13	0.307692	0.333333	-0.0531311	0.113428	-10.6521
12	14	0.307692	0.358974	0.653315	-1.0706	10.4179
12	15	0.307692	0.384615	-0.023023	0.318091	18.5535
12	16	0.307692	0.410256	0.425565	-1.17183	-23.7107
12	17	0.307692	0.435897	0.262466	-0.0632862	48.577
12	18	0.307692	0.461538	-0.184387	-0.549628	-43.8403
12	19	0.307692	0.487179	0.721902	-0.924863	52.2552
12	20	0.307692	0.512821	-0.437251	0.279841	-25.1468
12	21	0.307692	0.538462	0.924493	-1.74925	16.1604
12	22	0.307692	0.564103	-0.110016	0.428354	23.2227
12	23	0.307692	0.589744	0.0988541	-1.65058	-37.1257
12	24	0.307692	0.615385	0.105109	-0.142124	63.5031
12	25	0.307692	0.641026	-1.17687	-0.692118	-63.4081
12	26	0.307692	0.666667	0.274995	-0.969515	68.2721
12	27	0.307692	0.692308	-1.45074	0.259023	-43.6719
12	28	0.307692	0.717949	0.448733	-1.684	31.6551
12	29	0.307692	0.74359	-0.724839	0.513593	5.70604
12	30	0.307692	0.769231	-0.428231	-1.57137	-23.3731
12	31	0.307692	0.794872	-0.442607	0.155773	47.9929
12	32	0.307692	0.820513	-2.03133	-0.704053	-57.047
12	33	0.307692	0.846154	-0.566879	-0.271255	62.0227
12	34	0.307692	0.871795	-2.69272	0.157193	-56.3429
12	35	0.307692	0.897436	-0.110648	-0.607584	47.9357
12	36	0.307692	0.923077	-1.66735	0.644708	-30.7666
12	37	0.307692	0.948718	0.614591	-0.639902	16.9194
12	38	0.307692	0.974359	0.294339	0.376056	-3.92224
12	39	0.307692	1	1	0	0
13	0	0.333333	0	0	0	5.08981
13	1	0.333333	0.025641	0.0702819	-0.0711421	5.08981
13	2	0.333333	0.0512821	0.068601	0.0676741	7.4245
13	3	0.333333	0.0769231	0.182017	-0.176735	0.600126
13	4	0.333333	0.102564	0.101298	0.0134703	12.7616
13	5	0.333333	0.128205	0.182489	-0.118904	-3.5666
13	6	0.333333	0.153846	0.230756	-0.225897	13.784
13	7	0.333333	0.179487	0.0661646	0.0718171	0.53204
13	8	0.333333	0.205128	0.403778	-0.509747	4.37809
13	9	0.333333	0.230769	-0.0301375	0.165254	14.7396
13	10	0.333333	0.25641	0.434948	-0.569649	-11.86
13	11	0.333333	0.282051	0.0929415	-0.0761145	29.4977
13	12	0.333333	0.307692	0.244982	-0.245068	-20.3035
13	13	0.333333	0.333333	0.464398	-0.659445	28.3891
13	14	0.333333	0.358974	-0.0209247	0.249985	-5.91307
13	15	0.333333	0.384615	0.747113	-1.2137	2.19618
13	16	0.333333	0.410256	-0.11814	0.366953	28.6938
13	17	0.333333	0.435897	0.53329	-1.15513	-34.8819
13	18	0.333333	0.461538	0.135212	-0.216218	58.2113
13	19	0.333333	0.487179	0.025865	-0.336532	-48.5592
13	20	0.333333	0.512821	0.695235	-1.32481	51.4031
13	21	0.333333	0.538462	-0.19365	0.491893	-15.7688
13	22	0.333333	0.564103	0.825778	-2.10424	-0.729922
13	23	0.333333	0.589744	-0.246466	0.408959	42.5007
13	24	0.333333	0.615385	-0.0688242	-1.64775	-58.8954
13	25	0.333333	0.641026	-0.314839	-0.405522	81.6202
13	26	0.333333	0.666667	-0.945446	-0.470059	-74.7117
13	27	0.333333	0.692308	0.0189822	-1.51208	72.9207
13	28	0.333333	0.717949	-0.874308	0.473244	-36.3109
13	29	0.333333	0.74359	0.134047	-2.22288	14.426
13	30	0.333333	0.769231	-0.682656	0.510186	27.1416
13	31	0.333333	0.794872	-0.903149	-1.69564	-51.3822
13	32	0.333333	0.820513	-1.04363	-0.0080467	72.0587
13	33	0.333333	0.846154	-2.01806	-0.626511	-80.4675
13	34	0.333333	0.871795	-1.01189	-0.579178	80.722
13	35	0.333333	0.897436	-1.89211	0.334162	-68.4398
13	36	0.333333	0.923077	-0.130152	-1.0985	52.8116
13	37	0.333333	0.948718	-0.450686	0.766015	-27.8689
13	38	0.333333	0.974359	0.711626	-0.759685	8.40174
13	39	0.333333	1	1	0	0
14	0	0.358974	0	0	0	5.27318
14	1	0.358974	0.025641	0.0517715	0.0168063	5.27318
14	2	0.358974	0.0512821	0.159855	-0.10301	4.01985
14	3	0.358974	0.0769231	0.0513409	0.052399	8.31738
14	4	0.358974	0.102564	0.265786	-0.175187	-0.405694
14	5	0.358974	0.128205	0.0993826	-0.0258901	12.981
14	6	0.358974	0.153846	0.206236	-0.0979222	-3.40446
14	7	0.358974	0.179487	0.301418	-0.261304	12.6603
14	8	0.358974	0.205128	0.00223277	0.0897564	1.9009
14	9	0.358974	0.230769	0.531071	-0.509765	2.46949
14	10	0.358974	0.25641	-0.125394	0.157603	16.3406
14	11	0.358974	0.282051	0.566152	-0.518176	-13.0154
14	12	0.358974	0.307692	0.0834723	-0.132064	29.423
14	13	0.358974	0.333333	0.302155	-0.141029	-18.6429
14	14	0.358974	0.358974	0.581844	-0.73789	24.3934
14	15	0.358974	0.384615	-0.124515	0.356476	-0.233799
14	16	0.358974	0.410256	0.923462	-1.20465	-5.21945
14	17	0.358974	0.435897	-0.334426	0.371116	36.0088
14	18	0.358974	0.461538	0.747546	-0.972074	-40.1267
14	19	0.358974	0.487179	0.0312812	-0.405548	60.2925
14	20	0.358974	0.512821	0.252279	-0.0255805	-43.7109
14	21	0.358974	0.538462	0.760786	-1.59759	40.0469
14	22	0.358974	0.564103	-0.258971	0.669971	0.285675
14	23	0.358974	0.589744	0.828086	-2.03482	-20.5781
14	24	0.358974	0.615385	-0.758058	0.343365	59.3681
14	25	0.358974	0.641026	0.0343334	-1.25349	-70.0487
14	26	0.358974	0.666667	-0.7596	-0.688376	87.5259
14	27	0.358974	0.692308	-0.511197	-0.0294024	-67.997
14	28	0.358974	0.717949	-0.131671	-1.89996	58.1291
14	29	0.358974	0.74359	-0.672326	0.696834	-14.1084
14	30	0.358974	0.769231	-0.0993274	-2.1827	-14.3299
14	31	0.358974	0.794872	-1.2678	0.464188	50.7353
14	32	0.358974	0.820513	-1.02968	-1.30273	-71.5441
14	33	0.358974	0.846154	-1.79664	-0.182563	86.5059
14	34	0.358974	0.871795	-1.53899	-0.280927	-85.2843
14	35	0.358974	0.897436	-1.29586	-0.916549	81.3415
14	36	0.358974	0.923077	-0.868702	0.597157	-58.063
14	37	0.358974	0.948718	-0.0326937	-1.35212	36.0579
14	38	0.358974	0.974359	0.443992	0.566871	-11.4281
14	39	0.358974	1	1	0	0
15	0	0.384615	0	0	0	5.11971
15	1	0.384615	0.025641	0.0834538	-0.0149471	5.11971
15	2	0.384615	0.0512821	0.0567416	-0.000546254	4.98723
15	3	0.384615	0.0769231	0.254765	-0.111393	4.09429
15	4	0.384615	0.102564	0.029588	0.0389368	7.80164
15	5	0.384615	0.128205	0.320074	-0.189844	-0.220016
15	6	0.384615	0.153846	0.134848	-0.0241884	12.6346
15	7	0.384615	0.179487	0.175359	-0.114945	-3.67986
15	8	0.384615	0.205128	0.405188	-0.246181	12.9088
15	9	0.384615	0.230769	-0.0966277	0.0873507	1.01616
15	10	0.384615	0.25641	0.656665	-0.489083	3.27213
15	11	0.384615	0.282051	-0.184841	0.166963	15.1561
15	12	0.384615	0.307692	0.650966	-0.4869	-11.9256
15	13	0.384615	0.333333	0.160445	-0.126168	27.6639
15	14	0.384615	0.358974	0.245672	-0.0766624	-16.8864
15	15	0.384615	0.384615	0.762721	-0.697247	21.5258
15	16	0.384615	0.410256	-0.360008	0.425583	2.26961
15	17	0.384615	0.435897	1.13338	-1.0604	-7.49057
15	18	0.384615	0.461538	-0.557428	0.36771	36.753
15	19	0.384615	0.487179	0.962524	-0.70699	-37.6468
15	20	0.384615	0.512821	0.0650278	-0.49625	53.773
15	21	0.384615	0.538462	0.265584	0.267944	-33.2675
15	22	0.384615	0.564103	0.925864	-1.48833	25.1348
15	23	0.384615	0.589744	-0.755896	0.792259	13.065
15	24	0.384615	0.615385	0.916631	-1.51461	-30.1838
15	25	0.384615	0.641026	-1.43407	0.310557	63.4107
15	26	0.384615	0.666667	0.295646	-0.650426	-63.8686
15	27	0.384615	0.692308	-1.01887	-0.805211	75.3098
15	28	0.384615	0.717949	-0.236876	0.436055	-47.6952
15	29	0.384615	0.74359	-0.108965	-1.75686	30.9086
15	30	0.384615	0.769231	-1.09864	0.856956	8.7083
15	31	0.384615	0.794872	-0.176442	-1.50308	-34.1933
15	32	0.384615	0.820513	-2.20034	0.427262	61.4008
15	33	0.384615	0.846154	-0.844586	-0.670314	-70.7842
15	34	0.384615	0.871795	-2.37634	-0.295843	81.4909
15	35	0.384615	0.897436	-0.821639	0.129048	-69.456
15	36	0.384615	0.923077	-1.249	-1.10595	60.2831
15	37	0.384615	0.948718	-0.00646036	0.70114	-33.1901
15	38	0.384615	0.974359	0.35649	-0.966093	10.6922
15	39	0.384615	1	1	0	0
16	0	0.410256	0	0	0	4.50707
16	1	0.410256	0.025641	0.0575608	-0.0422365	4.50707
16	2	0.410256	0.0512821	0.1735	-0.00463778	6.01705
16	3	0.410256	0.0769231	0.044227	-0.0199306	3.32518
16	4	0.410256	0.102564	0.324364	-0.137949	5.34868
16	5	0.410256	0.128205	0.0376832	0.0634263	6.76227
16	6	0.410256	0.153846	0.328002	-0.247058	-0.47365
16	7	0.410256	0.179487	0.202098	0.0187401	13.6575
16	8	0.410256	0.205128	0.112454	-0.155351	-6.14808
16	9	0.410256	0.230769	0.498489	-0.224411	15.6484
16	10	0.410256	0.25641	-0.165489	0.102539	-2.27345
16	11	0.410256	0.282051	0.734568	-0.508097	5.8053
16	12	0.410256	0.307692	-0.15431	0.225548	13.1061
16	13	0.410256	0.333333	0.649611	-0.515329	-11.4146
16	14	0.410256	0.358974	0.303327	-0.0471101	27.5273
16	15	0.410256	0.384615	0.0778427	-0.0620219	-18.4847
16	16	0.410256	0.410256	0.929523	-0.578301	23.1375
16	17	0.410256	0.435897	-0.617661	0.474752	-0.941945
16	18	0.410256	0.461538	1.29263	-0.895722	-3.65564
16	19	0.410256	0.487179	-0.628987	0.415255	31.0378
16	20	0.410256	0.512821	1.03448	-0.507553	-30.9978
16	21	0.410256	0.538462	0.266649	-0.355919	44.1222
16	22	0.410256	0.564103	-0.0869655	0.420186	-25.9067
16	23	0.410256	0.589744	1.06598	-0.994684	18.4113
16	24	0.410256	0.615385	-1.51288	0.833739	12.8211
16	25	0.410256	0.641026	0.985041	-0.870388	-23.0493
16	26	0.410256	0.666667	-1.91219	0.362107	50.1233
16	27	0.410256	0.692308	0.510761	-0.164397	-45.0884
16	28	0.410256	0.717949	-0.921121	-0.59139	50.7503
16	29	0.410256	0.74359	-0.425777	0.677605	-26.8818
16	30	0.410256	0.769231	0.0280986	-1.0378	10.5557
16	31	0.410256	0.794872	-2.01363	0.838511	16.7314
16	32	0.410256	0.820513	-0.186235	-0.661143	-31.2894
16	33	0.410256	0.846154	-3.0079	0.383847	50.1979
16	34	0.410256	0.871795	-0.477209	-0.180822	-50.484
16	35	0.410256	0.897436	-2.46909	-0.327798	56.4376
16	36	0.410256	0.923077	-0.115289	0.354773	-41.6239
16	37	0.410256	0.948718	-0.724189	-0.939466	28.0229
16	38	0.410256	0.974359	0.575776	0.403677	-10.0852
16	39	0.410256	1	1	0	0
17	0	0.435897	0	0	0	5.08495
17	1	0.435897	0.025641	0.0819467	0.0428926	5.08495
17	2	0.435897	0.0512821	0.0817903	-0.0920706	2.44315
17	3	0.435897	0.0769231	0.241247	-0.0120209	8.22797
17	4	0.435897	0.102564	0.0505097	-0.00173163	0.999585
17	5	0.435897	0.128205	0.353378	-0.209657	6.30747
17	6	0.435897	0.153846	0.0768132	0.127774	7.03433
17	7	0.435897	0.179487	0.309336	-0.329936	-2.82832
17	8	0.435897	0.205128	0.258544	0.0619542	17.0425
17	9	0.435897	0.230769	0.0732065	-0.174636	-10.7932
17	10	0.435897	0.25641	0.541174	-0.24997	19.8064
17	11	0.435897	0.282051	-0.150964	0.167367	-5.83811
17	12	0.435897	0.307692	0.748139	-0.597084	7.31444
17	13	0.435897	0.333333	-0.0499256	0.330464	13.2825
17	14	0.435897	0.358974	0.572413	-0.596099	-14.3955
17	15	0.435897	0.384615	0.4235	0.0577726	31.4907
17	16	0.435897	0.410256	-0.109975	-0.0688498	-24.8751
17	17	0.435897	0.435897	1.00292	-0.491187	29.4294
17	18	0.435897	0.461538	-0.730637	0.543016	-8.42225
17	19	0.435897	0.487179	1.33569	-0.85652	2.7175
17	20	0.435897	0.512821	-0.464103	0.559357	24.2339
17	21	0.435897	0.538462	0.853527	-0.505989	-27.4796
17	22	0.435897	0.564103	0.488844	-0.0179443	40.8909
17	23	0.435897	0.589744	-0.706914	0.366121	-29.9276
17	24	0.435897	0.615385	1.01131	-0.484027	26.1866
17	25	0.435897	0.641026	-2.07432	0.813748	-2.83672
17	26	0.435897	0.666667	0.963822	-0.534366	-4.60976
17	27	0.435897	0.692308	-1.84384	0.53483	27.0439
17	28	0.435897	0.717949	0.457724	-0.0928202	-26.3662
17	29	0.435897	0.74359	-0.520977	-0.0696168	31.5612
17	30	0.435897	0.769231	-1.12328	0.512543	-20.4603
17	31	0.435897	0.794872	0.0298116	-0.269219	12.3073
17	32	0.435897	0.820513	-2.87298	0.629416	1.96495
17	33	0.435897	0.846154	-0.204254	-0.211417	-9.12558
17	34	0.435897	0.871795	-3.20933	0.342715	21.03
17	35	0.435897	0.897436	-0.0568487	-0.0515665	-21.65
17	36	0.435897	0.923077	-1.89461	-0.227139	23.0331
17	37	0.435897	0.948718	0.408616	0.230941	-15.3471
17	38	0.435897	0.974359	0.182488	-0.472192	4.36589
17	39	0.435897	1	1	0	0
18	0	0.461538	0	0	0	3.93251
18	1	0.461538	0.025641	0.0712947	-0.0827214	3.93251
18	2	0.461538	0.0512821	0.144004	0.0730084	7.19345
18	3	0.461538	0.0769231	0.111568	-0.106193	-0.592187
18	4	0.461538	0.102564	0.270356	-0.0649906	10.443
18	5	0.461538	0.128205	0.0832997	0.0616596	-0.220884
18	6	0.461538	0.153846	0.359518	-0.309029	5.333
18	7	0.461538	0.179487	0.10892	0.195152	9.59339
18	8	0.461538	0.205128	0.309346	-0.387372	-7.27637
18	9	0.461538	0.230769	0.263471	0.060386	21.7032
18	10	0.461538	0.25641	0.102228	-0.134153	-15.4531
18	11	0.461538	0.282051	0.53036	-0.340497	22.742
18	12	0.461538	0.307692	-0.0651955	0.278803	-6.76531
18	13	0.461538	0.333333	0.72223	-0.728785	5.24357
18	14	0.461538	0.358974	0.0402662	0.440027	17.469
18	15	0.461538	0.384615	0.488937	-0.672525	-21.5327
18	16	0.461538	0.410256	0.436057	0.111987	39.0432
18	17	0.461538	0.435897	-0.183582	-0.0411303	-33.7518
18	18	0.461538	0.461538	0.966061	-0.538783	36.8766
18	19	0.461538	0.487179	-0.605482	0.667156	-14.625
18	20	0.461538	0.512821	1.23973	-1.02074	5.24076
18	21	0.461538	0.538462	-0.185865	0.760741	24.0662
18	22	0.461538	0.564103	0.462862	-0.698602	-33.7251
18	23	0.461538	0.589744	0.481421	0.251958	49.3342
18	24	0.461538	0.615385	-1.19697	0.207724	-45.9286
18	25	0.461538	0.641026	0.758961	-0.352174	43.3312
18	26	0.461538	0.666667	-2.03038	0.822551	-23.8165
18	27	0.461538	0.692308	0.822692	-0.719098	12.2215
18	28	0.461538	0.717949	-1.25101	0.784818	11.6269
18	29	0.461538	0.74359	0.00908764	-0.490689	-21.8766
18	30	0.461538	0.769231	-0.266429	0.366781	32.8301
18	31	0.461538	0.794872	-1.88831	0.0908208	-35.3551
18	32	0.461538	0.820513	-0.238233	-0.0079254	32.5412
18	33	0.461538	0.846154	-3.10169	0.405327	-27.3489
18	34	0.461538	0.871795	-0.206532	-0.257629	18.7142
18	35	0.461538	0.897436	-2.63522	0.358261	-10.5746
18	36	0.461538	0.923077	0.289609	-0.286002	2.67601
18	37	0.461538	0.948718	-0.792703	0.00438835	-0.518847
18	38	0.461538	0.974359	0.723352	-0.149214	-2.64178
18	39	0.461538	1	1	0	0
19	0	0.487179	0	0	0	4.73655
19	1	0.487179	0.025641	0.0731217	0.062039	4.73655
19	2	0.487179	0.0512821	0.133611	-0.134725	1.4178
19	3	0.487179	0.0769231	0.166063	0.0586178	9.73832
19	4	0.487179	0.102564	0.159696	-0.0689803	-2.92167
19	5	0.487179	0.128205	0.275793	-0.148653	11.0189
19	6	0.487179	0.153846	0.111821	0.137239	0.728171
19	7	0.487179	0.179487	0.38088	-0.383257	2.28833
19	8	0.487179	0.205128	0.0920775	0.224466	13.4274
19	9	0.487179	0.230769	0.361089	-0.375696	-11.7817
19	10	0.487179	0.25641	0.216014	0.00479101	25.1353
19	11	0.487179	0.282051	0.188693	-0.0359409	-17.4206
19	12	0.487179	0.307692	0.503503	-0.458895	22.179
19	13	0.487179	0.333333	0.0130885	0.399035	-3.78351
19	14	0.487179	0.358974	0.713175	-0.828291	-0.637648
19	15	0.487179	0.384615	0.025593	0.506193	24.5036
19	16	0.487179	0.410256	0.48726	-0.672261	-30.1299
19	17	0.487179	0.435897	0.331697	0.0680489	46.7071
19	18	0.487179	0.461538	-0.0771079	0.0687182	-39.9816
19	19	0.487179	0.487179	0.864944	-0.739498	40.0568
19	20	0.487179	0.512821	-0.343375	0.838482	-13.541
19	21	0.487179	0.538462	1.05458	-1.29943	-1.30976
19	22	0.487179	0.564103	-0.0859878	0.889557	33.695
19	23	0.487179	0.589744	0.118514	-0.878859	-49.1267
19	24	0.487179	0.615385	0.172304	0.235257	64.7903
19	25	0.487179	0.641026	-1.21417	0.149341	-63.3151
19	26	0.487179	0.666667	0.433763	-0.660218	57.7794
19	27	0.487179	0.692308	-1.43613	0.912464	-33.7727
19	28	0.487179	0.717949	0.518772	-1.27586	14.1617
19	29	0.487179	0.74359	-0.715228	0.925746	16.153
19	30	0.487179	0.769231	-0.589443	-0.968983	-37.1593
19	31	0.487179	0.794872	-0.515032	0.391154	50.8543
19	32	0.487179	0.820513	-2.16622	-0.196336	-60.683
19	33	0.487179	0.846154	-0.633855	-0.190266	56.3475
19	34	0.487179	0.871795	-2.60123	0.314224	-52.891
19	35	0.487179	0.897436	-0.195425	-0.613394	38.9747
19	36	0.487179	0.923077	-1.5034	0.455591	-27.8341
19	37	0.487179	0.948718	0.481164	-0.677973	11.7007
19	38	0.487179	0.974359	0.31326	0.0885782	-5.49304
19	39	0.487179	1	1	0	0
20	0	0.512821	0	0	0	3.68764
20	1	0.512821	0.025641	0.0856396	-0.0732984	3.68764
20	2	0.512821	0.0512821	0.101398	0.0830512	6.46308
20	3	0.512821	0.0769231	0.205145	-0.133697	-0.924897
20	4	0.512821	0.102564	0.158979	0.00940995	11.0747
20	5	0.512821	0.128205	0.203194	-0.00886296	-3.33312
20	6	0.512821	0.153846	0.292454	-0.213865	9.60335
20	7	0.512821	0.179487	0.0965092	0.182433	3.02857
20	8	0.512821	0.205128	0.441885	-0.387817	-1.03722
20	9	0.512821	0.230769	0.0215194	0.206432	16.1876
20	10	0.512821	0.25641	0.452147	-0.299128	-13.8342
20	11	0.512821	0.282051	0.159353	-0.068484	25.3004
20	12	0.512821	0.307692	0.268288	0.0775408	-15.7372
20	13	0.512821	0.333333	0.514165	-0.532314	18.1153
20	14	0.512821	0.358974	-0.00132097	0.485944	1.52553
20	15	0.512821	0.384615	0.769465	-0.823028	-7.54106
20	16	0.512821	0.410256	-0.113419	0.510316	30.86
20	17	0.512821	0.435897	0.597882	-0.560092	-35.6516
20	18	0.512821	0.461538	0.179563	-0.0577971	50.0148
20	19	0.512821	0.487179	0.131356	0.260387	-39.257
20	20	0.512821	0.512821	0.781412	-0.982396	35.049
20	21	0.512821	0.538462	-0.201111	0.996692	-4.07781
20	22	0.512821	0.564103	0.914226	-1.44119	-15.5787
20	23	0.512821	0.589744	-0.337487	0.871068	47.9431
20	24	0.512821	0.615385	0.0527989	-0.817842	-63.7172
20	25	0.512821	0.641026	-0.289524	-0.0251279	76.5978
20	26	0.512821	0.666667	-0.811284	0.293332	-68.5685
20	27	0.512821	0.692308	0.134781	-1.1699	57.8052
20	28	0.512821	0.717949	-0.830007	1.03041	-24.7048
20	29	0.512821	0.74359	0.167366	-1.69552	-2.90976
20	30	0.512821	0.769231	-0.781501	0.865397	34.9244
20	31	0.512821	0.794872	-0.90548	-1.05259	-59.768
20	32	0.512821	0.820513	-1.11847	0.165201	70.1076
20	33	0.512821	0.846154	-1.8729	-0.196417	-77.566
20	34	0.512821	0.871795	-1.00055	-0.533302	70.2846
20	35	0.512821	0.897436	-1.63743	0.378559	-60.7055
20	36	0.512821	0.923077	-0.173191	-1.04429	41.6957
20	37	0.512821	0.948718	-0.3239	0.513064	-24.4726
20	38	0.512821	0.974359	0.648937	-0.784154	4.57192
20	39	0.512821	1	1	0	0
21	0	0.538462	0	0	0	4.06008
21	1	0.538462	0.025641	0.0649522	0.0337945	4.06008
21	2	0.538462	0.0512821	0.172752	-0.0966939	2.26937
21	3	0.538462	0.0769231	0.0912085	0.0657935	7.49783
21	4	0.538462	0.102564	0.269877	-0.101783	-1.74814
21	5	0.538462	0.128205	0.156403	-0.0318053	10.6217
21	6	0.538462	0.153846	0.207869	0.0290367	-2.34921
21	7	0.538462	0.179487	0.342499	-0.218594	7.6645
21	8	0.538462	0.205128	0.0289258	0.182055	4.54174
21	9	0.538462	0.230769	0.527502	-0.328956	-2.33394
21	10	0.538462	0.25641	-0.0604319	0.171036	16.0291
21	11	0.538462	0.282051	0.53096	-0.208448	-12.6129
21	12	0.538462	0.307692	0.150898	-0.0996	22.3503
21	13	0.538462	0.333333	0.271557	0.156735	-12.1131
21	14	0.538462	0.358974	0.589233	-0.503262	13.2345
21	15	0.538462	0.384615	-0.133956	0.520956	5.69604
21	16	0.538462	0.410256	0.885451	-0.701455	-11.4343
21	17	0.538462	0.435897	-0.309083	0.472615	32.822
21	18	0.538462	0.461538	0.758949	-0.366569	-35.067
21	19	0.538462	0.487179	0.085842	-0.180618	46.3391
21	20	0.538462	0.512821	0.261359	0.475774	-31.7576
21	21	0.538462	0.538462	0.79289	-1.05958	23.4018
21	22	0.538462	0.564103	-0.376355	1.0867	8.17626
21	23	0.538462	0.589744	0.90909	-1.24771	-28.4627
21	24	0.538462	0.615385	-0.851324	0.748696	57.1419
21	25	0.538462	0.641026	0.239098	-0.48834	-66.4438
21	26	0.538462	0.666667	-0.698246	-0.337078	74.9856
21	27	0.538462	0.692308	-0.349857	0.572681	-57.1498
21	28	0.538462	0.717949	-0.0282633	-1.4593	40.1643
21	29	0.538462	0.74359	-0.732903	1.10725	-4.15712
21	30	0.538462	0.769231	-0.0170087	-1.53285	-26.1324
21	31	0.538462	0.794872	-1.39852	0.711403	51.995
21	32	0.538462	0.820513	-0.84339	-0.72291	-70.7193
21	33	0.538462	0.846154	-1.7725	-0.0818261	76.9875
21	34	0.538462	0.871795	-1.22631	-0.00742224	-75.5935
21	35	0.538462	0.897436	-1.19674	-0.854067	65.8643
21	36	0.538462	0.923077	-0.612925	0.486971	-48.6342
21	37	0.538462	0.948718	-0.0229514	-1.19989	26.0662
21	38	0.538462	0.974359	0.495935	0.275392	-10.6392
21	39	0.538462	1	1	0	0
22	0	0.564103	0	0	0	3.65038
22	1	0.564103	0.025641	0.088986	-0.023863	3.65038
22	2	0.564103	0.0512821	0.0768226	0.0282799	4.23582
22	3	0.564103	0.0769231	0.251543	-0.0858913	1.91536
22	4	0.564103	0.102564	0.074961	0.0466859	7.04823
22	5	0.564103	0.128205	0.299302	-0.0841393	-1.2428
22	6	0.564103	0.153846	0.183447	-0.0261612	9.51073
22	7	0.564103	0.179487	0.164108	0.0230952	-1.83655
22	8	0.564103	0.205128	0.411259	-0.168482	7.28755
22	9	0.564103	0.230769	-0.054105	0.159483	3.57979
22	10	0.564103	0.25641	0.593733	-0.261266	-0.811962
22	11	0.564103	0.282051	-0.0931984	0.167043	13.2167
22	12	0.564103	0.307692	0.546408	-0.16035	-9.77165
22	13	0.564103	0.333333	0.214197	-0.0494089	18.8283
22	14	0.564103	0.358974	0.175641	0.177521	-9.78209
22	15	0.564103	0.384615	0.698002	-0.380458	11.0918
22	16	0.564103	0.410256	-0.326048	0.516821	5.65926
22	17	0.564103	0.435897	0.999518	-0.527668	-10.0917
22	18	0.564103	0.461538	-0.442527	0.445351	28.9656
22	19	0.564103	0.487179	0.856108	-0.173961	-29.2606
22	20	0.564103	0.512821	0.129253	-0.178224	37.4917
22	21	0.564103	0.538462	0.157375	0.628782	-22.5907
22	22	0.564103	0.564103	0.888689	-0.832331	12.7262
22	23	0.564103	0.589744	-0.845852	1.08254	14.65
22	24	0.564103	0.615385	0.975532	-0.786444	-30.4492
22	25	0.564103	0.641026	-1.36887	0.609423	53.4455
22	26	0.564103	0.666667	0.472695	-0.070067	-54.7487
22	27	0.564103	0.692308	-0.854431	-0.460263	57.8442
22	28	0.564103	0.717949	-0.196208	0.818601	-36.621
22	29	0.564103	0.74359	0.0105975	-1.19663	16.2117
22	30	0.564103	0.769231	-1.22366	1.08391	12.5942
22	31	0.564103	0.794872	-0.0284751	-0.892172	-36.4177
22	32	0.564103	0.820513	-2.19252	0.536432	53.8659
22	33	0.564103	0.846154	-0.550235	-0.291499	-62.0164
22	34	0.564103	0.871795	-2.16841	-0.259586	65.0115
22	35	0.564103	0.897436	-0.492883	0.184273	-56.6056
22	36	0.564103	0.923077	-1.05388	-0.983089	43.6918
22	37	0.564103	0.948718	0.159802	0.449657	-26.2305
22	38	0.564103	0.974359	0.406376	-0.866571	5.56069
22	39	0.564103	1	1	0	0
23	0	0.589744	0	0	0	3.29942
23	1	0.589744	0.025641	0.0617699	-0.0169243	3.29942
23	2	0.589744	0.0512821	0.170142	-0.0143174	3.93588
23	3	0.589744	0.0769231	0.0680165	0.0148162	3.23337
23	4	0.589744	0.102564	0.297979	-0.0831202	2.7413
23	5	0.589744	0.128205	0.0821545	0.0627615	5.9256
23	6	0.589744	0.153846	0.284265	-0.106454	-0.97316
23	7	0.589744	0.179487	0.230402	0.0240552	9.594
23	8	0.589744	0.205128	0.101547	-0.00768296	-3.35797
23	9	0.589744	0.230769	0.458453	-0.114461	9.26796
23	10	0.589744	0.25641	-0.0949291	0.159303	0.437789
23	11	0.589744	0.282051	0.603741	-0.241918	2.0285
23	12	0.589744	0.307692	-0.0492705	0.224149	10.1738
23	13	0.589744	0.333333	0.484966	-0.177001	-8.27003
23	14	0.589744	0.358974	0.310146	0.0632403	17.8579
23	15	0.589744	0.384615	0.0275973	0.154991	-11.2539
23	16	0.589744	0.410256	0.771634	-0.23983	13.3564
23	17	0.589744	0.435897	-0.462411	0.513328	0.967382
23	18	0.589744	0.461538	1.0398	-0.398937	-4.82817
23	19	0.589744	0.487179	-0.419369	0.490067	21.725
23	20	0.589744	0.512821	0.793652	-0.073288	-22.7075
23	21	0.589744	0.538462	0.279854	0.0125574	29.6353
23	22	0.589744	0.564103	-0.191646	0.648107	-18.6987
23	23	0.589744	0.589744	0.943455	-0.407048	10.9533
23	24	0.589744	0.615385	-1.35613	0.991445	9.46391
23	25	0.589744	0.641026	0.988037	-0.344724	-19.9185
23	26	0.589744	0.666667	-1.58176	0.557339	36.7569
23	27	0.589744	0.692308	0.547094	0.191452	-35.8155
23	28	0.589744	0.717949	-0.673922	-0.226471	35.0709
23	29	0.589744	0.74359	-0.504459	0.844244	-20.3385
23	30	0.589744	0.769231	0.125009	-0.513779	3.94357
23	31	0.589744	0.794872	-1.98292	0.890437	12.891
23	32	0.589744	0.820513	-0.0046091	-0.283792	-26.4142
23	33	0.589744	0.846154	-2.69372	0.370178	36.3882
23	34	0.589744	0.871795	-0.178354	-0.0520675	-38.9283
23	35	0.589744	0.897436	-2.05248	-0.321871	38.1292
23	36	0.589744	0.923077	0.115971	0.201823	-30.5692
23	37	0.589744	0.948718	-0.480737	-0.783527	16.5547
23	38	0.589744	0.974359	0.640766	0.103245	-8.34114
23	39	0.589744	1	1	0	0
24	0	0.615385	0	0	0	3.57537
24	1	0.615385	0.025641	0.0791565	0.0266144	3.57537
24	2	0.615385	0.0512821	0.0834155	-0.0453025	1.97378
24	3	0.615385	0.0769231	0.222241	-0.00885317	5.28382
24	4	0.615385	0.102564	0.0715456	0.0298726	1.56775
24	5	0.615385	0.128205	0.303048	-0.11574	3.48024
24	6	0.615385	0.153846	0.110886	0.116799	5.76551
24	7	0.615385	0.179487	0.248274	-0.152707	-2.40316
24	8	0.615385	0.205128	0.260266	0.0760504	11.6773
24	9	0.615385	0.230769	0.0695842	-0.0186742	-6.68988
24	10	0.615385	0.25641	0.453905	-0.10781	12.3102
24	11	0.615385	0.282051	-0.0641792	0.211304	-2.62696
24	12	0.615385	0.307692	0.555396	-0.28641	3.49552
24	13	0.615385	0.333333	0.034574	0.324263	9.66413
24	14	0.615385	0.358974	0.385221	-0.230812	-10.2216
24	15	0.615385	0.384615	0.363701	0.170652	20.6555
24	16	0.615385	0.410256	-0.0773805	0.13732	-16.358
24	17	0.615385	0.435897	0.75839	-0.168371	18.4812
24	18	0.615385	0.461538	-0.450882	0.556107	-5.41633
24	19	0.615385	0.487179	0.967719	-0.384383	0.262769
24	20	0.615385	0.512821	-0.258722	0.626584	16.4118
24	21	0.615385	0.538462	0.56199	-0.109577	-20.8512
24	22	0.615385	0.564103	0.385053	0.294906	28.841
24	23	0.615385	0.589744	-0.59415	0.538936	-24.0991
24	24	0.615385	0.615385	0.84299	-0.0745012	19.2879
24	25	0.615385	0.641026	-1.56431	0.889533	-5.39856
24	26	0.615385	0.666667	0.880102	-0.182715	-3.85121
24	27	0.615385	0.692308	-1.34144	0.669154	17.1102
24	28	0.615385	0.717949	0.334853	0.127882	-21.2977
24	29	0.615385	0.74359	-0.344822	0.247633	22.5417
24	30	0.615385	0.769231	-1.10336	0.570067	-19.4673
24	31	0.615385	0.794872	0.0885192	0.0437329	11.0596
24	32	0.615385	0.820513	-2.46712	0.59645	-5.19286
24	33	0.615385	0.846154	-0.00114401	-0.07008	-3.57502
24	34	0.615385	0.871795	-2.5722	0.259104	7.80537
24	35	0.615385	0.897436	0.156538	-0.105265	-12.5993
24	36	0.615385	0.923077	-1.36951	-0.225651	9.84954
24	37	0.615385	0.948718	0.498837	-0.0196241	-9.67276
24	38	0.615385	0.974359	0.336286	-0.434797	0.0690488
24	39	0.615385	1	1	0	0
25	0	0.641026	0	0	0	2.73287
25	1	0.641026	0.025641	0.0639125	-0.0522884	2.73287
25	2	0.641026	0.0512821	0.132323	0.0505602	4.94027
25	3	0.641026	0.0769231	0.102297	-0.0478114	-0.0978073
25	4	0.641026	0.102564	0.235167	-0.0354875	6.69782
25	5	0.641026	0.128205	0.093531	0.0817591	0.682472
25	6	0.641026	0.153846	0.285668	-0.17104	2.75005
25	7	0.641026	0.179487	0.129598	0.174386	7.39662
25	8	0.641026	0.205128	0.231512	-0.178321	-5.45413
25	9	0.641026	0.230769	0.24355	0.0861549	14.6793
25	10	0.641026	0.25641	0.0952813	0.0229395	-9.81484
25	11	0.641026	0.282051	0.402316	-0.158029	13.9978
25	12	0.641026	0.307692	0.00821372	0.302797	-3.16495
25	13	0.641026	0.333333	0.485302	-0.356802	1.73486
25	14	0.641026	0.358974	0.0831008	0.413406	12.5308
25	15	0.641026	0.384615	0.318264	-0.260483	-15.167
25	16	0.641026	0.410256	0.325613	0.209589	25.5278
25	17	0.641026	0.435897	-0.0665527	0.174026	-22.0011
25	18	0.641026	0.461538	0.657197	-0.203897	22.7093
25	19	0.641026	0.487179	-0.307031	0.65889	-8.85921
25	20	0.641026	0.512821	0.802454	-0.478712	0.778107
25	21	0.641026	0.538462	-0.110471	0.790076	17.311
25	22	0.641026	0.564103	0.284793	-0.226211	-26.2474
25	23	0.641026	0.589744	0.301549	0.470723	35.6241
25	24	0.641026	0.615385	-0.770234	0.414765	-35.7388
25	25	0.641026	0.641026	0.595569	-0.0324681	31.4122
25	26	0.641026	0.666667	-1.32539	0.872808	-19.8549
25	27	0.641026	0.692308	0.631098	-0.363018	7.26476
25	28	0.641026	0.717949	-0.859448	0.88128	7.97867
25	29	0.641026	0.74359	-0.102786	-0.212295	-20.7258
25	30	0.641026	0.769231	-0.237834	0.57137	27.3119
25	31	0.641026	0.794872	-1.52392	0.194196	-34.3878
25	32	0.641026	0.820513	-0.138966	0.150512	29.6999
25	33	0.641026	0.846154	-2.33211	0.365309	-30.1407
25	34	0.641026	0.871795	-0.0173763	-0.225507	19.6336
25	35	0.641026	0.897436	-1.83865	0.248336	-16.778
25	36	0.641026	0.923077	0.361459	-0.392514	5.8205
25	37	0.641026	0.948718	-0.377156	-0.0341644	-5.52715
25	38	0.641026	0.974359	0.725472	-0.336911	-2.25047
25	39	0.641026	1	1	0	0
26	0	0.666667	0	0	0	3.28147
26	1	0.666667	0.025641	0.0635302	0.0459361	3.28147
26	2	0.666667	0.0512821	0.108063	-0.082074	0.944097
26	3	0.666667	0.0769231	0.147198	0.044551	6.62192
26	4	0.666667	0.102564	0.131467	-0.0111205	-1.64439
26	5	0.666667	0.128205	0.223745	-0.0857688	6.86459
26	6	0.666667	0.153846	0.110134	0.142845	1.45924
26	7	0.666667	0.179487	0.27912	-0.206926	0.447367
26	8	0.666667	0.205128	0.108519	0.19691	9.95517
26	9	0.666667	0.230769	0.256587	-0.148856	-8.39261
26	10	0.666667	0.25641	0.184961	0.0471414	16.4519
26	11	0.666667	0.282051	0.156265	0.108088	-10.5529
26	12	0.666667	0.307692	0.34121	-0.225419	12.6708
26	13	0.666667	0.333333	0.0548892	0.388195	-0.584592
26	14	0.666667	0.358974	0.446846	-0.386863	-2.71785
26	15	0.666667	0.384615	0.0444313	0.445568	16.9813
26	16	0.666667	0.410256	0.332706	-0.216053	-20.1409
26	17	0.666667	0.435897	0.207312	0.165834	29.0491
26	18	0.666667	0.461538	0.0440106	0.276072	-24.2725
26	19	0.666667	0.487179	0.516151	-0.310638	22.4581
26	20	0.666667	0.512821	-0.159849	0.781457	-6.56993
26	21	0.666667	0.538462	0.631447	-0.585244	-4.81418
26	22	0.666667	0.564103	-0.13436	0.874048	23.8376
26	23	0.666667	0.589744	0.144476	-0.285488	-35.5378
26	24	0.666667	0.615385	0.0315533	0.435089	44.3773
26	25	0.666667	0.641026	-0.615625	0.397334	-44.7424
26	26	0.666667	0.666667	0.278494	-0.255216	38.2394
26	27	0.666667	0.692308	-0.853173	0.946378	-23.4412
26	28	0.666667	0.717949	0.300392	-0.710132	5.52749
26	29	0.666667	0.74359	-0.584468	0.997022	13.9017
26	30	0.666667	0.769231	-0.450075	-0.51668	-33.3454
26	31	0.666667	0.794872	-0.485584	0.549873	41.6256
26	32	0.666667	0.820513	-1.45585	-0.021287	-52.4792
26	33	0.666667	0.846154	-0.450373	-0.0688516	46.7914
26	34	0.666667	0.871795	-1.66193	0.2766	-46.6549
26	35	0.666667	0.897436	-0.0671463	-0.570018	32.5078
26	36	0.666667	0.923077	-0.81457	0.307426	-25.6795
26	37	0.666667	0.948718	0.457904	-0.682293	9.43798
26	38	0.666667	0.974359	0.476354	-0.0302922	-6.15383
26	39	0.666667	1	1	0	0
27	0	0.692308	0	0	0	2.45511
27	1	0.692308	0.025641	0.0659022	-0.0504239	2.45511
27	2	0.692308	0.0512821	0.0865937	0.0629641	4.52628
27	3	0.692308	0.0769231	0.15218	-0.0703275	-0.705747
27	4	0.692308	0.102564	0.134586	0.0118108	7.36822
27	5	0.692308	0.128205	0.155367	0.0429434	-1.70513
27	6	0.692308	0.153846	0.217105	-0.122493	5.48709
27	7	0.692308	0.179487	0.0937233	0.176445	3.27737
27	8	0.692308	0.205128	0.302371	-0.189302	-2.0006
27	9	0.692308	0.230769	0.0485381	0.175236	11.5438
27	10	0.692308	0.25641	0.306752	-0.07208	-9.25556
27	11	0.692308	0.282051	0.121478	-0.00634856	15.492
27	12	0.692308	0.307692	0.197979	0.193043	-8.41732
27	13	0.692308	0.333333	0.315448	-0.248922	8.83105
27	14	0.692308	0.358974	0.0259256	0.426253	3.33464
27	15	0.692308	0.384615	0.467882	-0.332829	-7.12674
27	16	0.692308	0.410256	-0.0718342	0.414217	19.8819
27	17	0.692308	0.435897	0.410247	-0.0997218	-21.8253
27	18	0.692308	0.461538	0.0711426	0.0807361	28.3383
27	19	0.692308	0.487179	0.156323	0.4037	-21.4348
27	20	0.692308	0.512821	0.412092	-0.391518	16.914
27	21	0.692308	0.538462	-0.149694	0.856419	-0.00879668
27	22	0.692308	0.564103	0.553715	-0.575392	-13.1635
27	23	0.692308	0.589744	-0.356929	0.827412	30.787
27	24	0.692308	0.615385	0.201156	-0.197041	-41.371
27	25	0.692308	0.641026	-0.306825	0.238943	47.6298
27	26	0.692308	0.666667	-0.296891	0.497632	-43.7518
27	27	0.692308	0.692308	0.00450322	-0.544683	33.6263
27	28	0.692308	0.717949	-0.54092	1.01125	-14.5521
27	29	0.692308	0.74359	0.0730104	-0.892252	-7.42453
27	30	0.692308	0.769231	-0.731158	0.920575	26.7484
27	31	0.692308	0.794872	-0.476406	-0.538413	-46.7442
27	32	0.692308	0.820513	-0.929084	0.312113	52.5991
27	33	0.692308	0.846154	-0.995476	-0.0315712	-59.906
27	34	0.692308	0.871795	-0.735335	-0.398223	52.1604
27	35	0.692308	0.897436	-0.78803	0.292843	-46.5466
27	36	0.692308	0.923077	-0.0875012	-0.874482	29.3264
27	37	0.692308	0.948718	0.0677926	0.299807	-18.8346
27	38	0.692308	0.974359	0.63817	-0.683913	1.85101
27	39	0.692308	1	1	0	0
28	0	0.717949	0	0	0	2.77562
28	1	0.717949	0.025641	0.0493112	0.0297287	2.77562
28	2	0.717949	0.0512821	0.122521	-0.0617643	1.33008
28	3	0.717949	0.0769231	0.0768118	0.0508424	5.25832
28	4	0.717949	0.102564	0.188135	-0.0332598	-1.17725
28	5	0.717949	0.128205	0.121041	-0.0164662	6.69354
28	6	0.717949	0.153846	0.150792	0.0785509	-0.624574
28	7	0.717949	0.179487	0.233273	-0.113157	3.67374
28	8	0.717949	0.205128	0.0414418	0.16908	4.49152
28	9	0.717949	0.230769	0.342268	-0.124296	-2.82015
28	10	0.717949	0.25641	-0.0170014	0.136354	10.7807
28	11	0.717949	0.282051	0.339705	0.00804503	-7.54239
28	12	0.717949	0.307692	0.0955017	-0.0229262	12.2232
28	13	0.717949	0.333333	0.178051	0.23511	-5.04145
28	14	0.717949	0.358974	0.341018	-0.193596	4.93454
28	15	0.717949	0.384615	-0.0742633	0.407871	5.75026
28	16	0.717949	0.410256	0.524503	-0.210488	-8.59209
28	17	0.717949	0.435897	-0.202312	0.35353	18.9089
28	18	0.717949	0.461538	0.479759	0.0350797	-19.0816
28	19	0.717949	0.487179	-0.00575191	0.0295845	23.1406
28	20	0.717949	0.512821	0.167499	0.49348	-15.3033
28	21	0.717949	0.538462	0.3968	-0.350711	9.21834
28	22	0.717949	0.564103	-0.3143	0.839559	6.08444
28	23	0.717949	0.589744	0.57839	-0.40741	-18.1519
28	24	0.717949	0.615385	-0.664453	0.680398	32.1785
28	25	0.717949	0.641026	0.344404	-0.00410979	-38.6184
28	26	0.717949	0.666667	-0.552621	0.0272351	41.113
28	27	0.717949	0.692308	-0.0808331	0.615944	-33.0561
28	28	0.717949	0.717949	-0.100348	-0.643095	19.7296
28	29	0.717949	0.74359	-0.596162	0.973446	-1.22652
28	30	0.717949	0.769231	0.0519736	-0.734149	-20.1046
28	31	0.717949	0.794872	-1.15426	0.702301	34.5519
28	32	0.717949	0.820513	-0.262074	-0.342126	-48.8735
28	33	0.717949	0.846154	-1.33511	0.0210892	51.1702
28	34	0.717949	0.871795	-0.413239	0.0500169	-51.9916
28	35	0.717949	0.897436	-0.842693	-0.657476	42.0052
28	36	0.717949	0.923077	-0.0486104	0.291076	-32.5932
28	37	0.717949	0.948718	0.0860402	-0.881489	14.6042
28	38	0.717949	0.974359	0.624889	0.0504471	-7.73
28	39	0.717949	1	1	0	0
29	0	0.74359	0	0	0	2.3626
29	1	0.74359	0.025641	0.060658	-0.0198933	2.3626
29	2	0.74359	0.0512821	0.0560138	0.0290695	3.06128
29	3	0.74359	0.0769231	0.167928	-0.0426078	0.968401
29	4	0.74359	0.102564	0.0589059	0.0343431	4.82705
29	5	0.74359	0.128205	0.197613	-0.00476613	-0.530674
29	6	0.74359	0.153846	0.125976	-0.00981421	5.38893
29	7	0.74359	0.179487	0.113009	0.0777792	0.223381
29	8	0.74359	0.205128	0.26259	-0.0605828	3.00235
29	9	0.74359	0.230769	-0.0192222	0.140379	3.81349
29	10	0.74359	0.25641	0.365157	-0.0538002	-1.43736
29	11	0.74359	0.282051	-0.0472576	0.123163	7.98317
29	12	0.74359	0.307692	0.322556	0.0476468	-4.65229
29	13	0.74359	0.333333	0.120144	0.0253585	8.80971
29	14	0.74359	0.358974	0.0976212	0.222058	-2.96344
29	15	0.74359	0.384615	0.389086	-0.0812904	3.54883
29	16	0.74359	0.410256	-0.189887	0.359977	4.7489
29	17	0.74359	0.435897	0.560744	-0.0831652	-6.25986
29	18	0.74359	0.461538	-0.269936	0.319089	14.2319
29	19	0.74359	0.487179	0.473056	0.122402	-13.7573
29	20	0.74359	0.512821	0.0134773	0.0729322	16.3746
29	21	0.74359	0.538462	0.045202	0.499302	-9.9731
29	22	0.74359	0.564103	0.44219	-0.180722	4.42147
29	23	0.74359	0.589744	-0.564342	0.734834	7.03322
29	24	0.74359	0.615385	0.618983	-0.172483	-15.9629
29	25	0.74359	0.641026	-0.878976	0.518	25.4543
29	26	0.74359	0.666667	0.418147	0.162826	-28.4137
29	27	0.74359	0.692308	-0.582282	-0.0410258	27.4776
29	28	0.74359	0.717949	-0.117218	0.633729	-19.7346
29	29	0.74359	0.74359	-0.0303055	-0.447069	6.46224
29	30	0.74359	0.769231	-0.927107	0.79564	6.26053
29	31	0.74359	0.794872	0.135524	-0.389909	-21.9908
29	32	0.74359	0.820513	-1.55619	0.421573	29.9498
29	33	0.74359	0.846154	0.00414095	-0.144353	-37.5198
29	34	0.74359	0.871795	-1.46512	-0.204912	36.0503
29	35	0.74359	0.897436	0.0710266	0.0820844	-33.6477
29	36	0.74359	0.923077	-0.622595	-0.695605	22.0545
29	37	0.74359	0.948718	0.41765	0.160227	-15.1384
29	38	0.74359	0.974359	0.507194	-0.603366	0.947409
29	39	0.74359	1	1	0	0
30	0	0.769231	0	0	0	2.23027
30	1	0.769231	0.025641	0.0394519	-0.00257658	2.23027
30	2	0.769231	0.0512821	0.108835	-0.0104963	2.33615
30	3	0.769231	0.0769231	0.0447012	0.0191294	2.51175
30	4	0.769231	0.102564	0.18798	-0.0235253	1.56464
30	5	0.769231	0.128205	0.0544662	0.0418206	3.72424
30	6	0.769231	0.153846	0.17547	-0.00581729	0.148216
30	7	0.769231	0.179487	0.144422	0.0333506	4.81856
30	8	0.769231	0.205128	0.0634026	0.0540906	-0.362512
30	9	0.769231	0.230769	0.276968	-0.00103971	4.1222
30	10	0.769231	0.25641	-0.0511351	0.127546	1.42297
30	11	0.769231	0.282051	0.345773	-0.0201055	1.02385
30	12	0.769231	0.307692	-0.0277323	0.160735	5.02577
30	13	0.769231	0.333333	0.2564	0.0343095	-2.82451
30	14	0.769231	0.358974	0.166115	0.118211	7.52033
30	15	0.769231	0.384615	0.00130623	0.178798	-3.81691
30	16	0.769231	0.410256	0.409485	0.0260054	5.39234
30	17	0.769231	0.435897	-0.250534	0.329684	0.743175
30	18	0.769231	0.461538	0.532434	-0.0138499	-1.8771
30	19	0.769231	0.487179	-0.239794	0.351121	8.60769
30	20	0.769231	0.512821	0.371057	0.125615	-9.36192
30	21	0.769231	0.538462	0.0881097	0.202006	12.1806
30	22	0.769231	0.564103	-0.148374	0.421586	-9.04596
30	23	0.769231	0.589744	0.462403	0.0190841	5.44811
30	24	0.769231	0.615385	-0.739797	0.598186	1.54302
30	25	0.769231	0.641026	0.586109	-0.0122041	-7.98257
30	26	0.769231	0.666667	-0.870643	0.437459	13.7911
30	27	0.769231	0.692308	0.337077	0.193165	-16.764
30	28	0.769231	0.717949	-0.42156	0.0856549	15.0161
30	29	0.769231	0.74359	-0.366532	0.490433	-12.0429
30	30	0.769231	0.769231	0.0679589	-0.121754	2.72992
30	31	0.769231	0.794872	-1.25837	0.512347	2.39181
30	32	0.769231	0.820513	0.186098	-0.137133	-12.0482
30	33	0.769231	0.846154	-1.64995	0.171443	14.0929
30	34	0.769231	0.871795	0.202507	-0.0951478	-18.8803
30	35	0.769231	0.897436	-1.18518	-0.278648	14.6657
30	36	0.769231	0.923077	0.366403	-0.0209683	-14.4597
30	37	0.769231	0.948718	-0.0944886	-0.491977	4.67666
30	38	0.769231	0.974359	0.700438	-0.127198	-4.80192
30	39	0.769231	1	1	0	0
31	0	0.794872	0	0	0	2.27757
31	1	0.794872	0.025641	0.0469643	0.0123843	2.27757
31	2	0.794872	0.0512821	0.0471729	-0.0170047	1.56826
31	3	0.794872	0.0769231	0.133334	0.00444466	3.05644
31	4	0.794872	0.102564	0.0390651	0.0254915	1.35982
31	5	0.794872	0.128205	0.177466	-0.0266617	2.31456
31	6	0.794872	0.153846	0.0640369	0.0791345	3.092
31	7	0.794872	0.179487	0.138139	-0.0281715	-0.242608
31	8	0.794872	0.205128	0.152909	0.0843903	5.67672
31	9	0.794872	0.230769	0.0335385	0.0404626	-2.35991
31	10	0.794872	0.25641	0.255301	0.0272776	6.18922
31	11	0.794872	0.282051	-0.0385102	0.155629	-1.10333
31	12	0.794872	0.307692	0.286771	-0.0345517	2.61668
31	13	0.794872	0.333333	0.01609	0.234558	3.9014
31	14	0.794872	0.358974	0.176217	-0.00615518	-3.51145
31	15	0.794872	0.384615	0.18557	0.202692	8.98803
31	16	0.794872	0.410256	-0.0528288	0.15138	-7.13143
31	17	0.794872	0.435897	0.370168	0.0740825	8.87971
31	18	0.794872	0.461538	-0.223469	0.351557	-3.70251
31	19	0.794872	0.487179	0.435496	-0.0248276	1.49006
31	20	0.794872	0.512821	-0.15069	0.438935	5.47111
31	21	0.794872	0.538462	0.218383	0.0602241	-8.73739
31	22	0.794872	0.564103	0.130502	0.336015	12.7207
31	23	0.794872	0.589744	-0.291506	0.315466	-13.0634
31	24	0.794872	0.615385	0.394515	0.128079	10.8996
31	25	0.794872	0.641026	-0.723527	0.508283	-7.012
31	26	0.794872	0.666667	0.44973	-0.00643109	0.636639
31	27	0.794872	0.692308	-0.666562	0.472844	4.14527
31	28	0.794872	0.717949	0.122554	0.0648407	-10.2438
31	29	0.794872	0.74359	-0.243817	0.284283	10.767
31	30	0.794872	0.769231	-0.630442	0.235057	-13.9536
31	31	0.794872	0.794872	0.0578186	0.0776273	9.08982
31	32	0.794872	0.820513	-1.31542	0.235474	-10.1338
31	33	0.794872	0.846154	0.156686	-0.107164	3.07707
31	34	0.794872	0.871795	-1.33054	0.0321603	-4.37978
31	35	0.794872	0.897436	0.287929	-0.214115	-1.86371
31	36	0.794872	0.923077	-0.582479	-0.194965	-1.71149
31	37	0.794872	0.948718	0.51405	-0.216731	-2.90463
31	38	0.794872	0.974359	0.510875	-0.292607	-2.55486
31	39	0.794872	1	1	0	0
32	0	0.820513	0	0	0	1.82976
32	1	0.820513	0.025641	0.0331214	-0.025358	1.82976
32	2	0.820513	0.0512821	0.0724215	0.0301089	2.95979
32	3	0.820513	0.0769231	0.0499348	-0.0181331	0.375568
32	4	0.820513	0.102564	0.128792	0.00274468	3.96929
32	5	0.820513	0.128205	0.0449525	0.0572078	0.532752
32	6	0.820513	0.153846	0.149136	-0.048365	2.23289
32	7	0.820513	0.179487	0.0693034	0.125154	3.63554
32	8	0.820513	0.205128	0.111579	-0.0431964	-1.83159
32	9	0.820513	0.230769	0.132168	0.110208	7.37573
32	10	0.820513	0.25641	0.0388533	0.0621162	-4.49797
32	11	0.820513	0.282051	0.200843	0.0134872	7.54857
32	12	0.820513	0.307692	-0.000954393	0.216378	-2.03112
32	13	0.820513	0.333333	0.217073	-0.0718835	2.02021
32	14	0.820513	0.358974	0.0399916	0.302045	5.18258
32	15	0.820513	0.384615	0.126875	-0.0280597	-6.31213
32	16	0.820513	0.410256	0.150232	0.234453	11.8128
32	17	0.820513	0.435897	-0.0373957	0.173482	-10.6122
32	18	0.820513	0.461538	0.277371	0.0512011	11.3167
32	19	0.820513	0.487179	-0.140654	0.418534	-5.70357
32	20	0.820513	0.512821	0.308916	-0.086339	1.49383
32	21	0.820513	0.538462	-0.0847284	0.523786	6.35402
32	22	0.820513	0.564103	0.0996682	-0.0111958	-12.0506
32	23	0.820513	0.589744	0.0821513	0.388663	16.5865
32	24	0.820513	0.615385	-0.294293	0.255024	-18.8591
32	25	0.820513	0.641026	0.240739	0.0982172	16.3765
32	26	0.820513	0.666667	-0.538718	0.500809	-12.9167
32	27	0.820513	0.692308	0.245391	-0.132443	4.56234
32	28	0.820513	0.717949	-0.43599	0.551592	1.68294
32	29	0.820513	0.74359	-0.0969181	-0.134993	-11.6904
32	30	0.820513	0.769231	-0.206021	0.374906	14.757
32	31	0.820513	0.794872	-0.693185	0.00333751	-22.2631
32	32	0.820513	0.820513	-0.0734868	0.0538667	19.16
32	33	0.820513	0.846154	-1.02758	0.0638001	-22.6578
32	34	0.820513	0.871795	0.0578816	-0.258226	15.0413
32	35	0.820513	0.897436	-0.737359	0.0156767	-15.6816
32	36	0.820513	0.923077	0.29114	-0.411428	6.47296
32	37	0.820513	0.948718	0.0758707	-0.071653	-6.75851
32	38	0.820513	0.974359	0.6773	-0.359552	-1.26439
32	39	0.820513	1	1	0	0
33	0	0.846154	0	0	0	2.08178
33	1	0.846154	0.025641	0.0296969	0.0251561	2.08178
33	2	0.846154	0.0512821	0.0490745	-0.040094	0.867861
33	3	0.846154	0.0769231	0.0707635	0.0349178	3.88917
33	4	0.846154	0.102564	0.0581155	0.00435198	-0.609591
33	5	0.846154	0.128205	0.105155	-0.015822	4.21421
33	6	0.846154	0.153846	0.0497183	0.0993106	0.721894
33	7	0.846154	0.179487	0.124567	-0.0650721	1.06912
33	8	0.846154	0.205128	0.0526575	0.151537	4.98896
33	9	0.846154	0.230769	0.109795	-0.0267981	-3.64518
33	10	0.846154	0.25641	0.0842848	0.0992897	8.54638
33	11	0.846154	0.282051	0.0654825	0.115346	-5.28704
33	12	0.846154	0.307692	0.138816	-0.0209069	7.00293
33	13	0.846154	0.333333	0.0236323	0.275311	-0.819544
33	14	0.846154	0.358974	0.171407	-0.0897909	-0.493045
33	15	0.846154	0.384615	0.0169493	0.325815	7.66981
33	16	0.846154	0.410256	0.128579	-1.74651e-05	-9.25041
33	17	0.846154	0.435897	0.0698333	0.205708	13.6489
33	18	0.846154	0.461538	0.0227667	0.239473	-11.8191
33	19	0.846154	0.487179	0.170158	-0.00933836	10.7125
33	20	0.846154	0.512821	-0.0714	0.485432	-4.16521
33	21	0.846154	0.538462	0.212654	-0.134861	-1.88276
33	22	0.846154	0.564103	-0.0983686	0.544896	9.83392
33	23	0.846154	0.589744	0.0751139	-0.0235486	-16.5178
33	24	0.846154	0.615385	-0.0457489	0.332275	20.0466
33	25	0.846154	0.641026	-0.174057	0.269895	-21.8684
33	26	0.846154	0.666667	0.0568117	-0.0290534	17.5777
33	27	0.846154	0.692308	-0.325326	0.532785	-12.5954
33	28	0.846154	0.717949	0.0662261	-0.284179	1.78674
33	29	0.846154	0.74359	-0.335751	0.560641	5.75859
33	30	0.846154	0.769231	-0.176749	-0.271015	-17.9644
33	31	0.846154	0.794872	-0.319885	0.291559	21.2102
33	32	0.846154	0.820513	-0.509296	-0.111361	-29.2856
33	33	0.846154	0.846154	-0.260586	-0.128296	25.4244
33	34	0.846154	0.871795	-0.549894	0.0069208	-27.3872
33	35	0.846154	0.897436	-0.0502162	-0.46494	18.128
33	36	0.846154	0.923077	-0.139302	0.042939	-15.9292
33	37	0.846154	0.948718	0.345079	-0.507024	5.12336
33	38	0.846154	0.974359	0.584992	-0.0991095	-4.40639
33	39	0.846154	1	1	0	0
34	0	0.871795	0	0	0	1.63242
34	1	0.871795	0.025641	0.0263959	-0.0258959	1.63242
34	2	0.871795	0.0512821	0.0329047	0.0374233	2.74285
34	3	0.871795	0.0769231	0.0624564	-0.0309793	-0.0607623
34	4	0.871795	0.102564	0.0500131	0.023132	4.33051
34	5	0.871795	0.128205	0.0644498	0.0401552	-0.728146
34	6	0.871795	0.153846	0.0809873	-0.0331779	3.45699
34	7	0.871795	0.179487	0.0383443	0.127464	1.74871
34	8	0.871795	0.205128	0.11645	-0.0551912	-0.474479
34	9	0.871795	0.230769	0.0142602	0.145541	6.05336
34	10	0.871795	0.25641	0.123369	0.0200087	-4.4273
34	11	0.871795	0.282051	0.0312353	0.0672683	8.12517
34	12	0.871795	0.307692	0.0830939	0.171301	-4.19633
34	13	0.871795	0.333333	0.0977765	-0.040131	4.69102
34	14	0.871795	0.358974	0.0105709	0.298972	1.55289
34	15	0.871795	0.384615	0.163454	-0.0612388	-3.2818
34	16	0.871795	0.410256	-0.0442176	0.297079	9.35987
34	17	0.871795	0.435897	0.161202	0.0707846	-10.2555
34	18	0.871795	0.461538	-0.0166115	0.144524	12.8126
34	19	0.871795	0.487179	0.0733903	0.309246	-9.91289
34	20	0.871795	0.512821	0.0960867	-0.0523203	7.09719
34	21	0.871795	0.538462	-0.0650124	0.503343	-0.432876
34	22	0.871795	0.564103	0.182757	-0.118629	-6.26537
34	23	0.871795	0.589744	-0.182531	0.481258	12.7604
34	24	0.871795	0.615385	0.129859	0.0365118	-18.4884
34	25	0.871795	0.641026	-0.188393	0.204042	19.7086
34	26	0.871795	0.666667	-0.0319479	0.320878	-19.6465
34	27	0.871795	0.692308	-0.075111	-0.157799	13.1536
34	28	0.871795	0.717949	-0.212601	0.524307	-7.15929
34	29	0.871795	0.74359	-0.000391481	-0.347603	-4.80991
34	30	0.871795	0.769231	-0.385331	0.449019	11.3047
34	31	0.871795	0.794872	-0.0940371	-0.283446	-22.6238
34	32	0.871795	0.820513	-0.489432	0.0864363	23.7822
34	33	0.871795	0.846154	-0.210525	-0.126008	-29.2327
34	34	0.871795	0.871795	-0.400655	-0.346227	23.5901
34	35	0.871795	0.897436	-0.111313	-0.00440807	-22.6576
34	36	0.871795	0.923077	-0.0496527	-0.572457	12.4612
34	37	0.871795	0.948718	0.287901	0.0190316	-9.22686
34	38	0.871795	0.974359	0.57605	-0.416907	-0.0895921
34	39	0.871795	1	1	0	0
35	0	0.897436	0	0	0	1.79119
35	1	0.897436	0.025641	0.0145194	0.016896	1.79119
35	2	0.897436	0.0512821	0.0432402	-0.0310371	1.0148
35	3	0.897436	0.0769231	0.0169957	0.0340952	3.16022
35	4	0.897436	0.102564	0.0705205	-0.00538224	-0.343238
35	5	0.897436	0.128205	0.0267723	0.00760532	3.9045
35	6	0.897436	0.153846	0.0572031	0.0684453	-0.00723845
35	7	0.897436	0.179487	0.0684539	-0.0311004	2.16787
35	8	0.897436	0.205128	0.00952426	0.127872	2.76294
35	9	0.897436	0.230769	0.118714	-0.0181666	-1.36548
35	10	0.897436	0.25641	-0.0275602	0.116691	5.90816
35	11	0.897436	0.282051	0.128891	0.0726889	-3.65531
35	12	0.897436	0.307692	-0.00207154	0.0420852	6.14367
35	13	0.897436	0.333333	0.0707595	0.199248	-1.97685
35	14	0.897436	0.358974	0.0875256	-0.0223955	1.93065
35	15	0.897436	0.384615	-0.0337211	0.276128	3.42095
35	16	0.897436	0.410256	0.175409	0.00479458	-4.60448
35	17	0.897436	0.435897	-0.10717	0.235666	8.85598
35	18	0.897436	0.461538	0.183001	0.145825	-8.63446
35	19	0.897436	0.487179	-0.0670139	0.0935719	9.36298
35	20	0.897436	0.512821	0.075225	0.338791	-6.07154
35	21	0.897436	0.538462	0.0768741	-0.0399001	2.45597
35	22	0.897436	0.564103	-0.11637	0.451139	2.87388
35	23	0.897436	0.589744	0.201658	-0.0389533	-8.69576
35	24	0.897436	0.615385	-0.275777	0.357377	12.5049
35	25	0.897436	0.641026	0.193789	0.122269	-16.2107
35	26	0.897436	0.666667	-0.267469	0.0764385	14.7723
35	27	0.897436	0.692308	0.0390951	0.339319	-13.4426
35	28	0.897436	0.717949	-0.100491	-0.202673	5.67795
35	29	0.897436	0.74359	-0.222748	0.428509	-0.895826
35	30	0.897436	0.769231	0.0432966	-0.295521	-9.91505
35	31	0.897436	0.794872	-0.489572	0.245048	13.2462
35	32	0.897436	0.820513	0.0522018	-0.223382	-21.3976
35	33	0.897436	0.846154	-0.585885	-0.141795	19.6159
35	34	0.897436	0.871795	0.0356224	-0.119927	-21.9627
35	35	0.897436	0.897436	-0.387559	-0.475365	14.9765
35	36	0.897436	0.923077	0.158722	-0.045404	-12.9893
35	37	0.897436	0.948718	0.135849	-0.486504	4.20343
35	38	0.897436	0.974359	0.589323	-0.0952606	-3.29941
35	39	0.897436	1	1	0	0
36	0	0.923077	0	0	0	1.55542
36	1	0.923077	0.025641	0.0155454	-0.0120934	1.55542
36	2	0.923077	0.0512821	0.00741358	0.0189502	2.01078
36	3	0.923077	0.0769231	0.051137	-0.0177651	0.740759
36	4	0.923077	0.102564	-0.00248478	0.0230157	2.95208
36	5	0.923077	0.128205	0.0648747	0.0192523	0.101294
36	6	0.923077	0.153846	0.0132817	0.00283514	2.89651
36	7	0.923077	0.179487	0.0345213	0.0750018	0.923269
36	8	0.923077	0.205128	0.0644364	-0.00811218	1.16976
36	9	0.923077	0.230769	-0.0222495	0.104911	2.98656
36	10	0.923077	0.25641	0.113499	0.0253843	-1.10385
36	11	0.923077	0.282051	-0.0509266	0.0856093	4.51064
36	12	0.923077	0.307692	0.109522	0.103227	-1.87245
36	13	0.923077	0.333333	-0.00714875	0.0404936	3.63318
36	14	0.923077	0.358974	0.0326879	0.186422	0.0217607
36	15	0.923077	0.384615	0.0921345	0.0227923	0.157374
36	16	0.923077	0.410256	-0.0782247	0.219522	3.6485
36	17	0.923077	0.435897	0.174253	0.0718269	-3.8735
36	18	0.923077	0.461538	-0.13403	0.172717	6.25267
36	19	0.923077	0.487179	0.164339	0.184589	-5.37565
36	20	0.923077	0.512821	-0.0658461	0.0789484	4.95393
36	21	0.923077	0.538462	0.0307521	0.307351	-2.44344
36	22	0.923077	0.564103	0.0919813	0.018821	-0.81234
36	23	0.923077	0.589744	-0.174883	0.343089	3.73052
36	24	0.923077	0.615385	0.217013	0.053237	-7.84191
36	25	0.923077	0.641026	-0.307097	0.2245	8.68655
36	26	0.923077	0.666667	0.203866	0.170425	-10.8708
36	27	0.923077	0.692308	-0.243421	0.0100269	7.53101
36	28	0.923077	0.717949	0.0192458	0.284495	-6.78717
36	29	0.923077	0.74359	-0.0406083	-0.153594	-0.51493
36	30	0.923077	0.769231	-0.281053	0.25919	2.24081
36	31	0.923077	0.794872	0.116782	-0.19532	-10.2639
36	32	0.923077	0.820513	-0.522058	0.0250091	9.86599
36	33	0.923077	0.846154	0.148765	-0.17623	-14.8966
36	34	0.923077	0.871795	-0.518873	-0.293904	10.8601
36	35	0.923077	0.897436	0.143757	-0.150405	-11.8819
36	36	0.923077	0.923077	-0.202992	-0.451908	5.46924
36	37	0.923077	0.948718	0.295252	-0.114745	-4.65123
36	38	0.923077	0.974359	0.466798	-0.287189	-0.491148
36	39	0.923077	1	1	0	0
37	0	0.948718	0	0	0	1.52986
37	1	0.948718	0.025641	0.00416663	0.00291471	1.52986
37	2	0.948718	0.0512821	0.0209948	-0.00990222	1.40162
37	3	0.948718	0.0769231	-0.00524935	0.0133664	1.91369
37	4	0.948718	0.102564	0.0449791	-0.000619101	0.954402
37	5	0.948718	0.128205	-0.0129386	0.0149271	2.26932
37	6	0.948718	0.153846	0.0440841	0.028955	0.830323
37	7	0.948718	0.179487	0.00946564	0.0106334	1.94386
37	8	0.948718	0.205128	0.00765316	0.0602053	1.42002
37	9	0.948718	0.230769	0.0557576	0.0187955	0.924003
37	10	0.948718	0.25641	-0.0382216	0.0730745	2.32724
37	11	0.948718	0.282051	0.087713	0.0502471	-0.0591975
37	12	0.948718	0.307692	-0.0473916	0.0646878	2.6541
37	13	0.948718	0.333333	0.0682312	0.098234	-0.152558
37	14	0.948718	0.358974	0.00293175	0.0533693	1.75579
37	15	0.948718	0.384615	-0.00634632	0.140505	0.880782
37	16	0.948718	0.410256	0.0850501	0.0622945	-0.134121
37	17	0.948718	0.435897	-0.0906823	0.151474	2.35149
37	18	0.948718	0.461538	0.138396	0.102801	-1.90313
37	19	0.948718	0.487179	-0.112015	0.125695	2.93376
37	20	0.948718	0.512821	0.10743	0.168083	-2.23986
37	21	0.948718	0.538462	-0.0335842	0.0886968	1.52313
37	22	0.948718	0.564103	-0.0217064	0.223936	-0.607669
37	23	0.948718	0.589744	0.0985909	0.0753295	-1.66853
37	24	0.948718	0.615385	-0.18223	0.216036	2.01013
37	25	0.948718	0.641026	0.185863	0.100428	-4.74705
37	26	0.948718	0.666667	-0.245672	0.126369	3.33189
37	27	0.948718	0.692308	0.146301	0.149593	-5.36614
37	28	0.948718	0.717949	-0.146213	0.00927893	1.48811
37	29	0.948718	0.74359	-0.0397481	0.169456	-2.76389
37	30	0.948718	0.769231	0.0297165	-0.0729491	-2.88949
37	31	0.948718	0.794872	-0.283252	0.0805972	1.24544
37	32	0.948718	0.820513	0.14069	-0.124893	-6.70495
37	33	0.948718	0.846154	-0.410896	-0.12359	3.59809
37	34	0.948718	0.871795	0.145212	-0.174828	-7.12431
37	35	0.948718	0.897436	-0.310296	-0.316997	2.77492
37	36	0.948718	0.923077	0.138013	-0.19976	-4.05447
37	37	0.948718	0.948718	0.0559281	-0.310109	0.41182
37	38	0.948718	0.974359	0.453959	-0.125993	-0.747582
37	39	0.948718	1	1	0	0
38	0	0.974359	0	0	0	1.45802
38	1	0.974359	0.025641	0.000876627	-0.00166691	1.45802
38	2	0.974359	0.0512821	-0.00245929	0.00101392	1.46963
38	3	0.974359	0.0769231	0.0130537	-0.00164816	1.43719
38	4	0.974359	0.102564	-0.0116816	0.00666432	1.55743
38	5	0.974359	0.128205	0.0234311	0.0072422	1.35265
38	6	0.974359	0.153846	-0.0125343	0.0113522	1.58158
38	7	0.974359	0.179487	0.0160635	0.0208762	1.31186
38	8	0.974359	0.205128	0.00544969	0.0169158	1.44942
38	9	0.974359	0.230769	-0.0086345	0.0333923	1.34478
38	10	0.974359	0.25641	0.0315318	0.0268304	1.18812
38	11	0.974359	0.282051	-0.030838	0.0409266	1.37193
38	12	0.974359	0.307692	0.0429148	0.04231	0.916751
38	13	0.974359	0.333333	-0.0273303	0.0451985	1.25953
38	14	0.974359	0.358974	0.0233862	0.0610865	0.74408
38	15	0.974359	0.384615	0.00650747	0.051093	0.918508
38	16	0.974359	0.410256	-0.0216932	0.0766138	0.689779
38	17	0.974359	0.435897	0.0502506	0.061845	0.393249
38	18	0.974359	0.461538	-0.0618722	0.0828138	0.657435
38	19	0.974359	0.487179	0.0706209	0.0792926	-0.143291
38	20	0.974359	0.512821	-0.0602707	0.0815586	0.445759
38	21	0.974359	0.538462	0.0399684	0.101509	-0.502554
38	22	0.974359	0.564103	-0.00713394	0.0792284	-0.129101
38	23	0.974359	0.589744	-0.0398064	0.114716	-0.608347
38	24	0.974359	0.615385	0.0646038	0.0778707	-1.00238
38	25	0.974359	0.641026	-0.118032	0.101635	-0.592518
38	26	0.974359	0.666667	0.0996392	0.0776963	-1.80345
38	27	0.974359	0.692308	-0.125882	0.0656418	-0.792732
38	28	0.974359	0.717949	0.054928	0.0764826	-2.16018
38	29	0.974359	0.74359	-0.0511611	0.0243724	-1.46439
38	30	0.974359	0.769231	-0.0643575	0.0518762	-2.02136
38	31	0.974359	0.794872	0.0417023	-0.0236127	-2.36123
38	32	0.974359	0.820513	-0.181303	-0.0264132	-1.63567
38	33	0.974359	0.846154	0.0833883	-0.0916511	-2.76464
38	34	0.974359	0.871795	-0.200244	-0.143616	-1.24794
38	35	0.974359	0.897436	0.0689933	-0.166007	-2.05702
38	36	0.974359	0.923077	-0.0798871	-0.223294	-0.678588
38	37	0.974359	0.948718	0.12959	-0.178254	-0.249948
38	38	0.974359	0.974359	0.32682	-0.101135	0.775444
38	39	0.974359	1	1	0	0
39	0	1	0	0	0	1.45802
39	1	1	0.025641	0	0	1.45802
39	2	1	0.0512821	0	0	1.46963
39	3	1	0.0769231	0	0	1.43719
39	4	1	0.102564	0	0	1.55743
39	5	1	0.128205	0	0	1.35265
39	6	1	0.153846	0	0	1.58158
39	7	1	0.179487	0	0	1.31186
39	8	1	0.205128	0	0	1.44942
39	9	1	0.230769	0	0	1.34478
39	10	1	0.25641	0	0	1.18812
39	11	1	0.282051	0	0	1.37193
39	12	1	0.307692	0	0	0.916751
39	13	1	0.333333	0	0	1.25953
39	14	1	0.358974	0	0	0.74408
39	15	1	0.384615	0	0	0.918508
39	16	1	0.410256	0	0	0.689779
39	17	1	0.435897	0	0	0.393249
39	18	1	0.461538	0	0	0.657435
39	19	1	0.487179	0	0	-0.143291
39	20	1	0.512821	0	0	0.445759
39	21	1	0.538462	0	0	-0.502554
39	22	1	0.564103	0	0	-0.129101
39	23	1	0.589744	0	0	-0.608347
39	24	1	0.615385	0	0	-1.00238
39	25	1	0.641026	0	0	-0.592518
39	26	1	0.666667	0	0	-1.80345
39	27	1	0.692308	0	0	-0.792732
39	28	1	0.717949	0	0	-2.16018
39	29	1	0.74359	0	0	-1.46439
39	30	1	0.769231	0	0	-2.02136
39	31	1	0.794872	0	0	-2.36123
39	32	1	0.820513	0	0	-1.63567
39	33	1	0.846154	0	0	-2.76464
39	34	1	0.871795	0	0	-1.24794
39	35	1	0.897436	0	0	-2.05702
39	36	1	0.923077	0	0	-0.678588
39	37	1	0.948718	0	0	-0.249948
39	38	1	0.974359	0	0	0.775444
39	39	1	1	1	0	0
