# i		j		x		y		u		v		p
# nx		ny		
# 40		40
# =================================
0	0	0	0	0	0	1.13261
0	1	0	0.025641	0	0	1.13261
0	2	0	0.0512821	0	0	1.14093
0	3	0	0.0769231	0	0	1.15104
0	4	0	0.102564	0	0	1.15193
0	5	0	0.128205	0	0	1.16751
0	6	0	0.153846	0	0	1.16168
0	7	0	0.179487	0	0	1.17545
0	8	0	0.205128	0	0	1.17462
0	9	0	0.230769	0	0	1.1726
0	10	0	0.25641	0	0	1.18821
0	11	0	0.282051	0	0	1.16445
0	12	0	0.307692	0	0	1.19241
0	13	0	0.333333	0	0	1.16076
0	14	0	0.358974	0	0	1.17711
0	15	0	0.384615	0	0	1.16535
0	16	0	0.410256	0	0	1.14309
0	17	0	0.435897	0	0	1.16723
0	18	0	0.461538	0	0	1.10537
0	19	0	0.487179	0	0	1.14452
0	20	0	0.512821	0	0	1.08033
0	21	0	0.538462	0	0	1.08395
0	22	0	0.564103	0	0	1.06327
0	23	0	0.589744	0	0	0.999565
0	24	0	0.615385	0	0	1.02024
0	25	0	0.641026	0	0	0.922526
0	26	0	0.666667	0	0	0.913802
0	27	0	0.692308	0	0	0.857534
0	28	0	0.717949	0	0	0.745882
0	29	0	0.74359	0	0	0.748321
0	30	0	0.769231	0	0	0.558471
0	31	0	0.794872	0	0	0.504094
0	32	0	0.820513	0	0	0.352762
0	33	0	0.846154	0	0	0.0674099
0	34	0	0.871795	0	0	-0.0125573
0	35	0	0.897436	0	0	-0.58811
0	36	0	0.923077	0	0	-0.814827
0	37	0	0.948718	0	0	-1.54878
0	38	0	0.974359	0	0	-2.34574
0	39	0	1	1	0	0
1	0	0.025641	0	0	0	1.13261
1	1	0.025641	0.025641	-0.00434305	-0.000661376	1.13261
1	2	0.025641	0.0512821	-0.00617247	-0.00123029	1.14093
1	3	0.025641	0.0769231	-0.00625504	-0.000818553	1.15104
1	4	0.025641	0.102564	-0.00787596	-0.000487382	1.15193
1	5	0.025641	0.128205	-0.00645399	0.000578747	1.16751
1	6	0.025641	0.153846	-0.00860305	0.00178046	1.16168
1	7	0.025641	0.179487	-0.00724432	0.00290202	1.17545
1	8	0.025641	0.205128	-0.00807721	0.00511392	1.17462
1	9	0.025641	0.230769	-0.00916877	0.00621782	1.1726
1	10	0.025641	0.25641	-0.00663721	0.00909494	1.18821
1	11	0.025641	0.282051	-0.0113102	0.0107548	1.16445
1	12	0.025641	0.307692	-0.00588043	0.0134876	1.19241
1	13	0.025641	0.333333	-0.01177	0.0165257	1.16076
1	14	0.025641	0.358974	-0.00764525	0.018485	1.17711
1	15	0.025641	0.384615	-0.00936195	0.0231281	1.16535
1	16	0.025641	0.410256	-0.0120375	0.0247052	1.14309
1	17	0.025641	0.435897	-0.00546509	0.0299912	1.16723
1	18	0.025641	0.461538	-0.0162679	0.0327291	1.10537
1	19	0.025641	0.487179	-0.003928	0.0370004	1.14452
1	20	0.025641	0.512821	-0.0162679	0.0424016	1.08033
1	21	0.025641	0.538462	-0.00796314	0.0449498	1.08395
1	22	0.025641	0.564103	-0.0108596	0.0527222	1.06327
1	23	0.025641	0.589744	-0.0160985	0.0552071	0.999565
1	24	0.025641	0.615385	-0.00458435	0.0629365	1.02024
1	25	0.025641	0.641026	-0.0218215	0.0684795	0.922526
1	26	0.025641	0.666667	-0.00464124	0.0739136	0.913802
1	27	0.025641	0.692308	-0.0196192	0.0837475	0.857534
1	28	0.025641	0.717949	-0.0130521	0.0880352	0.745882
1	29	0.025641	0.74359	-0.0125705	0.0993506	0.748321
1	30	0.025641	0.769231	-0.0224413	0.107125	0.558471
1	31	0.025641	0.794872	-0.0109765	0.115801	0.504094
1	32	0.025641	0.820513	-0.0226101	0.129784	0.352762
1	33	0.025641	0.846154	-0.0184008	0.135299	0.0674099
1	34	0.025641	0.871795	-0.00958651	0.149157	-0.0125573
1	35	0.025641	0.897436	-0.0123563	0.150762	-0.58811
1	36	0.025641	0.923077	0.0383177	0.141705	-0.814827
1	37	0.025641	0.948718	0.107939	0.109038	-1.54878
1	38	0.025641	0.974359	0.346786	-0.0216259	-2.34574
1	39	0.025641	1	1	0	0
2	0	0.0512821	0	0	0	1.06851
2	1	0.0512821	0.025641	-0.0033496	-0.000737743	1.06851
2	2	0.0512821	0.0512821	-0.00487489	-0.000416997	1.0787
2	3	0.0512821	0.0769231	-0.00732226	-0.000972708	1.06035
2	4	0.0512821	0.102564	-0.00606703	0.0010888	1.1106
2	5	0.0512821	0.128205	-0.009764	0.00205529	1.04974
2	6	0.0512821	0.153846	-0.00705315	0.00404888	1.12731
2	7	0.0512821	0.179487	-0.0104204	0.00789104	1.06893
2	8	0.0512821	0.205128	-0.00972699	0.00854853	1.09696
2	9	0.0512821	0.230769	-0.00885512	0.015235	1.13061
2	10	0.0512821	0.25641	-0.0139928	0.0156194	1.02837
2	11	0.0512821	0.282051	-0.0066163	0.0226726	1.19711
2	12	0.0512821	0.307692	-0.0173031	0.0261069	0.980986
2	13	0.0512821	0.333333	-0.00713637	0.0298884	1.19415
2	14	0.0512821	0.358974	-0.016222	0.0393289	1.02347
2	15	0.0512821	0.384615	-0.0130771	0.0385387	1.0749
2	16	0.0512821	0.410256	-0.0100098	0.0528526	1.15739
2	17	0.0512821	0.435897	-0.0227056	0.0514979	0.890279
2	18	0.0512821	0.461538	-0.00332472	0.0643263	1.27394
2	19	0.0512821	0.487179	-0.0290369	0.0701739	0.784948
2	20	0.0512821	0.512821	-0.0042124	0.0743694	1.21716
2	21	0.0512821	0.538462	-0.0248635	0.0919562	0.876417
2	22	0.0512821	0.564103	-0.0169152	0.0875955	0.940818
2	23	0.0512821	0.589744	-0.0111529	0.111451	1.09862
2	24	0.0512821	0.615385	-0.0350547	0.109255	0.613544
2	25	0.0512821	0.641026	0.000182888	0.126162	1.19442
2	26	0.0512821	0.666667	-0.0441023	0.13895	0.499606
2	27	0.0512821	0.692308	-0.00443142	0.141049	0.950592
2	28	0.0512821	0.717949	-0.0355406	0.168533	0.651776
2	29	0.0512821	0.74359	-0.0252002	0.165001	0.478547
2	30	0.0512821	0.769231	-0.0189618	0.189914	0.753175
2	31	0.0512821	0.794872	-0.0444284	0.199273	0.156868
2	32	0.0512821	0.820513	-0.0126568	0.20432	0.409805
2	33	0.0512821	0.846154	-0.0404721	0.227761	0.147115
2	34	0.0512821	0.871795	-0.0119135	0.213592	-0.34243
2	35	0.0512821	0.897436	0.00660794	0.217363	0.0462667
2	36	0.0512821	0.923077	0.0561166	0.184339	-1.00286
2	37	0.0512821	0.948718	0.19438	0.116391	-0.58766
2	38	0.0512821	0.974359	0.451822	0.00837351	-1.30875
2	39	0.0512821	1	1	0	0
3	0	0.0769231	0	0	0	1.00897
3	1	0.0769231	0.025641	-0.00301934	0.000189745	1.00897
3	2	0.0769231	0.0512821	-0.00600199	-0.000973971	0.995007
3	3	0.0769231	0.0769231	-0.00667054	0.00174085	1.05105
3	4	0.0769231	0.102564	-0.0105758	0.00125339	0.955442
3	5	0.0769231	0.128205	-0.00866758	0.00487975	1.10043
3	6	0.0769231	0.153846	-0.0136492	0.00806373	0.944367
3	7	0.0769231	0.179487	-0.0113466	0.00928028	1.08247
3	8	0.0769231	0.205128	-0.0142803	0.018234	1.0235
3	9	0.0769231	0.230769	-0.0161473	0.0164064	0.961492
3	10	0.0769231	0.25641	-0.012572	0.0290131	1.17801
3	11	0.0769231	0.282051	-0.0220633	0.028708	0.807574
3	12	0.0769231	0.307692	-0.0112699	0.0381316	1.2817
3	13	0.0769231	0.333333	-0.0253347	0.0469925	0.78028
3	14	0.0769231	0.358974	-0.0148165	0.0464858	1.17196
3	15	0.0769231	0.384615	-0.0221754	0.0681402	0.997209
3	16	0.0769231	0.410256	-0.0253805	0.0590545	0.816603
3	17	0.0769231	0.435897	-0.0135601	0.0861478	1.36601
3	18	0.0769231	0.461538	-0.0384824	0.0816201	0.435478
3	19	0.0769231	0.487179	-0.00755547	0.0974305	1.55864
3	20	0.0769231	0.512821	-0.0435919	0.114228	0.396785
3	21	0.0769231	0.538462	-0.0147622	0.106537	1.25233
3	22	0.0769231	0.564103	-0.0328816	0.147694	0.868093
3	23	0.0769231	0.589744	-0.0377981	0.125375	0.505315
3	24	0.0769231	0.615385	-0.0120321	0.170064	1.51642
3	25	0.0769231	0.641026	-0.0635382	0.162469	-0.131586
3	26	0.0769231	0.666667	-0.000226669	0.179887	1.67579
3	27	0.0769231	0.692308	-0.0703375	0.210018	-0.0710482
3	28	0.0769231	0.717949	-0.0143692	0.191629	1.00746
3	29	0.0769231	0.74359	-0.0497219	0.246117	0.601579
3	30	0.0769231	0.769231	-0.0487978	0.221515	0.00820616
3	31	0.0769231	0.794872	-0.0181229	0.2562	1.03551
3	32	0.0769231	0.820513	-0.0710862	0.2613	-0.41568
3	33	0.0769231	0.846154	0.00563668	0.246231	0.528903
3	34	0.0769231	0.871795	-0.0391027	0.268343	-0.0898508
3	35	0.0769231	0.897436	0.0527335	0.216967	-0.494362
3	36	0.0769231	0.923077	0.106576	0.190239	0.087989
3	37	0.0769231	0.948718	0.272946	0.122312	-0.887064
3	38	0.0769231	0.974359	0.545965	0.0156367	-0.420001
3	39	0.0769231	1	1	0	0
4	0	0.102564	0	0	0	0.940515
4	1	0.102564	0.025641	-0.00328381	-0.000462144	0.940515
4	2	0.102564	0.0512821	-0.00606216	0.00185559	0.968555
4	3	0.102564	0.0769231	-0.00953042	0.00034801	0.893425
4	4	0.102564	0.102564	-0.010451	0.00543357	1.04333
4	5	0.102564	0.128205	-0.0148835	0.00623323	0.835849
4	6	0.102564	0.153846	-0.0138255	0.00994488	1.08009
4	7	0.102564	0.179487	-0.0188494	0.0175336	0.867698
4	8	0.102564	0.205128	-0.0179435	0.0160591	0.979578
4	9	0.102564	0.230769	-0.0204535	0.031609	1.04903
4	10	0.102564	0.25641	-0.0240144	0.0270144	0.744743
4	11	0.102564	0.282051	-0.0199929	0.0442072	1.28895
4	12	0.102564	0.307692	-0.03076	0.0462558	0.552239
4	13	0.102564	0.333333	-0.0205423	0.0531934	1.34298
4	14	0.102564	0.358974	-0.0341412	0.0730477	0.663967
4	15	0.102564	0.384615	-0.0266882	0.0624409	0.995106
4	16	0.102564	0.410256	-0.0306651	0.10012	1.17072
4	17	0.102564	0.435897	-0.0398655	0.0813564	0.336821
4	18	0.102564	0.461538	-0.02262	0.117812	1.76178
4	19	0.102564	0.487179	-0.053711	0.117182	-0.129977
4	20	0.102564	0.512821	-0.0198683	0.124002	1.82389
4	21	0.102564	0.538462	-0.0561155	0.164479	0.176877
4	22	0.102564	0.564103	-0.0336072	0.131194	0.968874
4	23	0.102564	0.589744	-0.0405131	0.204018	1.28294
4	24	0.102564	0.615385	-0.0636517	0.159799	-0.393969
4	25	0.102564	0.641026	-0.0170124	0.218669	2.34299
4	26	0.102564	0.666667	-0.0906151	0.216545	-1.14839
4	27	0.102564	0.692308	-0.00920937	0.21397	2.23339
4	28	0.102564	0.717949	-0.0881632	0.277876	-0.493451
4	29	0.102564	0.74359	-0.033574	0.218307	0.744032
4	30	0.102564	0.769231	-0.0497298	0.305413	1.00582
4	31	0.102564	0.794872	-0.0742129	0.251182	-0.91281
4	32	0.102564	0.820513	0.00468745	0.284185	1.76803
4	33	0.102564	0.846154	-0.0778889	0.284335	-1.27701
4	34	0.102564	0.871795	0.0657566	0.232346	0.973129
4	35	0.102564	0.897436	0.0257258	0.249579	-0.4514
4	36	0.102564	0.923077	0.203137	0.15815	-0.27903
4	37	0.102564	0.948718	0.331101	0.113629	0.0543794
4	38	0.102564	0.974359	0.61444	0.0403286	-0.397694
4	39	0.102564	1	1	0	0
5	0	0.128205	0	0	0	0.880813
5	1	0.128205	0.025641	-0.00374341	0.00111167	0.880813
5	2	0.128205	0.0512821	-0.00730685	3.70113e-05	0.856142
5	3	0.128205	0.0769231	-0.0111589	0.00489879	0.944571
5	4	0.128205	0.102564	-0.0141412	0.00393097	0.782634
5	5	0.128205	0.128205	-0.0169279	0.0102893	1.02894
5	6	0.128205	0.153846	-0.0207729	0.0139228	0.738348
5	7	0.128205	0.179487	-0.0211391	0.0163086	1.01821
5	8	0.128205	0.205128	-0.0267872	0.0293685	0.84379
5	9	0.128205	0.230769	-0.0256205	0.024916	0.817668
5	10	0.128205	0.25641	-0.0306381	0.0461308	1.12328
5	11	0.128205	0.282051	-0.0323005	0.0409082	0.501734
5	12	0.128205	0.307692	-0.0318187	0.0590106	1.38507
5	13	0.128205	0.333333	-0.0405221	0.067724	0.361515
5	14	0.128205	0.358974	-0.0330742	0.0672944	1.28419
5	15	0.128205	0.384615	-0.0462044	0.101624	0.711832
5	16	0.128205	0.410256	-0.0394101	0.0790193	0.631065
5	17	0.128205	0.435897	-0.045249	0.130612	1.5151
5	18	0.128205	0.461538	-0.0528086	0.107452	-0.254309
5	19	0.128205	0.487179	-0.0393965	0.143108	2.16313
5	20	0.128205	0.512821	-0.0668297	0.15804	-0.561736
5	21	0.128205	0.538462	-0.0386124	0.142124	1.80939
5	22	0.128205	0.564103	-0.0690706	0.215887	0.362608
5	23	0.128205	0.589744	-0.0543254	0.150632	0.214784
5	24	0.128205	0.615385	-0.0534492	0.251344	2.14975
5	25	0.128205	0.641026	-0.0846271	0.194719	-1.62601
5	26	0.128205	0.666667	-0.0312666	0.247183	3.30582
5	27	0.128205	0.692308	-0.106093	0.271018	-2.03424
5	28	0.128205	0.717949	-0.0268534	0.22245	2.42229
5	29	0.128205	0.74359	-0.08997	0.334223	-0.323532
5	30	0.128205	0.769231	-0.0531967	0.220293	-0.18707
5	31	0.128205	0.794872	-0.0304958	0.333807	2.09985
5	32	0.128205	0.820513	-0.0803764	0.255367	-2.35826
5	33	0.128205	0.846154	0.0553744	0.26568	2.92599
5	34	0.128205	0.871795	-0.0315121	0.272797	-2.28692
5	35	0.128205	0.897436	0.17596	0.170762	1.5756
5	36	0.128205	0.923077	0.184894	0.195057	-0.743149
5	37	0.128205	0.948718	0.432741	0.0790072	0.0572166
5	38	0.128205	0.974359	0.652596	0.0499441	0.102746
5	39	0.128205	1	1	0	0
6	0	0.153846	0	0	0	0.810659
6	1	0.153846	0.025641	-0.00430902	0.000271128	0.810659
6	2	0.153846	0.0512821	-0.00961527	0.00301931	0.833386
6	3	0.153846	0.0769231	-0.0123244	0.00250335	0.770912
6	4	0.153846	0.102564	-0.0189342	0.00910151	0.910312
6	5	0.153846	0.128205	-0.0202589	0.00962188	0.692483
6	6	0.153846	0.153846	-0.0254507	0.0165181	0.983618
6	7	0.153846	0.179487	-0.0294026	0.0232649	0.674585
6	8	0.153846	0.205128	-0.0292722	0.0244876	0.922778
6	9	0.153846	0.230769	-0.0386987	0.042019	0.842061
6	10	0.153846	0.25641	-0.0334561	0.0361238	0.650155
6	11	0.153846	0.282051	-0.0449426	0.0604954	1.17508
6	12	0.153846	0.307692	-0.0415813	0.0573193	0.312428
6	13	0.153846	0.333333	-0.0462327	0.0731632	1.3919
6	14	0.153846	0.358974	-0.0536605	0.0906538	0.28767
6	15	0.153846	0.384615	-0.0455179	0.0815496	1.09333
6	16	0.153846	0.410256	-0.0644058	0.128758	0.8801
6	17	0.153846	0.435897	-0.0497959	0.0978462	0.188631
6	18	0.153846	0.461538	-0.0670641	0.155692	1.85955
6	19	0.153846	0.487179	-0.0634162	0.137173	-0.737464
6	20	0.153846	0.512821	-0.0611294	0.160591	2.33618
6	21	0.153846	0.538462	-0.0808095	0.199765	-0.651553
6	22	0.153846	0.564103	-0.0567346	0.154384	1.3836
6	23	0.153846	0.589744	-0.0881425	0.259688	0.962963
6	24	0.153846	0.615385	-0.0674416	0.169749	-0.864342
6	25	0.153846	0.641026	-0.0761816	0.280186	3.16792
6	26	0.153846	0.666667	-0.0922112	0.231937	-2.74847
6	27	0.153846	0.692308	-0.0533114	0.250632	3.89678
6	28	0.153846	0.717949	-0.105773	0.319749	-2.27394
6	29	0.153846	0.74359	-0.0426126	0.207781	1.82302
6	30	0.153846	0.769231	-0.0766193	0.366723	0.698746
6	31	0.153846	0.794872	-0.0526966	0.205386	-1.83231
6	32	0.153846	0.820513	0.00548572	0.321426	3.72747
6	33	0.153846	0.846154	-0.0391062	0.2431	-3.97654
6	34	0.153846	0.871795	0.133756	0.204108	4.05884
6	35	0.153846	0.897436	0.092635	0.240252	-2.94854
6	36	0.153846	0.923077	0.333476	0.088091	1.86054
6	37	0.153846	0.948718	0.431104	0.133413	-0.623661
6	38	0.153846	0.974359	0.70955	0.0293725	0.226659
6	39	0.153846	1	1	0	0
7	0	0.179487	0	0	0	0.745991
7	1	0.179487	0.025641	-0.00569496	0.000954399	0.745991
7	2	0.179487	0.0512821	-0.00994636	0.00204937	0.750156
7	3	0.179487	0.0769231	-0.0182002	0.00595783	0.768459
7	4	0.179487	0.102564	-0.0187505	0.00669328	0.712289
7	5	0.179487	0.128205	-0.0287428	0.0148377	0.846718
7	6	0.179487	0.153846	-0.0289384	0.0163165	0.626348
7	7	0.179487	0.179487	-0.0347559	0.0246322	0.92429
7	8	0.179487	0.205128	-0.0417521	0.0329564	0.607612
7	9	0.179487	0.230769	-0.037523	0.0345015	0.848084
7	10	0.179487	0.25641	-0.0543682	0.0546499	0.798909
7	11	0.179487	0.282051	-0.0422417	0.0486452	0.540863
7	12	0.179487	0.307692	-0.0613934	0.0747632	1.15344
7	13	0.179487	0.333333	-0.054089	0.0739205	0.203023
7	14	0.179487	0.358974	-0.0601549	0.0876022	1.32079
7	15	0.179487	0.384615	-0.0725331	0.111797	0.273455
7	16	0.179487	0.410256	-0.0554335	0.0970139	0.878163
7	17	0.179487	0.435897	-0.0890879	0.151474	1.01606
7	18	0.179487	0.461538	-0.0579569	0.118423	-0.146598
7	19	0.179487	0.487179	-0.0926873	0.174461	2.01362
7	20	0.179487	0.512821	-0.0751693	0.166584	-0.949557
7	21	0.179487	0.538462	-0.0807228	0.172755	2.18775
7	22	0.179487	0.564103	-0.101138	0.234752	-0.415579
7	23	0.179487	0.589744	-0.0658482	0.165612	0.701361
7	24	0.179487	0.615385	-0.116967	0.287526	1.67783
7	25	0.179487	0.641026	-0.0668757	0.191278	-1.83314
7	26	0.179487	0.666667	-0.105742	0.286481	3.83102
7	27	0.179487	0.692308	-0.0857479	0.266889	-3.24177
7	28	0.179487	0.717949	-0.07104	0.23303	3.68796
7	29	0.179487	0.74359	-0.0950207	0.350833	-1.61467
7	30	0.179487	0.769231	-0.0363633	0.181132	0.422294
7	31	0.179487	0.794872	-0.0556542	0.363833	2.32096
7	32	0.179487	0.820513	-0.00821758	0.185945	-3.68119
7	33	0.179487	0.846154	0.0545707	0.267902	5.21862
7	34	0.179487	0.871795	0.0680788	0.223823	-5.00639
7	35	0.179487	0.897436	0.240509	0.11851	4.45034
7	36	0.179487	0.923077	0.291028	0.197771	-2.7171
7	37	0.179487	0.948718	0.531024	0.0211844	1.46667
7	38	0.179487	0.974359	0.719266	0.0825755	-0.034458
7	39	0.179487	1	1	0	0
8	0	0.205128	0	0	0	0.687108
8	1	0.205128	0.025641	-0.00630258	0.00166369	0.687108
8	2	0.205128	0.0512821	-0.0143617	0.00213377	0.663724
8	3	0.205128	0.0769231	-0.0170415	0.00549253	0.724054
8	4	0.205128	0.102564	-0.0288422	0.0104467	0.668269
8	5	0.205128	0.128205	-0.0275055	0.0114288	0.678995
8	6	0.205128	0.153846	-0.0393759	0.022661	0.776601
8	7	0.205128	0.179487	-0.0409355	0.0228448	0.541744
8	8	0.205128	0.205128	-0.0442771	0.0344534	0.906734
8	9	0.205128	0.230769	-0.0573534	0.0425449	0.478627
8	10	0.205128	0.25641	-0.0467829	0.0450441	0.845113
8	11	0.205128	0.282051	-0.0717431	0.0676441	0.683087
8	12	0.205128	0.307692	-0.0540433	0.0602093	0.49242
8	13	0.205128	0.333333	-0.0771958	0.0897388	1.09161
8	14	0.205128	0.358974	-0.0716473	0.0881048	0.102458
8	15	0.205128	0.384615	-0.0717927	0.102769	1.279
8	16	0.205128	0.410256	-0.0967996	0.129161	0.18419
8	17	0.205128	0.435897	-0.0636267	0.112656	0.787779
8	18	0.205128	0.461538	-0.116425	0.169508	0.97866
8	19	0.205128	0.487179	-0.0675912	0.13711	-0.266515
8	20	0.205128	0.512821	-0.115297	0.189152	1.93323
8	21	0.205128	0.538462	-0.0929957	0.189349	-0.939714
8	22	0.205128	0.564103	-0.0910418	0.183595	1.88145
8	23	0.205128	0.589744	-0.130356	0.256181	-0.138732
8	24	0.205128	0.615385	-0.0621761	0.178245	0.158051
8	25	0.205128	0.641026	-0.151335	0.29637	2.05037
8	26	0.205128	0.666667	-0.0548322	0.211441	-2.22832
8	27	0.205128	0.692308	-0.128999	0.274776	3.76166
8	28	0.205128	0.717949	-0.0733469	0.288414	-2.90206
8	29	0.205128	0.74359	-0.0649033	0.206394	2.71341
8	30	0.205128	0.769231	-0.083686	0.351933	-0.379455
8	31	0.205128	0.794872	0.011667	0.156136	-1.17719
8	32	0.205128	0.820513	-0.0313479	0.32259	3.74115
8	33	0.205128	0.846154	0.0921854	0.169627	-4.80817
8	34	0.205128	0.871795	0.121613	0.187628	5.69139
8	35	0.205128	0.897436	0.235266	0.198916	-4.75146
8	36	0.205128	0.923077	0.381971	0.0405976	3.66748
8	37	0.205128	0.948718	0.53124	0.146258	-1.57678
8	38	0.205128	0.974359	0.759128	0.00602804	0.719619
8	39	0.205128	1	1	0	0
9	0	0.230769	0	0	0	0.609473
9	1	0.230769	0.025641	-0.0081459	-9.60169e-05	0.609473
9	2	0.230769	0.0512821	-0.0143447	0.00469787	0.671493
9	3	0.230769	0.0769231	-0.0251935	0.00472603	0.537745
9	4	0.230769	0.102564	-0.0263176	0.00929019	0.731823
9	5	0.230769	0.128205	-0.0403516	0.0171607	0.557608
9	6	0.230769	0.153846	-0.039173	0.01557	0.625097
9	7	0.230769	0.179487	-0.050343	0.0322902	0.757477
9	8	0.230769	0.205128	-0.0556216	0.0290178	0.382012
9	9	0.230769	0.230769	-0.0549288	0.0444536	0.973734
9	10	0.230769	0.25641	-0.0741632	0.0527064	0.27052
9	11	0.230769	0.282051	-0.0589113	0.0538408	0.898279
9	12	0.230769	0.307692	-0.0883404	0.0817578	0.546013
9	13	0.230769	0.333333	-0.0701922	0.0687144	0.421295
9	14	0.230769	0.358974	-0.0911081	0.105343	1.0979
9	15	0.230769	0.384615	-0.0933857	0.0987811	-0.109239
9	16	0.230769	0.410256	-0.0824249	0.117061	1.38339
9	17	0.230769	0.435897	-0.12251	0.143169	-0.0745687
9	18	0.230769	0.461538	-0.0737372	0.124966	0.875956
9	19	0.230769	0.487179	-0.14019	0.184882	0.775497
9	20	0.230769	0.512821	-0.0828064	0.148768	-0.256617
9	21	0.230769	0.538462	-0.129099	0.202652	1.79349
9	22	0.230769	0.564103	-0.118226	0.20039	-0.973043
9	23	0.230769	0.589744	-0.0902155	0.194514	1.75957
9	24	0.230769	0.615385	-0.163384	0.26226	-0.202222
9	25	0.230769	0.641026	-0.0498362	0.188611	0.125031
9	26	0.230769	0.666667	-0.178007	0.290865	1.79426
9	27	0.230769	0.692308	-0.0405083	0.220009	-1.92635
9	28	0.230769	0.717949	-0.127617	0.256316	3.05832
9	29	0.230769	0.74359	-0.0649051	0.284408	-2.10425
9	30	0.230769	0.769231	-0.0190411	0.183504	1.61465
9	31	0.230769	0.794872	-0.0749489	0.318736	0.582865
9	32	0.230769	0.820513	0.106952	0.138768	-2.00135
9	33	0.230769	0.846154	0.00535333	0.254382	4.02538
9	34	0.230769	0.871795	0.237879	0.152416	-4.46903
9	35	0.230769	0.897436	0.222791	0.107981	4.69191
9	36	0.230769	0.923077	0.433603	0.161449	-3.21315
9	37	0.230769	0.948718	0.564818	5.01287e-05	2.07635
9	38	0.230769	0.974359	0.774061	0.0904388	-0.217018
9	39	0.230769	1	1	0	0
10	0	0.25641	0	0	0	0.567127
10	1	0.25641	0.025641	-0.00901297	0.00300198	0.567127
10	2	0.25641	0.0512821	-0.0187791	0.000317839	0.490113
10	3	0.25641	0.0769231	-0.0245473	0.00827641	0.698303
10	4	0.25641	0.102564	-0.0369364	0.00951071	0.391106
10	5	0.25641	0.128205	-0.0382053	0.0122598	0.727032
10	6	0.25641	0.153846	-0.052244	0.0258289	0.495
10	7	0.25641	0.179487	-0.053032	0.0190616	0.494153
10	8	0.25641	0.205128	-0.0625201	0.042062	0.828392
10	9	0.25641	0.230769	-0.0710226	0.0357349	0.13784
10	10	0.25641	0.25641	-0.0683468	0.0523285	1.09836
10	11	0.25641	0.282051	-0.0900197	0.0642219	0.0469701
10	12	0.25641	0.307692	-0.0748019	0.0591398	0.914994
10	13	0.25641	0.333333	-0.103385	0.0965596	0.497346
10	14	0.25641	0.358974	-0.0894176	0.0737888	0.2181
10	15	0.25641	0.384615	-0.104702	0.119503	1.26445
10	16	0.25641	0.410256	-0.115437	0.107014	-0.489035
10	17	0.25641	0.435897	-0.0954271	0.12702	1.64234
10	18	0.25641	0.461538	-0.144267	0.155761	-0.450117
10	19	0.25641	0.487179	-0.0889059	0.129845	1.02429
10	20	0.25641	0.512821	-0.155994	0.199471	0.593148
10	21	0.25641	0.538462	-0.103702	0.15005	-0.362441
10	22	0.25641	0.564103	-0.133731	0.215149	1.88353
10	23	0.25641	0.589744	-0.145226	0.199307	-1.3491
10	24	0.25641	0.615385	-0.0833713	0.201648	2.09149
10	25	0.25641	0.641026	-0.187757	0.25771	-0.786213
10	26	0.25641	0.666667	-0.0378247	0.187616	0.633775
10	27	0.25641	0.692308	-0.180729	0.280851	1.07905
10	28	0.25641	0.717949	-0.0322105	0.206101	-1.33679
10	29	0.25641	0.74359	-0.0894384	0.241748	2.36482
10	30	0.25641	0.769231	-0.0613632	0.250512	-1.67557
10	31	0.25641	0.794872	0.0664703	0.168127	1.31962
10	32	0.25641	0.820513	-0.0563402	0.26101	0.393456
10	33	0.25641	0.846154	0.23413	0.12162	-1.36927
10	34	0.25641	0.871795	0.0775417	0.18338	2.79857
10	35	0.25641	0.897436	0.400644	0.122089	-2.75529
10	36	0.25641	0.923077	0.375262	0.0567654	2.7079
10	37	0.25641	0.948718	0.631424	0.106994	-1.28308
10	38	0.25641	0.974359	0.780708	0.00930721	0.764271
10	39	0.25641	1	1	0	0
11	0	0.282051	0	0	0	0.479936
11	1	0.282051	0.025641	-0.010556	-0.000905064	0.479936
11	2	0.282051	0.0512821	-0.0202178	0.00632708	0.578507
11	3	0.282051	0.0769231	-0.0304239	0.00284648	0.338559
11	4	0.282051	0.102564	-0.0371917	0.0110157	0.725217
11	5	0.282051	0.128205	-0.0490285	0.0163386	0.281429
11	6	0.282051	0.153846	-0.0519309	0.0143565	0.652863
11	7	0.282051	0.179487	-0.0653112	0.0347582	0.519025
11	8	0.282051	0.205128	-0.0671996	0.0229283	0.279077
11	9	0.282051	0.230769	-0.0773298	0.0496545	0.957956
11	10	0.282051	0.25641	-0.0852767	0.043829	-0.121784
11	11	0.282051	0.282051	-0.0850599	0.0565408	1.1841
11	12	0.282051	0.307692	-0.104541	0.0764731	-0.0829289
11	13	0.282051	0.333333	-0.0928869	0.0610574	0.793937
11	14	0.282051	0.358974	-0.118627	0.109677	0.611676
11	15	0.282051	0.384615	-0.108041	0.0769802	-0.147685
11	16	0.282051	0.410256	-0.120996	0.12882	1.56714
11	17	0.282051	0.435897	-0.133331	0.11473	-0.951854
11	18	0.282051	0.461538	-0.112975	0.129399	1.91404
11	19	0.282051	0.487179	-0.159087	0.168036	-0.749625
11	20	0.282051	0.512821	-0.108107	0.125451	1.00684
11	21	0.282051	0.538462	-0.164675	0.212419	0.672105
11	22	0.282051	0.564103	-0.124341	0.141886	-0.808157
11	23	0.282051	0.589744	-0.134663	0.222604	2.37788
11	24	0.282051	0.615385	-0.162893	0.190966	-2.14818
11	25	0.282051	0.641026	-0.0785247	0.197247	2.82299
11	26	0.282051	0.666667	-0.19005	0.250942	-1.65934
11	27	0.282051	0.692308	-0.0320667	0.166403	1.25909
11	28	0.282051	0.717949	-0.1509	0.274579	0.52328
11	29	0.282051	0.74359	-0.0281081	0.166533	-1.21734
11	30	0.282051	0.769231	-0.0186248	0.232587	2.50189
11	31	0.282051	0.794872	-0.0480037	0.196155	-2.36591
11	32	0.282051	0.820513	0.17293	0.150796	2.36785
11	33	0.282051	0.846154	-0.00135024	0.201019	-1.1638
11	34	0.282051	0.871795	0.365636	0.089746	0.481141
11	35	0.282051	0.897436	0.208462	0.134398	0.708401
11	36	0.282051	0.923077	0.554287	0.0727883	-0.699368
11	37	0.282051	0.948718	0.577042	0.0411076	0.938673
11	38	0.282051	0.974359	0.817527	0.0554951	-0.0147219
11	39	0.282051	1	1	0	0
12	0	0.307692	0	0	0	0.443898
12	1	0.307692	0.025641	-0.0119808	0.00315874	0.443898
12	2	0.307692	0.0512821	-0.022348	-0.000467768	0.35883
12	3	0.307692	0.0769231	-0.0337748	0.00909443	0.601444
12	4	0.307692	0.102564	-0.0423393	0.00742554	0.210038
12	5	0.307692	0.128205	-0.0514728	0.012791	0.695596
12	6	0.307692	0.153846	-0.0621341	0.0235794	0.248461
12	7	0.307692	0.179487	-0.0656917	0.0166285	0.500699
12	8	0.307692	0.205128	-0.0807921	0.0416464	0.599298
12	9	0.307692	0.230769	-0.0800541	0.0280345	0.0479289
12	10	0.307692	0.25641	-0.0950295	0.0536547	1.05124
12	11	0.307692	0.282051	-0.0983093	0.0526078	-0.291714
12	12	0.307692	0.307692	-0.103299	0.0574805	1.13748
12	13	0.307692	0.333333	-0.119582	0.0869596	-0.057462
12	14	0.307692	0.358974	-0.109703	0.0614029	0.521949
12	15	0.307692	0.384615	-0.136728	0.117824	0.844621
12	16	0.307692	0.410256	-0.122467	0.0801548	-0.572499
12	17	0.307692	0.435897	-0.141324	0.130713	1.85277
12	18	0.307692	0.461538	-0.145362	0.122444	-1.30724
12	19	0.307692	0.487179	-0.133134	0.123511	1.99428
12	20	0.307692	0.512821	-0.168748	0.178355	-0.776913
12	21	0.307692	0.538462	-0.125319	0.113738	0.664141
12	22	0.307692	0.564103	-0.171616	0.219613	1.10694
12	23	0.307692	0.589744	-0.135239	0.129181	-1.59241
12	24	0.307692	0.615385	-0.138561	0.218651	3.15375
12	25	0.307692	0.641026	-0.160992	0.182419	-3.09767
12	26	0.307692	0.666667	-0.0791649	0.174829	3.53261
12	27	0.307692	0.692308	-0.165078	0.248009	-2.25239
12	28	0.307692	0.717949	-0.0281333	0.123665	1.34163
12	29	0.307692	0.74359	-0.0952671	0.271754	0.808093
12	30	0.307692	0.769231	-0.012408	0.111187	-2.15447
12	31	0.307692	0.794872	0.064807	0.218574	3.83314
12	32	0.307692	0.820513	0.00151129	0.142727	-4.20477
12	33	0.307692	0.846154	0.274575	0.11591	4.3596
12	34	0.307692	0.871795	0.114549	0.161555	-3.2654
12	35	0.307692	0.897436	0.48097	0.036454	2.3774
12	36	0.307692	0.923077	0.398868	0.114139	-0.896142
12	37	0.307692	0.948718	0.694353	0.0192251	0.456721
12	38	0.307692	0.974359	0.797633	0.0435395	0.288123
12	39	0.307692	1	1	0	0
13	0	0.333333	0	0	0	0.363312
13	1	0.333333	0.025641	-0.0127438	-0.000506723	0.363312
13	2	0.333333	0.0512821	-0.0262245	0.0054761	0.435594
13	3	0.333333	0.0769231	-0.0343291	0.00211477	0.246685
13	4	0.333333	0.102564	-0.0488772	0.0109298	0.581604
13	5	0.333333	0.128205	-0.0550093	0.0125556	0.145653
13	6	0.333333	0.153846	-0.065646	0.0145916	0.597486
13	7	0.333333	0.179487	-0.0773396	0.0289907	0.266119
13	8	0.333333	0.205128	-0.0780182	0.0199319	0.33348
13	9	0.333333	0.230769	-0.0987756	0.0451614	0.646676
13	10	0.333333	0.25641	-0.0917182	0.0336677	-0.101331
13	11	0.333333	0.282051	-0.113751	0.0545768	1.0236
13	12	0.333333	0.307692	-0.112014	0.0595671	-0.320929
13	13	0.333333	0.333333	-0.119808	0.0570198	0.957043
13	14	0.333333	0.358974	-0.137486	0.0925694	0.0676913
13	15	0.333333	0.384615	-0.122377	0.0618773	0.210094
13	16	0.333333	0.410256	-0.158365	0.118947	1.04226
13	17	0.333333	0.435897	-0.132028	0.0833505	-0.876669
13	18	0.333333	0.461538	-0.16312	0.125298	1.94195
13	19	0.333333	0.487179	-0.153977	0.127962	-1.39996
13	20	0.333333	0.512821	-0.149994	0.111911	1.77785
13	21	0.333333	0.538462	-0.178263	0.182625	-0.500689
13	22	0.333333	0.564103	-0.132678	0.0993626	0.0579172
13	23	0.333333	0.589744	-0.181998	0.21592	1.72776
13	24	0.333333	0.615385	-0.12925	0.117577	-2.42489
13	25	0.333333	0.641026	-0.146788	0.199012	3.81121
13	26	0.333333	0.666667	-0.137433	0.17769	-3.69676
13	27	0.333333	0.692308	-0.0789536	0.134949	3.67316
13	28	0.333333	0.717949	-0.120938	0.247227	-2.03521
13	29	0.333333	0.74359	-0.0101814	0.0696682	0.46251
13	30	0.333333	0.769231	-0.0331296	0.262248	2.12222
13	31	0.333333	0.794872	0.0384058	0.0605629	-4.01271
13	32	0.333333	0.820513	0.138155	0.185042	5.8242
13	33	0.333333	0.846154	0.108505	0.111571	-6.23924
13	34	0.333333	0.871795	0.357238	0.0571127	6.03388
13	35	0.333333	0.897436	0.291252	0.148063	-4.47769
13	36	0.333333	0.923077	0.582755	-0.0224838	3.0108
13	37	0.333333	0.948718	0.617422	0.101646	-1.09099
13	38	0.333333	0.974359	0.838865	-0.00162365	0.452169
13	39	0.333333	1	1	0	0
14	0	0.358974	0	0	0	0.315202
14	1	0.358974	0.025641	-0.0145945	0.00175405	0.315202
14	2	0.358974	0.0512821	-0.0255628	0.00067067	0.285949
14	3	0.358974	0.0769231	-0.0419732	0.00706819	0.395748
14	4	0.358974	0.102564	-0.0467382	0.00538529	0.186927
14	5	0.358974	0.128205	-0.063827	0.0127289	0.502934
14	6	0.358974	0.153846	-0.0693852	0.0160694	0.125081
14	7	0.358974	0.179487	-0.0783058	0.0172383	0.486839
14	8	0.358974	0.205128	-0.0946592	0.0313021	0.253116
14	9	0.358974	0.230769	-0.089109	0.0235527	0.240333
14	10	0.358974	0.25641	-0.117401	0.0458649	0.585994
14	11	0.358974	0.282051	-0.104053	0.0373884	-0.127276
14	12	0.358974	0.307692	-0.130449	0.0542398	0.88228
14	13	0.358974	0.333333	-0.128459	0.0618182	-0.271117
14	14	0.358974	0.358974	-0.132261	0.0566166	0.754781
14	15	0.358974	0.384615	-0.158462	0.0916963	0.144803
14	16	0.358974	0.410256	-0.130986	0.0621067	0.0218762
14	17	0.358974	0.435897	-0.180614	0.113704	1.05201
14	18	0.358974	0.461538	-0.139567	0.0840085	-0.942568
14	19	0.358974	0.487179	-0.180757	0.11537	1.77485
14	20	0.358974	0.512821	-0.163653	0.127319	-1.24664
14	21	0.358974	0.538462	-0.15718	0.0987164	1.36788
14	22	0.358974	0.564103	-0.191335	0.176752	-0.116964
14	23	0.358974	0.589744	-0.125705	0.0864841	-0.524118
14	24	0.358974	0.615385	-0.195433	0.198818	2.17118
14	25	0.358974	0.641026	-0.106838	0.109189	-2.88422
14	26	0.358974	0.666667	-0.151912	0.165595	3.91833
14	27	0.358974	0.692308	-0.100757	0.173936	-3.56167
14	28	0.358974	0.717949	-0.0628483	0.0875621	2.98034
14	29	0.358974	0.74359	-0.0746275	0.238994	-0.969379
14	30	0.358974	0.769231	0.0412395	0.0230078	-1.12358
14	31	0.358974	0.794872	0.0169842	0.233082	3.84964
14	32	0.358974	0.820513	0.139671	0.0339047	-5.79722
14	33	0.358974	0.846154	0.193554	0.126566	7.21146
14	34	0.358974	0.871795	0.269222	0.106999	-7.05115
14	35	0.358974	0.897436	0.431017	-0.0102756	6.09435
14	36	0.358974	0.923077	0.496452	0.140729	-3.89667
14	37	0.358974	0.948718	0.694978	-0.0536563	2.07091
14	38	0.358974	0.974359	0.823181	0.0714161	-0.270225
14	39	0.358974	1	1	0	0
15	0	0.384615	0	0	0	0.257054
15	1	0.384615	0.025641	-0.0147134	0.000921913	0.257054
15	2	0.384615	0.0512821	-0.0306755	0.00239655	0.251128
15	3	0.384615	0.0769231	-0.0384194	0.00282654	0.250889
15	4	0.384615	0.102564	-0.0575832	0.00863171	0.304414
15	5	0.384615	0.128205	-0.0603914	0.00724159	0.165538
15	6	0.384615	0.153846	-0.0772204	0.0152776	0.414033
15	7	0.384615	0.179487	-0.0854751	0.0167335	0.0750338
15	8	0.384615	0.205128	-0.0896181	0.0200293	0.44428
15	9	0.384615	0.230769	-0.112334	0.0310911	0.142897
15	10	0.384615	0.25641	-0.100721	0.0251422	0.254613
15	11	0.384615	0.282051	-0.133856	0.0454903	0.431023
15	12	0.384615	0.307692	-0.118882	0.0365451	-0.0946953
15	13	0.384615	0.333333	-0.143197	0.053849	0.737199
15	14	0.384615	0.358974	-0.147542	0.0581487	-0.280906
15	15	0.384615	0.384615	-0.141207	0.055553	0.676537
15	16	0.384615	0.410256	-0.179465	0.0853887	0.0474291
15	17	0.384615	0.435897	-0.138536	0.0593276	0.0416817
15	18	0.384615	0.461538	-0.198277	0.104926	0.851427
15	19	0.384615	0.487179	-0.148957	0.0784166	-0.821978
15	20	0.384615	0.512821	-0.189162	0.104367	1.48116
15	21	0.384615	0.538462	-0.17674	0.117353	-1.05242
15	22	0.384615	0.564103	-0.15231	0.0866556	1.03502
15	23	0.384615	0.589744	-0.206199	0.159578	0.0582635
15	24	0.384615	0.615385	-0.106739	0.0755606	-0.74339
15	25	0.384615	0.641026	-0.204085	0.171038	2.11668
15	26	0.384615	0.666667	-0.0763811	0.100302	-2.71813
15	27	0.384615	0.692308	-0.14033	0.127378	3.34467
15	28	0.384615	0.717949	-0.0648168	0.162295	-2.76874
15	29	0.384615	0.74359	-0.0156018	0.0482417	1.78176
15	30	0.384615	0.769231	-0.0397778	0.212252	0.307685
15	31	0.384615	0.794872	0.134965	-0.000511623	-2.46725
15	32	0.384615	0.820513	0.0528148	0.179992	4.81718
15	33	0.384615	0.846154	0.282839	0.0337272	-6.22017
15	34	0.384615	0.871795	0.247696	0.057189	6.82248
15	35	0.384615	0.897436	0.45091	0.109397	-5.86198
15	36	0.384615	0.923077	0.525338	-0.0535977	4.30717
15	37	0.384615	0.948718	0.688373	0.110922	-2.03881
15	38	0.384615	0.974359	0.837755	-0.0332753	0.670867
15	39	0.384615	1	1	0	0
16	0	0.410256	0	0	0	0.186532
16	1	0.410256	0.025641	-0.0163571	-0.000366606	0.186532
16	2	0.410256	0.0512821	-0.0289194	0.00270078	0.23904
16	3	0.410256	0.0769231	-0.0466552	0.00312345	0.138643
16	4	0.410256	0.102564	-0.0519877	0.00378505	0.252306
16	5	0.410256	0.128205	-0.0716209	0.0109565	0.202573
16	6	0.410256	0.153846	-0.0753307	0.00643641	0.116536
16	7	0.410256	0.179487	-0.0891132	0.017915	0.388669
16	8	0.410256	0.205128	-0.101686	0.0151158	-0.0647335
16	9	0.410256	0.230769	-0.101178	0.0207116	0.497718
16	10	0.410256	0.25641	-0.12781	0.030022	-0.0468537
16	11	0.410256	0.282051	-0.114462	0.0222595	0.310617
16	12	0.410256	0.307692	-0.146519	0.0450447	0.288341
16	13	0.410256	0.333333	-0.135914	0.030257	-0.132946
16	14	0.410256	0.358974	-0.152812	0.05243	0.718069
16	15	0.410256	0.384615	-0.166267	0.049912	-0.454077
16	16	0.410256	0.410256	-0.149645	0.0509827	0.779177
16	17	0.410256	0.435897	-0.195815	0.0764456	-0.217549
16	18	0.410256	0.461538	-0.148311	0.0501803	0.192766
16	19	0.410256	0.487179	-0.207386	0.0953917	0.585802
16	20	0.410256	0.512821	-0.161422	0.0643081	-0.717934
16	21	0.410256	0.538462	-0.187486	0.0937797	1.30635
16	22	0.410256	0.564103	-0.190484	0.0980484	-1.08124
16	23	0.410256	0.589744	-0.138916	0.0749236	1.03792
16	24	0.410256	0.615385	-0.215126	0.134355	-0.193327
16	25	0.410256	0.641026	-0.0836125	0.0624677	-0.459859
16	26	0.410256	0.666667	-0.196201	0.140316	1.54385
16	27	0.410256	0.692308	-0.048472	0.0831517	-2.08254
16	28	0.410256	0.717949	-0.100627	0.0964922	2.4539
16	29	0.410256	0.74359	-0.0383069	0.133901	-1.92623
16	30	0.410256	0.769231	0.066225	0.0285486	0.92192
16	31	0.410256	0.794872	-0.0140987	0.164198	0.78563
16	32	0.410256	0.820513	0.258344	-0.000844666	-2.49651
16	33	0.410256	0.846154	0.0952619	0.115611	4.07507
16	34	0.410256	0.871795	0.435939	0.0406925	-4.70898
16	35	0.410256	0.897436	0.33381	0.00624003	4.5755
16	36	0.410256	0.923077	0.614424	0.0911935	-3.30771
16	37	0.410256	0.948718	0.66268	-0.0506507	1.86681
16	38	0.410256	0.974359	0.85109	0.0562494	-0.39352
16	39	0.410256	1	1	0	0
17	0	0.435897	0	0	0	0.15181
17	1	0.435897	0.025641	-0.0163629	0.00219224	0.15181
17	2	0.435897	0.0512821	-0.0326517	-0.00102758	0.0723401
17	3	0.435897	0.0769231	-0.0432186	0.00364027	0.259341
17	4	0.435897	0.102564	-0.0610534	0.00469106	0.0109336
17	5	0.435897	0.128205	-0.0663676	0.00221921	0.231068
17	6	0.435897	0.153846	-0.0839903	0.0134679	0.15892
17	7	0.435897	0.179487	-0.090163	0.00348323	-0.0168623
17	8	0.435897	0.205128	-0.100906	0.018489	0.452728
17	9	0.435897	0.230769	-0.115732	0.0128331	-0.276035
17	10	0.435897	0.25641	-0.114409	0.0170035	0.58306
17	11	0.435897	0.282051	-0.139706	0.028986	-0.214014
17	12	0.435897	0.307692	-0.129936	0.0142657	0.28746
17	13	0.435897	0.333333	-0.156326	0.0433959	0.274492
17	14	0.435897	0.358974	-0.152297	0.0200999	-0.32825
17	15	0.435897	0.384615	-0.162167	0.0471312	0.860971
17	16	0.435897	0.410256	-0.180504	0.0398613	-0.762648
17	17	0.435897	0.435897	-0.160337	0.0399225	0.969357
17	18	0.435897	0.461538	-0.204479	0.0670941	-0.497169
17	19	0.435897	0.487179	-0.160685	0.0332184	0.280143
17	20	0.435897	0.512821	-0.208154	0.0856095	0.472914
17	21	0.435897	0.538462	-0.173597	0.0426444	-0.844258
17	22	0.435897	0.564103	-0.179862	0.0819372	1.43713
17	23	0.435897	0.589744	-0.197641	0.0730476	-1.46332
17	24	0.435897	0.615385	-0.124036	0.0594516	1.42459
17	25	0.435897	0.641026	-0.208442	0.107664	-0.807008
17	26	0.435897	0.666667	-0.0640003	0.0409404	0.119434
17	27	0.435897	0.692308	-0.163745	0.115657	0.824882
17	28	0.435897	0.717949	-0.0275045	0.0514245	-1.52541
17	29	0.435897	0.74359	-0.0331456	0.0805022	1.95812
17	30	0.435897	0.769231	-0.0156613	0.0879451	-1.84624
17	31	0.435897	0.794872	0.16771	0.0262189	1.22121
17	32	0.435897	0.820513	0.0244596	0.106747	-0.212545
17	33	0.435897	0.846154	0.381637	0.00348261	-0.882067
17	34	0.435897	0.871795	0.177988	0.065556	1.74935
17	35	0.435897	0.897436	0.565282	0.0289668	-2.0276
17	36	0.435897	0.923077	0.474324	-0.00492619	1.76256
17	37	0.435897	0.948718	0.745781	0.0460947	-1.00193
17	38	0.435897	0.974359	0.832267	-0.0168676	0.343421
17	39	0.435897	1	1	0	0
18	0	0.461538	0	0	0	0.0660392
18	1	0.461538	0.025641	-0.0171076	-0.00181823	0.0660392
18	2	0.461538	0.0512821	-0.0320376	0.00364502	0.164699
18	3	0.461538	0.0769231	-0.0473281	-0.00070778	-0.0673306
18	4	0.461538	0.102564	-0.0577948	0.00218602	0.26697
18	5	0.461538	0.128205	-0.073605	0.00667292	-0.0675362
18	6	0.461538	0.153846	-0.080379	-0.00148055	0.131538
18	7	0.461538	0.179487	-0.0958855	0.0141322	0.200683
18	8	0.461538	0.205128	-0.102856	-4.83481e-05	-0.219651
18	9	0.461538	0.230769	-0.113866	0.0148225	0.546729
18	10	0.461538	0.25641	-0.126424	0.0107401	-0.462841
18	11	0.461538	0.282051	-0.128877	0.00840014	0.587376
18	12	0.461538	0.307692	-0.148991	0.0267949	-0.252256
18	13	0.461538	0.333333	-0.144487	0.00285898	0.111213
18	14	0.461538	0.358974	-0.165966	0.0377344	0.411702
18	15	0.461538	0.384615	-0.164429	0.00876983	-0.639563
18	16	0.461538	0.410256	-0.173592	0.0352966	1.06323
18	17	0.461538	0.435897	-0.187988	0.0297967	-1.05202
18	18	0.461538	0.461538	-0.17307	0.0215914	1.0627
18	19	0.461538	0.487179	-0.206359	0.0570995	-0.599946
18	20	0.461538	0.512821	-0.17201	0.0101663	0.133318
18	21	0.461538	0.538462	-0.204864	0.0733318	0.639487
18	22	0.461538	0.564103	-0.17897	0.0173307	-1.26081
18	23	0.461538	0.589744	-0.172389	0.0650865	1.85005
18	24	0.461538	0.615385	-0.190646	0.0479354	-2.07332
18	25	0.461538	0.641026	-0.11294	0.0356348	1.95846
18	26	0.461538	0.666667	-0.181041	0.0859562	-1.42236
18	27	0.461538	0.692308	-0.0490031	0.00730932	0.519602
18	28	0.461538	0.717949	-0.109459	0.101471	0.534727
18	29	0.461538	0.74359	-0.00593842	0.00657635	-1.66153
18	30	0.461538	0.769231	0.0468817	0.0756825	2.43385
18	31	0.461538	0.794872	0.023713	0.0363515	-2.94155
18	32	0.461538	0.820513	0.262632	0.0245549	2.77783
18	33	0.461538	0.846154	0.105958	0.06254	-2.3582
18	34	0.461538	0.871795	0.478277	-0.0101102	1.51425
18	35	0.461538	0.897436	0.320345	0.0488533	-0.812756
18	36	0.461538	0.923077	0.661912	-0.00741081	0.196039
18	37	0.461538	0.948718	0.655616	0.011771	0.0167186
18	38	0.461538	0.974359	0.865744	0.0028857	-0.0609752
18	39	0.461538	1	1	0	0
19	0	0.487179	0	0	0	0.039038
19	1	0.487179	0.025641	-0.0173833	0.00217286	0.039038
19	2	0.487179	0.0512821	-0.0324602	-0.0028424	-0.0563317
19	3	0.487179	0.0769231	-0.0473948	0.00293493	0.179661
19	4	0.487179	0.102564	-0.0599379	0.000308028	-0.171992
19	5	0.487179	0.128205	-0.0716941	-0.00146557	0.206195
19	6	0.487179	0.153846	-0.0853017	0.00718413	-0.0656923
19	7	0.487179	0.179487	-0.0922215	-0.00581623	-0.0376366
19	8	0.487179	0.205128	-0.108455	0.010838	0.276028
19	9	0.487179	0.230769	-0.112365	-0.00328261	-0.403963
19	10	0.487179	0.25641	-0.12759	0.00644157	0.565912
19	11	0.487179	0.282051	-0.134702	0.00768748	-0.526952
19	12	0.487179	0.307692	-0.142149	-0.00338532	0.444702
19	13	0.487179	0.333333	-0.158132	0.0207207	-0.147002
19	14	0.487179	0.358974	-0.154977	-0.00934695	-0.171139
19	15	0.487179	0.384615	-0.177411	0.0256512	0.594436
19	16	0.487179	0.410256	-0.17065	-0.00224666	-0.915432
19	17	0.487179	0.435897	-0.186507	0.0166075	1.15217
19	18	0.487179	0.461538	-0.190048	0.0189541	-1.15359
19	19	0.487179	0.487179	-0.18416	-0.00178908	0.92327
19	20	0.487179	0.512821	-0.205598	0.0438298	-0.445062
19	21	0.487179	0.538462	-0.176601	-0.0149911	-0.256026
19	22	0.487179	0.564103	-0.202615	0.0551639	1.01133
19	23	0.487179	0.589744	-0.171933	-0.00695442	-1.80415
19	24	0.487179	0.615385	-0.16842	0.0401082	2.29612
19	25	0.487179	0.641026	-0.166861	0.0270877	-2.57631
19	26	0.487179	0.666667	-0.104464	0.0020859	2.23896
19	27	0.487179	0.692308	-0.137099	0.0712745	-1.59274
19	28	0.487179	0.717949	-0.0302312	-0.0350705	0.299959
19	29	0.487179	0.74359	-0.0474463	0.0933818	1.03991
19	30	0.487179	0.769231	0.0338757	-0.0394816	-2.68733
19	31	0.487179	0.794872	0.117647	0.0679654	3.79488
19	32	0.487179	0.820513	0.10343	-0.000753547	-4.74222
19	33	0.487179	0.846154	0.331823	0.00531693	4.68962
19	34	0.487179	0.871795	0.243915	0.0480758	-4.32314
19	35	0.487179	0.897436	0.545998	-0.0458083	3.14147
19	36	0.487179	0.923077	0.505389	0.0566313	-2.04834
19	37	0.487179	0.948718	0.749089	-0.0429451	0.828305
19	38	0.487179	0.974359	0.838819	0.0176612	-0.242718
19	39	0.487179	1	1	0	0
20	0	0.512821	0	0	0	-0.0431926
20	1	0.512821	0.025641	-0.0169936	-0.00182852	-0.0431926
20	2	0.512821	0.0512821	-0.0337716	0.00234674	0.0337357
20	3	0.512821	0.0769231	-0.04543	-0.00289296	-0.162962
20	4	0.512821	0.102564	-0.061729	-4.1735e-05	0.141246
20	5	0.512821	0.128205	-0.0712815	0.000324336	-0.205505
20	6	0.512821	0.153846	-0.0833298	-0.00592894	0.0771736
20	7	0.512821	0.179487	-0.0972062	0.00416448	-0.025204
20	8	0.512821	0.205128	-0.100945	-0.00986051	-0.198804
20	9	0.512821	0.230769	-0.121372	0.00306513	0.289166
20	10	0.512821	0.25641	-0.11956	-0.00724898	-0.478698
20	11	0.512821	0.282051	-0.139878	-0.00501726	0.449326
20	12	0.512821	0.307692	-0.142809	0.00107571	-0.456616
20	13	0.512821	0.333333	-0.151472	-0.0158496	0.202311
20	14	0.512821	0.358974	-0.168818	0.00853657	-0.00119158
20	15	0.512821	0.384615	-0.160194	-0.0210817	-0.415135
20	16	0.512821	0.410256	-0.189882	0.00710321	0.662363
20	17	0.512821	0.435897	-0.172532	-0.0140479	-1.00645
20	18	0.512821	0.461538	-0.197345	-0.00646663	1.01799
20	19	0.512821	0.487179	-0.190534	0.00447361	-1.01878
20	20	0.512821	0.512821	-0.188715	-0.0263376	0.577035
20	21	0.512821	0.538462	-0.206322	0.0242015	-0.138063
20	22	0.512821	0.564103	-0.170505	-0.0384298	-0.705463
20	23	0.512821	0.589744	-0.203267	0.0291236	1.34122
20	24	0.512821	0.615385	-0.151796	-0.0275398	-2.17291
20	25	0.512821	0.641026	-0.165377	0.00727047	2.44519
20	26	0.512821	0.666667	-0.131245	0.0107399	-2.63777
20	27	0.512821	0.692308	-0.0902059	-0.0367253	1.96901
20	28	0.512821	0.717949	-0.0888355	0.059018	-1.11739
20	29	0.512821	0.74359	0.00660812	-0.0750257	-0.578207
20	30	0.512821	0.769231	0.00527268	0.0800805	2.13035
20	31	0.512821	0.794872	0.108386	-0.0695582	-4.07185
20	32	0.512821	0.820513	0.166711	0.0436438	5.16651
20	33	0.512821	0.846154	0.229957	-0.00983315	-6.03088
20	34	0.512821	0.871795	0.379621	-0.0333885	5.57194
20	35	0.512821	0.897436	0.418474	0.0559387	-4.74017
20	36	0.512821	0.923077	0.611121	-0.0803	2.98786
20	37	0.512821	0.948718	0.6918	0.0565219	-1.58472
20	38	0.512821	0.974359	0.859825	-0.0452448	0.254538
20	39	0.512821	1	1	0	0
21	0	0.538462	0	0	0	-0.0826536
21	1	0.538462	0.025641	-0.0174226	0.000743928	-0.0826536
21	2	0.538462	0.0512821	-0.0310743	-0.00254992	-0.130383
21	3	0.538462	0.0769231	-0.048776	0.000258932	-0.00612403
21	4	0.538462	0.102564	-0.0566356	-0.00347074	-0.212272
21	5	0.538462	0.128205	-0.073666	-0.00405257	0.0400822
21	6	0.538462	0.153846	-0.0823661	-0.00266359	-0.197712
21	7	0.538462	0.179487	-0.0918095	-0.0102168	-0.0542753
21	8	0.538462	0.205128	-0.109112	-0.00299931	-0.0318946
21	9	0.538462	0.230769	-0.107319	-0.0144623	-0.267754
21	10	0.538462	0.25641	-0.132694	-0.00769232	0.182483
21	11	0.538462	0.282051	-0.126469	-0.0143664	-0.431734
21	12	0.538462	0.307692	-0.148298	-0.0171822	0.24057
21	13	0.538462	0.333333	-0.152209	-0.0111707	-0.348045
21	14	0.538462	0.358974	-0.155941	-0.0278564	-0.0052333
21	15	0.538462	0.384615	-0.180185	-0.00965712	0.0377956
21	16	0.538462	0.410256	-0.161819	-0.0336	-0.487669
21	17	0.538462	0.435897	-0.200021	-0.0153727	0.525113
21	18	0.538462	0.461538	-0.173585	-0.029563	-0.885126
21	19	0.538462	0.487179	-0.201914	-0.0302664	0.707061
21	20	0.538462	0.512821	-0.192712	-0.016443	-0.768512
21	21	0.538462	0.538462	-0.184067	-0.0489996	0.210719
21	22	0.538462	0.564103	-0.209271	-0.00294741	0.0865357
21	23	0.538462	0.589744	-0.154441	-0.0588293	-0.950797
21	24	0.538462	0.615385	-0.203455	-0.00345319	1.36342
21	25	0.538462	0.641026	-0.123844	-0.0455343	-2.12579
21	26	0.538462	0.666667	-0.155384	-0.0285782	2.11409
21	27	0.538462	0.692308	-0.0939282	-0.0057244	-2.17912
21	28	0.538462	0.717949	-0.0590141	-0.0711152	1.2165
21	29	0.538462	0.74359	-0.0486773	0.0403412	-0.273295
21	30	0.538462	0.769231	0.0717495	-0.0989756	-1.58767
21	31	0.538462	0.794872	0.0418581	0.0518976	3.01682
21	32	0.538462	0.820513	0.217761	-0.0738138	-4.77957
21	33	0.538462	0.846154	0.203388	0.00287224	5.40038
21	34	0.538462	0.871795	0.381932	0.00178271	-5.72003
21	35	0.538462	0.897436	0.434756	-0.0706058	4.63497
21	36	0.538462	0.923077	0.589824	0.0580486	-3.40881
21	37	0.538462	0.948718	0.707529	-0.0822993	1.51404
21	38	0.538462	0.974359	0.85362	0.0247519	-0.550412
21	39	0.538462	1	1	0	0
22	0	0.564103	0	0	0	-0.146173
22	1	0.564103	0.025641	-0.0162402	-0.00078477	-0.146173
22	2	0.564103	0.0512821	-0.0330898	-0.000620195	-0.137867
22	3	0.564103	0.0769231	-0.0427497	-0.003411	-0.176594
22	4	0.564103	0.102564	-0.0612443	-0.00305484	-0.0994753
22	5	0.564103	0.128205	-0.067058	-0.00650981	-0.221536
22	6	0.564103	0.153846	-0.0823522	-0.00805709	-0.0708245
22	7	0.564103	0.179487	-0.0931404	-0.0093826	-0.223628
22	8	0.564103	0.205128	-0.0977788	-0.0149603	-0.111042
22	9	0.564103	0.230769	-0.119349	-0.0129948	-0.140793
22	10	0.564103	0.25641	-0.113175	-0.0218144	-0.23025
22	11	0.564103	0.282051	-0.140258	-0.0192033	-0.00648859
22	12	0.564103	0.307692	-0.134398	-0.0265638	-0.349938
22	13	0.564103	0.333333	-0.15213	-0.0289859	0.0624707
22	14	0.564103	0.358974	-0.162047	-0.0288843	-0.335381
22	15	0.564103	0.384615	-0.157244	-0.0406734	-0.0590199
22	16	0.564103	0.410256	-0.189138	-0.0313607	-0.105999
22	17	0.564103	0.435897	-0.163041	-0.0497552	-0.374268
22	18	0.564103	0.461538	-0.204219	-0.0383802	0.23936
22	19	0.564103	0.487179	-0.176386	-0.0512919	-0.676369
22	20	0.564103	0.512821	-0.198452	-0.0523715	0.400512
22	21	0.564103	0.538462	-0.196534	-0.0443466	-0.617849
22	22	0.564103	0.564103	-0.171825	-0.0694357	0.0512214
22	23	0.564103	0.589744	-0.210748	-0.0356131	0.0197427
22	24	0.564103	0.615385	-0.133677	-0.0781744	-0.825473
22	25	0.564103	0.641026	-0.196144	-0.0377701	0.982037
22	26	0.564103	0.666667	-0.0962487	-0.0653562	-1.66938
22	27	0.564103	0.692308	-0.130003	-0.059533	1.43836
22	28	0.564103	0.717949	-0.0634038	-0.0290052	-1.50144
22	29	0.564103	0.74359	-0.00528148	-0.0912463	0.467559
22	30	0.564103	0.769231	-0.0192253	0.00899713	0.269782
22	31	0.564103	0.794872	0.16101	-0.101012	-1.90259
22	32	0.564103	0.820513	0.0742331	0.0107194	2.81918
22	33	0.564103	0.846154	0.340919	-0.0602798	-4.02934
22	34	0.564103	0.871795	0.256649	-0.0360401	3.98096
22	35	0.564103	0.897436	0.524359	0.00949243	-3.82132
22	36	0.564103	0.923077	0.529628	-0.0789373	2.45253
22	37	0.564103	0.948718	0.733445	0.0342359	-1.49536
22	38	0.564103	0.974359	0.844372	-0.0524418	0.148989
22	39	0.564103	1	1	0	0
23	0	0.589744	0	0	0	-0.207838
23	1	0.589744	0.025641	-0.0163292	-0.00117652	-0.207838
23	2	0.589744	0.0512821	-0.0291875	-0.00126555	-0.185746
23	3	0.589744	0.0769231	-0.0460944	-0.00335421	-0.236061
23	4	0.589744	0.102564	-0.0530045	-0.00625182	-0.186628
23	5	0.589744	0.128205	-0.0703636	-0.00651692	-0.206472
23	6	0.589744	0.153846	-0.0768308	-0.0128545	-0.254448
23	7	0.589744	0.179487	-0.0882958	-0.0124522	-0.121734
23	8	0.589744	0.205128	-0.102222	-0.0187218	-0.335927
23	9	0.589744	0.230769	-0.102887	-0.022097	-0.0760228
23	10	0.589744	0.25641	-0.125999	-0.0237323	-0.321629
23	11	0.589744	0.282051	-0.119716	-0.033697	-0.16254
23	12	0.589744	0.307692	-0.143447	-0.0304222	-0.167429
23	13	0.589744	0.333333	-0.142559	-0.0436485	-0.354445
23	14	0.589744	0.358974	-0.152991	-0.0416112	0.021462
23	15	0.589744	0.384615	-0.16951	-0.0496535	-0.483818
23	16	0.589744	0.410256	-0.158277	-0.0569745	0.0476745
23	17	0.589744	0.435897	-0.192549	-0.0534292	-0.372203
23	18	0.589744	0.461538	-0.165923	-0.0717312	-0.197017
23	19	0.589744	0.487179	-0.201316	-0.0599786	-0.024854
23	20	0.589744	0.512821	-0.180384	-0.0793096	-0.573319
23	21	0.589744	0.538462	-0.189039	-0.0730838	0.29062
23	22	0.589744	0.564103	-0.198287	-0.0768089	-0.728293
23	23	0.589744	0.589744	-0.156993	-0.0900796	0.207302
23	24	0.589744	0.615385	-0.204707	-0.0692185	-0.370695
23	25	0.589744	0.641026	-0.114685	-0.100462	-0.392158
23	26	0.589744	0.666667	-0.175174	-0.0675529	0.371092
23	27	0.589744	0.692308	-0.0744183	-0.0918044	-1.10213
23	28	0.589744	0.717949	-0.0867978	-0.0789652	0.847246
23	29	0.589744	0.74359	-0.0393953	-0.06245	-1.14815
23	30	0.589744	0.769231	0.0645144	-0.0945199	0.348621
23	31	0.589744	0.794872	0.0118331	-0.0315469	-0.112612
23	32	0.589744	0.820513	0.255122	-0.0897007	-1.02181
23	33	0.589744	0.846154	0.128713	-0.0274494	1.29025
23	34	0.589744	0.871795	0.449596	-0.0503178	-2.02371
23	35	0.589744	0.897436	0.354791	-0.0498213	1.59731
23	36	0.589744	0.923077	0.638031	-0.00504096	-1.53272
23	37	0.589744	0.948718	0.670977	-0.0540993	0.515933
23	38	0.589744	0.974359	0.860864	-0.00687915	-0.405092
23	39	0.589744	1	1	0	0
24	0	0.615385	0	0	0	-0.252185
24	1	0.615385	0.025641	-0.0149483	0.000225716	-0.252185
24	2	0.615385	0.0512821	-0.0298576	-0.0035345	-0.307109
24	3	0.615385	0.0769231	-0.0399412	-0.00338699	-0.192159
24	4	0.615385	0.102564	-0.0556754	-0.00633625	-0.350653
24	5	0.615385	0.128205	-0.0621866	-0.0120326	-0.212693
24	6	0.615385	0.153846	-0.0765044	-0.0102873	-0.26488
24	7	0.615385	0.179487	-0.0848782	-0.0216044	-0.361375
24	8	0.615385	0.205128	-0.0929733	-0.0189082	-0.0924197
24	9	0.615385	0.230769	-0.107931	-0.0287296	-0.512082
24	10	0.615385	0.25641	-0.108279	-0.0332625	-0.0144964
24	11	0.615385	0.282051	-0.128494	-0.0341541	-0.476541
24	12	0.615385	0.307692	-0.126276	-0.0499215	-0.173544
24	13	0.615385	0.333333	-0.143739	-0.0423902	-0.20464
24	14	0.615385	0.358974	-0.148443	-0.0633211	-0.502577
24	15	0.615385	0.384615	-0.153508	-0.0575033	0.120068
24	16	0.615385	0.410256	-0.171876	-0.0705509	-0.733438
24	17	0.615385	0.435897	-0.160753	-0.0786387	0.199125
24	18	0.615385	0.461538	-0.189634	-0.0742626	-0.60404
24	19	0.615385	0.487179	-0.169641	-0.0992393	-0.127825
24	20	0.615385	0.512821	-0.193545	-0.0808489	-0.105232
24	21	0.615385	0.538462	-0.182039	-0.110932	-0.699926
24	22	0.615385	0.564103	-0.178253	-0.0949733	0.443333
24	23	0.615385	0.589744	-0.192928	-0.109529	-1.08877
24	24	0.615385	0.615385	-0.144636	-0.114363	0.582279
24	25	0.615385	0.641026	-0.186867	-0.0988132	-0.894189
24	26	0.615385	0.666667	-0.10061	-0.128858	0.0682709
24	27	0.615385	0.692308	-0.140214	-0.088576	-0.100945
24	28	0.615385	0.717949	-0.0563308	-0.1259	-0.852635
24	29	0.615385	0.74359	-0.0330196	-0.0865245	0.79835
24	30	0.615385	0.769231	-0.0106793	-0.101274	-1.53244
24	31	0.615385	0.794872	0.13385	-0.0892561	1.13847
24	32	0.615385	0.820513	0.065944	-0.0670839	-1.45602
24	33	0.615385	0.846154	0.332863	-0.0827815	0.721083
24	34	0.615385	0.871795	0.227228	-0.0432357	-0.816171
24	35	0.615385	0.897436	0.531582	-0.0589603	0.078275
24	36	0.615385	0.923077	0.500312	-0.0340157	-0.325069
24	37	0.615385	0.948718	0.736054	-0.0322857	-0.196419
24	38	0.615385	0.974359	0.835396	-0.0294086	-0.269749
24	39	0.615385	1	1	0	0
25	0	0.641026	0	0	0	-0.330089
25	1	0.641026	0.025641	-0.0142661	-0.00242866	-0.330089
25	2	0.641026	0.0512821	-0.026758	-0.00056792	-0.267107
25	3	0.641026	0.0769231	-0.0398952	-0.00625993	-0.426838
25	4	0.641026	0.102564	-0.0490938	-0.00817525	-0.206715
25	5	0.641026	0.128205	-0.0620805	-0.00949902	-0.426826
25	6	0.641026	0.153846	-0.0695469	-0.0200666	-0.302891
25	7	0.641026	0.179487	-0.0809752	-0.0157672	-0.251211
25	8	0.641026	0.205128	-0.0897625	-0.0309429	-0.52774
25	9	0.641026	0.230769	-0.0974972	-0.0289289	-0.0371937
25	10	0.641026	0.25641	-0.109727	-0.0383096	-0.666284
25	11	0.641026	0.282051	-0.11345	-0.0483024	-0.0242334
25	12	0.641026	0.307692	-0.12814	-0.0451263	-0.518718
25	13	0.641026	0.333333	-0.130653	-0.0683179	-0.315241
25	14	0.641026	0.358974	-0.143509	-0.0573153	-0.117025
25	15	0.641026	0.384615	-0.149669	-0.0828322	-0.737613
25	16	0.641026	0.410256	-0.155159	-0.0782797	0.250575
25	17	0.641026	0.435897	-0.16859	-0.0901994	-0.940844
25	18	0.641026	0.461538	-0.163741	-0.105122	0.242156
25	19	0.641026	0.487179	-0.182586	-0.0947393	-0.663514
25	20	0.641026	0.512821	-0.170923	-0.129474	-0.262602
25	21	0.641026	0.538462	-0.184989	-0.103516	0.0342287
25	22	0.641026	0.564103	-0.17721	-0.142166	-1.01817
25	23	0.641026	0.589744	-0.170031	-0.120883	0.744349
25	24	0.641026	0.615385	-0.177653	-0.138608	-1.5078
25	25	0.641026	0.641026	-0.136319	-0.144153	0.920826
25	26	0.641026	0.666667	-0.158258	-0.121875	-1.24138
25	27	0.641026	0.692308	-0.0884941	-0.162737	0.22403
25	28	0.641026	0.717949	-0.0984035	-0.1018	-0.110201
25	29	0.641026	0.74359	-0.0324704	-0.162115	-1.17661
25	30	0.641026	0.769231	0.0178442	-0.0895936	1.41256
25	31	0.641026	0.794872	0.0386224	-0.132974	-2.55535
25	32	0.641026	0.820513	0.187763	-0.0892934	2.4422
25	33	0.641026	0.846154	0.157723	-0.0817515	-3.01788
25	34	0.641026	0.871795	0.388765	-0.0913955	2.27585
25	35	0.641026	0.897436	0.367503	-0.0323361	-2.23107
25	36	0.641026	0.923077	0.602483	-0.0783117	1.06923
25	37	0.641026	0.948718	0.667887	-0.0110329	-0.891406
25	38	0.641026	0.974359	0.850667	-0.0481609	-0.122116
25	39	0.641026	1	1	0	0
26	0	0.666667	0	0	0	-0.368108
26	1	0.666667	0.025641	-0.0130949	0.000357081	-0.368108
26	2	0.666667	0.0512821	-0.0249077	-0.00490507	-0.440625
26	3	0.666667	0.0769231	-0.0363598	-0.00390421	-0.278885
26	4	0.666667	0.102564	-0.0465931	-0.00901088	-0.520052
26	5	0.666667	0.128205	-0.0562436	-0.0151641	-0.275219
26	6	0.666667	0.153846	-0.0664589	-0.0139717	-0.437701
26	7	0.666667	0.179487	-0.0739021	-0.0286729	-0.450794
26	8	0.666667	0.205128	-0.0848648	-0.0243418	-0.208735
26	9	0.666667	0.230769	-0.0909712	-0.0397141	-0.679514
26	10	0.666667	0.25641	-0.101545	-0.0424269	-0.0435803
26	11	0.666667	0.282051	-0.108731	-0.0481263	-0.71894
26	12	0.666667	0.307692	-0.116507	-0.0651968	-0.154104
26	13	0.666667	0.333333	-0.127061	-0.0586267	-0.446013
26	14	0.666667	0.358974	-0.130764	-0.0862791	-0.53627
26	15	0.666667	0.384615	-0.144071	-0.0766141	-0.00328264
26	16	0.666667	0.410256	-0.14582	-0.100926	-0.928867
26	17	0.666667	0.435897	-0.157024	-0.103244	0.275525
26	18	0.666667	0.461538	-0.161697	-0.109546	-0.986611
26	19	0.666667	0.487179	-0.164272	-0.133596	0.100558
26	20	0.666667	0.512821	-0.174981	-0.117252	-0.533945
26	21	0.666667	0.538462	-0.166364	-0.15875	-0.548574
26	22	0.666667	0.564103	-0.178705	-0.13029	0.273125
26	23	0.666667	0.589744	-0.164175	-0.169947	-1.34534
26	24	0.666667	0.615385	-0.164898	-0.151706	0.967183
26	25	0.666667	0.641026	-0.154311	-0.162732	-1.73016
26	26	0.666667	0.666667	-0.128692	-0.177809	0.970299
26	27	0.666667	0.692308	-0.125478	-0.140073	-1.19051
26	28	0.666667	0.717949	-0.0705573	-0.196509	-0.0695707
26	29	0.666667	0.74359	-0.0603792	-0.11339	0.361837
26	30	0.666667	0.769231	0.00807968	-0.18994	-1.90741
26	31	0.666667	0.794872	0.0558141	-0.0983217	2.29216
26	32	0.666667	0.820513	0.116523	-0.145173	-3.5519
26	33	0.666667	0.846154	0.225933	-0.101942	3.37168
26	34	0.666667	0.871795	0.280989	-0.0722234	-3.75643
26	35	0.666667	0.897436	0.440418	-0.107773	2.65687
26	36	0.666667	0.923077	0.524367	-0.0126499	-2.24188
26	37	0.666667	0.948718	0.694068	-0.08295	0.743232
26	38	0.666667	0.974359	0.833374	-0.0137859	-0.572929
26	39	0.666667	1	1	0	0
27	0	0.692308	0	0	0	-0.447633
27	1	0.692308	0.025641	-0.0116288	-0.00246966	-0.447633
27	2	0.692308	0.0512821	-0.0233318	-0.0011926	-0.394376
27	3	0.692308	0.0769231	-0.0320346	-0.00738119	-0.53907
27	4	0.692308	0.102564	-0.0437169	-0.00946423	-0.331579
27	5	0.692308	0.128205	-0.0509626	-0.0126439	-0.556405
27	6	0.692308	0.153846	-0.060478	-0.0228144	-0.39957
27	7	0.692308	0.179487	-0.0698761	-0.0210239	-0.415209
27	8	0.692308	0.205128	-0.074783	-0.0366243	-0.594297
27	9	0.692308	0.230769	-0.0880366	-0.03602	-0.215055
27	10	0.692308	0.25641	-0.0894506	-0.0483535	-0.743289
27	11	0.692308	0.282051	-0.103529	-0.0575603	-0.159014
27	12	0.692308	0.307692	-0.106831	-0.0599278	-0.664716
27	13	0.692308	0.333333	-0.115633	-0.0814581	-0.36004
27	14	0.692308	0.358974	-0.126457	-0.0759281	-0.347039
27	15	0.692308	0.384615	-0.126279	-0.102581	-0.718163
27	16	0.692308	0.410256	-0.144592	-0.0995291	0.0122798
27	17	0.692308	0.435897	-0.138755	-0.118512	-0.970552
27	18	0.692308	0.461538	-0.156443	-0.129611	0.131561
27	19	0.692308	0.487179	-0.154305	-0.130808	-0.864946
27	20	0.692308	0.512821	-0.159509	-0.160649	-0.166822
27	21	0.692308	0.538462	-0.169206	-0.143661	-0.33429
27	22	0.692308	0.564103	-0.154965	-0.184638	-0.816557
27	23	0.692308	0.589744	-0.174582	-0.161359	0.413417
27	24	0.692308	0.615385	-0.145177	-0.193807	-1.4729
27	25	0.692308	0.641026	-0.159465	-0.185242	0.922372
27	26	0.692308	0.666667	-0.128765	-0.183934	-1.61015
27	27	0.692308	0.692308	-0.115486	-0.210157	0.662857
27	28	0.692308	0.717949	-0.0967363	-0.158395	-0.785113
27	29	0.692308	0.74359	-0.0396596	-0.221873	-0.621012
27	30	0.692308	0.769231	-0.0324967	-0.130395	0.951007
27	31	0.692308	0.794872	0.0684582	-0.200491	-2.49094
27	32	0.692308	0.820513	0.0836406	-0.116792	2.73376
27	33	0.692308	0.846154	0.214568	-0.136146	-3.73155
27	34	0.692308	0.871795	0.266308	-0.119522	3.19766
27	35	0.692308	0.897436	0.41284	-0.0526066	-3.18691
27	36	0.692308	0.923077	0.517329	-0.110642	1.77834
27	37	0.692308	0.948718	0.67547	-0.00671705	-1.29831
27	38	0.692308	0.974359	0.827485	-0.0654392	-0.0681833
27	39	0.692308	1	1	0	0
28	0	0.717949	0	0	0	-0.494473
28	1	0.717949	0.025641	-0.0106957	-0.000396463	-0.494473
28	2	0.717949	0.0512821	-0.0194689	-0.00443961	-0.537799
28	3	0.717949	0.0769231	-0.0310801	-0.00510184	-0.444304
28	4	0.717949	0.102564	-0.0365583	-0.0103469	-0.592812
28	5	0.717949	0.128205	-0.0482022	-0.015871	-0.435197
28	6	0.717949	0.153846	-0.0540489	-0.0182962	-0.556204
28	7	0.717949	0.179487	-0.0613906	-0.0298306	-0.530084
28	8	0.717949	0.205128	-0.0723722	-0.0307773	-0.426651
28	9	0.717949	0.230769	-0.0729837	-0.0441037	-0.666086
28	10	0.717949	0.25641	-0.0891999	-0.0491717	-0.316931
28	11	0.717949	0.282051	-0.0868762	-0.0583642	-0.709118
28	12	0.717949	0.307692	-0.101877	-0.0719598	-0.34831
28	13	0.717949	0.333333	-0.105139	-0.0748788	-0.580901
28	14	0.717949	0.358974	-0.11055	-0.0958271	-0.53589
28	15	0.717949	0.384615	-0.125619	-0.0962862	-0.334534
28	16	0.717949	0.410256	-0.118866	-0.118004	-0.765212
28	17	0.717949	0.435897	-0.14272	-0.123364	-0.126041
28	18	0.717949	0.461538	-0.131178	-0.137595	-0.861387
28	19	0.717949	0.487179	-0.151013	-0.154178	-0.122509
28	20	0.717949	0.512821	-0.148308	-0.155475	-0.688648
28	21	0.717949	0.538462	-0.148887	-0.184266	-0.405832
28	22	0.717949	0.564103	-0.164804	-0.173643	-0.237125
28	23	0.717949	0.589744	-0.139055	-0.207188	-0.895731
28	24	0.717949	0.615385	-0.16941	-0.194198	0.31392
28	25	0.717949	0.641026	-0.125279	-0.2159	-1.30979
28	26	0.717949	0.666667	-0.148706	-0.216863	0.594171
28	27	0.717949	0.692308	-0.107255	-0.20617	-1.22677
28	28	0.717949	0.717949	-0.0921711	-0.234944	0.192816
28	29	0.717949	0.74359	-0.0759267	-0.181458	-0.341619
28	30	0.717949	0.769231	0.00430555	-0.233087	-0.988242
28	31	0.717949	0.794872	-0.0107796	-0.154433	1.12941
28	32	0.717949	0.820513	0.13955	-0.193824	-2.36665
28	33	0.717949	0.846154	0.117614	-0.137547	2.25303
28	34	0.717949	0.871795	0.313564	-0.117424	-2.82742
28	35	0.717949	0.897436	0.334171	-0.124009	1.97886
28	36	0.717949	0.923077	0.535458	-0.0415255	-1.81452
28	37	0.717949	0.948718	0.63839	-0.0867408	0.520696
28	38	0.717949	0.974359	0.825186	-0.0241009	-0.530317
28	39	0.717949	1	1	0	0
29	0	0.74359	0	0	0	-0.564332
29	1	0.74359	0.025641	-0.00886308	-0.00162168	-0.564332
29	2	0.74359	0.0512821	-0.0187273	-0.00260352	-0.553419
29	3	0.74359	0.0769231	-0.0244207	-0.00673917	-0.597578
29	4	0.74359	0.102564	-0.0360061	-0.0100756	-0.536118
29	5	0.74359	0.128205	-0.0395179	-0.0147819	-0.61059
29	6	0.74359	0.153846	-0.0494891	-0.0217795	-0.552939
29	7	0.74359	0.179487	-0.0560567	-0.0261966	-0.575624
29	8	0.74359	0.205128	-0.0596464	-0.0361335	-0.60633
29	9	0.74359	0.230769	-0.0729425	-0.041844	-0.517803
29	10	0.74359	0.25641	-0.0699918	-0.0523449	-0.651243
29	11	0.74359	0.282051	-0.0870125	-0.0615661	-0.488957
29	12	0.74359	0.307692	-0.0842967	-0.0708142	-0.641876
29	13	0.74359	0.333333	-0.0963456	-0.0842948	-0.518218
29	14	0.74359	0.358974	-0.103099	-0.0923042	-0.569166
29	15	0.74359	0.384615	-0.10275	-0.108877	-0.594044
29	16	0.74359	0.410256	-0.122507	-0.117134	-0.460001
29	17	0.74359	0.435897	-0.1109	-0.134303	-0.676221
29	18	0.74359	0.461538	-0.136396	-0.145065	-0.363777
29	19	0.74359	0.487179	-0.124639	-0.159365	-0.705039
29	20	0.74359	0.512821	-0.140408	-0.175142	-0.347639
29	21	0.74359	0.538462	-0.143096	-0.18286	-0.608813
29	22	0.74359	0.564103	-0.134632	-0.204725	-0.474445
29	23	0.74359	0.589744	-0.158865	-0.204464	-0.349122
29	24	0.74359	0.615385	-0.122909	-0.228476	-0.731848
29	25	0.74359	0.641026	-0.159179	-0.224628	-0.00819257
29	26	0.74359	0.666667	-0.109149	-0.239292	-0.953034
29	27	0.74359	0.692308	-0.129809	-0.241895	0.169278
29	28	0.74359	0.717949	-0.0920393	-0.232216	-0.849264
29	29	0.74359	0.74359	-0.060233	-0.248823	-0.0928425
29	30	0.74359	0.769231	-0.0590301	-0.20912	-0.243626
29	31	0.74359	0.794872	0.0526978	-0.231598	-0.792771
29	32	0.74359	0.820513	0.0179761	-0.178446	0.610085
29	33	0.74359	0.846154	0.206239	-0.17948	-1.43465
29	34	0.74359	0.871795	0.177272	-0.145693	1.02243
29	35	0.74359	0.897436	0.401037	-0.103175	-1.36075
29	36	0.74359	0.923077	0.44382	-0.103932	0.545062
29	37	0.74359	0.948718	0.655019	-0.0421089	-0.642185
29	38	0.74359	0.974359	0.801263	-0.0554931	-0.246411
29	39	0.74359	1	1	0	0
30	0	0.769231	0	0	0	-0.626665
30	1	0.769231	0.025641	-0.00796832	-0.00133489	-0.626665
30	2	0.769231	0.0512821	-0.0145054	-0.00294337	-0.625038
30	3	0.769231	0.0769231	-0.0240528	-0.00616625	-0.641624
30	4	0.769231	0.102564	-0.0275462	-0.0100468	-0.626109
30	5	0.769231	0.128205	-0.0378754	-0.0147619	-0.645648
30	6	0.769231	0.153846	-0.0412721	-0.0209886	-0.636756
30	7	0.769231	0.179487	-0.0481315	-0.0268623	-0.632477
30	8	0.769231	0.205128	-0.0562526	-0.0352169	-0.658268
30	9	0.769231	0.230769	-0.056566	-0.0426679	-0.609179
30	10	0.769231	0.25641	-0.0704671	-0.0521689	-0.672973
30	11	0.769231	0.282051	-0.0668139	-0.0623103	-0.601711
30	12	0.769231	0.307692	-0.0812629	-0.0718027	-0.65144
30	13	0.769231	0.333333	-0.0813235	-0.0851324	-0.631916
30	14	0.769231	0.358974	-0.0882644	-0.0948867	-0.588584
30	15	0.769231	0.384615	-0.0989793	-0.109808	-0.678633
30	16	0.769231	0.410256	-0.0943472	-0.122085	-0.53073
30	17	0.769231	0.435897	-0.115357	-0.135534	-0.67619
30	18	0.769231	0.461538	-0.103707	-0.152419	-0.54378
30	19	0.769231	0.487179	-0.125425	-0.162883	-0.576754
30	20	0.769231	0.512821	-0.118503	-0.18289	-0.634706
30	21	0.769231	0.538462	-0.12666	-0.192768	-0.423061
30	22	0.769231	0.564103	-0.136113	-0.210087	-0.709242
30	23	0.769231	0.589744	-0.120309	-0.223852	-0.340881
30	24	0.769231	0.615385	-0.1482	-0.232219	-0.63554
30	25	0.769231	0.641026	-0.10997	-0.250774	-0.427692
30	26	0.769231	0.666667	-0.142176	-0.248985	-0.379581
30	27	0.769231	0.692308	-0.097934	-0.265378	-0.630759
30	28	0.769231	0.717949	-0.104916	-0.258492	-0.079283
30	29	0.769231	0.74359	-0.0795345	-0.260746	-0.754582
30	30	0.769231	0.769231	-0.0272363	-0.253963	0.0550709
30	31	0.769231	0.794872	-0.0362826	-0.234898	-0.641963
30	32	0.769231	0.820513	0.0940789	-0.225186	-0.0398836
30	33	0.769231	0.846154	0.0671447	-0.19042	-0.374404
30	34	0.769231	0.871795	0.260698	-0.167757	-0.1876
30	35	0.769231	0.897436	0.271224	-0.131241	-0.215581
30	36	0.769231	0.923077	0.484989	-0.0957387	-0.212295
30	37	0.769231	0.948718	0.591601	-0.0668196	-0.252504
30	38	0.769231	0.974359	0.799448	-0.0461174	-0.285687
30	39	0.769231	1	1	0	0
31	0	0.794872	0	0	0	-0.685969
31	1	0.794872	0.025641	-0.00633806	-0.000633376	-0.685969
31	2	0.794872	0.0512821	-0.0134819	-0.00358137	-0.713354
31	3	0.794872	0.0769231	-0.018085	-0.00508312	-0.660183
31	4	0.794872	0.102564	-0.0265358	-0.00965593	-0.747393
31	5	0.794872	0.128205	-0.0293491	-0.0146927	-0.655805
31	6	0.794872	0.153846	-0.0371407	-0.0186197	-0.729719
31	7	0.794872	0.179487	-0.0413415	-0.0280943	-0.71119
31	8	0.794872	0.205128	-0.0452932	-0.0317718	-0.65204
31	9	0.794872	0.230769	-0.0537353	-0.043519	-0.797145
31	10	0.794872	0.25641	-0.0531245	-0.0502719	-0.577948
31	11	0.794872	0.282051	-0.0647702	-0.0603139	-0.826327
31	12	0.794872	0.307692	-0.0632349	-0.0735473	-0.596005
31	13	0.794872	0.333333	-0.0731297	-0.0799399	-0.731917
31	14	0.794872	0.358974	-0.0765321	-0.0991363	-0.726456
31	15	0.794872	0.384615	-0.0795345	-0.104914	-0.551881
31	16	0.794872	0.410256	-0.0912938	-0.124575	-0.870911
31	17	0.794872	0.435897	-0.0865302	-0.136181	-0.426203
31	18	0.794872	0.461538	-0.104059	-0.149705	-0.873723
31	19	0.794872	0.487179	-0.0967137	-0.171283	-0.485619
31	20	0.794872	0.512821	-0.111627	-0.176913	-0.66006
31	21	0.794872	0.538462	-0.110578	-0.205226	-0.719937
31	22	0.794872	0.564103	-0.112749	-0.208514	-0.328794
31	23	0.794872	0.589744	-0.124826	-0.233399	-0.949247
31	24	0.794872	0.615385	-0.108454	-0.243201	-0.10479
31	25	0.794872	0.641026	-0.131798	-0.253773	-0.940308
31	26	0.794872	0.666667	-0.100627	-0.274433	-0.17636
31	27	0.794872	0.692308	-0.120672	-0.266135	-0.583388
31	28	0.794872	0.717949	-0.0885208	-0.292056	-0.545706
31	29	0.794872	0.74359	-0.0803033	-0.268877	0.0123233
31	30	0.794872	0.769231	-0.0628768	-0.285947	-1.01179
31	31	0.794872	0.794872	-0.00161352	-0.256456	0.578477
31	32	0.794872	0.820513	0.000394879	-0.249426	-1.29525
31	33	0.794872	0.846154	0.123903	-0.220955	0.843117
31	34	0.794872	0.871795	0.140011	-0.182424	-1.20627
31	35	0.794872	0.897436	0.311521	-0.158984	0.666505
31	36	0.794872	0.923077	0.393787	-0.0985485	-0.771657
31	37	0.794872	0.948718	0.591953	-0.0822673	0.146509
31	38	0.794872	0.974359	0.771333	-0.0394829	-0.368603
31	39	0.794872	1	1	0	0
32	0	0.820513	0	0	0	-0.759296
32	1	0.820513	0.025641	-0.00537297	-0.00167884	-0.759296
32	2	0.820513	0.0512821	-0.0104678	-0.00144111	-0.730881
32	3	0.820513	0.0769231	-0.016484	-0.00603273	-0.815089
32	4	0.820513	0.102564	-0.0202404	-0.00822495	-0.692248
32	5	0.820513	0.128205	-0.0265314	-0.012379	-0.836914
32	6	0.820513	0.153846	-0.0295773	-0.0200301	-0.721512
32	7	0.820513	0.179487	-0.0348084	-0.0220296	-0.765785
32	8	0.820513	0.205128	-0.0390377	-0.0345131	-0.833916
32	9	0.820513	0.230769	-0.0419147	-0.0372058	-0.63942
32	10	0.820513	0.25641	-0.0483777	-0.049681	-0.940008
32	11	0.820513	0.282051	-0.0492783	-0.05861	-0.57892
32	12	0.820513	0.307692	-0.056899	-0.066096	-0.913742
32	13	0.820513	0.333333	-0.0581369	-0.0841235	-0.678978
32	14	0.820513	0.358974	-0.0643352	-0.0868529	-0.719075
32	15	0.820513	0.384615	-0.0687124	-0.110166	-0.896534
32	16	0.820513	0.410256	-0.07127	-0.114923	-0.475359
32	17	0.820513	0.435897	-0.0800175	-0.134765	-1.05155
32	18	0.820513	0.461538	-0.0788486	-0.150049	-0.383922
32	19	0.820513	0.487179	-0.0902527	-0.159483	-0.960342
32	20	0.820513	0.512821	-0.0880858	-0.187974	-0.56244
32	21	0.820513	0.538462	-0.0975335	-0.188178	-0.598464
32	22	0.820513	0.564103	-0.0988687	-0.222712	-0.921891
32	23	0.820513	0.589744	-0.100588	-0.223284	-0.15535
32	24	0.820513	0.615385	-0.108689	-0.249862	-1.19252
32	25	0.820513	0.641026	-0.098986	-0.262309	0.0712122
32	26	0.820513	0.666667	-0.111807	-0.268132	-1.08991
32	27	0.820513	0.692308	-0.0921456	-0.296801	-0.129479
32	28	0.820513	0.717949	-0.0996895	-0.27783	-0.510273
32	29	0.820513	0.74359	-0.0760657	-0.314092	-0.723002
32	30	0.820513	0.769231	-0.0620461	-0.277465	0.367812
32	31	0.820513	0.794872	-0.0376632	-0.300685	-1.40315
32	32	0.820513	0.820513	0.014141	-0.260909	1.13206
32	33	0.820513	0.846154	0.0504705	-0.247066	-1.72264
32	34	0.820513	0.871795	0.149894	-0.217844	1.32894
32	35	0.820513	0.897436	0.229053	-0.156714	-1.3755
32	36	0.820513	0.923077	0.381096	-0.141814	0.78773
32	37	0.820513	0.948718	0.539465	-0.0609187	-0.584454
32	38	0.820513	0.974359	0.752829	-0.0559918	-0.061368
32	39	0.820513	1	1	0	0
33	0	0.846154	0	0	0	-0.815205
33	1	0.846154	0.025641	-0.00435477	-1.5494e-05	-0.815205
33	2	0.846154	0.0512821	-0.00875007	-0.00320463	-0.852329
33	3	0.846154	0.0769231	-0.013153	-0.00312683	-0.768324
33	4	0.846154	0.102564	-0.0172279	-0.00779444	-0.907764
33	5	0.846154	0.128205	-0.0209008	-0.0119096	-0.750268
33	6	0.846154	0.153846	-0.0248782	-0.0144861	-0.888573
33	7	0.846154	0.179487	-0.0277401	-0.0247473	-0.828325
33	8	0.846154	0.205128	-0.0317701	-0.0255454	-0.771775
33	9	0.846154	0.230769	-0.0342972	-0.0389009	-0.965409
33	10	0.846154	0.25641	-0.0381112	-0.0429326	-0.648643
33	11	0.846154	0.282051	-0.0411201	-0.0533241	-1.03178
33	12	0.846154	0.307692	-0.0442066	-0.0660224	-0.653581
33	13	0.846154	0.333333	-0.0484223	-0.0700974	-0.920928
33	14	0.846154	0.358974	-0.0505821	-0.0915833	-0.830713
33	15	0.846154	0.384615	-0.0559542	-0.0929188	-0.667093
33	16	0.846154	0.410256	-0.0579377	-0.116348	-1.06276
33	17	0.846154	0.435897	-0.0631765	-0.123812	-0.448467
33	18	0.846154	0.461538	-0.0666572	-0.139938	-1.13961
33	19	0.846154	0.487179	-0.0698148	-0.160874	-0.45831
33	20	0.846154	0.512821	-0.0761545	-0.165453	-0.921757
33	21	0.846154	0.538462	-0.0762844	-0.198929	-0.741517
33	22	0.846154	0.564103	-0.0846831	-0.197019	-0.469964
33	23	0.846154	0.589744	-0.0831608	-0.23244	-1.125
33	24	0.846154	0.615385	-0.0898846	-0.235983	-0.0382773
33	25	0.846154	0.641026	-0.0896634	-0.25828	-1.29996
33	26	0.846154	0.666667	-0.0895114	-0.278087	0.0715751
33	27	0.846154	0.692308	-0.0921839	-0.276242	-1.00992
33	28	0.846154	0.717949	-0.0809592	-0.31296	-0.290445
33	29	0.846154	0.74359	-0.0834986	-0.286772	-0.236693
33	30	0.846154	0.769231	-0.0582367	-0.32585	-0.981008
33	31	0.846154	0.794872	-0.0513567	-0.286766	0.721336
33	32	0.846154	0.820513	-0.00629917	-0.301238	-1.57291
33	33	0.846154	0.846154	0.0261312	-0.265476	1.34874
33	34	0.846154	0.871795	0.105583	-0.229609	-1.57876
33	35	0.846154	0.897436	0.188484	-0.205752	1.22117
33	36	0.846154	0.923077	0.328223	-0.121521	-0.88977
33	37	0.846154	0.948718	0.495459	-0.103256	0.451504
33	38	0.846154	0.974359	0.7234	-0.0310769	-0.203221
33	39	0.846154	1	1	0	0
34	0	0.871795	0	0	0	-0.889533
34	1	0.871795	0.025641	-0.00351266	-0.0011382	-0.889533
34	2	0.871795	0.0512821	-0.0075108	-0.000351762	-0.863844
34	3	0.871795	0.0769231	-0.0102376	-0.00419774	-0.942298
34	4	0.871795	0.102564	-0.0144274	-0.00526496	-0.822511
34	5	0.871795	0.128205	-0.0163612	-0.00885705	-0.97185
34	6	0.871795	0.153846	-0.0197357	-0.0151072	-0.842576
34	7	0.871795	0.179487	-0.0223976	-0.0164024	-0.912407
34	8	0.871795	0.205128	-0.0238462	-0.0276392	-0.948076
34	9	0.871795	0.230769	-0.0282797	-0.0290212	-0.789931
34	10	0.871795	0.25641	-0.0279808	-0.0407457	-1.06012
34	11	0.871795	0.282051	-0.0333449	-0.0475696	-0.716642
34	12	0.871795	0.307692	-0.0334022	-0.0547632	-1.05658
34	13	0.871795	0.333333	-0.0372385	-0.0703033	-0.789837
34	14	0.871795	0.358974	-0.040398	-0.072533	-0.889677
34	15	0.871795	0.384615	-0.0407557	-0.0940701	-0.986668
34	16	0.871795	0.410256	-0.0478686	-0.0970889	-0.651306
34	17	0.871795	0.435897	-0.0456339	-0.116996	-1.15541
34	18	0.871795	0.461538	-0.0541045	-0.128952	-0.519818
34	19	0.871795	0.487179	-0.0532297	-0.140273	-1.12055
34	20	0.871795	0.512821	-0.0582875	-0.165248	-0.624117
34	21	0.871795	0.538462	-0.0631208	-0.167482	-0.822387
34	22	0.871795	0.564103	-0.0613646	-0.201225	-0.927569
34	23	0.871795	0.589744	-0.0727912	-0.201863	-0.385951
34	24	0.871795	0.615385	-0.0652804	-0.232869	-1.21825
34	25	0.871795	0.641026	-0.0786402	-0.243167	-0.0666309
34	26	0.871795	0.666667	-0.0709211	-0.258656	-1.22022
34	27	0.871795	0.692308	-0.0773344	-0.285647	-0.0971222
34	28	0.871795	0.717949	-0.0759144	-0.279084	-0.769829
34	29	0.871795	0.74359	-0.0657386	-0.317886	-0.513568
34	30	0.871795	0.769231	-0.0724754	-0.293445	0.0370757
34	31	0.871795	0.794872	-0.0377182	-0.32446	-1.06392
34	32	0.871795	0.820513	-0.0436014	-0.294173	0.828386
34	33	0.871795	0.846154	0.0235069	-0.28925	-1.30211
34	34	0.871795	0.871795	0.0449356	-0.261856	1.14394
34	35	0.871795	0.897436	0.158936	-0.20239	-0.919524
34	36	0.871795	0.923077	0.256384	-0.172561	0.802554
34	37	0.871795	0.948718	0.449691	-0.0797788	-0.194206
34	38	0.871795	0.974359	0.681323	-0.0444301	0.174019
34	39	0.871795	1	1	0	0
35	0	0.897436	0	0	0	-0.948745
35	1	0.897436	0.025641	-0.00323661	0.000295937	-0.948745
35	2	0.897436	0.0512821	-0.00574761	-0.00147342	-0.970779
35	3	0.897436	0.0769231	-0.00944416	-0.0011221	-0.919342
35	4	0.897436	0.102564	-0.0102363	-0.00448375	-1.01331
35	5	0.897436	0.128205	-0.0140398	-0.00712234	-0.903343
35	6	0.897436	0.153846	-0.0146006	-0.00955797	-1.01156
35	7	0.897436	0.179487	-0.0168194	-0.0168108	-0.950592
35	8	0.897436	0.205128	-0.0194565	-0.0180544	-0.939856
35	9	0.897436	0.230769	-0.0186995	-0.0281314	-1.04475
35	10	0.897436	0.25641	-0.0240635	-0.0313373	-0.851593
35	11	0.897436	0.282051	-0.0214202	-0.0401352	-1.10219
35	12	0.897436	0.307692	-0.0271999	-0.0491901	-0.837286
35	13	0.897436	0.333333	-0.0262778	-0.0540564	-1.04526
35	14	0.897436	0.358974	-0.0286713	-0.0696778	-0.93704
35	15	0.897436	0.384615	-0.0328916	-0.0724154	-0.881356
35	16	0.897436	0.410256	-0.0300314	-0.0907178	-1.08858
35	17	0.897436	0.435897	-0.0392575	-0.0969612	-0.713844
35	18	0.897436	0.461538	-0.0336928	-0.111942	-1.16025
35	19	0.897436	0.487179	-0.0432691	-0.12715	-0.670851
35	20	0.897436	0.512821	-0.0410441	-0.13526	-1.04604
35	21	0.897436	0.538462	-0.0445582	-0.160271	-0.804514
35	22	0.897436	0.564103	-0.0510436	-0.163671	-0.752366
35	23	0.897436	0.589744	-0.0450951	-0.192986	-1.03275
35	24	0.897436	0.615385	-0.0603515	-0.199031	-0.415205
35	25	0.897436	0.641026	-0.0479223	-0.223113	-1.16612
35	26	0.897436	0.666667	-0.0649055	-0.239835	-0.229676
35	27	0.897436	0.692308	-0.0546923	-0.250382	-1.01398
35	28	0.897436	0.717949	-0.0616945	-0.279892	-0.31989
35	29	0.897436	0.74359	-0.0629479	-0.275123	-0.520858
35	30	0.897436	0.769231	-0.0487003	-0.308318	-0.61621
35	31	0.897436	0.794872	-0.0629964	-0.29392	0.149166
35	32	0.897436	0.820513	-0.0203795	-0.3104	-0.837852
35	33	0.897436	0.846154	-0.0322222	-0.29239	0.671265
35	34	0.897436	0.871795	0.0455146	-0.268288	-0.667742
35	35	0.897436	0.897436	0.0783323	-0.240393	0.788541
35	36	0.897436	0.923077	0.216112	-0.165471	-0.0978902
35	37	0.897436	0.948718	0.36973	-0.112148	0.544663
35	38	0.897436	0.974359	0.635519	-0.0216323	0.319875
35	39	0.897436	1	1	0	0
36	0	0.923077	0	0	0	-1.01644
36	1	0.923077	0.025641	-0.00294982	-4.92928e-05	-1.01644
36	2	0.923077	0.0512821	-0.00581937	0.000584094	-1.00897
36	3	0.923077	0.0769231	-0.0067095	-0.00120848	-1.04266
36	4	0.923077	0.102564	-0.00985164	-0.00185212	-0.992797
36	5	0.923077	0.128205	-0.00932004	-0.0043996	-1.06598
36	6	0.923077	0.153846	-0.0121294	-0.00795277	-1.00011
36	7	0.923077	0.179487	-0.0124263	-0.00989898	-1.04925
36	8	0.923077	0.205128	-0.0129434	-0.0164543	-1.04751
36	9	0.923077	0.230769	-0.0160543	-0.0185588	-0.996369
36	10	0.923077	0.25641	-0.0135676	-0.0261349	-1.10418
36	11	0.923077	0.282051	-0.018976	-0.0308513	-0.954792
36	12	0.923077	0.307692	-0.0156963	-0.0369827	-1.1138
36	13	0.923077	0.333333	-0.0201067	-0.0461536	-0.972341
36	14	0.923077	0.358974	-0.0200214	-0.0502728	-1.04637
36	15	0.923077	0.384615	-0.0198598	-0.0631751	-1.04847
36	16	0.923077	0.410256	-0.0254327	-0.0675886	-0.931176
36	17	0.923077	0.435897	-0.0202359	-0.081097	-1.12396
36	18	0.923077	0.461538	-0.0296987	-0.0896148	-0.841294
36	19	0.923077	0.487179	-0.0234749	-0.100412	-1.11851
36	20	0.923077	0.512821	-0.0312057	-0.115608	-0.840659
36	21	0.923077	0.538462	-0.030298	-0.122824	-0.988479
36	22	0.923077	0.564103	-0.0304277	-0.14384	-0.930854
36	23	0.923077	0.589744	-0.0390253	-0.150263	-0.765014
36	24	0.923077	0.615385	-0.0299774	-0.172635	-1.03301
36	25	0.923077	0.641026	-0.0462159	-0.183451	-0.545997
36	26	0.923077	0.666667	-0.0330648	-0.201296	-1.02106
36	27	0.923077	0.692308	-0.0485228	-0.220556	-0.437367
36	28	0.923077	0.717949	-0.0410245	-0.230148	-0.797651
36	29	0.923077	0.74359	-0.0444705	-0.256403	-0.465639
36	30	0.923077	0.769231	-0.050607	-0.258624	-0.374505
36	31	0.923077	0.794872	-0.0338057	-0.282209	-0.516895
36	32	0.923077	0.820513	-0.0507027	-0.280073	0.10865
36	33	0.923077	0.846154	-0.0102915	-0.284088	-0.379001
36	34	0.923077	0.871795	-0.0143464	-0.272972	0.479867
36	35	0.923077	0.897436	0.0612017	-0.237535	0.0720655
36	36	0.923077	0.923077	0.129193	-0.194556	0.685864
36	37	0.923077	0.948718	0.302053	-0.108815	0.601014
36	38	0.923077	0.974359	0.563785	-0.0139602	0.770523
36	39	0.923077	1	1	0	0
37	0	0.948718	0	0	0	-1.07691
37	1	0.948718	0.025641	-0.00327672	0.000628166	-1.07691
37	2	0.948718	0.0512821	-0.00492467	0.000599531	-1.08333
37	3	0.948718	0.0769231	-0.00687278	0.000674617	-1.07702
37	4	0.948718	0.102564	-0.00654152	-0.000792179	-1.10322
37	5	0.948718	0.128205	-0.00872611	-0.00215868	-1.07777
37	6	0.948718	0.153846	-0.0078998	-0.0040547	-1.11374
37	7	0.948718	0.179487	-0.00933564	-0.0072645	-1.09242
37	8	0.948718	0.205128	-0.00993518	-0.00919993	-1.10289
37	9	0.948718	0.230769	-0.00916124	-0.0138225	-1.11997
37	10	0.948718	0.25641	-0.0121381	-0.0165359	-1.08065
37	11	0.948718	0.282051	-0.00938257	-0.0214376	-1.1402
37	12	0.948718	0.307692	-0.013401	-0.0260854	-1.06975
37	13	0.948718	0.333333	-0.0110995	-0.0304073	-1.13048
37	14	0.948718	0.358974	-0.0132147	-0.037454	-1.08385
37	15	0.948718	0.384615	-0.0143163	-0.0415021	-1.08632
37	16	0.948718	0.410256	-0.0123751	-0.0501923	-1.11229
37	17	0.948718	0.435897	-0.0177611	-0.0554366	-1.02726
37	18	0.948718	0.461538	-0.0125936	-0.0642721	-1.12384
37	19	0.948718	0.487179	-0.0197656	-0.0724308	-0.983682
37	20	0.948718	0.512821	-0.0153033	-0.0802945	-1.08612
37	21	0.948718	0.538462	-0.0195725	-0.092141	-0.973735
37	22	0.948718	0.564103	-0.0205215	-0.0993056	-0.987433
37	23	0.948718	0.589744	-0.0181364	-0.113961	-0.984713
37	24	0.948718	0.615385	-0.0265392	-0.122291	-0.847229
37	25	0.948718	0.641026	-0.0178288	-0.137493	-0.970658
37	26	0.948718	0.666667	-0.0307498	-0.149488	-0.705876
37	27	0.948718	0.692308	-0.0210578	-0.162897	-0.871932
37	28	0.948718	0.717949	-0.0313142	-0.179756	-0.592012
37	29	0.948718	0.74359	-0.0282861	-0.190599	-0.650798
37	30	0.948718	0.769231	-0.028467	-0.210153	-0.480933
37	31	0.948718	0.794872	-0.0360512	-0.219354	-0.318174
37	32	0.948718	0.820513	-0.0229465	-0.2349	-0.277901
37	33	0.948718	0.846154	-0.0341688	-0.240963	0.0847418
37	34	0.948718	0.871795	-0.00581515	-0.240185	0.134718
37	35	0.948718	0.897436	0.00724937	-0.228595	0.551127
37	36	0.948718	0.923077	0.0796772	-0.187611	0.772059
37	37	0.948718	0.948718	0.203917	-0.120273	1.06685
37	38	0.948718	0.974359	0.471982	0.00880342	1.41722
37	39	0.948718	1	1	0	0
38	0	0.974359	0	0	0	-1.1408
38	1	0.974359	0.025641	-0.00433517	0.000669922	-1.1408
38	2	0.974359	0.0512821	-0.00603393	0.00115617	-1.14941
38	3	0.974359	0.0769231	-0.00643168	0.000877209	-1.15746
38	4	0.974359	0.102564	-0.00741037	0.000426736	-1.16216
38	5	0.974359	0.128205	-0.00690307	-0.000519916	-1.17203
38	6	0.974359	0.153846	-0.00796197	-0.00167017	-1.17233
38	7	0.974359	0.179487	-0.00755851	-0.00292459	-1.18144
38	8	0.974359	0.205128	-0.00792671	-0.00474313	-1.18181
38	9	0.974359	0.230769	-0.00857796	-0.00629106	-1.18477
38	10	0.974359	0.25641	-0.00768458	-0.00859134	-1.18951
38	11	0.974359	0.282051	-0.00949308	-0.0106634	-1.18368
38	12	0.974359	0.307692	-0.00788994	-0.0131987	-1.19188
38	13	0.974359	0.333333	-0.00976608	-0.0160388	-1.18059
38	14	0.974359	0.358974	-0.00894214	-0.0187291	-1.18556
38	15	0.974359	0.384615	-0.00935054	-0.0223831	-1.17591
38	16	0.974359	0.410256	-0.0105981	-0.0254399	-1.16933
38	17	0.974359	0.435897	-0.00884483	-0.0297219	-1.16658
38	18	0.974359	0.461538	-0.0120875	-0.0335671	-1.1443
38	19	0.974359	0.487179	-0.00913217	-0.0382169	-1.14658
38	20	0.974359	0.512821	-0.0126503	-0.0432561	-1.112
38	21	0.974359	0.538462	-0.0107741	-0.0481837	-1.10889
38	22	0.974359	0.564103	-0.012135	-0.0545753	-1.07143
38	23	0.974359	0.589744	-0.0135434	-0.0600456	-1.04776
38	24	0.974359	0.615385	-0.0112718	-0.0675997	-1.01588
38	25	0.974359	0.641026	-0.0164082	-0.0742172	-0.959512
38	26	0.974359	0.666667	-0.0113944	-0.0825303	-0.931282
38	27	0.974359	0.692308	-0.0181166	-0.0909529	-0.839727
38	28	0.974359	0.717949	-0.0136076	-0.0997804	-0.79717
38	29	0.974359	0.74359	-0.0181731	-0.11024	-0.674901
38	30	0.974359	0.769231	-0.0176927	-0.119814	-0.587604
38	31	0.974359	0.794872	-0.017301	-0.131625	-0.429161
38	32	0.974359	0.820513	-0.0210808	-0.142109	-0.263213
38	33	0.974359	0.846154	-0.0151949	-0.152874	-0.0285625
38	34	0.974359	0.871795	-0.0158161	-0.161156	0.257703
38	35	0.974359	0.897436	0.00179028	-0.162457	0.655469
38	36	0.974359	0.923077	0.0344252	-0.149911	1.13709
38	37	0.974359	0.948718	0.125744	-0.10665	1.74881
38	38	0.974359	0.974359	0.358404	0.0305093	2.61963
38	39	0.974359	1	1	0	0
39	0	1	0	0	0	-1.1408
39	1	1	0.025641	0	0	-1.1408
39	2	1	0.0512821	0	0	-1.14941
39	3	1	0.0769231	0	0	-1.15746
39	4	1	0.102564	0	0	-1.16216
39	5	1	0.128205	0	0	-1.17203
39	6	1	0.153846	0	0	-1.17233
39	7	1	0.179487	0	0	-1.18144
39	8	1	0.205128	0	0	-1.18181
39	9	1	0.230769	0	0	-1.18477
39	10	1	0.25641	0	0	-1.18951
39	11	1	0.282051	0	0	-1.18368
39	12	1	0.307692	0	0	-1.19188
39	13	1	0.333333	0	0	-1.18059
39	14	1	0.358974	0	0	-1.18556
39	15	1	0.384615	0	0	-1.17591
39	16	1	0.410256	0	0	-1.16933
39	17	1	0.435897	0	0	-1.16658
39	18	1	0.461538	0	0	-1.1443
39	19	1	0.487179	0	0	-1.14658
39	20	1	0.512821	0	0	-1.112
39	21	1	0.538462	0	0	-1.10889
39	22	1	0.564103	0	0	-1.07143
39	23	1	0.589744	0	0	-1.04776
39	24	1	0.615385	0	0	-1.01588
39	25	1	0.641026	0	0	-0.959512
39	26	1	0.666667	0	0	-0.931282
39	27	1	0.692308	0	0	-0.839727
39	28	1	0.717949	0	0	-0.79717
39	29	1	0.74359	0	0	-0.674901
39	30	1	0.769231	0	0	-0.587604
39	31	1	0.794872	0	0	-0.429161
39	32	1	0.820513	0	0	-0.263213
39	33	1	0.846154	0	0	-0.0285625
39	34	1	0.871795	0	0	0.257703
39	35	1	0.897436	0	0	0.655469
39	36	1	0.923077	0	0	1.13709
39	37	1	0.948718	0	0	1.74881
39	38	1	0.974359	0	0	2.61963
39	39	1	1	1	0	0
