# i		j		x		y		u		v		p
# nx		ny		
# 40		40
# =================================
0	0	0	0	0	0	1.23014
0	1	0	0.025641	0	0	1.23014
0	2	0	0.0512821	0	0	1.23891
0	3	0	0.0769231	0	0	1.25612
0	4	0	0.102564	0	0	1.24341
0	5	0	0.128205	0	0	1.28449
0	6	0	0.153846	0	0	1.25373
0	7	0	0.179487	0	0	1.29378
0	8	0	0.205128	0	0	1.2865
0	9	0	0.230769	0	0	1.27754
0	10	0	0.25641	0	0	1.33448
0	11	0	0.282051	0	0	1.25628
0	12	0	0.307692	0	0	1.36526
0	13	0	0.333333	0	0	1.26543
0	14	0	0.358974	0	0	1.34624
0	15	0	0.384615	0	0	1.32214
0	16	0	0.410256	0	0	1.28141
0	17	0	0.435897	0	0	1.39509
0	18	0	0.461538	0	0	1.22338
0	19	0	0.487179	0	0	1.41338
0	20	0	0.512821	0	0	1.23272
0	21	0	0.538462	0	0	1.33087
0	22	0	0.564103	0	0	1.30607
0	23	0	0.589744	0	0	1.19551
0	24	0	0.615385	0	0	1.34463
0	25	0	0.641026	0	0	1.12126
0	26	0	0.666667	0	0	1.22739
0	27	0	0.692308	0	0	1.14526
0	28	0	0.717949	0	0	0.962608
0	29	0	0.74359	0	0	1.12077
0	30	0	0.769231	0	0	0.732329
0	31	0	0.794872	0	0	0.815463
0	32	0	0.820513	0	0	0.655588
0	33	0	0.846154	0	0	0.159399
0	34	0	0.871795	0	0	0.476423
0	35	0	0.897436	0	0	-0.664407
0	36	0	0.923077	0	0	-0.353445
0	37	0	0.948718	0	0	-1.54071
0	38	0	0.974359	0	0	-2.13457
0	39	0	1	1	0	0
1	0	0.025641	0	0	0	1.23014
1	1	0.025641	0.025641	-0.00437334	-0.000798889	1.23014
1	2	0.025641	0.0512821	-0.00677184	-0.00192535	1.23891
1	3	0.025641	0.0769231	-0.00522703	-0.00118078	1.25612
1	4	0.025641	0.102564	-0.00990797	-0.00173987	1.24341
1	5	0.025641	0.128205	-0.00412988	-0.000537356	1.28449
1	6	0.025641	0.153846	-0.011097	0.000449296	1.25373
1	7	0.025641	0.179487	-0.00573722	0.000504223	1.29378
1	8	0.025641	0.205128	-0.00813174	0.00381335	1.2865
1	9	0.025641	0.230769	-0.0115312	0.00262834	1.27754
1	10	0.025641	0.25641	-0.00196294	0.00718852	1.33448
1	11	0.025641	0.282051	-0.0182595	0.00680922	1.25628
1	12	0.025641	0.307692	0.00194637	0.00984626	1.36526
1	13	0.025641	0.333333	-0.019184	0.0131439	1.26543
1	14	0.025641	0.358974	-0.00291544	0.0123392	1.34624
1	15	0.025641	0.384615	-0.00985355	0.0201969	1.32214
1	16	0.025641	0.410256	-0.0174066	0.0166799	1.28141
1	17	0.025641	0.435897	0.00533497	0.0259848	1.39509
1	18	0.025641	0.461538	-0.0321931	0.025044	1.22338
1	19	0.025641	0.487179	0.0131574	0.0300099	1.41338
1	20	0.025641	0.512821	-0.032502	0.0369989	1.23272
1	21	0.025641	0.538462	0.00171686	0.0344266	1.33087
1	22	0.025641	0.564103	-0.0128857	0.0486944	1.30607
1	23	0.025641	0.589744	-0.0255919	0.0435845	1.19551
1	24	0.025641	0.615385	0.0118405	0.0573444	1.34463
1	25	0.025641	0.641026	-0.0466969	0.0607197	1.12126
1	26	0.025641	0.666667	0.0167334	0.0657137	1.22739
1	27	0.025641	0.692308	-0.0397281	0.0822542	1.14526
1	28	0.025641	0.717949	-0.00677084	0.0799747	0.962608
1	29	0.025641	0.74359	-0.011758	0.0997223	1.12077
1	30	0.025641	0.769231	-0.0357116	0.104267	0.732329
1	31	0.025641	0.794872	0.00161176	0.112641	0.815463
1	32	0.025641	0.820513	-0.0358626	0.135176	0.655588
1	33	0.025641	0.846154	-0.0195508	0.131457	0.159399
1	34	0.025641	0.871795	-0.00199706	0.158529	0.476423
1	35	0.025641	0.897436	-0.0341633	0.155223	-0.664407
1	36	0.025641	0.923077	0.0579343	0.147411	-0.353445
1	37	0.025641	0.948718	0.0897988	0.122926	-1.54071
1	38	0.025641	0.974359	0.352507	-0.0147837	-2.13457
1	39	0.025641	1	1	0	0
2	0	0.0512821	0	0	0	1.16715
2	1	0.0512821	0.025641	-0.0036994	-0.00155874	1.16715
2	2	0.0512821	0.0512821	-0.00411383	-0.000113632	1.19437
2	3	0.0512821	0.0769231	-0.00960102	-0.00350462	1.11875
2	4	0.0512821	0.102564	-0.00281842	0.000705526	1.2854
2	5	0.0512821	0.128205	-0.0141539	-0.00045341	1.06087
2	6	0.0512821	0.153846	-0.00285606	0.000676151	1.32698
2	7	0.0512821	0.179487	-0.013438	0.00714442	1.11602
2	8	0.0512821	0.205128	-0.00955018	0.00115119	1.21175
2	9	0.0512821	0.230769	-0.0051115	0.0155557	1.33307
2	10	0.0512821	0.25641	-0.0223305	0.00629587	0.971605
2	11	0.0512821	0.282051	0.00571571	0.020217	1.58495
2	12	0.0512821	0.307692	-0.0320559	0.0193983	0.814881
2	13	0.0512821	0.333333	0.0070627	0.019943	1.61444
2	14	0.0512821	0.358974	-0.0261292	0.0382803	0.98923
2	15	0.0512821	0.384615	-0.0110143	0.0201056	1.24994
2	16	0.0512821	0.410256	-0.00130852	0.0544973	1.51966
2	17	0.0512821	0.435897	-0.0434908	0.030841	0.652974
2	18	0.0512821	0.461538	0.026546	0.0596633	2.04567
2	19	0.0512821	0.487179	-0.0655916	0.0579909	0.327835
2	20	0.0512821	0.512821	0.0290824	0.054949	2.01522
2	21	0.0512821	0.538462	-0.0498558	0.0928463	0.722553
2	22	0.0512821	0.564103	-0.0108909	0.0551032	1.22098
2	23	0.0512821	0.589744	0.00203486	0.11611	1.67062
2	24	0.0512821	0.615385	-0.074158	0.0797156	0.20729
2	25	0.0512821	0.641026	0.0490737	0.118805	2.31261
2	26	0.0512821	0.666667	-0.107835	0.13091	-0.0756676
2	27	0.0512821	0.692308	0.0438641	0.11639	1.85826
2	28	0.0512821	0.717949	-0.0754472	0.18027	0.672658
2	29	0.0512821	0.74359	-0.0186838	0.13772	0.599342
2	30	0.0512821	0.769231	-0.00796781	0.197347	1.48325
2	31	0.0512821	0.794872	-0.0833629	0.19368	-0.134194
2	32	0.0512821	0.820513	0.0236621	0.192007	1.03534
2	33	0.0512821	0.846154	-0.082646	0.248794	0.422076
2	34	0.0512821	0.871795	0.00282965	0.19938	-0.605371
2	35	0.0512821	0.897436	-0.00163422	0.238107	1.10818
2	36	0.0512821	0.923077	0.0412901	0.197215	-1.71664
2	37	0.0512821	0.948718	0.204457	0.117211	0.250474
2	38	0.0512821	0.974359	0.441837	0.0366675	-1.39949
2	39	0.0512821	1	1	0	0
3	0	0.0769231	0	0	0	1.11289
3	1	0.0769231	0.025641	-0.00288536	0.000801109	1.11289
3	2	0.0769231	0.0512821	-0.00713258	-0.00404515	1.05709
3	3	0.0769231	0.0769231	-0.00442391	0.00306966	1.24801
3	4	0.0769231	0.102564	-0.0142843	-0.00320998	0.899974
3	5	0.0769231	0.128205	-0.00377315	0.00327651	1.40836
3	6	0.0769231	0.153846	-0.0186115	0.00633418	0.847158
3	7	0.0769231	0.179487	-0.00721461	0.000753863	1.33611
3	8	0.0769231	0.205128	-0.0151865	0.0211934	1.12459
3	9	0.0769231	0.230769	-0.0191718	0.00144657	0.905114
3	10	0.0769231	0.25641	-0.00362618	0.032381	1.68832
3	11	0.0769231	0.282051	-0.0357911	0.0145808	0.358841
3	12	0.0769231	0.307692	0.00671033	0.0320609	2.10077
3	13	0.0769231	0.333333	-0.0431051	0.0435948	0.265103
3	14	0.0769231	0.358974	-0.000101834	0.0228191	1.78009
3	15	0.0769231	0.384615	-0.026872	0.0778823	1.06666
3	16	0.0769231	0.410256	-0.0329575	0.021722	0.576656
3	17	0.0769231	0.435897	0.00982986	0.0962728	2.48105
3	18	0.0769231	0.461538	-0.0767657	0.05035	-0.766253
3	19	0.0769231	0.487179	0.0388398	0.0852756	3.3701
3	20	0.0769231	0.512821	-0.0922142	0.110906	-0.915764
3	21	0.0769231	0.538462	0.0220356	0.0585722	2.53597
3	22	0.0769231	0.564103	-0.049307	0.171338	0.827214
3	23	0.0769231	0.589744	-0.0541264	0.0576763	0.0557882
3	24	0.0769231	0.615385	0.0313295	0.189374	3.39828
3	25	0.0769231	0.641026	-0.145418	0.118668	-2.1837
3	26	0.0769231	0.666667	0.0835085	0.15965	4.45972
3	27	0.0769231	0.692308	-0.168654	0.220541	-1.97309
3	28	0.0769231	0.717949	0.0482148	0.129966	2.63829
3	29	0.0769231	0.74359	-0.0894176	0.286591	0.634864
3	30	0.0769231	0.769231	-0.0660162	0.163079	-0.542241
3	31	0.0769231	0.794872	0.0256411	0.270878	2.80912
3	32	0.0769231	0.820513	-0.161777	0.257662	-1.81765
3	33	0.0769231	0.846154	0.0841825	0.218072	1.97224
3	34	0.0769231	0.871795	-0.130034	0.310838	-0.220257
3	35	0.0769231	0.897436	0.0989276	0.193051	-0.747615
3	36	0.0769231	0.923077	0.0709194	0.216886	1.24606
3	37	0.0769231	0.948718	0.275627	0.144107	-1.60949
3	38	0.0769231	0.974359	0.544117	0.0163776	0.170543
3	39	0.0769231	1	1	0	0
4	0	0.102564	0	0	0	1.03448
4	1	0.102564	0.025641	-0.00340302	-0.00248545	1.03448
4	2	0.102564	0.0512821	-0.00539078	0.00395385	1.12784
4	3	0.102564	0.0769231	-0.0107933	-0.00532077	0.853243
4	4	0.102564	0.102564	-0.00765606	0.0069208	1.38252
4	5	0.102564	0.128205	-0.0182531	0.00147467	0.633177
4	6	0.102564	0.153846	-0.00889436	0.00458752	1.50689
4	7	0.102564	0.179487	-0.0226906	0.019394	0.738812
4	8	0.102564	0.205128	-0.0144905	-0.000171046	1.14702
4	9	0.102564	0.230769	-0.0194438	0.0398677	1.39547
4	10	0.102564	0.25641	-0.0282677	0.00478927	0.305189
4	11	0.102564	0.282051	-0.00895037	0.0482326	2.29341
4	12	0.102564	0.307692	-0.0449646	0.0325289	-0.394088
4	13	0.102564	0.333333	-0.00199306	0.0365472	2.56468
4	14	0.102564	0.358974	-0.0491022	0.0812919	0.00462791
4	15	0.102564	0.384615	-0.0155136	0.0176062	1.40427
4	16	0.102564	0.410256	-0.0278845	0.125564	1.88006
4	17	0.102564	0.435897	-0.0558462	0.0252102	-0.927686
4	18	0.102564	0.461538	0.0101741	0.130665	4.1802
4	19	0.102564	0.487179	-0.0994825	0.0880537	-2.65591
4	20	0.102564	0.512821	0.0305434	0.0871317	4.708
4	21	0.102564	0.538462	-0.100345	0.189086	-1.60112
4	22	0.102564	0.564103	-0.0081927	0.0365872	1.93406
4	23	0.102564	0.589744	-0.0364347	0.259892	2.48586
4	24	0.102564	0.615385	-0.110666	0.0555629	-2.86896
4	25	0.102564	0.641026	0.0533951	0.241508	6.70432
4	26	0.102564	0.666667	-0.205843	0.179855	-5.69438
4	27	0.102564	0.692308	0.0908917	0.15327	6.99386
4	28	0.102564	0.717949	-0.192876	0.332467	-3.41186
4	29	0.102564	0.74359	0.0143929	0.0947707	2.25347
4	30	0.102564	0.769231	-0.0591624	0.381708	2.25422
4	31	0.102564	0.794872	-0.14512	0.159404	-3.47915
4	32	0.102564	0.820513	0.0971173	0.295952	5.78574
4	33	0.102564	0.846154	-0.235584	0.296816	-4.76316
4	34	0.102564	0.871795	0.187108	0.178217	3.93425
4	35	0.102564	0.897436	-0.106847	0.31973	-1.53254
4	36	0.102564	0.923077	0.269967	0.122617	-0.0214496
4	37	0.102564	0.948718	0.286876	0.144535	0.760946
4	38	0.102564	0.974359	0.621673	0.0624569	-0.629882
4	39	0.102564	1	1	0	0
5	0	0.128205	0	0	0	0.98887
5	1	0.128205	0.025641	-0.00370092	0.00227814	0.98887
5	2	0.128205	0.0512821	-0.00668704	-0.00448294	0.893672
5	3	0.128205	0.0769231	-0.0111209	0.0079145	1.20437
5	4	0.128205	0.102564	-0.01359	-0.00320788	0.614534
5	5	0.128205	0.128205	-0.0152165	0.010115	1.5017
5	6	0.128205	0.153846	-0.0224692	0.0108703	0.44191
5	7	0.128205	0.179487	-0.0161446	0.00531583	1.46457
5	8	0.128205	0.205128	-0.0306756	0.0360725	0.820994
5	9	0.128205	0.230769	-0.0198693	0.00102233	0.743445
5	10	0.128205	0.25641	-0.0317518	0.0581437	1.85611
5	11	0.128205	0.282051	-0.0325136	0.0151826	-0.406359
5	12	0.128205	0.307692	-0.0235765	0.0584387	2.87
5	13	0.128205	0.333333	-0.0504978	0.0612117	-0.930577
5	14	0.128205	0.358974	-0.0160451	0.0336215	2.60584
5	15	0.128205	0.384615	-0.0584756	0.126508	0.349722
5	16	0.128205	0.410256	-0.0276572	0.0119386	0.317705
5	17	0.128205	0.435897	-0.0427649	0.168093	3.36655
5	18	0.128205	0.461538	-0.0656343	0.0429625	-2.90575
5	19	0.128205	0.487179	-0.0102758	0.143783	5.97121
5	20	0.128205	0.512821	-0.104622	0.150069	-4.10523
5	21	0.128205	0.538462	0.00442485	0.061878	5.05031
5	22	0.128205	0.564103	-0.100053	0.281049	-0.779803
5	23	0.128205	0.589744	-0.0423046	0.00424881	-0.468828
5	24	0.128205	0.615385	-0.0374849	0.331158	5.88364
5	25	0.128205	0.641026	-0.147479	0.0749241	-7.14814
5	26	0.128205	0.666667	0.0417733	0.244485	10.609
5	27	0.128205	0.692308	-0.221739	0.275498	-8.794
5	28	0.128205	0.717949	0.0596915	0.0879444	8.19216
5	29	0.128205	0.74359	-0.167078	0.449326	-2.66093
5	30	0.128205	0.769231	-0.0465512	0.0241871	-0.721478
5	31	0.128205	0.794872	0.00141105	0.434033	6.41282
5	32	0.128205	0.820513	-0.213789	0.151259	-8.52832
5	33	0.128205	0.846154	0.18144	0.251438	10.2282
5	34	0.128205	0.871795	-0.233716	0.326231	-8.37969
5	35	0.128205	0.897436	0.309767	0.0762613	6.1739
5	36	0.128205	0.923077	0.0527344	0.296734	-2.7056
5	37	0.128205	0.948718	0.488232	0.0302969	0.720553
5	38	0.128205	0.974359	0.628355	0.0839443	0.422324
5	39	0.128205	1	1	0	0
6	0	0.153846	0	0	0	0.907197
6	1	0.153846	0.025641	-0.00363368	-0.00142977	0.907197
6	2	0.153846	0.0512821	-0.0105796	0.00475689	0.979786
6	3	0.153846	0.0769231	-0.00889508	-0.00362789	0.746002
6	4	0.153846	0.102564	-0.021319	0.0118125	1.25091
6	5	0.153846	0.128205	-0.0165345	0.00209475	0.444037
6	6	0.153846	0.153846	-0.0247341	0.0138428	1.51908
6	7	0.153846	0.179487	-0.0308706	0.0222616	0.370319
6	8	0.153846	0.205128	-0.0209355	0.00830902	1.30188
6	9	0.153846	0.230769	-0.0470397	0.0523215	0.99466
6	10	0.153846	0.25641	-0.0200867	0.00714946	0.305757
6	11	0.153846	0.282051	-0.0530236	0.0729289	2.25762
6	12	0.153846	0.307692	-0.0337272	0.0326074	-0.938158
6	13	0.153846	0.333333	-0.0419561	0.0637958	3.1324
6	14	0.153846	0.358974	-0.0608088	0.095006	-1.03023
6	15	0.153846	0.384615	-0.0243856	0.0300595	2.13575
6	16	0.153846	0.410256	-0.0830714	0.16808	1.18573
6	17	0.153846	0.435897	-0.0252654	0.0164699	-1.11996
6	18	0.153846	0.461538	-0.0784476	0.194118	4.91873
6	19	0.153846	0.487179	-0.0590124	0.0806797	-4.52924
6	20	0.153846	0.512821	-0.0450168	0.133566	6.94275
6	21	0.153846	0.538462	-0.104503	0.226467	-4.2601
6	22	0.153846	0.564103	-0.0179147	0.024848	3.79625
6	23	0.153846	0.589744	-0.118299	0.361021	1.66716
6	24	0.153846	0.615385	-0.0495099	-0.00957466	-4.21115
6	25	0.153846	0.641026	-0.0776841	0.358178	9.94073
6	26	0.153846	0.666667	-0.137104	0.135074	-11.0876
6	27	0.153846	0.692308	-0.00778552	0.188131	13.1796
6	28	0.153846	0.717949	-0.18851	0.392416	-9.46484
6	29	0.153846	0.74359	0.0120994	-0.0168879	6.37182
6	30	0.153846	0.769231	-0.120267	0.534067	1.25863
6	31	0.153846	0.794872	-0.0858574	-0.0391872	-6.50538
6	32	0.153846	0.820513	0.0490525	0.413967	12.4754
6	33	0.153846	0.846154	-0.201897	0.171846	-14.2944
6	34	0.153846	0.871795	0.247726	0.134541	14.4236
6	35	0.153846	0.897436	-0.0958469	0.356134	-10.7526
6	36	0.153846	0.923077	0.435181	-0.0519132	6.97339
6	37	0.153846	0.948718	0.345266	0.25335	-2.44848
6	38	0.153846	0.974359	0.731865	-0.0118676	0.642362
6	39	0.153846	1	1	0	0
7	0	0.179487	0	0	0	0.843145
7	1	0.179487	0.025641	-0.00588966	0.000546143	0.843145
7	2	0.179487	0.0512821	-0.0066351	-0.000158482	0.847124
7	3	0.179487	0.0769231	-0.0220032	0.00713886	0.912466
7	4	0.179487	0.102564	-0.0110206	-0.000549953	0.686287
7	5	0.179487	0.128205	-0.0336797	0.0173448	1.20074
7	6	0.179487	0.153846	-0.0232923	0.00761895	0.355913
7	7	0.179487	0.179487	-0.0320241	0.0207956	1.48751
7	8	0.179487	0.205128	-0.0471197	0.032329	0.296122
7	9	0.179487	0.230769	-0.0209927	0.015241	1.20138
7	10	0.179487	0.25641	-0.071609	0.0665255	1.03848
7	11	0.179487	0.282051	-0.017936	0.0169322	0.0647855
7	12	0.179487	0.307692	-0.0771333	0.0858941	2.40045
7	13	0.179487	0.333333	-0.0401036	0.051546	-1.16691
7	14	0.179487	0.358974	-0.0539336	0.0700063	3.07864
7	15	0.179487	0.384615	-0.0858554	0.124822	-0.859322
7	16	0.179487	0.410256	-0.0186542	0.0338457	1.51102
7	17	0.179487	0.435897	-0.127141	0.19747	1.96652
7	18	0.179487	0.461538	-0.00875142	0.0350236	-2.20478
7	19	0.179487	0.487179	-0.125973	0.202882	5.78012
7	20	0.179487	0.512821	-0.0500126	0.129351	-5.10849
7	21	0.179487	0.538462	-0.0715211	0.113794	6.63459
7	22	0.179487	0.564103	-0.124933	0.294041	-3.09353
7	23	0.179487	0.589744	-0.00944579	0.00294957	1.43752
7	24	0.179487	0.615385	-0.178056	0.404187	4.64867
7	25	0.179487	0.641026	-0.0115559	0.0164889	-7.62253
7	26	0.179487	0.666667	-0.155757	0.332724	12.7237
7	27	0.179487	0.692308	-0.0849336	0.226595	-12.6386
7	28	0.179487	0.717949	-0.0628961	0.0941011	12.6986
7	29	0.179487	0.74359	-0.144907	0.491093	-6.75035
7	30	0.179487	0.769231	0.00181906	-0.109671	1.40729
7	31	0.179487	0.794872	-0.107308	0.550241	7.35311
7	32	0.179487	0.820513	-0.0404424	-0.0467284	-13.1078
7	33	0.179487	0.846154	0.0502475	0.314575	17.9809
7	34	0.179487	0.871795	-0.0614869	0.231298	-17.8841
7	35	0.179487	0.897436	0.293931	-0.0220736	15.8022
7	36	0.179487	0.923077	0.169923	0.369864	-9.92745
7	37	0.179487	0.948718	0.575137	-0.135653	5.17574
7	38	0.179487	0.974359	0.688924	0.179316	-0.651503
7	39	0.179487	1	1	0	0
8	0	0.205128	0	0	0	0.799095
8	1	0.205128	0.025641	-0.00494862	0.00263122	0.799095
8	2	0.205128	0.0512821	-0.0164628	-0.000341056	0.705855
8	3	0.205128	0.0769231	-0.00956149	0.0033114	0.904436
8	4	0.205128	0.102564	-0.0358277	0.0116057	0.725202
8	5	0.205128	0.128205	-0.0164019	0.0014258	0.712453
8	6	0.205128	0.153846	-0.0443549	0.0272664	1.12878
8	7	0.205128	0.179487	-0.0368441	0.0104473	0.208496
8	8	0.205128	0.205128	-0.0354915	0.0317548	1.59425
8	9	0.205128	0.230769	-0.070241	0.0406949	0.0169803
8	10	0.205128	0.25641	-0.0196829	0.0236172	1.34507
8	11	0.205128	0.282051	-0.0980278	0.0812811	0.827231
8	12	0.205128	0.307692	-0.0210831	0.0247343	0.0555972
8	13	0.205128	0.333333	-0.0949229	0.101828	2.36533
8	14	0.205128	0.358974	-0.0595589	0.0647493	-1.31075
8	15	0.205128	0.384615	-0.0535664	0.0821478	3.06456
8	16	0.205128	0.410256	-0.1274	0.145001	-0.899767
8	17	0.205128	0.435897	-0.00211109	0.0460303	1.29972
8	18	0.205128	0.461538	-0.180259	0.215362	2.1148
8	19	0.205128	0.487179	0.00713576	0.0586047	-2.44993
8	20	0.205128	0.512821	-0.163071	0.205892	5.67351
8	21	0.205128	0.538462	-0.0615049	0.168562	-4.73608
8	22	0.205128	0.564103	-0.0664192	0.106085	5.57096
8	23	0.205128	0.589744	-0.184845	0.330674	-1.65249
8	24	0.205128	0.615385	0.0393626	0.0142028	-0.504883
8	25	0.205128	0.641026	-0.274245	0.403498	6.38684
8	26	0.205128	0.666667	0.0569826	0.0736052	-8.84654
8	27	0.205128	0.692308	-0.232445	0.275418	12.6869
8	28	0.205128	0.717949	-0.0337084	0.308832	-11.0059
8	29	0.205128	0.74359	-0.0656064	0.0127683	9.18067
8	30	0.205128	0.769231	-0.148924	0.528563	-1.91431
8	31	0.205128	0.794872	0.08136	-0.135969	-4.38717
8	32	0.205128	0.820513	-0.162302	0.486413	12.6719
8	33	0.205128	0.846154	0.117659	0.0138333	-17.008
8	34	0.205128	0.871795	0.0189219	0.165575	19.776
8	35	0.205128	0.897436	0.185833	0.295752	-16.8495
8	36	0.205128	0.923077	0.360263	-0.147005	12.8532
8	37	0.205128	0.948718	0.484361	0.326444	-5.9474
8	38	0.205128	0.974359	0.762092	-0.0968741	2.01632
8	39	0.205128	1	1	0	0
9	0	0.230769	0	0	0	0.684777
9	1	0.230769	0.025641	-0.00811707	-0.00375864	0.684777
9	2	0.230769	0.0512821	-0.0100857	0.00790351	0.892585
9	3	0.230769	0.0769231	-0.0296571	0.000449929	0.417557
9	4	0.230769	0.102564	-0.0153674	0.00520413	1.07808
9	5	0.230769	0.128205	-0.0484518	0.0212459	0.50159
9	6	0.230769	0.153846	-0.0275228	-0.000536072	0.670691
9	7	0.230769	0.179487	-0.0521516	0.0418634	1.22832
9	8	0.230769	0.205128	-0.0557097	0.0110966	-0.191028
9	9	0.230769	0.230769	-0.0387378	0.0432541	1.98897
9	10	0.230769	0.25641	-0.0939736	0.0508831	-0.537568
9	11	0.230769	0.282051	-0.0239744	0.0275946	1.69877
9	12	0.230769	0.307692	-0.118249	0.100894	0.511623
9	13	0.230769	0.333333	-0.0354668	0.0248339	0.0135283
9	14	0.230769	0.358974	-0.102394	0.123362	2.51291
9	15	0.230769	0.384615	-0.0916752	0.0693414	-1.79695
9	16	0.230769	0.410256	-0.0459216	0.0985037	3.53717
9	17	0.230769	0.435897	-0.174429	0.158058	-1.55636
9	18	0.230769	0.461538	0.0108053	0.0572935	1.7874
9	19	0.230769	0.487179	-0.221734	0.231481	1.54838
9	20	0.230769	0.512821	0.0035752	0.0697622	-2.0785
9	21	0.230769	0.538462	-0.169919	0.21876	5.17151
9	22	0.230769	0.564103	-0.106798	0.179956	-4.38975
9	23	0.230769	0.589744	-0.0265054	0.122175	5.07633
9	24	0.230769	0.615385	-0.276035	0.330767	-1.46173
9	25	0.230769	0.641026	0.10728	0.0478446	-0.498505
9	26	0.230769	0.666667	-0.365156	0.377212	5.65209
9	27	0.230769	0.692308	0.113838	0.120757	-7.34959
9	28	0.230769	0.717949	-0.247319	0.229239	10.0692
9	29	0.230769	0.74359	-0.0356148	0.333961	-7.6349
9	30	0.230769	0.769231	0.0270963	-0.00722702	5.05336
9	31	0.230769	0.794872	-0.23132	0.486568	1.87493
9	32	0.230769	0.820513	0.254797	-0.0859069	-7.28359
9	33	0.230769	0.846154	-0.25855	0.368349	13.8354
9	34	0.230769	0.871795	0.348703	0.096371	-15.6
9	35	0.230769	0.897436	0.0244672	0.0322968	16.2173
9	36	0.230769	0.923077	0.458043	0.305322	-11.4116
9	37	0.230769	0.948718	0.505639	-0.165689	6.97453
9	38	0.230769	0.974359	0.766018	0.20742	-1.40115
9	39	0.230769	1	1	0	0
10	0	0.25641	0	0	0	0.69457
10	1	0.25641	0.025641	-0.00766105	0.00710531	0.69457
10	2	0.25641	0.0512821	-0.0193905	-0.00755694	0.409232
10	3	0.25641	0.0769231	-0.0179544	0.0121283	1.13594
10	4	0.25641	0.102564	-0.0419756	0.0064879	0.0553549
10	5	0.25641	0.128205	-0.0262055	0.00248788	1.21228
10	6	0.25641	0.153846	-0.0588475	0.0362958	0.43905
10	7	0.25641	0.179487	-0.0426466	-0.00543548	0.37032
10	8	0.25641	0.205128	-0.0606485	0.0570638	1.63331
10	9	0.25641	0.230769	-0.0739507	0.0138617	-0.881416
10	10	0.25641	0.25641	-0.0479838	0.0492626	2.59296
10	11	0.25641	0.282051	-0.111482	0.0671327	-1.16829
10	12	0.25641	0.307692	-0.0380503	0.0226225	1.96391
10	13	0.25641	0.333333	-0.129922	0.126362	0.457847
10	14	0.25641	0.358974	-0.0588623	0.0167568	-0.447387
10	15	0.25641	0.384615	-0.10564	0.146658	3.19564
10	16	0.25641	0.410256	-0.125513	0.0698742	-2.88833
10	17	0.25641	0.435897	-0.0443974	0.109662	4.6122
10	18	0.25641	0.461538	-0.20901	0.172979	-2.73951
10	19	0.25641	0.487179	0.00561835	0.0534487	2.63408
10	20	0.25641	0.512821	-0.235793	0.256762	0.889477
10	21	0.25641	0.538462	-0.0265386	0.0550737	-1.99281
10	22	0.25641	0.564103	-0.14742	0.247247	5.40509
10	23	0.25641	0.589744	-0.174703	0.161145	-5.30607
10	24	0.25641	0.615385	0.0237219	0.14948	6.31933
10	25	0.25641	0.641026	-0.35854	0.311551	-3.37313
10	26	0.25641	0.666667	0.155134	0.06518	1.69356
10	27	0.25641	0.692308	-0.392295	0.360971	2.96067
10	28	0.25641	0.717949	0.118677	0.110229	-4.67742
10	29	0.25641	0.74359	-0.163863	0.231354	7.3071
10	30	0.25641	0.769231	-0.112034	0.279323	-5.65575
10	31	0.25641	0.794872	0.198509	0.0367981	3.89678
10	32	0.25641	0.820513	-0.357075	0.3873	1.36269
10	33	0.25641	0.846154	0.462854	-0.0149127	-4.85675
10	34	0.25641	0.871795	-0.302418	0.255731	9.45612
10	35	0.25641	0.897436	0.570221	0.125759	-9.47938
10	36	0.25641	0.923077	0.152755	-0.0166683	9.06052
10	37	0.25641	0.948718	0.67922	0.22388	-4.77075
10	38	0.25641	0.974359	0.742579	-0.0660128	2.0451
10	39	0.25641	1	1	0	0
11	0	0.282051	0	0	0	0.54125
11	1	0.282051	0.025641	-0.00960193	-0.0067301	0.54125
11	2	0.282051	0.0512821	-0.0178444	0.0137541	0.87999
11	3	0.282051	0.0769231	-0.0301034	-0.00660899	0.0200314
11	4	0.282051	0.102564	-0.0305375	0.0117539	1.38476
11	5	0.282051	0.128205	-0.0523445	0.0183546	-0.185084
11	6	0.282051	0.153846	-0.0402697	-0.00377511	1.11547
11	7	0.282051	0.179487	-0.0704025	0.052472	0.668514
11	8	0.282051	0.205128	-0.0562412	-0.008526	-0.216586
11	9	0.282051	0.230769	-0.0753733	0.0667208	2.24543
11	10	0.282051	0.25641	-0.0859239	0.0230866	-1.64068
11	11	0.282051	0.282051	-0.0660031	0.0460226	3.09202
11	12	0.282051	0.307692	-0.121861	0.0895268	-1.51088
11	13	0.282051	0.333333	-0.0582789	0.00996441	1.78733
11	14	0.282051	0.358974	-0.13972	0.152497	0.948562
11	15	0.282051	0.384615	-0.0807562	0.00672724	-1.48665
11	16	0.282051	0.410256	-0.116727	0.162531	4.4036
11	17	0.282051	0.435897	-0.146511	0.0751879	-4.37061
11	18	0.282051	0.461538	-0.0595572	0.10471	5.86569
11	19	0.282051	0.487179	-0.220048	0.197648	-3.80108
11	20	0.282051	0.512821	-0.0192017	0.0263536	3.01699
11	21	0.282051	0.538462	-0.226398	0.292829	1.08929
11	22	0.282051	0.564103	-0.0693216	0.016626	-3.15401
11	23	0.282051	0.589744	-0.120534	0.278534	7.19827
11	24	0.282051	0.615385	-0.229844	0.130403	-7.97773
11	25	0.282051	0.641026	0.0491746	0.155288	9.25756
11	26	0.282051	0.666667	-0.38174	0.304609	-6.62569
11	27	0.282051	0.692308	0.155578	0.025197	4.50433
11	28	0.282051	0.717949	-0.325465	0.382889	0.689576
11	29	0.282051	0.74359	0.0642547	0.022233	-3.7363
11	30	0.282051	0.769231	-0.0113956	0.277552	7.61156
11	31	0.282051	0.794872	-0.223145	0.168765	-7.92896
11	32	0.282051	0.820513	0.372724	0.0869542	7.70842
11	33	0.282051	0.846154	-0.421682	0.291391	-4.27324
11	34	0.282051	0.871795	0.625861	-0.00484223	1.81607
11	35	0.282051	0.897436	-0.186627	0.210444	1.9054
11	36	0.282051	0.923077	0.718383	0.0615366	-2.38262
11	37	0.282051	0.948718	0.422983	0.0246222	2.7208
11	38	0.282051	0.974359	0.84254	0.0990318	-0.60986
11	39	0.282051	1	1	0	0
12	0	0.307692	0	0	0	0.567558
12	1	0.307692	0.025641	-0.0111956	0.00790488	0.567558
12	2	0.307692	0.0512821	-0.0192385	-0.0101319	0.252233
12	3	0.307692	0.0769231	-0.0326241	0.0164203	1.11344
12	4	0.307692	0.102564	-0.0388908	0.000165921	-0.296403
12	5	0.307692	0.128205	-0.0461148	0.00755869	1.448
12	6	0.307692	0.153846	-0.0638436	0.0318967	-0.169047
12	7	0.307692	0.179487	-0.052393	-0.00876181	0.756133
12	8	0.307692	0.205128	-0.0880603	0.0636128	1.09225
12	9	0.307692	0.230769	-0.0636467	-0.00543412	-0.868551
12	10	0.307692	0.25641	-0.0980975	0.0675342	2.75408
12	11	0.307692	0.282051	-0.0919121	0.0383634	-2.11887
12	12	0.307692	0.307692	-0.0881777	0.0357912	3.16475
12	13	0.307692	0.333333	-0.132089	0.112119	-1.33601
12	14	0.307692	0.358974	-0.074646	-0.00329761	1.08064
12	15	0.307692	0.384615	-0.158347	0.170461	1.89016
12	16	0.307692	0.410256	-0.0898431	0.00323197	-2.81596
12	17	0.307692	0.435897	-0.143066	0.162807	5.66824
12	18	0.307692	0.461538	-0.148283	0.0909042	-5.60573
12	19	0.307692	0.487179	-0.0887531	0.0799888	6.56253
12	20	0.307692	0.512821	-0.21409	0.230888	-3.96162
12	21	0.307692	0.538462	-0.047843	-0.0180133	2.21881
12	22	0.307692	0.564103	-0.217186	0.327556	2.67127
12	23	0.307692	0.589744	-0.0949353	-0.0260992	-5.7597
12	24	0.307692	0.615385	-0.119957	0.287422	10.2728
12	25	0.307692	0.641026	-0.233505	0.116942	-11.4928
12	26	0.307692	0.666667	0.0325022	0.109582	12.3701
12	27	0.307692	0.692308	-0.324276	0.333215	-9.00193
12	28	0.307692	0.717949	0.115773	-0.0834054	5.36629
12	29	0.307692	0.74359	-0.198942	0.436155	1.56415
12	30	0.307692	0.769231	-0.00619797	-0.112235	-6.86471
12	31	0.307692	0.794872	0.124973	0.315789	12.4105
12	32	0.307692	0.820513	-0.270127	0.0708581	-14.6163
12	33	0.307692	0.846154	0.47249	0.0678433	14.9496
12	34	0.307692	0.871795	-0.313641	0.263097	-11.9418
12	35	0.307692	0.897436	0.700026	-0.0938431	8.52521
12	36	0.307692	0.923077	0.110598	0.238084	-3.8409
12	37	0.307692	0.948718	0.793771	-0.0516373	1.47389
12	38	0.307692	0.974359	0.743416	0.0757688	0.357844
12	39	0.307692	1	1	0	0
13	0	0.333333	0	0	0	0.432851
13	1	0.333333	0.025641	-0.0106741	-0.00502323	0.432851
13	2	0.333333	0.0512821	-0.026866	0.0119779	0.68218
13	3	0.333333	0.0769231	-0.0268979	-0.00784575	-0.00989506
13	4	0.333333	0.102564	-0.0505428	0.0152816	1.2088
13	5	0.333333	0.128205	-0.0484045	0.00898462	-0.399979
13	6	0.333333	0.153846	-0.0598094	0.00414771	1.28335
13	7	0.333333	0.179487	-0.0809465	0.0410496	0.0189755
13	8	0.333333	0.205128	-0.0585493	-0.00823431	0.33961
13	9	0.333333	0.230769	-0.112988	0.0666574	1.41819
13	10	0.333333	0.25641	-0.065957	0.00311773	-1.26148
13	11	0.333333	0.282051	-0.123663	0.0621825	2.87258
13	12	0.333333	0.307692	-0.0989587	0.0533672	-2.1313
13	13	0.333333	0.333333	-0.104954	0.0257109	2.77367
13	14	0.333333	0.358974	-0.15155	0.12644	-0.78909
13	15	0.333333	0.384615	-0.0784733	-0.00960878	0.167171
13	16	0.333333	0.410256	-0.19077	0.174052	2.80457
13	17	0.333333	0.435897	-0.0837528	0.00972592	-3.83843
13	18	0.333333	0.461538	-0.179293	0.146897	6.35103
13	19	0.333333	0.487179	-0.139397	0.113488	-5.97799
13	20	0.333333	0.512821	-0.115317	0.043568	6.19671
13	21	0.333333	0.538462	-0.212344	0.260986	-2.9453
13	22	0.333333	0.564103	-0.0556997	-0.0608372	0.265094
13	23	0.333333	0.589744	-0.233837	0.341823	5.18084
13	24	0.333333	0.615385	-0.0771423	-0.0474679	-8.84453
13	25	0.333333	0.641026	-0.156651	0.25431	13.1988
13	26	0.333333	0.666667	-0.174953	0.139628	-13.8931
13	27	0.333333	0.692308	-0.00918825	0.00984259	13.4892
13	28	0.333333	0.717949	-0.220628	0.39011	-8.31974
13	29	0.333333	0.74359	0.0819411	-0.223779	2.4817
13	30	0.333333	0.769231	-0.0967134	0.477522	6.4094
13	31	0.333333	0.794872	-0.0102833	-0.217097	-13.6695
13	32	0.333333	0.820513	0.168691	0.286108	19.7752
13	33	0.333333	0.846154	-0.158318	0.0567842	-22.1081
13	34	0.333333	0.871795	0.473919	-0.0492762	21.1509
13	35	0.333333	0.897436	-0.0170144	0.310083	-16.3214
13	36	0.333333	0.923077	0.703454	-0.230279	10.7372
13	37	0.333333	0.948718	0.482194	0.261155	-4.44496
13	38	0.333333	0.974359	0.866765	-0.0879863	1.16031
13	39	0.333333	1	1	0	0
14	0	0.358974	0	0	0	0.410824
14	1	0.358974	0.025641	-0.0142762	0.00355423	0.410824
14	2	0.358974	0.0512821	-0.0192704	-0.00498232	0.292933
14	3	0.358974	0.0769231	-0.0460156	0.0124553	0.698346
14	4	0.358974	0.102564	-0.0346431	-0.00329044	-0.0986726
14	5	0.358974	0.128205	-0.0669962	0.0146033	1.11026
14	6	0.358974	0.153846	-0.0627324	0.0139555	-0.356175
14	7	0.358974	0.179487	-0.0678703	0.00553221	1.07314
14	8	0.358974	0.205128	-0.10455	0.0428938	0.112941
14	9	0.358974	0.230769	-0.0601891	-0.00314621	0.158638
14	10	0.358974	0.25641	-0.139933	0.0644167	1.3956
14	11	0.358974	0.282051	-0.0700378	0.0106791	-1.24976
14	12	0.358974	0.307692	-0.142998	0.0574425	2.60295
14	13	0.358974	0.333333	-0.115186	0.0600646	-1.85465
14	14	0.358974	0.358974	-0.109508	0.0220263	2.25431
14	15	0.358974	0.384615	-0.183305	0.127727	-0.333621
14	16	0.358974	0.410256	-0.0703112	-0.00764472	-0.414772
14	17	0.358974	0.435897	-0.230057	0.164583	3.15462
14	18	0.358974	0.461538	-0.0723449	0.0206131	-4.08818
14	19	0.358974	0.487179	-0.208868	0.123342	6.12791
14	20	0.358974	0.512821	-0.138046	0.131187	-5.40448
14	21	0.358974	0.538462	-0.119094	0.0115311	4.95654
14	22	0.358974	0.564103	-0.234675	0.27264	-1.31334
14	23	0.358974	0.589744	-0.0270676	-0.082159	-1.89775
14	24	0.358974	0.615385	-0.282549	0.3229	7.31757
14	25	0.358974	0.641026	-0.0154394	-0.0349175	-10.7607
14	26	0.358974	0.666667	-0.20896	0.181889	14.2225
14	27	0.358974	0.692308	-0.0867432	0.188854	-13.5351
14	28	0.358974	0.717949	-0.0283056	-0.107747	11.3331
14	29	0.358974	0.74359	-0.144015	0.43754	-4.2795
14	30	0.358974	0.769231	0.118592	-0.321659	-3.39391
14	31	0.358974	0.794872	-0.0912725	0.459552	13.0235
14	32	0.358974	0.820513	0.116288	-0.220157	-20.3861
14	33	0.358974	0.846154	0.107977	0.169586	25.231
14	34	0.358974	0.871795	0.113508	0.134988	-25.1278
14	35	0.358974	0.897436	0.420946	-0.212812	21.7165
14	36	0.358974	0.923077	0.35486	0.359119	-14.2289
14	37	0.358974	0.948718	0.716741	-0.288551	7.30588
14	38	0.358974	0.974359	0.790134	0.188285	-1.49822
14	39	0.358974	1	1	0	0
15	0	0.384615	0	0	0	0.351502
15	1	0.384615	0.025641	-0.0121309	0.000675916	0.351502
15	2	0.384615	0.0512821	-0.0325976	0.00300521	0.328025
15	3	0.384615	0.0769231	-0.0271516	-0.00229204	0.296258
15	4	0.384615	0.102564	-0.0643604	0.0131981	0.545073
15	5	0.384615	0.128205	-0.0462149	-0.00218681	-0.0583117
15	6	0.384615	0.153846	-0.0782604	0.0182238	0.97599
15	7	0.384615	0.179487	-0.082743	0.0122365	-0.404477
15	8	0.384615	0.205128	-0.0716785	0.010633	1.08046
15	9	0.384615	0.230769	-0.129684	0.0402899	-0.106028
15	10	0.384615	0.25641	-0.0637836	0.00010959	0.326738
15	11	0.384615	0.282051	-0.160441	0.0632756	1.05705
15	12	0.384615	0.307692	-0.0828567	0.00976206	-1.02879
15	13	0.384615	0.333333	-0.150525	0.0583108	2.28232
15	14	0.384615	0.358974	-0.142175	0.0549378	-1.72667
15	15	0.384615	0.384615	-0.104204	0.0242516	2.08313
15	16	0.384615	0.410256	-0.21969	0.118672	-0.409316
15	17	0.384615	0.435897	-0.0606031	-0.00444871	-0.329574
15	18	0.384615	0.461538	-0.260572	0.150419	2.76964
15	19	0.384615	0.487179	-0.0707494	0.0243273	-3.62637
15	20	0.384615	0.512821	-0.215336	0.104747	5.30387
15	21	0.384615	0.538462	-0.158094	0.131465	-4.49068
15	22	0.384615	0.564103	-0.0919802	-0.00268214	3.72546
15	23	0.384615	0.589744	-0.282757	0.257326	-0.197871
15	24	0.384615	0.615385	0.0305464	-0.0764148	-2.94159
15	25	0.384615	0.641026	-0.340519	0.275225	7.73254
15	26	0.384615	0.666667	0.0598113	-0.00209612	-10.3476
15	27	0.384615	0.692308	-0.230601	0.100357	12.5397
15	28	0.384615	0.717949	-0.0264593	0.228473	-10.5064
15	29	0.384615	0.74359	0.0261038	-0.181574	6.86181
15	30	0.384615	0.769231	-0.155085	0.432823	0.842224
15	31	0.384615	0.794872	0.258576	-0.314706	-8.69186
15	32	0.384615	0.820513	-0.188199	0.366229	17.1757
15	33	0.384615	0.846154	0.354134	-0.119747	-22.1796
15	34	0.384615	0.871795	0.010666	0.00984619	24.4963
15	35	0.384615	0.897436	0.436572	0.228663	-20.9892
15	36	0.384615	0.923077	0.414237	-0.307223	15.5524
15	37	0.384615	0.948718	0.659174	0.315137	-7.61273
15	38	0.384615	0.974359	0.821355	-0.181233	2.09984
15	39	0.384615	1	1	0	0
16	0	0.410256	0	0	0	0.24594
16	1	0.410256	0.025641	-0.0158191	-0.00313478	0.24594
16	2	0.410256	0.0512821	-0.0224321	0.004176	0.420113
16	3	0.410256	0.0769231	-0.0509502	0.00256884	0.0860263
16	4	0.410256	0.102564	-0.0377241	-0.00269503	0.423902
16	5	0.410256	0.128205	-0.0780968	0.0180561	0.356098
16	6	0.410256	0.153846	-0.0626072	-0.00742199	-0.104519
16	7	0.410256	0.179487	-0.0853402	0.0251062	1.04593
16	8	0.410256	0.205128	-0.103997	0.00669268	-0.7411
16	9	0.410256	0.230769	-0.0771461	0.0132387	1.39727
16	10	0.410256	0.25641	-0.148689	0.0393958	-0.586002
16	11	0.410256	0.282051	-0.0753153	-0.00536741	0.639551
16	12	0.410256	0.307692	-0.16984	0.0673504	0.735658
16	13	0.410256	0.333333	-0.104876	-0.00201514	-1.00877
16	14	0.410256	0.358974	-0.149548	0.0630225	2.33164
16	15	0.410256	0.384615	-0.172087	0.0419159	-2.10323
16	16	0.410256	0.410256	-0.0995079	0.0246471	2.48879
16	17	0.410256	0.435897	-0.246549	0.107576	-1.06462
16	18	0.410256	0.461538	-0.0617698	-0.0107099	0.257155
16	19	0.410256	0.487179	-0.269107	0.14124	2.03414
16	20	0.410256	0.512821	-0.0874697	0.0112312	-3.06134
16	21	0.410256	0.538462	-0.195578	0.098928	4.67853
16	22	0.410256	0.564103	-0.196994	0.109515	-4.17941
16	23	0.410256	0.589744	-0.0463699	0.000863056	3.52721
16	24	0.410256	0.615385	-0.334331	0.220442	-0.566052
16	25	0.410256	0.641026	0.0889025	-0.0598875	-2.11814
16	26	0.410256	0.666667	-0.365616	0.222268	6.04475
16	27	0.410256	0.692308	0.106327	0.0164696	-7.95278
16	28	0.410256	0.717949	-0.179868	0.0546201	9.2333
16	29	0.410256	0.74359	-0.0371766	0.218543	-6.95782
16	30	0.410256	0.769231	0.164565	-0.166829	3.22298
16	31	0.410256	0.794872	-0.253635	0.358191	3.3093
16	32	0.410256	0.820513	0.461775	-0.212646	-9.29563
16	33	0.410256	0.846154	-0.306147	0.230216	15.2526
16	34	0.410256	0.871795	0.604261	-0.001022	-17.0498
16	35	0.410256	0.897436	0.00155495	-0.0997057	16.8927
16	36	0.410256	0.923077	0.684208	0.237517	-12.0627
16	37	0.410256	0.948718	0.541329	-0.247997	6.76345
16	38	0.410256	0.974359	0.85297	0.160217	-1.74074
16	39	0.410256	1	1	0	0
17	0	0.435897	0	0	0	0.266381
17	1	0.435897	0.025641	-0.0141594	0.00611555	0.266381
17	2	0.435897	0.0512821	-0.0327653	-0.00697655	-0.0156231
17	3	0.435897	0.0769231	-0.0341552	0.00515969	0.623653
17	4	0.435897	0.102564	-0.0654023	0.00624694	-0.208039
17	5	0.435897	0.128205	-0.0522075	-0.00932015	0.482002
17	6	0.435897	0.153846	-0.0876903	0.0262549	0.355278
17	7	0.435897	0.179487	-0.0800217	-0.0162562	-0.421874
17	8	0.435897	0.205128	-0.0934818	0.0292997	1.40346
17	9	0.435897	0.230769	-0.119723	0.00338676	-1.3088
17	10	0.435897	0.25641	-0.0894819	0.00695016	1.82048
17	11	0.435897	0.282051	-0.157645	0.0438659	-1.00363
17	12	0.435897	0.307692	-0.094484	-0.0210592	0.712741
17	13	0.435897	0.333333	-0.171804	0.0741197	0.807211
17	14	0.435897	0.358974	-0.128406	-0.0196819	-1.481
17	15	0.435897	0.384615	-0.150169	0.0636749	2.89787
17	16	0.435897	0.410256	-0.192547	0.0294611	-2.94397
17	17	0.435897	0.435897	-0.105689	0.0138858	3.23292
17	18	0.435897	0.461538	-0.253667	0.102133	-1.86758
17	19	0.435897	0.487179	-0.0781423	-0.032935	0.755634
17	20	0.435897	0.512821	-0.255775	0.14087	1.65737
17	21	0.435897	0.538462	-0.116566	-0.0195286	-3.15365
17	22	0.435897	0.564103	-0.164105	0.102388	5.00336
17	23	0.435897	0.589744	-0.234021	0.0726013	-5.10196
17	24	0.435897	0.615385	-0.00800701	0.006234	4.76504
17	25	0.435897	0.641026	-0.353873	0.18109	-2.45409
17	26	0.435897	0.666667	0.118063	-0.0623198	0.054705
17	27	0.435897	0.692308	-0.324352	0.195508	3.40433
17	28	0.435897	0.717949	0.0992072	-0.0126157	-5.49102
17	29	0.435897	0.74359	-0.057806	0.0724649	6.95946
17	30	0.435897	0.769231	-0.111426	0.14365	-5.96342
17	31	0.435897	0.794872	0.333438	-0.0817865	3.68046
17	32	0.435897	0.820513	-0.357901	0.240286	0.39305
17	33	0.435897	0.846154	0.638039	-0.104054	-3.92238
17	34	0.435897	0.871795	-0.307622	0.126181	7.31876
17	35	0.435897	0.897436	0.768909	0.0329676	-7.7397
17	36	0.435897	0.923077	0.173698	-0.0865582	6.81114
17	37	0.435897	0.948718	0.814272	0.132596	-3.86891
17	38	0.435897	0.974359	0.775203	-0.0942895	1.12374
17	39	0.435897	1	1	0	0
18	0	0.461538	0	0	0	0.104315
18	1	0.461538	0.025641	-0.0156937	-0.00740428	0.104315
18	2	0.461538	0.0512821	-0.0282396	0.0102459	0.449015
18	3	0.461538	0.0769231	-0.0465859	-0.00671643	-0.364169
18	4	0.461538	0.102564	-0.0488413	-4.64887e-05	0.792344
18	5	0.461538	0.128205	-0.0758173	0.0137747	-0.34256
18	6	0.461538	0.153846	-0.0674744	-0.0197784	0.288665
18	7	0.461538	0.179487	-0.0976678	0.0321792	0.630073
18	8	0.461538	0.205128	-0.092537	-0.0227246	-0.962312
18	9	0.461538	0.230769	-0.107318	0.0247298	1.85808
18	10	0.461538	0.25641	-0.126641	0.00582163	-1.80141
18	11	0.461538	0.282051	-0.107979	-0.00919337	1.99065
18	12	0.461538	0.307692	-0.160252	0.0508219	-1.0183
18	13	0.461538	0.333333	-0.113905	-0.0413629	0.300392
18	14	0.461538	0.358974	-0.175783	0.0757254	1.36212
18	15	0.461538	0.384615	-0.142816	-0.0346593	-2.34838
18	16	0.461538	0.410256	-0.161022	0.0522509	3.69655
18	17	0.461538	0.435897	-0.196039	0.0239108	-3.79618
18	18	0.461538	0.461538	-0.124229	-0.0117546	3.75373
18	19	0.461538	0.487179	-0.243307	0.103423	-2.19677
18	20	0.461538	0.512821	-0.101503	-0.0684578	0.561902
18	21	0.461538	0.538462	-0.235334	0.143929	2.16201
18	22	0.461538	0.564103	-0.139385	-0.0584727	-4.26408
18	23	0.461538	0.589744	-0.143624	0.101453	6.40269
18	24	0.461538	0.615385	-0.241496	0.0376035	-7.0431
18	25	0.461538	0.641026	0.00214296	-0.00889844	6.81055
18	26	0.461538	0.666667	-0.317024	0.162262	-4.71512
18	27	0.461538	0.692308	0.107913	-0.106917	1.92816
18	28	0.461538	0.717949	-0.223312	0.211623	1.9825
18	29	0.461538	0.74359	0.0536482	-0.0959437	-5.35602
18	30	0.461538	0.769231	0.078474	0.133836	8.12641
18	31	0.461538	0.794872	-0.177166	0.0331218	-9.35215
18	32	0.461538	0.820513	0.44918	-0.00555912	8.85189
18	33	0.461538	0.846154	-0.33961	0.146696	-7.05843
18	34	0.461538	0.871795	0.718673	-0.0837228	4.46954
18	35	0.461538	0.897436	-0.102537	0.116274	-1.95408
18	36	0.461538	0.923077	0.820755	-0.0453847	0.226647
18	37	0.461538	0.948718	0.484622	0.00996912	0.30628
18	38	0.461538	0.974359	0.889583	0.00251256	-0.349457
18	39	0.461538	1	1	0	0
19	0	0.487179	0	0	0	0.150286
19	1	0.487179	0.025641	-0.0160269	0.00723132	0.150286
19	2	0.487179	0.0512821	-0.0290138	-0.0112553	-0.189653
19	3	0.487179	0.0769231	-0.0443463	0.00839395	0.649018
19	4	0.487179	0.102564	-0.0564894	-0.00195545	-0.600385
19	5	0.487179	0.128205	-0.0640521	-0.00965369	0.742297
19	6	0.487179	0.153846	-0.0859923	0.0199818	-0.216418
19	7	0.487179	0.179487	-0.0783235	-0.0283168	-0.129223
19	8	0.487179	0.205128	-0.112226	0.0299093	1.01375
19	9	0.487179	0.230769	-0.0973562	-0.0232993	-1.44521
19	10	0.487179	0.25641	-0.126052	0.0105511	2.07641
19	11	0.487179	0.282051	-0.128285	0.0110635	-1.90624
19	12	0.487179	0.307692	-0.125665	-0.0294533	1.69197
19	13	0.487179	0.333333	-0.165118	0.0524933	-0.573233
19	14	0.487179	0.358974	-0.124427	-0.0578464	-0.470944
19	15	0.487179	0.384615	-0.189122	0.0650529	2.09361
19	16	0.487179	0.410256	-0.142856	-0.0416788	-3.15809
19	17	0.487179	0.435897	-0.181859	0.0269792	4.1983
19	18	0.487179	0.461538	-0.186267	0.0242959	-4.1166
19	19	0.487179	0.487179	-0.145718	-0.0472359	3.57259
19	20	0.487179	0.512821	-0.229379	0.104744	-1.70793
19	21	0.487179	0.538462	-0.115414	-0.106449	-0.48403
19	22	0.487179	0.564103	-0.227015	0.139008	3.46333
19	23	0.487179	0.589744	-0.135836	-0.0905352	-6.01474
19	24	0.487179	0.615385	-0.148723	0.0810555	8.18386
19	25	0.487179	0.641026	-0.204445	0.0215094	-8.92548
19	26	0.487179	0.666667	-0.0163027	-0.0574667	8.2748
19	27	0.487179	0.692308	-0.233758	0.174035	-5.63909
19	28	0.487179	0.717949	0.0798169	-0.190407	1.71484
19	29	0.487179	0.74359	-0.115382	0.253258	3.42082
19	30	0.487179	0.769231	0.0284419	-0.198033	-8.6244
19	31	0.487179	0.794872	0.152725	0.177798	12.7682
19	32	0.487179	0.820513	-0.133495	-0.0458567	-15.7277
19	33	0.487179	0.846154	0.463219	-0.01319	15.7465
19	34	0.487179	0.871795	-0.126652	0.136039	-14.3318
19	35	0.487179	0.897436	0.700139	-0.169111	10.5928
19	36	0.487179	0.923077	0.252889	0.175652	-6.7554
19	37	0.487179	0.948718	0.818496	-0.149891	2.82357
19	38	0.487179	0.974359	0.788656	0.0560024	-0.801724
19	39	0.487179	1	1	0	0
20	0	0.512821	0	0	0	-0.000376783
20	1	0.512821	0.025641	-0.014679	-0.00656202	-0.000376783
20	2	0.512821	0.0512821	-0.0332403	0.00882811	0.278096
20	3	0.512821	0.0769231	-0.0384058	-0.0100986	-0.435321
20	4	0.512821	0.102564	-0.0607731	0.00150018	0.680579
20	5	0.512821	0.128205	-0.0655565	0.00273072	-0.60463
20	6	0.512821	0.153846	-0.0751783	-0.0182727	0.471451
20	7	0.512821	0.179487	-0.0997786	0.0190209	0.0366829
20	8	0.512821	0.205128	-0.0822352	-0.0313013	-0.524234
20	9	0.512821	0.230769	-0.130725	0.0183974	1.20176
20	10	0.512821	0.25641	-0.0977247	-0.0207102	-1.58184
20	11	0.512821	0.282051	-0.143245	-0.00777044	1.86225
20	12	0.512821	0.307692	-0.132345	0.0115061	-1.58161
20	13	0.512821	0.333333	-0.134521	-0.0458102	1.05956
20	14	0.512821	0.358974	-0.178483	0.0422722	0.023321
20	15	0.512821	0.384615	-0.122501	-0.0661331	-1.16388
20	16	0.512821	0.410256	-0.210608	0.0414177	2.50804
20	17	0.512821	0.435897	-0.133179	-0.0432439	-3.43267
20	18	0.512821	0.461538	-0.202921	-0.0059416	4.02088
20	19	0.512821	0.487179	-0.175801	0.0227758	-3.68875
20	20	0.512821	0.512821	-0.155783	-0.0816357	2.66839
20	21	0.512821	0.538462	-0.22745	0.0960676	-0.624049
20	22	0.512821	0.564103	-0.106088	-0.134239	-1.91404
20	23	0.512821	0.589744	-0.240536	0.11623	4.84907
20	24	0.512821	0.615385	-0.0991719	-0.10425	-7.43634
20	25	0.512821	0.641026	-0.174364	0.0357301	9.19876
20	26	0.512821	0.666667	-0.13527	0.0288087	-9.45442
20	27	0.512821	0.692308	-0.0389602	-0.130159	7.88089
20	28	0.512821	0.717949	-0.148688	0.201434	-4.21101
20	29	0.512821	0.74359	0.080687	-0.275504	-1.10476
20	30	0.512821	0.769231	-0.0655502	0.276171	7.30178
20	31	0.512821	0.794872	0.0919096	-0.255155	-13.6657
20	32	0.512821	0.820513	0.128194	0.15109	18.0069
20	33	0.512821	0.846154	0.0635427	-0.0393865	-20.7192
20	34	0.512821	0.871795	0.394484	-0.111491	19.5648
20	35	0.512821	0.897436	0.216189	0.19184	-16.3221
20	36	0.512821	0.923077	0.649832	-0.276037	10.6773
20	37	0.512821	0.948718	0.599504	0.199808	-5.43757
20	38	0.512821	0.974359	0.866266	-0.150787	1.04301
20	39	0.512821	1	1	0	0
21	0	0.538462	0	0	0	0.0015904
21	1	0.538462	0.025641	-0.0166955	0.00343175	0.0015904
21	2	0.538462	0.0512821	-0.0250382	-0.00801685	-0.172439
21	3	0.538462	0.0769231	-0.050743	0.00495349	0.300741
21	4	0.538462	0.102564	-0.0462411	-0.00780233	-0.493779
21	5	0.538462	0.128205	-0.073435	-0.00553907	0.509203
21	6	0.538462	0.153846	-0.0773572	0.00158655	-0.471501
21	7	0.538462	0.179487	-0.079776	-0.0221347	0.188453
21	8	0.538462	0.205128	-0.116841	0.00946185	0.144214
21	9	0.538462	0.230769	-0.0820638	-0.0310319	-0.630434
21	10	0.538462	0.25641	-0.147379	0.00259246	1.01107
21	11	0.538462	0.282051	-0.100456	-0.0222241	-1.33288
21	12	0.538462	0.307692	-0.151733	-0.0227578	1.34476
21	13	0.538462	0.333333	-0.144103	0.000868467	-1.12086
21	14	0.538462	0.358974	-0.132105	-0.0545628	0.504092
21	15	0.538462	0.384615	-0.198641	0.0199924	0.316558
21	16	0.538462	0.410256	-0.113344	-0.0696768	-1.35621
21	17	0.538462	0.435897	-0.230715	0.0113857	2.29616
21	18	0.538462	0.461538	-0.124978	-0.0479457	-3.04049
21	19	0.538462	0.487179	-0.211624	-0.0362914	3.23304
21	20	0.538462	0.512821	-0.176751	0.0101196	-2.81219
21	21	0.538462	0.538462	-0.145253	-0.105037	1.5461
21	22	0.538462	0.564103	-0.243272	0.0707423	0.364694
21	23	0.538462	0.589744	-0.0729612	-0.145467	-2.88132
21	24	0.538462	0.615385	-0.268057	0.0744867	5.39151
21	25	0.538462	0.641026	-0.0434351	-0.100515	-7.58172
21	26	0.538462	0.666667	-0.196116	-0.0234583	8.5894
21	27	0.538462	0.692308	-0.0694508	0.0447168	-8.0846
21	28	0.538462	0.717949	-0.028232	-0.194226	5.50538
21	29	0.538462	0.74359	-0.111979	0.210778	-1.12119
21	30	0.538462	0.769231	0.151783	-0.309166	-4.90704
21	31	0.538462	0.794872	-0.100995	0.242273	10.9954
21	32	0.538462	0.820513	0.259625	-0.225406	-16.7397
21	33	0.538462	0.846154	0.0381348	0.0521152	19.7481
21	34	0.538462	0.871795	0.347515	0.0345322	-20.2311
21	35	0.538462	0.897436	0.327277	-0.226076	17.1272
21	36	0.538462	0.923077	0.538975	0.225151	-12.0399
21	37	0.538462	0.948718	0.672995	-0.280407	5.80536
21	38	0.538462	0.974359	0.837367	0.110798	-1.78245
21	39	0.538462	1	1	0	0
22	0	0.564103	0	0	0	-0.0824221
22	1	0.564103	0.025641	-0.0136539	-0.00195376	-0.0824221
22	2	0.564103	0.0512821	-0.0340001	0.00134948	-0.0376439
22	3	0.564103	0.0769231	-0.0328365	-0.00740953	-0.210569
22	4	0.564103	0.102564	-0.0649518	-8.59435e-05	0.151212
22	5	0.564103	0.128205	-0.0558686	-0.00994904	-0.41798
22	6	0.564103	0.153846	-0.0798256	-0.00881902	0.301728
22	7	0.564103	0.179487	-0.0919509	-0.00726296	-0.438895
22	8	0.564103	0.205128	-0.0802019	-0.0229436	0.136205
22	9	0.564103	0.230769	-0.132157	-0.00437486	-0.067221
22	10	0.564103	0.25641	-0.0838486	-0.0342254	-0.403516
22	11	0.564103	0.282051	-0.155734	-0.0105721	0.555685
22	12	0.564103	0.307692	-0.110061	-0.0337924	-0.965875
22	13	0.564103	0.333333	-0.149665	-0.0311297	0.900774
22	14	0.564103	0.358974	-0.161641	-0.0207591	-0.938082
22	15	0.564103	0.384615	-0.123842	-0.0595221	0.399933
22	16	0.564103	0.410256	-0.216661	-0.0077541	0.0522289
22	17	0.564103	0.435897	-0.106985	-0.0772148	-0.970436
22	18	0.564103	0.461538	-0.238409	-0.0156916	1.58028
22	19	0.564103	0.487179	-0.127482	-0.0642323	-2.31318
22	20	0.564103	0.512821	-0.20186	-0.0565918	2.3409
22	21	0.564103	0.538462	-0.191718	-0.0180636	-2.12619
22	22	0.564103	0.564103	-0.11751	-0.115082	0.929805
22	23	0.564103	0.589744	-0.267685	0.0302893	0.528469
22	24	0.564103	0.615385	-0.0308325	-0.145144	-2.71583
22	25	0.564103	0.641026	-0.287035	0.0245047	4.5669
22	26	0.564103	0.666667	0.00389762	-0.0945778	-6.23598
22	27	0.564103	0.692308	-0.183834	-0.0711827	6.51257
22	28	0.564103	0.717949	-0.0420785	0.0421139	-5.61938
22	29	0.564103	0.74359	0.0392541	-0.211446	2.64141
22	30	0.564103	0.769231	-0.140681	0.173191	1.37163
22	31	0.564103	0.794872	0.287516	-0.265676	-6.68689
22	32	0.564103	0.820513	-0.182828	0.150555	11.2464
22	33	0.564103	0.846154	0.468189	-0.135439	-14.8172
22	34	0.564103	0.871795	-0.0209928	-0.060501	15.6725
22	35	0.564103	0.897436	0.595492	0.0926623	-14.0307
22	36	0.564103	0.923077	0.36858	-0.252624	9.81252
22	37	0.564103	0.948718	0.747486	0.164929	-5.35664
22	38	0.564103	0.974359	0.811888	-0.162199	0.974183
22	39	0.564103	1	1	0	0
23	0	0.589744	0	0	0	-0.157181
23	1	0.589744	0.025641	-0.0156124	-0.00229094	-0.157181
23	2	0.589744	0.0512821	-0.0232515	-0.001132	-0.0829513
23	3	0.589744	0.0769231	-0.0487369	-0.00263675	-0.215014
23	4	0.589744	0.102564	-0.0412622	-0.010058	-0.126557
23	5	0.589744	0.128205	-0.0732409	-0.00226767	-0.0461907
23	6	0.589744	0.153846	-0.0678004	-0.0188524	-0.409838
23	7	0.589744	0.179487	-0.0817076	-0.00935812	0.277655
23	8	0.589744	0.205128	-0.105135	-0.0201683	-0.672435
23	9	0.589744	0.230769	-0.0818112	-0.0267096	0.367388
23	10	0.589744	0.25641	-0.139936	-0.0160488	-0.504147
23	11	0.589744	0.282051	-0.0915593	-0.0464472	-0.0795467
23	12	0.589744	0.307692	-0.154185	-0.0180092	0.175141
23	13	0.589744	0.333333	-0.124606	-0.0551809	-0.854367
23	14	0.589744	0.358974	-0.142339	-0.0366078	0.862529
23	15	0.589744	0.384615	-0.176812	-0.0468684	-1.24643
23	16	0.589744	0.410256	-0.118838	-0.0690353	0.790258
23	17	0.589744	0.435897	-0.222915	-0.0323284	-0.619473
23	18	0.589744	0.461538	-0.110519	-0.0962055	-0.343147
23	19	0.589744	0.487179	-0.229514	-0.0340998	0.846301
23	20	0.589744	0.512821	-0.140968	-0.0945801	-1.82714
23	21	0.589744	0.538462	-0.179064	-0.0670744	1.95462
23	22	0.589744	0.564103	-0.211139	-0.0582109	-2.19244
23	23	0.589744	0.589744	-0.0871837	-0.118946	1.27406
23	24	0.589744	0.615385	-0.281096	-0.0150255	-0.402904
23	25	0.589744	0.641026	-0.00086461	-0.147856	-1.427
23	26	0.589744	0.666667	-0.273896	-0.0148976	2.71997
23	27	0.589744	0.692308	0.0203706	-0.107796	-4.21744
23	28	0.589744	0.717949	-0.124736	-0.082637	4.29227
23	29	0.589744	0.74359	-0.0606035	0.000170935	-3.89648
23	30	0.589744	0.769231	0.146459	-0.170193	1.59324
23	31	0.589744	0.794872	-0.196818	0.0888505	0.864379
23	32	0.589744	0.820513	0.429445	-0.178447	-4.36026
23	33	0.589744	0.846154	-0.216229	0.0462062	6.67538
23	34	0.589744	0.871795	0.626287	-0.0650023	-8.28301
23	35	0.589744	0.897436	0.0546535	-0.104788	7.58895
23	36	0.589744	0.923077	0.73523	0.0664491	-6.01834
23	37	0.589744	0.948718	0.550508	-0.162737	2.75756
23	38	0.589744	0.974359	0.87116	0.0341814	-1.15972
23	39	0.589744	1	1	0	0
24	0	0.615385	0	0	0	-0.170834
24	1	0.615385	0.025641	-0.0128426	0.00257885	-0.170834
24	2	0.615385	0.0512821	-0.0296978	-0.00669222	-0.347494
24	3	0.615385	0.0769231	-0.0320374	-0.00272546	0.0289642
24	4	0.615385	0.102564	-0.0581406	-0.00439587	-0.448045
24	5	0.615385	0.128205	-0.0513316	-0.018686	-0.0863665
24	6	0.615385	0.153846	-0.0767193	-0.00189866	-0.0951594
24	7	0.615385	0.179487	-0.0786798	-0.0315556	-0.628246
24	8	0.615385	0.205128	-0.0837836	-0.0123948	0.499479
24	9	0.615385	0.230769	-0.111777	-0.0311414	-1.102
24	10	0.615385	0.25641	-0.0882462	-0.0385981	0.679363
24	11	0.615385	0.282051	-0.138626	-0.0225122	-0.864841
24	12	0.615385	0.307692	-0.103425	-0.0674204	0.0061818
24	13	0.615385	0.333333	-0.147602	-0.0231086	0.165473
24	14	0.615385	0.358974	-0.136793	-0.0800474	-1.18164
24	15	0.615385	0.384615	-0.138067	-0.0468801	1.25183
24	16	0.615385	0.410256	-0.181284	-0.0693626	-1.88528
24	17	0.615385	0.435897	-0.122773	-0.089499	1.34775
24	18	0.615385	0.461538	-0.214463	-0.0491782	-1.24355
24	19	0.615385	0.487179	-0.122701	-0.127518	0.0115927
24	20	0.615385	0.512821	-0.210217	-0.0455286	0.605326
24	21	0.615385	0.538462	-0.156029	-0.133759	-2.01081
24	22	0.615385	0.564103	-0.156972	-0.075518	2.3659
24	23	0.615385	0.589744	-0.218751	-0.100154	-3.10257
24	24	0.615385	0.615385	-0.0706448	-0.129264	2.42242
24	25	0.615385	0.641026	-0.266037	-0.0507666	-1.97814
24	26	0.615385	0.666667	0.00381309	-0.169055	0.2009
24	27	0.615385	0.692308	-0.222474	-0.0281626	0.997805
24	28	0.615385	0.717949	0.00621957	-0.152534	-2.97514
24	29	0.615385	0.74359	-0.0397114	-0.05487	3.63521
24	30	0.615385	0.769231	-0.0915477	-0.0765314	-4.57912
24	31	0.615385	0.794872	0.241231	-0.103486	3.6824
24	32	0.615385	0.820513	-0.200421	-0.00397895	-3.22724
24	33	0.615385	0.846154	0.512173	-0.117897	1.29332
24	34	0.615385	0.871795	-0.111912	-0.00557253	-0.563759
24	35	0.615385	0.897436	0.689168	-0.073716	-0.853434
24	36	0.615385	0.923077	0.282341	-0.0541651	0.432036
24	37	0.615385	0.948718	0.793259	-0.0246092	-0.848947
24	38	0.615385	0.974359	0.791129	-0.0592516	-0.299772
24	39	0.615385	1	1	0	0
25	0	0.641026	0	0	0	-0.300129
25	1	0.641026	0.025641	-0.0130667	-0.00601175	-0.300129
25	2	0.641026	0.0512821	-0.023156	0.00369682	-0.0736545
25	3	0.641026	0.0769231	-0.0392428	-0.00931717	-0.60769
25	4	0.641026	0.102564	-0.0415783	-0.00979669	0.121793
25	5	0.641026	0.128205	-0.0626578	-0.00353741	-0.562774
25	6	0.641026	0.153846	-0.0605456	-0.0310474	-0.24299
25	7	0.641026	0.179487	-0.079419	-0.00344748	0.0776541
25	8	0.641026	0.205128	-0.0840267	-0.0425121	-1.02804
25	9	0.641026	0.230769	-0.0895017	-0.0227446	0.798283
25	10	0.641026	0.25641	-0.110314	-0.0370794	-1.46277
25	11	0.641026	0.282051	-0.0980587	-0.058426	0.771637
25	12	0.641026	0.307692	-0.132484	-0.0267252	-0.882902
25	13	0.641026	0.333333	-0.112979	-0.0910946	-0.309252
25	14	0.641026	0.358974	-0.14352	-0.0328832	0.537278
25	15	0.641026	0.384615	-0.139432	-0.100755	-1.78863
25	16	0.641026	0.410256	-0.141659	-0.0674411	1.75778
25	17	0.641026	0.435897	-0.172944	-0.0844702	-2.43392
25	18	0.641026	0.461538	-0.133585	-0.12063	1.61376
25	19	0.641026	0.487179	-0.197467	-0.0608124	-1.38955
25	20	0.641026	0.512821	-0.134564	-0.164828	-0.235252
25	21	0.641026	0.538462	-0.192906	-0.0576191	1.0316
25	22	0.641026	0.564103	-0.159506	-0.171733	-2.84016
25	23	0.641026	0.589744	-0.148344	-0.0921848	3.32859
25	24	0.641026	0.615385	-0.202477	-0.132431	-4.36412
25	25	0.641026	0.641026	-0.0747749	-0.15613	3.64967
25	26	0.641026	0.666667	-0.22098	-0.0671967	-3.22774
25	27	0.641026	0.692308	-0.0113198	-0.21371	1.04261
25	28	0.641026	0.717949	-0.15341	-0.0164731	0.627038
25	29	0.641026	0.74359	-0.010311	-0.218996	-3.60642
25	30	0.641026	0.769231	0.0268278	-0.0153732	5.28452
25	31	0.641026	0.794872	-0.0754784	-0.152651	-7.71704
25	32	0.641026	0.820513	0.276269	-0.0664466	7.92687
25	33	0.641026	0.846154	-0.0862493	-0.0508447	-8.66932
25	34	0.641026	0.871795	0.51489	-0.129548	6.92644
25	35	0.641026	0.897436	0.131451	0.0204012	-6.03792
25	36	0.641026	0.923077	0.68791	-0.142965	3.27899
25	37	0.641026	0.948718	0.568141	0.022376	-2.18938
25	38	0.641026	0.974359	0.861116	-0.0886053	0.0284721
25	39	0.641026	1	1	0	0
26	0	0.666667	0	0	0	-0.286793
26	1	0.666667	0.025641	-0.0118155	0.00393289	-0.286793
26	2	0.666667	0.0512821	-0.0224353	-0.0102369	-0.530338
26	3	0.666667	0.0769231	-0.0332079	-0.000416642	0.039839
26	4	0.666667	0.102564	-0.0440549	-0.0090503	-0.785784
26	5	0.666667	0.128205	-0.0502393	-0.0208324	0.0478019
26	6	0.666667	0.153846	-0.0656266	-0.0037738	-0.473873
26	7	0.666667	0.179487	-0.0650646	-0.0420532	-0.577488
26	8	0.666667	0.205128	-0.0846267	-0.0114555	0.337469
26	9	0.666667	0.230769	-0.0822619	-0.0485012	-1.38055
26	10	0.666667	0.25641	-0.0978519	-0.0404702	0.905147
26	11	0.666667	0.282051	-0.104317	-0.0404557	-1.51165
26	12	0.666667	0.307692	-0.105596	-0.0805851	0.493473
26	13	0.666667	0.333333	-0.128219	-0.0351146	-0.549483
26	14	0.666667	0.358974	-0.114001	-0.110269	-0.877377
26	15	0.666667	0.384615	-0.146185	-0.0522124	1.00071
26	16	0.666667	0.410256	-0.130998	-0.114059	-2.28868
26	17	0.666667	0.435897	-0.150782	-0.0973611	1.96834
26	18	0.666667	0.461538	-0.157567	-0.0951967	-2.52338
26	19	0.666667	0.487179	-0.142891	-0.155639	1.32981
26	20	0.666667	0.512821	-0.182775	-0.0745922	-0.96197
26	21	0.666667	0.538462	-0.135469	-0.198568	-0.990971
26	22	0.666667	0.564103	-0.187579	-0.0786266	1.83211
26	23	0.666667	0.589744	-0.143614	-0.199464	-3.82462
26	24	0.666667	0.615385	-0.156189	-0.123114	4.18933
26	25	0.666667	0.641026	-0.164074	-0.149406	-5.17623
26	26	0.666667	0.666667	-0.091198	-0.199496	4.09307
26	27	0.666667	0.692308	-0.164631	-0.0676139	-3.29736
26	28	0.666667	0.717949	-0.0226082	-0.269099	0.407025
26	29	0.666667	0.74359	-0.102524	-0.0010534	1.94253
26	30	0.666667	0.769231	0.0114485	-0.275299	-5.8667
26	31	0.666667	0.794872	0.0405765	-0.00358249	8.19846
26	32	0.666667	0.820513	0.027535	-0.183569	-11.2648
26	33	0.666667	0.846154	0.247247	-0.0899696	11.4762
26	34	0.666667	0.871795	0.133607	-0.0299912	-11.7925
26	35	0.666667	0.897436	0.477927	-0.192278	9.02739
26	36	0.666667	0.923077	0.418679	0.0743831	-6.81998
26	37	0.666667	0.948718	0.707899	-0.184804	2.86226
26	38	0.666667	0.974359	0.809671	0.0227192	-1.32225
26	39	0.666667	1	1	0	0
27	0	0.692308	0	0	0	-0.41801
27	1	0.692308	0.025641	-0.00994846	-0.00581439	-0.41801
27	2	0.692308	0.0512821	-0.022423	0.003409	-0.215927
27	3	0.692308	0.0769231	-0.0272944	-0.011399	-0.726026
27	4	0.692308	0.102564	-0.0422168	-0.00892385	0.0264663
27	5	0.692308	0.128205	-0.046791	-0.00884354	-0.78374
27	6	0.692308	0.153846	-0.0548098	-0.0312359	-0.201302
27	7	0.692308	0.179487	-0.0701428	-0.00941655	-0.280735
27	8	0.692308	0.205128	-0.0633076	-0.0483261	-0.897791
27	9	0.692308	0.230769	-0.0918111	-0.0263617	0.445389
27	10	0.692308	0.25641	-0.076298	-0.0514287	-1.46163
27	11	0.692308	0.282051	-0.103981	-0.0605472	0.675213
27	12	0.692308	0.307692	-0.0996556	-0.0471621	-1.23299
27	13	0.692308	0.333333	-0.105417	-0.0983056	-0.0248229
27	14	0.692308	0.358974	-0.129645	-0.0522077	-0.128601
27	15	0.692308	0.384615	-0.105357	-0.121997	-1.34515
27	16	0.692308	0.410256	-0.153348	-0.0799464	1.18275
27	17	0.692308	0.435897	-0.116765	-0.123202	-2.35741
27	18	0.692308	0.461538	-0.157723	-0.129861	1.67254
27	19	0.692308	0.487179	-0.144484	-0.108653	-2.10539
27	20	0.692308	0.512821	-0.141905	-0.185686	0.624575
27	21	0.692308	0.538462	-0.178231	-0.0973446	-0.269827
27	22	0.692308	0.564103	-0.120665	-0.221801	-1.78966
27	23	0.692308	0.589744	-0.194982	-0.111889	2.42899
27	24	0.692308	0.615385	-0.112213	-0.214527	-4.31108
27	25	0.692308	0.641026	-0.171055	-0.1655	4.29627
27	26	0.692308	0.666667	-0.119818	-0.155987	-4.96333
27	27	0.692308	0.692308	-0.100086	-0.246522	3.35052
27	28	0.692308	0.717949	-0.124498	-0.0685755	-2.11816
27	29	0.692308	0.74359	-0.00315745	-0.30903	-1.32303
27	30	0.692308	0.769231	-0.0938467	-0.00926253	3.94765
27	31	0.692308	0.794872	0.0914826	-0.288262	-8.04008
27	32	0.692308	0.820513	0.00659333	-0.0391243	10.0818
27	33	0.692308	0.846154	0.197266	-0.155025	-12.4188
27	34	0.692308	0.871795	0.201796	-0.153221	11.6215
27	35	0.692308	0.897436	0.37458	0.0202972	-10.5362
27	36	0.692308	0.923077	0.482217	-0.231563	6.72633
27	37	0.692308	0.948718	0.652776	0.0809888	-4.00424
27	38	0.692308	0.974359	0.816257	-0.142485	0.454153
27	39	0.692308	1	1	0	0
28	0	0.717949	0	0	0	-0.430267
28	1	0.717949	0.025641	-0.0100618	0.0018299	-0.430267
28	2	0.717949	0.0512821	-0.0154173	-0.00812812	-0.576157
28	3	0.717949	0.0769231	-0.0318784	-0.00197745	-0.218889
28	4	0.717949	0.102564	-0.0296791	-0.0115784	-0.778122
28	5	0.717949	0.128205	-0.0475865	-0.0177795	-0.149202
28	6	0.717949	0.153846	-0.0503248	-0.0127519	-0.664168
28	7	0.717949	0.179487	-0.0537191	-0.0374731	-0.471643
28	8	0.717949	0.205128	-0.0761278	-0.0213547	-0.191466
28	9	0.717949	0.230769	-0.0575951	-0.0511063	-0.997532
28	10	0.717949	0.25641	-0.0969093	-0.0438395	0.258954
28	11	0.717949	0.282051	-0.0712172	-0.0566087	-1.24264
28	12	0.717949	0.307692	-0.103094	-0.0766406	0.214518
28	13	0.717949	0.333333	-0.0997653	-0.0615243	-0.859772
28	14	0.717949	0.358974	-0.0966149	-0.108718	-0.464826
28	15	0.717949	0.384615	-0.13478	-0.076926	0.0409439
28	16	0.717949	0.410256	-0.0918339	-0.129455	-1.42061
28	17	0.717949	0.435897	-0.158044	-0.109581	0.902394
28	18	0.717949	0.461538	-0.104748	-0.134999	-1.97001
28	19	0.717949	0.487179	-0.155018	-0.156838	1.01247
28	20	0.717949	0.512821	-0.139864	-0.130673	-1.48427
28	21	0.717949	0.538462	-0.127777	-0.205459	-0.0702449
28	22	0.717949	0.564103	-0.183324	-0.130658	0.18026
28	23	0.717949	0.589744	-0.0951146	-0.23445	-2.09827
28	24	0.717949	0.615385	-0.205771	-0.153206	2.33465
28	25	0.717949	0.641026	-0.079181	-0.223065	-3.92426
28	26	0.717949	0.666667	-0.176415	-0.207843	3.45208
28	27	0.717949	0.692308	-0.0900943	-0.165618	-3.81839
28	28	0.717949	0.717949	-0.0835792	-0.277592	1.86196
28	29	0.717949	0.74359	-0.116442	-0.089081	-0.580531
28	30	0.717949	0.769231	0.0542772	-0.311795	-2.77578
28	31	0.717949	0.794872	-0.118193	-0.0530966	4.88811
28	32	0.717949	0.820513	0.206552	-0.253015	-8.11404
28	33	0.717949	0.846154	-0.0270317	-0.103752	9.03448
28	34	0.717949	0.871795	0.36648	-0.100875	-9.92843
28	35	0.717949	0.897436	0.214749	-0.196142	8.00894
28	36	0.717949	0.923077	0.558565	0.0377459	-6.2134
28	37	0.717949	0.948718	0.58683	-0.189202	2.60548
28	38	0.717949	0.974359	0.824865	0.0138862	-1.2344
28	39	0.717949	1	1	0	0
29	0	0.74359	0	0	0	-0.522079
29	1	0.74359	0.025641	-0.007144	-0.00276048	-0.522079
29	2	0.74359	0.0512821	-0.0191787	-0.0007812	-0.465144
29	3	0.74359	0.0769231	-0.0179722	-0.00879985	-0.63774
29	4	0.74359	0.102564	-0.038163	-0.00870233	-0.356937
29	5	0.74359	0.128205	-0.0322457	-0.0144869	-0.712404
29	6	0.74359	0.153846	-0.0477649	-0.0233447	-0.373002
29	7	0.74359	0.179487	-0.0549761	-0.0221087	-0.60197
29	8	0.74359	0.205128	-0.0487541	-0.0400509	-0.576524
29	9	0.74359	0.230769	-0.0802848	-0.0360414	-0.346217
29	10	0.74359	0.25641	-0.0523177	-0.0550202	-0.832639
29	11	0.74359	0.282051	-0.0956932	-0.05802	-0.143913
29	12	0.74359	0.307692	-0.0701323	-0.0681929	-0.920973
29	13	0.74359	0.333333	-0.0943582	-0.0857979	-0.195391
29	14	0.74359	0.358974	-0.103007	-0.0827043	-0.698255
29	15	0.74359	0.384615	-0.0834968	-0.114633	-0.560074
29	16	0.74359	0.410256	-0.137467	-0.10317	-0.204024
29	17	0.74359	0.435897	-0.0803931	-0.139018	-1.08607
29	18	0.74359	0.461538	-0.153795	-0.133606	0.299448
29	19	0.74359	0.487179	-0.0998604	-0.154534	-1.41309
29	20	0.74359	0.512821	-0.140862	-0.174013	0.382695
29	21	0.74359	0.538462	-0.142553	-0.16166	-1.10467
29	22	0.74359	0.564103	-0.105808	-0.21626	-0.313734
29	23	0.74359	0.589744	-0.189485	-0.169507	0.0213407
29	24	0.74359	0.615385	-0.070544	-0.243223	-1.67839
29	25	0.74359	0.641026	-0.206377	-0.192485	1.49029
29	26	0.74359	0.666667	-0.0592988	-0.236151	-2.84906
29	27	0.74359	0.692308	-0.160174	-0.23608	2.11297
29	28	0.74359	0.717949	-0.0845917	-0.191251	-2.5097
29	29	0.74359	0.74359	-0.0412659	-0.280111	0.705683
29	30	0.74359	0.769231	-0.130414	-0.135537	0.0234966
29	31	0.74359	0.794872	0.126886	-0.279873	-2.56297
29	32	0.74359	0.820513	-0.133754	-0.116864	3.55229
29	33	0.74359	0.846154	0.30668	-0.200891	-5.44985
29	34	0.74359	0.871795	0.00296795	-0.151104	5.17669
29	35	0.74359	0.897436	0.480664	-0.0717791	-5.20812
29	36	0.74359	0.923077	0.331368	-0.171752	3.11242
29	37	0.74359	0.948718	0.681382	0.00287845	-2.11269
29	38	0.74359	0.974359	0.775869	-0.103204	-0.0618568
29	39	0.74359	1	1	0	0
30	0	0.769231	0	0	0	-0.584164
30	1	0.769231	0.025641	-0.0075315	-0.00152869	-0.584164
30	2	0.769231	0.0512821	-0.0107224	-0.00309818	-0.571376
30	3	0.769231	0.0769231	-0.0257851	-0.00556254	-0.597694
30	4	0.769231	0.102564	-0.020099	-0.0109774	-0.595524
30	5	0.769231	0.128205	-0.0397479	-0.0131353	-0.555251
30	6	0.769231	0.153846	-0.0356661	-0.0218107	-0.668283
30	7	0.769231	0.179487	-0.0440396	-0.0254007	-0.481397
30	8	0.769231	0.205128	-0.0581738	-0.0341847	-0.732146
30	9	0.769231	0.230769	-0.0436964	-0.042799	-0.457863
30	10	0.769231	0.25641	-0.0789279	-0.0481381	-0.696018
30	11	0.769231	0.282051	-0.0503357	-0.0639906	-0.562409
30	12	0.769231	0.307692	-0.0873187	-0.0658038	-0.520835
30	13	0.769231	0.333333	-0.0717732	-0.0856705	-0.769875
30	14	0.769231	0.358974	-0.0815869	-0.0902428	-0.310927
30	15	0.769231	0.384615	-0.104053	-0.105097	-0.900978
30	16	0.769231	0.410256	-0.0722118	-0.121816	-0.290231
30	17	0.769231	0.435897	-0.132055	-0.123883	-0.736821
30	18	0.769231	0.461538	-0.0750805	-0.155157	-0.602434
30	19	0.769231	0.487179	-0.139319	-0.148245	-0.269348
30	20	0.769231	0.512821	-0.100674	-0.181422	-1.07941
30	21	0.769231	0.538462	-0.120391	-0.183209	0.155827
30	22	0.769231	0.564103	-0.145022	-0.196028	-1.25122
30	23	0.769231	0.589744	-0.0858954	-0.224664	0.0449569
30	24	0.769231	0.615385	-0.185788	-0.204738	-0.721587
30	25	0.769231	0.641026	-0.0576003	-0.257089	-0.759783
30	26	0.769231	0.666667	-0.188538	-0.219403	0.342586
30	27	0.769231	0.692308	-0.0578318	-0.262106	-1.74191
30	28	0.769231	0.717949	-0.125041	-0.24346	1.12842
30	29	0.769231	0.74359	-0.0938568	-0.234793	-1.97757
30	30	0.769231	0.769231	0.00641911	-0.260224	0.82019
30	31	0.769231	0.794872	-0.134068	-0.193703	-1.0193
30	32	0.769231	0.820513	0.178406	-0.240579	-0.442294
30	33	0.769231	0.846154	-0.0931631	-0.164816	0.367986
30	34	0.769231	0.871795	0.357887	-0.171473	-1.41444
30	35	0.769231	0.897436	0.125692	-0.144051	0.766855
30	36	0.769231	0.923077	0.543438	-0.0846047	-1.11677
30	37	0.769231	0.948718	0.528487	-0.0961824	-0.00786876
30	38	0.769231	0.974359	0.805979	-0.0477164	-0.474774
30	39	0.769231	1	1	0	0
31	0	0.794872	0	0	0	-0.632155
31	1	0.794872	0.025641	-0.00507974	0.000487383	-0.632155
31	2	0.794872	0.0512821	-0.0135705	-0.00505141	-0.715375
31	3	0.794872	0.0769231	-0.0132057	-0.00421342	-0.536725
31	4	0.794872	0.102564	-0.0283673	-0.00892385	-0.790074
31	5	0.794872	0.128205	-0.0227884	-0.016554	-0.553075
31	6	0.794872	0.153846	-0.0374435	-0.014422	-0.676534
31	7	0.794872	0.179487	-0.0380445	-0.0316199	-0.771319
31	8	0.794872	0.205128	-0.0396209	-0.0269262	-0.406482
31	9	0.794872	0.230769	-0.056771	-0.0442573	-1.03253
31	10	0.794872	0.25641	-0.041211	-0.0493246	-0.237131
31	11	0.794872	0.282051	-0.0711778	-0.0544338	-1.03886
31	12	0.794872	0.307692	-0.0507607	-0.0778666	-0.425788
31	13	0.794872	0.333333	-0.0750683	-0.0687241	-0.651038
31	14	0.794872	0.358974	-0.0716272	-0.104029	-0.934379
31	15	0.794872	0.384615	-0.0702532	-0.0950108	-0.10417
31	16	0.794872	0.410256	-0.0980207	-0.122059	-1.36136
31	17	0.794872	0.435897	-0.0662431	-0.134229	0.114444
31	18	0.794872	0.461538	-0.117535	-0.13545	-1.23902
31	19	0.794872	0.487179	-0.0744247	-0.177049	-0.318426
31	20	0.794872	0.512821	-0.119313	-0.15526	-0.481793
31	21	0.794872	0.538462	-0.100709	-0.209782	-1.20111
31	22	0.794872	0.564103	-0.101995	-0.190392	0.431672
31	23	0.794872	0.589744	-0.138614	-0.225187	-1.85793
31	24	0.794872	0.615385	-0.07581	-0.237745	0.763923
31	25	0.794872	0.641026	-0.166656	-0.228221	-1.63091
31	26	0.794872	0.666667	-0.0585659	-0.280885	0.0972314
31	27	0.794872	0.692308	-0.156132	-0.230335	-0.433258
31	28	0.794872	0.717949	-0.0662055	-0.299448	-1.29482
31	29	0.794872	0.74359	-0.0882386	-0.236866	1.13049
31	30	0.794872	0.769231	-0.0944977	-0.282863	-2.62055
31	31	0.794872	0.794872	0.0332732	-0.239734	2.22194
31	32	0.794872	0.820513	-0.0958251	-0.235837	-3.16457
31	33	0.794872	0.846154	0.189387	-0.22275	2.37901
31	34	0.794872	0.871795	0.0177535	-0.168595	-2.75375
31	35	0.794872	0.897436	0.370821	-0.175023	1.6761
31	36	0.794872	0.923077	0.311768	-0.0911087	-1.69514
31	37	0.794872	0.948718	0.611832	-0.103801	0.489255
31	38	0.794872	0.974359	0.752931	-0.0421152	-0.652874
31	39	0.794872	1	1	0	0
32	0	0.820513	0	0	0	-0.729836
32	1	0.820513	0.025641	-0.004799	-0.00348848	-0.729836
32	2	0.820513	0.0512821	-0.00840176	0.00105193	-0.617736
32	3	0.820513	0.0769231	-0.0165151	-0.00784536	-0.901173
32	4	0.820513	0.102564	-0.0158714	-0.00792479	-0.489581
32	5	0.820513	0.128205	-0.0272842	-0.00953813	-0.932178
32	6	0.820513	0.153846	-0.0247581	-0.0243157	-0.6226
32	7	0.820513	0.179487	-0.0338924	-0.0147146	-0.648292
32	8	0.820513	0.205128	-0.0367676	-0.0398837	-1.02181
32	9	0.820513	0.230769	-0.0369915	-0.0311358	-0.234629
32	10	0.820513	0.25641	-0.0498848	-0.0491091	-1.34102
32	11	0.820513	0.282051	-0.0407912	-0.0598279	-0.117957
32	12	0.820513	0.307692	-0.0597841	-0.0557789	-1.17788
32	13	0.820513	0.333333	-0.0498555	-0.0923262	-0.560457
32	14	0.820513	0.358974	-0.0637929	-0.0710344	-0.497421
32	15	0.820513	0.384615	-0.0655471	-0.117087	-1.33172
32	16	0.820513	0.410256	-0.0634782	-0.103633	0.228276
32	17	0.820513	0.435897	-0.084105	-0.129985	-1.80023
32	18	0.820513	0.461538	-0.0642377	-0.150924	0.344932
32	19	0.820513	0.487179	-0.0980824	-0.139261	-1.42721
32	20	0.820513	0.512821	-0.0728872	-0.198852	-0.433536
32	21	0.820513	0.538462	-0.100931	-0.159801	-0.263896
32	22	0.820513	0.564103	-0.0931432	-0.231479	-1.70103
32	23	0.820513	0.589744	-0.0915336	-0.201054	0.978633
32	24	0.820513	0.615385	-0.119668	-0.242263	-2.54968
32	25	0.820513	0.641026	-0.0760204	-0.257903	1.36647
32	26	0.820513	0.666667	-0.136234	-0.237788	-2.16555
32	27	0.820513	0.692308	-0.065665	-0.31097	0.37273
32	28	0.820513	0.717949	-0.123126	-0.231408	-0.40759
32	29	0.820513	0.74359	-0.0677121	-0.335755	-1.72458
32	30	0.820513	0.769231	-0.0686551	-0.232491	2.02492
32	31	0.820513	0.794872	-0.067118	-0.314187	-3.90944
32	32	0.820513	0.820513	0.0289085	-0.238268	3.9162
32	33	0.820513	0.846154	-0.0122067	-0.241617	-4.91391
32	34	0.820513	0.871795	0.174448	-0.230712	4.14252
32	35	0.820513	0.897436	0.16771	-0.132609	-3.95768
32	36	0.820513	0.923077	0.39499	-0.181911	2.42155
32	37	0.820513	0.948718	0.511726	-0.0364109	-1.63568
32	38	0.820513	0.974359	0.751448	-0.0877544	0.100621
32	39	0.820513	1	1	0	0
33	0	0.846154	0	0	0	-0.760274
33	1	0.846154	0.025641	-0.00375245	0.00193252	-0.760274
33	2	0.846154	0.0512821	-0.00769574	-0.00614456	-0.887296
33	3	0.846154	0.0769231	-0.0115289	-0.000541391	-0.578932
33	4	0.846154	0.102564	-0.0163043	-0.00819641	-1.05798
33	5	0.846154	0.128205	-0.0179584	-0.0136086	-0.526416
33	6	0.846154	0.153846	-0.0246108	-0.00882254	-0.951793
33	7	0.846154	0.179487	-0.0239022	-0.0309662	-0.821469
33	8	0.846154	0.205128	-0.0313648	-0.0167858	-0.526173
33	9	0.846154	0.230769	-0.0309997	-0.043515	-1.29548
33	10	0.846154	0.25641	-0.0360011	-0.0385327	-0.133988
33	11	0.846154	0.282051	-0.0397776	-0.0489893	-1.4862
33	12	0.846154	0.307692	-0.0394228	-0.0707466	-0.228848
33	13	0.846154	0.333333	-0.0489975	-0.0556375	-1.0676
33	14	0.846154	0.358974	-0.0441604	-0.101761	-0.908276
33	15	0.846154	0.384615	-0.0563473	-0.0758752	-0.221413
33	16	0.846154	0.410256	-0.0529371	-0.121255	-1.72325
33	17	0.846154	0.435897	-0.0601276	-0.115268	0.415958
33	18	0.846154	0.461538	-0.0660065	-0.129774	-1.96722
33	19	0.846154	0.487179	-0.061465	-0.166418	0.223846
33	20	0.846154	0.512821	-0.0798516	-0.139604	-1.23784
33	21	0.846154	0.538462	-0.065055	-0.212956	-0.87721
33	22	0.846154	0.564103	-0.0888022	-0.166111	0.177218
33	23	0.846154	0.589744	-0.0756845	-0.240427	-2.25366
33	24	0.846154	0.615385	-0.0885524	-0.216015	1.39454
33	25	0.846154	0.641026	-0.0922376	-0.245679	-2.89061
33	26	0.846154	0.666667	-0.0795278	-0.280358	1.45456
33	27	0.846154	0.692308	-0.10563	-0.238324	-2.02823
33	28	0.846154	0.717949	-0.0666195	-0.336067	-0.0482499
33	29	0.846154	0.74359	-0.103087	-0.234011	0.28266
33	30	0.846154	0.769231	-0.0507509	-0.354919	-2.57382
33	31	0.846154	0.794872	-0.0714929	-0.242828	3.03104
33	32	0.846154	0.820513	-0.013926	-0.315497	-4.73452
33	33	0.846154	0.846154	0.00848562	-0.256157	4.64575
33	34	0.846154	0.871795	0.0880895	-0.215247	-5.00572
33	35	0.846154	0.897436	0.174039	-0.239173	3.93565
33	36	0.846154	0.923077	0.314402	-0.0872157	-2.98518
33	37	0.846154	0.948718	0.485278	-0.150276	1.4012
33	38	0.846154	0.974359	0.719014	-0.0169118	-0.601196
33	39	0.846154	1	1	0	0
34	0	0.871795	0	0	0	-0.860172
34	1	0.871795	0.025641	-0.00281556	-0.00292917	-0.860172
34	2	0.871795	0.0512821	-0.00725192	0.00242982	-0.754967
34	3	0.871795	0.0769231	-0.0081826	-0.00664927	-1.03749
34	4	0.871795	0.102564	-0.0140777	-0.00400548	-0.596944
34	5	0.871795	0.128205	-0.0144568	-0.00693471	-1.11761
34	6	0.871795	0.153846	-0.0178053	-0.0187011	-0.6762
34	7	0.871795	0.179487	-0.0223593	-0.00909577	-0.879143
34	8	0.871795	0.205128	-0.0194704	-0.0336851	-1.05975
34	9	0.871795	0.230769	-0.030015	-0.021365	-0.443806
34	10	0.871795	0.25641	-0.0225921	-0.0422875	-1.4477
34	11	0.871795	0.282051	-0.0343032	-0.0463268	-0.220991
34	12	0.871795	0.307692	-0.0301383	-0.0465973	-1.41692
34	13	0.871795	0.333333	-0.0342689	-0.077157	-0.534306
34	14	0.871795	0.358974	-0.0414458	-0.0567517	-0.834639
34	15	0.871795	0.384615	-0.0332893	-0.102682	-1.27172
34	16	0.871795	0.410256	-0.0518722	-0.0826134	-0.0542606
34	17	0.871795	0.435897	-0.0371241	-0.116933	-1.8904
34	18	0.871795	0.461538	-0.0561781	-0.125016	0.300332
34	19	0.871795	0.487179	-0.0491049	-0.12488	-1.80237
34	20	0.871795	0.512821	-0.0535577	-0.17376	-0.192609
34	21	0.871795	0.538462	-0.0667057	-0.139746	-0.846689
34	22	0.871795	0.564103	-0.0495804	-0.213859	-1.37519
34	23	0.871795	0.589744	-0.082173	-0.174045	0.506495
34	24	0.871795	0.615385	-0.0522015	-0.235206	-2.50738
34	25	0.871795	0.641026	-0.08692	-0.230037	1.37099
34	26	0.871795	0.666667	-0.0651896	-0.239021	-2.67072
34	27	0.871795	0.692308	-0.0769661	-0.294937	0.971095
34	28	0.871795	0.717949	-0.084631	-0.23737	-1.36388
34	29	0.871795	0.74359	-0.0542644	-0.34369	-0.788619
34	30	0.871795	0.769231	-0.0984424	-0.245233	1.03937
34	31	0.871795	0.794872	-0.0194267	-0.348632	-3.04247
34	32	0.871795	0.820513	-0.0833533	-0.265596	3.28741
34	33	0.871795	0.846154	0.0418273	-0.292009	-4.28877
34	34	0.871795	0.871795	0.00256202	-0.272837	3.90153
34	35	0.871795	0.897436	0.171739	-0.178633	-3.43482
34	36	0.871795	0.923077	0.226606	-0.214299	2.39603
34	37	0.871795	0.948718	0.453316	-0.0530025	-1.15544
34	38	0.871795	0.974359	0.672486	-0.0748177	0.296921
34	39	0.871795	1	1	0	0
35	0	0.897436	0	0	0	-0.901787
35	1	0.897436	0.025641	-0.00310152	0.00157849	-0.901787
35	2	0.897436	0.0512821	-0.00413078	-0.00365013	-0.980107
35	3	0.897436	0.0769231	-0.0102435	0.00112943	-0.775747
35	4	0.897436	0.102564	-0.0072266	-0.00534636	-1.11973
35	5	0.897436	0.128205	-0.0147092	-0.00748504	-0.707116
35	6	0.897436	0.153846	-0.0126837	-0.00595498	-1.0907
35	7	0.897436	0.179487	-0.0147557	-0.0207689	-0.878605
35	8	0.897436	0.205128	-0.0209226	-0.0112252	-0.815623
35	9	0.897436	0.230769	-0.0129754	-0.0319199	-1.22009
35	10	0.897436	0.25641	-0.0281102	-0.02638	-0.502578
35	11	0.897436	0.282051	-0.0147298	-0.0381935	-1.42575
35	12	0.897436	0.307692	-0.0296194	-0.0503443	-0.478453
35	13	0.897436	0.333333	-0.0233923	-0.0442442	-1.22783
35	14	0.897436	0.358974	-0.0251162	-0.0757841	-0.876548
35	15	0.897436	0.384615	-0.0365753	-0.0586915	-0.670726
35	16	0.897436	0.410256	-0.0202624	-0.0950583	-1.46485
35	17	0.897436	0.435897	-0.0470047	-0.0870352	-0.134637
35	18	0.897436	0.461538	-0.0228952	-0.106797	-1.77641
35	19	0.897436	0.487179	-0.0480499	-0.126695	-0.0768887
35	20	0.897436	0.512821	-0.0368097	-0.117767	-1.44974
35	21	0.897436	0.538462	-0.0397784	-0.16797	-0.678311
35	22	0.897436	0.564103	-0.0579992	-0.138948	-0.529216
35	23	0.897436	0.589744	-0.0301419	-0.200105	-1.64454
35	24	0.897436	0.615385	-0.0759151	-0.178289	0.483899
35	25	0.897436	0.641026	-0.0299746	-0.2182	-2.31144
35	26	0.897436	0.666667	-0.079375	-0.233869	0.885055
35	27	0.897436	0.692308	-0.0457999	-0.22682	-2.02809
35	28	0.897436	0.717949	-0.0636667	-0.291305	0.223685
35	29	0.897436	0.74359	-0.0743475	-0.237846	-0.631142
35	30	0.897436	0.769231	-0.0326567	-0.327869	-1.27036
35	31	0.897436	0.794872	-0.0984309	-0.260527	1.27788
35	32	0.897436	0.820513	0.00925015	-0.321715	-2.62592
35	33	0.897436	0.846154	-0.0825092	-0.283839	2.55399
35	34	0.897436	0.871795	0.0762639	-0.260174	-2.70823
35	35	0.897436	0.897436	0.0336113	-0.262605	2.33196
35	36	0.897436	0.923077	0.233907	-0.145238	-1.30788
35	37	0.897436	0.948718	0.348461	-0.142843	1.00281
35	38	0.897436	0.974359	0.637414	-0.0165585	0.0997015
35	39	0.897436	1	1	0	0
36	0	0.923077	0	0	0	-0.980498
36	1	0.923077	0.025641	-0.00241878	-0.000829838	-0.980498
36	2	0.923077	0.0512821	-0.00629676	0.00194771	-0.941917
36	3	0.923077	0.0769231	-0.00430621	-0.00261111	-1.06514
36	4	0.923077	0.102564	-0.0115196	-0.00073195	-0.860405
36	5	0.923077	0.128205	-0.00620822	-0.0037984	-1.13141
36	6	0.923077	0.153846	-0.012866	-0.00903833	-0.873266
36	7	0.923077	0.179487	-0.0115772	-0.00619002	-1.05037
36	8	0.923077	0.205128	-0.0100654	-0.0190905	-1.04276
36	9	0.923077	0.230769	-0.0191576	-0.0137543	-0.845881
36	10	0.923077	0.25641	-0.00718023	-0.0270498	-1.25263
36	11	0.923077	0.282051	-0.0239137	-0.0284055	-0.69838
36	12	0.923077	0.307692	-0.00968038	-0.0330945	-1.29756
36	13	0.923077	0.333333	-0.0218882	-0.0476277	-0.784578
36	14	0.923077	0.358974	-0.0193314	-0.0416366	-1.07323
36	15	0.923077	0.384615	-0.0147093	-0.0662868	-1.10253
36	16	0.923077	0.410256	-0.0317133	-0.0579079	-0.693195
36	17	0.923077	0.435897	-0.00939743	-0.0808892	-1.43699
36	18	0.923077	0.461538	-0.0388581	-0.083759	-0.431667
36	19	0.923077	0.487179	-0.0134122	-0.0926578	-1.49832
36	20	0.923077	0.512821	-0.0354134	-0.115847	-0.531137
36	21	0.923077	0.538462	-0.0288482	-0.107345	-1.1346
36	22	0.923077	0.564103	-0.0236147	-0.147528	-1.00621
36	23	0.923077	0.589744	-0.0497632	-0.132045	-0.473116
36	24	0.923077	0.615385	-0.0129757	-0.173088	-1.5764
36	25	0.923077	0.641026	-0.064564	-0.170384	0.107015
36	26	0.923077	0.666667	-0.0148108	-0.191702	-1.79272
36	27	0.923077	0.692308	-0.0629223	-0.218363	0.189151
36	28	0.923077	0.717949	-0.0348726	-0.208867	-1.32157
36	29	0.923077	0.74359	-0.0432235	-0.263859	-0.360846
36	30	0.923077	0.769231	-0.0668343	-0.232989	-0.239283
36	31	0.923077	0.794872	-0.0135644	-0.290877	-1.17077
36	32	0.923077	0.820513	-0.0880837	-0.264273	0.897647
36	33	0.923077	0.846154	0.0202152	-0.284502	-1.50195
36	34	0.923077	0.871795	-0.0572908	-0.277455	1.40698
36	35	0.923077	0.897436	0.0858368	-0.228615	-0.857655
36	36	0.923077	0.923077	0.10094	-0.213624	1.13781
36	37	0.923077	0.948718	0.310003	-0.102288	0.274259
36	38	0.923077	0.974359	0.556813	-0.0288214	0.719802
36	39	0.923077	1	1	0	0
37	0	0.948718	0	0	0	-1.03779
37	1	0.948718	0.025641	-0.00325464	0.00089152	-1.03779
37	2	0.948718	0.0512821	-0.00393338	-4.7572e-05	-1.05378
37	3	0.948718	0.0769231	-0.00788876	0.00146606	-1.0126
37	4	0.948718	0.102564	-0.00412345	-0.00118214	-1.10473
37	5	0.948718	0.128205	-0.0104188	-0.0018287	-0.98914
37	6	0.948718	0.153846	-0.00570138	-0.00297477	-1.12071
37	7	0.948718	0.179487	-0.00943749	-0.00792242	-1.02671
37	8	0.948718	0.205128	-0.0103756	-0.00668009	-1.06265
37	9	0.948718	0.230769	-0.00595491	-0.0145498	-1.12303
37	10	0.948718	0.25641	-0.0156799	-0.0139432	-0.972075
37	11	0.948718	0.282051	-0.00402964	-0.0205072	-1.20281
37	12	0.948718	0.307692	-0.017319	-0.0248578	-0.937836
37	13	0.948718	0.333333	-0.00739039	-0.0267724	-1.18249
37	14	0.948718	0.358974	-0.0133739	-0.0376498	-1.01511
37	15	0.948718	0.384615	-0.0158008	-0.0358224	-1.04744
37	16	0.948718	0.410256	-0.00671667	-0.0501231	-1.1679
37	17	0.948718	0.435897	-0.0244679	-0.0497959	-0.876129
37	18	0.948718	0.461538	-0.0034532	-0.0614969	-1.28193
37	19	0.948718	0.487179	-0.0272241	-0.0688566	-0.792339
37	20	0.948718	0.512821	-0.00863365	-0.0732754	-1.23905
37	21	0.948718	0.538462	-0.0213255	-0.0909502	-0.876976
37	22	0.948718	0.564103	-0.0222421	-0.0887653	-1.00381
37	23	0.948718	0.589744	-0.0103304	-0.113139	-1.09415
37	24	0.948718	0.615385	-0.037997	-0.111346	-0.667674
37	25	0.948718	0.641026	-0.00284137	-0.133636	-1.28265
37	26	0.948718	0.666667	-0.0463217	-0.141987	-0.412597
37	27	0.948718	0.692308	-0.00759692	-0.153481	-1.23719
37	28	0.948718	0.717949	-0.0407963	-0.17753	-0.388575
37	29	0.948718	0.74359	-0.0270513	-0.176713	-0.852602
37	30	0.948718	0.769231	-0.0239421	-0.211356	-0.559757
37	31	0.948718	0.794872	-0.0521939	-0.206854	-0.236429
37	32	0.948718	0.820513	-0.00554324	-0.235428	-0.647382
37	33	0.948718	0.846154	-0.0613246	-0.237208	0.34361
37	34	0.948718	0.871795	0.0137546	-0.237811	-0.300353
37	35	0.948718	0.897436	-0.0161074	-0.235326	0.723689
37	36	0.948718	0.923077	0.089573	-0.185652	0.530114
37	37	0.948718	0.948718	0.194212	-0.130194	1.02849
37	38	0.948718	0.974359	0.472051	0.00374678	1.34469
37	39	0.948718	1	1	0	0
38	0	0.974359	0	0	0	-1.10169
38	1	0.974359	0.025641	-0.00420433	0.000601458	-1.10169
38	2	0.974359	0.0512821	-0.00618331	0.00126052	-1.11028
38	3	0.974359	0.0769231	-0.00556723	0.000703962	-1.12072
38	4	0.974359	0.102564	-0.00828861	0.000665877	-1.11749
38	5	0.974359	0.128205	-0.00540998	-0.000406752	-1.14059
38	6	0.974359	0.153846	-0.00889488	-0.0015081	-1.12508
38	7	0.974359	0.179487	-0.00666819	-0.00228834	-1.1501
38	8	0.974359	0.205128	-0.00754482	-0.00463634	-1.14105
38	9	0.974359	0.230769	-0.00943796	-0.00525486	-1.14635
38	10	0.974359	0.25641	-0.00546646	-0.00820239	-1.16184
38	11	0.974359	0.282051	-0.0117838	-0.00957408	-1.1376
38	12	0.974359	0.307692	-0.00503156	-0.0121194	-1.17494
38	13	0.974359	0.333333	-0.0115817	-0.0151154	-1.13603
38	14	0.974359	0.358974	-0.00768027	-0.0168041	-1.16908
38	15	0.974359	0.384615	-0.0085828	-0.0214612	-1.14696
38	16	0.974359	0.410256	-0.0124543	-0.0229182	-1.14321
38	17	0.974359	0.435897	-0.00499187	-0.0282917	-1.16251
38	18	0.974359	0.461538	-0.0163601	-0.0309399	-1.10804
38	19	0.974359	0.487179	-0.00412583	-0.0357	-1.16418
38	20	0.974359	0.512821	-0.0163991	-0.0408668	-1.07921
38	21	0.974359	0.538462	-0.0081222	-0.0443158	-1.1328
38	22	0.974359	0.564103	-0.0119264	-0.0523085	-1.06488
38	23	0.974359	0.589744	-0.0160853	-0.0551884	-1.06011
38	24	0.974359	0.615385	-0.00570978	-0.0648798	-1.05368
38	25	0.974359	0.641026	-0.023905	-0.0692951	-0.954534
38	26	0.974359	0.666667	-0.00278961	-0.0786446	-1.01241
38	27	0.974359	0.692308	-0.0265239	-0.0868876	-0.83358
38	28	0.974359	0.717949	-0.00735661	-0.0945201	-0.899003
38	29	0.974359	0.74359	-0.0219193	-0.107351	-0.699138
38	30	0.974359	0.769231	-0.0189191	-0.114238	-0.681868
38	31	0.974359	0.794872	-0.0136451	-0.129657	-0.504797
38	32	0.974359	0.820513	-0.0301124	-0.138529	-0.34074
38	33	0.974359	0.846154	-0.00717585	-0.151652	-0.13975
38	34	0.974359	0.871795	-0.0267417	-0.161465	0.1784
38	35	0.974359	0.897436	0.00749762	-0.162625	0.55377
38	36	0.974359	0.923077	0.0284281	-0.153563	1.03993
38	37	0.974359	0.948718	0.12606	-0.109559	1.68175
38	38	0.974359	0.974359	0.357319	0.0252404	2.53276
38	39	0.974359	1	1	0	0
39	0	1	0	0	0	-1.10169
39	1	1	0.025641	0	0	-1.10169
39	2	1	0.0512821	0	0	-1.11028
39	3	1	0.0769231	0	0	-1.12072
39	4	1	0.102564	0	0	-1.11749
39	5	1	0.128205	0	0	-1.14059
39	6	1	0.153846	0	0	-1.12508
39	7	1	0.179487	0	0	-1.1501
39	8	1	0.205128	0	0	-1.14105
39	9	1	0.230769	0	0	-1.14635
39	10	1	0.25641	0	0	-1.16184
39	11	1	0.282051	0	0	-1.1376
39	12	1	0.307692	0	0	-1.17494
39	13	1	0.333333	0	0	-1.13603
39	14	1	0.358974	0	0	-1.16908
39	15	1	0.384615	0	0	-1.14696
39	16	1	0.410256	0	0	-1.14321
39	17	1	0.435897	0	0	-1.16251
39	18	1	0.461538	0	0	-1.10804
39	19	1	0.487179	0	0	-1.16418
39	20	1	0.512821	0	0	-1.07921
39	21	1	0.538462	0	0	-1.1328
39	22	1	0.564103	0	0	-1.06488
39	23	1	0.589744	0	0	-1.06011
39	24	1	0.615385	0	0	-1.05368
39	25	1	0.641026	0	0	-0.954534
39	26	1	0.666667	0	0	-1.01241
39	27	1	0.692308	0	0	-0.83358
39	28	1	0.717949	0	0	-0.899003
39	29	1	0.74359	0	0	-0.699138
39	30	1	0.769231	0	0	-0.681868
39	31	1	0.794872	0	0	-0.504797
39	32	1	0.820513	0	0	-0.34074
39	33	1	0.846154	0	0	-0.13975
39	34	1	0.871795	0	0	0.1784
39	35	1	0.897436	0	0	0.55377
39	36	1	0.923077	0	0	1.03993
39	37	1	0.948718	0	0	1.68175
39	38	1	0.974359	0	0	2.53276
39	39	1	1	1	0	0
