# i		j		x		y		u		v		p
# nx		ny		
# 40		40
# =================================
0	0	0	0	0	0	12.3146
0	1	0	0.025641	0	0	12.3146
0	2	0	0.0512821	0	0	12.3423
0	3	0	0.0769231	0	0	12.4919
0	4	0	0.102564	0	0	12.1968
0	5	0	0.128205	0	0	12.7394
0	6	0	0.153846	0	0	12.1959
0	7	0	0.179487	0	0	12.7372
0	8	0	0.205128	0	0	12.6276
0	9	0	0.230769	0	0	12.4132
0	10	0	0.25641	0	0	13.3759
0	11	0	0.282051	0	0	12.0828
0	12	0	0.307692	0	0	13.8862
0	13	0	0.333333	0	0	12.2596
0	14	0	0.358974	0	0	13.6482
0	15	0	0.384615	0	0	13.2716
0	16	0	0.410256	0	0	12.7802
0	17	0	0.435897	0	0	14.7616
0	18	0	0.461538	0	0	11.972
0	19	0	0.487179	0	0	15.5354
0	20	0	0.512821	0	0	12.0367
0	21	0	0.538462	0	0	14.7725
0	22	0	0.564103	0	0	13.4592
0	23	0	0.589744	0	0	13.046
0	24	0	0.615385	0	0	15.6966
0	25	0	0.641026	0	0	11.4979
0	26	0	0.666667	0	0	16.7268
0	27	0	0.692308	0	0	10.9278
0	28	0	0.717949	0	0	15.1335
0	29	0	0.74359	0	0	11.5985
0	30	0	0.769231	0	0	12.0255
0	31	0	0.794872	0	0	12.9685
0	32	0	0.820513	0	0	9.49453
0	33	0	0.846154	0	0	12.7828
0	34	0	0.871795	0	0	8.48311
0	35	0	0.897436	0	0	9.06082
0	36	0	0.923077	0	0	7.64164
0	37	0	0.948718	0	0	4.25764
0	38	0	0.974359	0	0	4.51962
0	39	0	1	1	0	0
1	0	0.025641	0	0	0	12.3146
1	1	0.025641	0.025641	-0.00984194	-0.00962803	12.3146
1	2	0.025641	0.0512821	-0.0254584	-0.0283578	12.3423
1	3	0.025641	0.0769231	0.0116531	-0.0272722	12.4919
1	4	0.025641	0.102564	-0.0571585	-0.0536693	12.1968
1	5	0.025641	0.128205	0.041425	-0.0594965	12.7394
1	6	0.025641	0.153846	-0.0621325	-0.0718425	12.1959
1	7	0.025641	0.179487	0.0213913	-0.107288	12.7372
1	8	0.025641	0.205128	-0.00237618	-0.0932661	12.6276
1	9	0.025641	0.230769	-0.0657612	-0.153298	12.4132
1	10	0.025641	0.25641	0.0956922	-0.128936	13.3759
1	11	0.025641	0.282051	-0.157439	-0.174722	12.0828
1	12	0.025641	0.307692	0.148508	-0.182402	13.8862
1	13	0.025641	0.333333	-0.144497	-0.179031	12.2596
1	14	0.025641	0.358974	0.0748019	-0.254012	13.6482
1	15	0.025641	0.384615	0.00637625	-0.201404	13.2716
1	16	0.025641	0.410256	-0.126246	-0.309933	12.7802
1	17	0.025641	0.435897	0.193304	-0.240921	14.7616
1	18	0.025641	0.461538	-0.308585	-0.295416	11.972
1	19	0.025641	0.487179	0.27679	-0.284062	15.5354
1	20	0.025641	0.512821	-0.275823	-0.247373	12.0367
1	21	0.025641	0.538462	0.155289	-0.354612	14.7725
1	22	0.025641	0.564103	-0.0258445	-0.249685	13.4592
1	23	0.025641	0.589744	-0.169302	-0.400234	13.046
1	24	0.025641	0.615385	0.238543	-0.257157	15.6966
1	25	0.025641	0.641026	-0.484425	-0.300447	11.4979
1	26	0.025641	0.666667	0.362982	-0.2034	16.7268
1	27	0.025641	0.692308	-0.503884	-0.104553	10.9278
1	28	0.025641	0.717949	0.265276	-0.160173	15.1335
1	29	0.025641	0.74359	-0.198703	0.0113633	11.5985
1	30	0.025641	0.769231	-0.0833768	-0.139111	12.0255
1	31	0.025641	0.794872	0.140642	0.0574741	12.9685
1	32	0.025641	0.820513	-0.469084	0.0268882	9.49453
1	33	0.025641	0.846154	0.279037	0.182929	12.7828
1	34	0.025641	0.871795	-0.525758	0.35447	8.48311
1	35	0.025641	0.897436	0.191063	0.365678	9.06082
1	36	0.025641	0.923077	-0.176206	0.551837	7.64164
1	37	0.025641	0.948718	0.105478	0.460514	4.25764
1	38	0.025641	0.974359	0.336174	0.4224	4.51962
1	39	0.025641	1	1	0	0
2	0	0.0512821	0	0	0	12.3265
2	1	0.0512821	0.025641	-0.0191036	-0.0300285	12.3265
2	2	0.0512821	0.0512821	0.00513615	-0.016015	12.7119
2	3	0.0512821	0.0769231	-0.0673524	-0.0933676	11.3993
2	4	0.0512821	0.102564	0.0652747	-0.0608239	14.0358
2	5	0.0512821	0.128205	-0.10868	-0.119969	10.3579
2	6	0.0512821	0.153846	0.0860894	-0.164416	14.4736
2	7	0.0512821	0.179487	-0.0610029	-0.118187	11.3041
2	8	0.0512821	0.205128	-0.010067	-0.291462	12.4129
2	9	0.0512821	0.230769	0.0919771	-0.148598	14.7917
2	10	0.0512821	0.25641	-0.194466	-0.360899	8.68412
2	11	0.0512821	0.282051	0.245263	-0.260174	18.4499
2	12	0.0512821	0.307692	-0.28816	-0.328759	6.77524
2	13	0.0512821	0.333333	0.247359	-0.453261	18.4236
2	14	0.0512821	0.358974	-0.127295	-0.277374	10.0308
2	15	0.0512821	0.384615	-0.00585855	-0.649652	12.9384
2	16	0.0512821	0.410256	0.191692	-0.321525	17.7288
2	17	0.0512821	0.435897	-0.399764	-0.685593	5.11282
2	18	0.0512821	0.461538	0.428548	-0.469033	24.43
2	19	0.0512821	0.487179	-0.555206	-0.51895	1.6711
2	20	0.0512821	0.512821	0.417713	-0.701101	23.8428
2	21	0.0512821	0.538462	-0.253537	-0.36686	7.16909
2	22	0.0512821	0.564103	0.0211989	-0.921804	14.4826
2	23	0.0512821	0.589744	0.200667	-0.375987	19.0647
2	24	0.0512821	0.615385	-0.611539	-0.868204	2.0493
2	25	0.0512821	0.641026	0.471156	-0.42998	29.2656
2	26	0.0512821	0.666667	-0.947751	-0.468481	-4.48065
2	27	0.0512821	0.692308	0.516674	-0.504698	29.7343
2	28	0.0512821	0.717949	-0.638731	-0.042535	0.280697
2	29	0.0512821	0.74359	0.173319	-0.609779	18.527
2	30	0.0512821	0.769231	-0.0238733	0.115304	13.1916
2	31	0.0512821	0.794872	-0.564581	-0.464891	2.87558
2	32	0.0512821	0.820513	0.355689	0.155847	24.3344
2	33	0.0512821	0.846154	-1.11839	0.128939	-5.7491
2	34	0.0512821	0.871795	0.478178	0.249431	23.9025
2	35	0.0512821	0.897436	-0.918662	0.789559	-1.74491
2	36	0.0512821	0.923077	0.393964	0.386745	11.5821
2	37	0.0512821	0.948718	-0.102484	0.813058	5.75928
2	38	0.0512821	0.974359	0.473994	0.54898	3.80311
2	39	0.0512821	1	1	0	0
3	0	0.0769231	0	0	0	12.4347
3	1	0.0769231	0.025641	-0.00498771	0.000265116	12.4347
3	2	0.0769231	0.0512821	-0.0390296	-0.103627	11.4212
3	3	0.0769231	0.0769231	0.0504248	-0.0199711	14.6189
3	4	0.0769231	0.102564	-0.097131	-0.171301	8.66196
3	5	0.0769231	0.128205	0.119453	-0.139272	17.0353
3	6	0.0769231	0.153846	-0.106184	-0.150034	7.97858
3	7	0.0769231	0.179487	0.097598	-0.352448	15.3669
3	8	0.0769231	0.205128	0.0140886	-0.116885	12.8913
3	9	0.0769231	0.230769	-0.0768704	-0.536926	8.15792
3	10	0.0769231	0.25641	0.215712	-0.210159	21.5374
3	11	0.0769231	0.282051	-0.28778	-0.536655	0.420023
3	12	0.0769231	0.307692	0.348987	-0.492311	26.4286
3	13	0.0769231	0.333333	-0.265691	-0.372767	1.08982
3	14	0.0769231	0.358974	0.237326	-0.886256	20.1658
3	15	0.0769231	0.384615	0.0482292	-0.297336	13.8264
3	16	0.0769231	0.410256	-0.194541	-1.12185	3.65909
3	17	0.0769231	0.435897	0.377417	-0.472793	30.8765
3	18	0.0769231	0.461538	-0.608129	-0.950414	-10.7164
3	19	0.0769231	0.487179	0.535246	-0.865286	38.4584
3	20	0.0769231	0.512821	-0.502518	-0.558794	-8.46727
3	21	0.0769231	0.538462	0.347796	-1.35899	27.0217
3	22	0.0769231	0.564103	0.00144285	-0.403611	12.0513
3	23	0.0769231	0.589744	-0.332059	-1.55756	1.1816
3	24	0.0769231	0.615385	0.330036	-0.529051	36.9938
3	25	0.0769231	0.641026	-1.02007	-1.15095	-20.8727
3	26	0.0769231	0.666667	0.458211	-0.763141	49.495
3	27	0.0769231	0.692308	-1.02828	-0.400912	-22.2096
3	28	0.0769231	0.717949	0.389512	-1.11234	38.6792
3	29	0.0769231	0.74359	-0.385431	0.0899647	-0.275836
3	30	0.0769231	0.769231	-0.260515	-1.24776	8.16718
3	31	0.0769231	0.794872	0.122227	0.145255	29.0656
3	32	0.0769231	0.820513	-1.21726	-0.685083	-20.8563
3	33	0.0769231	0.846154	0.325259	0.0978911	45.5093
3	34	0.0769231	0.871795	-1.59679	0.407317	-27.7188
3	35	0.0769231	0.897436	0.548697	0.0339915	36.8872
3	36	0.0769231	0.923077	-0.904222	1.13877	-10.611
3	37	0.0769231	0.948718	0.613908	0.149568	12.2344
3	38	0.0769231	0.974359	0.367663	0.812312	5.47082
3	39	0.0769231	1	1	0	0
4	0	0.102564	0	0	0	12.1671
4	1	0.102564	0.025641	-0.00763286	-0.0674352	12.1671
4	2	0.102564	0.0512821	0.0199618	0.0158924	13.7896
4	3	0.102564	0.0769231	-0.0363411	-0.196816	8.78888
4	4	0.102564	0.102564	0.091688	-0.0575455	18.0859
4	5	0.102564	0.128205	-0.0767426	-0.216427	5.06131
4	6	0.102564	0.153846	0.152326	-0.293206	19.6373
4	7	0.102564	0.179487	-0.047679	-0.12523	7.61834
4	8	0.102564	0.205128	0.100802	-0.606445	12.7472
4	9	0.102564	0.230769	0.0978054	-0.108646	18.904
4	10	0.102564	0.25641	-0.0986401	-0.758168	-0.741774
4	11	0.102564	0.282051	0.288667	-0.356106	31.5101
4	12	0.102564	0.307692	-0.247545	-0.585641	-8.69904
4	13	0.102564	0.333333	0.38498	-0.880441	32.0979
4	14	0.102564	0.358974	-0.100664	-0.310351	1.48387
4	15	0.102564	0.384615	0.169552	-1.41308	13.1415
4	16	0.102564	0.410256	0.203932	-0.344998	26.9393
4	17	0.102564	0.435897	-0.328186	-1.4691	-14.5954
4	18	0.102564	0.461538	0.429238	-0.774086	48.9204
4	19	0.102564	0.487179	-0.555817	-0.962043	-26.4502
4	20	0.102564	0.512821	0.516365	-1.49119	47.2402
4	21	0.102564	0.538462	-0.211837	-0.47484	-7.35249
4	22	0.102564	0.564103	0.13668	-2.0921	15.8024
4	23	0.102564	0.589744	0.129169	-0.496463	30.543
4	24	0.102564	0.615385	-0.663999	-1.94445	-24.7755
4	25	0.102564	0.641026	0.188484	-0.8191	61.3565
4	26	0.102564	0.666667	-1.09631	-1.09539	-44.1852
4	27	0.102564	0.692308	0.27738	-1.34684	64.4065
4	28	0.102564	0.717949	-0.721869	-0.184118	-26.6698
4	29	0.102564	0.74359	0.0695017	-1.8896	31.0488
4	30	0.102564	0.769231	-0.182565	0.125835	16.4736
4	31	0.102564	0.794872	-0.814916	-1.69502	-19.3585
4	32	0.102564	0.820513	-0.0798897	0.0279445	55.5734
4	33	0.102564	0.846154	-1.67272	-0.597186	-51.2434
4	34	0.102564	0.871795	0.100244	-0.170851	67.6513
4	35	0.102564	0.897436	-1.58765	0.79473	-44.969
4	36	0.102564	0.923077	0.573041	-0.419362	42.9827
4	37	0.102564	0.948718	-0.372016	1.24682	-11.5428
4	38	0.102564	0.974359	0.804703	0.0516221	8.6838
4	39	0.102564	1	1	0	0
5	0	0.128205	0	0	0	12.5081
5	1	0.128205	0.025641	0.00586381	0.014295	12.5081
5	2	0.128205	0.0512821	0.0193641	-0.157894	10.5737
5	3	0.128205	0.0769231	0.0369403	0.011024	16.4783
5	4	0.128205	0.102564	0.0192382	-0.268595	5.23973
5	5	0.128205	0.128205	0.111715	-0.151915	21.5318
5	6	0.128205	0.153846	-0.0112537	-0.211686	2.76615
5	7	0.128205	0.179487	0.194251	-0.504067	19.6659
5	8	0.128205	0.205128	0.00288095	-0.0787223	10.8443
5	9	0.128205	0.230769	0.16303	-0.848147	6.14202
5	10	0.128205	0.25641	0.115005	-0.152033	28.0254
5	11	0.128205	0.282051	-0.00534074	-0.858894	-10.9847
5	12	0.128205	0.307692	0.306444	-0.619651	40.1423
5	13	0.128205	0.333333	-0.0864264	-0.493931	-12.7891
5	14	0.128205	0.358974	0.415483	-1.36139	30.1318
5	15	0.128205	0.384615	0.0397754	-0.234333	10.9742
5	16	0.128205	0.410256	0.160872	-1.82413	-3.05691
5	17	0.128205	0.435897	0.19095	-0.492479	45.6028
5	18	0.128205	0.461538	-0.262329	-1.51147	-33.8738
5	19	0.128205	0.487179	0.378913	-1.23539	63.0891
5	20	0.128205	0.512821	-0.274751	-0.745823	-31.2533
5	21	0.128205	0.538462	0.448098	-2.19085	41.9837
5	22	0.128205	0.564103	-0.0242774	-0.406365	8.3139
5	23	0.128205	0.589744	-0.0668444	-2.53321	-9.0931
5	24	0.128205	0.615385	-0.0812901	-0.664743	55.9213
5	25	0.128205	0.641026	-0.761733	-1.88231	-51.2148
5	26	0.128205	0.666667	-0.112716	-1.22769	80.9452
5	27	0.128205	0.692308	-0.837042	-0.747146	-53.5351
5	28	0.128205	0.717949	0.0498982	-2.03804	62.66
5	29	0.128205	0.74359	-0.427865	0.027285	-11.9938
5	30	0.128205	0.769231	-0.306939	-2.4102	4.27223
5	31	0.128205	0.794872	-0.397757	0.0678529	44.6406
5	32	0.128205	0.820513	-1.21929	-1.67315	-53.3817
5	33	0.128205	0.846154	-0.570302	-0.18006	82.447
5	34	0.128205	0.871795	-1.70283	-0.214356	-73.8896
5	35	0.128205	0.897436	-0.152567	-0.615937	80.2726
5	36	0.128205	0.923077	-1.04864	1.15269	-47.0479
5	37	0.128205	0.948718	0.574956	-0.846027	34.9749
5	38	0.128205	0.974359	0.387884	1.08604	-2.70926
5	39	0.128205	1	1	0	0
6	0	0.153846	0	0	0	12.1281
6	1	0.153846	0.025641	0.0266422	-0.069164	12.1281
6	2	0.153846	0.0512821	0.00878278	0.0155708	13.6667
6	3	0.153846	0.0769231	0.106033	-0.236635	8.42736
6	4	0.153846	0.102564	0.0252818	-0.0313605	19.0976
6	5	0.153846	0.128205	0.11854	-0.308106	2.57522
6	6	0.153846	0.153846	0.142331	-0.282329	23.2743
6	7	0.153846	0.179487	0.0377315	-0.186591	2.87788
6	8	0.153846	0.205128	0.304839	-0.705976	16.9817
6	9	0.153846	0.230769	-0.0300102	-0.0556737	16.3163
6	10	0.153846	0.25641	0.329569	-0.993389	-1.56847
6	11	0.153846	0.282051	0.0594989	-0.263526	36.3322
6	12	0.153846	0.307692	0.184984	-0.816437	-17.5835
6	13	0.153846	0.333333	0.342678	-0.947473	42.9512
6	14	0.153846	0.358974	0.0534131	-0.339617	-9.12029
6	15	0.153846	0.384615	0.530231	-1.74946	19.9659
6	16	0.153846	0.410256	-0.0213821	-0.208032	25.963
6	17	0.153846	0.435897	0.301735	-1.91857	-21.1912
6	18	0.153846	0.461538	0.018046	-0.713211	61.6974
6	19	0.153846	0.487179	-0.000628336	-1.23958	-43.8481
6	20	0.153846	0.512821	0.331139	-1.73513	65.0887
6	21	0.153846	0.538462	-0.0274487	-0.452183	-21.4984
6	22	0.153846	0.564103	0.415743	-2.61317	22.3933
6	23	0.153846	0.589744	-0.221548	-0.374658	31.421
6	24	0.153846	0.615385	-0.129263	-2.43281	-35.3549
6	25	0.153846	0.641026	-0.556809	-0.827793	77.039
6	26	0.153846	0.666667	-0.587866	-1.41202	-64.2752
6	27	0.153846	0.692308	-0.407531	-1.63507	85.379
6	28	0.153846	0.717949	-0.506212	-0.262058	-43.5906
6	29	0.153846	0.74359	-0.1345	-2.47715	40.9986
6	30	0.153846	0.769231	-0.528087	0.199067	14.8788
6	31	0.153846	0.794872	-0.583553	-2.33581	-30.0475
6	32	0.153846	0.820513	-1.02687	0.0164245	72.518
6	33	0.153846	0.846154	-1.30981	-1.19906	-77.6758
6	34	0.153846	0.871795	-1.1373	-0.424633	98.6756
6	35	0.153846	0.897436	-1.28883	0.338191	-77.605
6	36	0.153846	0.923077	-0.313779	-1.08652	74.0696
6	37	0.153846	0.948718	-0.259009	1.30605	-31.883
6	38	0.153846	0.974359	0.650242	-0.652312	15.9082
6	39	0.153846	1	1	0	0
7	0	0.179487	0	0	0	12.1779
7	1	0.179487	0.025641	0.015545	-0.0183304	12.1779
7	2	0.179487	0.0512821	0.11736	-0.119989	11.6638
7	3	0.179487	0.0769231	-0.0226533	-0.0145978	14.2837
7	4	0.179487	0.102564	0.241782	-0.301667	7.34311
7	5	0.179487	0.128205	0.0140572	-0.086882	20.3173
7	6	0.179487	0.153846	0.204274	-0.349738	1.44285
7	7	0.179487	0.179487	0.240494	-0.396226	23.5768
7	8	0.179487	0.205128	-0.00207552	-0.181731	3.88402
7	9	0.179487	0.230769	0.510974	-0.837886	14.2125
7	10	0.179487	0.25641	-0.161053	-0.0658784	20.5874
7	11	0.179487	0.282051	0.570633	-1.03029	-6.33321
7	12	0.179487	0.307692	0.0108528	-0.402013	40.2382
7	13	0.179487	0.333333	0.358752	-0.704617	-18.3476
7	14	0.179487	0.358974	0.487998	-1.2054	39.4122
7	15	0.179487	0.384615	-0.00825663	-0.209367	-0.970646
7	16	0.179487	0.410256	0.76633	-1.85497	7.87627
7	17	0.179487	0.435897	-0.331361	-0.213132	38.6153
7	18	0.179487	0.461538	0.581447	-1.67922	-31.4529
7	19	0.179487	0.487179	-0.184938	-0.92093	67.4126
7	20	0.179487	0.512821	0.290224	-0.818026	-40.2854
7	21	0.179487	0.538462	0.382655	-2.02255	53.1242
7	22	0.179487	0.564103	-0.124213	-0.201293	-3.71775
7	23	0.179487	0.589744	0.466181	-2.47018	-0.149111
7	24	0.179487	0.615385	-0.835125	-0.318474	50.1004
7	25	0.179487	0.641026	-0.0134989	-1.85781	-48.4109
7	26	0.179487	0.666667	-1.09789	-0.903339	83.6257
7	27	0.179487	0.692308	-0.273575	-0.738653	-58.482
7	28	0.179487	0.717949	-0.56776	-1.8301	70.3807
7	29	0.179487	0.74359	-0.435908	0.204214	-20.6777
7	30	0.179487	0.769231	-0.211294	-2.32356	9.46589
7	31	0.179487	0.794872	-1.14038	0.362503	41.083
7	32	0.179487	0.820513	-0.668359	-1.68353	-53.7845
7	33	0.179487	0.846154	-1.8722	0.0117263	88.0612
7	34	0.179487	0.871795	-1.05793	-0.473866	-81.1297
7	35	0.179487	0.897436	-1.56324	-0.652199	94.8198
7	36	0.179487	0.923077	-0.621966	0.859335	-60.5128
7	37	0.179487	0.948718	-0.24827	-1.23343	47.668
7	38	0.179487	0.974359	0.439278	1.11385	-8.84492
7	39	0.179487	1	1	0	0
8	0	0.205128	0	0	0	12.3965
8	1	0.205128	0.025641	0.0625238	-0.00881579	12.3965
8	2	0.205128	0.0512821	-1.16725e-06	-0.0784898	11.141
8	3	0.205128	0.0769231	0.263047	-0.163879	12.8589
8	4	0.205128	0.102564	-0.0661145	-0.0447431	13.1115
8	5	0.205128	0.128205	0.374302	-0.397634	7.69064
8	6	0.205128	0.153846	0.0612616	-0.110589	20.7871
8	7	0.205128	0.179487	0.213423	-0.436863	0.0567147
8	8	0.205128	0.205128	0.42541	-0.459122	25.0266
8	9	0.205128	0.230769	-0.149562	-0.204795	2.61631
8	10	0.205128	0.25641	0.76794	-0.909599	14.6407
8	11	0.205128	0.282051	-0.310711	-0.0774168	20.9343
8	12	0.205128	0.307692	0.79361	-1.0432	-6.74203
8	13	0.205128	0.333333	0.0833678	-0.489274	39.7138
8	14	0.205128	0.358974	0.364958	-0.635565	-16.2998
8	15	0.205128	0.384615	0.755908	-1.2608	34.7668
8	16	0.205128	0.410256	-0.364318	-0.136983	4.23153
8	17	0.205128	0.435897	1.05845	-1.67083	2.91079
8	18	0.205128	0.461538	-0.754765	-0.200705	41.5121
8	19	0.205128	0.487179	0.88869	-1.30941	-29.4436
8	20	0.205128	0.512821	-0.231746	-0.990037	60.3688
8	21	0.205128	0.538462	0.347779	-0.482017	-28.5014
8	22	0.205128	0.564103	0.552513	-1.85706	36.3321
8	23	0.205128	0.589744	-0.722811	-0.04743	9.71162
8	24	0.205128	0.615385	0.553905	-1.84034	-10.0228
8	25	0.205128	0.641026	-1.65203	-0.21164	53.3034
8	26	0.205128	0.666667	0.208443	-1.134	-42.3008
8	27	0.205128	0.692308	-1.45311	-0.820149	71.1606
8	28	0.205128	0.717949	-0.0621538	-0.143818	-39.3255
8	29	0.205128	0.74359	-0.509843	-1.5903	43.3648
8	30	0.205128	0.769231	-0.865668	0.517766	2.1297
8	31	0.205128	0.794872	-0.191064	-1.56202	-12.8597
8	32	0.205128	0.820513	-2.13949	0.481382	52.9772
8	33	0.205128	0.846154	-0.571319	-0.796416	-54.7687
8	34	0.205128	0.871795	-2.61531	0.0393691	81.9965
8	35	0.205128	0.897436	-0.575809	0.205077	-63.4187
8	36	0.205128	0.923077	-1.60303	-0.739151	68.6551
8	37	0.205128	0.948718	0.0411513	1.07448	-31.7039
8	38	0.205128	0.974359	0.215855	-0.658386	16.6851
8	39	0.205128	1	1	0	0
9	0	0.230769	0	0	0	11.4935
9	1	0.230769	0.025641	0.0351856	-0.103613	11.4935
9	2	0.230769	0.0512821	0.185818	0.00757486	14.6868
9	3	0.230769	0.0769231	-0.0331426	-0.147344	7.57906
9	4	0.230769	0.102564	0.414725	-0.254733	16.0854
9	5	0.230769	0.128205	-0.0639677	-0.0251016	11.0307
9	6	0.230769	0.153846	0.452697	-0.573193	7.4487
9	7	0.230769	0.179487	0.189463	-0.086754	23.2546
9	8	0.230769	0.205128	0.130805	-0.573178	-4.67965
9	9	0.230769	0.230769	0.642792	-0.50133	30.3985
9	10	0.230769	0.25641	-0.332266	-0.219601	-2.93542
9	11	0.230769	0.282051	0.994957	-1.01452	18.9095
9	12	0.230769	0.307692	-0.341375	-0.0427691	18.2443
9	13	0.230769	0.333333	0.895527	-1.15607	-5.95422
9	14	0.230769	0.358974	0.314485	-0.469382	39.5369
9	15	0.230769	0.384615	0.10384	-0.683019	-18.1516
9	16	0.230769	0.410256	1.02504	-1.13451	36.8064
9	17	0.230769	0.435897	-0.898174	-0.107108	-0.266506
9	18	0.230769	0.461538	1.29281	-1.4407	9.0859
9	19	0.230769	0.487179	-0.993882	-0.121276	33.1632
9	20	0.230769	0.512821	1.0539	-1.12171	-20.0661
9	21	0.230769	0.538462	-0.00641029	-0.817624	48.2135
9	22	0.230769	0.564103	-0.0562984	-0.421749	-20.4869
9	23	0.230769	0.589744	0.687309	-1.32045	30.2102
9	24	0.230769	0.615385	-1.64563	-0.0212432	7.04214
9	25	0.230769	0.641026	0.570938	-1.18522	-0.547213
9	26	0.230769	0.666667	-2.24933	-0.0513151	37.4714
9	27	0.230769	0.692308	0.389376	-0.661157	-23.1839
9	28	0.230769	0.717949	-1.39074	-0.522019	46.7177
9	29	0.230769	0.74359	-0.230858	0.10021	-19.6965
9	30	0.230769	0.769231	-0.296712	-0.909008	22.7837
9	31	0.230769	0.794872	-1.79614	0.54603	10.0515
9	32	0.230769	0.820513	-0.211295	-0.652243	-11.8431
9	33	0.230769	0.846154	-3.10155	0.510011	41.3788
9	34	0.230769	0.871795	-0.372967	-0.13967	-34.6529
9	35	0.230769	0.897436	-2.8543	0.101841	54.396
9	36	0.230769	0.923077	-0.0303554	0.547885	-34.2602
9	37	0.230769	0.948718	-1.03645	-0.517991	32.1688
9	38	0.230769	0.974359	0.573925	0.817307	-6.30506
9	39	0.230769	1	1	0	0
10	0	0.25641	0	0	0	12.7084
10	1	0.25641	0.025641	0.0856173	0.0753352	12.7084
10	2	0.25641	0.0512821	0.0547757	-0.238889	7.5354
10	3	0.25641	0.0769231	0.319894	-0.0196112	19.8104
10	4	0.25641	0.102564	-0.0310763	-0.158998	2.27067
10	5	0.25641	0.128205	0.529572	-0.444272	19.2726
10	6	0.25641	0.153846	0.0126858	0.0596363	11.029
10	7	0.25641	0.179487	0.472018	-0.826341	3.45283
10	8	0.25641	0.205128	0.343625	-0.0575102	30.2865
10	9	0.25641	0.230769	0.0175151	-0.704211	-14.3669
10	10	0.25641	0.25641	0.814018	-0.6079	39.7993
10	11	0.25641	0.282051	-0.415196	-0.170276	-11.0278
10	12	0.25641	0.307692	1.14131	-1.26667	23.6032
10	13	0.25641	0.333333	-0.177417	0.0530872	17.5825
10	14	0.25641	0.358974	0.810999	-1.4357	-10.1802
10	15	0.25641	0.384615	0.571194	-0.394246	46.2811
10	16	0.25641	0.410256	-0.349592	-0.822916	-29.6222
10	17	0.25641	0.435897	1.14472	-1.05414	48.8649
10	18	0.25641	0.461538	-1.26864	-0.0579832	-14.3737
10	19	0.25641	0.487179	1.41395	-1.49778	21.2263
10	20	0.25641	0.512821	-0.790167	0.0393313	22.0655
10	21	0.25641	0.538462	0.89313	-1.33875	-15.058
10	22	0.25641	0.564103	0.305291	-0.512488	45.5082
10	23	0.25641	0.589744	-0.856921	-0.652949	-27.9584
10	24	0.25641	0.615385	0.557751	-0.896771	42.2898
10	25	0.25641	0.641026	-2.3588	-0.0559059	-13.553
10	26	0.25641	0.666667	0.490029	-0.9616	20.8391
10	27	0.25641	0.692308	-2.23474	0.166892	12.6025
10	28	0.25641	0.717949	0.348362	-0.706207	-4.78808
10	29	0.25641	0.74359	-0.944065	-0.067304	28.5482
10	30	0.25641	0.769231	-0.910022	-0.132721	-14.6614
10	31	0.25641	0.794872	-0.250232	-0.234183	24.2748
10	32	0.25641	0.820513	-2.77577	0.32482	-5.57849
10	33	0.25641	0.846154	-0.361694	-0.16835	9.78628
10	34	0.25641	0.871795	-3.47587	0.500247	10.4528
10	35	0.25641	0.897436	-0.116888	0.0351861	-5.49731
10	36	0.25641	0.923077	-2.30731	0.257461	18.8548
10	37	0.25641	0.948718	0.431181	0.401844	-8.09019
10	38	0.25641	0.974359	0.0358769	-0.00745038	7.4064
10	39	0.25641	1	1	0	0
11	0	0.282051	0	0	0	10.9098
11	1	0.282051	0.025641	0.0803295	-0.17927	10.9098
11	2	0.282051	0.0512821	0.188926	0.133377	17.1583
11	3	0.282051	0.0769231	0.107106	-0.331144	0.926302
11	4	0.282051	0.102564	0.419386	-0.142627	25.8558
11	5	0.282051	0.128205	0.0367914	-0.0819475	-1.69544
11	6	0.282051	0.153846	0.613006	-0.725164	19.2082
11	7	0.282051	0.179487	0.114092	0.166484	15.7136
11	8	0.282051	0.205128	0.485473	-1.08277	-5.79516
11	9	0.282051	0.230769	0.436561	-0.0895643	41.6538
11	10	0.282051	0.25641	-0.0172267	-0.746414	-26.8467
11	11	0.282051	0.282051	0.917493	-0.854509	49.8134
11	12	0.282051	0.307692	-0.312401	-0.0283118	-16.2942
11	13	0.282051	0.333333	1.20578	-1.70375	22.8587
11	14	0.282051	0.358974	0.0721123	0.153441	24.745
11	15	0.282051	0.384615	0.579422	-1.80149	-24.2517
11	16	0.282051	0.410256	0.647752	-0.413505	62.3295
11	17	0.282051	0.435897	-0.715072	-0.919232	-49.4696
11	18	0.282051	0.461538	1.12385	-1.26426	66.0787
11	19	0.282051	0.487179	-1.16809	0.0771798	-28.259
11	20	0.282051	0.512821	1.40094	-2.0019	27.6989
11	21	0.282051	0.538462	-0.289966	0.177246	22.08
11	22	0.282051	0.564103	0.361327	-1.84736	-25.7441
11	23	0.282051	0.589744	0.273821	-0.404535	59.704
11	24	0.282051	0.615385	-1.5786	-0.915672	-51.3853
11	25	0.282051	0.641026	0.189288	-0.927632	65.0548
11	26	0.282051	0.666667	-2.4303	-0.0179183	-38.948
11	27	0.282051	0.692308	0.339246	-1.28032	39.6098
11	28	0.282051	0.717949	-1.6454	0.40768	-2.3847
11	29	0.282051	0.74359	-0.0614146	-1.22331	-1.99433
11	30	0.282051	0.769231	-0.625147	0.250901	31.7311
11	31	0.282051	0.794872	-1.77086	-0.583453	-31.9629
11	32	0.282051	0.820513	-0.583037	-0.028848	45.1929
11	33	0.282051	0.846154	-3.21191	0.113475	-36.8235
11	34	0.282051	0.871795	-0.536976	-0.209018	38.1605
11	35	0.282051	0.897436	-3.01739	0.559962	-22.6092
11	36	0.282051	0.923077	0.148163	-0.254493	18.3204
11	37	0.282051	0.948718	-1.08496	0.498467	-4.28606
11	38	0.282051	0.974359	0.728519	0.0134943	2.78778
11	39	0.282051	1	1	0	0
12	0	0.307692	0	0	0	12.4832
12	1	0.307692	0.025641	0.0979961	0.108926	12.4832
12	2	0.307692	0.0512821	0.194291	-0.333487	5.953
12	3	0.307692	0.0769231	0.249491	0.109461	23.3439
12	4	0.307692	0.102564	0.220479	-0.327698	-5.40173
12	5	0.307692	0.128205	0.49067	-0.350554	29.6454
12	6	0.307692	0.153846	0.127866	0.0485612	-1.56516
12	7	0.307692	0.179487	0.717462	-1.01392	14.3295
12	8	0.307692	0.205128	0.14343	0.237488	24.678
12	9	0.307692	0.230769	0.572223	-1.23601	-18.063
12	10	0.307692	0.25641	0.438068	-0.214241	53.9612
12	11	0.307692	0.282051	0.0956034	-0.646413	-36.9114
12	12	0.307692	0.307692	1.00233	-1.24287	55.2181
12	13	0.307692	0.333333	-0.0982826	0.174676	-13.5291
12	14	0.307692	0.358974	1.23151	-2.20453	12.3743
12	15	0.307692	0.384615	0.164218	0.179806	40.9509
12	16	0.307692	0.410256	0.373904	-2.03817	-46.264
12	17	0.307692	0.435897	0.502474	-0.615797	83.1416
12	18	0.307692	0.461538	-0.731814	-0.814482	-67.9771
12	19	0.307692	0.487179	1.08728	-1.81349	78.137
12	20	0.307692	0.512821	-0.672244	0.284462	-28.9768
12	21	0.307692	0.538462	1.21775	-2.7215	17.4802
12	22	0.307692	0.564103	-0.0707166	0.149069	38.8561
12	23	0.307692	0.589744	-0.257095	-2.1792	-51.6159
12	24	0.307692	0.615385	-0.211633	-0.588238	83.4274
12	25	0.307692	0.641026	-1.82074	-0.920465	-76.3959
12	26	0.307692	0.666667	-0.216292	-1.31041	84.4705
12	27	0.307692	0.692308	-1.92769	0.173641	-51.0851
12	28	0.307692	0.717949	0.0911308	-1.91096	41.7543
12	29	0.307692	0.74359	-1.07508	0.567077	4.52875
12	30	0.307692	0.769231	-0.689878	-1.73069	-21.1993
12	31	0.307692	0.794872	-0.876506	0.247853	52.77
12	32	0.307692	0.820513	-2.27981	-0.799424	-61.2843
12	33	0.307692	0.846154	-1.11485	-0.194277	70.9947
12	34	0.307692	0.871795	-2.93703	0.10497	-64.6687
12	35	0.307692	0.897436	-0.635134	-0.585885	59.1506
12	36	0.307692	0.923077	-1.89481	0.73666	-39.1481
12	37	0.307692	0.948718	0.339396	-0.755329	24.2123
12	38	0.307692	0.974359	0.190394	0.55754	-5.55447
12	39	0.307692	1	1	0	0
13	0	0.333333	0	0	0	10.8352
13	1	0.333333	0.025641	0.140477	-0.161087	10.8352
13	2	0.333333	0.0512821	0.14614	0.155107	16.1271
13	3	0.333333	0.0769231	0.369183	-0.403794	0.531801
13	4	0.333333	0.102564	0.262723	0.0140051	28.1365
13	5	0.333333	0.128205	0.358209	-0.254731	-8.55862
13	6	0.333333	0.153846	0.589069	-0.562699	29.5037
13	7	0.333333	0.179487	0.146249	0.168464	2.29394
13	8	0.333333	0.205128	0.899656	-1.19758	6.71985
13	9	0.333333	0.230769	0.0441005	0.257781	34.3862
13	10	0.333333	0.25641	0.772825	-1.22773	-28.4109
13	11	0.333333	0.282051	0.405472	-0.402689	62.59
13	12	0.333333	0.307692	0.308532	-0.418503	-40.0684
13	13	0.333333	0.333333	1.14306	-1.65894	52.2703
13	14	0.333333	0.358974	0.00554623	0.379818	-2.33969
13	15	0.333333	0.384615	1.29747	-2.51234	-5.84703
13	16	0.333333	0.410256	-0.0532318	0.141977	61.1417
13	17	0.333333	0.435897	0.374416	-1.95466	-66.9106
13	18	0.333333	0.461538	0.273405	-0.941841	99.9902
13	19	0.333333	0.487179	-0.397144	-0.439	-73.8446
13	20	0.333333	0.512821	1.10484	-2.4789	74.7911
13	21	0.333333	0.538462	-0.28308	0.488198	-12.6402
13	22	0.333333	0.564103	0.931052	-3.07328	-9.11016
13	23	0.333333	0.589744	-0.487254	0.032065	63.9423
13	24	0.333333	0.615385	-0.628035	-1.98893	-77.2403
13	25	0.333333	0.641026	-0.903813	-0.836663	103.099
13	26	0.333333	0.666667	-1.58145	-0.570807	-86.7877
13	27	0.333333	0.692308	-0.528013	-1.76081	87.9906
13	28	0.333333	0.717949	-1.32025	0.500695	-41.6897
13	29	0.333333	0.74359	-0.213089	-2.34348	21.7732
13	30	0.333333	0.769231	-1.09944	0.622434	27.6083
13	31	0.333333	0.794872	-1.1632	-1.72242	-50.5586
13	32	0.333333	0.820513	-1.56524	0.105195	76.5098
13	33	0.333333	0.846154	-2.26054	-0.633028	-83.1692
13	34	0.333333	0.871795	-1.60116	-0.479545	87.8885
13	35	0.333333	0.897436	-2.11771	0.327264	-73.8398
13	36	0.333333	0.923077	-0.615486	-1.08433	61.0045
13	37	0.333333	0.948718	-0.619444	0.876833	-32.0128
13	38	0.333333	0.974359	0.547356	-0.823836	11.3343
13	39	0.333333	1	1	0	0
14	0	0.358974	0	0	0	11.4212
14	1	0.358974	0.025641	0.105063	0.0451341	11.4212
14	2	0.358974	0.0512821	0.341417	-0.244476	8.36108
14	3	0.358974	0.0769231	0.121715	0.134966	18.8285
14	4	0.358974	0.102564	0.571541	-0.408768	-2.39408
14	5	0.358974	0.128205	0.285639	-0.0811224	29.7397
14	6	0.358974	0.153846	0.435453	-0.188889	-8.67997
14	7	0.358974	0.179487	0.766484	-0.679193	27.2187
14	8	0.358974	0.205128	0.0194485	0.246053	6.28676
14	9	0.358974	0.230769	1.1651	-1.22609	1.05928
14	10	0.358974	0.25641	-0.143633	0.261667	40.4563
14	11	0.358974	0.282051	1.04776	-1.0931	-32.9485
14	12	0.358974	0.307692	0.444276	-0.570317	64.5274
14	13	0.358974	0.333333	0.458948	-0.133549	-36.2999
14	14	0.358974	0.358974	1.38235	-1.88747	42.4195
14	15	0.358974	0.384615	-0.220414	0.572304	11.6973
14	16	0.358974	0.410256	1.46031	-2.41848	-22.7419
14	17	0.358974	0.435897	-0.533303	0.134642	76.8628
14	18	0.358974	0.461538	0.628028	-1.50948	-76.0007
14	19	0.358974	0.487179	0.118017	-1.23011	103.985
14	20	0.358974	0.512821	0.0055968	0.131765	-63.4994
14	21	0.358974	0.538462	1.16889	-2.78575	53.9902
14	22	0.358974	0.564103	-0.503408	0.694846	11.5716
14	23	0.358974	0.589744	0.678836	-2.65134	-35.9974
14	24	0.358974	0.615385	-1.4047	0.0216926	82.9941
14	25	0.358974	0.641026	-0.646575	-1.3163	-86.174
14	26	0.358974	0.666667	-1.5321	-0.931818	106.886
14	27	0.358974	0.692308	-1.10302	0.0405712	-76.8002
14	28	0.358974	0.717949	-0.676978	-1.95181	70.1761
14	29	0.358974	0.74359	-1.11416	0.859236	-17.5851
14	30	0.358974	0.769231	-0.43121	-2.12112	-8.94842
14	31	0.358974	0.794872	-1.74836	0.652064	51.0584
14	32	0.358974	0.820513	-1.30378	-1.18405	-69.4772
14	33	0.358974	0.846154	-2.35886	-0.00609895	88.7759
14	34	0.358974	0.871795	-1.79473	-0.214866	-85.3289
14	35	0.358974	0.897436	-1.85307	-0.763774	85.7727
14	36	0.358974	0.923077	-1.08469	0.641695	-60.5443
14	37	0.358974	0.948718	-0.39053	-1.32602	40.5419
14	38	0.358974	0.974359	0.340662	0.686	-12.1513
14	39	0.358974	1	1	0	0
15	0	0.384615	0	0	0	11.2062
15	1	0.384615	0.025641	0.178007	-0.0384575	11.2062
15	2	0.384615	0.0512821	0.115076	0.0201936	11.1569
15	3	0.384615	0.0769231	0.572392	-0.27342	8.16088
15	4	0.384615	0.102564	0.0783202	0.114517	18.6259
15	5	0.384615	0.128205	0.728292	-0.435138	-2.65402
15	6	0.384615	0.153846	0.383613	-0.0957608	29.6949
15	7	0.384615	0.179487	0.383757	-0.187569	-9.18806
15	8	0.384615	0.205128	1.00837	-0.669209	27.0824
15	9	0.384615	0.230769	-0.230595	0.298819	6.16345
15	10	0.384615	0.25641	1.45533	-1.16644	0.850073
15	11	0.384615	0.282051	-0.290005	0.305518	40.6543
15	12	0.384615	0.307692	1.28757	-0.940417	-32.0556
15	13	0.384615	0.333333	0.632722	-0.599634	61.0494
15	14	0.384615	0.358974	0.344135	0.118252	-30.788
15	15	0.384615	0.384615	1.66825	-1.74839	33.3686
15	16	0.384615	0.410256	-0.833225	0.773046	19.8651
15	17	0.384615	0.435897	1.6954	-1.94637	-28.26
15	18	0.384615	0.461538	-1.07655	0.244166	80.0578
15	19	0.384615	0.487179	1.01373	-0.853161	-70.0655
15	20	0.384615	0.512821	0.146945	-1.25692	91.3287
15	21	0.384615	0.538462	0.0480294	0.69056	-44.4562
15	22	0.384615	0.564103	1.22318	-2.30837	28.6267
15	23	0.384615	0.589744	-1.44051	0.911509	28.3143
15	24	0.384615	0.615385	0.514323	-1.63563	-44.0529
15	25	0.384615	0.641026	-2.44515	0.190317	83.3217
15	26	0.384615	0.666667	-0.386759	-0.486149	-73.7075
15	27	0.384615	0.692308	-1.85945	-0.783689	89.6103
15	28	0.384615	0.717949	-0.735501	0.637257	-53.1387
15	29	0.384615	0.74359	-0.615889	-1.6086	39.6524
15	30	0.384615	0.769231	-1.53745	1.09287	5.84566
15	31	0.384615	0.794872	-0.508468	-1.29058	-28.6935
15	32	0.384615	0.820513	-2.71293	0.652582	59.6721
15	33	0.384615	0.846154	-1.13992	-0.488387	-66.3326
15	34	0.384615	0.871795	-2.91334	-0.0680229	80.8206
15	35	0.384615	0.897436	-1.07349	0.212468	-67.5639
15	36	0.384615	0.923077	-1.69969	-0.924382	62.2597
15	37	0.384615	0.948718	-0.175066	0.772202	-33.7472
15	38	0.384615	0.974359	0.180926	-0.913184	12.4473
15	39	0.384615	1	1	0	0
16	0	0.410256	0	0	0	9.98826
16	1	0.410256	0.025641	0.117994	-0.0897424	9.98826
16	2	0.410256	0.0512821	0.391024	-0.0207677	13.2375
16	3	0.410256	0.0769231	0.0792406	-0.0152615	7.85644
16	4	0.410256	0.102564	0.766954	-0.336921	10.7134
16	5	0.410256	0.128205	0.0967526	0.166614	16.9114
16	6	0.410256	0.153846	0.786217	-0.555704	-3.40604
16	7	0.410256	0.179487	0.552103	-0.0190016	31.9881
16	8	0.410256	0.205128	0.214736	-0.245293	-14.1227
16	9	0.410256	0.230769	1.23217	-0.617144	32.2363
16	10	0.410256	0.25641	-0.468317	0.375788	0.429384
16	11	0.410256	0.282051	1.69247	-1.16369	5.27466
16	12	0.410256	0.307692	-0.251215	0.43492	37.1603
16	13	0.410256	0.333333	1.35127	-0.897544	-30.6124
16	14	0.410256	0.358974	0.92446	-0.420046	58.3984
16	15	0.410256	0.384615	-0.140375	0.255176	-31.3989
16	16	0.410256	0.410256	1.84273	-1.31151	34.231
16	17	0.410256	0.435897	-1.61396	0.980159	14.9471
16	18	0.410256	0.461538	1.91578	-1.39565	-19.4596
16	19	0.410256	0.487179	-1.36061	0.498452	68.1225
16	20	0.410256	0.512821	1.26332	-0.334687	-55.3332
16	21	0.410256	0.538462	0.402719	-0.82246	70.3887
16	22	0.410256	0.564103	-0.583075	0.956103	-31.2746
16	23	0.410256	0.589744	1.11974	-1.23164	19.4381
16	24	0.410256	0.615385	-2.69069	1.02662	23.7584
16	25	0.410256	0.641026	0.405484	-0.694698	-28.1865
16	26	0.410256	0.666667	-3.0778	0.46508	61.2871
16	27	0.410256	0.692308	-0.0606412	0.0493243	-48.3406
16	28	0.410256	0.717949	-1.69385	-0.378568	59.1336
16	29	0.410256	0.74359	-0.821008	0.870234	-30.1762
16	30	0.410256	0.769231	-0.418476	-0.784767	17.536
16	31	0.410256	0.794872	-2.44482	1.02843	12.7148
16	32	0.410256	0.820513	-0.540549	-0.433874	-24.1861
16	33	0.410256	0.846154	-3.48651	0.588175	45.5242
16	34	0.410256	0.871795	-0.784166	-0.045225	-44.384
16	35	0.410256	0.897436	-2.91725	-0.0925413	53.6682
16	36	0.410256	0.923077	-0.329187	0.40799	-39.076
16	37	0.410256	0.948718	-1.01795	-0.779039	28.59
16	38	0.410256	0.974359	0.49057	0.476641	-9.62066
16	39	0.410256	1	1	0	0
17	0	0.435897	0	0	0	11.4761
17	1	0.435897	0.025641	0.178743	0.0977215	11.4761
17	2	0.435897	0.0512821	0.166282	-0.206752	5.43282
17	3	0.435897	0.0769231	0.573552	-0.0406155	18.4184
17	4	0.435897	0.102564	0.0824596	0.0216026	2.65737
17	5	0.435897	0.128205	0.884571	-0.510304	13.1598
17	6	0.435897	0.153846	0.196429	0.30025	17.5886
17	7	0.435897	0.179487	0.757562	-0.761434	-8.55298
17	8	0.435897	0.205128	0.699776	0.0656011	39.4666
17	9	0.435897	0.230769	0.0430639	-0.292266	-24.5019
17	10	0.435897	0.25641	1.36744	-0.662929	41.644
17	11	0.435897	0.282051	-0.521519	0.524022	-7.56017
17	12	0.435897	0.307692	1.82076	-1.34678	9.26271
17	13	0.435897	0.333333	-0.00674194	0.637879	36.2211
17	14	0.435897	0.358974	1.14311	-1.03831	-35.4569
17	15	0.435897	0.384615	1.10676	-0.137083	63.9735
17	16	0.435897	0.410256	-0.816364	0.25446	-43.6734
17	17	0.435897	0.435897	1.79157	-0.947034	47.4863
17	18	0.435897	0.461538	-2.08395	1.18006	-2.36739
17	19	0.435897	0.487179	2.05086	-1.20926	-3.50669
17	20	0.435897	0.512821	-1.06823	0.854036	50.0895
17	21	0.435897	0.538462	1.05206	-0.348898	-45.3181
17	22	0.435897	0.564103	0.66602	-0.109334	60.7032
17	23	0.435897	0.589744	-1.67096	0.743706	-37.9458
17	24	0.435897	0.615385	0.724389	-0.452207	34.2661
17	25	0.435897	0.641026	-3.44787	1.00148	-2.83777
17	26	0.435897	0.666667	0.341901	-0.421265	-0.353602
17	27	0.435897	0.692308	-2.88235	0.739427	29.2694
17	28	0.435897	0.717949	0.0350683	-0.031671	-25.4
17	29	0.435897	0.74359	-1.12003	0.170064	36.2938
17	30	0.435897	0.769231	-1.45811	0.556717	-23.6739
17	31	0.435897	0.794872	-0.388145	-0.0770832	19.6337
17	32	0.435897	0.820513	-3.25931	0.709739	-4.17937
17	33	0.435897	0.846154	-0.593133	-0.0925277	-0.864679
17	34	0.435897	0.871795	-3.60132	0.496098	14.6253
17	35	0.435897	0.897436	-0.356483	-0.0057609	-15.3651
17	36	0.435897	0.923077	-2.22399	-0.0246689	19.9191
17	37	0.435897	0.948718	0.260518	0.240214	-13.1516
17	38	0.435897	0.974359	0.0560472	-0.353895	4.73388
17	39	0.435897	1	1	0	0
18	0	0.461538	0	0	0	8.99805
18	1	0.461538	0.025641	0.153565	-0.19554	8.99805
18	2	0.461538	0.0512821	0.334875	0.169149	16.5695
18	3	0.461538	0.0769231	0.230323	-0.258246	-1.76838
18	4	0.461538	0.102564	0.68461	-0.167831	24.2313
18	5	0.461538	0.128205	0.160858	0.15791	-0.582166
18	6	0.461538	0.153846	0.945551	-0.777746	11.6611
18	7	0.461538	0.179487	0.294569	0.443294	23.414
18	8	0.461538	0.205128	0.727866	-0.950666	-19.0404
18	9	0.461538	0.230769	0.736544	0.0559244	50.948
18	10	0.461538	0.25641	0.01684	-0.240275	-36.4751
18	11	0.461538	0.282051	1.4186	-0.893669	50.3804
18	12	0.461538	0.307692	-0.33679	0.743844	-11.1406
18	13	0.461538	0.333333	1.81973	-1.72631	6.31848
18	14	0.461538	0.358974	0.238339	0.816132	43.7899
18	15	0.461538	0.384615	0.753837	-1.28321	-50.5306
18	16	0.461538	0.410256	0.983484	-0.00770344	79.5442
18	17	0.461538	0.435897	-1.24938	0.214317	-64.4789
18	18	0.461538	0.461538	1.61629	-1.02955	66.1462
18	19	0.461538	0.487179	-1.83492	1.3678	-19.7181
18	20	0.461538	0.512821	2.01973	-1.6655	5.73327
18	21	0.461538	0.538462	-0.365563	1.1165	44.223
18	22	0.461538	0.564103	0.316779	-0.885737	-53.6567
18	23	0.461538	0.589744	0.460733	0.196606	72.9116
18	24	0.461538	0.615385	-2.42702	0.327727	-63.52
18	25	0.461538	0.641026	0.198772	-0.49284	60.4472
18	26	0.461538	0.666667	-3.24606	0.935757	-33.298
18	27	0.461538	0.692308	0.264731	-0.861967	22.0809
18	28	0.461538	0.717949	-2.01003	0.937051	9.57034
18	29	0.461538	0.74359	-0.320764	-0.653597	-20.2142
18	30	0.461538	0.769231	-0.735201	0.483373	37.3886
18	31	0.461538	0.794872	-2.20171	-0.00277994	-40.041
18	32	0.461538	0.820513	-0.683044	0.0407639	40.5032
18	33	0.461538	0.846154	-3.43433	0.409822	-34.3761
18	34	0.461538	0.871795	-0.622567	-0.239834	26.8087
18	35	0.461538	0.897436	-2.95237	0.466344	-16.6139
18	36	0.461538	0.923077	0.0268982	-0.308226	8.03479
18	37	0.461538	0.948718	-1.00137	0.155878	-2.6216
18	38	0.461538	0.974359	0.650856	-0.151939	-1.38119
18	39	0.461538	1	1	0	0
19	0	0.487179	0	0	0	11.0062
19	1	0.487179	0.025641	0.165374	0.146854	11.0062
19	2	0.487179	0.0512821	0.302988	-0.338978	3.11294
19	3	0.487179	0.0769231	0.41411	0.143032	23.1739
19	4	0.487179	0.102564	0.350887	-0.192224	-7.97052
19	5	0.487179	0.128205	0.745772	-0.38366	26.9252
19	6	0.487179	0.153846	0.251155	0.336256	1.03952
19	7	0.487179	0.179487	1.01841	-1.02149	5.01329
19	8	0.487179	0.205128	0.278461	0.518792	33.074
19	9	0.487179	0.230769	0.800125	-0.999874	-31.0895
19	10	0.487179	0.25641	0.663215	-0.0778356	61.7539
19	11	0.487179	0.282051	0.185086	-0.0516031	-43.6384
19	12	0.487179	0.307692	1.44517	-1.27081	52.505
19	13	0.487179	0.333333	-0.0828277	0.977187	-5.52338
19	14	0.487179	0.358974	1.74269	-2.11706	-6.69575
19	15	0.487179	0.384615	0.193928	0.868693	59.8433
19	16	0.487179	0.410256	0.467146	-1.41432	-71.5262
19	17	0.487179	0.435897	0.621504	-0.175188	99.0006
19	18	0.487179	0.461538	-1.13091	0.292245	-81.4076
19	19	0.487179	0.487179	1.49077	-1.63086	77.7292
19	20	0.487179	0.512821	-1.02382	1.5031	-20.8379
19	21	0.487179	0.538462	1.72254	-2.46294	-4.76226
19	22	0.487179	0.564103	-0.0873164	1.03737	58.9793
19	23	0.487179	0.589744	-0.4333	-1.31009	-78.7207
19	24	0.487179	0.615385	-0.232623	-0.0855382	95.9013
19	25	0.487179	0.641026	-2.43193	0.125529	-88.0505
19	26	0.487179	0.666667	-0.256185	-1.044	80.1838
19	27	0.487179	0.692308	-2.38081	0.945175	-46.2138
19	28	0.487179	0.717949	0.0479116	-1.62578	24.7093
19	29	0.487179	0.74359	-1.26143	0.971288	14.7889
19	30	0.487179	0.769231	-0.908182	-1.2303	-37.6454
19	31	0.487179	0.794872	-0.971517	0.382676	56.5114
19	32	0.487179	0.820513	-2.49883	-0.309666	-66.1924
19	33	0.487179	0.846154	-1.11992	-0.214021	64.0416
19	34	0.487179	0.871795	-2.92868	0.300778	-59.0901
19	35	0.487179	0.897436	-0.601457	-0.6327	46.0582
19	36	0.487179	0.923077	-1.7684	0.541659	-32.3565
19	37	0.487179	0.948718	0.292131	-0.734953	15.3928
19	38	0.487179	0.974359	0.216791	0.194198	-6.07664
19	39	0.487179	1	1	0	0
20	0	0.512821	0	0	0	8.77629
20	1	0.512821	0.025641	0.199358	-0.179523	8.77629
20	2	0.512821	0.0512821	0.243838	0.209029	15.3559
20	3	0.512821	0.0769231	0.489444	-0.364957	-2.90143
20	4	0.512821	0.102564	0.427369	0.0350768	27.6323
20	5	0.512821	0.128205	0.483372	-0.0508763	-10.0112
20	6	0.512821	0.153846	0.822128	-0.578049	24.9132
20	7	0.512821	0.179487	0.241285	0.475869	6.39554
20	8	0.512821	0.205128	1.1655	-1.10328	-3.47139
20	9	0.512821	0.230769	0.113195	0.518148	41.8865
20	10	0.512821	0.25641	1.00321	-0.866899	-38.7217
20	11	0.512821	0.282051	0.566722	-0.272722	66.6439
20	12	0.512821	0.307692	0.431227	0.234594	-42.1926
20	13	0.512821	0.333333	1.52099	-1.60339	45.2204
20	14	0.512821	0.358974	-0.0536389	1.17073	7.57085
20	15	0.512821	0.384615	1.71522	-2.22965	-24.9574
20	16	0.512821	0.410256	-0.219976	0.816611	77.6573
20	17	0.512821	0.435897	0.500963	-1.25847	-87.2224
20	18	0.512821	0.461538	0.252107	-0.554663	112.181
20	19	0.512821	0.487179	-0.56477	0.588346	-82.1744
20	20	0.512821	0.512821	1.46924	-2.40152	70.5151
20	21	0.512821	0.538462	-0.448255	1.55587	-2.14482
20	22	0.512821	0.564103	1.30305	-2.76849	-32.7608
20	23	0.512821	0.589744	-0.647943	0.762644	82.4724
20	24	0.512821	0.615385	-0.760201	-1.15752	-99.9982
20	25	0.512821	0.641026	-1.05155	-0.505498	112.124
20	26	0.512821	0.666667	-1.90938	0.280959	-93.5181
20	27	0.512821	0.692308	-0.561945	-1.62661	80.4326
20	28	0.512821	0.717949	-1.54589	1.06968	-34.8914
20	29	0.512821	0.74359	-0.244268	-2.07219	4.2695
20	30	0.512821	0.769231	-1.25503	0.878214	36.1912
20	31	0.512821	0.794872	-1.27364	-1.23998	-62.6644
20	32	0.512821	0.820513	-1.61342	0.13604	76.3471
20	33	0.512821	0.846154	-2.26279	-0.251843	-82.6533
20	34	0.512821	0.871795	-1.49117	-0.541307	77.1674
20	35	0.512821	0.897436	-1.97425	0.385825	-65.6852
20	36	0.512821	0.923077	-0.508435	-1.0706	47.455
20	37	0.512821	0.948718	-0.519176	0.599418	-27.251
20	38	0.512821	0.974359	0.552817	-0.829568	6.24789
20	39	0.512821	1	1	0	0
21	0	0.538462	0	0	0	9.67009
21	1	0.538462	0.025641	0.154327	0.0823823	9.67009
21	2	0.538462	0.0512821	0.421841	-0.252927	5.45224
21	3	0.538462	0.0769231	0.231531	0.190403	18.5342
21	4	0.538462	0.102564	0.679067	-0.300294	-5.71202
21	5	0.538462	0.128205	0.440676	-0.063982	28.0199
21	6	0.538462	0.153846	0.535327	0.0719791	-8.43626
21	7	0.538462	0.179487	0.961795	-0.625391	20.7414
21	8	0.538462	0.205128	0.0731833	0.544743	10.9479
21	9	0.538462	0.230769	1.38088	-0.989168	-8.20858
21	10	0.538462	0.25641	-0.122738	0.496121	45.0015
21	11	0.538462	0.282051	1.25899	-0.623189	-38.6965
21	12	0.538462	0.307692	0.562257	-0.392369	63.3442
21	13	0.538462	0.333333	0.536879	0.533881	-34.3656
21	14	0.538462	0.358974	1.68351	-1.63137	32.5919
21	15	0.538462	0.384615	-0.428817	1.32865	20.5277
21	16	0.538462	0.410256	1.81103	-1.92128	-37.5906
21	17	0.538462	0.435897	-0.839551	0.767307	87.9455
21	18	0.538462	0.461538	0.836048	-0.795778	-88.4119
21	19	0.538462	0.487179	0.0648845	-0.906413	109.706
21	20	0.538462	0.512821	-0.0194579	1.06852	-65.6563
21	21	0.538462	0.538462	1.52323	-2.64681	44.5587
21	22	0.538462	0.564103	-0.74241	1.63678	22.9058
21	23	0.538462	0.589744	0.980028	-2.14359	-56.7732
21	24	0.538462	0.615385	-1.71417	0.604141	96.7463
21	25	0.538462	0.641026	-0.677107	-0.533019	-100.512
21	26	0.538462	0.666667	-1.68478	-0.716394	109.262
21	27	0.538462	0.692308	-1.25126	0.706932	-77.4809
21	28	0.538462	0.717949	-0.657746	-1.82229	58.3958
21	29	0.538462	0.74359	-1.29007	1.25001	-10.0271
21	30	0.538462	0.769231	-0.415284	-1.77009	-23.759
21	31	0.538462	0.794872	-1.88785	0.771799	55.5737
21	32	0.538462	0.820513	-1.27519	-0.766516	-74.5719
21	33	0.538462	0.846154	-2.29213	-0.0560539	83.044
21	34	0.538462	0.871795	-1.64346	0.00372397	-79.9618
21	35	0.538462	0.897436	-1.63162	-0.823024	71.9867
21	36	0.538462	0.923077	-0.906616	0.533548	-52.6011
21	37	0.538462	0.948718	-0.249625	-1.24299	30.0515
21	38	0.538462	0.974359	0.398995	0.361981	-11.5715
21	39	0.538462	1	1	0	0
22	0	0.564103	0	0	0	8.98106
22	1	0.564103	0.025641	0.215498	-0.055189	8.98106
22	2	0.564103	0.0512821	0.187237	0.0847973	10.2227
22	3	0.564103	0.0769231	0.639102	-0.238329	4.38281
22	4	0.564103	0.102564	0.192651	0.163573	18.3593
22	5	0.564103	0.128205	0.799381	-0.243366	-5.17807
22	6	0.564103	0.153846	0.514191	-0.0537379	26.1543
22	7	0.564103	0.179487	0.450045	0.111978	-7.23243
22	8	0.564103	0.205128	1.13866	-0.502775	19.3667
22	9	0.564103	0.230769	-0.193443	0.569133	10.1471
22	10	0.564103	0.25641	1.59	-0.78987	-6.12106
22	11	0.564103	0.282051	-0.275781	0.53729	40.8978
22	12	0.564103	0.307692	1.42928	-0.403426	-33.2468
22	13	0.564103	0.333333	0.711266	-0.289135	55.2317
22	14	0.564103	0.358974	0.322755	0.754852	-27.2682
22	15	0.564103	0.384615	1.86347	-1.2481	24.2049
22	16	0.564103	0.410256	-1.13042	1.46266	24.3602
22	17	0.564103	0.435897	1.97594	-1.32691	-36.3779
22	18	0.564103	0.461538	-1.38207	0.82043	83.4928
22	19	0.564103	0.487179	1.25184	-0.17971	-75.0806
22	20	0.564103	0.512821	0.149545	-0.897477	89.8941
22	21	0.564103	0.538462	-0.0180249	1.5585	-43.2924
22	22	0.564103	0.564103	1.55444	-1.90462	17.9272
22	23	0.564103	0.589744	-1.82113	1.75052	36.2578
22	24	0.564103	0.615385	0.763925	-0.983466	-57.4055
22	25	0.564103	0.641026	-2.74788	0.660299	89.2034
22	26	0.564103	0.666667	-0.346231	0.176616	-80.0563
22	27	0.564103	0.692308	-1.89476	-0.600056	85.0643
22	28	0.564103	0.717949	-0.837211	1.12749	-50.4908
22	29	0.564103	0.74359	-0.517043	-1.37914	27.2412
22	30	0.564103	0.769231	-1.72069	1.32744	10.8486
22	31	0.564103	0.794872	-0.427234	-0.927015	-37.0837
22	32	0.564103	0.820513	-2.73484	0.655884	58.1666
22	33	0.564103	0.846154	-0.993424	-0.233354	-65.3288
22	34	0.564103	0.871795	-2.66836	-0.171806	70.3721
22	35	0.564103	0.897436	-0.858733	0.235147	-60.3904
22	36	0.564103	0.923077	-1.39574	-0.951346	48.8485
22	37	0.564103	0.948718	-0.0318716	0.529019	-28.8815
22	38	0.564103	0.974359	0.295659	-0.905895	7.25723
22	39	0.564103	1	1	0	0
23	0	0.589744	0	0	0	8.10689
23	1	0.589744	0.025641	0.149558	-0.0417045	8.10689
23	2	0.589744	0.0512821	0.424139	-0.0342044	9.8766
23	3	0.589744	0.0769231	0.162723	0.0671489	8.06541
23	4	0.589744	0.102564	0.790997	-0.226983	6.24244
23	5	0.589744	0.128205	0.203798	0.211912	16.1026
23	6	0.589744	0.153846	0.807514	-0.274226	-4.56605
23	7	0.589744	0.179487	0.633098	0.080082	26.3141
23	8	0.589744	0.205128	0.268249	0.0759544	-10.5529
23	9	0.589744	0.230769	1.26753	-0.329883	23.7501
23	10	0.589744	0.25641	-0.396057	0.615273	3.14214
23	11	0.589744	0.282051	1.71033	-0.676538	0.642419
23	12	0.589744	0.307692	-0.219852	0.708433	33.4126
23	13	0.589744	0.333333	1.38831	-0.33381	-28.7256
23	14	0.589744	0.358974	0.93061	0.059314	50.237
23	15	0.589744	0.384615	-0.199317	0.822784	-28.6598
23	16	0.589744	0.410256	1.90527	-0.672448	27.585
23	17	0.589744	0.435897	-1.81027	1.56974	14.1301
23	18	0.589744	0.461538	2.10145	-0.786502	-22.3923
23	19	0.589744	0.487179	-1.52548	1.04095	64.8073
23	20	0.589744	0.512821	1.42906	0.270267	-56.4187
23	21	0.589744	0.538462	0.464323	-0.297307	65.2494
23	22	0.589744	0.564103	-0.754733	1.74958	-31.0513
23	23	0.589744	0.589744	1.37045	-0.615042	12.0761
23	24	0.589744	0.615385	-3.0174	1.74109	25.5602
23	25	0.589744	0.641026	0.615181	-0.0948352	-35.0797
23	26	0.589744	0.666667	-3.17307	0.856725	60.2132
23	27	0.589744	0.692308	-0.00626848	0.546196	-50.7366
23	28	0.589744	0.717949	-1.56344	-0.155329	51.7782
23	29	0.589744	0.74359	-0.949137	1.20355	-28.2623
23	30	0.589744	0.769231	-0.271974	-0.497532	9.31506
23	31	0.589744	0.794872	-2.52857	1.13683	12.7933
23	32	0.589744	0.820513	-0.390804	-0.202989	-26.809
23	33	0.589744	0.846154	-3.26355	0.518517	39.4198
23	34	0.589744	0.871795	-0.564084	0.0188544	-41.0685
23	35	0.589744	0.897436	-2.4938	-0.218058	42.3665
23	36	0.589744	0.923077	-0.138136	0.265234	-33.5067
23	37	0.589744	0.948718	-0.713261	-0.787202	19.7757
23	38	0.589744	0.974359	0.563006	0.178865	-9.22442
23	39	0.589744	1	1	0	0
24	0	0.615385	0	0	0	9.02568
24	1	0.615385	0.025641	0.191509	0.0718333	9.02568
24	2	0.615385	0.0512821	0.204855	-0.108781	4.90542
24	3	0.615385	0.0769231	0.572229	-0.0161034	13.3716
24	4	0.615385	0.102564	0.164259	0.107323	4.01012
24	5	0.615385	0.128205	0.846538	-0.298166	8.44022
24	6	0.615385	0.153846	0.2752	0.352717	15.5082
24	7	0.615385	0.179487	0.734041	-0.387986	-7.65343
24	8	0.615385	0.205128	0.709225	0.236822	31.2622
24	9	0.615385	0.230769	0.124264	0.0417886	-18.9773
24	10	0.615385	0.25641	1.28616	-0.267912	32.0426
24	11	0.615385	0.282051	-0.384773	0.748284	-5.6261
24	12	0.615385	0.307692	1.69635	-0.760293	6.07078
24	13	0.615385	0.333333	0.00733325	0.984267	29.8674
24	14	0.615385	0.358974	1.11592	-0.451861	-31.7183
24	15	0.615385	0.384615	1.00305	0.448513	54.6852
24	16	0.615385	0.410256	-0.733322	0.757125	-41.3399
24	17	0.615385	0.435897	1.74011	-0.307529	41.503
24	18	0.615385	0.461538	-2.01457	1.67632	-5.5678
24	19	0.615385	0.487179	2.10584	-0.648907	-5.0295
24	20	0.615385	0.512821	-1.08979	1.42121	44.2109
24	21	0.615385	0.538462	1.10039	0.21762	-46.0348
24	22	0.615385	0.564103	0.694771	0.561111	55.9234
24	23	0.615385	0.589744	-1.76015	1.45315	-40.2063
24	24	0.615385	0.615385	0.907392	0.152845	29.4491
24	25	0.615385	0.641026	-3.46418	1.60891	-4.55883
24	26	0.615385	0.666667	0.533135	0.0403368	-5.40208
24	27	0.615385	0.692308	-2.70619	1.09143	26.3754
24	28	0.615385	0.717949	0.0422819	0.3372	-28.1094
24	29	0.615385	0.74359	-0.912664	0.431369	31.274
24	30	0.615385	0.769231	-1.53594	0.797071	-24.9484
24	31	0.615385	0.794872	-0.224713	0.132407	15.7519
24	32	0.615385	0.820513	-3.07323	0.772938	-7.15491
24	33	0.615385	0.846154	-0.360166	-0.0193516	-1.96122
24	34	0.615385	0.871795	-3.11228	0.397975	8.6189
24	35	0.615385	0.897436	-0.129628	-0.072523	-13.4955
24	36	0.615385	0.923077	-1.72341	-0.154653	12.2941
24	37	0.615385	0.948718	0.368978	0.0314758	-11.2095
24	38	0.615385	0.974359	0.231918	-0.448404	1.05743
24	39	0.615385	1	1	0	0
25	0	0.641026	0	0	0	7.0754
25	1	0.641026	0.025641	0.155921	-0.129778	7.0754
25	2	0.641026	0.0512821	0.328062	0.136962	12.5719
25	3	0.641026	0.0769231	0.2539	-0.122683	-0.27187
25	4	0.641026	0.102564	0.631378	-0.0714351	17.4336
25	5	0.641026	0.128205	0.221579	0.234377	1.35862
25	6	0.641026	0.153846	0.835092	-0.444512	7.52569
25	7	0.641026	0.179487	0.330182	0.512242	19.1507
25	8	0.641026	0.205128	0.675516	-0.489251	-15.1257
25	9	0.641026	0.230769	0.668235	0.295345	39.4496
25	10	0.641026	0.25641	0.144558	0.104678	-28.1889
25	11	0.641026	0.282051	1.20236	-0.387608	38.7741
25	12	0.641026	0.307692	-0.174306	0.966752	-9.25602
25	13	0.641026	0.333333	1.56273	-1.003	4.14132
25	14	0.641026	0.358974	0.170899	1.22723	35.0888
25	15	0.641026	0.384615	0.788419	-0.625537	-43.7954
25	16	0.641026	0.410256	0.789299	0.610407	67.2434
25	17	0.641026	0.435897	-0.892259	0.70013	-58.7235
25	18	0.641026	0.461538	1.45873	-0.389827	57.0399
25	19	0.641026	0.487179	-1.55258	1.81448	-20.8669
25	20	0.641026	0.512821	1.90253	-1.03568	2.91024
25	21	0.641026	0.538462	-0.422658	1.75049	38.7563
25	22	0.641026	0.564103	0.388899	-0.251835	-54.1369
25	23	0.641026	0.589744	0.429813	0.898841	67.4889
25	24	0.641026	0.615385	-2.19601	1.01462	-64.2366
25	25	0.641026	0.641026	0.375776	0.0382236	53.801
25	26	0.641026	0.666667	-2.91569	1.47615	-32.6341
25	27	0.641026	0.692308	0.399584	-0.469707	14.8044
25	28	0.641026	0.717949	-1.71146	1.2673	9.39137
25	29	0.641026	0.74359	-0.331698	-0.296487	-25.1508
25	30	0.641026	0.769231	-0.562699	0.714291	35.0142
25	31	0.641026	0.794872	-2.04333	0.252061	-42.219
25	32	0.641026	0.820513	-0.454398	0.15272	36.7462
25	33	0.641026	0.846154	-2.93569	0.478835	-35.1928
25	34	0.641026	0.871795	-0.331316	-0.254494	23.1903
25	35	0.641026	0.897436	-2.30831	0.350712	-18.1417
25	36	0.641026	0.923077	0.187586	-0.406514	6.24957
25	37	0.641026	0.948718	-0.605434	0.000168683	-5.08952
25	38	0.641026	0.974359	0.685676	-0.327443	-2.56796
25	39	0.641026	1	1	0	0
26	0	0.666667	0	0	0	8.5082
26	1	0.666667	0.025641	0.153986	0.115996	8.5082
26	2	0.666667	0.0512821	0.27257	-0.212088	2.79062
26	3	0.666667	0.0769231	0.377799	0.1362	17.1095
26	4	0.666667	0.102564	0.335966	-0.0429585	-4.5428
26	5	0.666667	0.128205	0.628042	-0.193298	18.916
26	6	0.666667	0.153846	0.279474	0.396288	2.60991
26	7	0.666667	0.179487	0.829061	-0.567166	2.53006
26	8	0.666667	0.205128	0.280626	0.59971	25.7102
26	9	0.666667	0.230769	0.719376	-0.465173	-23.2682
26	10	0.666667	0.25641	0.519138	0.221344	46.034
26	11	0.666667	0.282051	0.321563	0.290908	-32.1092
26	12	0.666667	0.307692	1.07995	-0.614042	38.5433
26	13	0.666667	0.333333	0.0276627	1.18958	-4.30106
26	14	0.666667	0.358974	1.41302	-1.19514	-6.2778
26	15	0.666667	0.384615	0.0464822	1.3153	46.6238
26	16	0.666667	0.410256	0.658955	-0.638253	-58.1807
26	17	0.666667	0.435897	0.373318	0.476638	79.863
26	18	0.666667	0.461538	-0.568604	0.783867	-68.3973
26	19	0.666667	0.487179	1.1697	-0.847333	62.7865
26	20	0.666667	0.512821	-0.794539	1.94614	-19.251
26	21	0.666667	0.538462	1.51086	-1.57362	-7.40263
26	22	0.666667	0.564103	-0.270781	1.7522	51.4161
26	23	0.666667	0.589744	-0.119645	-0.532013	-73.9981
26	24	0.666667	0.615385	-0.235648	0.621843	85.3895
26	25	0.666667	0.641026	-1.86324	0.808787	-81.6325
26	26	0.666667	0.666667	-0.0917836	-0.538733	67.8307
26	27	0.666667	0.692308	-1.88988	1.41055	-40.0756
26	28	0.666667	0.717949	0.116813	-1.17106	13.9397
26	29	0.666667	0.74359	-1.03001	1.25581	16.4872
26	30	0.666667	0.769231	-0.77176	-0.78144	-41.7721
26	31	0.666667	0.794872	-0.784755	0.56124	52.5266
26	32	0.666667	0.820513	-2.02658	-0.0228529	-63.9165
26	33	0.666667	0.846154	-0.793367	-0.162686	56.1962
26	34	0.666667	0.871795	-2.21728	0.352027	-53.8723
26	35	0.666667	0.897436	-0.314929	-0.657884	37.5447
26	36	0.666667	0.923077	-1.16907	0.376568	-28.6446
26	37	0.666667	0.948718	0.374208	-0.749124	10.7258
26	38	0.666667	0.974359	0.388312	-0.0148636	-6.61725
26	39	0.666667	1	1	0	0
27	0	0.692308	0	0	0	6.73958
27	1	0.692308	0.025641	0.163227	-0.121437	6.73958
27	2	0.692308	0.0512821	0.215784	0.16905	11.6517
27	3	0.692308	0.0769231	0.394974	-0.196911	-1.40161
27	4	0.692308	0.102564	0.359519	0.0716772	19.7535
27	5	0.692308	0.128205	0.416941	0.0937655	-5.38485
27	6	0.692308	0.153846	0.624639	-0.295414	16.5554
27	7	0.692308	0.179487	0.254541	0.511666	6.80585
27	8	0.692308	0.205128	0.884414	-0.554348	-3.60538
27	9	0.692308	0.230769	0.114086	0.58929	30.8621
27	10	0.692308	0.25641	0.857256	-0.290296	-26.8197
27	11	0.692308	0.282051	0.346476	0.087329	46.3596
27	12	0.692308	0.307692	0.504868	0.53185	-28.1979
27	13	0.692308	0.333333	1.01072	-0.750966	30.3173
27	14	0.692308	0.358974	-0.00516145	1.33354	5.89123
27	15	0.692308	0.384615	1.36697	-1.11089	-18.8376
27	16	0.692308	0.410256	-0.361529	1.2524	56.5862
27	17	0.692308	0.435897	0.794759	-0.398178	-64.4908
27	18	0.692308	0.461538	-0.0505996	0.176365	83.0753
27	19	0.692308	0.487179	-0.0391258	1.02061	-62.6022
27	20	0.692308	0.512821	0.970641	-1.29505	51.5098
27	21	0.692308	0.538462	-0.434207	2.00805	-2.50383
27	22	0.692308	0.564103	1.18835	-1.60706	-28.9788
27	23	0.692308	0.589744	-0.803149	1.50726	67.7588
27	24	0.692308	0.615385	-0.166701	-0.324345	-85.4514
27	25	0.692308	0.641026	-0.952934	0.162565	92.7633
27	26	0.692308	0.666667	-1.1806	0.866418	-78.7552
27	27	0.692308	0.692308	-0.416922	-1.08638	61.3783
27	28	0.692308	0.717949	-1.12538	1.39565	-25.895
27	29	0.692308	0.74359	-0.133382	-1.47353	-6.00673
27	30	0.692308	0.769231	-1.07329	1.07763	34.985
27	31	0.692308	0.794872	-0.884813	-0.752822	-60.4068
27	32	0.692308	0.820513	-1.31021	0.241504	66.5784
27	33	0.692308	0.846154	-1.55728	-0.0144531	-72.9767
27	34	0.692308	0.871795	-1.08173	-0.528936	62.8805
27	35	0.692308	0.897436	-1.2429	0.353193	-54.5912
27	36	0.692308	0.923077	-0.264	-1.01097	34.8883
27	37	0.692308	0.948718	-0.136129	0.358873	-21.931
27	38	0.692308	0.974359	0.602899	-0.782725	2.51282
27	39	0.692308	1	1	0	0
28	0	0.717949	0	0	0	7.47868
28	1	0.717949	0.025641	0.122197	0.0725977	7.47868
28	2	0.717949	0.0512821	0.311565	-0.155519	4.1907
28	3	0.717949	0.0769231	0.197783	0.158821	13.7949
28	4	0.717949	0.102564	0.503937	-0.108814	-2.95615
28	5	0.717949	0.128205	0.331195	0.0110518	19.0025
28	6	0.717949	0.153846	0.430996	0.207117	-3.21412
28	7	0.717949	0.179487	0.665671	-0.281113	12.4861
28	8	0.717949	0.205128	0.119755	0.541459	10.187
28	9	0.717949	0.230769	0.984285	-0.38938	-6.3095
28	10	0.717949	0.25641	-0.0896202	0.530449	30.5862
28	11	0.717949	0.282051	0.988567	-0.0519069	-23.6085
28	12	0.717949	0.307692	0.2595	0.0329463	39.6327
28	13	0.717949	0.333333	0.52519	0.723232	-19.7284
28	14	0.717949	0.358974	1.04307	-0.619496	19.4521
28	15	0.717949	0.384615	-0.321996	1.36743	13.7884
28	16	0.717949	0.410256	1.42196	-0.730665	-24.3553
28	17	0.717949	0.435897	-0.852323	1.1197	57.1229
28	18	0.717949	0.461538	1.0402	-0.00164661	-57.7823
28	19	0.717949	0.487179	-0.279412	-0.0470566	71.8646
28	20	0.717949	0.512821	0.269871	1.30525	-45.1439
28	21	0.717949	0.538462	0.945898	-1.23599	29.014
28	22	0.717949	0.564103	-0.758272	1.99165	15.1966
28	23	0.717949	0.589744	1.0491	-0.985115	-42.5244
28	24	0.717949	0.615385	-1.60968	1.22108	72.0284
28	25	0.717949	0.641026	0.0415312	0.138016	-77.588
28	26	0.717949	0.666667	-1.41634	-0.153933	81.0336
28	27	0.717949	0.692308	-0.605667	1.04521	-58.6957
28	28	0.717949	0.717949	-0.478958	-1.20525	37.4482
28	29	0.717949	0.74359	-0.991296	1.36699	-3.83226
28	30	0.717949	0.769231	-0.167686	-1.13799	-27.0846
28	31	0.717949	0.794872	-1.59537	0.828733	47.474
28	32	0.717949	0.820513	-0.68894	-0.401545	-64.2351
28	33	0.717949	0.846154	-1.80008	-0.0532793	65.9982
28	34	0.717949	0.871795	-0.890207	0.0992831	-64.4668
28	35	0.717949	0.897436	-1.16183	-0.798464	52.4847
28	36	0.717949	0.923077	-0.35072	0.360272	-39.8232
28	37	0.717949	0.948718	-0.03707	-1.05451	18.6883
28	38	0.717949	0.974359	0.551432	0.0870724	-9.41534
28	39	0.717949	1	1	0	0
29	0	0.74359	0	0	0	6.75565
29	1	0.74359	0.025641	0.149936	-0.0415476	6.75565
29	2	0.74359	0.0512821	0.143277	0.0829299	8.19441
29	3	0.74359	0.0769231	0.435479	-0.11228	3.28779
29	4	0.74359	0.102564	0.154261	0.135185	13.2657
29	5	0.74359	0.128205	0.55125	-0.0238345	-1.71678
29	6	0.74359	0.153846	0.340899	0.0324902	16.2798
29	7	0.74359	0.179487	0.350163	0.243415	-1.09916
29	8	0.74359	0.205128	0.732426	-0.137879	10.5879
29	9	0.74359	0.230769	-0.0626249	0.510731	9.24229
29	10	0.74359	0.25641	1.05332	-0.172904	-3.46188
29	11	0.74359	0.282051	-0.208173	0.516627	24.4287
29	12	0.74359	0.307692	1.00532	0.123877	-16.4006
29	13	0.74359	0.333333	0.307489	0.169146	30.3652
29	14	0.74359	0.358974	0.322578	0.789025	-13.2461
29	15	0.74359	0.384615	1.11261	-0.239241	13.9115
29	16	0.74359	0.410256	-0.760846	1.30255	12.9186
29	17	0.74359	0.435897	1.46719	-0.264142	-18.8029
29	18	0.74359	0.461538	-1.14856	1.03297	45.6295
29	19	0.74359	0.487179	1.17951	0.353609	-42.1748
29	20	0.74359	0.512821	-0.197827	0.058769	51.2813
29	21	0.74359	0.538462	0.114619	1.47236	-27.7529
29	22	0.74359	0.564103	1.01185	-0.575952	11.9241
29	23	0.74359	0.589744	-1.47963	1.84361	20.0904
29	24	0.74359	0.615385	0.962044	-0.188867	-37.1363
29	25	0.74359	0.641026	-2.18083	1.01036	57.642
29	26	0.74359	0.666667	0.269644	0.511351	-55.4113
29	27	0.74359	0.692308	-1.42065	-0.155867	54.4451
29	28	0.74359	0.717949	-0.405993	1.14512	-34.1474
29	29	0.74359	0.74359	-0.279077	-0.778198	12.5125
29	30	0.74359	0.769231	-1.3793	1.20919	10.2604
29	31	0.74359	0.794872	-0.0643554	-0.500412	-32.2651
29	32	0.74359	0.820513	-2.15167	0.552538	43.3841
29	33	0.74359	0.846154	-0.361018	-0.093999	-50.7438
29	34	0.74359	0.871795	-1.96241	-0.252841	48.9742
29	35	0.74359	0.897436	-0.253909	0.152274	-43.8555
29	36	0.74359	0.923077	-0.895144	-0.852115	30.0114
29	37	0.74359	0.948718	0.269823	0.238138	-19.8448
29	38	0.74359	0.974359	0.440699	-0.752674	2.06454
29	39	0.74359	1	1	0	0
30	0	0.769231	0	0	0	6.40239
30	1	0.769231	0.025641	0.0986421	-0.00607584	6.40239
30	2	0.769231	0.0512821	0.27124	-0.0181545	6.88781
30	3	0.769231	0.0769231	0.117834	0.0726245	7.0584
30	4	0.769231	0.102564	0.499204	-0.0582133	4.64152
30	5	0.769231	0.128205	0.139503	0.162214	10.9064
30	6	0.769231	0.153846	0.51519	-0.00163731	-0.0267551
30	7	0.769231	0.179487	0.380096	0.149942	14.7886
30	8	0.769231	0.205128	0.217982	0.212899	-2.11952
30	9	0.769231	0.230769	0.759556	0.0422604	12.9695
30	10	0.769231	0.25641	-0.179131	0.492153	3.67791
30	11	0.769231	0.282051	1.02551	-0.0347698	2.76798
30	12	0.769231	0.307692	-0.173013	0.62089	16.4574
30	13	0.769231	0.333333	0.866341	0.158497	-10.7564
30	14	0.769231	0.358974	0.415814	0.462148	25.2615
30	15	0.769231	0.384615	-0.001669	0.721258	-14.0322
30	16	0.769231	0.410256	1.09566	0.161007	17.4313
30	17	0.769231	0.435897	-1.03971	1.21077	2.50436
30	18	0.769231	0.461538	1.40802	0.0350679	-6.10145
30	19	0.769231	0.487179	-1.06175	1.10403	28.0123
30	20	0.769231	0.512821	1.0634	0.485332	-27.1623
30	21	0.769231	0.538462	0.0849871	0.51596	34.6288
30	22	0.769231	0.564103	-0.409735	1.37147	-21.5411
30	23	0.769231	0.589744	0.956547	0.188584	11.5155
30	24	0.769231	0.615385	-2.03078	1.57756	7.71021
30	25	0.769231	0.641026	0.841038	0.259882	-18.1022
30	26	0.769231	0.666667	-2.1634	0.948772	31.367
30	27	0.769231	0.692308	0.347488	0.587227	-31.134
30	28	0.769231	0.717949	-1.00094	0.163594	28.2471
30	29	0.769231	0.74359	-0.631984	0.98801	-18.4195
30	30	0.769231	0.769231	-0.0319834	-0.135444	3.03267
30	31	0.769231	0.794872	-1.88255	0.880342	7.10615
30	32	0.769231	0.820513	0.0242417	-0.0741402	-19.7472
30	33	0.769231	0.846154	-2.32257	0.309047	23.6535
30	34	0.769231	0.871795	-0.0388578	-0.0260644	-28.0355
30	35	0.769231	0.897436	-1.64395	-0.317842	23.3577
30	36	0.769231	0.923077	0.20588	0.048492	-21.1715
30	37	0.769231	0.948718	-0.285784	-0.642784	8.41705
30	38	0.769231	0.974359	0.657544	-0.0973912	-6.64133
30	39	0.769231	1	1	0	0
31	0	0.794872	0	0	0	6.71381
31	1	0.794872	0.025641	0.113289	0.0361224	6.71381
31	2	0.794872	0.0512821	0.122029	-0.0338409	4.87439
31	3	0.794872	0.0769231	0.336162	0.0221299	8.6853
31	4	0.794872	0.102564	0.103454	0.0947806	4.45738
31	5	0.794872	0.128205	0.48672	-0.0507144	6.56539
31	6	0.794872	0.153846	0.159647	0.258732	9.31088
31	7	0.794872	0.179487	0.427383	-0.0389368	-0.573628
31	8	0.794872	0.205128	0.391739	0.293684	16.5401
31	9	0.794872	0.230769	0.123526	0.182076	-6.66616
31	10	0.794872	0.25641	0.698014	0.14603	18.0699
31	11	0.794872	0.282051	-0.158223	0.554081	-2.91939
31	12	0.794872	0.307692	0.889936	-0.0358092	7.62784
31	13	0.794872	0.333333	-0.0438874	0.820219	12.3476
31	14	0.794872	0.358974	0.632276	0.0720809	-11.154
31	15	0.794872	0.384615	0.438754	0.735519	27.5299
31	16	0.794872	0.410256	-0.230751	0.612895	-22.0704
31	17	0.794872	0.435897	0.934637	0.35312	26.674
31	18	0.794872	0.461538	-0.963308	1.19664	-10.8658
31	19	0.794872	0.487179	1.20679	0.046423	5.37086
31	20	0.794872	0.512821	-0.671938	1.32878	15.5342
31	21	0.794872	0.538462	0.690628	0.338003	-21.7711
31	22	0.794872	0.564103	0.258709	0.984067	31.782
31	23	0.794872	0.589744	-0.883193	1.07182	-29.6348
31	24	0.794872	0.615385	0.705297	0.524375	23.9568
31	25	0.794872	0.641026	-1.99138	1.34746	-13.1214
31	26	0.794872	0.666667	0.660536	0.230287	1.95427
31	27	0.794872	0.692308	-1.59335	1.0355	8.74363
31	28	0.794872	0.717949	0.162412	0.328379	-16.458
31	29	0.794872	0.74359	-0.492829	0.563051	17.1967
31	30	0.794872	0.769231	-1.03554	0.594826	-19.1809
31	31	0.794872	0.794872	0.0269398	0.218634	11.081
31	32	0.794872	0.820513	-2.02547	0.526269	-10.1671
31	33	0.794872	0.846154	0.0487322	-0.0452476	0.46927
31	34	0.794872	0.871795	-1.94682	0.15622	-0.667801
31	35	0.794872	0.897436	0.181366	-0.186538	-6.53728
31	36	0.794872	0.923077	-0.925349	-0.240399	1.88773
31	37	0.794872	0.948718	0.467751	-0.186837	-5.9294
31	38	0.794872	0.974359	0.433894	-0.401697	-2.24481
31	39	0.794872	1	1	0	0
32	0	0.820513	0	0	0	5.72033
32	1	0.820513	0.025641	0.0813887	-0.0579743	5.72033
32	2	0.820513	0.0512821	0.174944	0.0815325	8.44324
32	3	0.820513	0.0769231	0.132189	-0.0326349	2.157
32	4	0.820513	0.102564	0.33135	0.0276898	10.9884
32	5	0.820513	0.128205	0.118216	0.17258	2.45331
32	6	0.820513	0.153846	0.423633	-0.0910452	6.75617
32	7	0.820513	0.179487	0.170088	0.377683	10.3311
32	8	0.820513	0.205128	0.353229	-0.0743492	-3.96011
32	9	0.820513	0.230769	0.328667	0.375027	20.4924
32	10	0.820513	0.25641	0.126558	0.221852	-11.8454
32	11	0.820513	0.282051	0.554494	0.129768	21.9348
32	12	0.820513	0.307692	-0.0424287	0.694718	-5.81417
32	13	0.820513	0.333333	0.70015	-0.130003	7.19822
32	14	0.820513	0.358974	0.0332224	0.999146	14.5844
32	15	0.820513	0.384615	0.443995	-0.0136275	-17.4822
32	16	0.820513	0.410256	0.299402	0.832017	34.2735
32	17	0.820513	0.435897	-0.211406	0.593333	-31.2422
32	18	0.820513	0.461538	0.663578	0.282518	34.2577
32	19	0.820513	0.487179	-0.605762	1.29001	-17.7451
32	20	0.820513	0.512821	0.890222	-0.161831	7.86325
32	21	0.820513	0.538462	-0.32117	1.52877	15.2916
32	22	0.820513	0.564103	0.295507	0.0992669	-28.3415
32	23	0.820513	0.589744	0.125334	1.11055	39.8466
32	24	0.820513	0.615385	-0.927435	0.837013	-43.2253
32	25	0.820513	0.641026	0.346402	0.384833	37.0927
32	26	0.820513	0.666667	-1.42728	1.24452	-27.3572
32	27	0.820513	0.692308	0.381069	-0.119486	11.8163
32	28	0.820513	0.717949	-0.894461	1.14229	1.81069
32	29	0.820513	0.74359	-0.173974	-0.0781847	-17.5368
32	30	0.820513	0.769231	-0.281093	0.703667	22.6184
32	31	0.820513	0.794872	-1.18831	0.227524	-32.0367
32	32	0.820513	0.820513	-0.112876	0.151311	25.9422
32	33	0.820513	0.846154	-1.65409	0.287418	-28.5232
32	34	0.820513	0.871795	0.00220886	-0.281489	17.119
32	35	0.820513	0.897436	-1.18837	0.10586	-16.9969
32	36	0.820513	0.923077	0.2711	-0.455308	5.4707
32	37	0.820513	0.948718	-0.103757	-0.11195	-6.75064
32	38	0.820513	0.974359	0.672863	-0.407979	-2.2726
32	39	0.820513	1	1	0	0
33	0	0.846154	0	0	0	6.4033
33	1	0.846154	0.025641	0.0700729	0.0616911	6.4033
33	2	0.846154	0.0512821	0.123884	-0.0901383	3.59815
33	3	0.846154	0.0769231	0.173306	0.0991628	10.7126
33	4	0.846154	0.102564	0.154933	0.0207228	-0.120939
33	5	0.846154	0.128205	0.277981	-0.00673686	11.8581
33	6	0.846154	0.153846	0.132309	0.275408	2.72838
33	7	0.846154	0.179487	0.360174	-0.127513	4.43047
33	8	0.846154	0.205128	0.125199	0.450576	13.3372
33	9	0.846154	0.230769	0.337269	-0.041171	-8.04158
33	10	0.846154	0.25641	0.197885	0.359368	23.4639
33	11	0.846154	0.282051	0.1997	0.341614	-13.818
33	12	0.846154	0.307692	0.386775	0.0417668	21.2063
33	13	0.846154	0.333333	0.0467459	0.836521	-3.11991
33	14	0.846154	0.358974	0.549062	-0.193162	1.44034
33	15	0.846154	0.384615	-0.035764	1.05281	20.4935
33	16	0.846154	0.410256	0.401464	0.0255876	-24.5996
33	17	0.846154	0.435897	0.0459809	0.731115	39.1756
33	18	0.846154	0.461538	-0.000471669	0.700307	-34.0653
33	19	0.846154	0.487179	0.370893	0.0605613	33.6485
33	20	0.846154	0.512821	-0.260046	1.39976	-13.7635
33	21	0.846154	0.538462	0.598671	-0.347382	-0.339112
33	22	0.846154	0.564103	-0.281979	1.52508	23.7398
33	23	0.846154	0.589744	0.146653	0.0399809	-38.9674
33	24	0.846154	0.615385	-0.219374	0.894695	47.9224
33	25	0.846154	0.641026	-0.584789	0.786194	-49.3335
33	26	0.846154	0.666667	-0.0192407	0.00857776	40.3107
33	27	0.846154	0.692308	-0.761556	1.21002	-26.4921
33	28	0.846154	0.717949	0.0876162	-0.489518	6.63884
33	29	0.846154	0.74359	-0.521641	1.09846	9.447
33	30	0.846154	0.769231	-0.346739	-0.31744	-29.0671
33	31	0.846154	0.794872	-0.406868	0.524898	33.5784
33	32	0.846154	0.820513	-0.937123	0.0535881	-43.6225
33	33	0.846154	0.846154	-0.342814	-0.1468	35.8564
33	34	0.846154	0.871795	-0.981978	0.170044	-36.5203
33	35	0.846154	0.897436	-0.087197	-0.583255	22.8126
33	36	0.846154	0.923077	-0.386206	0.0977779	-19.5839
33	37	0.846154	0.948718	0.343426	-0.619742	5.62156
33	38	0.846154	0.974359	0.536096	-0.147607	-5.45202
33	39	0.846154	1	1	0	0
34	0	0.871795	0	0	0	5.50211
34	1	0.871795	0.025641	0.0633774	-0.0562192	5.50211
34	2	0.871795	0.0512821	0.0789984	0.0935096	7.97716
34	3	0.871795	0.0769231	0.159295	-0.068674	1.55833
34	4	0.871795	0.102564	0.126096	0.079331	11.9066
34	5	0.871795	0.128205	0.173642	0.10579	-0.441111
34	6	0.871795	0.153846	0.21807	-0.0423189	10.4169
34	7	0.871795	0.179487	0.107019	0.347923	4.99694
34	8	0.871795	0.205128	0.330016	-0.103836	1.06761
34	9	0.871795	0.230769	0.0254043	0.444376	15.8409
34	10	0.871795	0.25641	0.362263	0.0700128	-9.7591
34	11	0.871795	0.282051	0.0560706	0.281449	22.6881
34	12	0.871795	0.307692	0.255488	0.479032	-11.0571
34	13	0.871795	0.333333	0.267694	-0.0170686	15.7095
34	14	0.871795	0.358974	0.0232147	0.894456	2.83827
34	15	0.871795	0.384615	0.490102	-0.126091	-5.52063
34	16	0.871795	0.410256	-0.216271	0.959657	24.7845
34	17	0.871795	0.435897	0.465622	0.197079	-26.5768
34	18	0.871795	0.461538	-0.198202	0.522141	37.0693
34	19	0.871795	0.487179	0.202068	0.849661	-27.9202
34	20	0.871795	0.512821	0.178022	-0.1081	23.7344
34	21	0.871795	0.538462	-0.157939	1.4051	-2.99714
34	22	0.871795	0.564103	0.470932	-0.292601	-12.3429
34	23	0.871795	0.589744	-0.502613	1.3039	31.3053
34	24	0.871795	0.615385	0.237086	0.198492	-42.7424
34	25	0.871795	0.641026	-0.564291	0.522352	46.8068
34	26	0.871795	0.666667	-0.1695	0.828826	-42.4853
34	27	0.871795	0.692308	-0.255135	-0.319815	30.0724
34	28	0.871795	0.717949	-0.377069	1.1266	-14.0019
34	29	0.871795	0.74359	-0.0284181	-0.596221	-7.60259
34	30	0.871795	0.769231	-0.54513	0.866322	20.6595
34	31	0.871795	0.794872	-0.233202	-0.2915	-38.0821
34	32	0.871795	0.820513	-0.672051	0.182437	38.6037
34	33	0.871795	0.846154	-0.475951	0.0135053	-44.2997
34	34	0.871795	0.871795	-0.535108	-0.466503	34.4198
34	35	0.871795	0.897436	-0.333336	0.102108	-31.5474
34	36	0.871795	0.923077	-0.100001	-0.755564	16.7936
34	37	0.871795	0.948718	0.198733	0.0421785	-12.3736
34	38	0.871795	0.974359	0.569527	-0.554777	-0.308748
34	39	0.871795	1	1	0	0
35	0	0.897436	0	0	0	5.90323
35	1	0.897436	0.025641	0.034925	0.0387745	5.90323
35	2	0.897436	0.0512821	0.105401	-0.0668727	4.24451
35	3	0.897436	0.0769231	0.0441492	0.09101	9.00916
35	4	0.897436	0.102564	0.180759	-0.00897995	0.961901
35	5	0.897436	0.128205	0.0705302	0.048476	11.1311
35	6	0.897436	0.153846	0.15952	0.176166	1.19599
35	7	0.897436	0.179487	0.180813	-0.0354447	7.61588
35	8	0.897436	0.205128	0.0379485	0.356028	7.37673
35	9	0.897436	0.230769	0.321974	-0.0135052	-0.931448
35	10	0.897436	0.25641	-0.0812697	0.377118	15.6198
35	11	0.897436	0.282051	0.36919	0.202635	-7.77803
35	12	0.897436	0.307692	-0.0317205	0.211626	17.9515
35	13	0.897436	0.333333	0.2293	0.55584	-5.36862
35	14	0.897436	0.358974	0.225514	0.0230075	8.63091
35	15	0.897436	0.384615	-0.0942484	0.833661	7.79801
35	16	0.897436	0.410256	0.484885	0.0526011	-8.90715
35	17	0.897436	0.435897	-0.386588	0.768926	23.5602
35	18	0.897436	0.461538	0.513403	0.395044	-21.5726
35	19	0.897436	0.487179	-0.308661	0.340596	27.5143
35	20	0.897436	0.512821	0.244659	0.921763	-16.5194
35	21	0.897436	0.538462	0.144045	-0.0757408	10.2364
35	22	0.897436	0.564103	-0.281879	1.24989	6.59414
35	23	0.897436	0.589744	0.473857	-0.029776	-18.8906
35	24	0.897436	0.615385	-0.747895	0.950955	30.6638
35	25	0.897436	0.641026	0.373879	0.402567	-35.7761
35	26	0.897436	0.666667	-0.710368	0.193844	34.4553
35	27	0.897436	0.692308	0.0630186	0.823537	-27.0938
35	28	0.897436	0.717949	-0.251357	-0.394614	12.5685
35	29	0.897436	0.74359	-0.340069	0.924801	-0.0688203
35	30	0.897436	0.769231	0.0645875	-0.420317	-18.7307
35	31	0.897436	0.794872	-0.744305	0.513348	25.1183
35	32	0.897436	0.820513	0.0130605	-0.161036	-36.4403
35	33	0.897436	0.846154	-0.852869	-0.159483	32.658
35	34	0.897436	0.871795	-0.0647799	-0.0163246	-34.0245
35	35	0.897436	0.897436	-0.549899	-0.649314	22.8406
35	36	0.897436	0.923077	0.0885647	0.00856574	-19.1594
35	37	0.897436	0.948718	0.0821109	-0.671068	6.09792
35	38	0.897436	0.974359	0.574009	-0.129392	-4.9265
35	39	0.897436	1	1	0	0
36	0	0.923077	0	0	0	5.50925
36	1	0.923077	0.025641	0.0372167	-0.0241826	5.50925
36	2	0.923077	0.0512821	0.0217536	0.045601	6.43735
36	3	0.923077	0.0769231	0.125166	-0.0367161	3.72572
36	4	0.923077	0.102564	-3.8214e-05	0.0693639	8.66196
36	5	0.923077	0.128205	0.168915	0.0503582	2.0119
36	6	0.923077	0.153846	0.0350835	0.0383825	8.95075
36	7	0.923077	0.179487	0.10731	0.197584	3.42245
36	8	0.923077	0.205128	0.160791	0.0184563	5.30119
36	9	0.923077	0.230769	-0.0387632	0.304801	8.09338
36	10	0.923077	0.25641	0.295846	0.0932135	-0.364258
36	11	0.923077	0.282051	-0.137784	0.29444	12.46
36	12	0.923077	0.307692	0.31462	0.284907	-3.37553
36	13	0.923077	0.333333	-0.0446461	0.195247	11.6703
36	14	0.923077	0.358974	0.130494	0.531774	-0.0545961
36	15	0.923077	0.384615	0.219252	0.135531	3.73869
36	16	0.923077	0.410256	-0.208959	0.674805	8.86011
36	17	0.923077	0.435897	0.45135	0.231042	-7.18448
36	18	0.923077	0.461538	-0.430149	0.563192	16.9147
36	19	0.923077	0.487179	0.457156	0.502199	-12.5559
36	20	0.923077	0.512821	-0.254287	0.275522	15.1596
36	21	0.923077	0.538462	0.128895	0.846765	-6.05606
36	22	0.923077	0.564103	0.19513	0.109253	0.659944
36	23	0.923077	0.589744	-0.444775	0.952548	9.4765
36	24	0.923077	0.615385	0.475191	0.228931	-16.6376
36	25	0.923077	0.641026	-0.797094	0.591503	21.1082
36	26	0.923077	0.666667	0.404724	0.48705	-22.3328
36	27	0.923077	0.692308	-0.5808	0.0460981	16.9774
36	28	0.923077	0.717949	0.0562374	0.690652	-11.8231
36	29	0.923077	0.74359	-0.0706205	-0.231588	-1.42078
36	30	0.923077	0.769231	-0.472763	0.607861	6.77265
36	31	0.923077	0.794872	0.213686	-0.179695	-19.6711
36	32	0.923077	0.820513	-0.849367	0.152421	19.3526
36	33	0.923077	0.846154	0.201353	-0.0987318	-25.6452
36	34	0.923077	0.871795	-0.79229	-0.374146	18.8158
36	35	0.923077	0.897436	0.152758	-0.0991971	-19.2426
36	36	0.923077	0.923077	-0.339057	-0.620643	8.89883
36	37	0.923077	0.948718	0.291914	-0.114503	-7.61176
36	38	0.923077	0.974359	0.438875	-0.428074	-0.851875
36	39	0.923077	1	1	0	0
37	0	0.948718	0	0	0	5.49689
37	1	0.948718	0.025641	0.0126437	0.00602407	5.49689
37	2	0.948718	0.0512821	0.0510964	-0.0195579	5.27613
37	3	0.948718	0.0769231	-0.00470595	0.0349642	6.31108
37	4	0.948718	0.102564	0.111203	0.00264196	4.25959
37	5	0.948718	0.128205	-0.0251798	0.0504876	7.23344
37	6	0.948718	0.153846	0.120466	0.0764203	3.76139
37	7	0.948718	0.179487	0.0210556	0.0525354	6.75795
37	8	0.948718	0.205128	0.0429171	0.166327	4.81446
37	9	0.948718	0.230769	0.130689	0.0775592	4.54689
37	10	0.948718	0.25641	-0.0771173	0.222765	6.89576
37	11	0.948718	0.282051	0.22383	0.152448	1.94471
37	12	0.948718	0.307692	-0.124852	0.225344	8.16316
37	13	0.948718	0.333333	0.205532	0.278213	0.944064
37	14	0.948718	0.358974	-0.0192662	0.207683	6.71964
37	15	0.948718	0.384615	0.0263037	0.414261	2.69037
37	16	0.948718	0.410256	0.186514	0.222767	2.33223
37	17	0.948718	0.435897	-0.228448	0.469519	6.3147
37	18	0.948718	0.461538	0.342465	0.303792	-2.57655
37	19	0.948718	0.487179	-0.326314	0.397417	8.55826
37	20	0.948718	0.512821	0.300016	0.463237	-4.24151
37	21	0.948718	0.538462	-0.123436	0.287376	5.69525
37	22	0.948718	0.564103	-0.0241749	0.627763	-0.64137
37	23	0.948718	0.589744	0.211715	0.260818	-2.11207
37	24	0.948718	0.615385	-0.456862	0.598165	5.663
37	25	0.948718	0.641026	0.388144	0.317437	-9.16669
37	26	0.948718	0.666667	-0.589071	0.330713	8.32753
37	27	0.948718	0.692308	0.290188	0.40322	-9.68064
37	28	0.948718	0.717949	-0.293192	0.0634309	3.36846
37	29	0.948718	0.74359	-0.0774908	0.438887	-3.34224
37	30	0.948718	0.769231	0.101621	-0.032875	-6.04095
37	31	0.948718	0.794872	-0.522254	0.2677	4.49407
37	32	0.948718	0.820513	0.270635	-0.0620565	-12.6513
37	33	0.948718	0.846154	-0.698962	-0.0929169	7.77772
37	34	0.948718	0.871795	0.236577	-0.136608	-12.5868
37	35	0.948718	0.897436	-0.502299	-0.404394	5.27809
37	36	0.948718	0.923077	0.178187	-0.205238	-7.26668
37	37	0.948718	0.948718	-0.0144129	-0.428294	0.602504
37	38	0.948718	0.974359	0.454906	-0.185363	-1.93451
37	39	0.948718	1	1	0	0
38	0	0.974359	0	0	0	5.43768
38	1	0.974359	0.025641	0.00628675	-0.00334494	5.43768
38	2	0.974359	0.0512821	0.00223853	0.00226047	5.45493
38	3	0.974359	0.0769231	0.0353258	-0.0021868	5.42279
38	4	0.974359	0.102564	-0.0176186	0.0191169	5.65488
38	5	0.974359	0.128205	0.0631655	0.020884	5.22591
38	6	0.974359	0.153846	-0.0238823	0.0367091	5.74752
38	7	0.974359	0.179487	0.054494	0.0584538	5.06279
38	8	0.974359	0.205128	0.0117619	0.0570702	5.49835
38	9	0.974359	0.230769	0.0012586	0.0978633	5.03372
38	10	0.974359	0.25641	0.0731462	0.085488	4.89442
38	11	0.974359	0.282051	-0.059555	0.127325	5.05475
38	12	0.974359	0.307692	0.114032	0.126257	4.13757
38	13	0.974359	0.333333	-0.0693889	0.148549	4.86957
38	14	0.974359	0.358974	0.0873667	0.181284	3.46688
38	15	0.974359	0.384615	-0.00281545	0.170359	4.15449
38	16	0.974359	0.410256	-0.019971	0.232723	3.05593
38	17	0.974359	0.435897	0.103653	0.193706	2.85291
38	18	0.974359	0.461538	-0.140989	0.251387	2.90447
38	19	0.974359	0.487179	0.172467	0.227221	1.38611
38	20	0.974359	0.512821	-0.156479	0.243476	2.53929
38	21	0.974359	0.538462	0.118022	0.285135	0.304904
38	22	0.974359	0.564103	-0.0287011	0.239016	1.24797
38	23	0.974359	0.589744	-0.0818392	0.325466	-0.120293
38	24	0.974359	0.615385	0.135323	0.232513	-0.85602
38	25	0.974359	0.641026	-0.276121	0.275928	-0.14794
38	26	0.974359	0.666667	0.200903	0.213756	-2.583
38	27	0.974359	0.692308	-0.26334	0.169615	-0.653886
38	28	0.974359	0.717949	0.099038	0.203584	-3.0547
38	29	0.974359	0.74359	-0.0632477	0.0943338	-2.17968
38	30	0.974359	0.769231	-0.143564	0.167952	-2.56194
38	31	0.974359	0.794872	0.121532	0.0362578	-4.0169
38	32	0.974359	0.820513	-0.349305	0.0369148	-1.92856
38	33	0.974359	0.846154	0.17417	-0.0611927	-4.80984
38	34	0.974359	0.871795	-0.353213	-0.152026	-1.63436
38	35	0.974359	0.897436	0.128002	-0.174486	-3.81595
38	36	0.974359	0.923077	-0.158279	-0.277716	-1.34948
38	37	0.974359	0.948718	0.145697	-0.215509	-1.36009
38	38	0.974359	0.974359	0.310343	-0.171563	-0.0683115
38	39	0.974359	1	1	0	0
39	0	1	0	0	0	5.43768
39	1	1	0.025641	0	0	5.43768
39	2	1	0.0512821	0	0	5.45493
39	3	1	0.0769231	0	0	5.42279
39	4	1	0.102564	0	0	5.65488
39	5	1	0.128205	0	0	5.22591
39	6	1	0.153846	0	0	5.74752
39	7	1	0.179487	0	0	5.06279
39	8	1	0.205128	0	0	5.49835
39	9	1	0.230769	0	0	5.03372
39	10	1	0.25641	0	0	4.89442
39	11	1	0.282051	0	0	5.05475
39	12	1	0.307692	0	0	4.13757
39	13	1	0.333333	0	0	4.86957
39	14	1	0.358974	0	0	3.46688
39	15	1	0.384615	0	0	4.15449
39	16	1	0.410256	0	0	3.05593
39	17	1	0.435897	0	0	2.85291
39	18	1	0.461538	0	0	2.90447
39	19	1	0.487179	0	0	1.38611
39	20	1	0.512821	0	0	2.53929
39	21	1	0.538462	0	0	0.304904
39	22	1	0.564103	0	0	1.24797
39	23	1	0.589744	0	0	-0.120293
39	24	1	0.615385	0	0	-0.85602
39	25	1	0.641026	0	0	-0.14794
39	26	1	0.666667	0	0	-2.583
39	27	1	0.692308	0	0	-0.653886
39	28	1	0.717949	0	0	-3.0547
39	29	1	0.74359	0	0	-2.17968
39	30	1	0.769231	0	0	-2.56194
39	31	1	0.794872	0	0	-4.0169
39	32	1	0.820513	0	0	-1.92856
39	33	1	0.846154	0	0	-4.80984
39	34	1	0.871795	0	0	-1.63436
39	35	1	0.897436	0	0	-3.81595
39	36	1	0.923077	0	0	-1.34948
39	37	1	0.948718	0	0	-1.36009
39	38	1	0.974359	0	0	-0.0683115
39	39	1	1	1	0	0
