# i		j		x		y		u		v		p
# nx		ny		
# 40		40
# =================================
0	0	0	0	0	0	1.11797
0	1	0	0.025641	0	0	1.11797
0	2	0	0.0512821	0	0	1.12655
0	3	0	0.0769231	0	0	1.13427
0	4	0	0.102564	0	0	1.14109
0	5	0	0.128205	0	0	1.14723
0	6	0	0.153846	0	0	1.15207
0	7	0	0.179487	0	0	1.15638
0	8	0	0.205128	0	0	1.15933
0	9	0	0.230769	0	0	1.16134
0	10	0	0.25641	0	0	1.16243
0	11	0	0.282051	0	0	1.16163
0	12	0	0.307692	0	0	1.16047
0	13	0	0.333333	0	0	1.15667
0	14	0	0.358974	0	0	1.15225
0	15	0	0.384615	0	0	1.14558
0	16	0	0.410256	0	0	1.13662
0	17	0	0.435897	0	0	1.12674
0	18	0	0.461538	0	0	1.1125
0	19	0	0.487179	0	0	1.09784
0	20	0	0.512821	0	0	1.07836
0	21	0	0.538462	0	0	1.05636
0	22	0	0.564103	0	0	1.03129
0	23	0	0.589744	0	0	0.99967
0	24	0	0.615385	0	0	0.966402
0	25	0	0.641026	0	0	0.923987
0	26	0	0.666667	0	0	0.876811
0	27	0	0.692308	0	0	0.82151
0	28	0	0.717949	0	0	0.752692
0	29	0	0.74359	0	0	0.676422
0	30	0	0.769231	0	0	0.576102
0	31	0	0.794872	0	0	0.458716
0	32	0	0.820513	0	0	0.30727
0	33	0	0.846154	0	0	0.109618
0	34	0	0.871795	0	0	-0.141991
0	35	0	0.897436	0	0	-0.490499
0	36	0	0.923077	0	0	-0.941356
0	37	0	0.948718	0	0	-1.50339
0	38	0	0.974359	0	0	-2.38319
0	39	0	1	1	0	0
1	0	0.025641	0	0	0	1.11797
1	1	0.025641	0.025641	-0.0044068	-0.000704719	1.11797
1	2	0.025641	0.0512821	-0.00604078	-0.00115323	1.12655
1	3	0.025641	0.0769231	-0.00676021	-0.00096194	1.13427
1	4	0.025641	0.102564	-0.00718574	-0.000382111	1.14109
1	5	0.025641	0.128205	-0.00744045	0.000518937	1.14723
1	6	0.025641	0.153846	-0.00771316	0.00167733	1.15207
1	7	0.025641	0.179487	-0.00788767	0.00307185	1.15638
1	8	0.025641	0.205128	-0.00811129	0.00470204	1.15933
1	9	0.025641	0.230769	-0.00831052	0.00652276	1.16134
1	10	0.025641	0.25641	-0.00846243	0.00858578	1.16243
1	11	0.025641	0.282051	-0.00873622	0.0108271	1.16163
1	12	0.025641	0.307692	-0.00882649	0.0133007	1.16047
1	13	0.025641	0.333333	-0.00913933	0.0159892	1.15667
1	14	0.025641	0.358974	-0.00926465	0.0188708	1.15225
1	15	0.025641	0.384615	-0.00950199	0.0220331	1.14558
1	16	0.025641	0.410256	-0.00979072	0.0253584	1.13662
1	17	0.025641	0.435897	-0.00987103	0.0289993	1.12674
1	18	0.025641	0.461538	-0.0103429	0.0328431	1.1125
1	19	0.025641	0.487179	-0.0103557	0.0369605	1.09784
1	20	0.025641	0.512821	-0.0108414	0.0414021	1.07836
1	21	0.025641	0.538462	-0.0110402	0.0460408	1.05636
1	22	0.025641	0.564103	-0.0113107	0.0511227	1.03129
1	23	0.025641	0.589744	-0.0118919	0.056416	0.99967
1	24	0.025641	0.615385	-0.0119442	0.062161	0.966402
1	25	0.025641	0.641026	-0.0128037	0.0683083	0.923987
1	26	0.025641	0.666667	-0.0130022	0.0748225	0.876811
1	27	0.025641	0.692308	-0.013802	0.0820205	0.82151
1	28	0.025641	0.717949	-0.0146109	0.0895992	0.752692
1	29	0.025641	0.74359	-0.0151971	0.0980124	0.676422
1	30	0.025641	0.769231	-0.0166401	0.107068	0.576102
1	31	0.025641	0.794872	-0.0172257	0.116786	0.458716
1	32	0.025641	0.820513	-0.0183164	0.127279	0.30727
1	33	0.025641	0.846154	-0.0180413	0.137499	0.109618
1	34	0.025641	0.871795	-0.0144636	0.146602	-0.141991
1	35	0.025641	0.897436	-0.00356029	0.150667	-0.490499
1	36	0.025641	0.923077	0.029316	0.141877	-0.941356
1	37	0.025641	0.948718	0.114882	0.105977	-1.50339
1	38	0.025641	0.974359	0.344119	-0.0211538	-2.38319
1	39	0.025641	1	1	0	0
2	0	0.0512821	0	0	0	1.05405
2	1	0.0512821	0.025641	-0.00334378	-0.000572912	1.05405
2	2	0.0512821	0.0512821	-0.00534231	-0.000850786	1.05789
2	3	0.0512821	0.0769231	-0.00661832	-0.000470294	1.06228
2	4	0.0512821	0.102564	-0.0074649	0.000586065	1.0678
2	5	0.0512821	0.128205	-0.00821215	0.00217098	1.07112
2	6	0.0512821	0.153846	-0.00874073	0.00428268	1.07643
2	7	0.0512821	0.179487	-0.00934923	0.00685846	1.07806
2	8	0.0512821	0.205128	-0.0098201	0.00980467	1.08115
2	9	0.0512821	0.230769	-0.0103126	0.0132588	1.08242
2	10	0.0512821	0.25641	-0.0108734	0.016973	1.08091
2	11	0.0512821	0.282051	-0.0112253	0.0212136	1.08272
2	12	0.0512821	0.307692	-0.011914	0.0257508	1.07609
2	13	0.0512821	0.333333	-0.0122146	0.0306899	1.07631
2	14	0.0512821	0.358974	-0.0128985	0.0361381	1.06746
2	15	0.0512821	0.384615	-0.0133753	0.0417671	1.06087
2	16	0.0512821	0.410256	-0.0138367	0.0481279	1.05386
2	17	0.0512821	0.435897	-0.014683	0.0545889	1.03641
2	18	0.0512821	0.461538	-0.014868	0.0617428	1.03094
2	19	0.0512821	0.487179	-0.0159934	0.0692687	1.00489
2	20	0.0512821	0.512821	-0.0162045	0.0771096	0.993042
2	21	0.0512821	0.538462	-0.017199	0.0858252	0.966411
2	22	0.0512821	0.564103	-0.0179507	0.0944712	0.937388
2	23	0.0512821	0.589744	-0.0184427	0.104243	0.914938
2	24	0.0512821	0.615385	-0.0199887	0.11407	0.865619
2	25	0.0512821	0.641026	-0.0201498	0.124641	0.838901
2	26	0.0512821	0.666667	-0.0221342	0.135983	0.778229
2	27	0.0512821	0.692308	-0.0227462	0.147317	0.727451
2	28	0.0512821	0.717949	-0.0244646	0.160021	0.664724
2	29	0.0512821	0.74359	-0.0262005	0.172351	0.574483
2	30	0.0512821	0.769231	-0.0272055	0.185484	0.49906
2	31	0.0512821	0.794872	-0.0293603	0.198308	0.370021
2	32	0.0512821	0.820513	-0.0288099	0.209516	0.245705
2	33	0.0512821	0.846154	-0.0269789	0.218724	0.081565
2	34	0.0512821	0.871795	-0.0177941	0.220767	-0.130348
2	35	0.0512821	0.897436	0.0061897	0.211951	-0.345829
2	36	0.0512821	0.923077	0.0620853	0.181844	-0.64208
2	37	0.0512821	0.948718	0.188664	0.120299	-0.877619
2	38	0.0512821	0.974359	0.45533	0.00121366	-1.22564
2	39	0.0512821	1	1	0	0
3	0	0.0769231	0	0	0	0.992942
3	1	0.0769231	0.025641	-0.00321065	-0.000237553	0.992942
3	2	0.0769231	0.0512821	-0.00575013	-0.000183243	0.995507
3	3	0.0769231	0.0769231	-0.00769333	0.000628497	0.999727
3	4	0.0769231	0.102564	-0.00930667	0.00211618	1.00191
3	5	0.0769231	0.128205	-0.0105756	0.00440527	1.00794
3	6	0.0769231	0.153846	-0.0118267	0.00731435	1.00777
3	7	0.0769231	0.179487	-0.0128273	0.0108313	1.01325
3	8	0.0769231	0.205128	-0.0139016	0.0150427	1.01265
3	9	0.0769231	0.230769	-0.0148791	0.019609	1.01301
3	10	0.0769231	0.25641	-0.0157792	0.0249983	1.01568
3	11	0.0769231	0.282051	-0.0168918	0.0306373	1.00735
3	12	0.0769231	0.307692	-0.0176408	0.0370197	1.01326
3	13	0.0769231	0.333333	-0.0188766	0.0438986	0.998991
3	14	0.0769231	0.358974	-0.0196592	0.051116	1.00044
3	15	0.0769231	0.384615	-0.0208026	0.0593364	0.989739
3	16	0.0769231	0.410256	-0.0219229	0.0674508	0.975284
3	17	0.0769231	0.435897	-0.0227314	0.0768476	0.975806
3	18	0.0769231	0.461538	-0.0243503	0.0862084	0.941962
3	19	0.0769231	0.487179	-0.0248787	0.0964087	0.947448
3	20	0.0769231	0.512821	-0.0267398	0.107392	0.90706
3	21	0.0769231	0.538462	-0.0274988	0.11819	0.895965
3	22	0.0769231	0.564103	-0.0289995	0.130743	0.869988
3	23	0.0769231	0.589744	-0.0306494	0.142444	0.822604
3	24	0.0769231	0.615385	-0.0313776	0.155914	0.816786
3	25	0.0769231	0.641026	-0.0340746	0.169122	0.737898
3	26	0.0769231	0.666667	-0.0343787	0.18268	0.727172
3	27	0.0769231	0.692308	-0.037365	0.197428	0.646648
3	28	0.0769231	0.717949	-0.0381713	0.210635	0.591099
3	29	0.0769231	0.74359	-0.0400227	0.225444	0.531254
3	30	0.0769231	0.769231	-0.0414038	0.237749	0.415119
3	31	0.0769231	0.794872	-0.040085	0.249096	0.355161
3	32	0.0769231	0.820513	-0.0383649	0.25721	0.204386
3	33	0.0769231	0.846154	-0.02798	0.258302	0.0913764
3	34	0.0769231	0.871795	-0.00896895	0.251492	-0.0583011
3	35	0.0769231	0.897436	0.033947	0.228146	-0.242441
3	36	0.0769231	0.923077	0.116305	0.184492	-0.375008
3	37	0.0769231	0.948718	0.271691	0.116323	-0.523811
3	38	0.0769231	0.974359	0.545511	0.0206882	-0.610455
3	39	0.0769231	1	1	0	0
4	0	0.102564	0	0	0	0.928919
4	1	0.102564	0.025641	-0.0033604	0.00010773	0.928919
4	2	0.102564	0.0512821	-0.00646387	0.000615352	0.931824
4	3	0.102564	0.0769231	-0.00918562	0.00180875	0.933676
4	4	0.102564	0.102564	-0.0115186	0.00392237	0.939101
4	5	0.102564	0.128205	-0.0136455	0.00672894	0.938153
4	6	0.102564	0.153846	-0.0154744	0.0103924	0.945377
4	7	0.102564	0.179487	-0.0172941	0.0148046	0.942169
4	8	0.102564	0.205128	-0.0188922	0.0197735	0.946517
4	9	0.102564	0.230769	-0.0205265	0.0257155	0.946282
4	10	0.102564	0.25641	-0.0221213	0.0319029	0.94072
4	11	0.102564	0.282051	-0.0235855	0.0391833	0.948078
4	12	0.102564	0.307692	-0.0253214	0.0467549	0.930645
4	13	0.102564	0.333333	-0.026674	0.0550763	0.941051
4	14	0.102564	0.358974	-0.0285113	0.064282	0.921428
4	15	0.102564	0.384615	-0.0299673	0.0734761	0.91901
4	16	0.102564	0.410256	-0.031669	0.0843021	0.913886
4	17	0.102564	0.435897	-0.0335281	0.0946054	0.883243
4	18	0.102564	0.461538	-0.0348668	0.106575	0.898766
4	19	0.102564	0.487179	-0.037227	0.118564	0.844203
4	20	0.102564	0.512821	-0.0383216	0.131016	0.860395
4	21	0.102564	0.538462	-0.040808	0.145032	0.811797
4	22	0.102564	0.564103	-0.0422491	0.157761	0.79048
4	23	0.102564	0.589744	-0.0441269	0.173244	0.780203
4	24	0.102564	0.615385	-0.0465685	0.1868	0.699436
4	25	0.102564	0.641026	-0.047335	0.202259	0.724048
4	26	0.102564	0.666667	-0.050671	0.217222	0.608606
4	27	0.102564	0.692308	-0.0505756	0.231058	0.616664
4	28	0.102564	0.717949	-0.0532987	0.246477	0.52376
4	29	0.102564	0.74359	-0.0527522	0.257559	0.456508
4	30	0.102564	0.769231	-0.0517591	0.269696	0.416868
4	31	0.102564	0.794872	-0.048716	0.275972	0.270003
4	32	0.102564	0.820513	-0.0380673	0.278003	0.246347
4	33	0.102564	0.846154	-0.0224775	0.272768	0.0811352
4	34	0.102564	0.871795	0.0132924	0.254501	0.00977935
4	35	0.102564	0.897436	0.0709113	0.223768	-0.105933
4	36	0.102564	0.923077	0.175385	0.173184	-0.211658
4	37	0.102564	0.948718	0.345196	0.107447	-0.235023
4	38	0.102564	0.974359	0.611273	0.0346713	-0.245252
4	39	0.102564	1	1	0	0
5	0	0.128205	0	0	0	0.864038
5	1	0.128205	0.025641	-0.00384749	0.000441955	0.864038
5	2	0.128205	0.0512821	-0.00764219	0.00127979	0.8667
5	3	0.128205	0.0769231	-0.0111634	0.00304039	0.870686
5	4	0.128205	0.102564	-0.0143547	0.00552812	0.870769
5	5	0.128205	0.128205	-0.0172668	0.00902062	0.877565
5	6	0.128205	0.153846	-0.0199706	0.0132395	0.873644
5	7	0.128205	0.179487	-0.0224491	0.0182801	0.881113
5	8	0.128205	0.205128	-0.0249033	0.0242418	0.876761
5	9	0.128205	0.230769	-0.0271537	0.0306294	0.877539
5	10	0.128205	0.25641	-0.0294781	0.038243	0.880356
5	11	0.128205	0.282051	-0.0317113	0.0460156	0.86686
5	12	0.128205	0.307692	-0.0339093	0.0549897	0.879621
5	13	0.128205	0.333333	-0.036291	0.0644378	0.854536
5	14	0.128205	0.358974	-0.0383764	0.0743958	0.865704
5	15	0.128205	0.384615	-0.0408992	0.0857523	0.846691
5	16	0.128205	0.410256	-0.0430371	0.0965977	0.833376
5	17	0.128205	0.435897	-0.0454602	0.109601	0.840739
5	18	0.128205	0.461538	-0.0479335	0.121781	0.789266
5	19	0.128205	0.487179	-0.0499642	0.135583	0.820929
5	20	0.128205	0.512821	-0.0528741	0.149785	0.749766
5	21	0.128205	0.538462	-0.0545389	0.163498	0.76789
5	22	0.128205	0.564103	-0.0574528	0.179757	0.724624
5	23	0.128205	0.589744	-0.0592666	0.193262	0.6783
5	24	0.128205	0.615385	-0.0612508	0.210204	0.698914
5	25	0.128205	0.641026	-0.0637262	0.224203	0.574874
5	26	0.128205	0.666667	-0.0639171	0.23932	0.63585
5	27	0.128205	0.692308	-0.0664352	0.253951	0.488382
5	28	0.128205	0.717949	-0.0644492	0.264797	0.507789
5	29	0.128205	0.74359	-0.0641097	0.27752	0.421409
5	30	0.128205	0.769231	-0.0588236	0.282155	0.328924
5	31	0.128205	0.794872	-0.0494915	0.286664	0.334759
5	32	0.128205	0.820513	-0.034802	0.281638	0.149433
5	33	0.128205	0.846154	-0.0044597	0.268862	0.188248
5	34	0.128205	0.871795	0.0386693	0.246207	0.0117396
5	35	0.128205	0.897436	0.116339	0.207653	0.0105405
5	36	0.128205	0.923077	0.230825	0.158866	-0.0647874
5	37	0.128205	0.948718	0.409167	0.0982143	-0.0711359
5	38	0.128205	0.974359	0.660723	0.0425374	-0.00414217
5	39	0.128205	1	1	0	0
6	0	0.153846	0	0	0	0.798865
6	1	0.153846	0.025641	-0.00461126	0.000689154	0.798865
6	2	0.153846	0.0512821	-0.00923826	0.00190436	0.802528
6	3	0.153846	0.0769231	-0.0135869	0.00398205	0.804513
6	4	0.153846	0.102564	-0.0177074	0.00706373	0.809238
6	5	0.153846	0.128205	-0.021437	0.0108854	0.807503
6	6	0.153846	0.153846	-0.0250099	0.0157148	0.814726
6	7	0.153846	0.179487	-0.0283373	0.0213214	0.809054
6	8	0.153846	0.205128	-0.0314848	0.0276693	0.815126
6	9	0.153846	0.230769	-0.0346752	0.0350859	0.811302
6	10	0.153846	0.25641	-0.037557	0.0428141	0.807323
6	11	0.153846	0.282051	-0.0407091	0.0519065	0.813486
6	12	0.153846	0.307692	-0.043566	0.0611596	0.793252
6	13	0.153846	0.333333	-0.0465844	0.0715484	0.808706
6	14	0.153846	0.358974	-0.0496679	0.0826709	0.780249
6	15	0.153846	0.384615	-0.0524362	0.0939483	0.787186
6	16	0.153846	0.410256	-0.0557828	0.107059	0.773786
6	17	0.153846	0.435897	-0.0584081	0.119225	0.746198
6	18	0.153846	0.461538	-0.0616753	0.133755	0.766994
6	19	0.153846	0.487179	-0.0645034	0.147394	0.697738
6	20	0.153846	0.512821	-0.067154	0.162149	0.738898
6	21	0.153846	0.538462	-0.0703666	0.177865	0.661914
6	22	0.153846	0.564103	-0.0721684	0.191801	0.669708
6	23	0.153846	0.589744	-0.0752203	0.20908	0.645156
6	24	0.153846	0.615385	-0.0765063	0.222154	0.564176
6	25	0.153846	0.641026	-0.0780111	0.238639	0.622212
6	26	0.153846	0.666667	-0.0790111	0.251492	0.457575
6	27	0.153846	0.692308	-0.0772923	0.26364	0.547781
6	28	0.153846	0.717949	-0.0764941	0.275596	0.386951
6	29	0.153846	0.74359	-0.0698248	0.280249	0.399405
6	30	0.153846	0.769231	-0.0621574	0.28697	0.348074
6	31	0.153846	0.794872	-0.0467351	0.28178	0.212538
6	32	0.153846	0.820513	-0.0219426	0.275094	0.290643
6	33	0.153846	0.846154	0.0137444	0.256625	0.0617971
6	34	0.153846	0.871795	0.0741805	0.228194	0.179608
6	35	0.153846	0.897436	0.157241	0.191477	0.000966677
6	36	0.153846	0.923077	0.28587	0.141278	0.0723186
6	37	0.153846	0.948718	0.461134	0.0906808	0.0407478
6	38	0.153846	0.974359	0.699583	0.0463816	0.134088
6	39	0.153846	1	1	0	0
7	0	0.179487	0	0	0	0.733946
7	1	0.179487	0.025641	-0.00560678	0.000890736	0.733946
7	2	0.179487	0.0512821	-0.0111353	0.00234157	0.738023
7	3	0.179487	0.0769231	-0.0164805	0.00482197	0.741001
7	4	0.179487	0.102564	-0.021377	0.00815073	0.742827
7	5	0.179487	0.128205	-0.0261503	0.0125062	0.746968
7	6	0.179487	0.153846	-0.0304467	0.0175781	0.744332
7	7	0.179487	0.179487	-0.0346837	0.0236454	0.750817
7	8	0.179487	0.205128	-0.0387116	0.0304943	0.744127
7	9	0.179487	0.230769	-0.0424837	0.0380378	0.748598
7	10	0.179487	0.25641	-0.0465185	0.0467052	0.744697
7	11	0.179487	0.282051	-0.0499894	0.0556259	0.737581
7	12	0.179487	0.307692	-0.0540265	0.0659439	0.744637
7	13	0.179487	0.333333	-0.0575327	0.0764394	0.720865
7	14	0.179487	0.358974	-0.0612917	0.0879591	0.735821
7	15	0.179487	0.384615	-0.0651829	0.10037	0.706778
7	16	0.179487	0.410256	-0.0684061	0.112647	0.708241
7	17	0.179487	0.435897	-0.0726639	0.126946	0.699896
7	18	0.179487	0.461538	-0.0754808	0.140014	0.661434
7	19	0.179487	0.487179	-0.0794769	0.155337	0.690014
7	20	0.179487	0.512821	-0.0823841	0.169792	0.61138
7	21	0.179487	0.538462	-0.0851665	0.184628	0.65293
7	22	0.179487	0.564103	-0.0883912	0.200832	0.579997
7	23	0.179487	0.589744	-0.0893828	0.213986	0.570518
7	24	0.179487	0.615385	-0.0920406	0.230744	0.569279
7	25	0.179487	0.641026	-0.0913352	0.242157	0.456421
7	26	0.179487	0.666667	-0.0911941	0.256116	0.544787
7	27	0.179487	0.692308	-0.0885533	0.266169	0.356878
7	28	0.179487	0.717949	-0.0825921	0.272933	0.456882
7	29	0.179487	0.74359	-0.0751838	0.27998	0.311387
7	30	0.179487	0.769231	-0.0596229	0.276162	0.294175
7	31	0.179487	0.794872	-0.0396292	0.274437	0.305316
7	32	0.179487	0.820513	-0.00726407	0.25831	0.116709
7	33	0.179487	0.846154	0.0398468	0.239519	0.277365
7	34	0.179487	0.871795	0.105429	0.209893	0.0185466
7	35	0.179487	0.897436	0.202451	0.170265	0.200676
7	36	0.179487	0.923077	0.330932	0.128885	0.0477688
7	37	0.179487	0.948718	0.507371	0.0804584	0.152922
7	38	0.179487	0.974359	0.729389	0.0487204	0.213073
7	39	0.179487	1	1	0	0
8	0	0.205128	0	0	0	0.669793
8	1	0.205128	0.025641	-0.00675151	0.001045	0.669793
8	2	0.205128	0.0512821	-0.0133516	0.0026557	0.673577
8	3	0.205128	0.0769231	-0.0195452	0.00537782	0.677876
8	4	0.205128	0.102564	-0.0255517	0.00903198	0.679018
8	5	0.205128	0.128205	-0.0309695	0.013511	0.681605
8	6	0.205128	0.153846	-0.0363749	0.019026	0.684045
8	7	0.205128	0.179487	-0.0412884	0.0251555	0.680724
8	8	0.205128	0.205128	-0.0461358	0.0323268	0.686965
8	9	0.205128	0.230769	-0.0509446	0.0401882	0.677748
8	10	0.205128	0.25641	-0.0552867	0.0487481	0.682976
8	11	0.205128	0.282051	-0.0601994	0.0584266	0.67617
8	12	0.205128	0.307692	-0.064263	0.0682679	0.668843
8	13	0.205128	0.333333	-0.0690919	0.0795668	0.674594
8	14	0.205128	0.358974	-0.0733204	0.0909131	0.648414
8	15	0.205128	0.384615	-0.0775882	0.103278	0.663633
8	16	0.205128	0.410256	-0.0823367	0.116472	0.63152
8	17	0.205128	0.435897	-0.085718	0.129348	0.632167
8	18	0.205128	0.461538	-0.0907397	0.144236	0.623041
8	19	0.205128	0.487179	-0.0934716	0.157602	0.580838
8	20	0.205128	0.512821	-0.0976927	0.173027	0.610613
8	21	0.205128	0.538462	-0.100398	0.187411	0.528861
8	22	0.205128	0.564103	-0.102386	0.201524	0.567523
8	23	0.205128	0.589744	-0.105138	0.216981	0.499814
8	24	0.205128	0.615385	-0.103968	0.228381	0.477614
8	25	0.205128	0.641026	-0.105202	0.243028	0.49182
8	26	0.205128	0.666667	-0.100671	0.251558	0.362882
8	27	0.205128	0.692308	-0.0968889	0.261184	0.463462
8	28	0.205128	0.717949	-0.0880756	0.266883	0.278003
8	29	0.205128	0.74359	-0.0744492	0.266668	0.365408
8	30	0.205128	0.769231	-0.0568818	0.267088	0.2605
8	31	0.205128	0.794872	-0.0272028	0.254219	0.202143
8	32	0.205128	0.820513	0.00978778	0.243138	0.282495
8	33	0.205128	0.846154	0.0657566	0.217822	0.0567494
8	34	0.205128	0.871795	0.139893	0.189147	0.27481
8	35	0.205128	0.897436	0.24056	0.154211	0.0285592
8	36	0.205128	0.923077	0.374424	0.111693	0.22589
8	37	0.205128	0.948718	0.543967	0.0756249	0.131028
8	38	0.205128	0.974359	0.754219	0.0464744	0.272806
8	39	0.205128	1	1	0	0
9	0	0.230769	0	0	0	0.606084
9	1	0.230769	0.025641	-0.00802084	0.00109675	0.606084
9	2	0.230769	0.0512821	-0.015662	0.00290408	0.611682
9	3	0.230769	0.0769231	-0.0229669	0.00569312	0.612278
9	4	0.230769	0.102564	-0.0296818	0.00951046	0.618675
9	5	0.230769	0.128205	-0.0362654	0.0142255	0.616551
9	6	0.230769	0.153846	-0.0422128	0.0196299	0.620081
9	7	0.230769	0.179487	-0.0481852	0.0261588	0.621541
9	8	0.230769	0.205128	-0.053769	0.0330859	0.615498
9	9	0.230769	0.230769	-0.0591712	0.041165	0.624448
9	10	0.230769	0.25641	-0.0647729	0.0497962	0.609315
9	11	0.230769	0.282051	-0.0696804	0.0590789	0.61847
9	12	0.230769	0.307692	-0.0753707	0.0695526	0.606772
9	13	0.230769	0.333333	-0.0800766	0.0799135	0.599575
9	14	0.230769	0.358974	-0.0854775	0.0919494	0.606043
9	15	0.230769	0.384615	-0.0904444	0.103679	0.573446
9	16	0.230769	0.410256	-0.0949487	0.11652	0.594924
9	17	0.230769	0.435897	-0.10038	0.130008	0.55315
9	18	0.230769	0.461538	-0.103669	0.142912	0.559775
9	19	0.230769	0.487179	-0.108952	0.157868	0.544783
9	20	0.230769	0.512821	-0.111343	0.170741	0.502296
9	21	0.230769	0.538462	-0.114919	0.185653	0.533382
9	22	0.230769	0.564103	-0.116978	0.198963	0.445998
9	23	0.230769	0.589744	-0.116969	0.211578	0.488902
9	24	0.230769	0.615385	-0.11832	0.225092	0.41709
9	25	0.230769	0.641026	-0.113466	0.233779	0.39681
9	26	0.230769	0.666667	-0.111529	0.245005	0.410752
9	27	0.230769	0.692308	-0.101232	0.249507	0.286492
9	28	0.230769	0.717949	-0.0909332	0.253683	0.381189
9	29	0.230769	0.74359	-0.0734018	0.253788	0.217788
9	30	0.230769	0.769231	-0.047928	0.246284	0.283751
9	31	0.230769	0.794872	-0.0169311	0.239267	0.222335
9	32	0.230769	0.820513	0.0320134	0.218712	0.139866
9	33	0.230769	0.846154	0.0895307	0.199309	0.260105
9	34	0.230769	0.871795	0.173469	0.168766	0.0459595
9	35	0.230769	0.897436	0.276197	0.135136	0.262708
9	36	0.230769	0.923077	0.411095	0.101839	0.0865419
9	37	0.230769	0.948718	0.576089	0.0649614	0.236516
9	38	0.230769	0.974359	0.773876	0.0464259	0.268816
9	39	0.230769	1	1	0	0
10	0	0.25641	0	0	0	0.543868
10	1	0.25641	0.025641	-0.00932939	0.00118972	0.543868
10	2	0.25641	0.0512821	-0.0181291	0.0029017	0.547125
10	3	0.25641	0.0769231	-0.026322	0.00590516	0.554043
10	4	0.25641	0.102564	-0.0341356	0.00965887	0.550558
10	5	0.25641	0.128205	-0.0413086	0.0143361	0.559406
10	6	0.25641	0.153846	-0.0483735	0.0199552	0.554589
10	7	0.25641	0.179487	-0.0548722	0.0259999	0.556979
10	8	0.25641	0.205128	-0.0613556	0.0333391	0.560612
10	9	0.25641	0.230769	-0.0676027	0.040808	0.548105
10	10	0.25641	0.25641	-0.0735565	0.0494931	0.563265
10	11	0.25641	0.282051	-0.0798467	0.0586915	0.540029
10	12	0.25641	0.307692	-0.0853588	0.0682921	0.553346
10	13	0.25641	0.333333	-0.0916241	0.0793529	0.539222
10	14	0.25641	0.358974	-0.0969665	0.0897879	0.527381
10	15	0.25641	0.384615	-0.102703	0.102234	0.541413
10	16	0.25641	0.410256	-0.108216	0.113932	0.495123
10	17	0.25641	0.435897	-0.112748	0.126721	0.529731
10	18	0.25641	0.461538	-0.118373	0.140117	0.473929
10	19	0.25641	0.487179	-0.121349	0.152331	0.488182
10	20	0.25641	0.512821	-0.126097	0.166908	0.469966
10	21	0.25641	0.538462	-0.127742	0.178453	0.421581
10	22	0.25641	0.564103	-0.129629	0.19224	0.463639
10	23	0.25641	0.589744	-0.130193	0.203587	0.359611
10	24	0.25641	0.615385	-0.126945	0.213913	0.420733
10	25	0.25641	0.641026	-0.125338	0.224582	0.331588
10	26	0.25641	0.666667	-0.115317	0.229644	0.328502
10	27	0.25641	0.692308	-0.107741	0.236706	0.330367
10	28	0.25641	0.717949	-0.0898217	0.236245	0.222447
10	29	0.25641	0.74359	-0.0695745	0.234811	0.308385
10	30	0.25641	0.769231	-0.0409525	0.22867	0.164436
10	31	0.25641	0.794872	0.00043021	0.214903	0.227571
10	32	0.25641	0.820513	0.0476215	0.200931	0.179763
10	33	0.25641	0.846154	0.119331	0.17545	0.120616
10	34	0.25641	0.871795	0.199471	0.15076	0.223235
10	35	0.25641	0.897436	0.311684	0.119607	0.0812934
10	36	0.25641	0.923077	0.441423	0.0874867	0.238309
10	37	0.25641	0.948718	0.603669	0.0605467	0.158504
10	38	0.25641	0.974359	0.790077	0.0414193	0.291992
10	39	0.25641	1	1	0	0
11	0	0.282051	0	0	0	0.481893
11	1	0.282051	0.025641	-0.0106555	0.00111622	0.481893
11	2	0.282051	0.0512821	-0.0205509	0.00299487	0.488114
11	3	0.282051	0.0769231	-0.0297771	0.00572871	0.486852
11	4	0.282051	0.102564	-0.0383572	0.00958277	0.496615
11	5	0.282051	0.128205	-0.0465259	0.0141328	0.489197
11	6	0.282051	0.153846	-0.054137	0.0193637	0.49874
11	7	0.282051	0.179487	-0.0616168	0.0256775	0.494196
11	8	0.282051	0.205128	-0.0686422	0.0320907	0.491726
11	9	0.282051	0.230769	-0.0756373	0.0399399	0.501155
11	10	0.282051	0.25641	-0.0824414	0.0477474	0.479773
11	11	0.282051	0.282051	-0.0889862	0.0566392	0.501587
11	12	0.282051	0.307692	-0.0957798	0.0662191	0.472597
11	13	0.282051	0.333333	-0.101883	0.0757096	0.485238
11	14	0.282051	0.358974	-0.108524	0.0870696	0.475732
11	15	0.282051	0.384615	-0.114306	0.0972153	0.451712
11	16	0.282051	0.410256	-0.120215	0.109588	0.480229
11	17	0.282051	0.435897	-0.125809	0.12097	0.416196
11	18	0.282051	0.461538	-0.130192	0.133051	0.464585
11	19	0.282051	0.487179	-0.135291	0.146043	0.398948
11	20	0.282051	0.512821	-0.137594	0.156856	0.41308
11	21	0.282051	0.538462	-0.140917	0.170577	0.403235
11	22	0.282051	0.564103	-0.141035	0.180137	0.336481
11	23	0.282051	0.589744	-0.140239	0.192125	0.403164
11	24	0.282051	0.615385	-0.137905	0.200933	0.271296
11	25	0.282051	0.641026	-0.130285	0.208186	0.361016
11	26	0.282051	0.666667	-0.123583	0.215576	0.24912
11	27	0.282051	0.692308	-0.107	0.216262	0.266528
11	28	0.282051	0.717949	-0.0909462	0.219108	0.26087
11	29	0.282051	0.74359	-0.0635896	0.213193	0.16
11	30	0.282051	0.769231	-0.0301666	0.206883	0.258456
11	31	0.282051	0.794872	0.0118287	0.194786	0.104544
11	32	0.282051	0.820513	0.071856	0.176641	0.207306
11	33	0.282051	0.846154	0.137538	0.157729	0.123662
11	34	0.282051	0.871795	0.232561	0.130439	0.140447
11	35	0.282051	0.897436	0.335928	0.104957	0.1755
11	36	0.282051	0.923077	0.472382	0.0771191	0.137483
11	37	0.282051	0.948718	0.624788	0.0517976	0.21165
11	38	0.282051	0.974359	0.804107	0.0389431	0.257295
11	39	0.282051	1	1	0	0
12	0	0.307692	0	0	0	0.421682
12	1	0.307692	0.025641	-0.0119454	0.00114425	0.421682
12	2	0.307692	0.0512821	-0.0229121	0.00275504	0.424587
12	3	0.307692	0.0769231	-0.0330841	0.00562298	0.43183
12	4	0.307692	0.102564	-0.0425042	0.00908005	0.426758
12	5	0.307692	0.128205	-0.0513972	0.0134648	0.43797
12	6	0.307692	0.153846	-0.0598292	0.0185871	0.429197
12	7	0.307692	0.179487	-0.0678358	0.0240836	0.436056
12	8	0.307692	0.205128	-0.0757306	0.0307955	0.435242
12	9	0.307692	0.230769	-0.0831771	0.0373655	0.425478
12	10	0.307692	0.25641	-0.090728	0.0453381	0.441353
12	11	0.307692	0.282051	-0.0979214	0.0533075	0.413114
12	12	0.307692	0.307692	-0.105047	0.0619967	0.437104
12	13	0.307692	0.333333	-0.112178	0.0717012	0.409083
12	14	0.307692	0.358974	-0.118685	0.0807518	0.413733
12	15	0.307692	0.384615	-0.125582	0.091975	0.41557
12	16	0.307692	0.410256	-0.131373	0.101611	0.375542
12	17	0.307692	0.435897	-0.137324	0.113314	0.418721
12	18	0.307692	0.461538	-0.14236	0.124168	0.341849
12	19	0.307692	0.487179	-0.146277	0.134925	0.39517
12	20	0.307692	0.512821	-0.150108	0.14715	0.332341
12	21	0.307692	0.538462	-0.151019	0.15607	0.333008
12	22	0.307692	0.564103	-0.152134	0.168355	0.344918
12	23	0.307692	0.589744	-0.149461	0.175597	0.250095
12	24	0.307692	0.615385	-0.145114	0.185083	0.348032
12	25	0.307692	0.641026	-0.138033	0.191163	0.188153
12	26	0.307692	0.666667	-0.124952	0.194709	0.302623
12	27	0.307692	0.692308	-0.11081	0.198858	0.179439
12	28	0.307692	0.717949	-0.0861838	0.194815	0.201656
12	29	0.307692	0.74359	-0.0590996	0.19395	0.212763
12	30	0.307692	0.769231	-0.0203138	0.182855	0.0900657
12	31	0.307692	0.794872	0.0283841	0.172889	0.237644
12	32	0.307692	0.820513	0.0860871	0.156358	0.0349828
12	33	0.307692	0.846154	0.165262	0.13585	0.215985
12	34	0.307692	0.871795	0.251135	0.115337	0.0638658
12	35	0.307692	0.897436	0.366899	0.0888893	0.173203
12	36	0.307692	0.923077	0.492294	0.0673432	0.138989
12	37	0.307692	0.948718	0.646204	0.0449478	0.173704
12	38	0.307692	0.974359	0.814655	0.0341164	0.243128
12	39	0.307692	1	1	0	0
13	0	0.333333	0	0	0	0.361697
13	1	0.333333	0.025641	-0.0131511	0.00100553	0.361697
13	2	0.333333	0.0512821	-0.0251707	0.00266853	0.366948
13	3	0.333333	0.0769231	-0.0361327	0.00509385	0.366343
13	4	0.333333	0.102564	-0.0464426	0.00850709	0.37452
13	5	0.333333	0.128205	-0.0559274	0.0124443	0.367674
13	6	0.333333	0.153846	-0.0650705	0.017051	0.377469
13	7	0.333333	0.179487	-0.0737582	0.0224471	0.370441
13	8	0.333333	0.205128	-0.0820575	0.0279853	0.372384
13	9	0.333333	0.230769	-0.0904163	0.0347233	0.37601
13	10	0.333333	0.25641	-0.098134	0.0412722	0.360674
13	11	0.333333	0.282051	-0.10624	0.0489802	0.379018
13	12	0.333333	0.307692	-0.113688	0.0568743	0.35004
13	13	0.333333	0.333333	-0.121225	0.0650564	0.369477
13	14	0.333333	0.358974	-0.128617	0.0744922	0.348657
13	15	0.333333	0.384615	-0.135136	0.0829216	0.341811
13	16	0.333333	0.410256	-0.142202	0.0934721	0.354932
13	17	0.333333	0.435897	-0.147446	0.102451	0.303934
13	18	0.333333	0.461538	-0.153163	0.112948	0.352722
13	19	0.333333	0.487179	-0.157035	0.122994	0.275754
13	20	0.333333	0.512821	-0.15983	0.132052	0.320607
13	21	0.333333	0.538462	-0.161791	0.14301	0.273415
13	22	0.333333	0.564103	-0.160174	0.149874	0.252104
13	23	0.333333	0.589744	-0.15842	0.160091	0.289788
13	24	0.333333	0.615385	-0.151361	0.165005	0.170345
13	25	0.333333	0.641026	-0.142578	0.17144	0.290638
13	26	0.333333	0.666667	-0.128832	0.174905	0.11924
13	27	0.333333	0.692308	-0.108999	0.174499	0.238044
13	28	0.333333	0.717949	-0.0854299	0.17575	0.130028
13	29	0.333333	0.74359	-0.0509386	0.167301	0.129049
13	30	0.333333	0.769231	-0.0112429	0.163461	0.187895
13	31	0.333333	0.794872	0.0412585	0.148479	0.014935
13	32	0.333333	0.820513	0.105644	0.136071	0.235668
13	33	0.333333	0.846154	0.181205	0.117748	-0.0297797
13	34	0.333333	0.871795	0.277852	0.0965986	0.227271
13	35	0.333333	0.897436	0.384357	0.0781766	0.0247276
13	36	0.333333	0.923077	0.516422	0.0548068	0.186024
13	37	0.333333	0.948718	0.660275	0.0397439	0.126654
13	38	0.333333	0.974359	0.824746	0.0286825	0.213328
13	39	0.333333	1	1	0	0
14	0	0.358974	0	0	0	0.303072
14	1	0.358974	0.025641	-0.0142701	0.000938769	0.303072
14	2	0.358974	0.0512821	-0.0271499	0.00231816	0.306228
14	3	0.358974	0.0769231	-0.039048	0.00465534	0.310431
14	4	0.358974	0.102564	-0.049832	0.00752287	0.308791
14	5	0.358974	0.128205	-0.0601963	0.0111529	0.31544
14	6	0.358974	0.153846	-0.0697245	0.0152575	0.30954
14	7	0.358974	0.179487	-0.0790201	0.0198469	0.316014
14	8	0.358974	0.205128	-0.0880152	0.0251551	0.311354
14	9	0.358974	0.230769	-0.0964761	0.03055	0.309953
14	10	0.358974	0.25641	-0.105312	0.0369479	0.31448
14	11	0.358974	0.282051	-0.113194	0.0432477	0.299048
14	12	0.358974	0.307692	-0.121711	0.050409	0.313877
14	13	0.358974	0.333333	-0.129371	0.0578684	0.289693
14	14	0.358974	0.358974	-0.136975	0.0653846	0.301573
14	15	0.358974	0.384615	-0.144578	0.0740722	0.287665
14	16	0.358974	0.410256	-0.150633	0.0817674	0.274242
14	17	0.358974	0.435897	-0.157637	0.0911783	0.289961
14	18	0.358974	0.461538	-0.161848	0.0992781	0.240078
14	19	0.358974	0.487179	-0.166738	0.108277	0.28184
14	20	0.358974	0.512821	-0.169004	0.11709	0.216519
14	21	0.358974	0.538462	-0.169656	0.124389	0.245649
14	22	0.358974	0.564103	-0.169255	0.133525	0.216235
14	23	0.358974	0.589744	-0.163742	0.138432	0.178585
14	24	0.358974	0.615385	-0.158378	0.146109	0.230277
14	25	0.358974	0.641026	-0.145385	0.148857	0.10533
14	26	0.358974	0.666667	-0.13099	0.152087	0.225263
14	27	0.358974	0.692308	-0.109062	0.153172	0.0692027
14	28	0.358974	0.717949	-0.0807646	0.149199	0.166179
14	29	0.358974	0.74359	-0.0466001	0.147956	0.098876
14	30	0.358974	0.769231	-5.65506e-05	0.136279	0.0552643
14	31	0.358974	0.794872	0.0526024	0.130128	0.173482
14	32	0.358974	0.820513	0.121041	0.113462	-0.0482669
14	33	0.358974	0.846154	0.200118	0.0996464	0.227046
14	34	0.358974	0.871795	0.294655	0.0825363	-0.0650561
14	35	0.358974	0.897436	0.406053	0.0623622	0.211198
14	36	0.358974	0.923077	0.531416	0.048677	0.0238931
14	37	0.358974	0.948718	0.675301	0.0301381	0.160971
14	38	0.358974	0.974359	0.831938	0.0251289	0.162938
14	39	0.358974	1	1	0	0
15	0	0.384615	0	0	0	0.24507
15	1	0.384615	0.025641	-0.0152249	0.000798737	0.24507
15	2	0.384615	0.0512821	-0.0289893	0.00201385	0.247991
15	3	0.384615	0.0769231	-0.0413962	0.00394264	0.25033
15	4	0.384615	0.102564	-0.053069	0.00650464	0.252204
15	5	0.384615	0.128205	-0.0636384	0.00948389	0.25184
15	6	0.384615	0.153846	-0.0739685	0.0130689	0.255397
15	7	0.384615	0.179487	-0.0835933	0.0169804	0.250926
15	8	0.384615	0.205128	-0.0929311	0.0213575	0.255634
15	9	0.384615	0.230769	-0.102262	0.0262292	0.250096
15	10	0.384615	0.25641	-0.110802	0.0312551	0.250317
15	11	0.384615	0.282051	-0.12	0.0370519	0.25046
15	12	0.384615	0.307692	-0.128032	0.0427663	0.239727
15	13	0.384615	0.333333	-0.136665	0.0492383	0.248659
15	14	0.384615	0.358974	-0.144524	0.055831	0.22864
15	15	0.384615	0.384615	-0.151789	0.0625841	0.237793
15	16	0.384615	0.410256	-0.159421	0.0701198	0.222643
15	17	0.384615	0.435897	-0.164629	0.0768894	0.213718
15	18	0.384615	0.461538	-0.171047	0.0849348	0.220703
15	19	0.384615	0.487179	-0.173913	0.091784	0.182092
15	20	0.384615	0.512821	-0.177071	0.099289	0.211144
15	21	0.384615	0.538462	-0.177374	0.106386	0.157955
15	22	0.384615	0.564103	-0.174717	0.112081	0.178363
15	23	0.384615	0.589744	-0.171329	0.119003	0.153702
15	24	0.384615	0.615385	-0.160683	0.122133	0.119371
15	25	0.384615	0.641026	-0.150619	0.127201	0.162449
15	26	0.384615	0.666667	-0.130565	0.127944	0.0571881
15	27	0.384615	0.692308	-0.108931	0.128402	0.153859
15	28	0.384615	0.717949	-0.077982	0.127307	0.0330401
15	29	0.384615	0.74359	-0.0391643	0.120858	0.0965038
15	30	0.384615	0.769231	0.00592221	0.117457	0.0719442
15	31	0.384615	0.794872	0.0666073	0.104422	-0.00194862
15	32	0.384615	0.820513	0.131797	0.0965702	0.146526
15	33	0.384615	0.846154	0.217413	0.080677	-0.07732
15	34	0.384615	0.871795	0.309825	0.0666333	0.187443
15	35	0.384615	0.897436	0.42237	0.052895	-0.0573717
15	36	0.384615	0.923077	0.546155	0.0357263	0.159487
15	37	0.384615	0.948718	0.686129	0.0269493	0.0466504
15	38	0.384615	0.974359	0.838465	0.0178695	0.142866
15	39	0.384615	1	1	0	0
16	0	0.410256	0	0	0	0.187501
16	1	0.410256	0.025641	-0.0160486	0.00062228	0.187501
16	2	0.410256	0.0512821	-0.0304106	0.0016548	0.191015
16	3	0.410256	0.0769231	-0.043572	0.00317993	0.190456
16	4	0.410256	0.102564	-0.0554536	0.00522073	0.194769
16	5	0.410256	0.128205	-0.0668282	0.00772299	0.192885
16	6	0.410256	0.153846	-0.0772393	0.0104418	0.194229
16	7	0.410256	0.179487	-0.0874495	0.0137752	0.196254
16	8	0.410256	0.205128	-0.0972163	0.0171538	0.190155
16	9	0.410256	0.230769	-0.106538	0.0210927	0.197736
16	10	0.410256	0.25641	-0.116123	0.0252841	0.186546
16	11	0.410256	0.282051	-0.124752	0.0296194	0.192602
16	12	0.410256	0.307692	-0.134066	0.0346864	0.186542
16	13	0.410256	0.333333	-0.142268	0.0394191	0.179502
16	14	0.410256	0.358974	-0.150675	0.0451122	0.187403
16	15	0.410256	0.384615	-0.158601	0.0504876	0.163809
16	16	0.410256	0.410256	-0.165228	0.056298	0.180367
16	17	0.410256	0.435897	-0.17244	0.0625113	0.154021
16	18	0.410256	0.461538	-0.176591	0.0680164	0.158008
16	19	0.410256	0.487179	-0.181631	0.0747414	0.152356
16	20	0.410256	0.512821	-0.182911	0.079919	0.123819
16	21	0.410256	0.538462	-0.183344	0.0861002	0.148274
16	22	0.410256	0.564103	-0.181167	0.0911738	0.0937097
16	23	0.410256	0.589744	-0.174221	0.095427	0.124383
16	24	0.410256	0.615385	-0.166844	0.10015	0.0835912
16	25	0.410256	0.641026	-0.150251	0.101602	0.0744546
16	26	0.410256	0.666667	-0.133953	0.104529	0.0906272
16	27	0.410256	0.692308	-0.106255	0.103353	0.0188183
16	28	0.410256	0.717949	-0.0754795	0.102044	0.0875754
16	29	0.410256	0.74359	-0.0351899	0.0989456	-0.00335276
16	30	0.410256	0.769231	0.0160165	0.091597	0.0457618
16	31	0.410256	0.794872	0.0720486	0.0864525	0.030042
16	32	0.410256	0.820513	0.147979	0.0740345	-0.0248265
16	33	0.410256	0.846154	0.225413	0.0654095	0.0897978
16	34	0.410256	0.871795	0.327508	0.0520308	-0.0645173
16	35	0.410256	0.897436	0.432563	0.0394979	0.114996
16	36	0.410256	0.923077	0.559806	0.0296817	-0.0218352
16	37	0.410256	0.948718	0.694395	0.0174358	0.0915611
16	38	0.410256	0.974359	0.843758	0.014359	0.0787279
16	39	0.410256	1	1	0	0
17	0	0.435897	0	0	0	0.131084
17	1	0.435897	0.025641	-0.0166653	0.000508769	0.131084
17	2	0.435897	0.0512821	-0.0316088	0.00115135	0.131399
17	3	0.435897	0.0769231	-0.0450675	0.00239761	0.136465
17	4	0.435897	0.102564	-0.0575737	0.00384764	0.131632
17	5	0.435897	0.128205	-0.0689945	0.00561379	0.138381
17	6	0.435897	0.153846	-0.0800174	0.00783318	0.134221
17	7	0.435897	0.179487	-0.0903357	0.00995028	0.13441
17	8	0.435897	0.205128	-0.100396	0.0128059	0.139331
17	9	0.435897	0.230769	-0.110259	0.0154179	0.127137
17	10	0.435897	0.25641	-0.119596	0.0186078	0.14148
17	11	0.435897	0.282051	-0.129237	0.0220029	0.123158
17	12	0.435897	0.307692	-0.138001	0.0252753	0.133799
17	13	0.435897	0.333333	-0.147151	0.029531	0.126462
17	14	0.435897	0.358974	-0.155434	0.0329695	0.115625
17	15	0.435897	0.384615	-0.163385	0.0377088	0.131971
17	16	0.435897	0.410256	-0.171005	0.0417398	0.095917
17	17	0.435897	0.435897	-0.176862	0.0462835	0.126838
17	18	0.435897	0.461538	-0.182977	0.0512492	0.0870034
17	19	0.435897	0.487179	-0.18592	0.0551108	0.101133
17	20	0.435897	0.512821	-0.188751	0.0606826	0.0920211
17	21	0.435897	0.538462	-0.188024	0.0639546	0.0597349
17	22	0.435897	0.564103	-0.184966	0.0689338	0.0976166
17	23	0.435897	0.589744	-0.179406	0.0720786	0.0230865
17	24	0.435897	0.615385	-0.167599	0.0749213	0.0819403
17	25	0.435897	0.641026	-0.154816	0.0779505	0.0119825
17	26	0.435897	0.666667	-0.131888	0.0777381	0.0353974
17	27	0.435897	0.692308	-0.10763	0.0794481	0.0266729
17	28	0.435897	0.717949	-0.0719732	0.0764793	-0.0230845
17	29	0.435897	0.74359	-0.030434	0.0747081	0.0411396
17	30	0.435897	0.769231	0.0195568	0.0699931	-0.0547097
17	31	0.435897	0.794872	0.0840418	0.0632739	0.0263566
17	32	0.435897	0.820513	0.151509	0.0572504	-0.0364677
17	33	0.435897	0.846154	0.242047	0.0467639	-0.0123677
17	34	0.435897	0.871795	0.332254	0.0389434	0.00884127
17	35	0.435897	0.897436	0.448083	0.0285171	-0.0298326
17	36	0.435897	0.923077	0.565774	0.0195593	0.0358336
17	37	0.435897	0.948718	0.703246	0.0128239	0.00361054
17	38	0.435897	0.974359	0.847192	0.00767687	0.0496571
17	39	0.435897	1	1	0	0
18	0	0.461538	0	0	0	0.0741728
18	1	0.461538	0.025641	-0.0171032	0.000253433	0.0741728
18	2	0.461538	0.0512821	-0.0323721	0.000807213	0.0771864
18	3	0.461538	0.0769231	-0.0462156	0.00140307	0.0732057
18	4	0.461538	0.102564	-0.0588471	0.00240138	0.0810356
18	5	0.461538	0.128205	-0.0706869	0.00353711	0.0730807
18	6	0.461538	0.153846	-0.0817387	0.00467521	0.079746
18	7	0.461538	0.179487	-0.0924141	0.00638651	0.077501
18	8	0.461538	0.205128	-0.102632	0.00766864	0.0722749
18	9	0.461538	0.230769	-0.112596	0.00974734	0.0838818
18	10	0.461538	0.25641	-0.122407	0.011485	0.0641666
18	11	0.461538	0.282051	-0.131826	0.0135706	0.0840541
18	12	0.461538	0.307692	-0.141304	0.0160982	0.0634185
18	13	0.461538	0.333333	-0.150152	0.0180185	0.0713996
18	14	0.461538	0.358974	-0.158967	0.0212952	0.0718341
18	15	0.461538	0.384615	-0.16703	0.0233403	0.0489698
18	16	0.461538	0.410256	-0.174453	0.0268096	0.0798118
18	17	0.461538	0.435897	-0.181201	0.0295914	0.0300721
18	18	0.461538	0.461538	-0.186204	0.0325115	0.0714807
18	19	0.461538	0.487179	-0.190539	0.03639	0.0281507
18	20	0.461538	0.512821	-0.191939	0.0384223	0.0383351
18	21	0.461538	0.538462	-0.19197	0.0429178	0.0430158
18	22	0.461538	0.564103	-0.188447	0.0444423	-0.00962013
18	23	0.461538	0.589744	-0.181507	0.0481806	0.056071
18	24	0.461538	0.615385	-0.171301	0.0499355	-0.046637
18	25	0.461538	0.641026	-0.15438	0.0513257	0.041876
18	26	0.461538	0.666667	-0.13467	0.0535113	-0.0492254
18	27	0.461538	0.692308	-0.105096	0.0517623	-0.00980914
18	28	0.461538	0.717949	-0.0715032	0.0533171	-0.017133
18	29	0.461538	0.74359	-0.0273089	0.0490073	-0.0788257
18	30	0.461538	0.769231	0.025682	0.047905	0.0217043
18	31	0.461538	0.794872	0.0863547	0.0425021	-0.123729
18	32	0.461538	0.820513	0.163526	0.0373226	0.0331399
18	33	0.461538	0.846154	0.243716	0.0319504	-0.115617
18	34	0.461538	0.871795	0.346612	0.0236853	0.0118051
18	35	0.461538	0.897436	0.450596	0.0185682	-0.0675815
18	36	0.461538	0.923077	0.576605	0.0106645	-0.0100984
18	37	0.461538	0.948718	0.706464	0.00636406	-0.0198117
18	38	0.461538	0.974359	0.850776	0.00253034	-0.000711337
18	39	0.461538	1	1	0	0
19	0	0.487179	0	0	0	0.018554
19	1	0.487179	0.025641	-0.0173285	0.000147204	0.018554
19	2	0.487179	0.0512821	-0.0327813	0.000204069	0.017109
19	3	0.487179	0.0769231	-0.0467786	0.000580579	0.0220732
19	4	0.487179	0.102564	-0.0595594	0.000828034	0.0147994
19	5	0.487179	0.128205	-0.0714915	0.00121093	0.0233814
19	6	0.487179	0.153846	-0.0827126	0.00180701	0.016114
19	7	0.487179	0.179487	-0.0934306	0.00207569	0.0186916
19	8	0.487179	0.205128	-0.103842	0.00299454	0.0221339
19	9	0.487179	0.230769	-0.11386	0.00333552	0.00992125
19	10	0.487179	0.25641	-0.123818	0.00429838	0.0273119
19	11	0.487179	0.282051	-0.13341	0.00510057	0.00450742
19	12	0.487179	0.307692	-0.142896	0.00580607	0.0231214
19	13	0.487179	0.333333	-0.15209	0.00731149	0.00880546
19	14	0.487179	0.358974	-0.160783	0.00779195	0.00630282
19	15	0.487179	0.384615	-0.169239	0.00978423	0.0201481
19	16	0.487179	0.410256	-0.176618	0.0105392	-0.0155528
19	17	0.487179	0.435897	-0.18348	0.0123925	0.0255035
19	18	0.487179	0.461538	-0.188808	0.0140786	-0.0276682
19	19	0.487179	0.487179	-0.192694	0.0152106	0.0101663
19	20	0.487179	0.512821	-0.194809	0.0180425	-0.0200374
19	21	0.487179	0.538462	-0.19399	0.0184373	-0.0289691
19	22	0.487179	0.564103	-0.19097	0.021755	0.00136447
19	23	0.487179	0.589744	-0.183559	0.0220883	-0.0762934
19	24	0.487179	0.615385	-0.172577	0.0244895	0.014264
19	25	0.487179	0.641026	-0.156432	0.0256449	-0.10398
19	26	0.487179	0.666667	-0.134091	0.0257153	-0.00631027
19	27	0.487179	0.692308	-0.106331	0.0279236	-0.0902014
19	28	0.487179	0.717949	-0.069411	0.0251765	-0.0675382
19	29	0.487179	0.74359	-0.0259654	0.0273804	-0.0381182
19	30	0.487179	0.769231	0.0279987	0.0227727	-0.145539
19	31	0.487179	0.794872	0.0919404	0.0229076	0.0194771
19	32	0.487179	0.820513	0.164943	0.0183748	-0.193971
19	33	0.487179	0.846154	0.253084	0.0148665	0.04075
19	34	0.487179	0.871795	0.347486	0.0119399	-0.178024
19	35	0.487179	0.897436	0.460138	0.00561761	0.0128864
19	36	0.487179	0.923077	0.578142	0.00430465	-0.110757
19	37	0.487179	0.948718	0.711772	-0.00125709	-0.0278884
19	38	0.487179	0.974359	0.852113	-0.00219232	-0.0510137
19	39	0.487179	1	1	0	0
20	0	0.512821	0	0	0	-0.0379756
20	1	0.512821	0.025641	-0.0173329	-0.000118842	-0.0379756
20	2	0.512821	0.0512821	-0.0328264	-0.000164958	-0.0368333
20	3	0.512821	0.0769231	-0.0467541	-0.000479272	-0.0409864
20	4	0.512821	0.102564	-0.0596506	-0.00068795	-0.0351323
20	5	0.512821	0.128205	-0.0714708	-0.00101362	-0.0425094
20	6	0.512821	0.153846	-0.0827905	-0.00150139	-0.0367493
20	7	0.512821	0.179487	-0.0935137	-0.00171135	-0.0396533
20	8	0.512821	0.205128	-0.103852	-0.00242345	-0.0429184
20	9	0.512821	0.230769	-0.114115	-0.00261611	-0.0342192
20	10	0.512821	0.25641	-0.123819	-0.00327035	-0.0496089
20	11	0.512821	0.282051	-0.133785	-0.00368888	-0.0325791
20	12	0.512821	0.307692	-0.143084	-0.00395932	-0.0504186
20	13	0.512821	0.333333	-0.152449	-0.0047215	-0.0404974
20	14	0.512821	0.358974	-0.161376	-0.00452572	-0.0430323
20	15	0.512821	0.384615	-0.169535	-0.00538624	-0.0568746
20	16	0.512821	0.410256	-0.177641	-0.00501485	-0.0336679
20	17	0.512821	0.435897	-0.183902	-0.00540619	-0.0723544
20	18	0.512821	0.461538	-0.19	-0.00533107	-0.034587
20	19	0.512821	0.487179	-0.193598	-0.00472477	-0.0753745
20	20	0.512821	0.512821	-0.195795	-0.00518911	-0.0551629
20	21	0.512821	0.538462	-0.195555	-0.00355	-0.0619841
20	22	0.512821	0.564103	-0.191597	-0.004248	-0.092619
20	23	0.512821	0.589744	-0.185436	-0.00225183	-0.0421096
20	24	0.512821	0.615385	-0.173084	-0.00237725	-0.129534
20	25	0.512821	0.641026	-0.157758	-0.00119055	-0.0367551
20	26	0.512821	0.666667	-0.134807	8.33464e-05	-0.141339
20	27	0.512821	0.692308	-0.10629	-0.000570213	-0.0657674
20	28	0.512821	0.717949	-0.0701188	0.00222429	-0.111715
20	29	0.512821	0.74359	-0.0245415	-0.000382958	-0.13096
20	30	0.512821	0.769231	0.028372	0.00279123	-0.0489161
20	31	0.512821	0.794872	0.0938221	-0.00051766	-0.204543
20	32	0.512821	0.820513	0.167553	0.000880992	0.00959369
20	33	0.512821	0.846154	0.254456	-0.00106322	-0.237907
20	34	0.512821	0.871795	0.351967	-0.00305367	0.0191079
20	35	0.512821	0.897436	0.461048	-0.00249105	-0.199946
20	36	0.512821	0.923077	0.582106	-0.00683032	-0.0268091
20	37	0.512821	0.948718	0.712667	-0.00491912	-0.119291
20	38	0.512821	0.974359	0.853404	-0.00883013	-0.081697
20	39	0.512821	1	1	0	0
21	0	0.538462	0	0	0	-0.0937487
21	1	0.538462	0.025641	-0.0171415	-0.000255511	-0.0937487
21	2	0.538462	0.0512821	-0.0324052	-0.000732376	-0.0957867
21	3	0.538462	0.0769231	-0.0463215	-0.00134822	-0.0941926
21	4	0.538462	0.102564	-0.0588859	-0.00226915	-0.0985744
21	5	0.538462	0.128205	-0.0708333	-0.00333198	-0.0947891
21	6	0.538462	0.153846	-0.0818608	-0.0044775	-0.0988585
21	7	0.538462	0.179487	-0.0925818	-0.00595612	-0.0977558
21	8	0.538462	0.205128	-0.102957	-0.00726663	-0.0962675
21	9	0.538462	0.230769	-0.112849	-0.00901003	-0.102275
21	10	0.538462	0.25641	-0.123013	-0.0105669	-0.0936284
21	11	0.538462	0.282051	-0.132366	-0.0123352	-0.104908
21	12	0.538462	0.307692	-0.142202	-0.0142264	-0.0951145
21	13	0.538462	0.333333	-0.151258	-0.0158325	-0.102723
21	14	0.538462	0.358974	-0.160192	-0.0179772	-0.102555
21	15	0.538462	0.384615	-0.168897	-0.0194121	-0.0967789
21	16	0.538462	0.410256	-0.17618	-0.0214853	-0.112993
21	17	0.538462	0.435897	-0.183787	-0.0229008	-0.0928594
21	18	0.538462	0.461538	-0.188723	-0.0244404	-0.11988
21	19	0.538462	0.487179	-0.193579	-0.0259755	-0.0982847
21	20	0.538462	0.512821	-0.195406	-0.0266218	-0.117573
21	21	0.538462	0.538462	-0.19515	-0.0281805	-0.116511
21	22	0.538462	0.564103	-0.192527	-0.0279117	-0.106366
21	23	0.538462	0.589744	-0.184599	-0.029042	-0.142788
21	24	0.538462	0.615385	-0.175014	-0.0282673	-0.0948659
21	25	0.538462	0.641026	-0.157098	-0.0282521	-0.16365
21	26	0.538462	0.666667	-0.136671	-0.0276743	-0.0976423
21	27	0.538462	0.692308	-0.106713	-0.0258801	-0.1619
21	28	0.538462	0.717949	-0.0707383	-0.0260877	-0.127163
21	29	0.538462	0.74359	-0.0264459	-0.0225299	-0.12764
21	30	0.538462	0.769231	0.0293978	-0.0234039	-0.181014
21	31	0.538462	0.794872	0.0911179	-0.019253	-0.0721097
21	32	0.538462	0.820513	0.169465	-0.0196281	-0.232017
21	33	0.538462	0.846154	0.25232	-0.0169603	-0.0314461
21	34	0.538462	0.871795	0.353524	-0.0153477	-0.238788
21	35	0.538462	0.897436	0.460237	-0.0155142	-0.0415226
21	36	0.538462	0.923077	0.582733	-0.0120438	-0.187468
21	37	0.538462	0.948718	0.712613	-0.0135695	-0.0892685
21	38	0.538462	0.974359	0.853431	-0.0124674	-0.140275
21	39	0.538462	1	1	0	0
22	0	0.564103	0	0	0	-0.150243
22	1	0.564103	0.025641	-0.0167128	-0.000465836	-0.150243
22	2	0.564103	0.0512821	-0.0317013	-0.00116113	-0.151882
22	3	0.564103	0.0769231	-0.0451564	-0.00230254	-0.153673
22	4	0.564103	0.102564	-0.0577218	-0.00375992	-0.153912
22	5	0.564103	0.128205	-0.0691476	-0.00551433	-0.15553
22	6	0.564103	0.153846	-0.0802298	-0.00755948	-0.155573
22	7	0.564103	0.179487	-0.0906567	-0.00979076	-0.155971
22	8	0.564103	0.205128	-0.100764	-0.0123086	-0.157075
22	9	0.564103	0.230769	-0.110879	-0.0149544	-0.155658
22	10	0.564103	0.25641	-0.120323	-0.0178302	-0.157969
22	11	0.564103	0.282051	-0.130296	-0.0208437	-0.155591
22	12	0.564103	0.307692	-0.139373	-0.0239614	-0.157804
22	13	0.564103	0.333333	-0.148828	-0.0272556	-0.156458
22	14	0.564103	0.358974	-0.157715	-0.0304968	-0.156682
22	15	0.564103	0.384615	-0.165947	-0.0339145	-0.158344
22	16	0.564103	0.410256	-0.174329	-0.037147	-0.155371
22	17	0.564103	0.435897	-0.180606	-0.0404506	-0.160734
22	18	0.564103	0.461538	-0.187318	-0.0435177	-0.155225
22	19	0.564103	0.487179	-0.190964	-0.0463931	-0.162525
22	20	0.564103	0.512821	-0.193947	-0.0491005	-0.158009
22	21	0.564103	0.538462	-0.194035	-0.0511965	-0.162264
22	22	0.564103	0.564103	-0.190684	-0.0532802	-0.165062
22	23	0.564103	0.589744	-0.185436	-0.0543075	-0.159286
22	24	0.564103	0.615385	-0.173131	-0.0553821	-0.175366
22	25	0.564103	0.641026	-0.159408	-0.0552527	-0.155734
22	26	0.564103	0.666667	-0.135885	-0.0548073	-0.18338
22	27	0.564103	0.692308	-0.10917	-0.053707	-0.15773
22	28	0.564103	0.717949	-0.0724531	-0.0512789	-0.179599
22	29	0.564103	0.74359	-0.0276035	-0.0495187	-0.172316
22	30	0.564103	0.769231	0.0245187	-0.0451337	-0.15729
22	31	0.564103	0.794872	0.0917857	-0.0427562	-0.198424
22	32	0.564103	0.820513	0.162383	-0.0374136	-0.124059
22	33	0.564103	0.846154	0.253859	-0.0339715	-0.21862
22	34	0.564103	0.871795	0.346657	-0.0294599	-0.104992
22	35	0.564103	0.897436	0.46098	-0.0247216	-0.20907
22	36	0.564103	0.923077	0.57838	-0.0222863	-0.12007
22	37	0.564103	0.948718	0.712063	-0.0174615	-0.171043
22	38	0.564103	0.974359	0.852106	-0.0186601	-0.16783
22	39	0.564103	1	1	0	0
23	0	0.589744	0	0	0	-0.206998
23	1	0.589744	0.025641	-0.0161104	-0.000646422	-0.206998
23	2	0.589744	0.0512821	-0.0305136	-0.00159246	-0.209041
23	3	0.589744	0.0769231	-0.0436954	-0.00318167	-0.212048
23	4	0.589744	0.102564	-0.0556281	-0.00516974	-0.211321
23	5	0.589744	0.128205	-0.0670106	-0.00760231	-0.214939
23	6	0.589744	0.153846	-0.0775402	-0.0104237	-0.213227
23	7	0.589744	0.179487	-0.0878019	-0.013495	-0.21518
23	8	0.589744	0.205128	-0.0977611	-0.0170239	-0.215619
23	9	0.589744	0.230769	-0.107287	-0.0206635	-0.213296
23	10	0.589744	0.25641	-0.117099	-0.0247327	-0.217503
23	11	0.589744	0.282051	-0.126189	-0.0289472	-0.211531
23	12	0.589744	0.307692	-0.135772	-0.0333586	-0.216695
23	13	0.589744	0.333333	-0.144671	-0.0380993	-0.212166
23	14	0.589744	0.358974	-0.153526	-0.0427033	-0.212313
23	15	0.589744	0.384615	-0.162188	-0.0477417	-0.214986
23	16	0.589744	0.410256	-0.169637	-0.0524634	-0.206694
23	17	0.589744	0.435897	-0.177377	-0.0573879	-0.216714
23	18	0.589744	0.461538	-0.182732	-0.0621186	-0.204232
23	19	0.589744	0.487179	-0.18803	-0.0664676	-0.213734
23	20	0.589744	0.512821	-0.190469	-0.0708872	-0.207556
23	21	0.589744	0.538462	-0.191086	-0.0742988	-0.205937
23	22	0.589744	0.564103	-0.18925	-0.0777949	-0.214393
23	23	0.589744	0.589744	-0.182569	-0.0800314	-0.197949
23	24	0.589744	0.615385	-0.174064	-0.0818305	-0.218332
23	25	0.589744	0.641026	-0.157477	-0.0826557	-0.195953
23	26	0.589744	0.666667	-0.13857	-0.0821321	-0.213576
23	27	0.589744	0.692308	-0.109699	-0.081169	-0.201965
23	28	0.589744	0.717949	-0.0755047	-0.0781608	-0.200401
23	29	0.589744	0.74359	-0.0321088	-0.0749383	-0.210215
23	30	0.589744	0.769231	0.0225055	-0.0698498	-0.1864
23	31	0.589744	0.794872	0.0829914	-0.064188	-0.210496
23	32	0.589744	0.820513	0.161758	-0.0577707	-0.180274
23	33	0.589744	0.846154	0.242698	-0.050361	-0.19878
23	34	0.589744	0.871795	0.346258	-0.0434323	-0.182286
23	35	0.589744	0.897436	0.451219	-0.0360134	-0.184862
23	36	0.589744	0.923077	0.576869	-0.029709	-0.185087
23	37	0.589744	0.948718	0.706904	-0.024074	-0.179872
23	38	0.589744	0.974359	0.850613	-0.0229206	-0.210692
23	39	0.589744	1	1	0	0
24	0	0.615385	0	0	0	-0.264025
24	1	0.615385	0.025641	-0.0152939	-0.000771321	-0.264025
24	2	0.615385	0.0512821	-0.0290837	-0.00205012	-0.268237
24	3	0.615385	0.0769231	-0.0415623	-0.00391975	-0.267627
24	4	0.615385	0.102564	-0.0531995	-0.00649479	-0.273702
24	5	0.615385	0.128205	-0.0639107	-0.00953069	-0.269704
24	6	0.615385	0.153846	-0.0742271	-0.0129706	-0.275235
24	7	0.615385	0.179487	-0.0840443	-0.0170436	-0.273264
24	8	0.615385	0.205128	-0.0935569	-0.0212011	-0.2722
24	9	0.615385	0.230769	-0.103057	-0.0261057	-0.277657
24	10	0.615385	0.25641	-0.112111	-0.0310422	-0.267648
24	11	0.615385	0.282051	-0.121474	-0.0364795	-0.278811
24	12	0.615385	0.307692	-0.130322	-0.0422784	-0.266436
24	13	0.615385	0.333333	-0.139339	-0.0480026	-0.273023
24	14	0.615385	0.358974	-0.148041	-0.054519	-0.270495
24	15	0.615385	0.384615	-0.156244	-0.0604704	-0.261586
24	16	0.615385	0.410256	-0.164428	-0.0672213	-0.275736
24	17	0.615385	0.435897	-0.171206	-0.0734485	-0.251409
24	18	0.615385	0.461538	-0.177876	-0.079754	-0.27438
24	19	0.615385	0.487179	-0.18243	-0.0861282	-0.250052
24	20	0.615385	0.512821	-0.185935	-0.0913864	-0.261469
24	21	0.615385	0.538462	-0.187046	-0.0973252	-0.259002
24	22	0.615385	0.564103	-0.185184	-0.101184	-0.240127
24	23	0.615385	0.589744	-0.1809	-0.105618	-0.270801
24	24	0.615385	0.615385	-0.171083	-0.107912	-0.221124
24	25	0.615385	0.641026	-0.158449	-0.109563	-0.272503
24	26	0.615385	0.666667	-0.137872	-0.110081	-0.216674
24	27	0.615385	0.692308	-0.112836	-0.107958	-0.253631
24	28	0.615385	0.717949	-0.0786167	-0.106232	-0.231853
24	29	0.615385	0.74359	-0.0363099	-0.100148	-0.214671
24	30	0.615385	0.769231	0.0144954	-0.0954742	-0.258334
24	31	0.615385	0.794872	0.0788374	-0.0863695	-0.171148
24	32	0.615385	0.820513	0.149423	-0.0782747	-0.276126
24	33	0.615385	0.846154	0.238863	-0.0680312	-0.147427
24	34	0.615385	0.871795	0.332691	-0.0572217	-0.26775
24	35	0.615385	0.897436	0.447123	-0.0479608	-0.158677
24	36	0.615385	0.923077	0.566683	-0.0372184	-0.239
24	37	0.615385	0.948718	0.703011	-0.0303845	-0.191154
24	38	0.615385	0.974359	0.846957	-0.0271106	-0.248113
24	39	0.615385	1	1	0	0
25	0	0.641026	0	0	0	-0.322286
25	1	0.641026	0.025641	-0.0143271	-0.000964068	-0.322286
25	2	0.641026	0.0512821	-0.0272715	-0.00231577	-0.324595
25	3	0.641026	0.0769231	-0.0391369	-0.004693	-0.33067
25	4	0.641026	0.102564	-0.0500545	-0.0075946	-0.326957
25	5	0.641026	0.128205	-0.0603485	-0.0111726	-0.335032
25	6	0.641026	0.153846	-0.0700786	-0.0154074	-0.330231
25	7	0.641026	0.179487	-0.0794478	-0.0198853	-0.333403
25	8	0.641026	0.205128	-0.0886165	-0.0252733	-0.335659
25	9	0.641026	0.230769	-0.0975078	-0.0306561	-0.327562
25	10	0.641026	0.25641	-0.106453	-0.0368778	-0.339508
25	11	0.641026	0.282051	-0.115161	-0.0433263	-0.323229
25	12	0.641026	0.307692	-0.123933	-0.0500442	-0.336014
25	13	0.641026	0.333333	-0.132552	-0.0575677	-0.325049
25	14	0.641026	0.358974	-0.14097	-0.0646371	-0.323499
25	15	0.641026	0.384615	-0.149276	-0.0728571	-0.331156
25	16	0.641026	0.410256	-0.156949	-0.0803537	-0.307718
25	17	0.641026	0.435897	-0.164304	-0.0885484	-0.333114
25	18	0.641026	0.461538	-0.17055	-0.0965029	-0.298427
25	19	0.641026	0.487179	-0.175856	-0.103892	-0.32223
25	20	0.641026	0.512821	-0.179539	-0.11191	-0.301549
25	21	0.641026	0.538462	-0.181217	-0.117921	-0.297129
25	22	0.641026	0.564103	-0.180585	-0.124982	-0.313358
25	23	0.641026	0.589744	-0.176498	-0.129291	-0.266526
25	24	0.641026	0.615385	-0.169078	-0.133873	-0.321029
25	25	0.641026	0.641026	-0.156449	-0.136219	-0.245415
25	26	0.641026	0.666667	-0.138987	-0.136715	-0.308953
25	27	0.641026	0.692308	-0.114425	-0.136649	-0.247066
25	28	0.641026	0.717949	-0.0828724	-0.13197	-0.268007
25	29	0.641026	0.74359	-0.0425812	-0.128698	-0.27378
25	30	0.641026	0.769231	0.00769991	-0.118958	-0.205096
25	31	0.641026	0.794872	0.0676028	-0.111478	-0.310006
25	32	0.641026	0.820513	0.141077	-0.09844	-0.147689
25	33	0.641026	0.846154	0.224242	-0.0863314	-0.325935
25	34	0.641026	0.871795	0.323791	-0.0730374	-0.132451
25	35	0.641026	0.897436	0.433022	-0.0580246	-0.301205
25	36	0.641026	0.923077	0.558606	-0.0475499	-0.17356
25	37	0.641026	0.948718	0.69426	-0.0343508	-0.254469
25	38	0.641026	0.974359	0.842921	-0.0322678	-0.266347
25	39	0.641026	1	1	0	0
26	0	0.666667	0	0	0	-0.38059
26	1	0.666667	0.025641	-0.0132073	-0.00101359	-0.38059
26	2	0.666667	0.0512821	-0.0252291	-0.00270189	-0.386199
26	3	0.666667	0.0769231	-0.0362829	-0.00517056	-0.385239
26	4	0.666667	0.102564	-0.0465171	-0.00857006	-0.393247
26	5	0.666667	0.128205	-0.0561762	-0.01262	-0.388159
26	6	0.666667	0.153846	-0.0653037	-0.0171914	-0.394668
26	7	0.666667	0.179487	-0.0741743	-0.0226692	-0.393072
26	8	0.666667	0.205128	-0.082748	-0.0282806	-0.39007
26	9	0.666667	0.230769	-0.0912242	-0.0349173	-0.39825
26	10	0.666667	0.25641	-0.099631	-0.0417051	-0.383993
26	11	0.666667	0.282051	-0.107918	-0.049145	-0.39793
26	12	0.666667	0.307692	-0.116313	-0.0572301	-0.382306
26	13	0.666667	0.333333	-0.124477	-0.0652418	-0.388003
26	14	0.666667	0.358974	-0.132712	-0.0744241	-0.386052
26	15	0.666667	0.384615	-0.14065	-0.0830194	-0.371176
26	16	0.666667	0.410256	-0.148272	-0.0927004	-0.388937
26	17	0.666667	0.435897	-0.155557	-0.101962	-0.356104
26	18	0.666667	0.461538	-0.161847	-0.11135	-0.381628
26	19	0.666667	0.487179	-0.167529	-0.121056	-0.350669
26	20	0.666667	0.512821	-0.171481	-0.129443	-0.359358
26	21	0.666667	0.538462	-0.173972	-0.138773	-0.355198
26	22	0.666667	0.564103	-0.174104	-0.145623	-0.326423
26	23	0.666667	0.589744	-0.171202	-0.153145	-0.360944
26	24	0.666667	0.615385	-0.165232	-0.157969	-0.29467
26	25	0.666667	0.641026	-0.154201	-0.161888	-0.354049
26	26	0.666667	0.666667	-0.138804	-0.164039	-0.277958
26	27	0.666667	0.692308	-0.116362	-0.162643	-0.322196
26	28	0.666667	0.717949	-0.0872104	-0.16119	-0.285228
26	29	0.666667	0.74359	-0.0494019	-0.153499	-0.262678
26	30	0.666667	0.769231	-0.00160671	-0.147261	-0.312821
26	31	0.666667	0.794872	0.0562048	-0.133827	-0.191085
26	32	0.666667	0.820513	0.127329	-0.121819	-0.339371
26	33	0.666667	0.846154	0.20991	-0.105209	-0.143074
26	34	0.666667	0.871795	0.307922	-0.087972	-0.335197
26	35	0.666667	0.897436	0.41875	-0.0721396	-0.154045
26	36	0.666667	0.923077	0.545039	-0.0538424	-0.29606
26	37	0.666667	0.948718	0.68437	-0.0421758	-0.214779
26	38	0.666667	0.974359	0.837063	-0.0347518	-0.30378
26	39	0.666667	1	1	0	0
27	0	0.692308	0	0	0	-0.4406
27	1	0.692308	0.025641	-0.0119725	-0.00115655	-0.4406
27	2	0.692308	0.0512821	-0.0229847	-0.00281917	-0.443778
27	3	0.692308	0.0769231	-0.0331133	-0.00567349	-0.450019
27	4	0.692308	0.102564	-0.0426434	-0.00924874	-0.447449
27	5	0.692308	0.128205	-0.0514884	-0.0136183	-0.454556
27	6	0.692308	0.153846	-0.0600709	-0.0188329	-0.451549
27	7	0.692308	0.179487	-0.068214	-0.0244407	-0.45294
27	8	0.692308	0.205128	-0.076235	-0.0310842	-0.456481
27	9	0.692308	0.230769	-0.0841638	-0.0379664	-0.447585
27	10	0.692308	0.25641	-0.0918819	-0.0457357	-0.458125
27	11	0.692308	0.282051	-0.0998578	-0.0540331	-0.443674
27	12	0.692308	0.307692	-0.107481	-0.0626732	-0.451758
27	13	0.692308	0.333333	-0.115448	-0.0723309	-0.443919
27	14	0.692308	0.358974	-0.123114	-0.0817841	-0.437411
27	15	0.692308	0.384615	-0.130726	-0.0923959	-0.444848
27	16	0.692308	0.410256	-0.138319	-0.102722	-0.42096
27	17	0.692308	0.435897	-0.145062	-0.113634	-0.438886
27	18	0.692308	0.461538	-0.151946	-0.1247	-0.409416
27	19	0.692308	0.487179	-0.157204	-0.135233	-0.42057
27	20	0.692308	0.512821	-0.162064	-0.146414	-0.404824
27	21	0.692308	0.538462	-0.164944	-0.15594	-0.391099
27	22	0.692308	0.564103	-0.16584	-0.166032	-0.402205
27	23	0.692308	0.589744	-0.164763	-0.173854	-0.357727
27	24	0.692308	0.615385	-0.159296	-0.181201	-0.392355
27	25	0.692308	0.641026	-0.151527	-0.186365	-0.329837
27	26	0.692308	0.666667	-0.136931	-0.189098	-0.366199
27	27	0.692308	0.692308	-0.118321	-0.190328	-0.315171
27	28	0.692308	0.717949	-0.0912999	-0.186734	-0.318745
27	29	0.692308	0.74359	-0.0564753	-0.182555	-0.316409
27	30	0.692308	0.769231	-0.0128319	-0.171749	-0.254376
27	31	0.692308	0.794872	0.0440754	-0.160841	-0.326515
27	32	0.692308	0.820513	0.109676	-0.1437	-0.193227
27	33	0.692308	0.846154	0.193815	-0.12583	-0.327393
27	34	0.692308	0.871795	0.287272	-0.105573	-0.168509
27	35	0.692308	0.897436	0.401709	-0.0834374	-0.304559
27	36	0.692308	0.923077	0.527377	-0.0651796	-0.201988
27	37	0.692308	0.948718	0.672029	-0.0456939	-0.273624
27	38	0.692308	0.974359	0.829439	-0.0392873	-0.306973
27	39	0.692308	1	1	0	0
28	0	0.717949	0	0	0	-0.500858
28	1	0.717949	0.025641	-0.0106697	-0.00115333	-0.500858
28	2	0.717949	0.0512821	-0.020552	-0.003013	-0.506458
28	3	0.717949	0.0769231	-0.0298209	-0.00586674	-0.507327
28	4	0.717949	0.102564	-0.0383642	-0.00969165	-0.513085
28	5	0.717949	0.128205	-0.0466135	-0.0143593	-0.511565
28	6	0.717949	0.153846	-0.0542863	-0.0196783	-0.514655
28	7	0.717949	0.179487	-0.0618564	-0.0259658	-0.515797
28	8	0.717949	0.205128	-0.0691831	-0.0326962	-0.511802
28	9	0.717949	0.230769	-0.0763276	-0.040371	-0.517898
28	10	0.717949	0.25641	-0.0836858	-0.0486019	-0.508026
28	11	0.717949	0.282051	-0.0906527	-0.0574477	-0.514055
28	12	0.717949	0.307692	-0.0981184	-0.0671877	-0.506021
28	13	0.717949	0.333333	-0.105179	-0.0771281	-0.503174
28	14	0.717949	0.358974	-0.11252	-0.0881334	-0.5041
28	15	0.717949	0.384615	-0.119814	-0.0992006	-0.488677
28	16	0.717949	0.410256	-0.126637	-0.111012	-0.496957
28	17	0.717949	0.435897	-0.133881	-0.123109	-0.475406
28	18	0.717949	0.461538	-0.139781	-0.135203	-0.480342
28	19	0.717949	0.487179	-0.146049	-0.147837	-0.464743
28	20	0.717949	0.512821	-0.150533	-0.159671	-0.45481
28	21	0.717949	0.538462	-0.154252	-0.171863	-0.453034
28	22	0.717949	0.564103	-0.156372	-0.182707	-0.424851
28	23	0.717949	0.589744	-0.155494	-0.193067	-0.434537
28	24	0.717949	0.615385	-0.153315	-0.201769	-0.395017
28	25	0.717949	0.641026	-0.145463	-0.208606	-0.405239
28	26	0.717949	0.666667	-0.135596	-0.21352	-0.367546
28	27	0.717949	0.692308	-0.117959	-0.214925	-0.364033
28	28	0.717949	0.717949	-0.0953997	-0.214094	-0.343106
28	29	0.717949	0.74359	-0.0642997	-0.208218	-0.312544
28	30	0.717949	0.769231	-0.022748	-0.199798	-0.321635
28	31	0.717949	0.794872	0.0269819	-0.185618	-0.257609
28	32	0.717949	0.820513	0.094201	-0.168671	-0.301017
28	33	0.717949	0.846154	0.169487	-0.147208	-0.215517
28	34	0.717949	0.871795	0.267949	-0.123174	-0.27846
28	35	0.717949	0.897436	0.376303	-0.0985847	-0.208349
28	36	0.717949	0.923077	0.508883	-0.0733637	-0.262803
28	37	0.717949	0.948718	0.654744	-0.0526645	-0.241772
28	38	0.717949	0.974359	0.820443	-0.041258	-0.320917
28	39	0.717949	1	1	0	0
29	0	0.74359	0	0	0	-0.562685
29	1	0.74359	0.025641	-0.00931412	-0.0011891	-0.562685
29	2	0.74359	0.0512821	-0.0181109	-0.00299151	-0.566914
29	3	0.74359	0.0769231	-0.026284	-0.00595374	-0.571187
29	4	0.74359	0.102564	-0.0341085	-0.00983951	-0.572424
29	5	0.74359	0.128205	-0.0413171	-0.0145507	-0.575106
29	6	0.74359	0.153846	-0.0484014	-0.0201965	-0.576681
29	7	0.74359	0.179487	-0.0550888	-0.0264919	-0.575087
29	8	0.74359	0.205128	-0.0616592	-0.0337002	-0.578735
29	9	0.74359	0.230769	-0.0682663	-0.0415975	-0.573189
29	10	0.74359	0.25641	-0.0745579	-0.0502074	-0.576067
29	11	0.74359	0.282051	-0.0813008	-0.0597121	-0.571174
29	12	0.74359	0.307692	-0.0876148	-0.0696769	-0.567768
29	13	0.74359	0.333333	-0.094409	-0.0806332	-0.567714
29	14	0.74359	0.358974	-0.101025	-0.0919982	-0.556142
29	15	0.74359	0.384615	-0.107596	-0.104105	-0.558822
29	16	0.74359	0.410256	-0.114518	-0.116811	-0.544307
29	17	0.74359	0.435897	-0.120579	-0.12974	-0.541668
29	18	0.74359	0.461538	-0.127288	-0.143391	-0.532125
29	19	0.74359	0.487179	-0.132566	-0.156801	-0.517645
29	20	0.74359	0.512821	-0.137947	-0.170592	-0.515179
29	21	0.74359	0.538462	-0.141928	-0.183913	-0.490937
29	22	0.74359	0.564103	-0.144384	-0.196715	-0.4884
29	23	0.74359	0.589744	-0.14585	-0.208846	-0.463783
29	24	0.74359	0.615385	-0.143436	-0.219277	-0.450718
29	25	0.74359	0.641026	-0.139961	-0.228411	-0.433553
29	26	0.74359	0.666667	-0.130309	-0.234753	-0.405906
29	27	0.74359	0.692308	-0.11789	-0.238523	-0.395005
29	28	0.74359	0.717949	-0.0978132	-0.238619	-0.359071
29	29	0.74359	0.74359	-0.0707455	-0.234525	-0.345889
29	30	0.74359	0.769231	-0.0355208	-0.226049	-0.313244
29	31	0.74359	0.794872	0.0133372	-0.212197	-0.291035
29	32	0.74359	0.820513	0.0707226	-0.193703	-0.270784
29	33	0.74359	0.846154	0.149098	-0.170088	-0.242595
29	34	0.74359	0.871795	0.237865	-0.142958	-0.239044
29	35	0.74359	0.897436	0.352501	-0.113451	-0.218501
29	36	0.74359	0.923077	0.481589	-0.0842438	-0.234604
29	37	0.74359	0.948718	0.636017	-0.0579802	-0.235578
29	38	0.74359	0.974359	0.808286	-0.0435039	-0.315027
29	39	0.74359	1	1	0	0
30	0	0.769231	0	0	0	-0.625205
30	1	0.769231	0.025641	-0.0079853	-0.00113657	-0.625205
30	2	0.769231	0.0512821	-0.0156036	-0.00290925	-0.629866
30	3	0.769231	0.0769231	-0.0228781	-0.00581286	-0.633138
30	4	0.769231	0.102564	-0.0296148	-0.00961851	-0.635123
30	5	0.769231	0.128205	-0.0361537	-0.014398	-0.638455
30	6	0.769231	0.153846	-0.042228	-0.0199549	-0.637235
30	7	0.769231	0.179487	-0.0481982	-0.02641	-0.641055
30	8	0.769231	0.205128	-0.054019	-0.0336859	-0.637597
30	9	0.769231	0.230769	-0.0596336	-0.0416819	-0.639138
30	10	0.769231	0.25641	-0.0655122	-0.0506581	-0.6372
30	11	0.769231	0.282051	-0.0710499	-0.0601843	-0.632276
30	12	0.769231	0.307692	-0.0770554	-0.0707318	-0.634356
30	13	0.769231	0.333333	-0.0828289	-0.0818791	-0.622724
30	14	0.769231	0.358974	-0.0888297	-0.0937819	-0.625189
30	15	0.769231	0.384615	-0.0950085	-0.106562	-0.61312
30	16	0.769231	0.410256	-0.100824	-0.119638	-0.607284
30	17	0.769231	0.435897	-0.107212	-0.133763	-0.602489
30	18	0.769231	0.461538	-0.112692	-0.147885	-0.582747
30	19	0.769231	0.487179	-0.118621	-0.162699	-0.585173
30	20	0.769231	0.512821	-0.123499	-0.177573	-0.556685
30	21	0.769231	0.538462	-0.127884	-0.19216	-0.554776
30	22	0.769231	0.564103	-0.131446	-0.206956	-0.53169
30	23	0.769231	0.589744	-0.132866	-0.22024	-0.509968
30	24	0.769231	0.615385	-0.133536	-0.233313	-0.503416
30	25	0.769231	0.641026	-0.130152	-0.243935	-0.456621
30	26	0.769231	0.666667	-0.125112	-0.252833	-0.461955
30	27	0.769231	0.692308	-0.114307	-0.258829	-0.403931
30	28	0.769231	0.717949	-0.0991437	-0.260604	-0.398993
30	29	0.769231	0.74359	-0.0768273	-0.259182	-0.357553
30	30	0.769231	0.769231	-0.0452168	-0.250973	-0.316382
30	31	0.769231	0.794872	-0.00488936	-0.238943	-0.315742
30	32	0.769231	0.820513	0.0515209	-0.219018	-0.231048
30	33	0.769231	0.846154	0.119505	-0.1945	-0.273442
30	34	0.769231	0.871795	0.210583	-0.164122	-0.172981
30	35	0.769231	0.897436	0.318208	-0.129915	-0.235418
30	36	0.769231	0.923077	0.453343	-0.0961599	-0.174855
30	37	0.769231	0.948718	0.610439	-0.0633135	-0.227516
30	38	0.769231	0.974359	0.793932	-0.0450854	-0.287901
30	39	0.769231	1	1	0	0
31	0	0.794872	0	0	0	-0.688776
31	1	0.794872	0.025641	-0.00670001	-0.00103756	-0.688776
31	2	0.794872	0.0512821	-0.013253	-0.00271548	-0.693445
31	3	0.794872	0.0769231	-0.0194457	-0.00540775	-0.695535
31	4	0.794872	0.102564	-0.0253788	-0.00913057	-0.700123
31	5	0.794872	0.128205	-0.0308775	-0.0136764	-0.698954
31	6	0.794872	0.153846	-0.0362102	-0.0191616	-0.704151
31	7	0.794872	0.179487	-0.0412861	-0.0255244	-0.700986
31	8	0.794872	0.205128	-0.0462078	-0.0326251	-0.703581
31	9	0.794872	0.230769	-0.0511903	-0.0407765	-0.702534
31	10	0.794872	0.25641	-0.0559548	-0.0494822	-0.697911
31	11	0.794872	0.282051	-0.0610262	-0.0592995	-0.701792
31	12	0.794872	0.307692	-0.065924	-0.0697377	-0.689467
31	13	0.794872	0.333333	-0.0710972	-0.0810316	-0.694501
31	14	0.794872	0.358974	-0.0763504	-0.0933042	-0.681294
31	15	0.794872	0.384615	-0.0815662	-0.105958	-0.677562
31	16	0.794872	0.410256	-0.0871699	-0.119914	-0.672871
31	17	0.794872	0.435897	-0.0923739	-0.133948	-0.652651
31	18	0.794872	0.461538	-0.0980036	-0.149093	-0.658241
31	19	0.794872	0.487179	-0.103074	-0.164483	-0.62543
31	20	0.794872	0.512821	-0.108109	-0.180088	-0.629439
31	21	0.794872	0.538462	-0.112634	-0.196384	-0.600004
31	22	0.794872	0.564103	-0.116199	-0.21163	-0.582865
31	23	0.794872	0.589744	-0.119207	-0.2276	-0.573202
31	24	0.794872	0.615385	-0.120073	-0.241505	-0.523054
31	25	0.794872	0.641026	-0.119765	-0.255004	-0.533959
31	26	0.794872	0.666667	-0.116009	-0.26605	-0.460294
31	27	0.794872	0.692308	-0.109418	-0.274148	-0.469337
31	28	0.794872	0.717949	-0.0978056	-0.279764	-0.403411
31	29	0.794872	0.74359	-0.0802382	-0.279078	-0.374253
31	30	0.794872	0.769231	-0.0552879	-0.275432	-0.352792
31	31	0.794872	0.794872	-0.0194761	-0.262737	-0.260144
31	32	0.794872	0.820513	0.0277342	-0.245547	-0.299903
31	33	0.794872	0.846154	0.0925189	-0.219139	-0.157831
31	34	0.794872	0.871795	0.175117	-0.186584	-0.238902
31	35	0.794872	0.897436	0.282916	-0.149193	-0.110177
31	36	0.794872	0.923077	0.416445	-0.10768	-0.191382
31	37	0.794872	0.948718	0.580848	-0.0706982	-0.14864
31	38	0.794872	0.974359	0.775365	-0.0444334	-0.255236
31	39	0.794872	1	1	0	0
32	0	0.820513	0	0	0	-0.753271
32	1	0.820513	0.025641	-0.00554063	-0.000909008	-0.753271
32	2	0.820513	0.0512821	-0.011037	-0.00233367	-0.756727
32	3	0.820513	0.0769231	-0.0163116	-0.00485889	-0.761227
32	4	0.820513	0.102564	-0.0212419	-0.0082008	-0.760958
32	5	0.820513	0.128205	-0.0259178	-0.0125428	-0.76697
32	6	0.820513	0.153846	-0.0303158	-0.0177435	-0.763967
32	7	0.820513	0.179487	-0.0345262	-0.0237495	-0.768604
32	8	0.820513	0.205128	-0.0386672	-0.0307943	-0.766883
32	9	0.820513	0.230769	-0.0426582	-0.0384107	-0.764859
32	10	0.820513	0.25641	-0.0467719	-0.0471923	-0.76844
32	11	0.820513	0.282051	-0.050809	-0.0565346	-0.757476
32	12	0.820513	0.307692	-0.0550137	-0.0668713	-0.764415
32	13	0.820513	0.333333	-0.0593108	-0.0781079	-0.749855
32	14	0.820513	0.358974	-0.0636639	-0.089887	-0.750693
32	15	0.820513	0.384615	-0.0682905	-0.103013	-0.74276
32	16	0.820513	0.410256	-0.0728373	-0.116307	-0.727411
32	17	0.820513	0.435897	-0.0776691	-0.131013	-0.731351
32	18	0.820513	0.461538	-0.0823922	-0.145977	-0.699515
32	19	0.820513	0.487179	-0.087143	-0.161723	-0.707229
32	20	0.820513	0.512821	-0.0918143	-0.178264	-0.672159
32	21	0.820513	0.538462	-0.0960676	-0.194449	-0.664407
32	22	0.820513	0.564103	-0.10009	-0.211844	-0.644525
32	23	0.820513	0.589744	-0.1032	-0.227815	-0.604145
32	24	0.820513	0.615385	-0.105485	-0.244491	-0.607358
32	25	0.820513	0.641026	-0.106268	-0.259231	-0.534499
32	26	0.820513	0.666667	-0.105052	-0.272743	-0.546657
32	27	0.820513	0.692308	-0.101268	-0.284295	-0.464633
32	28	0.820513	0.717949	-0.0936175	-0.291415	-0.451896
32	29	0.820513	0.74359	-0.081172	-0.296275	-0.397534
32	30	0.820513	0.769231	-0.0619357	-0.293137	-0.325246
32	31	0.820513	0.794872	-0.0336195	-0.28614	-0.326473
32	32	0.820513	0.820513	0.00635188	-0.268758	-0.187976
32	33	0.820513	0.846154	0.0626477	-0.244513	-0.241618
32	34	0.820513	0.871795	0.138553	-0.210733	-0.0803629
32	35	0.820513	0.897436	0.241104	-0.168456	-0.152325
32	36	0.820513	0.923077	0.374043	-0.123361	-0.0527071
32	37	0.820513	0.948718	0.544012	-0.0759993	-0.115426
32	38	0.820513	0.974359	0.752075	-0.0439987	-0.173782
32	39	0.820513	1	1	0	0
33	0	0.846154	0	0	0	-0.818163
33	1	0.846154	0.025641	-0.00454729	-0.000676962	-0.818163
33	2	0.846154	0.0512821	-0.00911384	-0.00190547	-0.822207
33	3	0.846154	0.0769231	-0.0134539	-0.00397118	-0.823393
33	4	0.846154	0.102564	-0.0174897	-0.00703532	-0.82895
33	5	0.846154	0.128205	-0.0212626	-0.010912	-0.827131
33	6	0.846154	0.153846	-0.0247684	-0.0156769	-0.833069
33	7	0.846154	0.179487	-0.0281562	-0.021393	-0.830801
33	8	0.846154	0.205128	-0.0313781	-0.0277491	-0.832219
33	9	0.846154	0.230769	-0.0346055	-0.0352236	-0.833985
33	10	0.846154	0.25641	-0.0378053	-0.0432176	-0.826823
33	11	0.846154	0.282051	-0.0410355	-0.0522859	-0.833293
33	12	0.846154	0.307692	-0.0444108	-0.0620908	-0.819826
33	13	0.846154	0.333333	-0.0477781	-0.0726241	-0.824182
33	14	0.846154	0.358974	-0.051408	-0.0843472	-0.813146
33	15	0.846154	0.384615	-0.0550448	-0.0963978	-0.804955
33	16	0.846154	0.410256	-0.0588855	-0.109914	-0.80396
33	17	0.846154	0.435897	-0.0628685	-0.123703	-0.778668
33	18	0.846154	0.461538	-0.0668141	-0.138672	-0.78497
33	19	0.846154	0.487179	-0.0710447	-0.154348	-0.75021
33	20	0.846154	0.512821	-0.0749785	-0.170366	-0.749036
33	21	0.846154	0.538462	-0.0790879	-0.187662	-0.720666
33	22	0.846154	0.564103	-0.0828091	-0.20434	-0.69415
33	23	0.846154	0.589744	-0.0861421	-0.222321	-0.683773
33	24	0.846154	0.615385	-0.0891113	-0.239089	-0.624468
33	25	0.846154	0.641026	-0.090705	-0.256057	-0.627362
33	26	0.846154	0.666667	-0.0916315	-0.271677	-0.546594
33	27	0.846154	0.692308	-0.089955	-0.285112	-0.539006
33	28	0.846154	0.717949	-0.086209	-0.296993	-0.463623
33	29	0.846154	0.74359	-0.0783274	-0.303394	-0.413354
33	30	0.846154	0.769231	-0.0649365	-0.306923	-0.370803
33	31	0.846154	0.794872	-0.0446832	-0.301574	-0.258774
33	32	0.846154	0.820513	-0.0123764	-0.290061	-0.257955
33	33	0.846154	0.846154	0.0328448	-0.267374	-0.10147
33	34	0.846154	0.871795	0.100943	-0.234262	-0.125537
33	35	0.846154	0.897436	0.194032	-0.191124	0.0130952
33	36	0.846154	0.923077	0.325162	-0.138058	-0.018033
33	37	0.846154	0.948718	0.498499	-0.0847004	0.0201651
33	38	0.846154	0.974359	0.722542	-0.0400494	-0.0692872
33	39	0.846154	1	1	0	0
34	0	0.871795	0	0	0	-0.883562
34	1	0.871795	0.025641	-0.00378522	-0.000434105	-0.883562
34	2	0.871795	0.0512821	-0.00754368	-0.0012532	-0.886033
34	3	0.871795	0.0769231	-0.0110044	-0.00298847	-0.890251
34	4	0.871795	0.102564	-0.0141936	-0.00548562	-0.890462
34	5	0.871795	0.128205	-0.0170432	-0.0089081	-0.896291
34	6	0.871795	0.153846	-0.0197568	-0.0131741	-0.894807
34	7	0.871795	0.179487	-0.022242	-0.0181668	-0.898751
34	8	0.871795	0.205128	-0.0246941	-0.0241411	-0.898966
34	9	0.871795	0.230769	-0.0270921	-0.0306514	-0.896507
34	10	0.871795	0.25641	-0.0294449	-0.0381942	-0.900798
34	11	0.871795	0.282051	-0.0319532	-0.0463307	-0.891193
34	12	0.871795	0.307692	-0.0343599	-0.0553092	-0.896318
34	13	0.871795	0.333333	-0.0370543	-0.0652209	-0.884975
34	14	0.871795	0.358974	-0.0396926	-0.0756407	-0.882644
34	15	0.871795	0.384615	-0.0425452	-0.0873478	-0.876974
34	16	0.871795	0.410256	-0.045564	-0.0994061	-0.860571
34	17	0.871795	0.435897	-0.0485294	-0.112756	-0.862023
34	18	0.871795	0.461538	-0.0519349	-0.126705	-0.833506
34	19	0.871795	0.487179	-0.0550325	-0.141477	-0.833417
34	20	0.871795	0.512821	-0.058611	-0.157361	-0.803194
34	21	0.871795	0.538462	-0.0618957	-0.17337	-0.787147
34	22	0.871795	0.564103	-0.065243	-0.190797	-0.765989
34	23	0.871795	0.589744	-0.0686166	-0.207813	-0.723681
34	24	0.871795	0.615385	-0.0712219	-0.225835	-0.712713
34	25	0.871795	0.641026	-0.0741284	-0.24325	-0.645859
34	26	0.871795	0.666667	-0.0753298	-0.260281	-0.631913
34	27	0.871795	0.692308	-0.0763722	-0.276556	-0.554596
34	28	0.871795	0.717949	-0.0748981	-0.290124	-0.5145
34	29	0.871795	0.74359	-0.0712247	-0.302043	-0.445104
34	30	0.871795	0.769231	-0.063896	-0.308218	-0.358304
34	31	0.871795	0.794872	-0.0497687	-0.310025	-0.306825
34	32	0.871795	0.820513	-0.0286136	-0.302569	-0.17226
34	33	0.871795	0.846154	0.00807328	-0.28568	-0.13268
34	34	0.871795	0.871795	0.0613642	-0.256189	0.0178394
34	35	0.871795	0.897436	0.145836	-0.212289	0.0539697
34	36	0.871795	0.923077	0.267376	-0.156612	0.15351
34	37	0.871795	0.948718	0.44402	-0.0922514	0.151377
34	38	0.871795	0.974359	0.683889	-0.0347661	0.107532
34	39	0.871795	1	1	0	0
35	0	0.897436	0	0	0	-0.948475
35	1	0.897436	0.025641	-0.00331378	-9.06693e-05	-0.948475
35	2	0.897436	0.0512821	-0.00637411	-0.000573898	-0.951398
35	3	0.897436	0.0769231	-0.00907118	-0.00175236	-0.953337
35	4	0.897436	0.102564	-0.0113612	-0.00380111	-0.958225
35	5	0.897436	0.128205	-0.0134647	-0.00661314	-0.958743
35	6	0.897436	0.153846	-0.015285	-0.0101968	-0.963633
35	7	0.897436	0.179487	-0.0170667	-0.0145952	-0.963861
35	8	0.897436	0.205128	-0.01873	-0.0195703	-0.965172
35	9	0.897436	0.230769	-0.0203477	-0.025425	-0.967434
35	10	0.897436	0.25641	-0.0220634	-0.0317941	-0.962865
35	11	0.897436	0.282051	-0.0236442	-0.0389832	-0.966685
35	12	0.897436	0.307692	-0.0254958	-0.0468614	-0.958145
35	13	0.897436	0.333333	-0.0272069	-0.0553553	-0.95865
35	14	0.897436	0.358974	-0.0291691	-0.064836	-0.951208
35	15	0.897436	0.384615	-0.0311878	-0.0747669	-0.942425
35	16	0.897436	0.410256	-0.0332159	-0.0858412	-0.939117
35	17	0.897436	0.435897	-0.0356231	-0.097456	-0.91944
35	18	0.897436	0.461538	-0.0377569	-0.110057	-0.916734
35	19	0.897436	0.487179	-0.0404559	-0.123549	-0.890926
35	20	0.897436	0.512821	-0.0428353	-0.137642	-0.879606
35	21	0.897436	0.538462	-0.0455791	-0.152976	-0.854778
35	22	0.897436	0.564103	-0.0483231	-0.168553	-0.825793
35	23	0.897436	0.589744	-0.0508303	-0.185365	-0.804568
35	24	0.897436	0.615385	-0.0538278	-0.202263	-0.754859
35	25	0.897436	0.641026	-0.055859	-0.219801	-0.73106
35	26	0.897436	0.666667	-0.0585425	-0.237355	-0.664917
35	27	0.897436	0.692308	-0.0597484	-0.254304	-0.624589
35	28	0.897436	0.717949	-0.0608109	-0.270803	-0.54971
35	29	0.897436	0.74359	-0.0600729	-0.284773	-0.476985
35	30	0.897436	0.769231	-0.0567549	-0.29659	-0.397377
35	31	0.897436	0.794872	-0.0504156	-0.302998	-0.283313
35	32	0.897436	0.820513	-0.0362308	-0.303211	-0.193923
35	33	0.897436	0.846154	-0.0136816	-0.293472	-0.0458459
35	34	0.897436	0.871795	0.028083	-0.270621	0.0608085
35	35	0.897436	0.897436	0.0945507	-0.231782	0.209451
35	36	0.897436	0.923077	0.205123	-0.173981	0.309435
35	37	0.897436	0.948718	0.37673	-0.102195	0.37246
35	38	0.897436	0.974359	0.633447	-0.0251357	0.370992
35	39	0.897436	1	1	0	0
36	0	0.923077	0	0	0	-1.01257
36	1	0.923077	0.025641	-0.00317898	0.000255962	-1.01257
36	2	0.923077	0.0512821	-0.00569186	0.000221398	-1.01512
36	3	0.923077	0.0769231	-0.00760787	-0.000543055	-1.01917
36	4	0.923077	0.102564	-0.00919025	-0.00201228	-1.02195
36	5	0.923077	0.128205	-0.0104528	-0.00422302	-1.02687
36	6	0.923077	0.153846	-0.0116513	-0.00710332	-1.02867
36	7	0.923077	0.179487	-0.0126889	-0.010561	-1.0321
36	8	0.923077	0.205128	-0.0137116	-0.014694	-1.03389
36	9	0.923077	0.230769	-0.0147464	-0.0192944	-1.03362
36	10	0.923077	0.25641	-0.0156842	-0.0245668	-1.03596
36	11	0.923077	0.282051	-0.0168115	-0.0303466	-1.03174
36	12	0.923077	0.307692	-0.0177794	-0.0367162	-1.03269
36	13	0.923077	0.333333	-0.0189878	-0.0437669	-1.02671
36	14	0.923077	0.358974	-0.0201385	-0.0513043	-1.02254
36	15	0.923077	0.384615	-0.0213767	-0.0596919	-1.01712
36	16	0.923077	0.410256	-0.0228211	-0.0685801	-1.00533
36	17	0.923077	0.435897	-0.0240989	-0.0783405	-0.999718
36	18	0.923077	0.461538	-0.0258225	-0.0887932	-0.981195
36	19	0.923077	0.487179	-0.0272576	-0.0999861	-0.970749
36	20	0.923077	0.512821	-0.029124	-0.112136	-0.94854
36	21	0.923077	0.538462	-0.0308797	-0.12487	-0.927306
36	22	0.923077	0.564103	-0.0327275	-0.1387	-0.902871
36	23	0.923077	0.589744	-0.0348787	-0.153058	-0.866949
36	24	0.923077	0.615385	-0.0366274	-0.168379	-0.837176
36	25	0.923077	0.641026	-0.0390357	-0.184247	-0.785777
36	26	0.923077	0.666667	-0.0406864	-0.200621	-0.742819
36	27	0.923077	0.692308	-0.0429095	-0.21741	-0.67619
36	28	0.923077	0.717949	-0.0443154	-0.233879	-0.609594
36	29	0.923077	0.74359	-0.045401	-0.250022	-0.525158
36	30	0.923077	0.769231	-0.0455305	-0.264367	-0.424779
36	31	0.923077	0.794872	-0.0430951	-0.276201	-0.313679
36	32	0.923077	0.820513	-0.0378299	-0.283167	-0.172609
36	33	0.923077	0.846154	-0.0244339	-0.282515	-0.0212466
36	34	0.923077	0.871795	0.000340864	-0.2703	0.159008
36	35	0.923077	0.897436	0.0494176	-0.240769	0.349955
36	36	0.923077	0.923077	0.13829	-0.188537	0.536654
36	37	0.923077	0.948718	0.297656	-0.111883	0.675841
36	38	0.923077	0.974359	0.565578	-0.0106894	0.779833
36	39	0.923077	1	1	0	0
37	0	0.948718	0	0	0	-1.07367
37	1	0.948718	0.025641	-0.00332889	0.000587085	-1.07367
37	2	0.948718	0.0512821	-0.00531128	0.000888691	-1.07748
37	3	0.948718	0.0769231	-0.00656676	0.000531169	-1.08198
37	4	0.948718	0.102564	-0.00740843	-0.000472755	-1.0872
37	5	0.948718	0.128205	-0.00811567	-0.00202418	-1.09123
37	6	0.948718	0.153846	-0.0086681	-0.00406901	-1.09575
37	7	0.948718	0.179487	-0.00922035	-0.00658417	-1.0987
37	8	0.948718	0.205128	-0.00973043	-0.00948708	-1.10118
37	9	0.948718	0.230769	-0.0102058	-0.012847	-1.1033
37	10	0.948718	0.25641	-0.0107654	-0.0165717	-1.10298
37	11	0.948718	0.282051	-0.0112178	-0.0207359	-1.10379
37	12	0.948718	0.307692	-0.0118345	-0.025328	-1.10097
37	13	0.948718	0.333333	-0.0123563	-0.0303285	-1.09893
37	14	0.948718	0.358974	-0.0129897	-0.0358595	-1.09435
37	15	0.948718	0.384615	-0.0136734	-0.0418044	-1.08779
37	16	0.948718	0.410256	-0.0143059	-0.0483494	-1.08131
37	17	0.948718	0.435897	-0.0151773	-0.0553965	-1.06954
37	18	0.948718	0.461538	-0.0158674	-0.0630507	-1.05926
37	19	0.948718	0.487179	-0.0168676	-0.0713568	-1.04252
37	20	0.948718	0.512821	-0.0177306	-0.0802555	-1.02537
37	21	0.948718	0.538462	-0.0187725	-0.089939	-1.00338
37	22	0.948718	0.564103	-0.019904	-0.100242	-0.976428
37	23	0.948718	0.589744	-0.0209552	-0.111376	-0.946861
37	24	0.948718	0.615385	-0.0223635	-0.123206	-0.907728
37	25	0.948718	0.641026	-0.023483	-0.135813	-0.865797
37	26	0.948718	0.666667	-0.0250756	-0.149167	-0.81144
37	27	0.948718	0.692308	-0.0263628	-0.163136	-0.750281
37	28	0.948718	0.717949	-0.0279495	-0.177718	-0.674756
37	29	0.948718	0.74359	-0.0293511	-0.192542	-0.585376
37	30	0.948718	0.769231	-0.0304715	-0.207318	-0.477261
37	31	0.948718	0.794872	-0.0311441	-0.221275	-0.34709
37	32	0.948718	0.820513	-0.0299519	-0.233118	-0.187389
37	33	0.948718	0.846154	-0.0257134	-0.240825	0.00182249
37	34	0.948718	0.871795	-0.0136435	-0.240475	0.236794
37	35	0.948718	0.897436	0.0141109	-0.226269	0.501877
37	36	0.948718	0.923077	0.0755788	-0.188578	0.810954
37	37	0.948718	0.948718	0.206259	-0.118146	1.08052
37	38	0.948718	0.974359	0.471637	0.00954952	1.41916
37	39	0.948718	1	1	0	0
38	0	0.974359	0	0	0	-1.13753
38	1	0.974359	0.025641	-0.00440006	0.000712007	-1.13753
38	2	0.974359	0.0512821	-0.00602511	0.00117101	-1.14609
38	3	0.974359	0.0769231	-0.00673928	0.00100071	-1.15377
38	4	0.974359	0.102564	-0.00714791	0.000443665	-1.16067
38	5	0.974359	0.128205	-0.00741133	-0.00042058	-1.16677
38	6	0.974359	0.153846	-0.00765266	-0.00154199	-1.1719
38	7	0.974359	0.179487	-0.00784992	-0.002892	-1.17627
38	8	0.974359	0.205128	-0.00804624	-0.00446918	-1.17971
38	9	0.974359	0.230769	-0.00825508	-0.00625142	-1.18218
38	10	0.974359	0.25641	-0.00842773	-0.00825706	-1.18381
38	11	0.974359	0.282051	-0.00866557	-0.0104772	-1.18416
38	12	0.974359	0.307692	-0.00884801	-0.0129241	-1.18359
38	13	0.974359	0.333333	-0.0090996	-0.0156185	-1.18156
38	14	0.974359	0.358974	-0.009338	-0.0185542	-1.17819
38	15	0.974359	0.384615	-0.00958593	-0.0217776	-1.17332
38	16	0.974359	0.410256	-0.0099065	-0.0252791	-1.16644
38	17	0.974359	0.435897	-0.0101646	-0.0291034	-1.15783
38	18	0.974359	0.461538	-0.0105536	-0.0332654	-1.14658
38	19	0.974359	0.487179	-0.0108696	-0.0377841	-1.13285
38	20	0.974359	0.512821	-0.0112927	-0.0427085	-1.11591
38	21	0.974359	0.538462	-0.011716	-0.0480373	-1.09525
38	22	0.974359	0.564103	-0.0121591	-0.0538323	-1.07046
38	23	0.974359	0.589744	-0.0127088	-0.0601005	-1.04044
38	24	0.974359	0.615385	-0.0132018	-0.0668879	-1.00447
38	25	0.974359	0.641026	-0.0138672	-0.0742292	-0.961414
38	26	0.974359	0.666667	-0.0144721	-0.0821468	-0.909338
38	27	0.974359	0.692308	-0.0152412	-0.0906904	-0.847069
38	28	0.974359	0.717949	-0.0160117	-0.0998719	-0.771196
38	29	0.974359	0.74359	-0.0168768	-0.109702	-0.678973
38	30	0.974359	0.769231	-0.0177517	-0.120165	-0.565815
38	31	0.974359	0.794872	-0.0185181	-0.13109	-0.424009
38	32	0.974359	0.820513	-0.0187996	-0.142206	-0.247347
38	33	0.974359	0.846154	-0.0178134	-0.152632	-0.0181458
38	34	0.974359	0.871795	-0.0131755	-0.160667	0.274573
38	35	0.974359	0.897436	6.32515e-05	-0.162374	0.661408
38	36	0.974359	0.923077	0.035468	-0.149137	1.15922
38	37	0.974359	0.948718	0.125718	-0.106159	1.75049
38	38	0.974359	0.974359	0.35837	0.0311991	2.636
38	39	0.974359	1	1	0	0
39	0	1	0	0	0	-1.13753
39	1	1	0.025641	0	0	-1.13753
39	2	1	0.0512821	0	0	-1.14609
39	3	1	0.0769231	0	0	-1.15377
39	4	1	0.102564	0	0	-1.16067
39	5	1	0.128205	0	0	-1.16677
39	6	1	0.153846	0	0	-1.1719
39	7	1	0.179487	0	0	-1.17627
39	8	1	0.205128	0	0	-1.17971
39	9	1	0.230769	0	0	-1.18218
39	10	1	0.25641	0	0	-1.18381
39	11	1	0.282051	0	0	-1.18416
39	12	1	0.307692	0	0	-1.18359
39	13	1	0.333333	0	0	-1.18156
39	14	1	0.358974	0	0	-1.17819
39	15	1	0.384615	0	0	-1.17332
39	16	1	0.410256	0	0	-1.16644
39	17	1	0.435897	0	0	-1.15783
39	18	1	0.461538	0	0	-1.14658
39	19	1	0.487179	0	0	-1.13285
39	20	1	0.512821	0	0	-1.11591
39	21	1	0.538462	0	0	-1.09525
39	22	1	0.564103	0	0	-1.07046
39	23	1	0.589744	0	0	-1.04044
39	24	1	0.615385	0	0	-1.00447
39	25	1	0.641026	0	0	-0.961414
39	26	1	0.666667	0	0	-0.909338
39	27	1	0.692308	0	0	-0.847069
39	28	1	0.717949	0	0	-0.771196
39	29	1	0.74359	0	0	-0.678973
39	30	1	0.769231	0	0	-0.565815
39	31	1	0.794872	0	0	-0.424009
39	32	1	0.820513	0	0	-0.247347
39	33	1	0.846154	0	0	-0.0181458
39	34	1	0.871795	0	0	0.274573
39	35	1	0.897436	0	0	0.661408
39	36	1	0.923077	0	0	1.15922
39	37	1	0.948718	0	0	1.75049
39	38	1	0.974359	0	0	2.636
39	39	1	1	1	0	0
