# i		j		x		y		u		v		p
# nx		ny		
# 40		40
# =================================
0	0	0	0	0	0	1.17423
0	1	0	0.025641	0	0	1.17423
0	2	0	0.0512821	0	0	1.18268
0	3	0	0.0769231	0	0	1.19692
0	4	0	0.102564	0	0	1.18944
0	5	0	0.128205	0	0	1.22002
0	6	0	0.153846	0	0	1.19898
0	7	0	0.179487	0	0	1.228
0	8	0	0.205128	0	0	1.22292
0	9	0	0.230769	0	0	1.2161
0	10	0	0.25641	0	0	1.2558
0	11	0	0.282051	0	0	1.19884
0	12	0	0.307692	0	0	1.27415
0	13	0	0.333333	0	0	1.20128
0	14	0	0.358974	0	0	1.2545
0	15	0	0.384615	0	0	1.23498
0	16	0	0.410256	0	0	1.19971
0	17	0	0.435897	0	0	1.27644
0	18	0	0.461538	0	0	1.1475
0	19	0	0.487179	0	0	1.27459
0	20	0	0.512821	0	0	1.1408
0	21	0	0.538462	0	0	1.19732
0	22	0	0.564103	0	0	1.17519
0	23	0	0.589744	0	0	1.07972
0	24	0	0.615385	0	0	1.17699
0	25	0	0.641026	0	0	1.00301
0	26	0	0.666667	0	0	1.05984
0	27	0	0.692308	0	0	0.991581
0	28	0	0.717949	0	0	0.832794
0	29	0	0.74359	0	0	0.933979
0	30	0	0.769231	0	0	0.622805
0	31	0	0.794872	0	0	0.652976
0	32	0	0.820513	0	0	0.499082
0	33	0	0.846154	0	0	0.0858229
0	34	0	0.871795	0	0	0.249084
0	35	0	0.897436	0	0	-0.664884
0	36	0	0.923077	0	0	-0.565941
0	37	0	0.948718	0	0	-1.56705
0	38	0	0.974359	0	0	-2.24157
0	39	0	1	1	0	0
1	0	0.025641	0	0	0	1.17423
1	1	0.025641	0.025641	-0.00434338	-0.000707233	1.17423
1	2	0.025641	0.0512821	-0.00650834	-0.00157222	1.18268
1	3	0.025641	0.0769231	-0.00561666	-0.0009255	1.19692
1	4	0.025641	0.102564	-0.00906362	-0.00108708	1.18944
1	5	0.025641	0.128205	-0.00504949	9.73156e-05	1.22002
1	6	0.025641	0.153846	-0.0100624	0.00121514	1.19898
1	7	0.025641	0.179487	-0.00633652	0.00174262	1.228
1	8	0.025641	0.205128	-0.00808258	0.00465697	1.22292
1	9	0.025641	0.230769	-0.0105654	0.00444883	1.2161
1	10	0.025641	0.25641	-0.00383813	0.00837524	1.2558
1	11	0.025641	0.282051	-0.0154157	0.00888509	1.19884
1	12	0.025641	0.307692	-0.00123626	0.0118416	1.27415
1	13	0.025641	0.333333	-0.0161171	0.015111	1.20128
1	14	0.025641	0.358974	-0.00488172	0.0154776	1.2545
1	15	0.025641	0.384615	-0.00956788	0.0221117	1.23498
1	16	0.025641	0.410256	-0.015271	0.0207351	1.19971
1	17	0.025641	0.435897	0.00103068	0.0284561	1.27644
1	18	0.025641	0.461538	-0.0256768	0.0290976	1.1475
1	19	0.025641	0.487179	0.00622773	0.0337723	1.27459
1	20	0.025641	0.512821	-0.0257165	0.0402099	1.1408
1	21	0.025641	0.538462	-0.00231952	0.0397065	1.19732
1	22	0.025641	0.564103	-0.0117632	0.0514041	1.17519
1	23	0.025641	0.589744	-0.0218178	0.0494197	1.07972
1	24	0.025641	0.615385	0.00548528	0.0606496	1.17699
1	25	0.025641	0.641026	-0.0363779	0.0649308	1.00301
1	26	0.025641	0.666667	0.00821183	0.0698164	1.05984
1	27	0.025641	0.692308	-0.0309808	0.0835758	0.991581
1	28	0.025641	0.717949	-0.00942078	0.0837015	0.832794
1	29	0.025641	0.74359	-0.0114151	0.099874	0.933979
1	30	0.025641	0.769231	-0.0303971	0.105701	0.622805
1	31	0.025641	0.794872	-0.00307636	0.113881	0.652976
1	32	0.025641	0.820513	-0.0301068	0.132961	0.499082
1	33	0.025641	0.846154	-0.0190123	0.132589	0.0858229
1	34	0.025641	0.871795	-0.00436656	0.154102	0.249084
1	35	0.025641	0.897436	-0.0253496	0.152573	-0.664884
1	36	0.025641	0.923077	0.0504785	0.143949	-0.565941
1	37	0.025641	0.948718	0.0972554	0.116143	-1.56705
1	38	0.025641	0.974359	0.350379	-0.0190583	-2.24157
1	39	0.025641	1	1	0	0
2	0	0.0512821	0	0	0	1.1106
2	1	0.0512821	0.025641	-0.00353373	-0.00117078	1.1106
2	2	0.0512821	0.0512821	-0.00438797	-0.000116174	1.13095
2	3	0.0512821	0.0769231	-0.00864646	-0.00229833	1.07819
2	4	0.0512821	0.102564	-0.00410526	0.00110213	1.19771
2	5	0.0512821	0.128205	-0.0123404	0.000879933	1.03911
2	6	0.0512821	0.153846	-0.00454731	0.00241714	1.22841
2	7	0.0512821	0.179487	-0.0121775	0.00790866	1.07926
2	8	0.0512821	0.205128	-0.00962613	0.00468457	1.14645
2	9	0.0512821	0.230769	-0.00660385	0.016039	1.2324
2	10	0.0512821	0.25641	-0.018933	0.0108027	0.974893
2	11	0.0512821	0.282051	0.000699257	0.021986	1.40712
2	12	0.0512821	0.307692	-0.0260007	0.0230512	0.862066
2	13	0.0512821	0.333333	0.00121604	0.0249428	1.4203
2	14	0.0512821	0.358974	-0.0219947	0.039845	0.982437
2	15	0.0512821	0.384615	-0.0119763	0.0288182	1.15208
2	16	0.0512821	0.410256	-0.00471648	0.0551684	1.34989
2	17	0.0512821	0.435897	-0.0350677	0.0407705	0.721042
2	18	0.0512821	0.461538	0.0145011	0.0630446	1.7045
2	19	0.0512821	0.487179	-0.0505277	0.0647179	0.486316
2	20	0.0512821	0.512821	0.0154873	0.0644581	1.65555
2	21	0.0512821	0.538462	-0.0392927	0.0943975	0.7597
2	22	0.0512821	0.564103	-0.0135384	0.0701944	1.06526
2	23	0.0512821	0.589744	-0.00274755	0.116158	1.41101
2	24	0.0512821	0.615385	-0.0581821	0.0938739	0.330833
2	25	0.0512821	0.641026	0.0298944	0.123444	1.82158
2	26	0.0512821	0.666667	-0.0812158	0.13612	0.124919
2	27	0.0512821	0.692308	0.0246191	0.127541	1.43945
2	28	0.0512821	0.717949	-0.0580885	0.176749	0.64055
2	29	0.0512821	0.74359	-0.0214011	0.149733	0.496294
2	30	0.0512821	0.769231	-0.0112757	0.194801	1.16244
2	31	0.0512821	0.794872	-0.0673444	0.196776	-0.0570441
2	32	0.0512821	0.820513	0.00973229	0.196732	0.743416
2	33	0.0512821	0.846154	-0.0645022	0.240228	0.288083
2	34	0.0512821	0.871795	-0.00285711	0.204252	-0.544784
2	35	0.0512821	0.897436	0.00297406	0.228338	0.661829
2	36	0.0512821	0.923077	0.0474053	0.190627	-1.46223
2	37	0.0512821	0.948718	0.201038	0.11493	-0.108655
2	38	0.0512821	0.974359	0.446098	0.0232688	-1.38544
2	39	0.0512821	1	1	0	0
3	0	0.0769231	0	0	0	1.05417
3	1	0.0769231	0.025641	-0.00292325	0.000626711	1.05417
3	2	0.0769231	0.0512821	-0.00665539	-0.00265617	1.0151
3	3	0.0769231	0.0769231	-0.00531902	0.00275446	1.15153
3	4	0.0769231	0.102564	-0.0127586	-0.00108247	0.90542
3	5	0.0769231	0.128205	-0.00576774	0.00430873	1.26612
3	6	0.0769231	0.153846	-0.0165742	0.00753589	0.869518
3	7	0.0769231	0.179487	-0.00893058	0.00478534	1.21453
3	8	0.0769231	0.205128	-0.0148098	0.0206754	1.06608
3	9	0.0769231	0.230769	-0.0179809	0.00833169	0.908335
3	10	0.0769231	0.25641	-0.00729355	0.0318825	1.46182
3	11	0.0769231	0.282051	-0.0301991	0.0214046	0.521707
3	12	0.0769231	0.307692	-0.000706207	0.0356066	1.74489
3	13	0.0769231	0.333333	-0.0358175	0.0463309	0.456272
3	14	0.0769231	0.358974	-0.00628147	0.0338211	1.50486
3	15	0.0769231	0.384615	-0.0248947	0.0755349	1.02022
3	16	0.0769231	0.410256	-0.0300382	0.0387259	0.643502
3	17	0.0769231	0.435897	0.000396488	0.0939928	2.00517
3	18	0.0769231	0.461538	-0.0611099	0.0653402	-0.305468
3	19	0.0769231	0.487179	0.0200115	0.092216	2.60055
3	20	0.0769231	0.512821	-0.07212	0.114823	-0.403346
3	21	0.0769231	0.538462	0.00690995	0.080378	1.96779
3	22	0.0769231	0.564103	-0.0421652	0.164488	0.82669
3	23	0.0769231	0.589744	-0.0475842	0.0881048	0.186923
3	24	0.0769231	0.615385	0.0146198	0.18423	2.61064
3	25	0.0769231	0.641026	-0.111543	0.139711	-1.39068
3	26	0.0769231	0.666667	0.0507583	0.169956	3.28508
3	27	0.0769231	0.692308	-0.127477	0.219026	-1.22079
3	28	0.0769231	0.717949	0.0234942	0.156647	1.90908
3	29	0.0769231	0.74359	-0.0718645	0.272003	0.614467
3	30	0.0769231	0.769231	-0.0588069	0.188696	-0.383597
3	31	0.0769231	0.794872	0.00962029	0.265641	2.07104
3	32	0.0769231	0.820513	-0.12408	0.260671	-1.28271
3	33	0.0769231	0.846154	0.0539238	0.229	1.33786
3	34	0.0769231	0.871795	-0.0914277	0.293319	-0.172881
3	35	0.0769231	0.897436	0.0809286	0.201596	-0.70197
3	36	0.0769231	0.923077	0.086826	0.204001	0.770987
3	37	0.0769231	0.948718	0.274773	0.133774	-1.34995
3	38	0.0769231	0.974359	0.545329	0.013633	-0.0891727
3	39	0.0769231	1	1	0	0
4	0	0.102564	0	0	0	0.979673
4	1	0.102564	0.025641	-0.00335626	-0.00159132	0.979673
4	2	0.102564	0.0512821	-0.00567092	0.00326435	1.04672
4	3	0.102564	0.0769231	-0.0102857	-0.0027601	0.852665
4	4	0.102564	0.102564	-0.00882639	0.00664914	1.22784
4	5	0.102564	0.128205	-0.0168879	0.00387687	0.698827
4	6	0.102564	0.153846	-0.010974	0.00729276	1.31511
4	7	0.102564	0.179487	-0.0211488	0.019312	0.774754
4	8	0.102564	0.205128	-0.015993	0.0072105	1.05914
4	9	0.102564	0.230769	-0.0199238	0.0373815	1.23704
4	10	0.102564	0.25641	-0.0266073	0.0149283	0.464367
4	11	0.102564	0.282051	-0.0135875	0.0476793	1.86345
4	12	0.102564	0.307692	-0.0392064	0.0395383	-0.0262607
4	13	0.102564	0.333333	-0.00977969	0.0446941	2.03993
4	14	0.102564	0.358974	-0.0430579	0.0796559	0.257963
4	15	0.102564	0.384615	-0.0203424	0.0376976	1.20493
4	16	0.102564	0.410256	-0.0291059	0.117216	1.57446
4	17	0.102564	0.435897	-0.0494524	0.0505216	-0.444238
4	18	0.102564	0.461538	-0.00320151	0.12769	3.16979
4	19	0.102564	0.487179	-0.0807003	0.102867	-1.65023
4	20	0.102564	0.512821	0.00997365	0.10466	3.49138
4	21	0.102564	0.538462	-0.0821834	0.18239	-0.890975
4	22	0.102564	0.564103	-0.0186925	0.0782751	1.48361
4	23	0.102564	0.589744	-0.0376774	0.24086	1.986
4	24	0.102564	0.615385	-0.0912011	0.102046	-1.91732
4	25	0.102564	0.641026	0.0262781	0.2357	4.90918
4	26	0.102564	0.666667	-0.157834	0.199035	-3.87975
4	27	0.102564	0.692308	0.052157	0.180563	5.0043
4	28	0.102564	0.717949	-0.149083	0.314005	-2.23347
4	29	0.102564	0.74359	-0.00407312	0.147662	1.55829
4	30	0.102564	0.769231	-0.0536901	0.353654	1.75286
4	31	0.102564	0.794872	-0.115477	0.199913	-2.50322
4	32	0.102564	0.820513	0.0626835	0.292325	4.13777
4	33	0.102564	0.846154	-0.169789	0.293753	-3.36879
4	34	0.102564	0.871795	0.140757	0.199519	2.67292
4	35	0.102564	0.897436	-0.050995	0.290513	-1.08594
4	36	0.102564	0.923077	0.243945	0.135895	-0.184761
4	37	0.102564	0.948718	0.305931	0.129571	0.470936
4	38	0.102564	0.974359	0.61892	0.0517697	-0.563192
4	39	0.102564	1	1	0	0
5	0	0.128205	0	0	0	0.928494
5	1	0.128205	0.025641	-0.00374237	0.00188706	0.928494
5	2	0.128205	0.0512821	-0.00697349	-0.00247571	0.861736
5	3	0.128205	0.0769231	-0.0111999	0.00694136	1.0822
5	4	0.128205	0.102564	-0.0138545	8.7593e-05	0.666455
5	5	0.128205	0.128205	-0.0160235	0.0106307	1.29152
5	6	0.128205	0.153846	-0.0218332	0.0127267	0.546835
5	7	0.128205	0.179487	-0.0183279	0.0104821	1.26317
5	8	0.128205	0.205128	-0.029201	0.0341593	0.814311
5	9	0.128205	0.230769	-0.022363	0.0117652	0.75353
5	10	0.128205	0.25641	-0.0314923	0.0542728	1.53859
5	11	0.128205	0.282051	-0.0325507	0.0270321	-0.0541168
5	12	0.128205	0.307692	-0.0272128	0.0599597	2.23971
5	13	0.128205	0.333333	-0.0465916	0.0655569	-0.418057
5	14	0.128205	0.358974	-0.0233244	0.0490492	2.03502
5	15	0.128205	0.384615	-0.0537662	0.118359	0.483811
5	16	0.128205	0.410256	-0.0327341	0.0416122	0.4114
5	17	0.128205	0.435897	-0.0440929	0.155149	2.59244
5	18	0.128205	0.461538	-0.0604824	0.0722415	-1.852
5	19	0.128205	0.487179	-0.0222979	0.146166	4.38579
5	20	0.128205	0.512821	-0.089293	0.156801	-2.6777
5	21	0.128205	0.538462	-0.0132348	0.097757	3.67731
5	22	0.128205	0.564103	-0.0877261	0.258606	-0.324416
5	23	0.128205	0.589744	-0.0471109	0.0680864	-0.252314
5	24	0.128205	0.615385	-0.0434766	0.303396	4.35592
5	25	0.128205	0.641026	-0.120931	0.128758	-4.95214
5	26	0.128205	0.666667	0.0142772	0.249788	7.61411
5	27	0.128205	0.692308	-0.173446	0.278843	-6.07436
5	28	0.128205	0.717949	0.0268268	0.146147	5.78049
5	29	0.128205	0.74359	-0.134927	0.407817	-1.71337
5	30	0.128205	0.769231	-0.0478202	0.108146	-0.592285
5	31	0.128205	0.794872	-0.00890009	0.397865	4.67868
5	32	0.128205	0.820513	-0.15768	0.197921	-6.08401
5	33	0.128205	0.846154	0.135574	0.258623	7.2507
5	34	0.128205	0.871795	-0.149074	0.306599	-5.91877
5	35	0.128205	0.897436	0.259365	0.113888	4.24585
5	36	0.128205	0.923077	0.108165	0.254356	-1.89899
5	37	0.128205	0.948718	0.466697	0.0491973	0.404677
5	38	0.128205	0.974359	0.638672	0.067685	0.280678
5	39	0.128205	1	1	0	0
6	0	0.153846	0	0	0	0.851496
6	1	0.153846	0.025641	-0.00395425	-0.000658381	0.851496
6	2	0.153846	0.0512821	-0.0102702	0.00421205	0.903912
6	3	0.153846	0.0769231	-0.0103695	-0.00084187	0.739897
6	4	0.153846	0.102564	-0.0204884	0.0110518	1.0949
6	5	0.153846	0.128205	-0.0181459	0.00568271	0.529977
6	6	0.153846	0.153846	-0.0252166	0.0155074	1.28159
6	7	0.153846	0.179487	-0.0304181	0.0233977	0.479594
6	8	0.153846	0.205128	-0.0245465	0.0157826	1.12697
6	9	0.153846	0.230769	-0.0438783	0.0490384	0.915561
6	10	0.153846	0.25641	-0.0257489	0.0201944	0.427609
6	11	0.153846	0.282051	-0.0500587	0.0690179	1.79365
6	12	0.153846	0.307692	-0.0371874	0.0442491	-0.442635
6	13	0.153846	0.333333	-0.0440835	0.0691458	2.39303
6	14	0.153846	0.358974	-0.0583237	0.0950728	-0.505157
6	15	0.153846	0.384615	-0.0333851	0.0531328	1.67731
6	16	0.153846	0.410256	-0.0760681	0.154202	1.04429
6	17	0.153846	0.435897	-0.0355474	0.0523838	-0.615662
6	18	0.153846	0.461538	-0.074323	0.181041	3.64381
6	19	0.153846	0.487179	-0.061052	0.106994	-3.00349
6	20	0.153846	0.512821	-0.0518541	0.147692	5.02252
6	21	0.153846	0.538462	-0.0954916	0.219404	-2.80478
6	22	0.153846	0.564103	-0.0338254	0.0815676	2.75825
6	23	0.153846	0.589744	-0.106781	0.324571	1.36654
6	24	0.153846	0.615385	-0.0562248	0.0684121	-2.90392
6	25	0.153846	0.641026	-0.0762638	0.331923	7.17316
6	26	0.153846	0.666667	-0.117426	0.180014	-7.74345
6	27	0.153846	0.692308	-0.0237142	0.218332	9.37329
6	28	0.153846	0.717949	-0.154132	0.369032	-6.57741
6	29	0.153846	0.74359	-0.00776912	0.0791387	4.45208
6	30	0.153846	0.769231	-0.101759	0.473453	1.03333
6	31	0.153846	0.794872	-0.0700367	0.0656647	-4.69382
6	32	0.153846	0.820513	0.03618	0.382055	8.96019
6	33	0.153846	0.846154	-0.132461	0.205519	-10.1699
6	34	0.153846	0.871795	0.208719	0.1638	10.2094
6	35	0.153846	0.897436	-0.0165263	0.311021	-7.60185
6	36	0.153846	0.923077	0.397703	0.00432623	4.84374
6	37	0.153846	0.948718	0.381261	0.203532	-1.705
6	38	0.153846	0.974359	0.723338	0.00386799	0.444438
6	39	0.153846	1	1	0	0
7	0	0.179487	0	0	0	0.78745
7	1	0.179487	0.025641	-0.00588411	0.00078857	0.78745
7	2	0.179487	0.0512821	-0.00808846	0.000924224	0.791578
7	3	0.179487	0.0769231	-0.0206132	0.00689663	0.837022
7	4	0.179487	0.102564	-0.0143078	0.00281522	0.681863
7	5	0.179487	0.128205	-0.0318851	0.0167722	1.03764
7	6	0.179487	0.153846	-0.0257803	0.0117885	0.45231
7	7	0.179487	0.179487	-0.0333935	0.0230956	1.23752
7	8	0.179487	0.205128	-0.0452058	0.0333855	0.408144
7	9	0.179487	0.230769	-0.0280077	0.0241653	1.03811
7	10	0.179487	0.25641	-0.0649443	0.0626873	0.920828
7	11	0.179487	0.282051	-0.0281813	0.031253	0.243545
7	12	0.179487	0.307692	-0.0711364	0.0826923	1.86519
7	13	0.179487	0.333333	-0.0463233	0.0623148	-0.620715
7	14	0.179487	0.358974	-0.0569064	0.0790038	2.3312
7	15	0.179487	0.384615	-0.0811905	0.121387	-0.413125
7	16	0.179487	0.410256	-0.0340562	0.0619676	1.22473
7	17	0.179487	0.435897	-0.112455	0.180969	1.55319
7	18	0.179487	0.461538	-0.0292134	0.0718662	-1.38711
7	19	0.179487	0.487179	-0.11299	0.194151	4.20808
7	20	0.179487	0.512821	-0.0610063	0.14776	-3.432
7	21	0.179487	0.538462	-0.0755862	0.141397	4.77945
7	22	0.179487	0.564103	-0.116596	0.273817	-2.02703
7	23	0.179487	0.589744	-0.0322886	0.0735213	1.09375
7	24	0.179487	0.615385	-0.154062	0.361869	3.41372
7	25	0.179487	0.641026	-0.0328882	0.0924444	-5.31369
7	26	0.179487	0.666667	-0.134176	0.319573	9.08695
7	27	0.179487	0.692308	-0.0839117	0.24838	-8.8758
7	28	0.179487	0.717949	-0.0636622	0.155723	9.00199
7	29	0.179487	0.74359	-0.124607	0.441356	-4.71087
7	30	0.179487	0.769231	-0.0109956	0.0137578	0.942002
7	31	0.179487	0.794872	-0.0845253	0.483308	5.32664
7	32	0.179487	0.820513	-0.023236	0.0530718	-9.37512
7	33	0.179487	0.846154	0.0592402	0.30065	12.8549
7	34	0.179487	0.871795	-0.00417518	0.232608	-12.742
7	35	0.179487	0.897436	0.27994	0.0351353	11.1869
7	36	0.179487	0.923077	0.221683	0.301758	-7.02732
7	37	0.179487	0.948718	0.560042	-0.0723947	3.63076
7	38	0.179487	0.974359	0.701865	0.138696	-0.409114
7	39	0.179487	1	1	0	0
8	0	0.205128	0	0	0	0.737563
8	1	0.205128	0.025641	-0.00559356	0.00232347	0.737563
8	2	0.205128	0.0512821	-0.0157661	0.000811143	0.672496
8	3	0.205128	0.0769231	-0.0127837	0.00450092	0.815904
8	4	0.205128	0.102564	-0.0332116	0.0114618	0.684048
8	5	0.205128	0.128205	-0.0211598	0.006018	0.685298
8	6	0.205128	0.153846	-0.0426028	0.0259773	0.96526
8	7	0.205128	0.179487	-0.0388302	0.0161954	0.330792
8	8	0.205128	0.205128	-0.0393883	0.0337652	1.29433
8	9	0.205128	0.230769	-0.0653836	0.0423207	0.187967
8	10	0.205128	0.25641	-0.0311134	0.0335629	1.12476
8	11	0.205128	0.282051	-0.0877483	0.0768669	0.745007
8	12	0.205128	0.307692	-0.0350876	0.0406405	0.220132
8	13	0.205128	0.333333	-0.0881594	0.0984864	1.81867
8	14	0.205128	0.358974	-0.0653359	0.0759104	-0.750169
8	15	0.205128	0.384615	-0.0614767	0.092626	2.31151
8	16	0.205128	0.410256	-0.115911	0.14044	-0.482457
8	17	0.205128	0.435897	-0.027687	0.0755897	1.07144
8	18	0.205128	0.461538	-0.155049	0.199079	1.61696
8	19	0.205128	0.487179	-0.0240772	0.0932132	-1.57887
8	20	0.205128	0.512821	-0.144155	0.202242	4.11331
8	21	0.205128	0.538462	-0.0757677	0.179986	-3.21839
8	22	0.205128	0.564103	-0.0767484	0.141424	4.04011
8	23	0.205128	0.589744	-0.164349	0.304141	-1.07915
8	24	0.205128	0.615385	-0.00136855	0.0847845	-0.26216
8	25	0.205128	0.641026	-0.224546	0.364907	4.58332
8	26	0.205128	0.666667	0.0131741	0.133446	-6.20526
8	27	0.205128	0.692308	-0.188751	0.280494	9.03757
8	28	0.205128	0.717949	-0.0490584	0.305518	-7.78962
8	29	0.205128	0.74359	-0.0628949	0.0962829	6.53278
8	30	0.205128	0.769231	-0.122597	0.464503	-1.34169
8	31	0.205128	0.794872	0.0571737	-0.0132785	-3.1459
8	32	0.205128	0.820513	-0.105281	0.427807	9.08126
8	33	0.205128	0.846154	0.114095	0.0807951	-12.1811
8	34	0.205128	0.871795	0.0693971	0.177166	14.1135
8	35	0.205128	0.897436	0.211638	0.260035	-12.0431
8	36	0.205128	0.923077	0.375714	-0.0715775	9.11218
8	37	0.205128	0.948718	0.505596	0.254405	-4.19741
8	38	0.205128	0.974359	0.762417	-0.055965	1.46651
8	39	0.205128	1	1	0	0
9	0	0.230769	0	0	0	0.638432
9	1	0.230769	0.025641	-0.00824951	-0.00220132	0.638432
9	2	0.230769	0.0512821	-0.0120065	0.00678631	0.787334
9	3	0.230769	0.0769231	-0.028074	0.00241725	0.449719
9	4	0.230769	0.102564	-0.0201015	0.00726993	0.923213
9	5	0.230769	0.128205	-0.0454347	0.0200304	0.505615
9	6	0.230769	0.153846	-0.0326385	0.00661567	0.638995
9	7	0.230769	0.179487	-0.0517461	0.0387086	1.01704
9	8	0.230769	0.205128	-0.0561241	0.0191696	0.0273358
9	9	0.230769	0.230769	-0.0457455	0.0447874	1.55792
9	10	0.230769	0.25641	-0.0863635	0.0526293	-0.228096
9	11	0.230769	0.282051	-0.0387938	0.0395509	1.35753
9	12	0.230769	0.307692	-0.106524	0.0944685	0.502019
9	13	0.230769	0.333333	-0.0504984	0.0441599	0.163002
9	14	0.230769	0.358974	-0.0983199	0.117863	1.91443
9	15	0.230769	0.384615	-0.0934574	0.0830208	-1.1331
9	16	0.230769	0.410256	-0.0613899	0.108213	2.6435
9	17	0.230769	0.435897	-0.154197	0.15405	-0.985426
9	18	0.230769	0.461538	-0.0243911	0.0870475	1.40021
9	19	0.230769	0.487179	-0.189148	0.215214	1.1997
9	20	0.230769	0.512821	-0.0329234	0.104228	-1.36484
9	21	0.230769	0.538462	-0.153899	0.215633	3.77585
9	22	0.230769	0.564103	-0.11332	0.190997	-3.04827
9	23	0.230769	0.589744	-0.0525889	0.155023	3.72166
9	24	0.230769	0.615385	-0.231285	0.306481	-1.01013
9	25	0.230769	0.641026	0.044721	0.107675	-0.264459
9	26	0.230769	0.666667	-0.288299	0.346703	4.04333
9	27	0.230769	0.692308	0.0528308	0.163674	-5.21226
9	28	0.230769	0.717949	-0.196999	0.244962	7.2198
9	29	0.230769	0.74359	-0.0475513	0.318223	-5.48329
9	30	0.230769	0.769231	0.0113471	0.0734858	3.65976
9	31	0.230769	0.794872	-0.166874	0.425046	1.30288
9	32	0.230769	0.820513	0.202184	0.00654358	-5.21823
9	33	0.230769	0.846154	-0.14496	0.327016	9.89499
9	34	0.230769	0.871795	0.313467	0.120957	-11.235
9	35	0.230769	0.897436	0.113901	0.0629113	11.579
9	36	0.230769	0.923077	0.453906	0.249358	-8.17369
9	37	0.230769	0.948718	0.53431	-0.0997663	4.9749
9	38	0.230769	0.974359	0.770621	0.159603	-0.935644
9	39	0.230769	1	1	0	0
10	0	0.25641	0	0	0	0.627434
10	1	0.25641	0.025641	-0.00835376	0.00552116	0.627434
10	2	0.25641	0.0512821	-0.0193657	-0.00421135	0.426436
10	3	0.25641	0.0769231	-0.020931	0.0108413	0.943411
10	4	0.25641	0.102564	-0.0402138	0.00805375	0.175015
10	5	0.25641	0.128205	-0.0315001	0.00694016	1.00103
10	6	0.25641	0.153846	-0.0564891	0.0326213	0.443817
10	7	0.25641	0.179487	-0.0473904	0.00520856	0.406137
10	8	0.25641	0.205128	-0.0618267	0.0518246	1.28824
10	9	0.25641	0.230769	-0.0732936	0.0236746	-0.483535
10	10	0.25641	0.25641	-0.0568561	0.0516035	1.96816
10	11	0.25641	0.282051	-0.103228	0.067164	-0.692808
10	12	0.25641	0.307692	-0.0538802	0.0387557	1.51835
10	13	0.25641	0.333333	-0.119644	0.115847	0.455803
10	14	0.25641	0.358974	-0.0724495	0.0415064	-0.201293
10	15	0.25641	0.384615	-0.105943	0.137578	2.39624
10	16	0.25641	0.410256	-0.122483	0.0869199	-1.94269
10	17	0.25641	0.435897	-0.0660097	0.118758	3.3911
10	18	0.25641	0.461538	-0.183325	0.168406	-1.83859
10	19	0.25641	0.487179	-0.0340378	0.0865034	1.95381
10	20	0.25641	0.512821	-0.203941	0.236556	0.750395
10	21	0.25641	0.538462	-0.0597228	0.0959772	-1.37844
10	22	0.25641	0.564103	-0.142667	0.237686	3.97644
10	23	0.25641	0.589744	-0.164181	0.179544	-3.76477
10	24	0.25641	0.615385	-0.0195147	0.173407	4.61088
10	25	0.25641	0.641026	-0.288753	0.293343	-2.38331
10	26	0.25641	0.666667	0.0787368	0.116485	1.23391
10	27	0.25641	0.692308	-0.304948	0.332894	2.17807
10	28	0.25641	0.717949	0.0585119	0.151171	-3.41068
10	29	0.25641	0.74359	-0.132236	0.23955	5.33534
10	30	0.25641	0.769231	-0.0913674	0.271397	-4.1482
10	31	0.25641	0.794872	0.150519	0.0910093	2.86845
10	32	0.25641	0.820513	-0.231164	0.340671	0.926709
10	33	0.25641	0.846154	0.382341	0.0392137	-3.53648
10	34	0.25641	0.871795	-0.139757	0.228021	6.79271
10	35	0.25641	0.897436	0.512471	0.124788	-6.88534
10	36	0.25641	0.923077	0.250382	0.0113019	6.50905
10	37	0.25641	0.948718	0.663912	0.177323	-3.40493
10	38	0.25641	0.974359	0.760168	-0.0371107	1.51558
10	39	0.25641	1	1	0	0
11	0	0.282051	0	0	0	0.501298
11	1	0.282051	0.025641	-0.0101543	-0.00429472	0.501298
11	2	0.282051	0.0512821	-0.0190818	0.0108967	0.742704
11	3	0.282051	0.0769231	-0.0305341	-0.00251912	0.134153
11	4	0.282051	0.102564	-0.0336662	0.0117976	1.10192
11	5	0.282051	0.128205	-0.0513328	0.0179941	-0.0110261
11	6	0.282051	0.153846	-0.0455704	0.00414402	0.911807
11	7	0.282051	0.179487	-0.0687369	0.0459578	0.592112
11	8	0.282051	0.205128	-0.0613248	0.00506856	-0.0316833
11	9	0.282051	0.230769	-0.0767292	0.0606806	1.70568
11	10	0.282051	0.25641	-0.0862394	0.0326331	-1.03929
11	11	0.282051	0.282051	-0.0745723	0.0513732	2.2963
11	12	0.282051	0.307692	-0.115368	0.0856552	-0.94371
11	13	0.282051	0.333333	-0.0734869	0.0320768	1.35629
11	14	0.282051	0.358974	-0.131856	0.136829	0.802032
11	15	0.282051	0.384615	-0.0930815	0.0371037	-0.974427
11	16	0.282051	0.410256	-0.119429	0.150727	3.24092
11	17	0.282051	0.435897	-0.14203	0.0936344	-3.00914
11	18	0.282051	0.461538	-0.08248	0.116616	4.23755
11	19	0.282051	0.487179	-0.195853	0.188497	-2.57605
11	20	0.282051	0.512821	-0.0569729	0.06872	2.15329
11	21	0.282051	0.538462	-0.202325	0.263551	0.922906
11	22	0.282051	0.564103	-0.0933981	0.0703568	-2.26814
11	23	0.282051	0.589744	-0.127254	0.259252	5.25867
11	24	0.282051	0.615385	-0.202828	0.158593	-5.67687
11	25	0.282051	0.641026	-0.0017506	0.174707	6.64957
11	26	0.282051	0.666667	-0.30235	0.287095	-4.6487
11	27	0.282051	0.692308	0.0813722	0.0841528	3.13338
11	28	0.282051	0.717949	-0.253796	0.343894	0.637501
11	29	0.282051	0.74359	0.027427	0.0833347	-2.82685
11	30	0.282051	0.769231	-0.0121809	0.263095	5.60627
11	31	0.282051	0.794872	-0.149688	0.183526	-5.78543
11	32	0.282051	0.820513	0.302528	0.112474	5.5745
11	33	0.282051	0.846154	-0.243973	0.257808	-3.04832
11	34	0.282051	0.871795	0.536112	0.0313904	1.20117
11	35	0.282051	0.897436	-0.0180927	0.179517	1.45138
11	36	0.282051	0.923077	0.66061	0.0659096	-1.78161
11	37	0.282051	0.948718	0.489756	0.0293121	2.01561
11	38	0.282051	0.974359	0.83392	0.08119	-0.387863
11	39	0.282051	1	1	0	0
12	0	0.307692	0	0	0	0.502813
12	1	0.307692	0.025641	-0.0117031	0.00604532	0.502813
12	2	0.307692	0.0512821	-0.0207891	-0.00604731	0.281001
12	3	0.307692	0.0769231	-0.0334914	0.0136571	0.890517
12	4	0.307692	0.102564	-0.0406548	0.00347812	-0.104387
12	5	0.307692	0.128205	-0.048848	0.010078	1.12567
12	6	0.307692	0.153846	-0.063558	0.0290686	-0.0121178
12	7	0.307692	0.179487	-0.058474	0.00220309	0.634152
12	8	0.307692	0.205128	-0.0856347	0.0553932	0.87843
12	9	0.307692	0.230769	-0.0710093	0.0091436	-0.512898
12	10	0.307692	0.25641	-0.0975956	0.0627407	2.04364
12	11	0.307692	0.282051	-0.0951677	0.0454541	-1.38764
12	12	0.307692	0.307692	-0.0953627	0.045675	2.31321
12	13	0.307692	0.333333	-0.127756	0.103427	-0.821455
12	14	0.307692	0.358974	-0.0901585	0.0245279	0.818308
12	15	0.307692	0.384615	-0.150585	0.150723	1.46063
12	16	0.307692	0.410256	-0.104254	0.0366945	-1.93578
12	17	0.307692	0.435897	-0.143655	0.151464	4.10105
12	18	0.307692	0.461538	-0.147909	0.106502	-3.87361
12	19	0.307692	0.487179	-0.108343	0.0995748	4.66411
12	20	0.307692	0.512821	-0.196657	0.212686	-2.66327
12	21	0.307692	0.538462	-0.0811003	0.0382032	1.52098
12	22	0.307692	0.564103	-0.200326	0.287211	2.05087
12	23	0.307692	0.589744	-0.112268	0.0407715	-4.13401
12	24	0.307692	0.615385	-0.128425	0.263019	7.39486
12	25	0.307692	0.641026	-0.202947	0.148045	-8.12957
12	26	0.307692	0.666667	-0.0116213	0.138933	8.7628
12	27	0.307692	0.692308	-0.258336	0.303915	-6.27583
12	28	0.307692	0.717949	0.0588106	0.00363852	3.65222
12	29	0.307692	0.74359	-0.157037	0.375903	1.29677
12	30	0.307692	0.769231	-0.00684271	-0.0176424	-5.07696
12	31	0.307692	0.794872	0.105933	0.281362	9.0312
12	32	0.307692	0.820513	-0.153779	0.104128	-10.5068
12	33	0.307692	0.846154	0.40811	0.0872843	10.7222
12	34	0.307692	0.871795	-0.131248	0.22493	-8.46302
12	35	0.307692	0.897436	0.625688	-0.0427296	5.99964
12	36	0.307692	0.923077	0.233245	0.188104	-2.62489
12	37	0.307692	0.948718	0.757961	-0.0228161	1.02159
12	38	0.307692	0.974359	0.76677	0.0615898	0.337124
12	39	0.307692	1	1	0	0
13	0	0.333333	0	0	0	0.390507
13	1	0.333333	0.025641	-0.0117183	-0.00311674	0.390507
13	2	0.333333	0.0512821	-0.0269447	0.00944908	0.567737
13	3	0.333333	0.0769231	-0.0302952	-0.00353316	0.0811999
13	4	0.333333	0.102564	-0.050382	0.0137584	0.937587
13	5	0.333333	0.128205	-0.0515273	0.0108895	-0.189081
13	6	0.333333	0.153846	-0.0628408	0.00884985	0.985303
13	7	0.333333	0.179487	-0.0800047	0.03672	0.109591
13	8	0.333333	0.205128	-0.0672073	0.00398665	0.317739
13	9	0.333333	0.230769	-0.107892	0.0585626	1.09071
13	10	0.333333	0.25641	-0.0771922	0.0166597	-0.803497
13	11	0.333333	0.282051	-0.120545	0.0598746	2.09695
13	12	0.333333	0.307692	-0.105107	0.0572568	-1.39954
13	13	0.333333	0.333333	-0.112154	0.0395852	2.00007
13	14	0.333333	0.358974	-0.146904	0.114088	-0.440396
13	15	0.333333	0.384615	-0.0975764	0.0212333	0.148192
13	16	0.333333	0.410256	-0.178942	0.153034	2.07915
13	17	0.333333	0.435897	-0.104493	0.0421322	-2.65523
13	18	0.333333	0.461538	-0.17427	0.139664	4.52512
13	19	0.333333	0.487179	-0.146465	0.122242	-4.11412
13	20	0.333333	0.512821	-0.131152	0.0735827	4.33973
13	21	0.333333	0.538462	-0.200264	0.232136	-1.93763
13	22	0.333333	0.564103	-0.0885024	0.00773514	0.114066
13	23	0.333333	0.589744	-0.214897	0.294047	3.78379
13	24	0.333333	0.615385	-0.098299	0.024097	-6.28107
13	25	0.333333	0.641026	-0.153384	0.235655	9.37189
13	26	0.333333	0.666667	-0.158253	0.16017	-9.7734
13	27	0.333333	0.692308	-0.0366036	0.0647138	9.45335
13	28	0.333333	0.717949	-0.180178	0.338594	-5.77344
13	29	0.333333	0.74359	0.0461117	-0.0998284	1.57266
13	30	0.333333	0.769231	-0.0706269	0.398898	4.72441
13	31	0.333333	0.794872	0.0145904	-0.0995169	-9.8735
13	32	0.333333	0.820513	0.165948	0.251654	14.2547
13	33	0.333333	0.846154	-0.0404388	0.0839381	-15.8008
13	34	0.333333	0.871795	0.443267	-0.00571344	15.1124
13	35	0.333333	0.897436	0.116103	0.248838	-11.5725
13	36	0.333333	0.923077	0.664111	-0.146454	7.58711
13	37	0.333333	0.948718	0.540014	0.197898	-3.06985
13	38	0.333333	0.974359	0.85686	-0.0521754	0.859372
13	39	0.333333	1	1	0	0
14	0	0.358974	0	0	0	0.358472
14	1	0.358974	0.025641	-0.0146277	0.00287121	0.358472
14	2	0.358974	0.0512821	-0.022172	-0.00252242	0.276966
14	3	0.358974	0.0769231	-0.0448296	0.0104024	0.560338
14	4	0.358974	0.102564	-0.0400238	0.000593829	0.00681143
14	5	0.358974	0.128205	-0.0663091	0.0141277	0.844659
14	6	0.358974	0.153846	-0.0659877	0.0152991	-0.168203
14	7	0.358974	0.179487	-0.0728306	0.0108428	0.813746
14	8	0.358974	0.205128	-0.101191	0.0386954	0.160946
14	9	0.358974	0.230769	-0.0727447	0.00859979	0.174348
14	10	0.358974	0.25641	-0.131579	0.0574308	1.0488
14	11	0.358974	0.282051	-0.0847806	0.022716	-0.801118
14	12	0.358974	0.307692	-0.138901	0.0569321	1.87304
14	13	0.358974	0.333333	-0.121726	0.0620303	-1.20948
14	14	0.358974	0.358974	-0.119946	0.0373861	1.60753
14	15	0.358974	0.384615	-0.174586	0.11419	-0.140922
14	16	0.358974	0.410256	-0.0962289	0.0226608	-0.265238
14	17	0.358974	0.435897	-0.211468	0.144983	2.27711
14	18	0.358974	0.461538	-0.101031	0.0488282	-2.81377
14	19	0.358974	0.487179	-0.199083	0.121692	4.30713
14	20	0.358974	0.512821	-0.150306	0.132097	-3.70035
14	21	0.358974	0.538462	-0.136313	0.0496614	3.43422
14	22	0.358974	0.564103	-0.219522	0.236053	-0.822145
14	23	0.358974	0.589744	-0.0682088	-0.0097896	-1.38337
14	24	0.358974	0.615385	-0.249237	0.275472	5.2021
14	25	0.358974	0.641026	-0.0519941	0.0280005	-7.5742
14	26	0.358974	0.666667	-0.186375	0.179421	9.98715
14	27	0.358974	0.692308	-0.0917343	0.18772	-9.49553
14	28	0.358974	0.717949	-0.0417539	-0.0231643	7.87967
14	29	0.358974	0.74359	-0.11693	0.364257	-2.94751
14	30	0.358974	0.769231	0.0905113	-0.176428	-2.54522
14	31	0.358974	0.794872	-0.0449068	0.377556	9.36898
14	32	0.358974	0.820513	0.135523	-0.112618	-14.5987
14	33	0.358974	0.846154	0.15472	0.15819	18.0702
14	34	0.358974	0.871795	0.188855	0.129611	-17.9494
14	35	0.358974	0.897436	0.438476	-0.130159	15.4454
14	36	0.358974	0.923077	0.419026	0.276313	-10.0865
14	37	0.358974	0.948718	0.713062	-0.192237	5.16555
14	38	0.358974	0.974359	0.804898	0.142307	-0.98525
14	39	0.358974	1	1	0	0
15	0	0.384615	0	0	0	0.300168
15	1	0.384615	0.025641	-0.0134119	0.000846072	0.300168
15	2	0.384615	0.0512821	-0.0321921	0.00283134	0.283291
15	3	0.384615	0.0769231	-0.0321877	4.10061e-05	0.26655
15	4	0.384615	0.102564	-0.0621379	0.0115066	0.430574
15	5	0.384615	0.128205	-0.052556	0.00205069	0.0249787
15	6	0.384615	0.153846	-0.0784828	0.0173845	0.727037
15	7	0.384615	0.179487	-0.084542	0.014518	-0.21565
15	8	0.384615	0.205128	-0.0797283	0.0151063	0.801671
15	9	0.384615	0.230769	-0.123401	0.0369904	-0.0158857
15	10	0.384615	0.25641	-0.0797089	0.0112322	0.284327
15	11	0.384615	0.282051	-0.150498	0.0565838	0.78018
15	12	0.384615	0.307692	-0.0986804	0.0217478	-0.651912
15	13	0.384615	0.333333	-0.148576	0.0573839	1.62173
15	14	0.384615	0.358974	-0.145809	0.0572452	-1.13814
15	15	0.384615	0.384615	-0.12045	0.0383832	1.48036
15	16	0.384615	0.410256	-0.204846	0.105943	-0.235175
15	17	0.384615	0.435897	-0.0937087	0.0233528	-0.192939
15	18	0.384615	0.461538	-0.236717	0.132891	1.95303
15	19	0.384615	0.487179	-0.104475	0.0483408	-2.47953
15	20	0.384615	0.512821	-0.206328	0.106375	3.69488
15	21	0.384615	0.538462	-0.168252	0.127423	-3.08448
15	22	0.384615	0.564103	-0.118136	0.0364477	2.58795
15	23	0.384615	0.589744	-0.254159	0.219103	-0.115843
15	24	0.384615	0.615385	-0.0259004	-0.0113624	-2.05767
15	25	0.384615	0.641026	-0.28652	0.2354	5.39082
15	26	0.384615	0.666667	0.00487713	0.0427413	-7.24114
15	27	0.384615	0.692308	-0.194385	0.115679	8.73911
15	28	0.384615	0.717949	-0.0426079	0.205462	-7.38387
15	29	0.384615	0.74359	0.0101804	-0.0831327	4.76309
15	30	0.384615	0.769231	-0.109002	0.349904	0.597902
15	31	0.384615	0.794872	0.215613	-0.18393	-6.21641
15	32	0.384615	0.820513	-0.0850541	0.298763	12.2196
15	33	0.384615	0.846154	0.340232	-0.0543749	-15.8524
15	34	0.384615	0.871795	0.118869	0.0326409	17.4257
15	35	0.384615	0.897436	0.455808	0.186733	-14.9877
15	36	0.384615	0.923077	0.468707	-0.203538	11.0056
15	37	0.384615	0.948718	0.676163	0.236905	-5.36241
15	38	0.384615	0.974359	0.830356	-0.119694	1.51541
15	39	0.384615	1	1	0	0
16	0	0.410256	0	0	0	0.209411
16	1	0.410256	0.025641	-0.0162793	-0.00197353	0.209411
16	2	0.410256	0.0512821	-0.0254602	0.00372351	0.334688
16	3	0.410256	0.0769231	-0.0496722	0.0028949	0.0932775
16	4	0.410256	0.102564	-0.0440969	0.000247254	0.345011
16	5	0.410256	0.128205	-0.07603	0.0153915	0.275841
16	6	0.410256	0.153846	-0.0684977	-0.00138632	-0.0208822
16	7	0.410256	0.179487	-0.0875438	0.0226282	0.758771
16	8	0.410256	0.205128	-0.10386	0.0105293	-0.473291
16	9	0.410256	0.230769	-0.0877475	0.0169836	1.01465
16	10	0.410256	0.25641	-0.141017	0.0360166	-0.380989
16	11	0.410256	0.282051	-0.0923472	0.00676058	0.496367
16	12	0.410256	0.307692	-0.161237	0.0588986	0.530068
16	13	0.410256	0.333333	-0.118968	0.012034	-0.655915
16	14	0.410256	0.358974	-0.151933	0.0597	1.64808
16	15	0.410256	0.384615	-0.171321	0.0459478	-1.43887
16	16	0.410256	0.410256	-0.121222	0.0367039	1.77365
16	17	0.410256	0.435897	-0.227333	0.0956076	-0.741822
16	18	0.410256	0.461538	-0.0987978	0.0155842	0.225956
16	19	0.410256	0.487179	-0.245374	0.123666	1.40562
16	20	0.410256	0.512821	-0.120127	0.034194	-2.10488
16	21	0.410256	0.538462	-0.193948	0.0986989	3.26805
16	22	0.410256	0.564103	-0.197113	0.105704	-2.93195
16	23	0.410256	0.589744	-0.0854998	0.0332857	2.50314
16	24	0.410256	0.615385	-0.28756	0.186236	-0.465561
16	25	0.410256	0.641026	0.0182439	-0.00816957	-1.42774
16	26	0.410256	0.666667	-0.29732	0.191157	4.14166
16	27	0.410256	0.692308	0.0429728	0.0450665	-5.56242
16	28	0.410256	0.717949	-0.148011	0.0755593	6.4389
16	29	0.410256	0.74359	-0.0388128	0.186064	-4.96021
16	30	0.410256	0.769231	0.127726	-0.0846555	2.30247
16	31	0.410256	0.794872	-0.154614	0.283449	2.22915
16	32	0.410256	0.820513	0.392339	-0.126812	-6.56864
16	33	0.410256	0.846154	-0.134923	0.188032	10.7306
16	34	0.410256	0.871795	0.554945	0.0178563	-12.1606
16	35	0.410256	0.897436	0.147105	-0.0553133	11.9215
16	36	0.410256	0.923077	0.66773	0.183005	-8.56779
16	37	0.410256	0.948718	0.596522	-0.166778	4.77038
16	38	0.410256	0.974359	0.854842	0.120026	-1.17964
16	39	0.410256	1	1	0	0
17	0	0.435897	0	0	0	0.208071
17	1	0.435897	0.025641	-0.0153056	0.00458046	0.208071
17	2	0.435897	0.0512821	-0.0331088	-0.00448921	0.00791206
17	3	0.435897	0.0769231	-0.0383648	0.00474254	0.46505
17	4	0.435897	0.102564	-0.0641429	0.00576533	-0.133448
17	5	0.435897	0.128205	-0.058675	-0.00430954	0.371755
17	6	0.435897	0.153846	-0.0867675	0.0213511	0.258413
17	7	0.435897	0.179487	-0.0849879	-0.00784357	-0.264322
17	8	0.435897	0.205128	-0.0972207	0.025398	0.999733
17	9	0.435897	0.230769	-0.118956	0.00765015	-0.898279
17	10	0.435897	0.25641	-0.100601	0.0117066	1.30325
17	11	0.435897	0.282051	-0.151172	0.0383225	-0.697404
17	12	0.435897	0.307692	-0.110273	-0.00591962	0.529648
17	13	0.435897	0.333333	-0.166422	0.0623386	0.571167
17	14	0.435897	0.358974	-0.139773	-0.00271028	-1.02114
17	15	0.435897	0.384615	-0.15622	0.0579042	2.05095
17	16	0.435897	0.410256	-0.189176	0.0344257	-2.07038
17	17	0.435897	0.435897	-0.129543	0.0255708	2.29948
17	18	0.435897	0.461538	-0.234901	0.0886805	-1.3332
17	19	0.435897	0.487179	-0.114079	-0.00493578	0.554233
17	20	0.435897	0.512821	-0.237794	0.11959	1.14834
17	21	0.435897	0.538462	-0.142644	0.00660459	-2.22681
17	22	0.435897	0.564103	-0.172281	0.0956854	3.53935
17	23	0.435897	0.589744	-0.221325	0.0731638	-3.65587
17	24	0.435897	0.615385	-0.0566162	0.0292582	3.41907
17	25	0.435897	0.641026	-0.295155	0.151818	-1.8449
17	26	0.435897	0.666667	0.0431797	-0.0197547	0.100158
17	27	0.435897	0.692308	-0.259185	0.165103	2.30304
17	28	0.435897	0.717949	0.046467	0.0132153	-3.89879
17	29	0.435897	0.74359	-0.0475947	0.0784402	4.94207
17	30	0.435897	0.769231	-0.0721499	0.120709	-4.37438
17	31	0.435897	0.794872	0.273591	-0.0380717	2.74874
17	32	0.435897	0.820513	-0.19659	0.187131	0.0551641
17	33	0.435897	0.846154	0.552663	-0.062585	-2.67562
17	34	0.435897	0.871795	-0.100284	0.103038	5.0195
17	35	0.435897	0.897436	0.704333	0.0321355	-5.4512
17	36	0.435897	0.923077	0.30407	-0.0524632	4.74915
17	37	0.435897	0.948718	0.793624	0.099377	-2.69855
17	38	0.435897	0.974359	0.801085	-0.0614887	0.811335
17	39	0.435897	1	1	0	0
18	0	0.461538	0	0	0	0.0775769
18	1	0.461538	0.025641	-0.0165206	-0.00509528	0.0775769
18	2	0.461538	0.0512821	-0.0302086	0.00766606	0.322494
18	3	0.461538	0.0769231	-0.0473532	-0.00415342	-0.255281
18	4	0.461538	0.102564	-0.0531376	0.00107339	0.568544
18	5	0.461538	0.128205	-0.0754436	0.0111011	-0.243795
18	6	0.461538	0.153846	-0.0735574	-0.0120252	0.215327
18	7	0.461538	0.179487	-0.0975618	0.0251738	0.441311
18	8	0.461538	0.205128	-0.0976431	-0.0130964	-0.669512
18	9	0.461538	0.230769	-0.110812	0.0211528	1.31025
18	10	0.461538	0.25641	-0.127413	0.00831473	-1.26681
18	11	0.461538	0.282051	-0.117665	-0.00148305	1.40498
18	12	0.461538	0.307692	-0.15652	0.0416392	-0.717584
18	13	0.461538	0.333333	-0.127904	-0.0227023	0.207994
18	14	0.461538	0.358974	-0.172816	0.0609625	0.96387
18	15	0.461538	0.384615	-0.153242	-0.0162054	-1.66825
18	16	0.461538	0.410256	-0.167542	0.0460929	2.61247
18	17	0.461538	0.435897	-0.194114	0.027157	-2.6936
18	18	0.461538	0.461538	-0.14612	0.00256416	2.64248
18	19	0.461538	0.487179	-0.229489	0.0855127	-1.55952
18	20	0.461538	0.512821	-0.132874	-0.0356765	0.365497
18	21	0.461538	0.538462	-0.224544	0.116307	1.53511
18	22	0.461538	0.564103	-0.158004	-0.0269377	-3.07078
18	23	0.461538	0.589744	-0.157232	0.0877329	4.55548
18	24	0.461538	0.615385	-0.221717	0.0422638	-5.05973
18	25	0.461538	0.641026	-0.0461854	0.00975439	4.85086
18	26	0.461538	0.666667	-0.261324	0.132058	-3.41855
18	27	0.461538	0.692308	0.0427308	-0.0607098	1.3523
18	28	0.461538	0.717949	-0.177311	0.168813	1.38432
18	29	0.461538	0.74359	0.0288572	-0.0554333	-3.90932
18	30	0.461538	0.769231	0.0676812	0.111846	5.88653
18	31	0.461538	0.794872	-0.0911811	0.0328684	-6.86386
18	32	0.461538	0.820513	0.385942	0.0053119	6.51019
18	33	0.461538	0.846154	-0.148671	0.112387	-5.27024
18	34	0.461538	0.871795	0.640412	-0.0562589	3.35469
18	35	0.461538	0.897436	0.0790065	0.09023	-1.55478
18	36	0.461538	0.923077	0.768142	-0.030377	0.251075
18	37	0.461538	0.948718	0.559113	0.0123343	0.180572
18	38	0.461538	0.974359	0.88242	0.00356021	-0.214899
18	39	0.461538	1	1	0	0
19	0	0.487179	0	0	0	0.09454
19	1	0.487179	0.025641	-0.0168401	0.00521154	0.09454
19	2	0.487179	0.0512821	-0.0308121	-0.00774425	-0.145914
19	3	0.487179	0.0769231	-0.0461477	0.00628392	0.447274
19	4	0.487179	0.102564	-0.0583934	-0.000854491	-0.436191
19	5	0.487179	0.128205	-0.0679297	-0.00612353	0.512532
19	6	0.487179	0.153846	-0.0862699	0.0150215	-0.164967
19	7	0.487179	0.179487	-0.0848838	-0.0188373	-0.103809
19	8	0.487179	0.205128	-0.111396	0.0224357	0.702473
19	9	0.487179	0.230769	-0.104378	-0.0146903	-1.03146
19	10	0.487179	0.25641	-0.127662	0.00920457	1.44692
19	11	0.487179	0.282051	-0.131769	0.0102466	-1.35126
19	12	0.487179	0.307692	-0.133723	-0.0184084	1.16463
19	13	0.487179	0.333333	-0.163229	0.0401189	-0.403526
19	14	0.487179	0.358974	-0.138446	-0.0374552	-0.370086
19	15	0.487179	0.384615	-0.185583	0.0494852	1.47714
19	16	0.487179	0.410256	-0.155659	-0.0247559	-2.26044
19	17	0.487179	0.435897	-0.185441	0.0231519	2.9422
19	18	0.487179	0.461538	-0.189087	0.0230667	-2.9148
19	19	0.487179	0.487179	-0.163656	-0.0282394	2.46467
19	20	0.487179	0.512821	-0.221133	0.0807848	-1.18993
19	21	0.487179	0.538462	-0.142877	-0.0684489	-0.426866
19	22	0.487179	0.564103	-0.218998	0.105554	2.47075
19	23	0.487179	0.589744	-0.152181	-0.0556253	-4.33073
19	24	0.487179	0.615385	-0.158768	0.064872	5.78981
19	25	0.487179	0.641026	-0.189107	0.0245774	-6.3626
19	26	0.487179	0.666667	-0.0538975	-0.03303	5.80977
19	27	0.487179	0.692308	-0.194155	0.133369	-4.004
19	28	0.487179	0.717949	0.0338638	-0.127421	1.10511
19	29	0.487179	0.74359	-0.0880149	0.190369	2.48308
19	30	0.487179	0.769231	0.0329368	-0.134729	-6.28974
19	31	0.487179	0.794872	0.143457	0.134969	9.2431
19	32	0.487179	0.820513	-0.0281679	-0.0287859	-11.3971
19	33	0.487179	0.846154	0.424266	-0.00650878	11.4279
19	34	0.487179	0.871795	0.0355433	0.101496	-10.3953
19	35	0.487179	0.897436	0.651612	-0.120929	7.67938
19	36	0.487179	0.923077	0.362882	0.130294	-4.89256
19	37	0.487179	0.948718	0.795642	-0.106604	2.04751
19	38	0.487179	0.974359	0.811077	0.0426199	-0.561371
19	39	0.487179	1	1	0	0
20	0	0.512821	0	0	0	-0.0276734
20	1	0.512821	0.025641	-0.0158766	-0.00459086	-0.0276734
20	2	0.512821	0.0512821	-0.0338905	0.00623266	0.168401
20	3	0.512821	0.0769231	-0.0417363	-0.0070157	-0.333271
20	4	0.512821	0.102564	-0.0618264	0.000961224	0.448793
20	5	0.512821	0.128205	-0.0684246	0.00196426	-0.448901
20	6	0.512821	0.153846	-0.0793288	-0.0130493	0.296636
20	7	0.512821	0.179487	-0.0993623	0.0131718	0.00506655
20	8	0.512821	0.205128	-0.090763	-0.0222031	-0.404786
20	9	0.512821	0.230769	-0.127738	0.0123067	0.819505
20	10	0.512821	0.25641	-0.107523	-0.0147158	-1.13973
20	11	0.512821	0.282051	-0.142985	-0.00646555	1.26796
20	12	0.512821	0.307692	-0.137561	0.00777198	-1.12325
20	13	0.512821	0.333333	-0.142818	-0.0332268	0.685217
20	14	0.512821	0.358974	-0.175682	0.0288613	0.0149488
20	15	0.512821	0.384615	-0.139333	-0.0470922	-0.880602
20	16	0.512821	0.410256	-0.203607	0.0275395	1.74757
20	17	0.512821	0.435897	-0.150599	-0.0304466	-2.45104
20	18	0.512821	0.461538	-0.202525	-0.00607017	2.76975
20	19	0.512821	0.487179	-0.183244	0.0161061	-2.59072
20	20	0.512821	0.512821	-0.171471	-0.0586764	1.77441
20	21	0.512821	0.538462	-0.22064	0.0671435	-0.411695
20	22	0.512821	0.564103	-0.13437	-0.0943001	-1.45739
20	23	0.512821	0.589744	-0.227474	0.0807567	3.42035
20	24	0.512821	0.615385	-0.121423	-0.0719436	-5.30425
20	25	0.512821	0.641026	-0.172742	0.0242266	6.42632
20	26	0.512821	0.666667	-0.133397	0.0223197	-6.67208
20	27	0.512821	0.692308	-0.0614586	-0.0916729	5.43551
20	28	0.512821	0.717949	-0.124607	0.144629	-2.93941
20	29	0.512821	0.74359	0.0509166	-0.193639	-0.938092
20	30	0.512821	0.769231	-0.0361025	0.198877	5.2502
20	31	0.512821	0.794872	0.105125	-0.180424	-9.84554
20	32	0.512821	0.820513	0.150862	0.109775	12.9275
20	33	0.512821	0.846154	0.143807	-0.0270284	-14.8827
20	34	0.512821	0.871795	0.400356	-0.079941	14.0352
20	35	0.512821	0.897436	0.309464	0.140326	-11.7187
20	36	0.512821	0.923077	0.641817	-0.196971	7.62139
20	37	0.512821	0.948718	0.641697	0.145408	-3.88063
20	38	0.512821	0.974359	0.865449	-0.106472	0.739939
20	39	0.512821	1	1	0	0
21	0	0.538462	0	0	0	-0.0419641
21	1	0.538462	0.025641	-0.0172514	0.00234882	-0.0419641
21	2	0.538462	0.0512821	-0.0278943	-0.00568654	-0.163937
21	3	0.538462	0.0769231	-0.0504857	0.00305775	0.164557
21	4	0.538462	0.102564	-0.050999	-0.00584734	-0.384859
21	5	0.538462	0.128205	-0.0742451	-0.00485893	0.303315
21	6	0.538462	0.153846	-0.0800026	3.27042e-05	-0.363057
21	7	0.538462	0.179487	-0.085511	-0.0170493	0.0736213
21	8	0.538462	0.205128	-0.114421	0.00445676	0.0672361
21	9	0.538462	0.230769	-0.0932416	-0.0238686	-0.493586
21	10	0.538462	0.25641	-0.142311	-0.00159822	0.659589
21	11	0.538462	0.282051	-0.112013	-0.0185463	-0.966821
21	12	0.538462	0.307692	-0.151482	-0.0203809	0.870712
21	13	0.538462	0.333333	-0.14852	-0.00373465	-0.800191
21	14	0.538462	0.358974	-0.143142	-0.0432861	0.270197
21	15	0.538462	0.384615	-0.192431	0.0078688	0.203406
21	16	0.538462	0.410256	-0.134477	-0.0542806	-1.01646
21	17	0.538462	0.435897	-0.219751	0.000223416	1.55557
21	18	0.538462	0.461538	-0.146271	-0.039732	-2.15475
21	19	0.538462	0.487179	-0.209528	-0.0338962	2.16349
21	20	0.538462	0.512821	-0.185033	-0.000445663	-1.9583
21	21	0.538462	0.538462	-0.163069	-0.0817111	0.959024
21	22	0.538462	0.564103	-0.231455	0.0402593	0.260772
21	23	0.538462	0.589744	-0.107626	-0.109236	-2.11188
21	24	0.538462	0.615385	-0.243738	0.0420547	3.72604
21	25	0.538462	0.641026	-0.0766512	-0.0773162	-5.34091
21	26	0.538462	0.666667	-0.181295	-0.0255417	5.89908
21	27	0.538462	0.692308	-0.079614	0.0244445	-5.6514
21	28	0.538462	0.717949	-0.0416571	-0.143258	3.71063
21	29	0.538462	0.74359	-0.0866309	0.141962	-0.760908
21	30	0.538462	0.769231	0.122435	-0.223326	-3.58695
21	31	0.538462	0.794872	-0.0407433	0.166939	7.79132
21	32	0.538462	0.820513	0.253532	-0.164196	-11.9391
21	33	0.538462	0.846154	0.112575	0.0340704	14.0119
21	34	0.538462	0.871795	0.375942	0.0234817	-14.4317
21	35	0.538462	0.897436	0.379109	-0.162314	12.1225
21	36	0.538462	0.923077	0.568787	0.162046	-8.57045
21	37	0.538462	0.948718	0.690991	-0.198496	4.07879
21	38	0.538462	0.974359	0.846224	0.0787162	-1.25939
21	39	0.538462	1	1	0	0
22	0	0.564103	0	0	0	-0.116935
22	1	0.564103	0.025641	-0.0149575	-0.00142954	-0.116935
22	2	0.564103	0.0512821	-0.0340404	0.000538546	-0.0879588
22	3	0.564103	0.0769231	-0.0373596	-0.00562822	-0.202983
22	4	0.564103	0.102564	-0.0640326	-0.00130312	0.0358288
22	5	0.564103	0.128205	-0.0610219	-0.00837247	-0.340205
22	6	0.564103	0.153846	-0.0815656	-0.00841351	0.133263
22	7	0.564103	0.179487	-0.0931302	-0.0080558	-0.352502
22	8	0.564103	0.205128	-0.0881689	-0.0194158	0.0208543
22	9	0.564103	0.230769	-0.127737	-0.00796163	-0.104676
22	10	0.564103	0.25641	-0.0967124	-0.0287718	-0.338602
22	11	0.564103	0.282051	-0.15036	-0.0141786	0.307952
22	12	0.564103	0.307692	-0.121071	-0.0305382	-0.710385
22	13	0.564103	0.333333	-0.151767	-0.0301496	0.533119
22	14	0.564103	0.358974	-0.163078	-0.0240929	-0.686458
22	15	0.564103	0.384615	-0.138695	-0.0514405	0.19236
22	16	0.564103	0.410256	-0.206807	-0.0177665	-0.0197156
22	17	0.564103	0.435897	-0.131257	-0.065479	-0.729081
22	18	0.564103	0.461538	-0.225952	-0.0253902	1.00378
22	19	0.564103	0.487179	-0.149179	-0.0586946	-1.62767
22	20	0.564103	0.512821	-0.202151	-0.0549374	1.50726
22	21	0.564103	0.538462	-0.19572	-0.0292946	-1.49235
22	22	0.564103	0.564103	-0.141298	-0.0960251	0.544204
22	23	0.564103	0.589744	-0.246364	0.00215501	0.310482
22	24	0.564103	0.615385	-0.0738724	-0.117301	-1.93335
22	25	0.564103	0.641026	-0.251486	-0.00196935	3.05352
22	26	0.564103	0.666667	-0.0375432	-0.082759	-4.33264
22	27	0.564103	0.692308	-0.163094	-0.0663519	4.38138
22	28	0.564103	0.717949	-0.0513857	0.0120865	-3.91328
22	29	0.564103	0.74359	0.0217251	-0.161829	1.73233
22	30	0.564103	0.769231	-0.0907629	0.105497	0.913081
22	31	0.564103	0.794872	0.242929	-0.199166	-4.72974
22	32	0.564103	0.820513	-0.0742365	0.0943838	7.80818
22	33	0.564103	0.846154	0.430815	-0.105076	-10.4471
22	34	0.564103	0.871795	0.098821	-0.0492483	10.9264
22	35	0.564103	0.897436	0.580351	0.0618022	-9.902
22	36	0.564103	0.923077	0.439698	-0.180195	6.8183
22	37	0.564103	0.948718	0.747795	0.115009	-3.76662
22	38	0.564103	0.974359	0.827055	-0.115086	0.649608
22	39	0.564103	1	1	0	0
23	0	0.589744	0	0	0	-0.185872
23	1	0.589744	0.025641	-0.0161486	-0.00184168	-0.185872
23	2	0.589744	0.0512821	-0.0260634	-0.00108964	-0.131938
23	3	0.589744	0.0769231	-0.0481378	-0.00296241	-0.234204
23	4	0.589744	0.102564	-0.0466106	-0.00835106	-0.154523
23	5	0.589744	0.128205	-0.07265	-0.00399899	-0.126316
23	6	0.589744	0.153846	-0.0721625	-0.0163095	-0.346904
23	7	0.589744	0.179487	-0.0850686	-0.0104849	0.0989901
23	8	0.589744	0.205128	-0.104708	-0.0196306	-0.537955
23	9	0.589744	0.230769	-0.0912076	-0.0245556	0.176303
23	10	0.589744	0.25641	-0.135059	-0.0193392	-0.441112
23	11	0.589744	0.282051	-0.10405	-0.0409759	-0.113995
23	12	0.589744	0.307692	-0.15069	-0.0231607	0.0147448
23	13	0.589744	0.333333	-0.133165	-0.050428	-0.645053
23	14	0.589744	0.358974	-0.147707	-0.038526	0.497842
23	15	0.589744	0.384615	-0.175154	-0.0483214	-0.935219
23	16	0.589744	0.410256	-0.136167	-0.0638243	0.477366
23	17	0.589744	0.435897	-0.211799	-0.0415069	-0.535202
23	18	0.589744	0.461538	-0.134737	-0.0860327	-0.275161
23	19	0.589744	0.487179	-0.219325	-0.0451261	0.457762
23	20	0.589744	0.512821	-0.15906	-0.088711	-1.29725
23	21	0.589744	0.538462	-0.184597	-0.0696107	1.24455
23	22	0.589744	0.564103	-0.207841	-0.0670389	-1.59092
23	23	0.589744	0.589744	-0.117064	-0.107026	0.836693
23	24	0.589744	0.615385	-0.251238	-0.0388894	-0.423323
23	25	0.589744	0.641026	-0.0484055	-0.128773	-0.96817
23	26	0.589744	0.666667	-0.234445	-0.0375332	1.69807
23	27	0.589744	0.692308	-0.0192584	-0.102698	-2.90011
23	28	0.589744	0.717949	-0.109681	-0.081139	2.84507
23	29	0.589744	0.74359	-0.052184	-0.0281082	-2.77277
23	30	0.589744	0.769231	0.115886	-0.139528	1.11325
23	31	0.589744	0.794872	-0.109182	0.0373112	0.407792
23	32	0.589744	0.820513	0.368872	-0.143624	-2.93186
23	33	0.589744	0.846154	-0.0697787	0.0157897	4.40464
23	34	0.589744	0.871795	0.569362	-0.0591588	-5.6774
23	35	0.589744	0.897436	0.183302	-0.0808097	5.09148
23	36	0.589744	0.923077	0.705707	0.0390331	-4.14316
23	37	0.589744	0.948718	0.603406	-0.115801	1.82873
23	38	0.589744	0.974359	0.869491	0.0191398	-0.821579
23	39	0.589744	1	1	0	0
24	0	0.615385	0	0	0	-0.211313
24	1	0.615385	0.025641	-0.0139371	0.00165887	-0.211313
24	2	0.615385	0.0512821	-0.0301284	-0.00542463	-0.339299
24	3	0.615385	0.0769231	-0.0357503	-0.00288403	-0.0664217
24	4	0.615385	0.102564	-0.0576139	-0.0052201	-0.419842
24	5	0.615385	0.128205	-0.0564044	-0.0158692	-0.13983
24	6	0.615385	0.153846	-0.0771758	-0.00528801	-0.178526
24	7	0.615385	0.179487	-0.0819552	-0.0274969	-0.520729
24	8	0.615385	0.205128	-0.0881924	-0.0149096	0.245759
24	9	0.615385	0.230769	-0.110971	-0.0302834	-0.867281
24	10	0.615385	0.25641	-0.0972874	-0.0362385	0.390552
24	11	0.615385	0.282051	-0.135242	-0.0274216	-0.71994
24	12	0.615385	0.307692	-0.113886	-0.0602104	-0.0663562
24	13	0.615385	0.333333	-0.146845	-0.031041	-0.00325722
24	14	0.615385	0.358974	-0.142842	-0.0734104	-0.903287
24	15	0.615385	0.384615	-0.145386	-0.0511605	0.776767
24	16	0.615385	0.410256	-0.178663	-0.0703203	-1.42238
24	17	0.615385	0.435897	-0.139653	-0.085034	0.877682
24	18	0.615385	0.461538	-0.205415	-0.0600071	-1.00265
24	19	0.615385	0.487179	-0.1437	-0.116245	-0.0355393
24	20	0.615385	0.512821	-0.204567	-0.0604023	0.289628
24	21	0.615385	0.538462	-0.16864	-0.12535	-1.46741
24	22	0.615385	0.564103	-0.166996	-0.0837187	1.56928
24	23	0.615385	0.589744	-0.209629	-0.105625	-2.2937
24	24	0.615385	0.615385	-0.102221	-0.123577	1.69083
24	25	0.615385	0.641026	-0.234252	-0.0721965	-1.58019
24	26	0.615385	0.666667	-0.0401219	-0.153852	0.191229
24	27	0.615385	0.692308	-0.189129	-0.0538716	0.498367
24	28	0.615385	0.717949	-0.0201548	-0.144393	-2.08024
24	29	0.615385	0.74359	-0.0363868	-0.0680608	2.479
24	30	0.615385	0.769231	-0.0570365	-0.0906657	-3.37415
24	31	0.615385	0.794872	0.202646	-0.0984775	2.73389
24	32	0.615385	0.820513	-0.0863181	-0.0328612	-2.61442
24	33	0.615385	0.846154	0.450737	-0.105007	1.19687
24	34	0.615385	0.871795	0.0336375	-0.0209442	-0.788679
24	35	0.615385	0.897436	0.636446	-0.0683532	-0.355357
24	36	0.615385	0.923077	0.376614	-0.0432472	0.0579428
24	37	0.615385	0.948718	0.775029	-0.0275622	-0.523423
24	38	0.615385	0.974359	0.811113	-0.0441721	-0.280098
24	39	0.615385	1	1	0	0
25	0	0.641026	0	0	0	-0.319223
25	1	0.641026	0.025641	-0.0137758	-0.00455311	-0.319223
25	2	0.641026	0.0512821	-0.0249993	0.00201574	-0.158813
25	3	0.641026	0.0769231	-0.0399089	-0.00809055	-0.542377
25	4	0.641026	0.102564	-0.0452167	-0.00905919	-0.0164492
25	5	0.641026	0.128205	-0.0628683	-0.0059812	-0.518027
25	6	0.641026	0.153846	-0.0649292	-0.026541	-0.270196
25	7	0.641026	0.179487	-0.0805759	-0.00843582	-0.0676068
25	8	0.641026	0.205128	-0.0871209	-0.0378543	-0.82791
25	9	0.641026	0.230769	-0.0934659	-0.0251995	0.44905
25	10	0.641026	0.25641	-0.110777	-0.0377132	-1.14558
25	11	0.641026	0.282051	-0.105315	-0.0542776	0.442512
25	12	0.641026	0.307692	-0.131392	-0.0343749	-0.745608
25	13	0.641026	0.333333	-0.121401	-0.0819218	-0.314058
25	14	0.641026	0.358974	-0.144323	-0.0429749	0.259206
25	15	0.641026	0.384615	-0.144824	-0.0937572	-1.36403
25	16	0.641026	0.410256	-0.148284	-0.07202	1.13632
25	17	0.641026	0.435897	-0.172191	-0.0873064	-1.83436
25	18	0.641026	0.461538	-0.147458	-0.114615	1.05379
25	19	0.641026	0.487179	-0.19232	-0.0752472	-1.10793
25	20	0.641026	0.512821	-0.151293	-0.151054	-0.243845
25	21	0.641026	0.538462	-0.190766	-0.0769363	0.612665
25	22	0.641026	0.564103	-0.168343	-0.160854	-2.10004
25	23	0.641026	0.589744	-0.158549	-0.10453	2.27754
25	24	0.641026	0.615385	-0.193017	-0.136631	-3.21876
25	25	0.641026	0.641026	-0.101396	-0.152243	2.56137
25	26	0.641026	0.666667	-0.19529	-0.0911592	-2.45344
25	27	0.641026	0.692308	-0.0441294	-0.194863	0.740547
25	28	0.641026	0.717949	-0.130744	-0.0522595	0.304842
25	29	0.641026	0.74359	-0.0190554	-0.19922	-2.6158
25	30	0.641026	0.769231	0.0248859	-0.0460426	3.75332
25	31	0.641026	0.794872	-0.0246608	-0.148775	-5.6846
25	32	0.641026	0.820513	0.246473	-0.076463	5.82971
25	33	0.641026	0.846154	0.0211064	-0.0655653	-6.49765
25	34	0.641026	0.871795	0.472724	-0.115258	5.20007
25	35	0.641026	0.897436	0.234981	0.000574174	-4.59898
25	36	0.641026	0.923077	0.659281	-0.117625	2.48723
25	37	0.641026	0.948718	0.612541	0.0120746	-1.68823
25	38	0.641026	0.974359	0.858587	-0.0713542	-0.0011598
25	39	0.641026	1	1	0	0
26	0	0.666667	0	0	0	-0.326214
26	1	0.666667	0.025641	-0.0125519	0.00249122	-0.326214
26	2	0.666667	0.0512821	-0.0237612	-0.00805797	-0.500327
26	3	0.666667	0.0769231	-0.0349582	-0.0018067	-0.0959434
26	4	0.666667	0.102564	-0.0454776	-0.00903852	-0.684765
26	5	0.666667	0.128205	-0.0533209	-0.0185074	-0.0891647
26	6	0.666667	0.153846	-0.0663885	-0.00794477	-0.466973
26	7	0.666667	0.179487	-0.0693937	-0.0366207	-0.530985
26	8	0.666667	0.205128	-0.0852687	-0.016743	0.107082
26	9	0.666667	0.230769	-0.0865133	-0.0449859	-1.10016
26	10	0.666667	0.25641	-0.100139	-0.0413496	0.510971
26	11	0.666667	0.282051	-0.106746	-0.043706	-1.19413
26	12	0.666667	0.307692	-0.111093	-0.0744575	0.222149
26	13	0.666667	0.333333	-0.128406	-0.0449069	-0.512939
26	14	0.666667	0.358974	-0.122001	-0.100713	-0.74515
26	15	0.666667	0.384615	-0.146195	-0.0624871	0.585591
26	16	0.666667	0.410256	-0.138082	-0.109046	-1.73988
26	17	0.666667	0.435897	-0.154576	-0.100222	1.27169
26	18	0.666667	0.461538	-0.160107	-0.101567	-1.90123
26	19	0.666667	0.487179	-0.153246	-0.147262	0.821808
26	20	0.666667	0.512821	-0.180473	-0.0927242	-0.791214
26	21	0.666667	0.538462	-0.149725	-0.183173	-0.816547
26	22	0.666667	0.564103	-0.18509	-0.100627	1.19484
26	23	0.666667	0.589744	-0.153008	-0.188637	-2.82014
26	24	0.666667	0.615385	-0.161164	-0.135883	2.88051
26	25	0.666667	0.641026	-0.160137	-0.1564	-3.7828
26	26	0.666667	0.666667	-0.107991	-0.192094	2.83308
26	27	0.666667	0.692308	-0.148262	-0.0987104	-2.45332
26	28	0.666667	0.717949	-0.0428272	-0.241717	0.223377
26	29	0.666667	0.74359	-0.0847213	-0.0478322	1.30634
26	30	0.666667	0.769231	0.0124435	-0.243759	-4.27373
26	31	0.666667	0.794872	0.0492255	-0.0424992	5.86681
26	32	0.666667	0.820513	0.070725	-0.170886	-8.20128
26	33	0.666667	0.846154	0.243874	-0.0952687	8.31603
26	34	0.666667	0.871795	0.202441	-0.0471987	-8.62743
26	35	0.666667	0.897436	0.467959	-0.158729	6.56099
26	36	0.666667	0.923077	0.467711	0.0419599	-5.01326
26	37	0.666667	0.948718	0.704913	-0.143436	2.05244
26	38	0.666667	0.974359	0.821123	0.0107314	-1.00514
26	39	0.666667	1	1	0	0
27	0	0.692308	0	0	0	-0.435867
27	1	0.692308	0.025641	-0.0108273	-0.0044394	-0.435867
27	2	0.692308	0.0512821	-0.0231271	0.00153225	-0.294677
27	3	0.692308	0.0769231	-0.0295713	-0.00973896	-0.655224
27	4	0.692308	0.102564	-0.0433454	-0.00916828	-0.126322
27	5	0.692308	0.128205	-0.0488644	-0.0103965	-0.695671
27	6	0.692308	0.153846	-0.0577647	-0.0278382	-0.289711
27	7	0.692308	0.179487	-0.0704679	-0.0142237	-0.340038
27	8	0.692308	0.205128	-0.0686641	-0.0435877	-0.780847
27	9	0.692308	0.230769	-0.0908681	-0.0304721	0.169805
27	10	0.692308	0.25641	-0.0822848	-0.050235	-1.17264
27	11	0.692308	0.282051	-0.104629	-0.059571	0.325411
27	12	0.692308	0.307692	-0.103178	-0.0525447	-1.002
27	13	0.692308	0.333333	-0.110601	-0.0916883	-0.17288
27	14	0.692308	0.358974	-0.129046	-0.062271	-0.218304
27	15	0.692308	0.384615	-0.114905	-0.11434	-1.09775
27	16	0.692308	0.410256	-0.150733	-0.0885448	0.700063
27	17	0.692308	0.435897	-0.126603	-0.121664	-1.79302
27	18	0.692308	0.461538	-0.158494	-0.130497	1.03214
27	19	0.692308	0.487179	-0.149288	-0.118357	-1.59474
27	20	0.692308	0.512821	-0.150572	-0.176253	0.287958
27	21	0.692308	0.538462	-0.175474	-0.117308	-0.291695
27	22	0.692308	0.564103	-0.135867	-0.20753	-1.40038
27	23	0.692308	0.589744	-0.187824	-0.133451	1.60553
27	24	0.692308	0.615385	-0.126108	-0.20726	-3.1518
27	25	0.692308	0.641026	-0.167678	-0.175037	2.91454
27	26	0.692308	0.666667	-0.123207	-0.168959	-3.59075
27	27	0.692308	0.692308	-0.107455	-0.233269	2.25139
27	28	0.692308	0.717949	-0.112678	-0.106892	-1.5704
27	29	0.692308	0.74359	-0.0173795	-0.275535	-1.0374
27	30	0.692308	0.769231	-0.0678502	-0.059773	2.74689
27	31	0.692308	0.794872	0.0867245	-0.254966	-5.79703
27	32	0.692308	0.820513	0.0404828	-0.0710961	7.15209
27	33	0.692308	0.846154	0.212754	-0.148545	-8.93246
27	34	0.692308	0.871795	0.231649	-0.139616	8.27797
27	35	0.692308	0.897436	0.398183	-0.00770888	-7.59309
27	36	0.692308	0.923077	0.49929	-0.182108	4.76666
27	37	0.692308	0.948718	0.665927	0.0480877	-2.9044
27	38	0.692308	0.974359	0.821971	-0.109683	0.262365
27	39	0.692308	1	1	0	0
28	0	0.717949	0	0	0	-0.461793
28	1	0.717949	0.025641	-0.0105044	0.000913855	-0.461793
28	2	0.717949	0.0512821	-0.0173471	-0.00659188	-0.565437
28	3	0.717949	0.0769231	-0.031942	-0.00330109	-0.317482
28	4	0.717949	0.102564	-0.0328315	-0.011048	-0.70565
28	5	0.717949	0.128205	-0.0483583	-0.0170769	-0.274708
28	6	0.717949	0.153846	-0.0522238	-0.0150646	-0.62155
28	7	0.717949	0.179487	-0.0574472	-0.0344069	-0.504831
28	8	0.717949	0.205128	-0.0750639	-0.0253964	-0.290155
28	9	0.717949	0.230769	-0.0644726	-0.048275	-0.868135
28	10	0.717949	0.25641	-0.0943932	-0.0463409	0.0160368
28	11	0.717949	0.282051	-0.0781817	-0.0574263	-1.02455
28	12	0.717949	0.307692	-0.103407	-0.0750793	-0.0285125
28	13	0.717949	0.333333	-0.102576	-0.0673124	-0.741913
28	14	0.717949	0.358974	-0.103198	-0.103747	-0.506788
28	15	0.717949	0.384615	-0.131799	-0.0854846	-0.11213
28	16	0.717949	0.410256	-0.103713	-0.125073	-1.15752
28	17	0.717949	0.435897	-0.152765	-0.116082	0.472471
28	18	0.717949	0.461538	-0.116319	-0.136573	-1.51035
28	19	0.717949	0.487179	-0.154571	-0.156645	0.530829
28	20	0.717949	0.512821	-0.144142	-0.141788	-1.14752
28	21	0.717949	0.538462	-0.137566	-0.197635	-0.222152
28	22	0.717949	0.564103	-0.176714	-0.149724	0.0139456
28	23	0.717949	0.589744	-0.113802	-0.224239	-1.60661
28	24	0.717949	0.615385	-0.191981	-0.171706	1.49843
28	25	0.717949	0.641026	-0.098115	-0.22145	-2.83997
28	26	0.717949	0.666667	-0.166125	-0.213151	2.26611
28	27	0.717949	0.692308	-0.0967841	-0.184044	-2.74103
28	28	0.717949	0.717949	-0.0873657	-0.261652	1.17146
28	29	0.717949	0.74359	-0.0992822	-0.128882	-0.47399
28	30	0.717949	0.769231	0.0361431	-0.28136	-2.03816
28	31	0.717949	0.794872	-0.0729715	-0.09591	3.36121
28	32	0.717949	0.820513	0.185515	-0.230407	-5.76186
28	33	0.717949	0.846154	0.0343658	-0.117909	6.28702
28	34	0.717949	0.871795	0.353294	-0.107485	-7.03546
28	35	0.717949	0.897436	0.266017	-0.166159	5.56983
28	36	0.717949	0.923077	0.55511	0.00733361	-4.41148
28	37	0.717949	0.948718	0.609646	-0.146042	1.76772
28	38	0.717949	0.974359	0.826713	0.000349662	-0.926355
28	39	0.717949	1	1	0	0
29	0	0.74359	0	0	0	-0.544146
29	1	0.74359	0.025641	-0.00800955	-0.00227831	-0.544146
29	2	0.74359	0.0512821	-0.0192622	-0.00156709	-0.506689
29	3	0.74359	0.0769231	-0.0209121	-0.00791499	-0.624605
29	4	0.74359	0.102564	-0.037674	-0.00936402	-0.43825
29	5	0.74359	0.128205	-0.0355698	-0.0146101	-0.671177
29	6	0.74359	0.153846	-0.0489458	-0.0228038	-0.457043
29	7	0.74359	0.179487	-0.0558214	-0.023931	-0.590724
29	8	0.74359	0.205128	-0.0537255	-0.0384948	-0.597568
29	9	0.74359	0.230769	-0.0777747	-0.0387506	-0.420115
29	10	0.74359	0.25641	-0.060075	-0.0539763	-0.760643
29	11	0.74359	0.282051	-0.092754	-0.0598998	-0.296263
29	12	0.74359	0.307692	-0.0764945	-0.0694947	-0.80186
29	13	0.74359	0.333333	-0.0958833	-0.0855644	-0.342653
29	14	0.74359	0.358974	-0.1037	-0.0872039	-0.640116
29	15	0.74359	0.384615	-0.0921109	-0.112583	-0.583754
29	16	0.74359	0.410256	-0.132114	-0.109782	-0.31261
29	17	0.74359	0.435897	-0.0936018	-0.137488	-0.915095
29	18	0.74359	0.461538	-0.147571	-0.139309	0.0118552
29	19	0.74359	0.487179	-0.110776	-0.157304	-1.10925
29	20	0.74359	0.512821	-0.141642	-0.175397	0.0641303
29	21	0.74359	0.538462	-0.143628	-0.171735	-0.889834
29	22	0.74359	0.564103	-0.118415	-0.21239	-0.386611
29	23	0.74359	0.589744	-0.177805	-0.185695	-0.135078
29	24	0.74359	0.615385	-0.0923845	-0.238254	-1.27572
29	25	0.74359	0.641026	-0.187833	-0.207548	0.853771
29	26	0.74359	0.666667	-0.0796941	-0.239092	-2.04329
29	27	0.74359	0.692308	-0.148248	-0.239993	1.29403
29	28	0.74359	0.717949	-0.087291	-0.210394	-1.80884
29	29	0.74359	0.74359	-0.0483182	-0.268578	0.381336
29	30	0.74359	0.769231	-0.100227	-0.168212	-0.0911752
29	31	0.74359	0.794872	0.100156	-0.26142	-1.80363
29	32	0.74359	0.820513	-0.0697292	-0.143696	2.32148
29	33	0.74359	0.846154	0.272359	-0.19291	-3.75896
29	34	0.74359	0.871795	0.076766	-0.148864	3.44742
29	35	0.74359	0.897436	0.454822	-0.0841282	-3.58939
29	36	0.74359	0.923077	0.379541	-0.142519	2.04695
29	37	0.74359	0.948718	0.673952	-0.0144383	-1.47915
29	38	0.74359	0.974359	0.787312	-0.0816688	-0.127103
29	39	0.74359	1	1	0	0
30	0	0.769231	0	0	0	-0.606006
30	1	0.769231	0.025641	-0.00785551	-0.00146724	-0.606006
30	2	0.769231	0.0512821	-0.0125034	-0.00300133	-0.597203
30	3	0.769231	0.0769231	-0.0253598	-0.0058977	-0.621972
30	4	0.769231	0.102564	-0.023466	-0.0105683	-0.609181
30	5	0.769231	0.128205	-0.0393333	-0.0139307	-0.601801
30	6	0.769231	0.153846	-0.0383303	-0.0215543	-0.653862
30	7	0.769231	0.179487	-0.0461207	-0.0260907	-0.553683
30	8	0.769231	0.205128	-0.057803	-0.0348844	-0.701984
30	9	0.769231	0.230769	-0.0494192	-0.0427941	-0.525539
30	10	0.769231	0.25641	-0.0759291	-0.0502292	-0.693525
30	11	0.769231	0.282051	-0.0575979	-0.063444	-0.575985
30	12	0.769231	0.307692	-0.085367	-0.0687184	-0.588218
30	13	0.769231	0.333333	-0.0762772	-0.0858824	-0.706256
30	14	0.769231	0.358974	-0.084909	-0.0925122	-0.437889
30	15	0.769231	0.384615	-0.102622	-0.107833	-0.807792
30	16	0.769231	0.410256	-0.0819133	-0.122283	-0.391304
30	17	0.769231	0.435897	-0.125891	-0.129698	-0.722332
30	18	0.769231	0.461538	-0.087519	-0.154648	-0.567244
30	19	0.769231	0.487179	-0.134345	-0.155269	-0.414805
30	20	0.769231	0.512821	-0.108773	-0.18318	-0.88129
30	21	0.769231	0.538462	-0.123676	-0.188018	-0.0954655
30	22	0.769231	0.564103	-0.142125	-0.203549	-1.02461
30	23	0.769231	0.589744	-0.100561	-0.225255	-0.106327
30	24	0.769231	0.615385	-0.170947	-0.21805	-0.703399
30	25	0.769231	0.641026	-0.0793593	-0.255845	-0.593981
30	26	0.769231	0.666667	-0.169884	-0.23334	0.0165955
30	27	0.769231	0.692308	-0.0742548	-0.265579	-1.2523
30	28	0.769231	0.717949	-0.116698	-0.250919	0.618508
30	29	0.769231	0.74359	-0.087379	-0.248307	-1.46705
30	30	0.769231	0.769231	-0.0058263	-0.258647	0.53475
30	31	0.769231	0.794872	-0.0922742	-0.213339	-0.897703
30	32	0.769231	0.820513	0.147938	-0.23513	-0.205103
30	33	0.769231	0.846154	-0.0247565	-0.176542	0.00141981
30	34	0.769231	0.871795	0.323612	-0.17039	-0.824603
30	35	0.769231	0.897436	0.188037	-0.137866	0.310141
30	36	0.769231	0.923077	0.523526	-0.089094	-0.682173
30	37	0.769231	0.948718	0.556134	-0.0820621	-0.121758
30	38	0.769231	0.974359	0.804554	-0.0461652	-0.372524
30	39	0.769231	1	1	0	0
31	0	0.794872	0	0	0	-0.65823
31	1	0.794872	0.025641	-0.00572388	3.95459e-05	-0.65823
31	2	0.794872	0.0512821	-0.0137278	-0.00449835	-0.719173
31	3	0.794872	0.0769231	-0.0154675	-0.00453954	-0.589851
31	4	0.794872	0.102564	-0.027869	-0.009346	-0.779848
31	5	0.794872	0.128205	-0.02581	-0.0158148	-0.594699
31	6	0.794872	0.153846	-0.0376094	-0.016273	-0.708107
31	7	0.794872	0.179487	-0.0397702	-0.0303579	-0.745222
31	8	0.794872	0.205128	-0.0422928	-0.0289971	-0.515266
31	9	0.794872	0.230769	-0.0559108	-0.0443317	-0.938718
31	10	0.794872	0.25641	-0.0465253	-0.0498165	-0.378308
31	11	0.794872	0.282051	-0.0689385	-0.0573201	-0.961615
31	12	0.794872	0.307692	-0.0564017	-0.0763936	-0.490249
31	13	0.794872	0.333333	-0.0746968	-0.0737577	-0.697515
31	14	0.794872	0.358974	-0.0742176	-0.102661	-0.843844
31	15	0.794872	0.384615	-0.0745573	-0.099448	-0.295261
31	16	0.794872	0.410256	-0.0958156	-0.124039	-1.16384
31	17	0.794872	0.435897	-0.0751718	-0.135527	-0.102207
31	18	0.794872	0.461538	-0.112524	-0.142354	-1.10388
31	19	0.794872	0.487179	-0.0842906	-0.175582	-0.372513
31	20	0.794872	0.512821	-0.11669	-0.165112	-0.571528
31	21	0.794872	0.538462	-0.105474	-0.209385	-0.992681
31	22	0.794872	0.564103	-0.106948	-0.198723	0.116814
31	23	0.794872	0.589744	-0.133449	-0.230484	-1.49115
31	24	0.794872	0.615385	-0.0896751	-0.241083	0.427867
31	25	0.794872	0.641026	-0.152532	-0.240671	-1.37233
31	26	0.794872	0.666667	-0.0761201	-0.279933	0.0207937
31	27	0.794872	0.692308	-0.141514	-0.246576	-0.520407
31	28	0.794872	0.717949	-0.075202	-0.298933	-0.961335
31	29	0.794872	0.74359	-0.0844178	-0.251007	0.676624
31	30	0.794872	0.769231	-0.0802981	-0.287116	-1.97213
31	31	0.794872	0.794872	0.0208204	-0.247274	1.60495
31	32	0.794872	0.820513	-0.0537207	-0.243668	-2.45441
31	33	0.794872	0.846154	0.165867	-0.22258	1.84661
31	34	0.794872	0.871795	0.0711572	-0.174463	-2.19213
31	35	0.794872	0.897436	0.349832	-0.168933	1.35414
31	36	0.794872	0.923077	0.347944	-0.0923678	-1.35798
31	37	0.794872	0.948718	0.605488	-0.095046	0.393115
31	38	0.794872	0.974359	0.761476	-0.0389582	-0.529797
31	39	0.794872	1	1	0	0
32	0	0.820513	0	0	0	-0.745636
32	1	0.820513	0.025641	-0.0051393	-0.00276006	-0.745636
32	2	0.820513	0.0512821	-0.00943156	4.34838e-05	-0.667596
32	3	0.820513	0.0769231	-0.0166852	-0.00718282	-0.870837
32	4	0.820513	0.102564	-0.0179391	-0.00804855	-0.574171
32	5	0.820513	0.128205	-0.0271757	-0.0108382	-0.900584
32	6	0.820513	0.153846	-0.0270675	-0.0226571	-0.662476
32	7	0.820513	0.179487	-0.0345058	-0.0178408	-0.70478
32	8	0.820513	0.205128	-0.03804	-0.0379522	-0.945055
32	9	0.820513	0.230769	-0.0393329	-0.0337395	-0.40542
32	10	0.820513	0.25641	-0.0495743	-0.0497652	-1.18187
32	11	0.820513	0.282051	-0.0447076	-0.0595415	-0.305574
32	12	0.820513	0.307692	-0.0588926	-0.0604727	-1.07989
32	13	0.820513	0.333333	-0.0537666	-0.0894261	-0.604252
32	14	0.820513	0.358974	-0.0643627	-0.0779475	-0.597817
32	15	0.820513	0.384615	-0.0673372	-0.115022	-1.15213
32	16	0.820513	0.410256	-0.067147	-0.108723	-0.0614924
32	17	0.820513	0.435897	-0.0828253	-0.132928	-1.50098
32	18	0.820513	0.461538	-0.0708512	-0.151267	0.0549546
32	19	0.820513	0.487179	-0.0952202	-0.148565	-1.24962
32	20	0.820513	0.512821	-0.0797979	-0.19554	-0.474312
32	21	0.820513	0.538462	-0.0999393	-0.172387	-0.410012
32	22	0.820513	0.564103	-0.0959973	-0.229512	-1.37801
32	23	0.820513	0.589744	-0.0957288	-0.211171	0.521365
32	24	0.820513	0.615385	-0.115307	-0.247261	-2.00566
32	25	0.820513	0.641026	-0.0859212	-0.261045	0.861518
32	26	0.820513	0.666667	-0.126043	-0.251975	-1.74723
32	27	0.820513	0.692308	-0.0767624	-0.307112	0.197731
32	28	0.820513	0.717949	-0.113159	-0.251731	-0.461534
32	29	0.820513	0.74359	-0.0705648	-0.329431	-1.3023
32	30	0.820513	0.769231	-0.0652011	-0.251715	1.37072
32	31	0.820513	0.794872	-0.0530153	-0.311152	-2.90838
32	32	0.820513	0.820513	0.0243561	-0.248036	2.8458
32	33	0.820513	0.846154	0.0167747	-0.245036	-3.6635
32	34	0.820513	0.871795	0.166328	-0.225889	3.07885
32	35	0.820513	0.897436	0.19607	-0.141617	-2.95091
32	36	0.820513	0.923077	0.390832	-0.165802	1.81317
32	37	0.820513	0.948718	0.524933	-0.044521	-1.21597
32	38	0.820513	0.974359	0.752678	-0.0740537	0.0543973
32	39	0.820513	1	1	0	0
33	0	0.846154	0	0	0	-0.786314
33	1	0.846154	0.025641	-0.00409083	0.00113112	-0.786314
33	2	0.846154	0.0512821	-0.00825634	-0.00496947	-0.876552
33	3	0.846154	0.0769231	-0.0123949	-0.00160662	-0.65963
33	4	0.846154	0.102564	-0.0168294	-0.00813214	-1.00129
33	5	0.846154	0.128205	-0.019436	-0.0129625	-0.619525
33	6	0.846154	0.153846	-0.024876	-0.0112853	-0.932422
33	7	0.846154	0.179487	-0.0257767	-0.0285835	-0.82463
33	8	0.846154	0.205128	-0.0317432	-0.0205223	-0.63286
33	9	0.846154	0.230769	-0.0326225	-0.0419411	-1.16238
33	10	0.846154	0.25641	-0.0371846	-0.0405232	-0.347331
33	11	0.846154	0.282051	-0.0405468	-0.0511897	-1.30602
33	12	0.846154	0.307692	-0.0418056	-0.0691461	-0.401254
33	13	0.846154	0.333333	-0.0489841	-0.0620175	-1.01557
33	14	0.846154	0.358974	-0.0472339	-0.0981692	-0.874291
33	15	0.846154	0.384615	-0.0565048	-0.0833347	-0.408939
33	16	0.846154	0.410256	-0.0553382	-0.120063	-1.45474
33	17	0.846154	0.435897	-0.0618492	-0.11937	0.0640308
33	18	0.846154	0.461538	-0.066519	-0.134895	-1.63602
33	19	0.846154	0.487179	-0.0654721	-0.165036	-0.0476363
33	20	0.846154	0.512821	-0.0785805	-0.151181	-1.11716
33	21	0.846154	0.538462	-0.0701778	-0.208489	-0.814571
33	22	0.846154	0.564103	-0.0874665	-0.179786	-0.0889413
33	23	0.846154	0.589744	-0.0789718	-0.238766	-1.79265
33	24	0.846154	0.615385	-0.0895661	-0.22536	0.820224
33	25	0.846154	0.641026	-0.091034	-0.252553	-2.25054
33	26	0.846154	0.666667	-0.0840511	-0.280939	0.91113
33	27	0.846154	0.692308	-0.0997578	-0.255375	-1.62414
33	28	0.846154	0.717949	-0.0724776	-0.328565	-0.127014
33	29	0.846154	0.74359	-0.0946161	-0.256743	0.0728626
33	30	0.846154	0.769231	-0.0526897	-0.345186	-1.92014
33	31	0.846154	0.794872	-0.0626037	-0.261513	2.11891
33	32	0.846154	0.820513	-0.00823422	-0.311245	-3.46444
33	33	0.846154	0.846154	0.0166189	-0.26037	3.35495
33	34	0.846154	0.871795	0.098509	-0.22121	-3.63758
33	35	0.846154	0.897436	0.180902	-0.22569	2.87934
33	36	0.846154	0.923077	0.322546	-0.0999087	-2.14338
33	37	0.846154	0.948718	0.490193	-0.130751	1.03858
33	38	0.846154	0.974359	0.721652	-0.0211219	-0.428088
33	39	0.846154	1	1	0	0
34	0	0.871795	0	0	0	-0.875409
34	1	0.871795	0.025641	-0.00316986	-0.0021969	-0.875409
34	2	0.871795	0.0512821	-0.00747836	0.00127561	-0.803092
34	3	0.871795	0.0769231	-0.00913899	-0.00569294	-1.00178
34	4	0.871795	0.102564	-0.0144113	-0.00455803	-0.692439
34	5	0.871795	0.128205	-0.0153497	-0.00783658	-1.06215
34	6	0.871795	0.153846	-0.0188339	-0.0173265	-0.746266
34	7	0.871795	0.179487	-0.022506	-0.0122454	-0.897866
34	8	0.871795	0.205128	-0.0215013	-0.0314167	-1.01556
34	9	0.871795	0.230769	-0.0295041	-0.0246917	-0.589801
34	10	0.871795	0.25641	-0.0249912	-0.0419861	-1.29193
34	11	0.871795	0.282051	-0.0342081	-0.0471057	-0.425722
34	12	0.871795	0.307692	-0.0316304	-0.05036	-1.27431
34	13	0.871795	0.333333	-0.0358426	-0.0747751	-0.638626
34	14	0.871795	0.358974	-0.0412081	-0.0636912	-0.86217
34	15	0.871795	0.384615	-0.0366686	-0.0997822	-1.15508
34	16	0.871795	0.410256	-0.0505362	-0.0891026	-0.300652
34	17	0.871795	0.435897	-0.0408264	-0.117767	-1.59225
34	18	0.871795	0.461538	-0.0557591	-0.127359	-0.0329565
34	19	0.871795	0.487179	-0.0509485	-0.13211	-1.5282
34	20	0.871795	0.512821	-0.0559568	-0.171269	-0.36422
34	21	0.871795	0.538462	-0.0654412	-0.152111	-0.839967
34	22	0.871795	0.564103	-0.0547093	-0.209974	-1.18844
34	23	0.871795	0.589744	-0.0786541	-0.186545	0.144473
34	24	0.871795	0.615385	-0.0575479	-0.235745	-1.98104
34	25	0.871795	0.641026	-0.0839278	-0.236696	0.794097
34	26	0.871795	0.666667	-0.067254	-0.248585	-2.0823
34	27	0.871795	0.692308	-0.077366	-0.292658	0.550072
34	28	0.871795	0.717949	-0.0806784	-0.255811	-1.12309
34	29	0.871795	0.74359	-0.0585879	-0.334842	-0.663249
34	30	0.871795	0.769231	-0.0873998	-0.266014	0.639544
34	31	0.871795	0.794872	-0.0254108	-0.340267	-2.23107
34	32	0.871795	0.820513	-0.066584	-0.277924	2.3079
34	33	0.871795	0.846154	0.0368534	-0.291541	-3.07496
34	34	0.871795	0.871795	0.0204944	-0.268535	2.8059
34	35	0.871795	0.897436	0.169025	-0.18779	-2.41077
34	36	0.871795	0.923077	0.239418	-0.196906	1.76652
34	37	0.871795	0.948718	0.453242	-0.0627754	-0.754545
34	38	0.871795	0.974359	0.67651	-0.0613824	0.258892
34	39	0.871795	1	1	0	0
35	0	0.897436	0	0	0	-0.924216
35	1	0.897436	0.025641	-0.00320957	0.00104079	-0.924216
35	2	0.897436	0.0512821	-0.0048732	-0.00276726	-0.979162
35	3	0.897436	0.0769231	-0.0100279	0.000174138	-0.838192
35	4	0.897436	0.102564	-0.00855219	-0.00505794	-1.079
35	5	0.897436	0.128205	-0.0145903	-0.00740204	-0.790784
35	6	0.897436	0.153846	-0.01356	-0.00755839	-1.06178
35	7	0.897436	0.179487	-0.0157814	-0.0192777	-0.910552
35	8	0.897436	0.205128	-0.0204375	-0.014201	-0.870454
35	9	0.897436	0.230769	-0.0154868	-0.0305944	-1.15042
35	10	0.897436	0.25641	-0.0266277	-0.0286455	-0.648889
35	11	0.897436	0.282051	-0.0176006	-0.0393173	-1.29595
35	12	0.897436	0.307692	-0.0288678	-0.0501982	-0.627397
35	13	0.897436	0.333333	-0.0246964	-0.0486824	-1.15638
35	14	0.897436	0.358974	-0.0268276	-0.0737476	-0.90219
35	15	0.897436	0.384615	-0.0352384	-0.0648224	-0.759774
35	16	0.897436	0.410256	-0.0244645	-0.0939062	-1.31162
35	17	0.897436	0.435897	-0.044092	-0.0917276	-0.372703
35	18	0.897436	0.461538	-0.027447	-0.10968	-1.52571
35	19	0.897436	0.487179	-0.0464197	-0.127674	-0.31861
35	20	0.897436	0.512821	-0.0386615	-0.12584	-1.28611
35	21	0.897436	0.538462	-0.0420283	-0.16582	-0.726947
35	22	0.897436	0.564103	-0.0553273	-0.150106	-0.620329
35	23	0.897436	0.589744	-0.0363813	-0.198401	-1.39111
35	24	0.897436	0.615385	-0.0697918	-0.187938	0.119903
35	25	0.897436	0.641026	-0.0372052	-0.221559	-1.84087
35	26	0.897436	0.666667	-0.0736964	-0.237586	0.437221
35	27	0.897436	0.692308	-0.0491671	-0.237835	-1.61171
35	28	0.897436	0.717949	-0.0628689	-0.288	0.0127314
35	29	0.897436	0.74359	-0.0693471	-0.254359	-0.582166
35	30	0.897436	0.769231	-0.0386105	-0.321177	-0.990878
35	31	0.897436	0.794872	-0.0835242	-0.275147	0.825089
35	32	0.897436	0.820513	-0.00141998	-0.317954	-1.88427
35	33	0.897436	0.846154	-0.0614193	-0.28778	1.79642
35	34	0.897436	0.871795	0.0655745	-0.263525	-1.86307
35	35	0.897436	0.897436	0.0525014	-0.253311	1.71166
35	36	0.897436	0.923077	0.228097	-0.152807	-0.799271
35	37	0.897436	0.948718	0.357703	-0.129495	0.82359
35	38	0.897436	0.974359	0.637157	-0.0175938	0.203065
35	39	0.897436	1	1	0	0
36	0	0.923077	0	0	0	-0.998165
36	1	0.923077	0.025641	-0.00267317	-0.000507334	-0.998165
36	2	0.923077	0.0512821	-0.00615578	0.00136796	-0.972714
36	3	0.923077	0.0769231	-0.00536139	-0.0020594	-1.05854
36	4	0.923077	0.102564	-0.010917	-0.00123765	-0.918292
36	5	0.923077	0.128205	-0.00755689	-0.00412231	-1.10721
36	6	0.923077	0.153846	-0.0126702	-0.00867699	-0.928558
36	7	0.923077	0.179487	-0.0119987	-0.00784531	-1.05295
36	8	0.923077	0.205128	-0.0113636	-0.0181543	-1.04734
36	9	0.923077	0.230769	-0.017977	-0.0159139	-0.91089
36	10	0.923077	0.25641	-0.00990627	-0.0269007	-1.19397
36	11	0.923077	0.282051	-0.0220173	-0.0296615	-0.806503
36	12	0.923077	0.307692	-0.0122386	-0.0350046	-1.22439
36	13	0.923077	0.333333	-0.0213162	-0.0473636	-0.863704
36	14	0.923077	0.358974	-0.0197131	-0.045588	-1.06439
36	15	0.923077	0.384615	-0.016974	-0.0654666	-1.08155
36	16	0.923077	0.410256	-0.0292726	-0.0623891	-0.792498
36	17	0.923077	0.435897	-0.0139557	-0.0815616	-1.30919
36	18	0.923077	0.461538	-0.0352836	-0.0867872	-0.600231
36	19	0.923077	0.487179	-0.0176228	-0.0965609	-1.34276
36	20	0.923077	0.512821	-0.0338882	-0.116516	-0.656996
36	21	0.923077	0.538462	-0.0295348	-0.114554	-1.07427
36	22	0.923077	0.564103	-0.0265529	-0.146945	-0.972512
36	23	0.923077	0.589744	-0.0454803	-0.140503	-0.591102
36	24	0.923077	0.615385	-0.0199608	-0.17398	-1.34955
36	25	0.923077	0.641026	-0.0571757	-0.176822	-0.156794
36	26	0.923077	0.666667	-0.0221729	-0.196809	-1.4717
36	27	0.923077	0.692308	-0.0571015	-0.220389	-0.0605933
36	28	0.923077	0.717949	-0.0371803	-0.218783	-1.10181
36	29	0.923077	0.74359	-0.0435922	-0.261901	-0.392936
36	30	0.923077	0.769231	-0.059871	-0.244567	-0.289315
36	31	0.923077	0.794872	-0.0212753	-0.288202	-0.888328
36	32	0.923077	0.820513	-0.0723063	-0.271454	0.57962
36	33	0.923077	0.846154	0.00871885	-0.284693	-1.02434
36	34	0.923077	0.871795	-0.0391086	-0.275707	1.03141
36	35	0.923077	0.897436	0.0767657	-0.231997	-0.457749
36	36	0.923077	0.923077	0.113106	-0.205222	0.957045
36	37	0.923077	0.948718	0.307365	-0.104299	0.423588
36	38	0.923077	0.974359	0.559997	-0.0216716	0.749277
36	39	0.923077	1	1	0	0
37	0	0.948718	0	0	0	-1.05678
37	1	0.948718	0.025641	-0.00328322	0.000777066	-1.05678
37	2	0.948718	0.0512821	-0.00437841	0.000215506	-1.0687
37	3	0.948718	0.0769231	-0.00750537	0.00111672	-1.0423
37	4	0.948718	0.102564	-0.00516849	-0.00105563	-1.10672
37	5	0.948718	0.128205	-0.00976815	-0.00201417	-1.02888
37	6	0.948718	0.153846	-0.00665577	-0.00349542	-1.12051
37	7	0.948718	0.179487	-0.0094548	-0.00773829	-1.05674
37	8	0.948718	0.205128	-0.0102441	-0.00783902	-1.08204
37	9	0.948718	0.230769	-0.00733911	-0.0143884	-1.12432
37	10	0.948718	0.25641	-0.0142809	-0.0151814	-1.0196
37	11	0.948718	0.282051	-0.00629333	-0.021091	-1.17921
37	12	0.948718	0.307692	-0.0157806	-0.0255925	-0.994642
37	13	0.948718	0.333333	-0.00897548	-0.0285419	-1.16298
37	14	0.948718	0.358974	-0.0133911	-0.037873	-1.04524
37	15	0.948718	0.384615	-0.015256	-0.0385146	-1.06504
37	16	0.948718	0.410256	-0.00911909	-0.0505459	-1.14599
37	17	0.948718	0.435897	-0.0217898	-0.0525593	-0.939377
37	18	0.948718	0.461538	-0.00727111	-0.0631354	-1.21701
37	19	0.948718	0.487179	-0.0242535	-0.0708659	-0.871116
37	20	0.948718	0.512821	-0.0114268	-0.076772	-1.1755
37	21	0.948718	0.538462	-0.0207006	-0.0920902	-0.915282
37	22	0.948718	0.564103	-0.0215838	-0.0938245	-0.995612
37	23	0.948718	0.589744	-0.0135966	-0.114244	-1.04579
37	24	0.948718	0.615385	-0.0333312	-0.116664	-0.73886
37	25	0.948718	0.641026	-0.0089895	-0.136087	-1.14932
37	26	0.948718	0.666667	-0.0399552	-0.145939	-0.528567
37	27	0.948718	0.692308	-0.0130432	-0.158278	-1.08086
37	28	0.948718	0.717949	-0.0368932	-0.179313	-0.464532
37	29	0.948718	0.74359	-0.0273827	-0.183335	-0.763064
37	30	0.948718	0.769231	-0.0256699	-0.211631	-0.515683
37	31	0.948718	0.794872	-0.0452421	-0.212737	-0.263806
37	32	0.948718	0.820513	-0.0123731	-0.235696	-0.479812
37	33	0.948718	0.846154	-0.0496914	-0.239088	0.242487
37	34	0.948718	0.871795	0.00613503	-0.238818	-0.103384
37	35	0.948718	0.897436	-0.0059725	-0.232322	0.657652
37	36	0.948718	0.923077	0.0858637	-0.186052	0.646178
37	37	0.948718	0.948718	0.198616	-0.125397	1.0507
37	38	0.948718	0.974359	0.472222	0.00660174	1.38581
37	39	0.948718	1	1	0	0
38	0	0.974359	0	0	0	-1.1206
38	1	0.974359	0.025641	-0.00426807	0.000630429	-1.1206
38	2	0.974359	0.0512821	-0.00613247	0.00121312	-1.12929
38	3	0.974359	0.0769231	-0.00594704	0.00076726	-1.13867
38	4	0.974359	0.102564	-0.00793866	0.000548519	-1.13888
38	5	0.974359	0.128205	-0.0060532	-0.000482014	-1.15635
38	6	0.974359	0.153846	-0.00852743	-0.00161323	-1.14751
38	7	0.974359	0.179487	-0.00706056	-0.00260462	-1.16579
38	8	0.974359	0.205128	-0.00772738	-0.00474414	-1.16063
38	9	0.974359	0.230769	-0.00910527	-0.00576479	-1.16489
38	10	0.974359	0.25641	-0.00641136	-0.00845855	-1.17574
38	11	0.974359	0.282051	-0.0108616	-0.0101384	-1.15911
38	12	0.974359	0.307692	-0.00624137	-0.012699	-1.18406
38	13	0.974359	0.333333	-0.0108606	-0.0156501	-1.15653
38	14	0.974359	0.358974	-0.00823005	-0.0177783	-1.17761
38	15	0.974359	0.384615	-0.0089319	-0.0220426	-1.1604
38	16	0.974359	0.410256	-0.0117162	-0.0241895	-1.15522
38	17	0.974359	0.435897	-0.00661307	-0.0291379	-1.16488
38	18	0.974359	0.461538	-0.0146271	-0.0323095	-1.1235
38	19	0.974359	0.487179	-0.00621792	-0.0370571	-1.1567
38	20	0.974359	0.512821	-0.0148886	-0.0421995	-1.09217
38	21	0.974359	0.538462	-0.00923498	-0.0462995	-1.12171
38	22	0.974359	0.564103	-0.01205	-0.0536585	-1.06557
38	23	0.974359	0.589744	-0.0150433	-0.0576463	-1.05259
38	24	0.974359	0.615385	-0.00802705	-0.0664802	-1.03435
38	25	0.974359	0.641026	-0.0208084	-0.0718274	-0.952642
38	26	0.974359	0.666667	-0.00633071	-0.0807728	-0.973457
38	27	0.974359	0.692308	-0.0230509	-0.0890883	-0.830195
38	28	0.974359	0.717949	-0.00987671	-0.0972356	-0.849891
38	29	0.974359	0.74359	-0.0203664	-0.109048	-0.680715
38	30	0.974359	0.769231	-0.0182691	-0.117041	-0.634486
38	31	0.974359	0.794872	-0.0151227	-0.130868	-0.462427
38	32	0.974359	0.820513	-0.0261265	-0.140339	-0.299306
38	33	0.974359	0.846154	-0.0104293	-0.152325	-0.0806137
38	34	0.974359	0.871795	-0.0218911	-0.161364	0.220873
38	35	0.974359	0.897436	0.00520137	-0.162421	0.609189
38	36	0.974359	0.923077	0.0312186	-0.151729	1.08945
38	37	0.974359	0.948718	0.126005	-0.107954	1.72019
38	38	0.974359	0.974359	0.357919	0.0280556	2.57727
38	39	0.974359	1	1	0	0
39	0	1	0	0	0	-1.1206
39	1	1	0.025641	0	0	-1.1206
39	2	1	0.0512821	0	0	-1.12929
39	3	1	0.0769231	0	0	-1.13867
39	4	1	0.102564	0	0	-1.13888
39	5	1	0.128205	0	0	-1.15635
39	6	1	0.153846	0	0	-1.14751
39	7	1	0.179487	0	0	-1.16579
39	8	1	0.205128	0	0	-1.16063
39	9	1	0.230769	0	0	-1.16489
39	10	1	0.25641	0	0	-1.17574
39	11	1	0.282051	0	0	-1.15911
39	12	1	0.307692	0	0	-1.18406
39	13	1	0.333333	0	0	-1.15653
39	14	1	0.358974	0	0	-1.17761
39	15	1	0.384615	0	0	-1.1604
39	16	1	0.410256	0	0	-1.15522
39	17	1	0.435897	0	0	-1.16488
39	18	1	0.461538	0	0	-1.1235
39	19	1	0.487179	0	0	-1.1567
39	20	1	0.512821	0	0	-1.09217
39	21	1	0.538462	0	0	-1.12171
39	22	1	0.564103	0	0	-1.06557
39	23	1	0.589744	0	0	-1.05259
39	24	1	0.615385	0	0	-1.03435
39	25	1	0.641026	0	0	-0.952642
39	26	1	0.666667	0	0	-0.973457
39	27	1	0.692308	0	0	-0.830195
39	28	1	0.717949	0	0	-0.849891
39	29	1	0.74359	0	0	-0.680715
39	30	1	0.769231	0	0	-0.634486
39	31	1	0.794872	0	0	-0.462427
39	32	1	0.820513	0	0	-0.299306
39	33	1	0.846154	0	0	-0.0806137
39	34	1	0.871795	0	0	0.220873
39	35	1	0.897436	0	0	0.609189
39	36	1	0.923077	0	0	1.08945
39	37	1	0.948718	0	0	1.72019
39	38	1	0.974359	0	0	2.57727
39	39	1	1	1	0	0
