# x		T		Y		Yeq		geff		heff		rho		s		H
# ======================================================================================================
0.1	10	0	0.00267425	86.2291	86.1594	283682	37793.8	1.28128e-16
0.103191	9.69074	6.52812e-11	0.00267503	86.19	86.1204	250071	34379.1	1.20298e-16
0.106484	9.39105	1.28628e-10	0.00267575	86.1521	86.0826	220445	31273.4	1.12948e-16
0.109883	9.10063	1.90056e-10	0.00267641	86.1154	86.0459	194332	28448.6	1.06047e-16
0.113389	8.81918	2.49607e-10	0.00267697	86.0812	86.0112	171317	25879.6	9.95699e-17
0.117008	8.54644	3.07329e-10	0.00267741	86.0507	85.9793	151034	23543.3	9.34901e-17
0.120742	8.28214	3.63273e-10	0.00267779	86.0212	85.9484	133154	21418.2	8.7782e-17
0.124595	8.02601	4.17492e-10	0.0026781	85.9926	85.9184	117392	19485.1	8.24228e-17
0.128571	7.7778	4.70037e-10	0.00267842	85.9647	85.8872	103497	17726.2	7.73911e-17
0.132674	7.53727	5.20958e-10	0.00267869	85.9376	85.8559	91246.7	16126.1	7.26669e-17
0.136908	7.30417	5.70302e-10	0.00267889	85.9114	85.8255	80447.6	14670.6	6.82314e-17
0.141277	7.07829	6.18117e-10	0.00267901	85.8859	85.796	70927.1	13346.5	6.4067e-17
0.145786	6.85938	6.64451e-10	0.00267929	85.856	85.7597	62530.2	12141	6.01552e-17
0.150438	6.64725	7.09348e-10	0.00267949	85.827	85.7245	55127.9	11044.6	5.64825e-17
0.155239	6.44168	7.52852e-10	0.0026796	85.7989	85.6904	48602.4	10047.3	5.30343e-17
0.160193	6.24247	7.95004e-10	0.00267973	85.7685	85.6534	42848.2	9139.69	4.9796e-17
0.165305	6.04942	8.35847e-10	0.00268001	85.7331	85.6099	37773	8313.46	4.6754e-17
0.17058	5.86234	8.75422e-10	0.00268017	85.6988	85.5678	33299.4	7562.05	4.38981e-17
0.176024	5.68104	9.13765e-10	0.00268022	85.6656	85.527	29355.9	6878.66	4.1217e-17
0.181642	5.50535	9.50915e-10	0.00268048	85.625	85.4772	25877.3	6256.36	3.86979e-17
0.187438	5.33509	9.8691e-10	0.00268076	85.5818	85.4241	22810.1	5690.15	3.63322e-17
0.19342	5.1701	1.02178e-09	0.00268089	85.5398	85.3727	20106.8	5175.27	3.41114e-17
0.199592	5.01021	1.05557e-09	0.0026809	85.499	85.3226	17724.1	4707.06	3.20266e-17
0.205962	4.85527	1.08831e-09	0.00268133	85.4439	85.2557	15621.1	4280.36	3.00666e-17
0.212535	4.70512	1.12002e-09	0.0026816	85.3905	85.1909	13768	3892.43	2.82269e-17
0.219317	4.55961	1.15074e-09	0.00268169	85.3387	85.128	12134.8	3539.74	2.65e-17
0.226316	4.4186	1.18051e-09	0.00268185	85.2818	85.0592	10694.8	3218.79	2.48779e-17
0.233538	4.28195	1.20934e-09	0.00268229	85.214	84.9779	9424.44	2926.5	2.33537e-17
0.240991	4.14953	1.23728e-09	0.00268251	85.1482	84.8991	8305.18	2660.83	2.19231e-17
0.248682	4.0212	1.26434e-09	0.00268252	85.0845	84.8227	7319.01	2419.34	2.05804e-17
0.256618	3.89684	1.29055e-09	0.00268289	85.0067	84.7304	6448.86	2199.35	1.93183e-17
0.264807	3.77633	1.31594e-09	0.00268328	84.9238	84.6324	5681.83	1999.23	1.81331e-17
0.273258	3.65954	1.34053e-09	0.00268341	84.8436	84.5374	5006.17	1817.39	1.70208e-17
0.281978	3.54637	1.36435e-09	0.00268328	84.7653	84.4449	4410.96	1652.13	1.5977e-17
0.290977	3.4367	1.38742e-09	0.00268386	84.6618	84.3243	3885.36	1501.39	1.49949e-17
0.300263	3.33042	1.40976e-09	0.00268413	84.5615	84.2075	3422.51	1364.47	1.40734e-17
0.309845	3.22742	1.4314e-09	0.00268407	84.4642	84.0942	3014.9	1240.08	1.32088e-17
0.319733	3.12761	1.45235e-09	0.00268409	84.3583	83.9717	2655.56	1126.91	1.23967e-17
0.329936	3.03089	1.47264e-09	0.0026845	84.2342	83.8296	2338.55	1023.82	1.16332e-17
0.340466	2.93715	1.49229e-09	0.00268452	84.114	83.6919	2059.46	930.209	1.0917e-17
0.351331	2.84632	1.51131e-09	0.00268415	83.9975	83.5584	1813.76	845.199	1.02452e-17
0.362543	2.7583	1.52972e-09	0.00268427	83.8796	83.401	1597.34	767.735	9.61452e-18
0.374112	2.67299	1.54754e-09	0.00268435	83.763	83.2358	1406.77	697.303	9.02277e-18
0.386051	2.59033	1.56478e-09	0.00268395	83.65	83.0757	1238.98	633.369	8.46761e-18
0.398371	2.51022	1.58147e-09	0.00268309	83.5376	82.9198	1091.21	575.324	7.94663e-18
0.411084	2.43259	1.59761e-09	0.00268278	83.2927	82.7366	959.54	522.424	7.45177e-18
0.424203	2.35736	1.61324e-09	0.00268205	83.0654	82.5546	843.927	474.392	6.98844e-18
0.43774	2.28446	1.62836e-09	0.00268138	82.8876	82.3593	742.68	430.706	6.55585e-18
0.45171	2.21381	1.64298e-09	0.00268038	82.7067	82.1615	653.554	391.028	6.14991e-18
0.466125	2.14535	1.65712e-09	0.00267926	82.5163	81.9543	575.055	354.962	5.76876e-18
0.481	2.079	1.6708e-09	0.0026779	82.3189	81.7406	505.938	322.196	5.41099e-18
0.49635	2.01471	1.68401e-09	0.00267623	82.1161	81.5218	445.097	292.433	5.07523e-18
0.51219	1.9524	1.69679e-09	0.00267441	81.9023	81.2924	391.517	265.384	4.75996e-18
0.528535	1.89202	1.70912e-09	0.00267207	81.6874	81.0625	344.38	240.833	4.46424e-18
0.545402	1.83351	1.72104e-09	0.00266966	81.4573	80.818	302.859	218.512	4.18648e-18
0.562807	1.77681	1.73255e-09	0.00266654	81.23	80.5769	266.352	198.266	3.92605e-18
0.580768	1.72186	1.74366e-09	0.00266338	80.9846	80.3188	234.191	179.857	3.6814e-18
0.599302	1.66861	1.75437e-09	0.00265945	80.7409	80.0638	205.916	163.161	3.45202e-18
0.618427	1.61701	1.76471e-09	0.00265525	80.4805	79.7967	181.016	147.992	3.23658e-18
0.638163	1.567	1.77467e-09	0.00265019	80.2223	79.5339	159.129	134.238	3.03461e-18
0.658528	1.51854	1.78427e-09	0.00264433	79.9615	79.2722	139.882	121.763	2.84518e-18
0.679543	1.47158	1.79352e-09	0.00263786	79.6932	79.0054	122.951	110.439	2.66743e-18
0.701229	1.42607	1.80242e-09	0.00263066	79.4193	78.7355	108.06	100.163	2.50069e-18
0.723607	1.38197	1.81098e-09	0.00262287	79.1158	78.4571	94.9358	90.8324	2.34392e-18
0.746699	1.33923	1.81921e-09	0.00261413	78.8053	78.1803	83.3971	82.3715	2.19687e-18
0.770529	1.29781	1.82711e-09	0.00260481	78.8428	77.8922	73.5844	74.687	2.06358e-18
0.795118	1.25767	1.83467e-09	0.0025944	78.9252	77.6074	64.9632	67.7213	1.93893e-18
0.820492	1.21878	1.84192e-09	0.00258527	78.8123	77.2535	57.2103	61.3496	1.81956e-18
0.846676	1.18109	1.84887e-09	0.00257483	78.6325	76.9066	50.3397	55.5813	1.7068e-18
0.873696	1.14456	1.85553e-09	0.00256344	78.1796	76.5546	44.1398	50.3509	1.59825e-18
0.901578	1.10917	1.86192e-09	0.00255078	77.7313	76.2061	38.7045	45.6139	1.49661e-18
0.93035	1.07486	1.86803e-09	0.00253696	77.2808	75.8559	33.9364	41.3208	1.4014e-18
0.960039	1.04162	1.87387e-09	0.00252188	76.8304	75.5059	29.7547	37.431	1.31222e-18
0.990677	1.00941	1.87945e-09	0.00250545	76.3822	75.1576	26.0881	33.9074	1.22871e-18
1.02229	0.978194	1.88478e-09	0.00248779	75.9298	74.806	22.8713	30.7135	1.15047e-18
1.05492	0.947943	1.88986e-09	0.00246858	75.4839	74.4595	20.0522	27.8217	1.07723e-18
1.08858	0.918627	1.8947e-09	0.00244817	75.0296	74.1065	17.578	25.1995	1.00858e-18
1.12332	0.890218	1.8993e-09	0.00242605	74.5851	73.761	15.4105	22.8262	9.44357e-19
1.15917	0.862688	1.90367e-09	0.00240271	74.1299	73.4072	13.5078	20.6736	8.8414e-19
1.19616	0.836008	1.90781e-09	0.00237762	73.7492	73.0602	11.8516	18.7254	8.28166e-19
1.23433	0.810154	1.91172e-09	0.00235113	73.6122	72.7082	10.4328	16.9591	7.77012e-19
1.27372	0.7851	1.91541e-09	0.00232359	73.4535	72.3394	9.18101	15.3556	7.28909e-19
1.31437	0.76082	1.91889e-09	0.00229555	73.2567	71.9358	8.07521	13.8966	6.83604e-19
1.35632	0.737291	1.92217e-09	0.00226585	72.905	71.5323	7.08748	12.5758	6.40433e-19
1.3996	0.71449	1.92525e-09	0.00223441	72.4289	71.1309	6.20976	11.3806	5.99467e-19
1.44426	0.692394	1.92815e-09	0.0022014	71.9476	70.7256	5.44011	10.298	5.61089e-19
1.49035	0.670981	1.93086e-09	0.00216652	71.4732	70.3263	4.7661	9.31892	5.25182e-19
1.53792	0.650231	1.9334e-09	0.00213017	70.9891	69.9193	4.17484	8.43172	4.91528e-19
1.58699	0.630122	1.93577e-09	0.00209187	70.5154	69.521	3.6573	7.62969	4.60054e-19
1.63764	0.610635	1.93798e-09	0.00205219	70.0298	69.1133	3.20323	6.90277	4.30548e-19
1.6899	0.591751	1.94004e-09	0.00201061	69.5533	68.7133	2.80576	6.24559	4.02952e-19
1.74383	0.57345	1.94194e-09	0.00196758	69.0695	68.3076	2.45724	5.65033	3.77096e-19
1.79948	0.555716	1.9437e-09	0.00192284	68.5901	67.9058	2.15205	5.11191	3.52902e-19
1.85691	0.53853	1.94532e-09	0.00187661	68.1083	67.5023	1.8846	4.62451	3.30246e-19
1.91617	0.521876	1.94682e-09	0.00182889	67.6712	67.0988	1.65139	4.18343	3.09139e-19
1.97731	0.505736	1.94818e-09	0.00177968	67.2721	66.6974	1.44781	3.78441	2.89457e-19
2.04042	0.490096	1.94943e-09	0.00172958	66.857	66.2789	1.26897	3.42244	2.7099e-19
2.10553	0.47494	1.95057e-09	0.00167816	66.4434	65.8615	1.1122	3.09502	2.537e-19
2.17272	0.460252	1.95161e-09	0.00162665	65.9811	65.3998	0.974047	2.79692	2.3742e-19
2.24206	0.446018	1.95255e-09	0.00157392	65.5212	64.9412	0.853043	2.52752	2.22184e-19
2.31361	0.432225	1.95339e-09	0.00152148	65.0056	64.4267	0.746394	2.28198	2.07832e-19
2.38744	0.418858	1.95416e-09	0.00146809	64.4879	63.9102	0.653016	2.0601	1.94397e-19
2.46363	0.405904	1.95484e-09	0.00141492	63.9217	63.3451	0.57085	1.85824	1.81756e-19
2.54225	0.393352	1.95545e-09	0.00136134	63.3375	62.7621	0.498842	1.67555	1.69906e-19
2.62338	0.381187	1.956e-09	0.00130788	62.715	62.1409	0.435615	1.50976	1.58774e-19
2.7071	0.369399	1.95649e-09	0.00125457	62.0556	61.4826	0.380137	1.35942	1.4832e-19
2.79349	0.357975	1.95692e-09	0.00120126	61.3714	60.7996	0.331553	1.22342	1.38518e-19
2.88264	0.346904	1.9573e-09	0.00114871	60.6279	60.0574	0.288861	1.0998	1.29292e-19
2.97463	0.336176	1.95763e-09	0.00109602	59.8763	59.3071	0.251593	0.988378	1.20664e-19
3.06956	0.325779	1.95792e-09	0.0010447	59.04	58.4721	0.218786	0.886823	1.12522e-19
3.16752	0.315704	1.95818e-09	0.000993204	58.2087	57.6422	0.190234	0.795608	1.04923e-19
3.2686	0.305941	1.9584e-09	0.000943449	57.2777	56.7126	0.165088	0.712377	9.7743e-20
3.37291	0.29648	1.95859e-09	0.000893872	56.3436	55.7799	0.143219	0.637645	9.10393e-20
3.48055	0.287311	1.95876e-09	0.000845857	55.3268	54.7646	0.124028	0.569735	8.47206e-20
3.59163	0.278425	1.9589e-09	0.000798626	54.2808	53.7201	0.107315	0.508605	7.88058e-20
3.70624	0.269815	1.95902e-09	0.000752759	53.1728	52.6138	0.0927112	0.453331	7.32478e-20
3.82452	0.261471	1.95912e-09	0.000708266	52.0059	51.4486	0.0799694	0.403423	6.80284e-20
3.94657	0.253385	1.95921e-09	0.000664919	50.8016	50.2461	0.0688933	0.358559	6.31418e-20
4.07251	0.245549	1.95928e-09	0.000623509	49.5047	48.9512	0.0592072	0.317902	5.8535e-20
4.20248	0.237955	1.95935e-09	0.000583011	48.1989	47.6475	0.0508386	0.281605	5.42407e-20
4.33659	0.230596	1.9594e-09	0.000544974	46.7246	46.2137	0.0434641	0.248567	5.01526e-20
4.47498	0.223465	1.95944e-09	0.000507694	45.2288	44.7954	0.0371047	0.219269	4.63385e-20
4.61779	0.216554	1.95948e-09	0.00047245	43.1107	43.2878	0.0311908	0.192833	4.24855e-20
4.76516	0.209857	1.95951e-09	0.000438013	41.053	41.8076	0.0261948	0.169489	3.89346e-20
4.91722	0.203367	1.95953e-09	0.000404988	39.042	40.308	0.02197	0.148713	3.56569e-20
5.07415	0.197078	1.95955e-09	0.000373126	37.1136	38.8212	0.0184187	0.130346	3.26481e-20
5.23607	0.190983	1.95957e-09	0.000342687	35.2757	37.3294	0.0154394	0.114064	2.98912e-20
5.40317	0.185076	1.95958e-09	0.000313699	33.5968	35.836	0.0129683	0.0996532	2.73948e-20
5.5756	0.179353	1.95959e-09	0.000286123	32.0486	34.3521	0.0109099	0.0869352	2.51269e-20
5.75353	0.173806	1.9596e-09	0.000260211	30.7404	32.8522	0.00922888	0.0756621	2.31101e-20
5.93714	0.168431	1.9596e-09	0.000235672	29.5432	31.376	0.00782215	0.0657632	2.12761e-20
6.12661	0.163222	1.95961e-09	0.000212933	28.8273	29.8697	0.00673133	0.0569754	1.97369e-20
6.32213	0.158175	1.95961e-09	0.000191565	28.1446	28.3921	0.00579589	0.0492861	1.83142e-20
6.52388	0.153283	1.95961e-09	0.000172347	26.9017	26.8245	0.00488578	0.042377	1.68149e-20
6.73208	0.148543	1.95962e-09	0.000154005	25.6792	25.358	0.00411305	0.0364573	1.5428e-20
6.94691	0.143949	1.95962e-09	0.000135949	24.4351	24.1096	0.00345163	0.0315451	1.41332e-20
7.16861	0.139497	1.95962e-09	0.000118948	23.3035	22.9742	0.00290308	0.027356	1.29616e-20
7.39738	0.135183	1.95962e-09	0.000102925	22.3169	21.9844	0.00245189	0.0238231	1.19118e-20
7.63345	0.131002	1.95962e-09	8.81192e-05	21.4467	21.1114	0.00207805	0.0208196	1.09662e-20
7.87705	0.126951	1.95962e-09	7.46793e-05	20.6682	20.3306	0.00176615	0.0182464	1.01098e-20
8.12843	0.123025	1.95962e-09	6.2535e-05	20.0043	19.6649	0.00150757	0.0160616	9.34042e-21
8.38783	0.11922	1.95962e-09	5.1871e-05	19.3934	19.0523	0.00128894	0.0141618	8.63665e-21
8.6555	0.115533	1.95962e-09	4.24697e-05	18.8917	18.5495	0.00110734	0.0125479	8.00512e-21
8.93172	0.11196	1.95962e-09	3.44485e-05	18.4209	18.0777	0.000952243	0.011129	7.42339e-21
9.21676	0.108498	1.95962e-09	2.75786e-05	18.0401	17.6965	0.000822443	0.0099145	6.89892e-21
9.51089	0.105143	1.95962e-09	2.18577e-05	17.6817	17.3429	0.000710914	0.00884251	6.41412e-21
9.8144	0.101891	1.95962e-09	1.71099e-05	17.3677	17.0505	0.000615835	0.00791155	5.9698e-21
10.1276	0.09874	1.95962e-09	1.32234e-05	17.127	16.8174	0.000535591	0.00710158	5.5673e-21
10.4508	0.0956864	1.95962e-09	1.00727e-05	16.9865	16.6647	0.000468472	0.0064042	5.20679e-21
10.7843	0.0927272	1.95962e-09	7.59113e-06	16.8404	16.522	0.0004096	0.00577833	4.86864e-21
11.1285	0.0898596	1.95962e-09	5.65872e-06	16.6914	16.3877	0.000358039	0.00521589	4.5519e-21
11.4836	0.0870806	1.95962e-09	4.17099e-06	16.554	16.2612	0.000313161	0.00471015	4.25708e-21
11.8501	0.0843876	1.95962e-09	3.03936e-06	16.4232	16.14	0.000274	0.00425457	3.98202e-21
12.2282	0.0817779	1.95962e-09	2.18871e-06	16.301	16.0239	0.000239848	0.00384408	3.7256e-21
12.6185	0.0792488	1.95962e-09	1.55716e-06	16.1831	15.9114	0.000209997	0.0034738	3.48606e-21
13.0212	0.076798	1.95962e-09	1.09415e-06	16.0704	15.8014	0.00018391	0.00313951	3.26235e-21
13.4367	0.074423	1.95962e-09	7.59008e-07	15.9608	15.6939	0.000161087	0.00283772	3.05322e-21
13.8655	0.0721214	1.95962e-09	5.19645e-07	15.8536	15.5871	0.000141112	0.00256493	2.85766e-21
14.308	0.069891	1.95962e-09	3.50964e-07	15.7483	15.4815	0.000123623	0.00231844	2.67471e-21
14.7646	0.0677296	1.95962e-09	2.33748e-07	15.6442	15.3761	0.000108304	0.00209556	2.50352e-21
15.2358	0.065635	1.95962e-09	1.53458e-07	15.5401	15.2702	9.48801e-05	0.00189395	2.34323e-21
15.722	0.0636052	1.95962e-09	9.92556e-08	15.437	15.1647	8.31213e-05	0.00171171	2.19323e-21
16.2237	0.0616382	1.95962e-09	6.32291e-08	15.332	15.0568	7.28076e-05	0.00154668	2.05266e-21
16.7415	0.059732	1.95962e-09	3.96416e-08	15.2286	14.9503	6.37771e-05	0.00139762	1.92115e-21
17.2757	0.0578847	1.95962e-09	2.44569e-08	15.1211	14.8395	5.58491e-05	0.00126249	1.79778e-21
17.827	0.0560946	1.95962e-09	1.48338e-08	15.0155	14.7306	4.89104e-05	0.00114051	1.6824e-21
18.3959	0.0543598	1.95962e-09	8.84446e-09	14.9051	14.617	4.28179e-05	0.00102993	1.57413e-21
18.983	0.0526787	1.95962e-09	5.17884e-09	14.7958	14.5046	3.7485e-05	0.000930095	1.47285e-21
19.5888	0.0510496	1.95962e-09	2.9773e-09	14.683	14.3888	3.28066e-05	0.000839691	1.37787e-21
20.2139	0.0494708	1.95962e-09	1.67914e-09	14.5696	14.2729	2.87094e-05	0.000758013	1.28896e-21
20.859	0.0479409	1.95962e-09	9.28549e-10	14.4542	14.1552	2.51188e-05	0.000684154	1.20567e-21
21.5247	0.0464583	1.95962e-09	5.03147e-10	14.3368	14.0361	2.19728e-05	0.000617382	1.12764e-21
22.2116	0.0450216	1.95962e-09	2.66946e-10	14.2191	13.9169	1.9219e-05	0.000557087	1.05461e-21
22.9204	0.0436292	1.95962e-09	1.38605e-10	14.0979	13.7952	1.68052e-05	0.000502548	9.86165e-22
23.6519	0.04228	1.95962e-09	7.03594e-11	13.9781	13.6751	1.46949e-05	0.00045337	9.22171e-22
24.4066	0.0409724	1.95962e-09	3.49062e-11	13.8566	13.5517	1.2847e-05	0.00040887	8.62243e-22
25.1855	0.0397053	1.95962e-09	1.69049e-11	13.7371	13.4305	1.12323e-05	0.000368771	8.06236e-22
25.9893	0.0384774	1.95962e-09	7.99041e-12	13.6073	13.304	9.81237e-06	0.000332442	7.53555e-22
26.8186	0.0372875	1.95962e-09	3.68066e-12	13.4815	13.1813	8.57372e-06	0.000299755	7.04389e-22
27.6745	0.0361344	1.95962e-09	1.65092e-12	13.3596	13.0625	7.49296e-06	0.000270336	6.58499e-22
28.5577	0.0350169	1.95962e-09	7.2068e-13	13.2357	12.9432	6.54687e-06	0.000243776	6.15524e-22
29.469	0.033934	1.95962e-09	3.05948e-13	13.1076	12.822	5.71794e-06	0.000219774	5.75238e-22
30.4094	0.0328845	1.95962e-09	1.26141e-13	12.9835	12.7046	4.99501e-06	0.000198176	5.37646e-22
31.3799	0.0318675	1.95962e-09	5.04626e-14	12.8632	12.5907	4.36438e-06	0.000178737	5.02562e-22
32.3813	0.030882	1.95962e-09	1.95749e-14	12.7404	12.4767	3.81227e-06	0.000161189	4.697e-22
33.4147	0.029927	1.95962e-09	7.35408e-15	12.6193	12.365	3.33017e-06	0.000145378	4.38997e-22
34.481	0.0290015	1.95962e-09	2.67283e-15	12.502	12.2567	2.90964e-06	0.000131145	4.10343e-22
35.5814	0.0281046	1.95962e-09	9.38795e-16	12.3881	12.1518	2.54267e-06	0.000118329	3.83595e-22
36.7169	0.0272354	1.95962e-09	3.18317e-16	12.275	12.0501	2.22196e-06	0.000106785	3.58589e-22
37.8886	0.0263932	1.95962e-09	1.04075e-16	12.1654	11.9515	1.9421e-06	9.63857e-05	3.35246e-22
39.0977	0.0255769	1.95962e-09	3.27744e-17	12.0592	11.8559	1.69782e-06	8.70158e-05	3.13454e-22
40.3455	0.0247859	1.95962e-09	9.92738e-18	11.9573	11.7652	1.48468e-06	7.85837e-05	2.9312e-22
41.633	0.0240194	1.95962e-09	2.88862e-18	11.8599	11.6797	1.2987e-06	7.09965e-05	2.74146e-22
42.9616	0.0232766	1.95962e-09	8.06577e-19	11.7655	11.5969	1.13623e-06	6.4153e-05	2.56425e-22
44.3326	0.0225568	1.95962e-09	2.15839e-19	11.6739	11.5166	9.94267e-07	5.79791e-05	2.39872e-22
45.7474	0.0218592	1.95962e-09	5.52506e-20	11.5903	11.4446	8.70582e-07	5.24346e-05	2.24457e-22
47.2073	0.0211832	1.95962e-09	1.3515e-20	11.5109	11.3766	7.6252e-07	4.74353e-05	2.10065e-22
48.7138	0.0205281	1.95962e-09	3.15511e-21	11.4339	11.3107	6.67983e-07	4.29191e-05	1.96612e-22
50.2684	0.0198932	1.95962e-09	7.01857e-22	11.3602	11.2477	5.8531e-07	3.88417e-05	1.84044e-22
51.8726	0.019278	1.95962e-09	1.48443e-22	11.2975	11.1953	5.13343e-07	3.51834e-05	1.72358e-22
53.528	0.0186818	1.95962e-09	2.98264e-23	11.2366	11.1444	4.5029e-07	3.18737e-05	1.61426e-22
55.2362	0.0181041	1.95962e-09	5.68407e-24	11.1777	11.0951	3.95036e-07	2.88788e-05	1.51198e-22
56.9989	0.0175442	1.95962e-09	1.02527e-24	11.1252	11.0516	3.46754e-07	2.61784e-05	1.41657e-22
58.8179	0.0170016	1.95962e-09	1.74719e-25	11.0804	11.0149	3.04577e-07	2.37449e-05	1.32763e-22
60.6949	0.0164758	1.95962e-09	2.80932e-26	11.037	10.9794	2.6756e-07	2.15397e-05	1.24434e-22
62.6318	0.0159663	1.95962e-09	4.25425e-27	10.995	10.945	2.35067e-07	1.9541e-05	1.16634e-22
64.6306	0.0154725	1.95962e-09	6.05208e-28	10.962	10.9184	2.06689e-07	1.77403e-05	1.09367e-22
66.6931	0.0149941	1.95962e-09	8.0758e-29	10.9325	10.8947	1.81792e-07	1.61097e-05	1.02569e-22
68.8215	0.0145303	1.95962e-09	1.00894e-29	10.9039	10.8717	1.59906e-07	1.46299e-05	9.61967e-23
71.0177	0.014081	1.95962e-09	1.17761e-30	10.877	10.8501	1.40676e-07	1.32877e-05	9.02274e-23
73.2841	0.0136455	1.95962e-09	1.28066e-31	10.8586	10.8356	1.23855e-07	1.20765e-05	8.46614e-23
75.6228	0.0132235	1.95962e-09	1.29553e-32	10.8408	10.8215	1.09051e-07	1.0976e-05	7.94408e-23
78.0361	0.0128146	1.95962e-09	1.2163e-33	10.8236	10.8078	9.60211e-08	9.97625e-06	7.45438e-23
80.5264	0.0124183	1.95962e-09	1.05704e-34	10.8096	10.7968	8.45734e-08	9.06975e-06	6.99592e-23
83.0962	0.0120342	1.95962e-09	8.48228e-36	10.7996	10.7889	7.45176e-08	8.24802e-06	6.56686e-23
85.7481	0.0116621	1.95962e-09	6.27071e-37	10.7898	10.7813	6.56593e-08	7.5009e-06	6.16419e-23
88.4845	0.0113014	1.95962e-09	4.25959e-38	10.7804	10.7739	5.78555e-08	6.82161e-06	5.78629e-23
91.3083	0.0109519	1.95962e-09	2.6509e-39	10.7744	10.7691	5.09954e-08	6.20538e-06	5.43243e-23
94.2221	0.0106132	1.95962e-09	1.5075e-40	10.7695	10.7653	4.49534e-08	5.64527e-06	5.10046e-23
97.229	0.010285	1.95962e-09	7.8116e-42	10.7648	10.7616	3.96277e-08	5.13577e-06	4.78881e-23
100.332	0.00996693	1.95962e-09	3.67743e-43	10.7604	10.7582	3.49343e-08	4.67239e-06	4.49629e-23
103.534	0.00965869	1.95962e-09	1.56778e-44	10.7582	10.7564	3.08029e-08	4.25148e-06	4.22206e-23
106.838	0.00935999	1.95962e-09	6.03473e-46	10.7561	10.7547	2.71603e-08	3.86851e-06	3.96456e-23
110.247	0.00907053	1.95962e-09	2.09046e-47	10.754	10.7531	2.39486e-08	3.52005e-06	3.72278e-23
113.765	0.00879001	1.95962e-09	6.49476e-49	10.7525	10.7519	2.11177e-08	3.2031e-06	3.49584e-23
117.396	0.00851818	1.95962e-09	1.80347e-50	10.7517	10.7512	1.86226e-08	2.91483e-06	3.28283e-23
121.142	0.00825475	1.95962e-09	4.4601e-52	10.7509	10.7505	1.64224e-08	2.65251e-06	3.08281e-23
125.008	0.00799946	1.95962e-09	9.78727e-54	10.7501	10.7498	1.44821e-08	2.4138e-06	2.89497e-23
128.998	0.00775208	1.95962e-09	1.89843e-55	10.7496	10.7495	1.27716e-08	2.19664e-06	2.71863e-23
133.114	0.00751234	1.95962e-09	3.24219e-57	10.7493	10.7492	1.12631e-08	1.99902e-06	2.55304e-23
137.362	0.00728001	1.95962e-09	4.8555e-59	10.749	10.7489	9.93287e-09	1.81919e-06	2.39754e-23
141.746	0.00705487	1.95962e-09	6.3498e-61	10.7487	10.7486	8.75975e-09	1.65553e-06	2.25151e-23
146.269	0.0068367	1.95962e-09	7.21993e-63	10.7485	10.7484	7.72526e-09	1.50661e-06	2.11439e-23
150.937	0.00662527	1.95962e-09	7.10589e-65	10.7484	10.7483	6.81294e-09	1.37109e-06	1.98562e-23
155.754	0.00642038	1.95962e-09	6.02581e-67	10.7482	10.7481	6.00836e-09	1.24776e-06	1.86469e-23
160.725	0.00622182	1.95962e-09	4.38187e-69	10.748	10.7479	5.29881e-09	1.13552e-06	1.75113e-23
165.854	0.00602941	1.95962e-09	2.71906e-71	10.7479	10.7478	4.67305e-09	1.03338e-06	1.64448e-23
171.147	0.00584295	1.95962e-09	1.43251e-73	10.7477	10.7476	4.1212e-09	9.40428e-07	1.54433e-23
176.608	0.00566225	1.95962e-09	6.37417e-76	10.7476	10.7475	3.63451e-09	8.55837e-07	1.45028e-23
182.244	0.00548714	1.95962e-09	2.38265e-78	10.7474	10.7473	3.2053e-09	7.78852e-07	1.36195e-23
188.06	0.00531745	1.95962e-09	7.44025e-81	10.7473	10.7471	2.82676e-09	7.08791e-07	1.27901e-23
194.062	0.005153	1.95962e-09	1.92981e-83	10.7471	10.7469	2.49294e-09	6.45034e-07	1.20111e-23
200.255	0.00499364	1.95962e-09	4.13303e-86	10.747	10.7467	2.19853e-09	5.87011e-07	1.12796e-23
206.645	0.00483921	1.95962e-09	7.26436e-89	10.7467	10.7465	1.93889e-09	5.34205e-07	1.05927e-23
213.24	0.00468955	1.95962e-09	1.04126e-91	10.7465	10.7463	1.70991e-09	4.86149e-07	9.94752e-24
220.045	0.00454453	1.95962e-09	1.20928e-94	10.7463	10.746	1.50797e-09	4.42417e-07	9.34168e-24
227.067	0.00440398	1.95962e-09	1.13028e-97	10.7461	10.7458	1.32988e-09	4.02617e-07	8.77272e-24
234.313	0.00426779	1.95962e-09	8.44354e-101	10.7458	10.7455	1.17282e-09	3.66397e-07	8.23841e-24
241.791	0.0041358	1.95962e-09	5.00539e-104	10.7456	10.7452	1.03431e-09	3.33435e-07	7.73664e-24
249.507	0.0040079	1.95962e-09	2.33732e-107	10.7454	10.7449	9.12152e-10	3.03439e-07	7.26544e-24
257.47	0.00388395	1.95962e-09	8.53227e-111	10.7451	10.7445	8.04424e-10	2.76139e-07	6.82293e-24
265.686	0.00376384	1.95962e-09	2.41579e-114	10.7448	10.7442	7.0942e-10	2.51295e-07	6.40737e-24
274.165	0.00364744	1.95962e-09	5.26236e-118	10.7446	10.7438	6.25636e-10	2.28686e-07	6.01713e-24
282.914	0.00353464	1.95962e-09	8.74571e-122	10.7443	10.7434	5.51745e-10	2.08111e-07	5.65063e-24
291.943	0.00342533	1.95962e-09	1.09942e-125	10.7436	10.7427	4.8656e-10	1.89382e-07	5.30636e-24
301.259	0.0033194	1.95962e-09	1.03611e-129	10.7428	10.742	4.29078e-10	1.72338e-07	4.98306e-24
310.873	0.00321675	1.95962e-09	7.2531e-134	10.7422	10.7414	3.78388e-10	1.56829e-07	4.67947e-24
320.794	0.00311727	1.95962e-09	3.73599e-138	10.7414	10.7406	3.33682e-10	1.42714e-07	4.39435e-24
331.031	0.00302086	1.95962e-09	1.40217e-142	10.7405	10.7397	2.94256e-10	1.29868e-07	4.12658e-24
341.595	0.00292744	1.95962e-09	3.79586e-147	10.7396	10.7388	2.59488e-10	1.18178e-07	3.87514e-24
352.497	0.00283691	1.95962e-09	7.33516e-152	10.7387	10.738	2.28829e-10	1.07541e-07	3.63902e-24
363.746	0.00274917	1.95962e-09	1.00101e-156	10.7376	10.7368	2.01788e-10	9.7859e-08	3.41725e-24
375.354	0.00266415	1.95962e-09	9.54031e-162	10.7365	10.7357	1.77942e-10	8.90483e-08	3.20898e-24
387.332	0.00258176	1.95962e-09	6.2778e-167	10.7354	10.7346	1.56915e-10	8.10312e-08	3.01342e-24
399.693	0.00250192	1.95962e-09	2.81864e-172	10.7343	10.7335	1.38372e-10	7.37357e-08	2.82977e-24
412.448	0.00242455	1.95962e-09	8.5305e-178	10.7329	10.732	1.22016e-10	6.70948e-08	2.65727e-24
425.61	0.00234957	1.95962e-09	1.71842e-183	10.7315	10.7306	1.07594e-10	6.10523e-08	2.4953e-24
439.193	0.0022769	1.95962e-09	2.27437e-189	10.7301	10.7292	9.48772e-11	5.55542e-08	2.3432e-24
453.209	0.00220649	1.95962e-09	1.95147e-195	10.7287	10.7275	8.36626e-11	5.05502e-08	2.20036e-24
467.672	0.00213825	1.95962e-09	1.07059e-201	10.7271	10.7257	7.37727e-11	4.59959e-08	2.06622e-24
482.596	0.00207213	1.95962e-09	3.70197e-208	10.7255	10.7239	6.50522e-11	4.1852e-08	1.94026e-24
497.997	0.00200804	1.95962e-09	7.95053e-215	10.7241	10.7221	5.73628e-11	3.80817e-08	1.82198e-24
513.89	0.00194594	1.95962e-09	1.04462e-221	10.721	10.7192	5.05747e-11	3.46474e-08	1.71078e-24
530.289	0.00188576	1.95962e-09	8.26553e-229	10.7175	10.7161	4.45884e-11	3.15222e-08	1.60635e-24
547.212	0.00182745	1.95962e-09	3.87519e-236	10.7142	10.7131	3.93112e-11	2.86792e-08	1.50829e-24
564.675	0.00177093	1.95962e-09	1.05871e-243	10.7108	10.7101	3.46583e-11	2.60924e-08	1.41622e-24
582.695	0.00171616	1.95962e-09	1.65681e-251	10.7066	10.7061	3.05538e-11	2.37368e-08	1.32972e-24
601.29	0.00166309	1.95962e-09	1.45887e-259	10.7026	10.7022	2.69357e-11	2.15942e-08	1.24851e-24
620.479	0.00161166	1.95962e-09	7.09635e-268	10.6986	10.6984	2.37464e-11	1.96451e-08	1.17227e-24
640.28	0.00156182	1.95962e-09	1.87126e-276	10.694	10.6941	2.09334e-11	1.7871e-08	1.10065e-24
660.713	0.00151352	1.95962e-09	2.62319e-285	10.6888	10.689	1.84525e-11	1.62561e-08	1.03337e-24
681.798	0.00146671	1.95962e-09	1.91571e-294	10.6837	10.6841	1.62658e-11	1.47873e-08	9.7021e-25
703.556	0.00142135	1.95962e-09	7.13837e-304	10.6787	10.6794	1.43385e-11	1.34514e-08	9.10919e-25
726.008	0.00137739	1.95962e-09	1.32854e-313	10.6723	10.6733	1.26378e-11	1.22346e-08	8.55191e-25
749.177	0.0013348	1.95962e-09	1.20776e-323	10.6657	10.6669	1.11386e-11	1.11276e-08	8.02866e-25
773.085	0.00129352	1.95962e-09	5.2417e-334	10.6593	10.6608	9.81741e-12	1.0121e-08	7.53749e-25
797.757	0.00125352	1.95962e-09	1.06076e-344	10.6527	10.6545	8.65283e-12	9.20533e-09	7.07632e-25
823.215	0.00121475	1.95962e-09	9.77045e-356	10.6442	10.6463	7.62497e-12	8.37098e-09	6.64274e-25
849.486	0.00117718	1.95962e-09	3.99357e-367	10.6359	10.6384	6.71937e-12	7.61244e-09	6.2358e-25
876.595	0.00114078	1.95962e-09	7.05827e-379	10.6279	10.6307	5.92146e-12	6.92278e-09	5.85386e-25
904.57	0.0011055	1.95962e-09	5.25252e-391	10.6186	10.6217	5.21767e-12	6.29488e-09	5.49498e-25
933.437	0.00107131	1.95962e-09	1.60097e-403	10.6079	10.6115	4.59692e-12	5.72319e-09	5.15776e-25
963.225	0.00103818	1.95962e-09	1.94224e-416	10.5975	10.6015	4.05014e-12	5.20358e-09	4.84131e-25
993.964	0.00100607	1.95962e-09	9.10673e-430	10.5874	10.5919	3.5685e-12	4.73127e-09	4.54434e-25
1025.68	0.000974959	1.95962e-09	1.60145e-443	10.5744	10.5794	3.14326e-12	4.30068e-09	4.26499e-25
1058.42	0.000944808	1.95962e-09	1.02343e-457	10.561	10.5665	2.76859e-12	3.90914e-09	4.00274e-25
1092.19	0.000915589	1.95962e-09	2.30112e-472	10.548	10.5541	2.43867e-12	3.55337e-09	3.75668e-25
1127.05	0.000887274	1.95962e-09	1.76078e-487	10.5347	10.5413	2.14799e-12	3.22988e-09	3.52569e-25
1163.01	0.000859834	1.95962e-09	4.4316e-503	10.5175	10.5248	1.89125e-12	2.93479e-09	3.30828e-25
1200.13	0.000833243	1.95962e-09	3.53928e-519	10.5008	10.5088	1.66528e-12	2.66678e-09	3.10436e-25
1238.43	0.000807475	1.95962e-09	8.64686e-536	10.4846	10.4933	1.46637e-12	2.42335e-09	2.91307e-25
1277.95	0.000782503	1.95962e-09	6.22441e-553	10.4658	10.4754	1.29091e-12	2.20163e-09	2.73323e-25
1318.73	0.000758304	1.95962e-09	1.2697e-570	10.4444	10.4549	1.13614e-12	1.9997e-09	2.56416e-25
1360.82	0.000734853	1.95962e-09	7.04781e-589	10.4236	10.435	9.99992e-13	1.81639e-09	2.40562e-25
1404.24	0.000712127	1.95962e-09	1.02122e-607	10.4034	10.4157	8.80207e-13	1.64998e-09	2.25694e-25
1449.06	0.000690104	1.95962e-09	3.70289e-627	10.3775	10.391	7.74336e-13	1.49802e-09	2.11686e-25
1495.3	0.000668762	1.95962e-09	3.21296e-647	10.3509	10.3657	6.81152e-13	1.35997e-09	1.98541e-25
1543.02	0.00064808	1.95962e-09	6.37287e-668	10.3252	10.3411	5.99225e-13	1.23472e-09	1.86219e-25
1592.26	0.000628038	1.95962e-09	2.75699e-689	10.2988	10.3159	5.27116e-13	1.12094e-09	1.74655e-25
1643.07	0.000608615	1.95962e-09	2.47953e-711	10.265	10.2838	4.63348e-13	1.01695e-09	1.6375e-25
1695.51	0.000589793	1.95962e-09	4.4058e-734	10.2322	10.2527	4.07331e-13	9.22684e-10	1.53533e-25
1749.62	0.000571554	1.95962e-09	1.46868e-757	10.2005	10.2225	3.58118e-13	8.37229e-10	1.4396e-25
1805.45	0.000553878	1.95962e-09	8.7119e-782	10.164	10.1879	3.14701e-13	7.59351e-10	1.34951e-25
1863.07	0.000536749	1.95962e-09	8.70286e-807	10.1226	10.1487	2.76411e-13	6.88398e-10	1.26475e-25
1922.52	0.00052015	1.95962e-09	1.38239e-832	10.0825	10.1107	2.42806e-13	6.2414e-10	1.18538e-25
1983.88	0.000504064	1.95962e-09	3.29259e-859	10.0436	10.0739	2.1331e-13	5.65939e-10	1.11105e-25
2047.19	0.000488475	1.95962e-09	1.10804e-886	9.9944	10.0274	1.872e-13	5.12663e-10	1.04083e-25
2112.52	0.000473369	1.95962e-09	4.94507e-915	9.94415	9.97997	1.64265e-13	4.6435e-10	9.7499e-26
2179.93	0.00045873	1.95962e-09	2.74336e-944	9.89545	9.93403	1.44159e-13	4.20642e-10	9.13374e-26
2249.5	0.000444543	1.95962e-09	1.77052e-974	9.84568	9.8871	1.26497e-13	3.81002e-10	8.55594e-26
2321.29	0.000430795	1.95962e-09	1.24244e-1005	9.78335	9.82853	1.10854e-13	3.44682e-10	8.00945e-26
2395.37	0.000417473	1.95962e-09	8.81971e-1038	9.72295	9.77177	9.71602e-14	3.1187e-10	7.49846e-26
2471.81	0.000404562	1.95962e-09	5.88686e-1071	9.66441	9.71676	8.51715e-14	2.82224e-10	7.02062e-26
2550.69	0.000392051	1.95962e-09	3.42925e-1105	9.59816	9.65465	7.45994e-14	2.552e-10	6.57046e-26
2632.09	0.000379926	1.95962e-09	1.61287e-1140	9.52413	9.58535	6.52831e-14	2.30581e-10	6.14651e-26
2716.09	0.000368177	1.95962e-09	5.64646e-1177	9.45238	9.51821	5.71407e-14	2.08373e-10	5.75044e-26
2802.76	0.000356791	1.95962e-09	1.35435e-1214	9.38285	9.45313	5.00227e-14	1.88336e-10	5.38037e-26
2892.21	0.000345757	1.95962e-09	2.04686e-1253	9.29733	9.37337	4.37139e-14	1.69951e-10	5.02965e-26
2984.51	0.000335064	1.95962e-09	1.78192e-1293	9.21062	9.29254	3.81925e-14	1.53333e-10	4.70129e-26
3079.75	0.000324702	1.95962e-09	8.15469e-1335	9.12659	9.21421	3.33754e-14	1.38366e-10	4.39482e-26
3178.03	0.00031466	1.95962e-09	1.78646e-1377	9.04127	9.13473	2.91592e-14	1.24836e-10	4.10786e-26
3279.45	0.000304929	1.95962e-09	1.70313e-1421	8.9382	9.039	2.54228e-14	1.12418e-10	3.83566e-26
3384.11	0.000295499	1.95962e-09	6.37962e-1467	8.83832	8.94623	2.21703e-14	1.01257e-10	3.58191e-26
3492.1	0.000286361	1.95962e-09	8.46792e-1514	8.74152	8.85632	1.93383e-14	9.12242e-11	3.34532e-26
3603.54	0.000277505	1.95962e-09	3.58502e-1562	8.63481	8.75739	1.68466e-14	8.20923e-11	3.12237e-26
3718.54	0.000268923	1.95962e-09	4.33695e-1612	8.51835	8.64956	1.46569e-14	7.37893e-11	2.91239e-26
3837.21	0.000260606	1.95962e-09	1.33648e-1663	8.40549	8.54507	1.2755e-14	6.63416e-11	2.71686e-26
3959.67	0.000252547	1.95962e-09	9.33169e-1717	8.29613	8.44381	1.11025e-14	5.96596e-11	2.53477e-26
4086.03	0.000244736	1.95962e-09	1.31145e-1771	8.16799	8.32543	9.64025e-15	5.35327e-11	2.36196e-26
4216.42	0.000237168	1.95962e-09	3.26837e-1828	8.03931	8.20657	8.36797e-15	4.80227e-11	2.20058e-26
4350.98	0.000229833	1.95962e-09	1.26938e-1886	7.9146	8.0914	7.26539e-15	4.30903e-11	2.05049e-26
4489.83	0.000222725	1.95962e-09	6.73096e-1947	7.78944	7.97584	6.30615e-15	3.86548e-11	1.91034e-26
4633.11	0.000215838	1.95962e-09	4.25752e-2009	7.6464	7.84396	5.45938e-15	3.45966e-11	1.77746e-26
4780.97	0.000209163	1.95962e-09	2.78175e-2073	7.50779	7.71617	4.72745e-15	3.09721e-11	1.65402e-26
4933.54	0.000202694	1.95962e-09	1.62251e-2139	7.37346	7.59232	4.09463e-15	2.77342e-11	1.53934e-26
5090.98	0.000196426	1.95962e-09	7.27801e-2208	7.23129	7.46132	3.5415e-15	2.48043e-11	1.4316e-26
5253.45	0.000190351	1.95962e-09	2.14939e-2278	7.08162	7.32348	3.05867e-15	2.21565e-11	1.33044e-26
5421.1	0.000184464	1.95962e-09	3.55484e-2351	6.93658	7.1899	2.64225e-15	1.9796e-11	1.23656e-26
5594.1	0.00017876	1.95962e-09	2.79041e-2426	6.79603	7.06045	2.28303e-15	1.76913e-11	1.14943e-26
5772.62	0.000173231	1.95962e-09	8.78361e-2504	6.64304	6.91962	1.96812e-15	1.5779e-11	1.06722e-26
5956.84	0.000167874	1.95962e-09	9.28008e-2584	6.49149	6.78012	1.69613e-15	1.40704e-11	9.90734e-27
6146.94	0.000162683	1.95962e-09	2.74255e-2666	6.34463	6.64493	1.462e-15	1.25496e-11	9.19819e-27
6343.11	0.000157651	1.95962e-09	1.87999e-2751	6.19978	6.51161	1.25993e-15	1.11918e-11	8.53889e-27
6545.53	0.000152776	1.95962e-09	2.46653e-2839	6.04717	6.37117	1.08381e-15	9.96556e-12	7.91961e-27
6754.42	0.000148051	1.95962e-09	5.06323e-2930	5.89929	6.23507	9.32452e-16	8.87555e-12	7.34584e-27
6969.97	0.000143473	1.95962e-09	1.32327e-3023	5.75597	6.10319	8.02369e-16	7.90645e-12	6.81421e-27
7192.4	0.000139036	1.95962e-09	3.56159e-3120	5.61282	5.97148	6.90026e-16	7.04009e-12	6.31918e-27
7421.92	0.000134736	1.95962e-09	7.92639e-3220	5.46996	5.84005	5.93057e-16	6.26591e-12	5.85837e-27
7658.78	0.000130569	1.95962e-09	1.16222e-3322	5.33152	5.71269	5.09791e-16	5.57802e-12	5.43155e-27
7903.19	0.000126531	1.95962e-09	8.8871e-3429	5.19736	5.58927	4.3828e-16	4.96667e-12	5.03621e-27
8155.4	0.000122618	1.95962e-09	2.78504e-3538	5.06592	5.46844	3.76752e-16	4.42227e-12	4.66935e-27
8415.66	0.000118826	1.95962e-09	2.7882e-3651	4.93827	5.35112	3.23892e-16	3.93819e-12	4.32941e-27
8684.23	0.000115151	1.95962e-09	6.89707e-3768	4.81457	5.23742	2.78491e-16	3.50785e-12	4.01452e-27
8961.36	0.00011159	1.95962e-09	3.23354e-3888	4.69549	5.128	2.39532e-16	3.12567e-12	3.72314e-27
9247.34	0.000108139	1.95962e-09	2.18442e-4012	4.58378	5.02553	2.06222e-16	2.78772e-12	3.45458e-27
9542.45	0.000104795	1.95962e-09	1.60461e-4140	4.47553	4.92623	1.77576e-16	2.48687e-12	3.20568e-27
9846.97	0.000101554	1.95962e-09	9.57827e-4273	4.37063	4.83	1.52937e-16	2.219e-12	2.97498e-27
10161.2	9.84134e-05	1.95962e-09	3.43678e-4409	4.27378	4.74129	1.31889e-16	1.98234e-12	2.76269e-27
10485.5	9.53699e-05	1.95962e-09	5.43607e-4550	4.18449	4.65964	1.13885e-16	1.77298e-12	2.56721e-27
10820.1	9.24206e-05	1.95962e-09	2.75487e-4695	4.09796	4.58051	9.83604e-17	1.58612e-12	2.38582e-27
11165.4	8.95624e-05	1.95962e-09	3.21497e-4845	4.0141	4.50382	8.49708e-17	1.4193e-12	2.2175e-27
11521.7	8.67926e-05	1.95962e-09	0	3.94328	4.43926	7.36153e-17	1.27314e-12	2.06401e-27
11889.4	8.41085e-05	1.95962e-09	0	3.87655	4.37846	6.3824e-17	1.14277e-12	1.92185e-27
12268.8	8.15074e-05	1.95962e-09	0	3.81188	4.31955	5.53485e-17	1.026e-12	1.7897e-27
12660.4	7.89867e-05	1.95962e-09	0	3.75161	4.26466	4.8041e-17	9.21857e-13	1.66738e-27
13064.4	7.6544e-05	1.95962e-09	0	3.70396	4.22139	4.18301e-17	8.30437e-13	1.55587e-27
13481.3	7.41768e-05	1.95962e-09	0	3.65778	4.17947	3.64309e-17	7.48244e-13	1.45199e-27
13911.5	7.18829e-05	1.95962e-09	0	3.61304	4.13884	3.1736e-17	6.74329e-13	1.3552e-27
14355.5	6.96598e-05	1.95962e-09	0	3.57592	4.10515	2.7701e-17	6.08686e-13	1.26612e-27
14813.6	6.75056e-05	1.95962e-09	0	3.54574	4.07778	2.42239e-17	5.50249e-13	1.184e-27
15286.3	6.54179e-05	1.95962e-09	0	3.5165	4.05126	2.11873e-17	4.97504e-13	1.1073e-27
15774.2	6.33948e-05	1.95962e-09	0	3.48816	4.02555	1.85349e-17	4.49888e-13	1.03567e-27
16277.6	6.14343e-05	1.95962e-09	0	3.46888	4.00801	1.62559e-17	4.07642e-13	9.69915e-28
16797	5.95344e-05	1.95962e-09	0	3.45162	3.9923	1.4265e-17	3.69525e-13	9.08583e-28
17333	5.76933e-05	1.95962e-09	0	3.43489	3.97707	1.25196e-17	3.35009e-13	8.51185e-28
17886.2	5.59091e-05	1.95962e-09	0	3.41993	3.96344	1.09932e-17	3.03834e-13	7.97609e-28
18457	5.418e-05	1.95962e-09	0	3.41086	3.95509	9.6694e-18	2.75925e-13	7.48045e-28
19046	5.25045e-05	1.95962e-09	0	3.40208	3.94701	8.50566e-18	2.50596e-13	7.01588e-28
19653.8	5.08807e-05	1.95962e-09	0	3.39356	3.93917	7.48252e-18	2.27605e-13	6.5804e-28
20281	4.93072e-05	1.95962e-09	0	3.38742	3.93347	6.58703e-18	2.06835e-13	6.17409e-28
20928.2	4.77824e-05	1.95962e-09	0	3.38338	3.92967	5.8023e-18	1.88051e-13	5.79466e-28
21596.1	4.63047e-05	1.95962e-09	0	3.37947	3.92599	5.11124e-18	1.70978e-13	5.43865e-28
22285.3	4.48727e-05	1.95962e-09	0	3.37568	3.92242	4.50264e-18	1.55459e-13	5.1046e-28
22996.5	4.34849e-05	1.95962e-09	0	3.37378	3.92059	3.96873e-18	1.41412e-13	4.79241e-28
23730.3	4.21401e-05	1.95962e-09	0	3.37224	3.91908	3.4985e-18	1.28644e-13	4.49955e-28
24487.6	4.08369e-05	1.95962e-09	0	3.37075	3.91762	3.08402e-18	1.1703e-13	4.22461e-28
25269.1	3.9574e-05	1.95962e-09	0	3.36948	3.91637	2.71883e-18	1.06471e-13	3.96661e-28
26075.5	3.83502e-05	1.95962e-09	0	3.36897	3.91584	2.39743e-18	9.68822e-14	3.72478e-28
26907.6	3.71642e-05	1.95962e-09	0	3.36848	3.91532	2.11403e-18	8.81573e-14	3.49771e-28
27766.3	3.60148e-05	1.95962e-09	0	3.36801	3.91483	1.86414e-18	8.02185e-14	3.28448e-28
28652.4	3.49011e-05	1.95962e-09	0	3.36772	3.91452	1.64388e-18	7.2998e-14	3.08434e-28
29566.8	3.38217e-05	1.95962e-09	0	3.36759	3.91437	1.44971e-18	6.64302e-14	2.89647e-28
30510.4	3.27758e-05	1.95962e-09	0	3.36747	3.91422	1.27848e-18	6.04534e-14	2.72004e-28
31484	3.17621e-05	1.95962e-09	0	3.36734	3.91408	1.12747e-18	5.50144e-14	2.55435e-28
32488.8	3.07799e-05	1.95962e-09	0	3.3673	3.91403	9.94326e-19	5.00659e-14	2.39879e-28
33525.6	2.9828e-05	1.95962e-09	0	3.36728	3.91399	8.76908e-19	4.55627e-14	2.25271e-28
34595.4	2.89055e-05	1.95962e-09	0	3.36726	3.91396	7.73356e-19	4.14645e-14	2.11552e-28
35699.5	2.80116e-05	1.95962e-09	0	3.36723	3.91393	6.82032e-19	3.7735e-14	1.98669e-28
36838.7	2.71453e-05	1.95962e-09	0	3.36723	3.91392	6.01496e-19	3.43412e-14	1.86571e-28
38014.3	2.63059e-05	1.95962e-09	0	3.36722	3.91391	5.3047e-19	3.12526e-14	1.7521e-28
39227.5	2.54923e-05	1.95962e-09	0	3.36722	3.9139	4.6783e-19	2.84417e-14	1.6454e-28
40479.3	2.4704e-05	1.95962e-09	0	3.36722	3.9139	4.12588e-19	2.58837e-14	1.54521e-28
41771.1	2.394e-05	1.95962e-09	0	3.36722	3.9139	3.63869e-19	2.35558e-14	1.45111e-28
43104.2	2.31996e-05	1.95962e-09	0	3.36722	3.9139	3.20903e-19	2.14373e-14	1.36275e-28
44479.7	2.24822e-05	1.95962e-09	0	3.36722	3.9139	2.8301e-19	1.95093e-14	1.27976e-28
45899.2	2.17869e-05	1.95962e-09	0	3.36722	3.9139	2.49592e-19	1.77547e-14	1.20183e-28
47363.9	2.11131e-05	1.95962e-09	0	3.36722	3.9139	2.2012e-19	1.61578e-14	1.12865e-28
48875.4	2.04602e-05	1.95962e-09	0	3.36722	3.9139	1.94128e-19	1.47047e-14	1.05992e-28
50435.2	1.98274e-05	1.95962e-09	0	3.36722	3.9139	1.71205e-19	1.33822e-14	9.95374e-29
52044.7	1.92142e-05	1.95962e-09	0	3.36722	3.9139	1.50989e-19	1.21786e-14	9.3476e-29
53705.6	1.862e-05	1.95962e-09	0	3.36722	3.9139	1.3316e-19	1.10833e-14	8.77838e-29
55419.5	1.80442e-05	1.95962e-09	0	3.36722	3.9139	1.17436e-19	1.00865e-14	8.24382e-29
57188	1.74862e-05	1.95962e-09	0	3.36722	3.9139	1.03569e-19	9.17934e-15	7.74182e-29
59013.1	1.69454e-05	1.95962e-09	0	3.36722	3.9139	9.13393e-20	8.35377e-15	7.27038e-29
60896.3	1.64214e-05	1.95962e-09	0	3.36722	3.9139	8.05538e-20	7.60245e-15	6.82765e-29
62839.7	1.59135e-05	1.95962e-09	0	3.36722	3.9139	7.10419e-20	6.91871e-15	6.41188e-29
64845.1	1.54214e-05	1.95962e-09	0	3.36722	3.9139	6.26532e-20	6.29646e-15	6.02143e-29
66914.4	1.49445e-05	1.95962e-09	0	3.36722	3.9139	5.5255e-20	5.73017e-15	5.65476e-29
69049.8	1.44823e-05	1.95962e-09	0	3.36722	3.9139	4.87304e-20	5.21482e-15	5.31041e-29
71253.4	1.40344e-05	1.95962e-09	0	3.36722	3.9139	4.29762e-20	4.74581e-15	4.98703e-29
73527.3	1.36004e-05	1.95962e-09	0	3.36722	3.9139	3.79015e-20	4.31898e-15	4.68335e-29
75873.7	1.31798e-05	1.95962e-09	0	3.36722	3.9139	3.3426e-20	3.93055e-15	4.39816e-29
78295.1	1.27722e-05	1.95962e-09	0	3.36722	3.9139	2.9479e-20	3.57704e-15	4.13033e-29
80793.6	1.23772e-05	1.95962e-09	0	3.36722	3.9139	2.59981e-20	3.25533e-15	3.87881e-29
83372	1.19944e-05	1.95962e-09	0	3.36722	3.9139	2.29282e-20	2.96256e-15	3.64261e-29
86032.6	1.16235e-05	1.95962e-09	0	3.36722	3.9139	2.02208e-20	2.69611e-15	3.4208e-29
88778.1	1.1264e-05	1.95962e-09	0	3.36722	3.9139	1.78331e-20	2.45363e-15	3.21249e-29
91611.3	1.09157e-05	1.95962e-09	0	3.36722	3.9139	1.57273e-20	2.23296e-15	3.01686e-29
94534.8	1.05781e-05	1.95962e-09	0	3.36722	3.9139	1.38702e-20	2.03213e-15	2.83315e-29
97551.7	1.0251e-05	1.95962e-09	0	3.36722	3.9139	1.22324e-20	1.84937e-15	2.66063e-29
100665	9.93396e-06	1.95962e-09	0	3.36722	3.9139	1.0788e-20	1.68304e-15	2.49861e-29
103877	9.62675e-06	1.95962e-09	0	3.36722	3.9139	9.51412e-21	1.53167e-15	2.34646e-29
107192	9.32903e-06	1.95962e-09	0	3.36722	3.9139	8.39068e-21	1.39392e-15	2.20357e-29
110613	9.04053e-06	1.95962e-09	0	3.36722	3.9139	7.3999e-21	1.26855e-15	2.06938e-29
114143	8.76094e-06	1.95962e-09	0	3.36722	3.9139	6.5261e-21	1.15446e-15	1.94337e-29
117786	8.49e-06	1.95962e-09	0	3.36722	3.9139	5.75549e-21	1.05063e-15	1.82503e-29
121544	8.22745e-06	1.95962e-09	0	3.36722	3.9139	5.07587e-21	9.56142e-16	1.71389e-29
125423	7.97301e-06	1.95962e-09	0	3.36722	3.9139	4.47651e-21	8.70149e-16	1.60952e-29
129426	7.72644e-06	1.95962e-09	0	3.36722	3.9139	3.94791e-21	7.9189e-16	1.51151e-29
133556	7.48749e-06	1.95962e-09	0	3.36722	3.9139	3.48174e-21	7.20669e-16	1.41947e-29
137818	7.25594e-06	1.95962e-09	0	3.36722	3.9139	3.07061e-21	6.55854e-16	1.33303e-29
142216	7.03154e-06	1.95962e-09	0	3.36722	3.9139	2.70803e-21	5.96868e-16	1.25186e-29
146755	6.81409e-06	1.95962e-09	0	3.36722	3.9139	2.38826e-21	5.43188e-16	1.17562e-29
151438	6.60336e-06	1.95962e-09	0	3.36722	3.9139	2.10625e-21	4.94335e-16	1.10404e-29
156271	6.39914e-06	1.95962e-09	0	3.36722	3.9139	1.85754e-21	4.49876e-16	1.0368e-29
161258	6.20125e-06	1.95962e-09	0	3.36722	3.9139	1.6382e-21	4.09415e-16	9.73669e-30
166404	6.00947e-06	1.95962e-09	0	3.36722	3.9139	1.44476e-21	3.72593e-16	9.14377e-30
171714	5.82362e-06	1.95962e-09	0	3.36722	3.9139	1.27416e-21	3.39083e-16	8.58696e-30
177194	5.64352e-06	1.95962e-09	0	3.36722	3.9139	1.1237e-21	3.08587e-16	8.06406e-30
182849	5.46899e-06	1.95962e-09	0	3.36722	3.9139	9.91014e-22	2.80834e-16	7.573e-30
188684	5.29986e-06	1.95962e-09	0	3.36722	3.9139	8.73993e-22	2.55576e-16	7.11184e-30
194706	5.13596e-06	1.95962e-09	0	3.36722	3.9139	7.70791e-22	2.3259e-16	6.67877e-30
200919	4.97713e-06	1.95962e-09	0	3.36722	3.9139	6.79775e-22	2.11672e-16	6.27207e-30
207331	4.8232e-06	1.95962e-09	0	3.36722	3.9139	5.99506e-22	1.92635e-16	5.89013e-30
213948	4.67404e-06	1.95962e-09	0	3.36722	3.9139	5.28715e-22	1.75309e-16	5.53145e-30
220775	4.5295e-06	1.95962e-09	0	3.36722	3.9139	4.66284e-22	1.59543e-16	5.19461e-30
227821	4.38942e-06	1.95962e-09	0	3.36722	3.9139	4.11224e-22	1.45194e-16	4.87829e-30
235091	4.25367e-06	1.95962e-09	0	3.36722	3.9139	3.62666e-22	1.32135e-16	4.58122e-30
242593	4.12213e-06	1.95962e-09	0	3.36722	3.9139	3.19842e-22	1.20252e-16	4.30225e-30
250335	3.99465e-06	1.95962e-09	0	3.36722	3.9139	2.82074e-22	1.09436e-16	4.04027e-30
258324	3.87111e-06	1.95962e-09	0	3.36722	3.9139	2.48767e-22	9.9594e-17	3.79423e-30
266568	3.75139e-06	1.95962e-09	0	3.36722	3.9139	2.19392e-22	9.06368e-17	3.56318e-30
275075	3.63538e-06	1.95962e-09	0	3.36722	3.9139	1.93486e-22	8.24851e-17	3.3462e-30
283853	3.52295e-06	1.95962e-09	0	3.36722	3.9139	1.70639e-22	7.50666e-17	3.14244e-30
292911	3.414e-06	1.95962e-09	0	3.36722	3.9139	1.50489e-22	6.83153e-17	2.95108e-30
302259	3.30842e-06	1.95962e-09	0	3.36722	3.9139	1.32719e-22	6.21712e-17	2.77137e-30
311905	3.20611e-06	1.95962e-09	0	3.36722	3.9139	1.17048e-22	5.65797e-17	2.60261e-30
321858	3.10696e-06	1.95962e-09	0	3.36722	3.9139	1.03226e-22	5.14911e-17	2.44413e-30
332130	3.01087e-06	1.95962e-09	0	3.36722	3.9139	9.10372e-23	4.68601e-17	2.29529e-30
342729	2.91776e-06	1.95962e-09	0	3.36722	3.9139	8.02874e-23	4.26456e-17	2.15552e-30
353666	2.82752e-06	1.95962e-09	0	3.36722	3.9139	7.0807e-23	3.88102e-17	2.02426e-30
364953	2.74008e-06	1.95962e-09	0	3.36722	3.9139	6.2446e-23	3.53197e-17	1.90099e-30
376599	2.65534e-06	1.95962e-09	0	3.36722	3.9139	5.50722e-23	3.21432e-17	1.78523e-30
388618	2.57322e-06	1.95962e-09	0	3.36722	3.9139	4.85692e-23	2.92523e-17	1.67652e-30
401019	2.49365e-06	1.95962e-09	0	3.36722	3.9139	4.28341e-23	2.66214e-17	1.57443e-30
413817	2.41653e-06	1.95962e-09	0	3.36722	3.9139	3.77762e-23	2.42272e-17	1.47855e-30
427023	2.3418e-06	1.95962e-09	0	3.36722	3.9139	3.33155e-23	2.20482e-17	1.38852e-30
440650	2.26937e-06	1.95962e-09	0	3.36722	3.9139	2.93815e-23	2.00653e-17	1.30396e-30
454713	2.19919e-06	1.95962e-09	0	3.36722	3.9139	2.59121e-23	1.82607e-17	1.22456e-30
469224	2.13118e-06	1.95962e-09	0	3.36722	3.9139	2.28524e-23	1.66183e-17	1.14999e-30
484198	2.06527e-06	1.95962e-09	0	3.36722	3.9139	2.01539e-23	1.51237e-17	1.07996e-30
499650	2.0014e-06	1.95962e-09	0	3.36722	3.9139	1.77741e-23	1.37635e-17	1.0142e-30
515595	1.93951e-06	1.95962e-09	0	3.36722	3.9139	1.56753e-23	1.25257e-17	9.52437e-31
532049	1.87953e-06	1.95962e-09	0	3.36722	3.9139	1.38244e-23	1.13992e-17	8.94439e-31
549028	1.8214e-06	1.95962e-09	0	3.36722	3.9139	1.2192e-23	1.03739e-17	8.39972e-31
566549	1.76507e-06	1.95962e-09	0	3.36722	3.9139	1.07523e-23	9.44094e-18	7.88822e-31
584629	1.71049e-06	1.95962e-09	0	3.36722	3.9139	9.48266e-24	8.59185e-18	7.40787e-31
603286	1.65759e-06	1.95962e-09	0	3.36722	3.9139	8.36293e-24	7.81912e-18	6.95677e-31
622538	1.60633e-06	1.95962e-09	0	3.36722	3.9139	7.37542e-24	7.11589e-18	6.53313e-31
642405	1.55665e-06	1.95962e-09	0	3.36722	3.9139	6.50452e-24	6.47591e-18	6.1353e-31
662906	1.50851e-06	1.95962e-09	0	3.36722	3.9139	5.73646e-24	5.89348e-18	5.76169e-31
684061	1.46186e-06	1.95962e-09	0	3.36722	3.9139	5.05909e-24	5.36344e-18	5.41083e-31
705891	1.41665e-06	1.95962e-09	0	3.36722	3.9139	4.4617e-24	4.88106e-18	5.08134e-31
728418	1.37284e-06	1.95962e-09	0	3.36722	3.9139	3.93486e-24	4.44207e-18	4.77191e-31
751663	1.33038e-06	1.95962e-09	0	3.36722	3.9139	3.47022e-24	4.04256e-18	4.48133e-31
775651	1.28924e-06	1.95962e-09	0	3.36722	3.9139	3.06045e-24	3.67899e-18	4.20844e-31
800404	1.24937e-06	1.95962e-09	0	3.36722	3.9139	2.69907e-24	3.34811e-18	3.95217e-31
825947	1.21073e-06	1.95962e-09	0	3.36722	3.9139	2.38036e-24	3.04699e-18	3.7115e-31
852305	1.17329e-06	1.95962e-09	0	3.36722	3.9139	2.09928e-24	2.77295e-18	3.48549e-31
879504	1.137e-06	1.95962e-09	0	3.36722	3.9139	1.85139e-24	2.52356e-18	3.27324e-31
907571	1.10184e-06	1.95962e-09	0	3.36722	3.9139	1.63278e-24	2.2966e-18	3.07392e-31
936534	1.06777e-06	1.95962e-09	0	3.36722	3.9139	1.43998e-24	2.09005e-18	2.88673e-31
966422	1.03475e-06	1.95962e-09	0	3.36722	3.9139	1.26994e-24	1.90207e-18	2.71094e-31
997263	1.00274e-06	1.95962e-09	0	3.36722	3.9139	1.11999e-24	1.73101e-18	2.54586e-31
1.02909e+06	9.71734e-07	1.95962e-09	0	3.36722	3.9139	9.87736e-25	1.57532e-18	2.39083e-31
1.06193e+06	9.41683e-07	1.95962e-09	0	3.36722	3.9139	8.71103e-25	1.43364e-18	2.24524e-31
1.09582e+06	9.12561e-07	1.95962e-09	0	3.36722	3.9139	7.68242e-25	1.30471e-18	2.10852e-31
1.13079e+06	8.84339e-07	1.95962e-09	0	3.36722	3.9139	6.77526e-25	1.18736e-18	1.98012e-31
1.16687e+06	8.5699e-07	1.95962e-09	0	3.36722	3.9139	5.97523e-25	1.08058e-18	1.85954e-31
1.20411e+06	8.30487e-07	1.95962e-09	0	3.36722	3.9139	5.26966e-25	9.83391e-19	1.7463e-31
1.24254e+06	8.04804e-07	1.95962e-09	0	3.36722	3.9139	4.64741e-25	8.94948e-19	1.63996e-31
1.28219e+06	7.79915e-07	1.95962e-09	0	3.36722	3.9139	4.09864e-25	8.14458e-19	1.5401e-31
1.32311e+06	7.55796e-07	1.95962e-09	0	3.36722	3.9139	3.61467e-25	7.41208e-19	1.44631e-31
1.36533e+06	7.32422e-07	1.95962e-09	0	3.36722	3.9139	3.18784e-25	6.74546e-19	1.35824e-31
1.4089e+06	7.09772e-07	1.95962e-09	0	3.36722	3.9139	2.81141e-25	6.13879e-19	1.27553e-31
1.45387e+06	6.87821e-07	1.95962e-09	0	3.36722	3.9139	2.47944e-25	5.58668e-19	1.19786e-31
1.50026e+06	6.6655e-07	1.95962e-09	0	3.36722	3.9139	2.18666e-25	5.08423e-19	1.12491e-31
1.54814e+06	6.45937e-07	1.95962e-09	0	3.36722	3.9139	1.92846e-25	4.62697e-19	1.05641e-31
1.59754e+06	6.25961e-07	1.95962e-09	0	3.36722	3.9139	1.70074e-25	4.21083e-19	9.92081e-32
1.64853e+06	6.06602e-07	1.95962e-09	0	3.36722	3.9139	1.49992e-25	3.83212e-19	9.31669e-32
1.70114e+06	5.87843e-07	1.95962e-09	0	3.36722	3.9139	1.3228e-25	3.48747e-19	8.74935e-32
1.75542e+06	5.69663e-07	1.95962e-09	0	3.36722	3.9139	1.1666e-25	3.17382e-19	8.21656e-32
1.81144e+06	5.52046e-07	1.95962e-09	0	3.36722	3.9139	1.02885e-25	2.88837e-19	7.71621e-32
1.86925e+06	5.34974e-07	1.95962e-09	0	3.36722	3.9139	9.07362e-26	2.6286e-19	7.24633e-32
1.9289e+06	5.18429e-07	1.95962e-09	0	3.36722	3.9139	8.00219e-26	2.39219e-19	6.80507e-32
1.99046e+06	5.02397e-07	1.95962e-09	0	3.36722	3.9139	7.05728e-26	2.17704e-19	6.39067e-32
2.05398e+06	4.8686e-07	1.95962e-09	0	3.36722	3.9139	6.22394e-26	1.98125e-19	6.00151e-32
2.11953e+06	4.71803e-07	1.95962e-09	0	3.36722	3.9139	5.48901e-26	1.80306e-19	5.63605e-32
2.18717e+06	4.57212e-07	1.95962e-09	0	3.36722	3.9139	4.84086e-26	1.6409e-19	5.29285e-32
2.25697e+06	4.43073e-07	1.95962e-09	0	3.36722	3.9139	4.26924e-26	1.49332e-19	4.97054e-32
2.32899e+06	4.2937e-07	1.95962e-09	0	3.36722	3.9139	3.76512e-26	1.35901e-19	4.66786e-32
2.40332e+06	4.16092e-07	1.95962e-09	0	3.36722	3.9139	3.32053e-26	1.23679e-19	4.38361e-32
2.48001e+06	4.03224e-07	1.95962e-09	0	3.36722	3.9139	2.92844e-26	1.12555e-19	4.11667e-32
2.55916e+06	3.90754e-07	1.95962e-09	0	3.36722	3.9139	2.58264e-26	1.02432e-19	3.86599e-32
2.64082e+06	3.7867e-07	1.95962e-09	0	3.36722	3.9139	2.27768e-26	9.32199e-20	3.63057e-32
2.7251e+06	3.66959e-07	1.95962e-09	0	3.36722	3.9139	2.00873e-26	8.48359e-20	3.40948e-32
2.81206e+06	3.55611e-07	1.95962e-09	0	3.36722	3.9139	1.77153e-26	7.7206e-20	3.20186e-32
2.9018e+06	3.44613e-07	1.95962e-09	0	3.36722	3.9139	1.56235e-26	7.02623e-20	3.00689e-32
2.99441e+06	3.33956e-07	1.95962e-09	0	3.36722	3.9139	1.37786e-26	6.39431e-20	2.82378e-32
3.08997e+06	3.23628e-07	1.95962e-09	0	3.36722	3.9139	1.21516e-26	5.81922e-20	2.65183e-32
3.18858e+06	3.1362e-07	1.95962e-09	0	3.36722	3.9139	1.07167e-26	5.29586e-20	2.49035e-32
3.29033e+06	3.03921e-07	1.95962e-09	0	3.36722	3.9139	9.45129e-27	4.81956e-20	2.3387e-32
3.39534e+06	2.94522e-07	1.95962e-09	0	3.36722	3.9139	8.33527e-27	4.3861e-20	2.19628e-32
3.50369e+06	2.85413e-07	1.95962e-09	0	3.36722	3.9139	7.35103e-27	3.99163e-20	2.06254e-32
3.6155e+06	2.76587e-07	1.95962e-09	0	3.36722	3.9139	6.48301e-27	3.63263e-20	1.93694e-32
3.73088e+06	2.68033e-07	1.95962e-09	0	3.36722	3.9139	5.71748e-27	3.30592e-20	1.81899e-32
3.84994e+06	2.59744e-07	1.95962e-09	0	3.36722	3.9139	5.04235e-27	3.0086e-20	1.70822e-32
3.97281e+06	2.51711e-07	1.95962e-09	0	3.36722	3.9139	4.44694e-27	2.73801e-20	1.6042e-32
4.09959e+06	2.43927e-07	1.95962e-09	0	3.36722	3.9139	3.92184e-27	2.49176e-20	1.50651e-32
4.23042e+06	2.36383e-07	1.95962e-09	0	3.36722	3.9139	3.45874e-27	2.26766e-20	1.41477e-32
4.36542e+06	2.29073e-07	1.95962e-09	0	3.36722	3.9139	3.05033e-27	2.06371e-20	1.32862e-32
4.50473e+06	2.21989e-07	1.95962e-09	0	3.36722	3.9139	2.69014e-27	1.87811e-20	1.24772e-32
4.64849e+06	2.15124e-07	1.95962e-09	0	3.36722	3.9139	2.37249e-27	1.7092e-20	1.17174e-32
4.79683e+06	2.08471e-07	1.95962e-09	0	3.36722	3.9139	2.09234e-27	1.55548e-20	1.10038e-32
4.94991e+06	2.02024e-07	1.95962e-09	0	3.36722	3.9139	1.84527e-27	1.41558e-20	1.03338e-32
5.10788e+06	1.95776e-07	1.95962e-09	0	3.36722	3.9139	1.62738e-27	1.28827e-20	9.70448e-33
5.27088e+06	1.89722e-07	1.95962e-09	0	3.36722	3.9139	1.43522e-27	1.1724e-20	9.11353e-33
5.43909e+06	1.83854e-07	1.95962e-09	0	3.36722	3.9139	1.26574e-27	1.06696e-20	8.55856e-33
5.61267e+06	1.78168e-07	1.95962e-09	0	3.36722	3.9139	1.11628e-27	9.71001e-21	8.03739e-33
5.79178e+06	1.72658e-07	1.95962e-09	0	3.36722	3.9139	9.84469e-28	8.83671e-21	7.54795e-33
5.97661e+06	1.67319e-07	1.95962e-09	0	3.36722	3.9139	8.68222e-28	8.04196e-21	7.08832e-33
6.16734e+06	1.62144e-07	1.95962e-09	0	3.36722	3.9139	7.65701e-28	7.31869e-21	6.65668e-33
6.36416e+06	1.5713e-07	1.95962e-09	0	3.36722	3.9139	6.75285e-28	6.66047e-21	6.25132e-33
6.56725e+06	1.52271e-07	1.95962e-09	0	3.36722	3.9139	5.95547e-28	6.06144e-21	5.87065e-33
6.77683e+06	1.47562e-07	1.95962e-09	0	3.36722	3.9139	5.25224e-28	5.51629e-21	5.51316e-33
6.9931e+06	1.42998e-07	1.95962e-09	0	3.36722	3.9139	4.63204e-28	5.02017e-21	5.17743e-33
7.21626e+06	1.38576e-07	1.95962e-09	0	3.36722	3.9139	4.08508e-28	4.56867e-21	4.86215e-33
7.44655e+06	1.3429e-07	1.95962e-09	0	3.36722	3.9139	3.60271e-28	4.15778e-21	4.56607e-33
7.68419e+06	1.30137e-07	1.95962e-09	0	3.36722	3.9139	3.1773e-28	3.78384e-21	4.28802e-33
7.92941e+06	1.26113e-07	1.95962e-09	0	3.36722	3.9139	2.80212e-28	3.44353e-21	4.0269e-33
8.18246e+06	1.22213e-07	1.95962e-09	0	3.36722	3.9139	2.47124e-28	3.13383e-21	3.78169e-33
8.44359e+06	1.18433e-07	1.95962e-09	0	3.36722	3.9139	2.17943e-28	2.85198e-21	3.5514e-33
8.71304e+06	1.1477e-07	1.95962e-09	0	3.36722	3.9139	1.92208e-28	2.59548e-21	3.33514e-33
8.9911e+06	1.11221e-07	1.95962e-09	0	3.36722	3.9139	1.69512e-28	2.36205e-21	3.13204e-33
9.27803e+06	1.07782e-07	1.95962e-09	0	3.36722	3.9139	1.49495e-28	2.14961e-21	2.94132e-33
9.57411e+06	1.04448e-07	1.95962e-09	0	3.36722	3.9139	1.31843e-28	1.95628e-21	2.76221e-33
9.87965e+06	1.01218e-07	1.95962e-09	0	3.36722	3.9139	1.16275e-28	1.78034e-21	2.594e-33
1.01949e+07	9.80879e-08	1.95962e-09	0	3.36722	3.9139	1.02545e-28	1.62022e-21	2.43604e-33
1.05203e+07	9.50545e-08	1.95962e-09	0	3.36722	3.9139	9.0436e-29	1.4745e-21	2.2877e-33
1.0856e+07	9.21149e-08	1.95962e-09	0	3.36722	3.9139	7.97572e-29	1.34189e-21	2.14839e-33
1.12025e+07	8.92662e-08	1.95962e-09	0	3.36722	3.9139	7.03393e-29	1.2212e-21	2.01756e-33
1.156e+07	8.65056e-08	1.95962e-09	0	3.36722	3.9139	6.20336e-29	1.11137e-21	1.8947e-33
1.19289e+07	8.38303e-08	1.95962e-09	0	3.36722	3.9139	5.47085e-29	1.01142e-21	1.77933e-33
1.23095e+07	8.12378e-08	1.95962e-09	0	3.36722	3.9139	4.82485e-29	9.20453e-22	1.67097e-33
1.27024e+07	7.87255e-08	1.95962e-09	0	3.36722	3.9139	4.25512e-29	8.3767e-22	1.56922e-33
1.31077e+07	7.62908e-08	1.95962e-09	0	3.36722	3.9139	3.75267e-29	7.62332e-22	1.47366e-33
1.3526e+07	7.39315e-08	1.95962e-09	0	3.36722	3.9139	3.30955e-29	6.9377e-22	1.38392e-33
1.39577e+07	7.16451e-08	1.95962e-09	0	3.36722	3.9139	2.91875e-29	6.31374e-22	1.29965e-33
1.44031e+07	6.94294e-08	1.95962e-09	0	3.36722	3.9139	2.5741e-29	5.7459e-22	1.22051e-33
1.48628e+07	6.72823e-08	1.95962e-09	0	3.36722	3.9139	2.27015e-29	5.22913e-22	1.14619e-33
1.53371e+07	6.52015e-08	1.95962e-09	0	3.36722	3.9139	2.00208e-29	4.75884e-22	1.07639e-33
1.58265e+07	6.31851e-08	1.95962e-09	0	3.36722	3.9139	1.76567e-29	4.33084e-22	1.01084e-33
1.63316e+07	6.12311e-08	1.95962e-09	0	3.36722	3.9139	1.55718e-29	3.94133e-22	9.49287e-34
1.68528e+07	5.93375e-08	1.95962e-09	0	3.36722	3.9139	1.37331e-29	3.58686e-22	8.9148e-34
1.73906e+07	5.75024e-08	1.95962e-09	0	3.36722	3.9139	1.21114e-29	3.26427e-22	8.37194e-34
1.79455e+07	5.57241e-08	1.95962e-09	0	3.36722	3.9139	1.06813e-29	2.97069e-22	7.86213e-34
1.85182e+07	5.40008e-08	1.95962e-09	0	3.36722	3.9139	9.42004e-30	2.70351e-22	7.38337e-34
1.91092e+07	5.23308e-08	1.95962e-09	0	3.36722	3.9139	8.3077e-30	2.46037e-22	6.93376e-34
1.9719e+07	5.07125e-08	1.95962e-09	0	3.36722	3.9139	7.32671e-30	2.23909e-22	6.51153e-34
2.03483e+07	4.91441e-08	1.95962e-09	0	3.36722	3.9139	6.46156e-30	2.03771e-22	6.11501e-34
2.09977e+07	4.76243e-08	1.95962e-09	0	3.36722	3.9139	5.69857e-30	1.85444e-22	5.74263e-34
2.16678e+07	4.61515e-08	1.95962e-09	0	3.36722	3.9139	5.02568e-30	1.68766e-22	5.39294e-34
2.23592e+07	4.47242e-08	1.95962e-09	0	3.36722	3.9139	4.43224e-30	1.53588e-22	5.06453e-34
2.30728e+07	4.33411e-08	1.95962e-09	0	3.36722	3.9139	3.90887e-30	1.39774e-22	4.75613e-34
2.38091e+07	4.20008e-08	1.95962e-09	0	3.36722	3.9139	3.4473e-30	1.27203e-22	4.46651e-34
2.45689e+07	4.07019e-08	1.95962e-09	0	3.36722	3.9139	3.04024e-30	1.15763e-22	4.19452e-34
2.5353e+07	3.94431e-08	1.95962e-09	0	3.36722	3.9139	2.68124e-30	1.05352e-22	3.93909e-34
2.6162e+07	3.82233e-08	1.95962e-09	0	3.36722	3.9139	2.36464e-30	9.58766e-23	3.69922e-34
2.69969e+07	3.70412e-08	1.95962e-09	0	3.36722	3.9139	2.08542e-30	8.72537e-23	3.47396e-34
2.78585e+07	3.58957e-08	1.95962e-09	0	3.36722	3.9139	1.83917e-30	7.94064e-23	3.26241e-34
2.87475e+07	3.47856e-08	1.95962e-09	0	3.36722	3.9139	1.622e-30	7.22648e-23	3.06375e-34
2.96649e+07	3.37099e-08	1.95962e-09	0	3.36722	3.9139	1.43047e-30	6.57655e-23	2.87718e-34
3.06116e+07	3.26674e-08	1.95962e-09	0	3.36722	3.9139	1.26156e-30	5.98507e-23	2.70198e-34
3.15885e+07	3.16571e-08	1.95962e-09	0	3.36722	3.9139	1.11259e-30	5.44679e-23	2.53744e-34
3.25966e+07	3.06781e-08	1.95962e-09	0	3.36722	3.9139	9.81213e-31	4.95692e-23	2.38292e-34
3.36368e+07	2.97293e-08	1.95962e-09	0	3.36722	3.9139	8.6535e-31	4.51111e-23	2.23781e-34
3.47102e+07	2.88099e-08	1.95962e-09	0	3.36722	3.9139	7.63168e-31	4.10539e-23	2.10154e-34
3.58179e+07	2.7919e-08	1.95962e-09	0	3.36722	3.9139	6.73052e-31	3.73616e-23	1.97357e-34
3.6961e+07	2.70556e-08	1.95962e-09	0	3.36722	3.9139	5.93577e-31	3.40014e-23	1.85339e-34
3.81405e+07	2.62189e-08	1.95962e-09	0	3.36722	3.9139	5.23486e-31	3.09434e-23	1.74053e-34
3.93577e+07	2.5408e-08	1.95962e-09	0	3.36722	3.9139	4.61672e-31	2.81604e-23	1.63454e-34
4.06137e+07	2.46223e-08	1.95962e-09	0	3.36722	3.9139	4.07157e-31	2.56278e-23	1.535e-34
4.19097e+07	2.38608e-08	1.95962e-09	0	3.36722	3.9139	3.59079e-31	2.33229e-23	1.44153e-34
4.32472e+07	2.31229e-08	1.95962e-09	0	3.36722	3.9139	3.16679e-31	2.12253e-23	1.35375e-34
4.46273e+07	2.24078e-08	1.95962e-09	0	3.36722	3.9139	2.79285e-31	1.93163e-23	1.27131e-34
4.60515e+07	2.17148e-08	1.95962e-09	0	3.36722	3.9139	2.46306e-31	1.75791e-23	1.19389e-34
4.75211e+07	2.10433e-08	1.95962e-09	0	3.36722	3.9139	2.17222e-31	1.59981e-23	1.12119e-34
4.90376e+07	2.03925e-08	1.95962e-09	0	3.36722	3.9139	1.91572e-31	1.45592e-23	1.05292e-34
5.06026e+07	1.97618e-08	1.95962e-09	0	3.36722	3.9139	1.68951e-31	1.32498e-23	9.888e-35
5.22174e+07	1.91507e-08	1.95962e-09	0	3.36722	3.9139	1.49001e-31	1.20582e-23	9.28587e-35
5.38838e+07	1.85585e-08	1.95962e-09	0	3.36722	3.9139	1.31407e-31	1.09737e-23	8.72041e-35
5.56034e+07	1.79845e-08	1.95962e-09	0	3.36722	3.9139	1.1589e-31	9.98674e-24	8.18938e-35
5.73778e+07	1.74283e-08	1.95962e-09	0	3.36722	3.9139	1.02206e-31	9.08856e-24	7.69069e-35
5.92089e+07	1.68894e-08	1.95962e-09	0	3.36722	3.9139	9.01369e-32	8.27116e-24	7.22237e-35
6.10984e+07	1.6367e-08	1.95962e-09	0	3.36722	3.9139	7.94934e-32	7.52727e-24	6.78256e-35
6.30482e+07	1.58609e-08	1.95962e-09	0	3.36722	3.9139	7.01067e-32	6.85029e-24	6.36954e-35
6.50602e+07	1.53704e-08	1.95962e-09	0	3.36722	3.9139	6.18284e-32	6.23419e-24	5.98167e-35
6.71365e+07	1.4895e-08	1.95962e-09	0	3.36722	3.9139	5.45276e-32	5.6735e-24	5.61741e-35
6.9279e+07	1.44344e-08	1.95962e-09	0	3.36722	3.9139	4.80889e-32	5.16324e-24	5.27534e-35
7.14898e+07	1.3988e-08	1.95962e-09	0	3.36722	3.9139	4.24105e-32	4.69888e-24	4.9541e-35
7.37713e+07	1.35554e-08	1.95962e-09	0	3.36722	3.9139	3.74026e-32	4.27627e-24	4.65242e-35
7.61255e+07	1.31362e-08	1.95962e-09	0	3.36722	3.9139	3.2986e-32	3.89167e-24	4.36911e-35
7.85549e+07	1.273e-08	1.95962e-09	0	3.36722	3.9139	2.9091e-32	3.54167e-24	4.10305e-35
8.10618e+07	1.23363e-08	1.95962e-09	0	3.36722	3.9139	2.56559e-32	3.22314e-24	3.8532e-35
8.36486e+07	1.19548e-08	1.95962e-09	0	3.36722	3.9139	2.26264e-32	2.93326e-24	3.61856e-35
8.63181e+07	1.15851e-08	1.95962e-09	0	3.36722	3.9139	1.99546e-32	2.66945e-24	3.39821e-35
8.90727e+07	1.12268e-08	1.95962e-09	0	3.36722	3.9139	1.75983e-32	2.42937e-24	3.19127e-35
9.19153e+07	1.08796e-08	1.95962e-09	0	3.36722	3.9139	1.55203e-32	2.21088e-24	2.99694e-35
9.48485e+07	1.05431e-08	1.95962e-09	0	3.36722	3.9139	1.36876e-32	2.01204e-24	2.81444e-35
9.78754e+07	1.02171e-08	1.95962e-09	0	3.36722	3.9139	1.20714e-32	1.83108e-24	2.64306e-35
1.00999e+08	9.90111e-09	1.95962e-09	0	3.36722	3.9139	1.0646e-32	1.6664e-24	2.48211e-35
1.04222e+08	9.59491e-09	1.95962e-09	0	3.36722	3.9139	9.38888e-33	1.51652e-24	2.33096e-35
1.07548e+08	9.29818e-09	1.95962e-09	0	3.36722	3.9139	8.28023e-33	1.38013e-24	2.18902e-35
1.1098e+08	9.01063e-09	1.95962e-09	0	3.36722	3.9139	7.30248e-33	1.25601e-24	2.05572e-35
1.14522e+08	8.73197e-09	1.95962e-09	0	3.36722	3.9139	6.44019e-33	1.14304e-24	1.93053e-35
1.18176e+08	8.46192e-09	1.95962e-09	0	3.36722	3.9139	5.67972e-33	1.04024e-24	1.81297e-35
1.21948e+08	8.20023e-09	1.95962e-09	0	3.36722	3.9139	5.00905e-33	9.46686e-25	1.70257e-35
1.25839e+08	7.94664e-09	1.95962e-09	0	3.36722	3.9139	4.41758e-33	8.61543e-25	1.5989e-35
1.29855e+08	7.70088e-09	1.95962e-09	0	3.36722	3.9139	3.89594e-33	7.84058e-25	1.50153e-35
1.33999e+08	7.46273e-09	1.95962e-09	0	3.36722	3.9139	3.4359e-33	7.13542e-25	1.4101e-35
1.38276e+08	7.23194e-09	1.95962e-09	0	3.36722	3.9139	3.03019e-33	6.49368e-25	1.32423e-35
1.42688e+08	7.00828e-09	1.95962e-09	0	3.36722	3.9139	2.67238e-33	5.90966e-25	1.24359e-35
1.47242e+08	6.79155e-09	1.95962e-09	0	3.36722	3.9139	2.35682e-33	5.37816e-25	1.16786e-35
1.51941e+08	6.58152e-09	1.95962e-09	0	3.36722	3.9139	2.07852e-33	4.89446e-25	1.09674e-35
1.56789e+08	6.37798e-09	1.95962e-09	0	3.36722	3.9139	1.83309e-33	4.45427e-25	1.02996e-35
1.61793e+08	6.18074e-09	1.95962e-09	0	3.36722	3.9139	1.61663e-33	4.05366e-25	9.67239e-36
1.66956e+08	5.98959e-09	1.95962e-09	0	3.36722	3.9139	1.42574e-33	3.68909e-25	9.08339e-36
1.72284e+08	5.80436e-09	1.95962e-09	0	3.36722	3.9139	1.25738e-33	3.3573e-25	8.53026e-36
1.77782e+08	5.62486e-09	1.95962e-09	0	3.36722	3.9139	1.10891e-33	3.05535e-25	8.01081e-36
1.83456e+08	5.4509e-09	1.95962e-09	0	3.36722	3.9139	9.77968e-34	2.78056e-25	7.52299e-36
1.8931e+08	5.28233e-09	1.95962e-09	0	3.36722	3.9139	8.62488e-34	2.53049e-25	7.06488e-36
1.95352e+08	5.11897e-09	1.95962e-09	0	3.36722	3.9139	7.60644e-34	2.3029e-25	6.63466e-36
2.01586e+08	4.96066e-09	1.95962e-09	0	3.36722	3.9139	6.70826e-34	2.09578e-25	6.23065e-36
2.08019e+08	4.80725e-09	1.95962e-09	0	3.36722	3.9139	5.91614e-34	1.90729e-25	5.85123e-36
2.14657e+08	4.65858e-09	1.95962e-09	0	3.36722	3.9139	5.21755e-34	1.73576e-25	5.49492e-36
2.21508e+08	4.51451e-09	1.95962e-09	0	3.36722	3.9139	4.60145e-34	1.57965e-25	5.16031e-36
2.28577e+08	4.3749e-09	1.95962e-09	0	3.36722	3.9139	4.05811e-34	1.43758e-25	4.84607e-36
2.35871e+08	4.2396e-09	1.95962e-09	0	3.36722	3.9139	3.57892e-34	1.30829e-25	4.55097e-36
2.43398e+08	4.10849e-09	1.95962e-09	0	3.36722	3.9139	3.15631e-34	1.19062e-25	4.27384e-36
2.51166e+08	3.98143e-09	1.95962e-09	0	3.36722	3.9139	2.78361e-34	1.08354e-25	4.01358e-36
2.59181e+08	3.85831e-09	1.95962e-09	0	3.36722	3.9139	2.45492e-34	9.86091e-26	3.76918e-36
2.67452e+08	3.73898e-09	1.95962e-09	0	3.36722	3.9139	2.16504e-34	8.97404e-26	3.53965e-36
2.75987e+08	3.62335e-09	1.95962e-09	0	3.36722	3.9139	1.90939e-34	8.16694e-26	3.32411e-36
2.84795e+08	3.5113e-09	1.95962e-09	0	3.36722	3.9139	1.68392e-34	7.43243e-26	3.12169e-36
2.93883e+08	3.40271e-09	1.95962e-09	0	3.36722	3.9139	1.48508e-34	6.76397e-26	2.93159e-36
3.03262e+08	3.29748e-09	1.95962e-09	0	3.36722	3.9139	1.30972e-34	6.15564e-26	2.75307e-36
3.1294e+08	3.1955e-09	1.95962e-09	0	3.36722	3.9139	1.15507e-34	5.60202e-26	2.58542e-36
3.22927e+08	3.09668e-09	1.95962e-09	0	3.36722	3.9139	1.01867e-34	5.09819e-26	2.42798e-36
3.33232e+08	3.00091e-09	1.95962e-09	0	3.36722	3.9139	8.98388e-35	4.63967e-26	2.28013e-36
3.43866e+08	2.90811e-09	1.95962e-09	0	3.36722	3.9139	7.92305e-35	4.22239e-26	2.14128e-36
3.5484e+08	2.81817e-09	1.95962e-09	0	3.36722	3.9139	6.98748e-35	3.84264e-26	2.01089e-36
3.66164e+08	2.73102e-09	1.95962e-09	0	3.36722	3.9139	6.16239e-35	3.49704e-26	1.88844e-36
3.77849e+08	2.64656e-09	1.95962e-09	0	3.36722	3.9139	5.43473e-35	3.18253e-26	1.77344e-36
3.89907e+08	2.56471e-09	1.95962e-09	0	3.36722	3.9139	4.79298e-35	2.8963e-26	1.66545e-36
4.0235e+08	2.4854e-09	1.95962e-09	0	3.36722	3.9139	4.22702e-35	2.63581e-26	1.56403e-36
4.1519e+08	2.40854e-09	1.95962e-09	0	3.36722	3.9139	3.72789e-35	2.39876e-26	1.46879e-36
4.2844e+08	2.33405e-09	1.95962e-09	0	3.36722	3.9139	3.28769e-35	2.18302e-26	1.37935e-36
4.42112e+08	2.26187e-09	1.95962e-09	0	3.36722	3.9139	2.89948e-35	1.98668e-26	1.29535e-36
4.56221e+08	2.19192e-09	1.95962e-09	0	3.36722	3.9139	2.5571e-35	1.80801e-26	1.21647e-36
4.70781e+08	2.12413e-09	1.95962e-09	0	3.36722	3.9139	2.25515e-35	1.6454e-26	1.14239e-36
4.85804e+08	2.05844e-09	1.95962e-09	0	3.36722	3.9139	1.98886e-35	1.49742e-26	1.07283e-36
5.01308e+08	1.99478e-09	1.95962e-09	0	3.36722	3.9139	1.75401e-35	1.36274e-26	1.0075e-36
5.17306e+08	1.93309e-09	1.95962e-09	0	3.36722	3.9139	1.5469e-35	1.24018e-26	9.46148e-37
5.33814e+08	1.87331e-09	1.95962e-09	0	3.36722	3.9139	1.36424e-35	1.12864e-26	8.88532e-37
5.5085e+08	1.81538e-09	1.95962e-09	0	3.36722	3.9139	1.20315e-35	1.02714e-26	8.34425e-37
5.68429e+08	1.75924e-09	1.95962e-09	0	3.36722	3.9139	1.06108e-35	9.34758e-27	7.83613e-37
5.86569e+08	1.70483e-09	1.95962e-09	0	3.36722	3.9139	9.35783e-36	8.50688e-27	7.35895e-37
6.05288e+08	1.65211e-09	1.95962e-09	0	3.36722	3.9139	8.25284e-36	7.74179e-27	6.91082e-37
6.24604e+08	1.60101e-09	1.95962e-09	0	3.36722	3.9139	7.27833e-36	7.04552e-27	6.48999e-37
6.44537e+08	1.5515e-09	1.95962e-09	0	3.36722	3.9139	6.41889e-36	6.41186e-27	6.09478e-37
6.65105e+08	1.50352e-09	1.95962e-09	0	3.36722	3.9139	5.66094e-36	5.8352e-27	5.72364e-37
6.86331e+08	1.45702e-09	1.95962e-09	0	3.36722	3.9139	4.99249e-36	5.31039e-27	5.3751e-37
7.08233e+08	1.41196e-09	1.95962e-09	0	3.36722	3.9139	4.40297e-36	4.83279e-27	5.04778e-37
7.30835e+08	1.3683e-09	1.95962e-09	0	3.36722	3.9139	3.88306e-36	4.39814e-27	4.7404e-37
7.54158e+08	1.32598e-09	1.95962e-09	0	3.36722	3.9139	3.42454e-36	4.00259e-27	4.45173e-37
7.78225e+08	1.28498e-09	1.95962e-09	0	3.36722	3.9139	3.02016e-36	3.6426e-27	4.18065e-37
8.0306e+08	1.24524e-09	1.95962e-09	0	3.36722	3.9139	2.66354e-36	3.315e-27	3.92607e-37
8.28688e+08	1.20673e-09	1.95962e-09	0	3.36722	3.9139	2.34902e-36	3.01686e-27	3.68699e-37
8.55133e+08	1.16941e-09	1.95962e-09	0	3.36722	3.9139	2.07165e-36	2.74553e-27	3.46247e-37
8.82423e+08	1.13324e-09	1.95962e-09	0	3.36722	3.9139	1.82702e-36	2.4986e-27	3.25162e-37
9.10583e+08	1.0982e-09	1.95962e-09	0	3.36722	3.9139	1.61129e-36	2.27388e-27	3.05362e-37
9.39642e+08	1.06423e-09	1.95962e-09	0	3.36722	3.9139	1.42102e-36	2.06938e-27	2.86767e-37
9.69628e+08	1.03132e-09	1.95962e-09	0	3.36722	3.9139	1.25323e-36	1.88326e-27	2.69304e-37
1.00057e+09	9.99428e-10	1.95962e-09	0	3.36722	3.9139	1.10524e-36	1.71389e-27	2.52905e-37
1.0325e+09	9.68521e-10	1.95962e-09	0	3.36722	3.9139	9.74734e-37	1.55974e-27	2.37504e-37
1.06545e+09	9.38568e-10	1.95962e-09	0	3.36722	3.9139	8.59635e-37	1.41947e-27	2.23041e-37
1.09945e+09	9.09543e-10	1.95962e-09	0	3.36722	3.9139	7.58128e-37	1.2918e-27	2.09459e-37
1.13454e+09	8.81414e-10	1.95962e-09	0	3.36722	3.9139	6.68607e-37	1.17562e-27	1.96704e-37
1.17075e+09	8.54156e-10	1.95962e-09	0	3.36722	3.9139	5.89657e-37	1.06989e-27	1.84726e-37
1.20811e+09	8.27741e-10	1.95962e-09	0	3.36722	3.9139	5.20029e-37	9.73666e-28	1.73477e-37
1.24666e+09	8.02142e-10	1.95962e-09	0	3.36722	3.9139	4.58623e-37	8.86097e-28	1.62913e-37
1.28645e+09	7.77335e-10	1.95962e-09	0	3.36722	3.9139	4.04468e-37	8.06404e-28	1.52993e-37
1.3275e+09	7.53296e-10	1.95962e-09	0	3.36722	3.9139	3.56708e-37	7.33878e-28	1.43676e-37
1.36986e+09	7.3e-10	1.95962e-09	0	3.36722	3.9139	3.14587e-37	6.67875e-28	1.34927e-37
1.41358e+09	7.07424e-10	1.95962e-09	0	3.36722	3.9139	2.7744e-37	6.07808e-28	1.26711e-37
1.45869e+09	6.85546e-10	1.95962e-09	0	3.36722	3.9139	2.4468e-37	5.53143e-28	1.18995e-37
1.50524e+09	6.64345e-10	1.95962e-09	0	3.36722	3.9139	2.15788e-37	5.03395e-28	1.11748e-37
1.55328e+09	6.438e-10	1.95962e-09	0	3.36722	3.9139	1.90307e-37	4.58121e-28	1.04944e-37
1.60285e+09	6.2389e-10	1.95962e-09	0	3.36722	3.9139	1.67835e-37	4.16919e-28	9.8553e-38
1.654e+09	6.04596e-10	1.95962e-09	0	3.36722	3.9139	1.48017e-37	3.79422e-28	9.25516e-38
1.70678e+09	5.85898e-10	1.95962e-09	0	3.36722	3.9139	1.30539e-37	3.45298e-28	8.69157e-38
1.76125e+09	5.67779e-10	1.95962e-09	0	3.36722	3.9139	1.15125e-37	3.14243e-28	8.1623e-38
1.81745e+09	5.5022e-10	1.95962e-09	0	3.36722	3.9139	1.01531e-37	2.85981e-28	7.66525e-38
1.87545e+09	5.33204e-10	1.95962e-09	0	3.36722	3.9139	8.95417e-38	2.6026e-28	7.19848e-38
1.9353e+09	5.16715e-10	1.95962e-09	0	3.36722	3.9139	7.89685e-38	2.36853e-28	6.76013e-38
1.99706e+09	5.00735e-10	1.95962e-09	0	3.36722	3.9139	6.96437e-38	2.15551e-28	6.34847e-38
2.0608e+09	4.85249e-10	1.95962e-09	0	3.36722	3.9139	6.14201e-38	1.96165e-28	5.96188e-38
2.12656e+09	4.70243e-10	1.95962e-09	0	3.36722	3.9139	5.41675e-38	1.78523e-28	5.59883e-38
2.19443e+09	4.557e-10	1.95962e-09	0	3.36722	3.9139	4.77713e-38	1.62467e-28	5.25789e-38
2.26446e+09	4.41607e-10	1.95962e-09	0	3.36722	3.9139	4.21304e-38	1.47855e-28	4.93771e-38
2.33672e+09	4.2795e-10	1.95962e-09	0	3.36722	3.9139	3.71556e-38	1.34557e-28	4.63703e-38
2.41129e+09	4.14716e-10	1.95962e-09	0	3.36722	3.9139	3.27682e-38	1.22456e-28	4.35466e-38
2.48824e+09	4.0189e-10	1.95962e-09	0	3.36722	3.9139	2.88989e-38	1.11442e-28	4.08948e-38
2.56765e+09	3.89462e-10	1.95962e-09	0	3.36722	3.9139	2.54864e-38	1.01419e-28	3.84046e-38
2.64959e+09	3.77417e-10	1.95962e-09	0	3.36722	3.9139	2.2477e-38	9.2298e-29	3.60659e-38
2.73414e+09	3.65745e-10	1.95962e-09	0	3.36722	3.9139	1.98228e-38	8.39969e-29	3.38697e-38
2.8214e+09	3.54434e-10	1.95962e-09	0	3.36722	3.9139	1.74821e-38	7.64425e-29	3.18072e-38
2.91143e+09	3.43473e-10	1.95962e-09	0	3.36722	3.9139	1.54178e-38	6.95675e-29	2.98703e-38
3.00435e+09	3.32851e-10	1.95962e-09	0	3.36722	3.9139	1.35972e-38	6.33107e-29	2.80513e-38
3.10022e+09	3.22558e-10	1.95962e-09	0	3.36722	3.9139	1.19917e-38	5.76167e-29	2.63432e-38
3.19916e+09	3.12582e-10	1.95962e-09	0	3.36722	3.9139	1.05757e-38	5.24348e-29	2.4739e-38
3.30125e+09	3.02915e-10	1.95962e-09	0	3.36722	3.9139	9.32688e-39	4.7719e-29	2.32325e-38
3.4066e+09	2.93548e-10	1.95962e-09	0	3.36722	3.9139	8.22554e-39	4.34273e-29	2.18178e-38
3.51532e+09	2.84469e-10	1.95962e-09	0	3.36722	3.9139	7.25426e-39	3.95215e-29	2.04892e-38
3.6275e+09	2.75672e-10	1.95962e-09	0	3.36722	3.9139	6.39766e-39	3.59671e-29	1.92415e-38
3.74326e+09	2.67147e-10	1.95962e-09	0	3.36722	3.9139	5.64222e-39	3.27323e-29	1.80698e-38
3.86272e+09	2.58885e-10	1.95962e-09	0	3.36722	3.9139	4.97597e-39	2.97884e-29	1.69694e-38
3.98599e+09	2.50879e-10	1.95962e-09	0	3.36722	3.9139	4.3884e-39	2.71093e-29	1.59361e-38
4.11319e+09	2.4312e-10	1.95962e-09	0	3.36722	3.9139	3.87021e-39	2.46712e-29	1.49657e-38
4.24445e+09	2.35602e-10	1.95962e-09	0	3.36722	3.9139	3.41321e-39	2.24523e-29	1.40543e-38
4.37991e+09	2.28315e-10	1.95962e-09	0	3.36722	3.9139	3.01017e-39	2.0433e-29	1.31985e-38
4.51968e+09	2.21255e-10	1.95962e-09	0	3.36722	3.9139	2.65473e-39	1.85953e-29	1.23948e-38
4.66391e+09	2.14412e-10	1.95962e-09	0	3.36722	3.9139	2.34125e-39	1.69229e-29	1.164e-38
4.81275e+09	2.07781e-10	1.95962e-09	0	3.36722	3.9139	2.06479e-39	1.54009e-29	1.09312e-38
4.96634e+09	2.01356e-10	1.95962e-09	0	3.36722	3.9139	1.82098e-39	1.40158e-29	1.02655e-38
5.12483e+09	1.95129e-10	1.95962e-09	0	3.36722	3.9139	1.60596e-39	1.27553e-29	9.6404e-39
5.28837e+09	1.89094e-10	1.95962e-09	0	3.36722	3.9139	1.41632e-39	1.16081e-29	9.05335e-39
5.45714e+09	1.83246e-10	1.95962e-09	0	3.36722	3.9139	1.24908e-39	1.05641e-29	8.50204e-39
5.63129e+09	1.77579e-10	1.95962e-09	0	3.36722	3.9139	1.10159e-39	9.61398e-30	7.98431e-39
5.811e+09	1.72087e-10	1.95962e-09	0	3.36722	3.9139	9.7151e-40	8.74932e-30	7.49811e-39
5.99644e+09	1.66766e-10	1.95962e-09	0	3.36722	3.9139	8.56792e-40	7.96243e-30	7.04151e-39
6.18781e+09	1.61608e-10	1.95962e-09	0	3.36722	3.9139	7.55621e-40	7.24631e-30	6.61272e-39
6.38527e+09	1.5661e-10	1.95962e-09	0	3.36722	3.9139	6.66396e-40	6.5946e-30	6.21004e-39
6.58905e+09	1.51767e-10	1.95962e-09	0	3.36722	3.9139	5.87707e-40	6.0015e-30	5.83188e-39
6.79932e+09	1.47074e-10	1.95962e-09	0	3.36722	3.9139	5.18309e-40	5.46174e-30	5.47675e-39
7.0163e+09	1.42525e-10	1.95962e-09	0	3.36722	3.9139	4.57107e-40	4.97052e-30	5.14324e-39
7.24021e+09	1.38118e-10	1.95962e-09	0	3.36722	3.9139	4.03131e-40	4.52349e-30	4.83004e-39
7.47126e+09	1.33846e-10	1.95962e-09	0	3.36722	3.9139	3.55528e-40	4.11666e-30	4.53592e-39
7.70969e+09	1.29707e-10	1.95962e-09	0	3.36722	3.9139	3.13547e-40	3.74642e-30	4.2597e-39
7.95573e+09	1.25696e-10	1.95962e-09	0	3.36722	3.9139	2.76523e-40	3.40947e-30	4.00031e-39
8.20962e+09	1.21808e-10	1.95962e-09	0	3.36722	3.9139	2.43871e-40	3.10283e-30	3.75671e-39
8.47161e+09	1.18041e-10	1.95962e-09	0	3.36722	3.9139	2.15074e-40	2.82377e-30	3.52795e-39
8.74196e+09	1.14391e-10	1.95962e-09	0	3.36722	3.9139	1.89678e-40	2.56981e-30	3.31311e-39
9.02093e+09	1.10853e-10	1.95962e-09	0	3.36722	3.9139	1.6728e-40	2.33869e-30	3.11136e-39
9.30882e+09	1.07425e-10	1.95962e-09	0	3.36722	3.9139	1.47527e-40	2.12835e-30	2.92189e-39
9.60588e+09	1.04103e-10	1.95962e-09	0	3.36722	3.9139	1.30107e-40	1.93694e-30	2.74397e-39
9.91243e+09	1.00883e-10	1.95962e-09	0	3.36722	3.9139	1.14744e-40	1.76273e-30	2.57687e-39
1.02288e+10	9.77635e-11	1.95962e-09	0	3.36722	3.9139	1.01195e-40	1.6042e-30	2.41995e-39
1.05552e+10	9.47401e-11	1.95962e-09	0	3.36722	3.9139	8.92455e-41	1.45992e-30	2.27259e-39
1.0892e+10	9.18102e-11	1.95962e-09	0	3.36722	3.9139	7.87073e-41	1.32862e-30	2.1342e-39
1.12396e+10	8.89709e-11	1.95962e-09	0	3.36722	3.9139	6.94134e-41	1.20913e-30	2.00424e-39
1.15983e+10	8.62195e-11	1.95962e-09	0	3.36722	3.9139	6.12169e-41	1.10038e-30	1.88219e-39
1.19684e+10	8.35531e-11	1.95962e-09	0	3.36722	3.9139	5.39883e-41	1.00142e-30	1.76758e-39
1.23504e+10	8.09691e-11	1.95962e-09	0	3.36722	3.9139	4.76133e-41	9.1135e-31	1.65994e-39
1.27445e+10	7.84651e-11	1.95962e-09	0	3.36722	3.9139	4.19911e-41	8.29386e-31	1.55886e-39
1.31512e+10	7.60385e-11	1.95962e-09	0	3.36722	3.9139	3.70327e-41	7.54793e-31	1.46393e-39
1.35709e+10	7.3687e-11	1.95962e-09	0	3.36722	3.9139	3.26598e-41	6.86909e-31	1.37479e-39
1.4004e+10	7.14082e-11	1.95962e-09	0	3.36722	3.9139	2.88033e-41	6.2513e-31	1.29107e-39
1.44509e+10	6.91998e-11	1.95962e-09	0	3.36722	3.9139	2.54021e-41	5.68908e-31	1.21245e-39
1.49121e+10	6.70598e-11	1.95962e-09	0	3.36722	3.9139	2.24026e-41	5.17742e-31	1.13862e-39
1.5388e+10	6.49859e-11	1.95962e-09	0	3.36722	3.9139	1.97573e-41	4.71177e-31	1.06928e-39
1.5879e+10	6.29762e-11	1.95962e-09	0	3.36722	3.9139	1.74243e-41	4.28801e-31	1.00417e-39
1.63858e+10	6.10286e-11	1.95962e-09	0	3.36722	3.9139	1.53668e-41	3.90236e-31	9.43018e-40
1.69087e+10	5.91412e-11	1.95962e-09	0	3.36722	3.9139	1.35523e-41	3.55139e-31	8.85593e-40
1.74483e+10	5.73123e-11	1.95962e-09	0	3.36722	3.9139	1.1952e-41	3.23199e-31	8.31665e-40
1.80051e+10	5.55398e-11	1.95962e-09	0	3.36722	3.9139	1.05407e-41	2.94131e-31	7.81021e-40
1.85797e+10	5.38222e-11	1.95962e-09	0	3.36722	3.9139	9.29603e-42	2.67678e-31	7.33461e-40
1.91726e+10	5.21577e-11	1.95962e-09	0	3.36722	3.9139	8.19834e-42	2.43603e-31	6.88797e-40
1.97845e+10	5.05447e-11	1.95962e-09	0	3.36722	3.9139	7.23026e-42	2.21694e-31	6.46852e-40
2.04158e+10	4.89816e-11	1.95962e-09	0	3.36722	3.9139	6.3765e-42	2.01756e-31	6.07462e-40
2.10674e+10	4.74668e-11	1.95962e-09	0	3.36722	3.9139	5.62356e-42	1.8361e-31	5.70471e-40
2.17397e+10	4.59989e-11	1.95962e-09	0	3.36722	3.9139	4.95952e-42	1.67097e-31	5.35732e-40
2.24334e+10	4.45763e-11	1.95962e-09	0	3.36722	3.9139	4.37389e-42	1.52069e-31	5.03109e-40
2.31493e+10	4.31978e-11	1.95962e-09	0	3.36722	3.9139	3.85741e-42	1.38392e-31	4.72472e-40
2.38881e+10	4.18619e-11	1.95962e-09	0	3.36722	3.9139	3.40192e-42	1.25945e-31	4.43701e-40
2.46504e+10	4.05673e-11	1.95962e-09	0	3.36722	3.9139	3.00022e-42	1.14618e-31	4.16682e-40
2.54371e+10	3.93127e-11	1.95962e-09	0	3.36722	3.9139	2.64595e-42	1.0431e-31	3.91308e-40
2.62488e+10	3.80969e-11	1.95962e-09	0	3.36722	3.9139	2.33351e-42	9.49284e-32	3.67479e-40
2.70865e+10	3.69187e-11	1.95962e-09	0	3.36722	3.9139	2.05797e-42	8.63908e-32	3.45102e-40
2.79509e+10	3.5777e-11	1.95962e-09	0	3.36722	3.9139	1.81496e-42	7.86211e-32	3.24087e-40
2.88429e+10	3.46706e-11	1.95962e-09	0	3.36722	3.9139	1.60064e-42	7.15501e-32	3.04352e-40
2.97634e+10	3.35984e-11	1.95962e-09	0	3.36722	3.9139	1.41164e-42	6.51151e-32	2.85818e-40
3.07132e+10	3.25593e-11	1.95962e-09	0	3.36722	3.9139	1.24495e-42	5.92588e-32	2.68413e-40
3.16933e+10	3.15524e-11	1.95962e-09	0	3.36722	3.9139	1.09794e-42	5.39292e-32	2.52068e-40
3.27047e+10	3.05766e-11	1.95962e-09	0	3.36722	3.9139	9.68297e-43	4.9079e-32	2.36719e-40
3.37484e+10	2.9631e-11	1.95962e-09	0	3.36722	3.9139	8.53959e-43	4.46649e-32	2.22304e-40
3.48254e+10	2.87147e-11	1.95962e-09	0	3.36722	3.9139	7.53122e-43	4.06479e-32	2.08766e-40
3.59368e+10	2.78266e-11	1.95962e-09	0	3.36722	3.9139	6.64192e-43	3.69921e-32	1.96054e-40
3.70836e+10	2.69661e-11	1.95962e-09	0	3.36722	3.9139	5.85763e-43	3.36651e-32	1.84115e-40
3.82671e+10	2.61321e-11	1.95962e-09	0	3.36722	3.9139	5.16595e-43	3.06374e-32	1.72903e-40
3.94883e+10	2.5324e-11	1.95962e-09	0	3.36722	3.9139	4.55595e-43	2.78819e-32	1.62374e-40
4.07484e+10	2.45408e-11	1.95962e-09	0	3.36722	3.9139	4.01797e-43	2.53743e-32	1.52487e-40
4.20488e+10	2.37819e-11	1.95962e-09	0	3.36722	3.9139	3.54352e-43	2.30922e-32	1.43201e-40
4.33907e+10	2.30464e-11	1.95962e-09	0	3.36722	3.9139	3.1251e-43	2.10154e-32	1.34481e-40
4.47754e+10	2.23337e-11	1.95962e-09	0	3.36722	3.9139	2.75608e-43	1.91253e-32	1.26292e-40
4.62043e+10	2.1643e-11	1.95962e-09	0	3.36722	3.9139	2.43064e-43	1.74052e-32	1.18601e-40
4.76788e+10	2.09737e-11	1.95962e-09	0	3.36722	3.9139	2.14363e-43	1.58398e-32	1.11379e-40
4.92004e+10	2.03251e-11	1.95962e-09	0	3.36722	3.9139	1.8905e-43	1.44152e-32	1.04596e-40
5.07705e+10	1.96965e-11	1.95962e-09	0	3.36722	3.9139	1.66727e-43	1.31188e-32	9.8227e-41
5.23907e+10	1.90874e-11	1.95962e-09	0	3.36722	3.9139	1.4704e-43	1.19389e-32	9.22455e-41
5.40626e+10	1.84971e-11	1.95962e-09	0	3.36722	3.9139	1.29677e-43	1.08652e-32	8.66282e-41
5.57879e+10	1.7925e-11	1.95962e-09	0	3.36722	3.9139	1.14364e-43	9.88797e-33	8.1353e-41
5.75682e+10	1.73707e-11	1.95962e-09	0	3.36722	3.9139	1.0086e-43	8.99868e-33	7.6399e-41
5.94054e+10	1.68335e-11	1.95962e-09	0	3.36722	3.9139	8.89504e-44	8.18936e-33	7.17467e-41
6.13012e+10	1.63129e-11	1.95962e-09	0	3.36722	3.9139	7.8447e-44	7.45283e-33	6.73777e-41
6.32574e+10	1.58084e-11	1.95962e-09	0	3.36722	3.9139	6.91838e-44	6.78254e-33	6.32747e-41
6.52761e+10	1.53195e-11	1.95962e-09	0	3.36722	3.9139	6.10145e-44	6.17254e-33	5.94216e-41
6.73593e+10	1.48458e-11	1.95962e-09	0	3.36722	3.9139	5.38098e-44	5.6174e-33	5.58032e-41
6.95089e+10	1.43867e-11	1.95962e-09	0	3.36722	3.9139	4.74558e-44	5.11218e-33	5.2405e-41
7.17271e+10	1.39417e-11	1.95962e-09	0	3.36722	3.9139	4.18522e-44	4.65241e-33	4.92138e-41
7.40161e+10	1.35106e-11	1.95962e-09	0	3.36722	3.9139	3.69102e-44	4.23398e-33	4.6217e-41
7.63781e+10	1.30928e-11	1.95962e-09	0	3.36722	3.9139	3.25518e-44	3.85319e-33	4.34026e-41
7.88155e+10	1.26879e-11	1.95962e-09	0	3.36722	3.9139	2.8708e-44	3.50664e-33	4.07596e-41
8.13307e+10	1.22955e-11	1.95962e-09	0	3.36722	3.9139	2.53181e-44	3.19126e-33	3.82775e-41
8.39262e+10	1.19152e-11	1.95962e-09	0	3.36722	3.9139	2.23285e-44	2.90425e-33	3.59466e-41
8.66045e+10	1.15467e-11	1.95962e-09	0	3.36722	3.9139	1.96919e-44	2.64305e-33	3.37577e-41
8.93683e+10	1.11897e-11	1.95962e-09	0	3.36722	3.9139	1.73667e-44	2.40534e-33	3.1702e-41
9.22203e+10	1.08436e-11	1.95962e-09	0	3.36722	3.9139	1.5316e-44	2.18901e-33	2.97715e-41
9.51633e+10	1.05083e-11	1.95962e-09	0	3.36722	3.9139	1.35075e-44	1.99214e-33	2.79586e-41
9.82002e+10	1.01833e-11	1.95962e-09	0	3.36722	3.9139	1.19125e-44	1.81297e-33	2.6256e-41
1.01334e+11	9.86836e-12	1.95962e-09	0	3.36722	3.9139	1.05058e-44	1.64992e-33	2.46572e-41
1.04568e+11	9.56317e-12	1.95962e-09	0	3.36722	3.9139	9.26528e-45	1.50153e-33	2.31557e-41
1.07905e+11	9.26743e-12	1.95962e-09	0	3.36722	3.9139	8.17122e-45	1.36648e-33	2.17456e-41
1.11348e+11	8.98082e-12	1.95962e-09	0	3.36722	3.9139	7.20635e-45	1.24359e-33	2.04214e-41
1.14902e+11	8.70309e-12	1.95962e-09	0	3.36722	3.9139	6.35541e-45	1.13174e-33	1.91779e-41
1.18569e+11	8.43394e-12	1.95962e-09	0	3.36722	3.9139	5.60496e-45	1.02995e-33	1.801e-41
1.22352e+11	8.17311e-12	1.95962e-09	0	3.36722	3.9139	4.94311e-45	9.37324e-34	1.69133e-41
1.26257e+11	7.92035e-12	1.95962e-09	0	3.36722	3.9139	4.35942e-45	8.53023e-34	1.58834e-41
1.30286e+11	7.67541e-12	1.95962e-09	0	3.36722	3.9139	3.84465e-45	7.76305e-34	1.49162e-41
1.34444e+11	7.43804e-12	1.95962e-09	0	3.36722	3.9139	3.39067e-45	7.06486e-34	1.40078e-41
1.38734e+11	7.20802e-12	1.95962e-09	0	3.36722	3.9139	2.9903e-45	6.42946e-34	1.31548e-41
1.43162e+11	6.98511e-12	1.95962e-09	0	3.36722	3.9139	2.6372e-45	5.85121e-34	1.23538e-41
1.4773e+11	6.76909e-12	1.95962e-09	0	3.36722	3.9139	2.32579e-45	5.32497e-34	1.16015e-41
1.52445e+11	6.55975e-12	1.95962e-09	0	3.36722	3.9139	2.05116e-45	4.84606e-34	1.0895e-41
1.5731e+11	6.35688e-12	1.95962e-09	0	3.36722	3.9139	1.80895e-45	4.41022e-34	1.02316e-41
1.6233e+11	6.16029e-12	1.95962e-09	0	3.36722	3.9139	1.59535e-45	4.01357e-34	9.60851e-42
1.6751e+11	5.96978e-12	1.95962e-09	0	3.36722	3.9139	1.40697e-45	3.6526e-34	9.0234e-42
1.72856e+11	5.78516e-12	1.95962e-09	0	3.36722	3.9139	1.24083e-45	3.3241e-34	8.47392e-42
1.78372e+11	5.60625e-12	1.95962e-09	0	3.36722	3.9139	1.09431e-45	3.02514e-34	7.9579e-42
1.84065e+11	5.43288e-12	1.95962e-09	0	3.36722	3.9139	9.65094e-46	2.75306e-34	7.47331e-42
1.89939e+11	5.26486e-12	1.95962e-09	0	3.36722	3.9139	8.51134e-46	2.50546e-34	7.01822e-42
1.96e+11	5.10204e-12	1.95962e-09	0	3.36722	3.9139	7.50631e-46	2.28013e-34	6.59085e-42
2.02255e+11	4.94426e-12	1.95962e-09	0	3.36722	3.9139	6.61995e-46	2.07506e-34	6.1895e-42
2.08709e+11	4.79135e-12	1.95962e-09	0	3.36722	3.9139	5.83826e-46	1.88843e-34	5.81259e-42
2.1537e+11	4.64318e-12	1.95962e-09	0	3.36722	3.9139	5.14887e-46	1.71859e-34	5.45863e-42
2.22243e+11	4.49958e-12	1.95962e-09	0	3.36722	3.9139	4.54088e-46	1.56403e-34	5.12623e-42
2.29335e+11	4.36043e-12	1.95962e-09	0	3.36722	3.9139	4.00468e-46	1.42336e-34	4.81407e-42
2.36654e+11	4.22558e-12	1.95962e-09	0	3.36722	3.9139	3.5318e-46	1.29535e-34	4.52092e-42
2.44206e+11	4.0949e-12	1.95962e-09	0	3.36722	3.9139	3.11476e-46	1.17885e-34	4.24562e-42
2.51999e+11	3.96827e-12	1.95962e-09	0	3.36722	3.9139	2.74697e-46	1.07283e-34	3.98708e-42
2.60041e+11	3.84554e-12	1.95962e-09	0	3.36722	3.9139	2.4226e-46	9.76339e-35	3.74429e-42
2.6834e+11	3.72662e-12	1.95962e-09	0	3.36722	3.9139	2.13654e-46	8.88529e-35	3.51628e-42
2.76903e+11	3.61137e-12	1.95962e-09	0	3.36722	3.9139	1.88425e-46	8.08617e-35	3.30215e-42
2.8574e+11	3.49969e-12	1.95962e-09	0	3.36722	3.9139	1.66176e-46	7.35892e-35	3.10107e-42
2.94859e+11	3.39146e-12	1.95962e-09	0	3.36722	3.9139	1.46553e-46	6.69708e-35	2.91223e-42
3.04268e+11	3.28657e-12	1.95962e-09	0	3.36722	3.9139	1.29248e-46	6.09476e-35	2.73489e-42
3.13978e+11	3.18493e-12	1.95962e-09	0	3.36722	3.9139	1.13986e-46	5.54662e-35	2.56835e-42
3.23998e+11	3.08644e-12	1.95962e-09	0	3.36722	3.9139	1.00526e-46	5.04777e-35	2.41195e-42
3.34338e+11	2.99099e-12	1.95962e-09	0	3.36722	3.9139	8.86562e-47	4.59379e-35	2.26508e-42
3.45007e+11	2.89849e-12	1.95962e-09	0	3.36722	3.9139	7.81875e-47	4.18063e-35	2.12714e-42
3.56017e+11	2.80885e-12	1.95962e-09	0	3.36722	3.9139	6.8955e-47	3.80464e-35	1.99761e-42
3.67379e+11	2.72199e-12	1.95962e-09	0	3.36722	3.9139	6.08127e-47	3.46246e-35	1.87597e-42
3.79103e+11	2.63781e-12	1.95962e-09	0	3.36722	3.9139	5.36318e-47	3.15105e-35	1.76173e-42
3.91201e+11	2.55623e-12	1.95962e-09	0	3.36722	3.9139	4.72989e-47	2.86766e-35	1.65445e-42
4.03685e+11	2.47718e-12	1.95962e-09	0	3.36722	3.9139	4.17138e-47	2.60975e-35	1.5537e-42
4.16568e+11	2.40057e-12	1.95962e-09	0	3.36722	3.9139	3.67881e-47	2.37503e-35	1.45909e-42
4.29862e+11	2.32633e-12	1.95962e-09	0	3.36722	3.9139	3.24441e-47	2.16143e-35	1.37024e-42
4.4358e+11	2.25439e-12	1.95962e-09	0	3.36722	3.9139	2.86131e-47	1.96704e-35	1.2868e-42
4.57735e+11	2.18467e-12	1.95962e-09	0	3.36722	3.9139	2.52344e-47	1.79013e-35	1.20844e-42
4.72343e+11	2.11711e-12	1.95962e-09	0	3.36722	3.9139	2.22547e-47	1.62913e-35	1.13485e-42
4.87417e+11	2.05163e-12	1.95962e-09	0	3.36722	3.9139	1.96268e-47	1.48261e-35	1.06574e-42
5.02971e+11	1.98819e-12	1.95962e-09	0	3.36722	3.9139	1.73092e-47	1.34927e-35	1.00085e-42
5.19022e+11	1.9267e-12	1.95962e-09	0	3.36722	3.9139	1.52653e-47	1.22792e-35	9.39899e-43
5.35586e+11	1.86711e-12	1.95962e-09	0	3.36722	3.9139	1.34628e-47	1.11748e-35	8.82664e-43
5.52678e+11	1.80937e-12	1.95962e-09	0	3.36722	3.9139	1.18731e-47	1.01698e-35	8.28914e-43
5.70315e+11	1.75342e-12	1.95962e-09	0	3.36722	3.9139	1.04711e-47	9.25513e-36	7.78438e-43
5.88515e+11	1.69919e-12	1.95962e-09	0	3.36722	3.9139	9.23464e-48	8.42275e-36	7.31035e-43
6.07296e+11	1.64664e-12	1.95962e-09	0	3.36722	3.9139	8.1442e-48	7.66523e-36	6.86519e-43
6.26677e+11	1.59572e-12	1.95962e-09	0	3.36722	3.9139	7.18252e-48	6.97584e-36	6.44713e-43
6.46675e+11	1.54637e-12	1.95962e-09	0	3.36722	3.9139	6.33439e-48	6.34845e-36	6.05453e-43
6.67313e+11	1.49855e-12	1.95962e-09	0	3.36722	3.9139	5.58642e-48	5.77749e-36	5.68584e-43
6.88608e+11	1.4522e-12	1.95962e-09	0	3.36722	3.9139	4.92676e-48	5.25788e-36	5.3396e-43
7.10583e+11	1.40729e-12	1.95962e-09	0	3.36722	3.9139	4.345e-48	4.785e-36	5.01445e-43
7.3326e+11	1.36377e-12	1.95962e-09	0	3.36722	3.9139	3.83194e-48	4.35465e-36	4.70909e-43
7.5666e+11	1.3216e-12	1.95962e-09	0	3.36722	3.9139	3.37946e-48	3.963e-36	4.42233e-43
7.80807e+11	1.28073e-12	1.95962e-09	0	3.36722	3.9139	2.98041e-48	3.60658e-36	4.15304e-43
8.05725e+11	1.24112e-12	1.95962e-09	0	3.36722	3.9139	2.62847e-48	3.28221e-36	3.90014e-43
8.31438e+11	1.20274e-12	1.95962e-09	0	3.36722	3.9139	2.3181e-48	2.98702e-36	3.66264e-43
8.57971e+11	1.16554e-12	1.95962e-09	0	3.36722	3.9139	2.04437e-48	2.71838e-36	3.4396e-43
8.85351e+11	1.1295e-12	1.95962e-09	0	3.36722	3.9139	1.80297e-48	2.47389e-36	3.23015e-43
9.13605e+11	1.09457e-12	1.95962e-09	0	3.36722	3.9139	1.59007e-48	2.2514e-36	3.03345e-43
9.4276e+11	1.06072e-12	1.95962e-09	0	3.36722	3.9139	1.40232e-48	2.04891e-36	2.84873e-43
9.72846e+11	1.02791e-12	1.95962e-09	0	3.36722	3.9139	1.23673e-48	1.86464e-36	2.67525e-43
1.00389e+12	9.96123e-13	1.95962e-09	0	3.36722	3.9139	1.09069e-48	1.69694e-36	2.51235e-43
1.03593e+12	9.65317e-13	1.95962e-09	0	3.36722	3.9139	9.61902e-49	1.54432e-36	2.35936e-43
1.06899e+12	9.35464e-13	1.95962e-09	0	3.36722	3.9139	8.48319e-49	1.40543e-36	2.21568e-43
1.1031e+12	9.06534e-13	1.95962e-09	0	3.36722	3.9139	7.48148e-49	1.27903e-36	2.08076e-43
1.13831e+12	8.78499e-13	1.95962e-09	0	3.36722	3.9139	6.59806e-49	1.16399e-36	1.95405e-43
1.17463e+12	8.51331e-13	1.95962e-09	0	3.36722	3.9139	5.81895e-49	1.05931e-36	1.83506e-43
1.21212e+12	8.25003e-13	1.95962e-09	0	3.36722	3.9139	5.13184e-49	9.64037e-37	1.72331e-43
1.2508e+12	7.99489e-13	1.95962e-09	0	3.36722	3.9139	4.52586e-49	8.77334e-37	1.61837e-43
1.29071e+12	7.74765e-13	1.95962e-09	0	3.36722	3.9139	3.99144e-49	7.98429e-37	1.51982e-43
1.3319e+12	7.50804e-13	1.95962e-09	0	3.36722	3.9139	3.52012e-49	7.2662e-37	1.42727e-43
1.37441e+12	7.27585e-13	1.95962e-09	0	3.36722	3.9139	3.10446e-49	6.6127e-37	1.34036e-43
1.41827e+12	7.05084e-13	1.95962e-09	0	3.36722	3.9139	2.73788e-49	6.01797e-37	1.25874e-43
1.46353e+12	6.83279e-13	1.95962e-09	0	3.36722	3.9139	2.41459e-49	5.47673e-37	1.18209e-43
1.51024e+12	6.62148e-13	1.95962e-09	0	3.36722	3.9139	2.12947e-49	4.98417e-37	1.1101e-43
1.55843e+12	6.41671e-13	1.95962e-09	0	3.36722	3.9139	1.87802e-49	4.53591e-37	1.0425e-43
1.60816e+12	6.21827e-13	1.95962e-09	0	3.36722	3.9139	1.65626e-49	4.12796e-37	9.79022e-44
1.65949e+12	6.02596e-13	1.95962e-09	0	3.36722	3.9139	1.46069e-49	3.7567e-37	9.19404e-44
1.71244e+12	5.83961e-13	1.95962e-09	0	3.36722	3.9139	1.28821e-49	3.41883e-37	8.63417e-44
1.76709e+12	5.65901e-13	1.95962e-09	0	3.36722	3.9139	1.13609e-49	3.11135e-37	8.10839e-44
1.82349e+12	5.484e-13	1.95962e-09	0	3.36722	3.9139	1.00194e-49	2.83153e-37	7.61463e-44
1.88168e+12	5.31441e-13	1.95962e-09	0	3.36722	3.9139	8.83629e-50	2.57687e-37	7.15094e-44
1.94173e+12	5.15006e-13	1.95962e-09	0	3.36722	3.9139	7.79289e-50	2.34511e-37	6.71549e-44
2.00369e+12	4.99079e-13	1.95962e-09	0	3.36722	3.9139	6.87269e-50	2.1342e-37	6.30655e-44
2.06763e+12	4.83644e-13	1.95962e-09	0	3.36722	3.9139	6.06115e-50	1.94225e-37	5.92251e-44
2.13362e+12	4.68687e-13	1.95962e-09	0	3.36722	3.9139	5.34544e-50	1.76757e-37	5.56186e-44
2.20171e+12	4.54193e-13	1.95962e-09	0	3.36722	3.9139	4.71424e-50	1.6086e-37	5.22317e-44
2.27197e+12	4.40147e-13	1.95962e-09	0	3.36722	3.9139	4.15758e-50	1.46393e-37	4.90511e-44
2.34447e+12	4.26535e-13	1.95962e-09	0	3.36722	3.9139	3.66665e-50	1.33227e-37	4.60641e-44
2.41929e+12	4.13344e-13	1.95962e-09	0	3.36722	3.9139	3.23368e-50	1.21244e-37	4.3259e-44
2.4965e+12	4.00561e-13	1.95962e-09	0	3.36722	3.9139	2.85184e-50	1.1034e-37	4.06248e-44
2.57617e+12	3.88173e-13	1.95962e-09	0	3.36722	3.9139	2.51509e-50	1.00416e-37	3.81509e-44
2.65838e+12	3.76169e-13	1.95962e-09	0	3.36722	3.9139	2.21811e-50	9.13852e-38	3.58277e-44
2.74322e+12	3.64536e-13	1.95962e-09	0	3.36722	3.9139	1.95619e-50	8.31663e-38	3.3646e-44
2.83076e+12	3.53262e-13	1.95962e-09	0	3.36722	3.9139	1.7252e-50	7.56865e-38	3.15971e-44
2.9211e+12	3.42337e-13	1.95962e-09	0	3.36722	3.9139	1.52148e-50	6.88795e-38	2.9673e-44
3.01432e+12	3.3175e-13	1.95962e-09	0	3.36722	3.9139	1.34183e-50	6.26846e-38	2.78661e-44
3.11051e+12	3.21491e-13	1.95962e-09	0	3.36722	3.9139	1.18338e-50	5.70469e-38	2.61692e-44
3.20977e+12	3.11548e-13	1.95962e-09	0	3.36722	3.9139	1.04364e-50	5.19163e-38	2.45756e-44
3.31221e+12	3.01914e-13	1.95962e-09	0	3.36722	3.9139	9.2041e-51	4.72471e-38	2.30791e-44
3.41791e+12	2.92577e-13	1.95962e-09	0	3.36722	3.9139	8.11726e-51	4.29978e-38	2.16737e-44
3.52698e+12	2.83529e-13	1.95962e-09	0	3.36722	3.9139	7.15876e-51	3.91307e-38	2.03539e-44
3.63954e+12	2.7476e-13	1.95962e-09	0	3.36722	3.9139	6.31344e-51	3.56114e-38	1.91144e-44
3.75568e+12	2.66263e-13	1.95962e-09	0	3.36722	3.9139	5.56794e-51	3.24086e-38	1.79505e-44
3.87554e+12	2.58029e-13	1.95962e-09	0	3.36722	3.9139	4.91047e-51	2.94938e-38	1.68574e-44
3.99922e+12	2.50049e-13	1.95962e-09	0	3.36722	3.9139	4.33063e-51	2.68412e-38	1.58308e-44
4.12684e+12	2.42316e-13	1.95962e-09	0	3.36722	3.9139	3.81927e-51	2.44272e-38	1.48668e-44
4.25854e+12	2.34822e-13	1.95962e-09	0	3.36722	3.9139	3.36828e-51	2.22303e-38	1.39615e-44
