0.000000 0.000000 0.000000 0.000000 5.195561
0.050000 0.000000 0.000000 0.000000 5.195561
0.100000 0.000000 0.000000 0.000000 3.730466
0.150000 0.000000 0.000000 0.000000 3.240691
0.200000 0.000000 0.000000 0.000000 2.804988
0.250000 0.000000 0.000000 0.000000 2.568228
0.300000 0.000000 0.000000 0.000000 2.395106
0.350000 0.000000 0.000000 0.000000 2.277493
0.400000 0.000000 0.000000 0.000000 2.187313
0.450000 0.000000 0.000000 0.000000 2.116412
0.500000 0.000000 0.000000 0.000000 2.057197
0.550000 0.000000 0.000000 0.000000 2.006106
0.600000 0.000000 0.000000 0.000000 1.960554
0.650000 0.000000 0.000000 0.000000 1.919006
0.700000 0.000000 0.000000 0.000000 1.880383
0.750000 0.000000 0.000000 0.000000 1.843955
0.800000 0.000000 0.000000 0.000000 1.809195
0.850000 0.000000 0.000000 0.000000 1.775720
0.900000 0.000000 0.000000 0.000000 1.743241
0.950000 0.000000 0.000000 0.000000 1.711539
1.000000 0.000000 0.000000 0.000000 1.680447
1.050000 0.000000 0.000000 0.000000 1.649834
1.100000 0.000000 0.000000 0.000000 1.619601
1.150000 0.000000 0.000000 0.000000 1.589672
1.200000 0.000000 0.000000 0.000000 1.559989
1.250000 0.000000 0.000000 0.000000 1.530515
1.300000 0.000000 0.000000 0.000000 1.501226
1.350000 0.000000 0.000000 0.000000 1.472115
1.400000 0.000000 0.000000 0.000000 1.443192
1.450000 0.000000 0.000000 0.000000 1.414485
1.500000 0.000000 0.000000 0.000000 1.386048
1.550000 0.000000 0.000000 0.000000 1.357951
1.600000 0.000000 0.000000 0.000000 1.330334
1.650000 0.000000 0.000000 0.000000 1.303304
1.700000 0.000000 0.000000 0.000000 1.277223
1.750000 0.000000 0.000000 0.000000 1.252064
1.800000 0.000000 0.000000 0.000000 1.229012
1.850000 0.000000 0.000000 0.000000 1.206658
1.900000 0.000000 0.000000 0.000000 1.190071
1.950000 0.000000 0.000000 0.000000 1.169053
2.000000 0.000000 0.000000 0.000000 1.169053

0.000000 0.050000 1.000000 0.000000 5.195561
0.050000 0.050000 0.766290 0.138762 5.195561
0.100000 0.050000 0.689907 0.130929 3.730466
0.150000 0.050000 0.574358 0.104769 3.240691
0.200000 0.050000 0.495599 0.075941 2.804988
0.250000 0.050000 0.430688 0.054160 2.568228
0.300000 0.050000 0.382682 0.038687 2.395106
0.350000 0.050000 0.345502 0.028177 2.277493
0.400000 0.050000 0.316912 0.021024 2.187313
0.450000 0.050000 0.294402 0.016100 2.116412
0.500000 0.050000 0.276459 0.012632 2.057197
0.550000 0.050000 0.261905 0.010129 2.006106
0.600000 0.050000 0.249931 0.008276 1.960554
0.650000 0.050000 0.239942 0.006874 1.919006
0.700000 0.050000 0.231503 0.005790 1.880383
0.750000 0.050000 0.224292 0.004939 1.843955
0.800000 0.050000 0.218066 0.004260 1.809195
0.850000 0.050000 0.212636 0.003711 1.775720
0.900000 0.050000 0.207860 0.003264 1.743241
0.950000 0.050000 0.203621 0.002896 1.711539
1.000000 0.050000 0.199828 0.002593 1.680447
1.050000 0.050000 0.196407 0.002341 1.649834
1.100000 0.050000 0.193293 0.002134 1.619601
1.150000 0.050000 0.190433 0.001965 1.589672
1.200000 0.050000 0.187782 0.001829 1.559989
1.250000 0.050000 0.185297 0.001723 1.530515
1.300000 0.050000 0.182939 0.001645 1.501226
1.350000 0.050000 0.180674 0.001594 1.472115
1.400000 0.050000 0.178466 0.001570 1.443192
1.450000 0.050000 0.176281 0.001573 1.414485
1.500000 0.050000 0.174086 0.001603 1.386048
1.550000 0.050000 0.171847 0.001660 1.357951
1.600000 0.050000 0.169534 0.001745 1.330334
1.650000 0.050000 0.167113 0.001854 1.303304
1.700000 0.050000 0.164576 0.001979 1.277223
1.750000 0.050000 0.161889 0.002105 1.252064
1.800000 0.050000 0.159150 0.002190 1.229012
1.850000 0.050000 0.156276 0.002185 1.206658
1.900000 0.050000 0.153841 0.001938 1.190071
1.950000 0.050000 0.151244 0.001373 1.169053
2.000000 0.050000 0.151243 0.000000 1.169053

0.000000 0.100000 1.000000 0.000000 4.093327
0.050000 0.100000 0.972599 0.211355 4.093327
0.100000 0.100000 0.949079 0.220698 3.469037
0.150000 0.100000 0.877460 0.193606 3.174390
0.200000 0.100000 0.808535 0.153284 2.855814
0.250000 0.100000 0.739686 0.118301 2.646289
0.300000 0.100000 0.680071 0.090446 2.476093
0.350000 0.100000 0.628912 0.069624 2.349678
0.400000 0.100000 0.586275 0.054239 2.248645
0.450000 0.100000 0.550763 0.042904 2.167433
0.500000 0.100000 0.521219 0.034474 2.099492
0.550000 0.100000 0.496489 0.028129 2.041298
0.600000 0.100000 0.475642 0.023283 1.990065
0.650000 0.100000 0.457916 0.019529 1.943987
0.700000 0.100000 0.442710 0.016580 1.901741
0.750000 0.100000 0.429550 0.014233 1.862398
0.800000 0.100000 0.418061 0.012343 1.825271
0.850000 0.100000 0.407950 0.010805 1.789860
0.900000 0.100000 0.398980 0.009543 1.755785
0.950000 0.100000 0.390962 0.008501 1.722760
1.000000 0.100000 0.383741 0.007635 1.690566
1.050000 0.100000 0.377189 0.006916 1.659033
1.100000 0.100000 0.371197 0.006321 1.628034
1.150000 0.100000 0.365672 0.005831 1.597469
1.200000 0.100000 0.360533 0.005435 1.567266
1.250000 0.100000 0.355705 0.005124 1.537374
1.300000 0.100000 0.351123 0.004891 1.507761
1.350000 0.100000 0.346723 0.004733 1.478412
1.400000 0.100000 0.342446 0.004647 1.449332
1.450000 0.100000 0.338234 0.004633 1.420540
1.500000 0.100000 0.334034 0.004690 1.392083
1.550000 0.100000 0.329793 0.004815 1.364015
1.600000 0.100000 0.325468 0.005004 1.336458
1.650000 0.100000 0.321019 0.005245 1.309471
1.700000 0.100000 0.316447 0.005509 1.283379
1.750000 0.100000 0.311733 0.005749 1.258009
1.800000 0.100000 0.307043 0.005863 1.234545
1.850000 0.100000 0.302327 0.005715 1.211063
1.900000 0.100000 0.298408 0.004980 1.193286
1.950000 0.100000 0.294545 0.003411 1.168641
2.000000 0.100000 0.294544 0.000000 1.168641

0.000000 0.150000 1.000000 0.000000 3.565469
0.050000 0.150000 1.027434 0.188891 3.565469
0.100000 0.150000 1.044051 0.241019 3.249585
0.150000 0.150000 1.022485 0.241259 3.036170
0.200000 0.150000 0.985489 0.213413 2.798994
0.250000 0.150000 0.937333 0.179822 2.622836
0.300000 0.150000 0.888029 0.147614 2.473392
0.350000 0.150000 0.840718 0.120170 2.356056
0.400000 0.150000 0.797758 0.097804 2.259347
0.450000 0.150000 0.759588 0.080028 2.179504
0.500000 0.150000 0.726153 0.066014 2.111611
0.550000 0.150000 0.696993 0.054980 2.052801
0.600000 0.150000 0.671576 0.046257 2.000701
0.650000 0.150000 0.649361 0.039314 1.953692
0.700000 0.150000 0.629861 0.033745 1.910548
0.750000 0.150000 0.612652 0.029237 1.870379
0.800000 0.150000 0.597380 0.025558 1.832513
0.850000 0.150000 0.583744 0.022530 1.796449
0.900000 0.150000 0.571498 0.020022 1.761800
0.950000 0.150000 0.560432 0.017931 1.728273
1.000000 0.150000 0.550372 0.016183 1.695639
1.050000 0.150000 0.541170 0.014721 1.663724
1.100000 0.150000 0.532695 0.013500 1.632389
1.150000 0.150000 0.524837 0.012490 1.601532
1.200000 0.150000 0.517493 0.011666 1.571075
1.250000 0.150000 0.510573 0.011011 1.540961
1.300000 0.150000 0.503994 0.010511 1.511155
1.350000 0.150000 0.497675 0.010159 1.481637
1.400000 0.150000 0.491544 0.009949 1.452405
1.450000 0.150000 0.485530 0.009875 1.423474
1.500000 0.150000 0.479568 0.009932 1.394879
1.550000 0.150000 0.473600 0.010113 1.366662
1.600000 0.150000 0.467580 0.010399 1.338925
1.650000 0.150000 0.461473 0.010758 1.311697
1.700000 0.150000 0.455293 0.011129 1.285280
1.750000 0.150000 0.449045 0.011407 1.259422
1.800000 0.150000 0.442944 0.011408 1.235335
1.850000 0.150000 0.436975 0.010859 1.210816
1.900000 0.150000 0.432095 0.009257 1.192089
1.950000 0.150000 0.427501 0.006070 1.165082
2.000000 0.150000 0.427500 0.000000 1.165082

0.000000 0.200000 1.000000 0.000000 3.136817
0.050000 0.200000 1.033389 0.158977 3.136817
0.100000 0.200000 1.065000 0.229240 3.014439
0.150000 0.200000 1.076763 0.250683 2.885656
0.200000 0.200000 1.070922 0.240156 2.728499
0.250000 0.200000 1.049928 0.216343 2.592667
0.300000 0.200000 1.020759 0.188041 2.468518
0.350000 0.200000 0.987500 0.160565 2.363383
0.400000 0.200000 0.953522 0.135985 2.272632
0.450000 0.200000 0.920604 0.114988 2.194891
0.500000 0.200000 0.889760 0.097468 2.127250
0.550000 0.200000 0.861377 0.083027 2.067751
0.600000 0.200000 0.835529 0.071181 2.014585
0.650000 0.200000 0.812104 0.061465 1.966400
0.700000 0.200000 0.790909 0.053474 1.922108
0.750000 0.200000 0.771719 0.046871 1.880876
0.800000 0.200000 0.754311 0.041387 1.842054
0.850000 0.200000 0.738475 0.036805 1.805141
0.900000 0.200000 0.724021 0.032959 1.769745
0.950000 0.200000 0.710777 0.029717 1.735561
1.000000 0.200000 0.698592 0.026979 1.702349
1.050000 0.200000 0.687330 0.024667 1.669924
1.100000 0.200000 0.676867 0.022720 1.638141
1.150000 0.200000 0.667093 0.021094 1.606888
1.200000 0.200000 0.657906 0.019755 1.576079
1.250000 0.200000 0.649212 0.018677 1.545655
1.300000 0.200000 0.640922 0.017840 1.515571
1.350000 0.200000 0.632952 0.017232 1.485804
1.400000 0.200000 0.625224 0.016841 1.456344
1.450000 0.200000 0.617663 0.016657 1.427195
1.500000 0.200000 0.610205 0.016667 1.398383
1.550000 0.200000 0.602789 0.016853 1.369930
1.600000 0.200000 0.595377 0.017179 1.341917
1.650000 0.200000 0.587940 0.017588 1.314340
1.700000 0.200000 0.580510 0.017977 1.287467
1.750000 0.200000 0.573112 0.018179 1.260970
1.800000 0.200000 0.565993 0.017915 1.236075
1.850000 0.200000 0.559154 0.016778 1.210325
1.900000 0.200000 0.553634 0.014081 1.190432
1.950000 0.200000 0.548540 0.009016 1.160953
2.000000 0.200000 0.548539 0.000000 1.160953

0.000000 0.250000 1.000000 0.000000 2.878954
0.050000 0.250000 1.028250 0.125913 2.878954
0.100000 0.250000 1.062241 0.199873 2.839698
0.150000 0.250000 1.090298 0.235107 2.757381
0.200000 0.250000 1.105390 0.240753 2.650976
0.250000 0.250000 1.106862 0.229679 2.546343
0.300000 0.250000 1.097849 0.209901 2.445009
0.350000 0.250000 1.081391 0.187139 2.353642
0.400000 0.250000 1.060496 0.164492 2.271485
0.450000 0.250000 1.037308 0.143595 2.198611
0.500000 0.250000 1.013373 0.125084 2.133633
0.550000 0.250000 0.989661 0.109078 2.075413
0.600000 0.250000 0.966761 0.095420 2.022728
0.650000 0.250000 0.944991 0.083844 1.974562
0.700000 0.250000 0.924497 0.074054 1.930040
0.750000 0.250000 0.905315 0.065771 1.888451
0.800000 0.250000 0.887421 0.058747 1.849219
0.850000 0.250000 0.870750 0.052773 1.811879
0.900000 0.250000 0.855222 0.047678 1.776063
0.950000 0.250000 0.840746 0.043323 1.741474
1.000000 0.250000 0.827228 0.039598 1.707880
1.050000 0.250000 0.814574 0.036416 1.675094
1.100000 0.250000 0.802692 0.033710 1.642971
1.150000 0.250000 0.791493 0.031426 1.611397
1.200000 0.250000 0.780889 0.029524 1.580285
1.250000 0.250000 0.770798 0.027974 1.549571
1.300000 0.250000 0.761137 0.026751 1.519208
1.350000 0.250000 0.751829 0.025837 1.489166
1.400000 0.250000 0.742799 0.025217 1.459431
1.450000 0.250000 0.733978 0.024874 1.429999
1.500000 0.250000 0.725302 0.024786 1.400884
1.550000 0.250000 0.716720 0.024921 1.372094
1.600000 0.250000 0.708199 0.025225 1.343695
1.650000 0.250000 0.699721 0.025608 1.315654
1.700000 0.250000 0.691331 0.025921 1.288222
1.750000 0.250000 0.683067 0.025932 1.261014
1.800000 0.250000 0.675197 0.025267 1.235286
1.850000 0.250000 0.667726 0.023379 1.208387
1.900000 0.250000 0.661743 0.019402 1.187450
1.950000 0.250000 0.656272 0.012243 1.155908
2.000000 0.250000 0.656272 0.000000 1.155908

0.000000 0.300000 1.000000 0.000000 2.700475
0.050000 0.300000 1.021759 0.098371 2.700475
0.100000 0.300000 1.052799 0.166913 2.699771
0.150000 0.300000 1.086503 0.207426 2.649380
0.200000 0.300000 1.113211 0.223885 2.578993
0.250000 0.300000 1.130141 0.223969 2.500050
0.300000 0.300000 1.137353 0.213709 2.418627
0.350000 0.300000 1.136228 0.198042 2.340448
0.400000 0.300000 1.128722 0.180195 2.267069
0.450000 0.300000 1.116651 0.162208 2.199608
0.500000 0.300000 1.101569 0.145199 2.137876
0.550000 0.300000 1.084671 0.129707 2.081464
0.600000 0.300000 1.066845 0.115908 2.029695
0.650000 0.300000 1.048718 0.103777 1.981894
0.700000 0.300000 1.030720 0.093190 1.937410
0.750000 0.300000 1.013134 0.083981 1.895671
0.800000 0.300000 0.996137 0.075980 1.856181
0.850000 0.300000 0.979831 0.069028 1.818529
0.900000 0.300000 0.964263 0.062985 1.782374
0.950000 0.300000 0.949446 0.057731 1.747437
1.000000 0.300000 0.935365 0.053168 1.713493
1.050000 0.300000 0.921987 0.049217 1.680361
1.100000 0.300000 0.909268 0.045815 1.647899
1.150000 0.300000 0.897154 0.042909 1.615991
1.200000 0.300000 0.885586 0.040461 1.584551
1.250000 0.300000 0.874502 0.038439 1.553511
1.300000 0.300000 0.863838 0.036819 1.522824
1.350000 0.300000 0.853529 0.035579 1.492455
1.400000 0.300000 0.843512 0.034701 1.462384
1.450000 0.300000 0.833726 0.034163 1.432601
1.500000 0.300000 0.824119 0.033933 1.403112
1.550000 0.300000 0.814646 0.033965 1.373914
1.600000 0.300000 0.805282 0.034185 1.345058
1.650000 0.300000 0.796020 0.034470 1.316493
1.700000 0.300000 0.786913 0.034626 1.288455
1.750000 0.300000 0.778006 0.034353 1.260518
1.800000 0.300000 0.769580 0.033182 1.233966
1.850000 0.300000 0.761635 0.030432 1.205989
1.900000 0.300000 0.755299 0.025053 1.184089
1.950000 0.300000 0.749524 0.015665 1.150712
2.000000 0.300000 0.749524 0.000000 1.150712

0.000000 0.350000 1.000000 0.000000 2.582871
0.050000 0.350000 1.016607 0.075536 2.582871
0.100000 0.350000 1.043471 0.134677 2.597156
0.150000 0.350000 1.077428 0.174909 2.565267
0.200000 0.350000 1.109219 0.197220 2.517198
0.250000 0.350000 1.135219 0.205554 2.456515
0.300000 0.350000 1.153618 0.203842 2.390403
0.350000 0.350000 1.164345 0.195755 2.323447
0.400000 0.350000 1.168218 0.184057 2.258201
0.450000 0.350000 1.166404 0.170729 2.196290
0.500000 0.350000 1.160142 0.157048 2.138268
0.550000 0.350000 1.150563 0.143786 2.084242
0.600000 0.350000 1.138631 0.131360 2.033961
0.650000 0.350000 1.125124 0.119958 1.987041
0.700000 0.350000 1.110652 0.109630 1.943037
0.750000 0.350000 1.095679 0.100347 1.901511
0.800000 0.350000 1.080546 0.092045 1.862061
0.850000 0.350000 1.065500 0.084642 1.824332
0.900000 0.350000 1.050714 0.078059 1.788023
0.950000 0.350000 1.036299 0.072218 1.752879
1.000000 0.350000 1.022325 0.067055 1.718691
1.050000 0.350000 1.008826 0.062512 1.685288
1.100000 0.350000 0.995811 0.058542 1.652534
1.150000 0.350000 0.983271 0.055107 1.620318
1.200000 0.350000 0.971182 0.052175 1.588555
1.250000 0.350000 0.959509 0.049721 1.557180
1.300000 0.350000 0.948212 0.047723 1.526142
1.350000 0.350000 0.937245 0.046163 1.495406
1.400000 0.350000 0.926560 0.045019 1.464951
1.450000 0.350000 0.916112 0.044265 1.434761
1.500000 0.350000 0.905857 0.043865 1.404837
1.550000 0.350000 0.895762 0.043757 1.375169
1.600000 0.350000 0.885810 0.043846 1.345802
1.650000 0.350000 0.875997 0.043980 1.316672
1.700000 0.350000 0.866384 0.043919 1.288013
1.750000 0.350000 0.857018 0.043295 1.259369
1.800000 0.350000 0.848187 0.041549 1.232058
1.850000 0.350000 0.839882 0.037862 1.203137
1.900000 0.350000 0.833266 0.030994 1.180421
1.950000 0.350000 0.827236 0.019267 1.145489
2.000000 0.350000 0.827235 0.000000 1.145489

0.000000 0.400000 1.000000 0.000000 2.501737
0.050000 0.400000 1.013016 0.056942 2.501737
0.100000 0.400000 1.036037 0.105346 2.521007
0.150000 0.400000 1.068028 0.141858 2.500252
0.200000 0.400000 1.101069 0.166081 2.466212
0.250000 0.400000 1.131481 0.179609 2.418395
0.300000 0.400000 1.156559 0.184623 2.363695
0.350000 0.400000 1.175265 0.183471 2.305748
0.400000 0.400000 1.187509 0.178165 2.247438
0.450000 0.400000 1.193810 0.170304 2.190602
0.500000 0.400000 1.194990 0.161057 2.136222
0.550000 0.400000 1.191961 0.151231 2.084742
0.600000 0.400000 1.185615 0.141357 2.036210
0.650000 0.400000 1.176751 0.131763 1.990464
0.700000 0.400000 1.166052 0.122641 1.947224
0.750000 0.400000 1.154081 0.114092 1.906172
0.800000 0.400000 1.141286 0.106162 1.866985
0.850000 0.400000 1.128017 0.098862 1.829367
0.900000 0.400000 1.114541 0.092187 1.793054
0.950000 0.400000 1.101052 0.086120 1.757821
1.000000 0.400000 1.087691 0.080642 1.723477
1.050000 0.400000 1.074553 0.075731 1.689866
1.100000 0.400000 1.061698 0.071369 1.656860
1.150000 0.400000 1.049158 0.067538 1.624357
1.200000 0.400000 1.036946 0.064222 1.592275
1.250000 0.400000 1.025058 0.061408 1.560553
1.300000 0.400000 1.013478 0.059082 1.529142
1.350000 0.400000 1.002182 0.057229 1.498008
1.400000 0.400000 0.991141 0.055832 1.467129
1.450000 0.400000 0.980322 0.054864 1.436486
1.500000 0.400000 0.969698 0.054281 1.406082
1.550000 0.400000 0.959240 0.054013 1.375902
1.600000 0.400000 0.948941 0.053946 1.345991
1.650000 0.400000 0.938799 0.053899 1.316282
1.700000 0.400000 0.928876 0.053588 1.287011
1.750000 0.400000 0.919216 0.052583 1.257705
1.800000 0.400000 0.910108 0.050227 1.229721
1.850000 0.400000 0.901539 0.045565 1.199997
1.900000 0.400000 0.894700 0.037157 1.176622
1.950000 0.400000 0.888452 0.023012 1.140387
2.000000 0.400000 0.888451 0.000000 1.140387

0.000000 0.450000 1.000000 0.000000 2.447500
0.050000 0.450000 1.010728 0.041358 2.447500
0.100000 0.450000 1.030794 0.079008 2.467454
0.150000 0.450000 1.060295 0.110106 2.452694
0.200000 0.450000 1.092599 0.133740 2.426615
0.250000 0.450000 1.124316 0.150114 2.386966
0.300000 0.450000 1.152484 0.160086 2.339980
0.350000 0.450000 1.175577 0.164831 2.288619
0.400000 0.450000 1.192946 0.165534 2.235745
0.450000 0.450000 1.204632 0.163266 2.183208
0.500000 0.450000 1.211093 0.158913 2.132164
0.550000 0.450000 1.213002 0.153175 2.083222
0.600000 0.450000 1.211110 0.146584 2.036600
0.650000 0.450000 1.206156 0.139534 1.992270
0.700000 0.450000 1.198815 0.132313 1.950065
0.750000 0.450000 1.189674 0.125126 1.909748
0.800000 0.450000 1.179225 0.118121 1.871063
0.850000 0.450000 1.167871 0.111400 1.833763
0.900000 0.450000 1.155930 0.105036 1.797620
0.950000 0.450000 1.143651 0.099080 1.762437
1.000000 0.450000 1.131221 0.093566 1.728046
1.050000 0.450000 1.118779 0.088517 1.694307
1.100000 0.450000 1.106425 0.083948 1.661105
1.150000 0.450000 1.094226 0.079870 1.628348
1.200000 0.450000 1.082225 0.076286 1.595964
1.250000 0.450000 1.070444 0.073200 1.563895
1.300000 0.450000 1.058893 0.070610 1.532098
1.350000 0.450000 1.047568 0.068510 1.500541
1.400000 0.450000 1.036458 0.066888 1.469202
1.450000 0.450000 1.025547 0.065718 1.438069
1.500000 0.450000 1.014816 0.064955 1.407141
1.550000 0.450000 1.004248 0.064523 1.376408
1.600000 0.450000 0.993837 0.064293 1.345919
1.650000 0.450000 0.983582 0.064058 1.315608
1.700000 0.450000 0.973539 0.063494 1.285726
1.750000 0.450000 0.963746 0.062106 1.255790
1.800000 0.450000 0.954489 0.059141 1.227200
1.850000 0.450000 0.945743 0.053498 1.196788
1.900000 0.450000 0.938737 0.043524 1.172886
1.950000 0.450000 0.932303 0.026898 1.135546
2.000000 0.450000 0.932302 0.000000 1.135546

0.000000 0.500000 1.000000 0.000000 2.412398
0.050000 0.500000 1.009465 0.027724 2.412398
0.100000 0.500000 1.027552 0.055118 2.431128
0.150000 0.500000 1.054763 0.080211 2.418866
0.200000 0.500000 1.085367 0.101964 2.396454
0.250000 0.500000 1.116332 0.119722 2.361232
0.300000 0.500000 1.144806 0.133337 2.318819
0.350000 0.500000 1.169156 0.142993 2.271782
0.400000 0.500000 1.188523 0.149091 2.222812
0.450000 0.500000 1.202708 0.152136 2.173666
0.500000 0.500000 1.211945 0.152665 2.125500
0.550000 0.500000 1.216723 0.151191 2.078952
0.600000 0.500000 1.217655 0.148178 2.034288
0.650000 0.500000 1.215382 0.144033 1.991537
0.700000 0.500000 1.210518 0.139098 1.950581
0.750000 0.500000 1.203618 0.133657 1.911231
0.800000 0.500000 1.195159 0.127940 1.873273
0.850000 0.500000 1.185545 0.122133 1.836494
0.900000 0.500000 1.175104 0.116383 1.800700
0.950000 0.500000 1.164101 0.110806 1.765718
1.000000 0.500000 1.152742 0.105489 1.731403
1.050000 0.500000 1.141187 0.100503 1.697635
1.100000 0.500000 1.129558 0.095899 1.664314
1.150000 0.500000 1.117944 0.091716 1.631363
1.200000 0.500000 1.106410 0.087981 1.598717
1.250000 0.500000 1.094999 0.084717 1.566329
1.300000 0.500000 1.083739 0.081936 1.534161
1.350000 0.500000 1.072647 0.079642 1.502185
1.400000 0.500000 1.061727 0.077832 1.470385
1.450000 0.500000 1.050976 0.076485 1.438750
1.500000 0.500000 1.040388 0.075558 1.407285
1.550000 0.500000 1.029950 0.074972 1.375986
1.600000 0.500000 1.019657 0.074590 1.344909
1.650000 0.500000 1.009505 0.074183 1.313997
1.700000 0.500000 0.999541 0.073390 1.283522
1.750000 0.500000 0.989784 0.071654 1.252998
1.800000 0.500000 0.980513 0.068119 1.223885
1.850000 0.500000 0.971690 0.061533 1.192909
1.900000 0.500000 0.964576 0.050006 1.168643
1.950000 0.500000 0.957987 0.030870 1.130435
2.000000 0.500000 0.957987 0.000000 1.130435

0.000000 0.550000 1.000000 0.000000 2.395838
0.050000 0.550000 1.009022 0.015309 2.395838
0.100000 0.550000 1.026007 0.033218 2.412556
0.150000 0.550000 1.051296 0.052546 2.400118
0.200000 0.550000 1.079608 0.072188 2.377893
0.250000 0.550000 1.108236 0.090782 2.343836
0.300000 0.550000 1.134675 0.107343 2.303132
0.350000 0.550000 1.157494 0.121201 2.258243
0.400000 0.550000 1.175932 0.132064 2.211624
0.450000 0.550000 1.189791 0.139923 2.164875
0.500000 0.550000 1.199242 0.144974 2.119017
0.550000 0.550000 1.204679 0.147539 2.074601
0.600000 0.550000 1.206605 0.147997 2.031840
0.650000 0.550000 1.205557 0.146741 1.990733
0.700000 0.550000 1.202056 0.144146 1.951160
0.750000 0.550000 1.196575 0.140553 1.912938
0.800000 0.550000 1.189534 0.136260 1.875871
0.850000 0.550000 1.181288 0.131521 1.839767
0.900000 0.550000 1.172134 0.126545 1.804455
0.950000 0.550000 1.162316 0.121507 1.769786
1.000000 0.550000 1.152032 0.116543 1.735638
1.050000 0.550000 1.141437 0.111763 1.701909
1.100000 0.550000 1.130657 0.107252 1.668520
1.150000 0.550000 1.119787 0.103078 1.635405
1.200000 0.550000 1.108904 0.099291 1.602515
1.250000 0.550000 1.098063 0.095928 1.569810
1.300000 0.550000 1.087308 0.093018 1.537261
1.350000 0.550000 1.076668 0.090578 1.504847
1.400000 0.550000 1.066162 0.088612 1.472556
1.450000 0.550000 1.055801 0.087109 1.440379
1.500000 0.550000 1.045586 0.086032 1.408327
1.550000 0.550000 1.035510 0.085304 1.376400
1.600000 0.550000 1.025567 0.084783 1.344665
1.650000 0.550000 1.015743 0.084228 1.313074
1.700000 0.550000 1.006069 0.083244 1.281926
1.750000 0.550000 0.996542 0.081215 1.250734
1.800000 0.550000 0.987421 0.077178 1.221030
1.850000 0.550000 0.978642 0.069713 1.189428
1.900000 0.550000 0.971496 0.056668 1.164773
1.950000 0.550000 0.964784 0.034997 1.125647
2.000000 0.550000 0.964784 0.000000 1.125647

0.000000 0.600000 1.000000 0.000000 2.392398
0.050000 0.600000 1.009343 0.002923 2.392398
0.100000 0.600000 1.025916 0.012146 2.404833
0.150000 0.600000 1.049343 0.026586 2.389204
0.200000 0.600000 1.074537 0.044780 2.363639
0.250000 0.600000 1.099136 0.064490 2.327730
0.300000 0.600000 1.121222 0.083896 2.286209
0.350000 0.600000 1.139839 0.101564 2.241630
0.400000 0.600000 1.154589 0.116623 2.196094
0.450000 0.600000 1.165473 0.128658 2.150961
0.500000 0.600000 1.172734 0.137612 2.106990
0.550000 0.600000 1.176740 0.143664 2.064542
0.600000 0.600000 1.177910 0.147138 2.023686
0.650000 0.600000 1.176668 0.148424 1.984332
0.700000 0.600000 1.173412 0.147923 1.946306
0.750000 0.600000 1.168502 0.146024 1.909404
0.800000 0.600000 1.162253 0.143075 1.873426
0.850000 0.600000 1.154938 0.139382 1.838191
0.900000 0.600000 1.146784 0.135206 1.803543
0.950000 0.600000 1.137986 0.130762 1.769357
1.000000 0.600000 1.128703 0.126225 1.735530
1.050000 0.600000 1.119067 0.121737 1.701983
1.100000 0.600000 1.109189 0.117410 1.668654
1.150000 0.600000 1.099158 0.113332 1.635496
1.200000 0.600000 1.089052 0.109571 1.602471
1.250000 0.600000 1.078931 0.106181 1.569553
1.300000 0.600000 1.068846 0.103201 1.536720
1.350000 0.600000 1.058839 0.100660 1.503957
1.400000 0.600000 1.048941 0.098573 1.471255
1.450000 0.600000 1.039172 0.096939 1.438610
1.500000 0.600000 1.029542 0.095730 1.406036
1.550000 0.600000 1.020050 0.094876 1.373536
1.600000 0.600000 1.010687 0.094241 1.341190
1.650000 0.600000 1.001427 0.093579 1.308958
1.700000 0.600000 0.992281 0.092470 1.277173
1.750000 0.600000 0.983208 0.090244 1.245349
1.800000 0.600000 0.974435 0.085830 1.215125
1.850000 0.600000 0.965852 0.077626 1.182995
1.900000 0.600000 0.958771 0.063181 1.158137
1.950000 0.600000 0.951982 0.039056 1.118402
2.000000 0.600000 0.951981 0.000000 1.118402

0.000000 0.650000 1.000000 0.000000 2.417191
0.050000 0.650000 1.010258 -0.008968 2.417191
0.100000 0.650000 1.026675 -0.006820 2.423433
0.150000 0.650000 1.047590 0.004512 2.401769
0.200000 0.650000 1.068114 0.022808 2.369060
0.250000 0.650000 1.086418 0.044560 2.328141
0.300000 0.650000 1.101531 0.067079 2.283117
0.350000 0.650000 1.113239 0.088264 2.236886
0.400000 0.650000 1.121715 0.106849 2.191028
0.450000 0.650000 1.127282 0.122186 2.146575
0.500000 0.650000 1.130312 0.134107 2.103887
0.550000 0.650000 1.131162 0.142755 2.063035
0.600000 0.650000 1.130157 0.148455 2.023863
0.650000 0.650000 1.127576 0.151619 1.986133
0.700000 0.650000 1.123665 0.152687 1.949578
0.750000 0.650000 1.118632 0.152082 1.913945
0.800000 0.650000 1.112658 0.150189 1.879014
0.850000 0.650000 1.105898 0.147349 1.844604
0.900000 0.650000 1.098487 0.143852 1.810573
0.950000 0.650000 1.090545 0.139938 1.776811
1.000000 0.650000 1.082176 0.135806 1.743238
1.050000 0.650000 1.073473 0.131615 1.709797
1.100000 0.650000 1.064517 0.127493 1.676444
1.150000 0.650000 1.055385 0.123541 1.643150
1.200000 0.650000 1.046144 0.119839 1.609894
1.250000 0.650000 1.036854 0.116448 1.576657
1.300000 0.650000 1.027573 0.113417 1.543428
1.350000 0.650000 1.018348 0.110784 1.510195
1.400000 0.650000 1.009221 0.108574 1.476951
1.450000 0.650000 1.000223 0.106795 1.443690
1.500000 0.650000 0.991376 0.105434 1.410423
1.550000 0.650000 0.982683 0.104433 1.377147
1.600000 0.650000 0.974136 0.103667 1.343940
1.650000 0.650000 0.965696 0.102897 1.310754
1.700000 0.650000 0.957349 0.101693 1.277946
1.750000 0.650000 0.949008 0.099338 1.245006
1.800000 0.650000 0.940849 0.094655 1.213695
1.850000 0.650000 0.932680 0.085845 1.180320
1.900000 0.650000 0.925821 0.070106 1.154582
1.950000 0.650000 0.918982 0.043514 1.113139
2.000000 0.650000 0.918982 0.000000 1.113139

0.000000 0.700000 1.000000 0.000000 2.444679
0.050000 0.700000 1.011751 -0.023380 2.444679
0.100000 0.700000 1.027505 -0.026611 2.433605
0.150000 0.700000 1.043588 -0.015817 2.400503
0.200000 0.700000 1.056392 0.004884 2.355572
0.250000 0.700000 1.065066 0.030038 2.306960
0.300000 0.700000 1.070094 0.056067 2.256752
0.350000 0.700000 1.072192 0.080388 2.208118
0.400000 0.700000 1.072174 0.101613 2.161659
0.450000 0.700000 1.070649 0.119111 2.117910
0.500000 0.700000 1.068055 0.132798 2.076680
0.550000 0.700000 1.064665 0.142900 2.037678
0.600000 0.700000 1.060641 0.149819 2.000481
0.650000 0.700000 1.056071 0.154022 1.964684
0.700000 0.700000 1.051001 0.155987 1.929918
0.750000 0.700000 1.045460 0.156163 1.895879
0.800000 0.700000 1.039468 0.154954 1.862328
0.850000 0.700000 1.033050 0.152710 1.829084
0.900000 0.700000 1.026234 0.149728 1.796016
0.950000 0.700000 1.019052 0.146256 1.763036
1.000000 0.700000 1.011547 0.142494 1.730083
1.050000 0.700000 1.003763 0.138605 1.697122
1.100000 0.700000 0.995751 0.134720 1.664130
1.150000 0.700000 0.987565 0.130942 1.631094
1.200000 0.700000 0.979260 0.127353 1.598007
1.250000 0.700000 0.970894 0.124017 1.564862
1.300000 0.700000 0.962523 0.120987 1.531654
1.350000 0.700000 0.954204 0.118306 1.498374
1.400000 0.700000 0.945988 0.116007 1.465015
1.450000 0.700000 0.937918 0.114108 1.431567
1.500000 0.700000 0.930028 0.112609 1.398034
1.550000 0.700000 0.922332 0.111474 1.364404
1.600000 0.700000 0.914827 0.110600 1.330750
1.650000 0.700000 0.907465 0.109768 1.297015
1.700000 0.700000 0.900209 0.108559 1.263586
1.750000 0.700000 0.892913 0.106237 1.229929
1.800000 0.700000 0.885682 0.101533 1.197989
1.850000 0.700000 0.878192 0.092457 1.163887
1.900000 0.700000 0.871732 0.075807 1.138010
1.950000 0.700000 0.864930 0.047206 1.096139
2.000000 0.700000 0.864930 0.000000 1.096139

0.000000 0.750000 1.000000 0.000000 2.562435
0.050000 0.750000 1.012402 -0.033292 2.562435
0.100000 0.750000 1.025042 -0.036240 2.525763
0.150000 0.750000 1.031782 -0.021786 2.475672
0.200000 0.750000 1.032150 0.003922 2.411168
0.250000 0.750000 1.026954 0.033309 2.350107
0.300000 0.750000 1.018689 0.062360 2.291047
0.350000 0.750000 1.008962 0.088506 2.237606
0.400000 0.750000 0.999065 0.110668 2.188851
0.450000 0.750000 0.989651 0.128534 2.144594
0.500000 0.750000 0.981019 0.142285 2.103868
0.550000 0.750000 0.973199 0.152332 2.065904
0.600000 0.750000 0.966085 0.159184 2.029933
0.650000 0.750000 0.959506 0.163367 1.995343
0.700000 0.750000 0.953279 0.165378 1.961641
0.750000 0.750000 0.947232 0.165667 1.928463
0.800000 0.750000 0.941225 0.164622 1.895543
0.850000 0.750000 0.935149 0.162579 1.862702
0.900000 0.750000 0.928928 0.159814 1.829823
0.950000 0.750000 0.922516 0.156558 1.796838
1.000000 0.750000 0.915893 0.152996 1.763712
1.050000 0.750000 0.909059 0.149280 1.730431
1.100000 0.750000 0.902035 0.145528 1.696995
1.150000 0.750000 0.894853 0.141835 1.663412
1.200000 0.750000 0.887558 0.138278 1.629687
1.250000 0.750000 0.880201 0.134918 1.595827
1.300000 0.750000 0.872841 0.131806 1.561831
1.350000 0.750000 0.865539 0.128984 1.527690
1.400000 0.750000 0.858356 0.126488 1.493390
1.450000 0.750000 0.851352 0.124346 1.458904
1.500000 0.750000 0.844576 0.122571 1.424209
1.550000 0.750000 0.838061 0.121148 1.389254
1.600000 0.750000 0.831818 0.120000 1.354060
1.650000 0.750000 0.825807 0.118946 1.318491
1.700000 0.750000 0.819975 0.117597 1.282878
1.750000 0.750000 0.814120 0.115225 1.246530
1.800000 0.750000 0.808263 0.110499 1.211504
1.850000 0.750000 0.801877 0.101233 1.173414
1.900000 0.750000 0.796186 0.083748 1.143905
1.950000 0.750000 0.789396 0.052849 1.095657
2.000000 0.750000 0.789396 0.000000 1.095657

0.000000 0.800000 1.000000 0.000000 2.592024
0.050000 0.800000 1.009913 -0.053400 2.592024
0.100000 0.800000 1.013313 -0.051853 2.484628
0.150000 0.800000 1.001307 -0.029175 2.409762
0.200000 0.800000 0.982221 0.003945 2.321174
0.250000 0.800000 0.958580 0.037709 2.249570
0.300000 0.800000 0.934810 0.068510 2.184603
0.350000 0.800000 0.912648 0.094555 2.129720
0.400000 0.800000 0.893234 0.115591 2.081674
0.450000 0.800000 0.876763 0.131909 2.039482
0.500000 0.800000 0.863076 0.144081 2.001430
0.550000 0.800000 0.851774 0.152735 1.966380
0.600000 0.800000 0.842394 0.158479 1.933324
0.650000 0.800000 0.834476 0.161861 1.901531
0.700000 0.800000 0.827608 0.163358 1.870454
0.750000 0.800000 0.821442 0.163379 1.839708
0.800000 0.800000 0.815700 0.162267 1.809035
0.850000 0.800000 0.810166 0.160307 1.778268
0.900000 0.800000 0.804686 0.157733 1.747313
0.950000 0.800000 0.799151 0.154737 1.716122
1.000000 0.800000 0.793498 0.151472 1.684682
1.050000 0.800000 0.787695 0.148062 1.652997
1.100000 0.800000 0.781737 0.144604 1.621086
1.150000 0.800000 0.775643 0.141177 1.588968
1.200000 0.800000 0.769446 0.137843 1.556662
1.250000 0.800000 0.763194 0.134654 1.524180
1.300000 0.800000 0.756946 0.131652 1.491526
1.350000 0.800000 0.750767 0.128877 1.458692
1.400000 0.800000 0.744728 0.126364 1.425659
1.450000 0.800000 0.738901 0.124144 1.392391
1.500000 0.800000 0.733355 0.122244 1.358850
1.550000 0.800000 0.728147 0.120669 1.324961
1.600000 0.800000 0.723315 0.119384 1.290721
1.650000 0.800000 0.718836 0.118260 1.255955
1.700000 0.800000 0.714669 0.116986 1.221000
1.750000 0.800000 0.710563 0.114908 1.185096
1.800000 0.800000 0.706455 0.110727 1.150553
1.850000 0.800000 0.701546 0.102166 1.112728
1.900000 0.800000 0.696873 0.085100 1.084526
1.950000 0.800000 0.690336 0.053946 1.038340
2.000000 0.800000 0.690336 0.000000 1.038340

0.000000 0.850000 1.000000 0.000000 3.046422
0.050000 0.850000 0.992161 -0.033886 3.046422
0.100000 0.850000 0.973453 -0.010802 2.832188
0.150000 0.850000 0.931480 0.023376 2.711375
0.200000 0.850000 0.887330 0.061012 2.576865
0.250000 0.850000 0.843574 0.094092 2.481129
0.300000 0.850000 0.805378 0.121407 2.400603
0.350000 0.850000 0.773189 0.142816 2.337734
0.400000 0.850000 0.747115 0.159076 2.285533
0.450000 0.850000 0.726366 0.171019 2.241462
0.500000 0.850000 0.710071 0.179445 2.202550
0.550000 0.850000 0.697314 0.185035 2.166994
0.600000 0.850000 0.687277 0.188360 2.133385
0.650000 0.850000 0.679257 0.189886 2.100791
0.700000 0.850000 0.672674 0.189996 2.068570
0.750000 0.850000 0.667068 0.189005 2.036313
0.800000 0.850000 0.662081 0.187168 2.003772
0.850000 0.850000 0.657442 0.184696 1.970810
0.900000 0.850000 0.652958 0.181759 1.937373
0.950000 0.850000 0.648493 0.178498 1.903457
1.000000 0.850000 0.643961 0.175023 1.869089
1.050000 0.850000 0.639316 0.171425 1.834313
1.100000 0.850000 0.634543 0.167775 1.799182
1.150000 0.850000 0.629651 0.164130 1.763744
1.200000 0.850000 0.624668 0.160537 1.728042
1.250000 0.850000 0.619638 0.157033 1.692104
1.300000 0.850000 0.614618 0.153651 1.655943
1.350000 0.850000 0.609675 0.150421 1.619550
1.400000 0.850000 0.604886 0.147373 1.582890
1.450000 0.850000 0.600334 0.144534 1.545892
1.500000 0.850000 0.596109 0.141932 1.508457
1.550000 0.850000 0.592298 0.139582 1.470400
1.600000 0.850000 0.588982 0.137472 1.431551
1.650000 0.850000 0.586190 0.135521 1.391461
1.700000 0.850000 0.583938 0.133490 1.350105
1.750000 0.850000 0.581991 0.130823 1.306080
1.800000 0.850000 0.580266 0.126313 1.261289
1.850000 0.850000 0.577628 0.117608 1.209261
1.900000 0.850000 0.574972 0.100075 1.165611
1.950000 0.850000 0.568265 0.066024 1.091310
2.000000 0.850000 0.568265 0.000000 1.091310

0.000000 0.900000 1.000000 0.000000 2.671727
0.050000 0.900000 0.928134 -0.068559 2.671727
0.100000 0.900000 0.864205 -0.024038 2.267813
0.150000 0.900000 0.779635 0.021204 2.138580
0.200000 0.900000 0.712002 0.059644 1.995469
0.250000 0.900000 0.655080 0.087877 1.909707
0.300000 0.900000 0.610851 0.108291 1.840105
0.350000 0.900000 0.576447 0.122763 1.788997
0.400000 0.900000 0.550244 0.132900 1.747640
0.450000 0.900000 0.530374 0.139836 1.713528
0.500000 0.900000 0.515399 0.144382 1.683746
0.550000 0.900000 0.504106 0.147115 1.656707
0.600000 0.900000 0.495537 0.148458 1.631191
0.650000 0.900000 0.488936 0.148726 1.606431
0.700000 0.900000 0.483713 0.148163 1.581906
0.750000 0.900000 0.479418 0.146959 1.557294
0.800000 0.900000 0.475710 0.145265 1.532406
0.850000 0.900000 0.472337 0.143203 1.507144
0.900000 0.900000 0.469120 0.140871 1.481472
0.950000 0.900000 0.465936 0.138349 1.455395
1.000000 0.900000 0.462706 0.135700 1.428942
1.050000 0.900000 0.459387 0.132977 1.402155
1.100000 0.900000 0.455965 0.130220 1.375080
1.150000 0.900000 0.452445 0.127461 1.347760
1.200000 0.900000 0.448850 0.124728 1.320231
1.250000 0.900000 0.445218 0.122041 1.292520
1.300000 0.900000 0.441597 0.119422 1.264638
1.350000 0.900000 0.438047 0.116887 1.236577
1.400000 0.900000 0.434638 0.114458 1.208311
1.450000 0.900000 0.431451 0.112154 1.179783
1.500000 0.900000 0.428578 0.110001 1.150913
1.550000 0.900000 0.426118 0.108023 1.121553
1.600000 0.900000 0.424179 0.106237 1.091583
1.650000 0.900000 0.422837 0.104627 1.060645
1.700000 0.900000 0.422171 0.103093 1.028826
1.750000 0.900000 0.422016 0.101309 0.994970
1.800000 0.900000 0.422314 0.098447 0.961266
1.850000 0.900000 0.421760 0.092593 0.922031
1.900000 0.900000 0.420770 0.079372 0.892919
1.950000 0.900000 0.414976 0.052157 0.843782
2.000000 0.900000 0.414977 0.000000 0.843782

0.000000 0.950000 1.000000 0.000000 4.777199
0.050000 0.950000 0.724034 0.185755 4.777199
0.100000 0.950000 0.616000 0.234512 3.844633
0.150000 0.950000 0.508193 0.254708 3.556426
0.200000 0.950000 0.439440 0.263334 3.301702
0.250000 0.950000 0.388124 0.268828 3.162634
0.300000 0.950000 0.352282 0.272059 3.062282
0.350000 0.950000 0.326394 0.273933 2.993539
0.400000 0.950000 0.307883 0.274666 2.940309
0.450000 0.950000 0.294540 0.274500 2.896661
0.500000 0.950000 0.284930 0.273568 2.857750
0.550000 0.950000 0.277976 0.271987 2.821019
0.600000 0.950000 0.272906 0.269846 2.784781
0.650000 0.950000 0.269148 0.267223 2.748083
0.700000 0.950000 0.266280 0.264186 2.710381
0.750000 0.950000 0.263989 0.260798 2.671419
0.800000 0.950000 0.262048 0.257116 2.631116
0.850000 0.950000 0.260293 0.253193 2.589508
0.900000 0.950000 0.258609 0.249074 2.546701
0.950000 0.950000 0.256922 0.244802 2.502836
1.000000 0.950000 0.255183 0.240414 2.458071
1.050000 0.950000 0.253371 0.235941 2.412566
1.100000 0.950000 0.251478 0.231410 2.366467
1.150000 0.950000 0.249511 0.226843 2.319905
1.200000 0.950000 0.247488 0.222258 2.272988
1.250000 0.950000 0.245436 0.217670 2.225796
1.300000 0.950000 0.243388 0.213090 2.178377
1.350000 0.950000 0.241388 0.208528 2.130739
1.400000 0.950000 0.239486 0.203990 2.082844
1.450000 0.950000 0.237746 0.199480 2.034582
1.500000 0.950000 0.236246 0.194999 1.985756
1.550000 0.950000 0.235083 0.190541 1.935997
1.600000 0.950000 0.234385 0.186088 1.884771
1.650000 0.950000 0.234289 0.181583 1.831008
1.700000 0.950000 0.234996 0.176912 1.773547
1.750000 0.950000 0.236559 0.171743 1.709049
1.800000 0.950000 0.239265 0.165440 1.636677
1.850000 0.950000 0.241908 0.156036 1.543210
1.900000 0.950000 0.245479 0.139412 1.447017
1.950000 0.950000 0.238409 0.101150 1.267027
2.000000 0.950000 0.238409 0.000000 1.267027

0.000000 1.000000 0.000000 0.000000 0.000000
0.050000 1.000000 0.000000 0.000000 0.000000
0.100000 1.000000 0.000000 0.000000 0.000000
0.150000 1.000000 0.000000 0.000000 0.000000
0.200000 1.000000 0.000000 0.000000 0.000000
0.250000 1.000000 0.000000 0.000000 0.000000
0.300000 1.000000 0.000000 0.000000 0.000000
0.350000 1.000000 0.000000 0.000000 0.000000
0.400000 1.000000 0.000000 0.000000 0.000000
0.450000 1.000000 0.000000 0.000000 0.000000
0.500000 1.000000 0.000000 0.000000 0.000000
0.550000 1.000000 0.000000 0.000000 0.000000
0.600000 1.000000 0.000000 0.000000 0.000000
0.650000 1.000000 0.000000 0.000000 0.000000
0.700000 1.000000 0.000000 0.000000 0.000000
0.750000 1.000000 0.000000 0.000000 0.000000
0.800000 1.000000 0.000000 0.000000 0.000000
0.850000 1.000000 0.000000 0.000000 0.000000
0.900000 1.000000 0.000000 0.000000 0.000000
0.950000 1.000000 0.000000 0.000000 0.000000
1.000000 1.000000 0.000000 0.000000 0.000000
1.050000 1.000000 0.000000 0.000000 0.000000
1.100000 1.000000 0.000000 0.000000 0.000000
1.150000 1.000000 0.000000 0.000000 0.000000
1.200000 1.000000 0.000000 0.000000 0.000000
1.250000 1.000000 0.000000 0.000000 0.000000
1.300000 1.000000 0.000000 0.000000 0.000000
1.350000 1.000000 0.000000 0.000000 0.000000
1.400000 1.000000 0.000000 0.000000 0.000000
1.450000 1.000000 0.000000 0.000000 0.000000
1.500000 1.000000 0.000000 0.000000 0.000000
1.550000 1.000000 0.000000 0.000000 0.000000
1.600000 1.000000 0.000000 0.000000 0.000000
1.650000 1.000000 0.000000 0.000000 0.000000
1.700000 1.000000 0.000000 0.000000 0.000000
1.750000 1.000000 0.000000 0.000000 0.000000
1.800000 1.000000 0.000000 0.000000 0.000000
1.850000 1.000000 0.000000 0.000000 0.000000
1.900000 1.000000 0.000000 0.000000 0.000000
1.950000 1.000000 0.000000 0.000000 0.000000
2.000000 1.000000 0.000000 0.000000 0.000000

