0.000000 0.000000 0.000000 0.000000 5.195110
0.050000 0.000000 0.000000 0.000000 5.195110
0.100000 0.000000 0.000000 0.000000 3.730016
0.150000 0.000000 0.000000 0.000000 3.240241
0.200000 0.000000 0.000000 0.000000 2.804539
0.250000 0.000000 0.000000 0.000000 2.567779
0.300000 0.000000 0.000000 0.000000 2.394657
0.350000 0.000000 0.000000 0.000000 2.277045
0.400000 0.000000 0.000000 0.000000 2.186866
0.450000 0.000000 0.000000 0.000000 2.115965
0.500000 0.000000 0.000000 0.000000 2.056750
0.550000 0.000000 0.000000 0.000000 2.005660
0.600000 0.000000 0.000000 0.000000 1.960110
0.650000 0.000000 0.000000 0.000000 1.918563
0.700000 0.000000 0.000000 0.000000 1.879941
0.750000 0.000000 0.000000 0.000000 1.843515
0.800000 0.000000 0.000000 0.000000 1.808758
0.850000 0.000000 0.000000 0.000000 1.775284
0.900000 0.000000 0.000000 0.000000 1.742807
0.950000 0.000000 0.000000 0.000000 1.711108
1.000000 0.000000 0.000000 0.000000 1.680019
1.050000 0.000000 0.000000 0.000000 1.649411
1.100000 0.000000 0.000000 0.000000 1.619182
1.150000 0.000000 0.000000 0.000000 1.589256
1.200000 0.000000 0.000000 0.000000 1.559578
1.250000 0.000000 0.000000 0.000000 1.530109
1.300000 0.000000 0.000000 0.000000 1.500825
1.350000 0.000000 0.000000 0.000000 1.471719
1.400000 0.000000 0.000000 0.000000 1.442802
1.450000 0.000000 0.000000 0.000000 1.414101
1.500000 0.000000 0.000000 0.000000 1.385671
1.550000 0.000000 0.000000 0.000000 1.357581
1.600000 0.000000 0.000000 0.000000 1.329971
1.650000 0.000000 0.000000 0.000000 1.302948
1.700000 0.000000 0.000000 0.000000 1.276873
1.750000 0.000000 0.000000 0.000000 1.251721
1.800000 0.000000 0.000000 0.000000 1.228675
1.850000 0.000000 0.000000 0.000000 1.206328
1.900000 0.000000 0.000000 0.000000 1.189746
1.950000 0.000000 0.000000 0.000000 1.168733
2.000000 0.000000 0.000000 0.000000 1.168733

0.000000 0.050000 1.000000 0.000000 5.195110
0.050000 0.050000 0.766290 0.138762 5.195110
0.100000 0.050000 0.689907 0.130929 3.730016
0.150000 0.050000 0.574358 0.104769 3.240241
0.200000 0.050000 0.495599 0.075941 2.804539
0.250000 0.050000 0.430689 0.054159 2.567779
0.300000 0.050000 0.382684 0.038687 2.394657
0.350000 0.050000 0.345505 0.028177 2.277045
0.400000 0.050000 0.316915 0.021023 2.186866
0.450000 0.050000 0.294405 0.016099 2.115965
0.500000 0.050000 0.276463 0.012632 2.056750
0.550000 0.050000 0.261910 0.010128 2.005660
0.600000 0.050000 0.249937 0.008276 1.960110
0.650000 0.050000 0.239949 0.006873 1.918563
0.700000 0.050000 0.231511 0.005790 1.879941
0.750000 0.050000 0.224301 0.004938 1.843515
0.800000 0.050000 0.218075 0.004259 1.808758
0.850000 0.050000 0.212647 0.003711 1.775284
0.900000 0.050000 0.207871 0.003263 1.742807
0.950000 0.050000 0.203634 0.002896 1.711108
1.000000 0.050000 0.199842 0.002592 1.680019
1.050000 0.050000 0.196421 0.002341 1.649411
1.100000 0.050000 0.193308 0.002133 1.619182
1.150000 0.050000 0.190450 0.001964 1.589256
1.200000 0.050000 0.187799 0.001828 1.559578
1.250000 0.050000 0.185315 0.001722 1.530109
1.300000 0.050000 0.182958 0.001644 1.500825
1.350000 0.050000 0.180694 0.001594 1.471719
1.400000 0.050000 0.178486 0.001569 1.442802
1.450000 0.050000 0.176303 0.001572 1.414101
1.500000 0.050000 0.174109 0.001602 1.385671
1.550000 0.050000 0.171871 0.001659 1.357581
1.600000 0.050000 0.169559 0.001744 1.329971
1.650000 0.050000 0.167139 0.001853 1.302948
1.700000 0.050000 0.164603 0.001978 1.276873
1.750000 0.050000 0.161917 0.002104 1.251721
1.800000 0.050000 0.159180 0.002189 1.228675
1.850000 0.050000 0.156307 0.002184 1.206328
1.900000 0.050000 0.153873 0.001937 1.189746
1.950000 0.050000 0.151276 0.001373 1.168733
2.000000 0.050000 0.151276 0.000000 1.168733

0.000000 0.100000 1.000000 0.000000 4.092876
0.050000 0.100000 0.972599 0.211355 4.092876
0.100000 0.100000 0.949079 0.220697 3.468587
0.150000 0.100000 0.877461 0.193606 3.173939
0.200000 0.100000 0.808536 0.153283 2.855364
0.250000 0.100000 0.739688 0.118300 2.645839
0.300000 0.100000 0.680074 0.090445 2.475642
0.350000 0.100000 0.628917 0.069623 2.349228
0.400000 0.100000 0.586281 0.054238 2.248195
0.450000 0.100000 0.550770 0.042902 2.166984
0.500000 0.100000 0.521228 0.034472 2.099043
0.550000 0.100000 0.496499 0.028127 2.040850
0.600000 0.100000 0.475655 0.023281 1.989618
0.650000 0.100000 0.457931 0.019527 1.943541
0.700000 0.100000 0.442726 0.016578 1.901297
0.750000 0.100000 0.429568 0.014231 1.861955
0.800000 0.100000 0.418081 0.012341 1.824831
0.850000 0.100000 0.407972 0.010803 1.789421
0.900000 0.100000 0.399004 0.009541 1.755349
0.950000 0.100000 0.390988 0.008499 1.722327
1.000000 0.100000 0.383769 0.007633 1.690136
1.050000 0.100000 0.377218 0.006914 1.658607
1.100000 0.100000 0.371228 0.006319 1.627611
1.150000 0.100000 0.365705 0.005829 1.597050
1.200000 0.100000 0.360568 0.005433 1.566852
1.250000 0.100000 0.355742 0.005122 1.536965
1.300000 0.100000 0.351162 0.004889 1.507357
1.350000 0.100000 0.346764 0.004731 1.478014
1.400000 0.100000 0.342488 0.004645 1.448939
1.450000 0.100000 0.338279 0.004631 1.420153
1.500000 0.100000 0.334080 0.004688 1.391702
1.550000 0.100000 0.329841 0.004813 1.363642
1.600000 0.100000 0.325519 0.005002 1.336091
1.650000 0.100000 0.321072 0.005243 1.309112
1.700000 0.100000 0.316502 0.005507 1.283026
1.750000 0.100000 0.311791 0.005747 1.257663
1.800000 0.100000 0.307103 0.005861 1.234205
1.850000 0.100000 0.302389 0.005713 1.210731
1.900000 0.100000 0.298472 0.004978 1.192959
1.950000 0.100000 0.294609 0.003410 1.168321
2.000000 0.100000 0.294609 0.000000 1.168321

0.000000 0.150000 1.000000 0.000000 3.565018
0.050000 0.150000 1.027434 0.188891 3.565018
0.100000 0.150000 1.044051 0.241018 3.249134
0.150000 0.150000 1.022487 0.241257 3.035719
0.200000 0.150000 0.985491 0.213412 2.798543
0.250000 0.150000 0.937336 0.179820 2.622386
0.300000 0.150000 0.888034 0.147611 2.472941
0.350000 0.150000 0.840725 0.120167 2.355605
0.400000 0.150000 0.797767 0.097801 2.258897
0.450000 0.150000 0.759599 0.080024 2.179054
0.500000 0.150000 0.726166 0.066011 2.111161
0.550000 0.150000 0.697008 0.054976 2.052351
0.600000 0.150000 0.671594 0.046253 2.000252
0.650000 0.150000 0.649382 0.039310 1.953244
0.700000 0.150000 0.629885 0.033740 1.910102
0.750000 0.150000 0.612679 0.029233 1.869934
0.800000 0.150000 0.597410 0.025554 1.832071
0.850000 0.150000 0.583777 0.022526 1.796008
0.900000 0.150000 0.571533 0.020017 1.761362
0.950000 0.150000 0.560471 0.017927 1.727838
1.000000 0.150000 0.550414 0.016179 1.695207
1.050000 0.150000 0.541214 0.014716 1.663295
1.100000 0.150000 0.532743 0.013496 1.631964
1.150000 0.150000 0.524887 0.012486 1.601111
1.200000 0.150000 0.517546 0.011662 1.570658
1.250000 0.150000 0.510629 0.011007 1.540550
1.300000 0.150000 0.504052 0.010507 1.510748
1.350000 0.150000 0.497737 0.010155 1.481236
1.400000 0.150000 0.491608 0.009944 1.452011
1.450000 0.150000 0.485597 0.009870 1.423085
1.500000 0.150000 0.479638 0.009928 1.394497
1.550000 0.150000 0.473673 0.010108 1.366286
1.600000 0.150000 0.467657 0.010394 1.338556
1.650000 0.150000 0.461552 0.010753 1.311336
1.700000 0.150000 0.455376 0.011123 1.284925
1.750000 0.150000 0.449131 0.011402 1.259075
1.800000 0.150000 0.443033 0.011403 1.234994
1.850000 0.150000 0.437066 0.010854 1.210483
1.900000 0.150000 0.432189 0.009254 1.191761
1.950000 0.150000 0.427596 0.006068 1.164763
2.000000 0.150000 0.427596 0.000000 1.164763

0.000000 0.200000 1.000000 0.000000 3.136366
0.050000 0.200000 1.033389 0.158976 3.136366
0.100000 0.200000 1.065000 0.229238 3.013988
0.150000 0.200000 1.076765 0.250681 2.885205
0.200000 0.200000 1.070924 0.240153 2.728049
0.250000 0.200000 1.049932 0.216339 2.592217
0.300000 0.200000 1.020765 0.188036 2.468067
0.350000 0.200000 0.987508 0.160560 2.362931
0.400000 0.200000 0.953533 0.135979 2.272181
0.450000 0.200000 0.920618 0.114982 2.194440
0.500000 0.200000 0.889777 0.097461 2.126798
0.550000 0.200000 0.861397 0.083020 2.067299
0.600000 0.200000 0.835553 0.071174 2.014135
0.650000 0.200000 0.812132 0.061458 1.965951
0.700000 0.200000 0.790940 0.053466 1.921659
0.750000 0.200000 0.771754 0.046864 1.880428
0.800000 0.200000 0.754350 0.041379 1.841609
0.850000 0.200000 0.738518 0.036797 1.804698
0.900000 0.200000 0.724067 0.032951 1.769304
0.950000 0.200000 0.710828 0.029709 1.735123
1.000000 0.200000 0.698647 0.026971 1.701914
1.050000 0.200000 0.687388 0.024659 1.669493
1.100000 0.200000 0.676929 0.022712 1.637713
1.150000 0.200000 0.667159 0.021087 1.606464
1.200000 0.200000 0.657976 0.019747 1.575660
1.250000 0.200000 0.649286 0.018669 1.545240
1.300000 0.200000 0.640999 0.017833 1.515162
1.350000 0.200000 0.633033 0.017224 1.485400
1.400000 0.200000 0.625308 0.016833 1.455946
1.450000 0.200000 0.617752 0.016649 1.426804
1.500000 0.200000 0.610297 0.016659 1.397998
1.550000 0.200000 0.602885 0.016844 1.369551
1.600000 0.200000 0.595477 0.017171 1.341546
1.650000 0.200000 0.588044 0.017579 1.313975
1.700000 0.200000 0.580618 0.017968 1.287110
1.750000 0.200000 0.573224 0.018170 1.260621
1.800000 0.200000 0.566109 0.017907 1.235733
1.850000 0.200000 0.559273 0.016770 1.209990
1.900000 0.200000 0.553756 0.014076 1.190104
1.950000 0.200000 0.548663 0.009013 1.160635
2.000000 0.200000 0.548663 0.000000 1.160635

0.000000 0.250000 1.000000 0.000000 2.878503
0.050000 0.250000 1.028251 0.125912 2.878503
0.100000 0.250000 1.062241 0.199871 2.839248
0.150000 0.250000 1.090300 0.235104 2.756932
0.200000 0.250000 1.105393 0.240748 2.650526
0.250000 0.250000 1.106867 0.229674 2.545892
0.300000 0.250000 1.097856 0.209894 2.444558
0.350000 0.250000 1.081401 0.187131 2.353190
0.400000 0.250000 1.060509 0.164483 2.271033
0.450000 0.250000 1.037325 0.143585 2.198158
0.500000 0.250000 1.013393 0.125074 2.133180
0.550000 0.250000 0.989685 0.109067 2.074961
0.600000 0.250000 0.966790 0.095408 2.022276
0.650000 0.250000 0.945024 0.083832 1.974110
0.700000 0.250000 0.924534 0.074042 1.929589
0.750000 0.250000 0.905357 0.065759 1.888002
0.800000 0.250000 0.887467 0.058735 1.848771
0.850000 0.250000 0.870802 0.052761 1.811433
0.900000 0.250000 0.855278 0.047666 1.775619
0.950000 0.250000 0.840807 0.043311 1.741033
1.000000 0.250000 0.827293 0.039586 1.707442
1.050000 0.250000 0.814644 0.036404 1.674660
1.100000 0.250000 0.802767 0.033698 1.642540
1.150000 0.250000 0.791572 0.031414 1.610970
1.200000 0.250000 0.780973 0.029513 1.579863
1.250000 0.250000 0.770886 0.027962 1.549154
1.300000 0.250000 0.761230 0.026739 1.518796
1.350000 0.250000 0.751927 0.025826 1.488760
1.400000 0.250000 0.742901 0.025205 1.459031
1.450000 0.250000 0.734084 0.024862 1.429605
1.500000 0.250000 0.725413 0.024774 1.400496
1.550000 0.250000 0.716836 0.024909 1.371714
1.600000 0.250000 0.708319 0.025212 1.343321
1.650000 0.250000 0.699846 0.025595 1.315288
1.700000 0.250000 0.691460 0.025908 1.287863
1.750000 0.250000 0.683200 0.025920 1.260663
1.800000 0.250000 0.675335 0.025255 1.234943
1.850000 0.250000 0.667867 0.023369 1.208051
1.900000 0.250000 0.661887 0.019394 1.187122
1.950000 0.250000 0.656419 0.012239 1.155590
2.000000 0.250000 0.656419 0.000000 1.155590

0.000000 0.300000 1.000000 0.000000 2.700025
0.050000 0.300000 1.021759 0.098369 2.700025
0.100000 0.300000 1.052800 0.166910 2.699322
0.150000 0.300000 1.086505 0.207422 2.648931
0.200000 0.300000 1.113215 0.223879 2.578544
0.250000 0.300000 1.130146 0.223961 2.499601
0.300000 0.300000 1.137361 0.213699 2.418177
0.350000 0.300000 1.136239 0.198031 2.339997
0.400000 0.300000 1.128737 0.180182 2.266617
0.450000 0.300000 1.116670 0.162194 2.199156
0.500000 0.300000 1.101592 0.145185 2.137423
0.550000 0.300000 1.084698 0.129692 2.081010
0.600000 0.300000 1.066877 0.115892 2.029241
0.650000 0.300000 1.048755 0.103760 1.981441
0.700000 0.300000 1.030762 0.093173 1.936958
0.750000 0.300000 1.013181 0.083964 1.895219
0.800000 0.300000 0.996189 0.075963 1.855731
0.850000 0.300000 0.979888 0.069011 1.818081
0.900000 0.300000 0.964326 0.062967 1.781928
0.950000 0.300000 0.949515 0.057713 1.746993
1.000000 0.300000 0.935439 0.053151 1.713052
1.050000 0.300000 0.922067 0.049200 1.679924
1.100000 0.300000 0.909352 0.045798 1.647465
1.150000 0.300000 0.897243 0.042892 1.615562
1.200000 0.300000 0.885681 0.040444 1.584126
1.250000 0.300000 0.874602 0.038422 1.553091
1.300000 0.300000 0.863943 0.036802 1.522409
1.350000 0.300000 0.853639 0.035563 1.492045
1.400000 0.300000 0.843627 0.034684 1.461981
1.450000 0.300000 0.833846 0.034146 1.432204
1.500000 0.300000 0.824244 0.033916 1.402722
1.550000 0.300000 0.814776 0.033948 1.373530
1.600000 0.300000 0.805418 0.034167 1.344682
1.650000 0.300000 0.796160 0.034452 1.316124
1.700000 0.300000 0.787058 0.034608 1.288094
1.750000 0.300000 0.778156 0.034335 1.260165
1.800000 0.300000 0.769735 0.033166 1.233621
1.850000 0.300000 0.761793 0.030419 1.205653
1.900000 0.300000 0.755460 0.025042 1.183760
1.950000 0.300000 0.749688 0.015659 1.150394
2.000000 0.300000 0.749688 0.000000 1.150394

0.000000 0.350000 1.000000 0.000000 2.582422
0.050000 0.350000 1.016607 0.075534 2.582422
0.100000 0.350000 1.043472 0.134673 2.596708
0.150000 0.350000 1.077430 0.174903 2.564819
0.200000 0.350000 1.109223 0.197212 2.516750
0.250000 0.350000 1.135225 0.205544 2.456067
0.300000 0.350000 1.153627 0.203829 2.389954
0.350000 0.350000 1.164357 0.195741 2.322997
0.400000 0.350000 1.168234 0.184041 2.257750
0.450000 0.350000 1.166424 0.170711 2.195837
0.500000 0.350000 1.160167 0.157029 2.137814
0.550000 0.350000 1.150593 0.143766 2.083788
0.600000 0.350000 1.138665 0.131339 2.033507
0.650000 0.350000 1.125164 0.119937 1.986587
0.700000 0.350000 1.110698 0.109607 1.942583
0.750000 0.350000 1.095730 0.100324 1.901058
0.800000 0.350000 1.080602 0.092022 1.861609
0.850000 0.350000 1.065563 0.084619 1.823882
0.900000 0.350000 1.050782 0.078036 1.787574
0.950000 0.350000 1.036373 0.072195 1.752433
1.000000 0.350000 1.022405 0.067032 1.718248
1.050000 0.350000 1.008911 0.062489 1.684848
1.100000 0.350000 0.995902 0.058520 1.652098
1.150000 0.350000 0.983368 0.055085 1.619886
1.200000 0.350000 0.971284 0.052153 1.588127
1.250000 0.350000 0.959616 0.049699 1.556757
1.300000 0.350000 0.948325 0.047701 1.525724
1.350000 0.350000 0.937363 0.046141 1.494994
1.400000 0.350000 0.926684 0.044997 1.464545
1.450000 0.350000 0.916241 0.044243 1.434361
1.500000 0.350000 0.905992 0.043842 1.404443
1.550000 0.350000 0.895901 0.043734 1.374783
1.600000 0.350000 0.885954 0.043823 1.345423
1.650000 0.350000 0.876147 0.043957 1.316301
1.700000 0.350000 0.866539 0.043896 1.287650
1.750000 0.350000 0.857178 0.043274 1.259014
1.800000 0.350000 0.848351 0.041529 1.231712
1.850000 0.350000 0.840050 0.037844 1.202800
1.900000 0.350000 0.833437 0.030981 1.180091
1.950000 0.350000 0.827409 0.019260 1.145171
2.000000 0.350000 0.827409 0.000000 1.145171

0.000000 0.400000 1.000000 0.000000 2.501289
0.050000 0.400000 1.013016 0.056940 2.501289
0.100000 0.400000 1.036038 0.105341 2.520560
0.150000 0.400000 1.068030 0.141850 2.499805
0.200000 0.400000 1.101073 0.166071 2.465765
0.250000 0.400000 1.131487 0.179596 2.417948
0.300000 0.400000 1.156568 0.184607 2.363246
0.350000 0.400000 1.175278 0.183453 2.305298
0.400000 0.400000 1.187526 0.178144 2.246987
0.450000 0.400000 1.193832 0.170282 2.190150
0.500000 0.400000 1.195016 0.161033 2.135769
0.550000 0.400000 1.191992 0.151206 2.084288
0.600000 0.400000 1.185652 0.141331 2.035755
0.650000 0.400000 1.176793 0.131736 1.990008
0.700000 0.400000 1.166100 0.122613 1.946769
0.750000 0.400000 1.154134 0.114064 1.905716
0.800000 0.400000 1.141345 0.106133 1.866530
0.850000 0.400000 1.128082 0.098834 1.828914
0.900000 0.400000 1.114611 0.092158 1.792603
0.950000 0.400000 1.101128 0.086092 1.757372
1.000000 0.400000 1.087773 0.080613 1.723031
1.050000 0.400000 1.074641 0.075703 1.689423
1.100000 0.400000 1.061792 0.071341 1.656420
1.150000 0.400000 1.049258 0.067510 1.623921
1.200000 0.400000 1.037051 0.064195 1.591844
1.250000 0.400000 1.025169 0.061380 1.560127
1.300000 0.400000 1.013594 0.059054 1.528721
1.350000 0.400000 1.002303 0.057202 1.497593
1.400000 0.400000 0.991267 0.055805 1.466719
1.450000 0.400000 0.980455 0.054836 1.436083
1.500000 0.400000 0.969835 0.054253 1.405685
1.550000 0.400000 0.959383 0.053985 1.375513
1.600000 0.400000 0.949089 0.053918 1.345610
1.650000 0.400000 0.938952 0.053871 1.315908
1.700000 0.400000 0.929034 0.053561 1.286645
1.750000 0.400000 0.919378 0.052556 1.257349
1.800000 0.400000 0.910275 0.050203 1.229372
1.850000 0.400000 0.901709 0.045544 1.199659
1.900000 0.400000 0.894874 0.037141 1.176291
1.950000 0.400000 0.888628 0.023003 1.140068
2.000000 0.400000 0.888628 0.000000 1.140068

0.000000 0.450000 1.000000 0.000000 2.447052
0.050000 0.450000 1.010728 0.041355 2.447052
0.100000 0.450000 1.030796 0.079003 2.467008
0.150000 0.450000 1.060297 0.110097 2.452249
0.200000 0.450000 1.092604 0.133727 2.426169
0.250000 0.450000 1.124323 0.150099 2.386519
0.300000 0.450000 1.152495 0.160067 2.339533
0.350000 0.450000 1.175591 0.164809 2.288171
0.400000 0.450000 1.192964 0.165510 2.235295
0.450000 0.450000 1.204655 0.163239 2.182756
0.500000 0.450000 1.211120 0.158884 2.131710
0.550000 0.450000 1.213034 0.153145 2.082767
0.600000 0.450000 1.211148 0.146552 2.036143
0.650000 0.450000 1.206199 0.139501 1.991813
0.700000 0.450000 1.198864 0.132279 1.949607
0.750000 0.450000 1.189728 0.125092 1.909291
0.800000 0.450000 1.179285 0.118086 1.870607
0.850000 0.450000 1.167936 0.111365 1.833308
0.900000 0.450000 1.156001 0.105002 1.797167
0.950000 0.450000 1.143727 0.099046 1.761986
1.000000 0.450000 1.131303 0.093532 1.727597
1.050000 0.450000 1.118867 0.088483 1.693860
1.100000 0.450000 1.106518 0.083915 1.660662
1.150000 0.450000 1.094325 0.079836 1.627909
1.200000 0.450000 1.082329 0.076253 1.595530
1.250000 0.450000 1.070553 0.073167 1.563465
1.300000 0.450000 1.059007 0.070577 1.531673
1.350000 0.450000 1.047688 0.068478 1.500122
1.400000 0.450000 1.036583 0.066855 1.468790
1.450000 0.450000 1.025677 0.065685 1.437662
1.500000 0.450000 1.014951 0.064922 1.406741
1.550000 0.450000 1.004388 0.064490 1.376016
1.600000 0.450000 0.993981 0.064260 1.345535
1.650000 0.450000 0.983731 0.064025 1.315232
1.700000 0.450000 0.973693 0.063462 1.285358
1.750000 0.450000 0.963904 0.062075 1.255431
1.800000 0.450000 0.954651 0.059112 1.226850
1.850000 0.450000 0.945910 0.053474 1.196447
1.900000 0.450000 0.938907 0.043506 1.172554
1.950000 0.450000 0.932474 0.026888 1.135226
2.000000 0.450000 0.932474 0.000000 1.135226

0.000000 0.500000 1.000000 0.000000 2.411952
0.050000 0.500000 1.009465 0.027721 2.411952
0.100000 0.500000 1.027553 0.055111 2.430684
0.150000 0.500000 1.054766 0.080200 2.418422
0.200000 0.500000 1.085373 0.101949 2.396009
0.250000 0.500000 1.116340 0.119704 2.360787
0.300000 0.500000 1.144817 0.133315 2.318373
0.350000 0.500000 1.169172 0.142967 2.271334
0.400000 0.500000 1.188542 0.149062 2.222362
0.450000 0.500000 1.202732 0.152105 2.173214
0.500000 0.500000 1.211974 0.152631 2.125046
0.550000 0.500000 1.216756 0.151155 2.078496
0.600000 0.500000 1.217693 0.148141 2.033831
0.650000 0.500000 1.215425 0.143995 1.991079
0.700000 0.500000 1.210566 0.139059 1.950122
0.750000 0.500000 1.203671 0.133617 1.910772
0.800000 0.500000 1.195218 0.127900 1.872814
0.850000 0.500000 1.185609 0.122093 1.836036
0.900000 0.500000 1.175173 0.116343 1.800243
0.950000 0.500000 1.164175 0.110766 1.765263
1.000000 0.500000 1.152821 0.105450 1.730950
1.050000 0.500000 1.141271 0.100464 1.697185
1.100000 0.500000 1.129647 0.095860 1.663868
1.150000 0.500000 1.118038 0.091677 1.630920
1.200000 0.500000 1.106509 0.087943 1.598279
1.250000 0.500000 1.095102 0.084679 1.565896
1.300000 0.500000 1.083848 0.081898 1.533732
1.350000 0.500000 1.072760 0.079604 1.501762
1.400000 0.500000 1.061844 0.077794 1.469969
1.450000 0.500000 1.051098 0.076447 1.438340
1.500000 0.500000 1.040514 0.075520 1.406883
1.550000 0.500000 1.030081 0.074935 1.375591
1.600000 0.500000 1.019793 0.074552 1.344521
1.650000 0.500000 1.009645 0.074145 1.313618
1.700000 0.500000 0.999684 0.073354 1.283151
1.750000 0.500000 0.989931 0.071619 1.252637
1.800000 0.500000 0.980665 0.068087 1.223533
1.850000 0.500000 0.971845 0.061505 1.192567
1.900000 0.500000 0.964733 0.049985 1.168309
1.950000 0.500000 0.958147 0.030858 1.130114
2.000000 0.500000 0.958147 0.000000 1.130114

0.000000 0.550000 1.000000 0.000000 2.395394
0.050000 0.550000 1.009022 0.015305 2.395394
0.100000 0.550000 1.026009 0.033209 2.412113
0.150000 0.550000 1.051300 0.052533 2.399675
0.200000 0.550000 1.079614 0.072170 2.377450
0.250000 0.550000 1.108245 0.090760 2.343392
0.300000 0.550000 1.134688 0.107317 2.302686
0.350000 0.550000 1.157511 0.121171 2.257795
0.400000 0.550000 1.175953 0.132031 2.211174
0.450000 0.550000 1.189816 0.139887 2.164422
0.500000 0.550000 1.199271 0.144936 2.118562
0.550000 0.550000 1.204713 0.147499 2.074144
0.600000 0.550000 1.206643 0.147955 2.031381
0.650000 0.550000 1.205600 0.146698 1.990273
0.700000 0.550000 1.202103 0.144102 1.950698
0.750000 0.550000 1.196627 0.140509 1.912476
0.800000 0.550000 1.189590 0.136215 1.875409
0.850000 0.550000 1.181348 0.131476 1.839306
0.900000 0.550000 1.172198 0.126501 1.803995
0.950000 0.550000 1.162385 0.121462 1.769328
1.000000 0.550000 1.152105 0.116498 1.735182
1.050000 0.550000 1.141515 0.111719 1.701456
1.100000 0.550000 1.130738 0.107209 1.668069
1.150000 0.550000 1.119873 0.103035 1.634958
1.200000 0.550000 1.108993 0.099248 1.602072
1.250000 0.550000 1.098157 0.095886 1.569372
1.300000 0.550000 1.087405 0.092976 1.536829
1.350000 0.550000 1.076769 0.090536 1.504421
1.400000 0.550000 1.066268 0.088570 1.472135
1.450000 0.550000 1.055911 0.087067 1.439965
1.500000 0.550000 1.045699 0.085990 1.407920
1.550000 0.550000 1.035627 0.085262 1.376001
1.600000 0.550000 1.025687 0.084741 1.344274
1.650000 0.550000 1.015866 0.084186 1.312692
1.700000 0.550000 1.006196 0.083204 1.281553
1.750000 0.550000 0.996673 0.081176 1.250369
1.800000 0.550000 0.987555 0.077143 1.220675
1.850000 0.550000 0.978779 0.069683 1.189083
1.900000 0.550000 0.971635 0.056645 1.164436
1.950000 0.550000 0.964926 0.034983 1.125323
2.000000 0.550000 0.964926 0.000000 1.125323

0.000000 0.600000 1.000000 0.000000 2.391956
0.050000 0.600000 1.009344 0.002918 2.391956
0.100000 0.600000 1.025918 0.012136 2.404393
0.150000 0.600000 1.049347 0.026570 2.388764
0.200000 0.600000 1.074544 0.044759 2.363198
0.250000 0.600000 1.099147 0.064464 2.327288
0.300000 0.600000 1.121236 0.083866 2.285765
0.350000 0.600000 1.139857 0.101530 2.241183
0.400000 0.600000 1.154611 0.116586 2.195644
0.450000 0.600000 1.165499 0.128618 2.150508
0.500000 0.600000 1.172764 0.137569 2.106535
0.550000 0.600000 1.176773 0.143620 2.064084
0.600000 0.600000 1.177947 0.147093 2.023225
0.650000 0.600000 1.176709 0.148377 1.983870
0.700000 0.600000 1.173456 0.147876 1.945842
0.750000 0.600000 1.168550 0.145976 1.908940
0.800000 0.600000 1.162305 0.143026 1.872962
0.850000 0.600000 1.154992 0.139334 1.837727
0.900000 0.600000 1.146842 0.135158 1.803080
0.950000 0.600000 1.138048 0.130713 1.768895
1.000000 0.600000 1.128768 0.126177 1.735071
1.050000 0.600000 1.119135 0.121689 1.701526
1.100000 0.600000 1.109260 0.117363 1.668200
1.150000 0.600000 1.099233 0.113285 1.635046
1.200000 0.600000 1.089129 0.109525 1.602026
1.250000 0.600000 1.079011 0.106135 1.569112
1.300000 0.600000 1.068930 0.103156 1.536284
1.350000 0.600000 1.058926 0.100615 1.503527
1.400000 0.600000 1.049031 0.098528 1.470831
1.450000 0.600000 1.039264 0.096894 1.438193
1.500000 0.600000 1.029638 0.095685 1.405626
1.550000 0.600000 1.020148 0.094831 1.373134
1.600000 0.600000 1.010788 0.094196 1.340797
1.650000 0.600000 1.001531 0.093534 1.308573
1.700000 0.600000 0.992387 0.092427 1.276797
1.750000 0.600000 0.983317 0.090202 1.244982
1.800000 0.600000 0.974547 0.085791 1.214768
1.850000 0.600000 0.965966 0.077593 1.182648
1.900000 0.600000 0.958887 0.063156 1.157798
1.950000 0.600000 0.952100 0.039041 1.118076
2.000000 0.600000 0.952100 0.000000 1.118076

0.000000 0.650000 1.000000 0.000000 2.416751
0.050000 0.650000 1.010259 -0.008973 2.416751
0.100000 0.650000 1.026677 -0.006832 2.422995
0.150000 0.650000 1.047596 0.004494 2.401331
0.200000 0.650000 1.068123 0.022784 2.368620
0.250000 0.650000 1.086430 0.044530 2.327699
0.300000 0.650000 1.101547 0.067045 2.282672
0.350000 0.650000 1.113258 0.088226 2.236437
0.400000 0.650000 1.121738 0.106808 2.190576
0.450000 0.650000 1.127308 0.122142 2.146119
0.500000 0.650000 1.130341 0.134061 2.103429
0.550000 0.650000 1.131195 0.142707 2.062574
0.600000 0.650000 1.130192 0.148405 2.023399
0.650000 0.650000 1.127614 0.151569 1.985666
0.700000 0.650000 1.123705 0.152636 1.949109
0.750000 0.650000 1.118675 0.152030 1.913476
0.800000 0.650000 1.112703 0.150138 1.878544
0.850000 0.650000 1.105945 0.147298 1.844135
0.900000 0.650000 1.098537 0.143800 1.810104
0.950000 0.650000 1.090597 0.139886 1.776344
1.000000 0.650000 1.082230 0.135754 1.742773
1.050000 0.650000 1.073529 0.131564 1.709334
1.100000 0.650000 1.064576 0.127443 1.675984
1.150000 0.650000 1.055446 0.123492 1.642694
1.200000 0.650000 1.046207 0.119789 1.609441
1.250000 0.650000 1.036920 0.116399 1.576210
1.300000 0.650000 1.027640 0.113369 1.542986
1.350000 0.650000 1.018417 0.110736 1.509759
1.400000 0.650000 1.009292 0.108526 1.476521
1.450000 0.650000 1.000296 0.106748 1.443267
1.500000 0.650000 0.991451 0.105386 1.410007
1.550000 0.650000 0.982759 0.104385 1.376739
1.600000 0.650000 0.974214 0.103620 1.343540
1.650000 0.650000 0.965776 0.102851 1.310363
1.700000 0.650000 0.957431 0.101647 1.277565
1.750000 0.650000 0.949092 0.099294 1.244635
1.800000 0.650000 0.940935 0.094614 1.213334
1.850000 0.650000 0.932767 0.085809 1.179969
1.900000 0.650000 0.925910 0.070079 1.154240
1.950000 0.650000 0.919073 0.043498 1.112810
2.000000 0.650000 0.919073 0.000000 1.112810

0.000000 0.700000 1.000000 0.000000 2.444245
0.050000 0.700000 1.011753 -0.023388 2.444245
0.100000 0.700000 1.027508 -0.026625 2.433174
0.150000 0.700000 1.043595 -0.015838 2.400071
0.200000 0.700000 1.056402 0.004857 2.355138
0.250000 0.700000 1.065080 0.030006 2.306523
0.300000 0.700000 1.070112 0.056030 2.256311
0.350000 0.700000 1.072212 0.080347 2.207673
0.400000 0.700000 1.072198 0.101569 2.161210
0.450000 0.700000 1.070675 0.119065 2.117457
0.500000 0.700000 1.068083 0.132750 2.076223
0.550000 0.700000 1.064695 0.142851 2.037217
0.600000 0.700000 1.060673 0.149768 2.000017
0.650000 0.700000 1.056104 0.153971 1.964217
0.700000 0.700000 1.051036 0.155935 1.929449
0.750000 0.700000 1.045496 0.156111 1.895410
0.800000 0.700000 1.039506 0.154901 1.861858
0.850000 0.700000 1.033089 0.152657 1.828614
0.900000 0.700000 1.026273 0.149675 1.795547
0.950000 0.700000 1.019093 0.146203 1.762567
1.000000 0.700000 1.011589 0.142441 1.729617
1.050000 0.700000 1.003806 0.138553 1.696658
1.100000 0.700000 0.995796 0.134669 1.663669
1.150000 0.700000 0.987610 0.130891 1.630637
1.200000 0.700000 0.979307 0.127302 1.597554
1.250000 0.700000 0.970942 0.123967 1.564414
1.300000 0.700000 0.962572 0.120938 1.531211
1.350000 0.700000 0.954254 0.118257 1.497937
1.400000 0.700000 0.946039 0.115958 1.464584
1.450000 0.700000 0.937970 0.114059 1.431143
1.500000 0.700000 0.930081 0.112561 1.397617
1.550000 0.700000 0.922386 0.111426 1.363995
1.600000 0.700000 0.914881 0.110552 1.330350
1.650000 0.700000 0.907521 0.109721 1.296624
1.700000 0.700000 0.900265 0.108513 1.263205
1.750000 0.700000 0.892970 0.106192 1.229557
1.800000 0.700000 0.885740 0.101491 1.197627
1.850000 0.700000 0.878251 0.092420 1.163537
1.900000 0.700000 0.871792 0.075779 1.137668
1.950000 0.700000 0.864992 0.047189 1.095810
2.000000 0.700000 0.864992 0.000000 1.095810

0.000000 0.750000 1.000000 0.000000 2.562002
0.050000 0.750000 1.012404 -0.033301 2.562002
0.100000 0.750000 1.025047 -0.036258 2.525332
0.150000 0.750000 1.031791 -0.021812 2.475239
0.200000 0.750000 1.032162 0.003890 2.410730
0.250000 0.750000 1.026970 0.033272 2.349665
0.300000 0.750000 1.018708 0.062319 2.290599
0.350000 0.750000 1.008983 0.088462 2.237152
0.400000 0.750000 0.999088 0.110621 2.188393
0.450000 0.750000 0.989676 0.128486 2.144129
0.500000 0.750000 0.981045 0.142235 2.103399
0.550000 0.750000 0.973226 0.152280 2.065431
0.600000 0.750000 0.966113 0.159131 2.029456
0.650000 0.750000 0.959534 0.163313 1.994863
0.700000 0.750000 0.953307 0.165324 1.961159
0.750000 0.750000 0.947260 0.165612 1.927979
0.800000 0.750000 0.941254 0.164568 1.895058
0.850000 0.750000 0.935178 0.162524 1.862217
0.900000 0.750000 0.928957 0.159760 1.829339
0.950000 0.750000 0.922545 0.156504 1.796355
1.000000 0.750000 0.915922 0.152942 1.763230
1.050000 0.750000 0.909089 0.149226 1.729951
1.100000 0.750000 0.902065 0.145475 1.696519
1.150000 0.750000 0.894883 0.141783 1.662939
1.200000 0.750000 0.887588 0.138226 1.629219
1.250000 0.750000 0.880232 0.134867 1.595364
1.300000 0.750000 0.872872 0.131755 1.561373
1.350000 0.750000 0.865570 0.128933 1.527238
1.400000 0.750000 0.858387 0.126437 1.492944
1.450000 0.750000 0.851383 0.124296 1.458465
1.500000 0.750000 0.844607 0.122522 1.423778
1.550000 0.750000 0.838092 0.121098 1.388832
1.600000 0.750000 0.831850 0.119951 1.353647
1.650000 0.750000 0.825838 0.118897 1.318087
1.700000 0.750000 0.820006 0.117549 1.282485
1.750000 0.750000 0.814151 0.115179 1.246148
1.800000 0.750000 0.808295 0.110455 1.211133
1.850000 0.750000 0.801909 0.101195 1.173055
1.900000 0.750000 0.796218 0.083717 1.143556
1.950000 0.750000 0.789430 0.052831 1.095323
2.000000 0.750000 0.789430 0.000000 1.095323

0.000000 0.800000 1.000000 0.000000 2.591612
0.050000 0.800000 1.009915 -0.053410 2.591612
0.100000 0.800000 1.013319 -0.051873 2.484219
0.150000 0.800000 1.001316 -0.029203 2.409350
0.200000 0.800000 0.982234 0.003911 2.320758
0.250000 0.800000 0.958597 0.037671 2.249148
0.300000 0.800000 0.934828 0.068468 2.184174
0.350000 0.800000 0.912668 0.094511 2.129286
0.400000 0.800000 0.893255 0.115545 2.081234
0.450000 0.800000 0.876785 0.131861 2.039035
0.500000 0.800000 0.863098 0.144032 2.000979
0.550000 0.800000 0.851795 0.152686 1.965924
0.600000 0.800000 0.842415 0.158428 1.932864
0.650000 0.800000 0.834497 0.161809 1.901069
0.700000 0.800000 0.827628 0.163306 1.869989
0.750000 0.800000 0.821462 0.163327 1.839241
0.800000 0.800000 0.815719 0.162215 1.808567
0.850000 0.800000 0.810185 0.160255 1.777800
0.900000 0.800000 0.804704 0.157681 1.746845
0.950000 0.800000 0.799169 0.154685 1.715655
1.000000 0.800000 0.793515 0.151421 1.684216
1.050000 0.800000 0.787711 0.148011 1.652534
1.100000 0.800000 0.781753 0.144554 1.620626
1.150000 0.800000 0.775658 0.141127 1.588511
1.200000 0.800000 0.769461 0.137794 1.556209
1.250000 0.800000 0.763209 0.134605 1.523732
1.300000 0.800000 0.756961 0.131604 1.491083
1.350000 0.800000 0.750781 0.128829 1.458255
1.400000 0.800000 0.744741 0.126316 1.425229
1.450000 0.800000 0.738913 0.124097 1.391967
1.500000 0.800000 0.733367 0.122197 1.358434
1.550000 0.800000 0.728158 0.120622 1.324553
1.600000 0.800000 0.723325 0.119337 1.290323
1.650000 0.800000 0.718846 0.118214 1.255566
1.700000 0.800000 0.714678 0.116941 1.220621
1.750000 0.800000 0.710571 0.114864 1.184728
1.800000 0.800000 0.706462 0.110685 1.150196
1.850000 0.800000 0.701554 0.102129 1.112383
1.900000 0.800000 0.696881 0.085070 1.084191
1.950000 0.800000 0.690345 0.053928 1.038019
2.000000 0.800000 0.690345 0.000000 1.038019

0.000000 0.850000 1.000000 0.000000 3.045996
0.050000 0.850000 0.992165 -0.033902 3.045996
0.100000 0.850000 0.973460 -0.010829 2.831756
0.150000 0.850000 0.931491 0.023341 2.710934
0.200000 0.850000 0.887344 0.060971 2.576413
0.250000 0.850000 0.843590 0.094048 2.480666
0.300000 0.850000 0.805395 0.121359 2.400131
0.350000 0.850000 0.773207 0.142766 2.337252
0.400000 0.850000 0.747133 0.159025 2.285042
0.450000 0.850000 0.726383 0.170967 2.240964
0.500000 0.850000 0.710088 0.179391 2.202045
0.550000 0.850000 0.697330 0.184981 2.166483
0.600000 0.850000 0.687292 0.188304 2.132868
0.650000 0.850000 0.679271 0.189830 2.100270
0.700000 0.850000 0.672687 0.189940 2.068046
0.750000 0.850000 0.667080 0.188948 2.035787
0.800000 0.850000 0.662091 0.187111 2.003244
0.850000 0.850000 0.657452 0.184639 1.970282
0.900000 0.850000 0.652966 0.181703 1.936845
0.950000 0.850000 0.648500 0.178442 1.902929
1.000000 0.850000 0.643967 0.174967 1.868563
1.050000 0.850000 0.639321 0.171369 1.833789
1.100000 0.850000 0.634547 0.167720 1.798661
1.150000 0.850000 0.629654 0.164075 1.763227
1.200000 0.850000 0.624671 0.160482 1.727529
1.250000 0.850000 0.619640 0.156979 1.691597
1.300000 0.850000 0.614619 0.153598 1.655442
1.350000 0.850000 0.609675 0.150369 1.619055
1.400000 0.850000 0.604885 0.147321 1.582402
1.450000 0.850000 0.600332 0.144483 1.545412
1.500000 0.850000 0.596106 0.141881 1.507985
1.550000 0.850000 0.592294 0.139531 1.469938
1.600000 0.850000 0.588976 0.137422 1.431099
1.650000 0.850000 0.586183 0.135471 1.391020
1.700000 0.850000 0.583929 0.133442 1.349676
1.750000 0.850000 0.581981 0.130775 1.305665
1.800000 0.850000 0.580255 0.126268 1.260888
1.850000 0.850000 0.577617 0.117566 1.208878
1.900000 0.850000 0.574960 0.100040 1.165242
1.950000 0.850000 0.568255 0.066002 1.090967
2.000000 0.850000 0.568255 0.000000 1.090967

0.000000 0.900000 1.000000 0.000000 2.671391
0.050000 0.900000 0.928137 -0.068573 2.671391
0.100000 0.900000 0.864212 -0.024061 2.267477
0.150000 0.900000 0.779646 0.021175 2.138239
0.200000 0.900000 0.712014 0.059611 1.995119
0.250000 0.900000 0.655093 0.087841 1.909349
0.300000 0.900000 0.610864 0.108254 1.839739
0.350000 0.900000 0.576460 0.122725 1.788624
0.400000 0.900000 0.550256 0.132861 1.747260
0.450000 0.900000 0.530385 0.139796 1.713142
0.500000 0.900000 0.515410 0.144341 1.683355
0.550000 0.900000 0.504115 0.147073 1.656311
0.600000 0.900000 0.495546 0.148416 1.630792
0.650000 0.900000 0.488943 0.148684 1.606028
0.700000 0.900000 0.483719 0.148121 1.581500
0.750000 0.900000 0.479423 0.146917 1.556887
0.800000 0.900000 0.475713 0.145222 1.531998
0.850000 0.900000 0.472339 0.143160 1.506735
0.900000 0.900000 0.469121 0.140828 1.481063
0.950000 0.900000 0.465935 0.138306 1.454987
1.000000 0.900000 0.462704 0.135658 1.428536
1.050000 0.900000 0.459385 0.132935 1.401751
1.100000 0.900000 0.455961 0.130178 1.374678
1.150000 0.900000 0.452440 0.127420 1.347361
1.200000 0.900000 0.448845 0.124687 1.319836
1.250000 0.900000 0.445212 0.122001 1.292129
1.300000 0.900000 0.441590 0.119382 1.264251
1.350000 0.900000 0.438039 0.116848 1.236196
1.400000 0.900000 0.434629 0.114418 1.207935
1.450000 0.900000 0.431441 0.112115 1.179413
1.500000 0.900000 0.428567 0.109963 1.150550
1.550000 0.900000 0.426106 0.107985 1.121198
1.600000 0.900000 0.424165 0.106199 1.091235
1.650000 0.900000 0.422822 0.104589 1.060306
1.700000 0.900000 0.422155 0.103056 1.028497
1.750000 0.900000 0.421997 0.101273 0.994652
1.800000 0.900000 0.422294 0.098412 0.960958
1.850000 0.900000 0.421739 0.092561 0.921736
1.900000 0.900000 0.420748 0.079345 0.892635
1.950000 0.900000 0.414957 0.052140 0.843514
2.000000 0.900000 0.414957 0.000000 0.843514

0.000000 0.950000 1.000000 0.000000 4.776730
0.050000 0.950000 0.724039 0.185723 4.776730
0.100000 0.950000 0.616009 0.234466 3.844119
0.150000 0.950000 0.508202 0.254655 3.555878
0.200000 0.950000 0.439450 0.263277 3.301124
0.250000 0.950000 0.388133 0.268769 3.162030
0.300000 0.950000 0.352291 0.271997 3.061657
0.350000 0.950000 0.326402 0.273869 2.992897
0.400000 0.950000 0.307889 0.274601 2.939651
0.450000 0.950000 0.294545 0.274434 2.895990
0.500000 0.950000 0.284934 0.273501 2.857068
0.550000 0.950000 0.277979 0.271919 2.820328
0.600000 0.950000 0.272909 0.269777 2.784082
0.650000 0.950000 0.269150 0.267153 2.747377
0.700000 0.950000 0.266281 0.264116 2.709671
0.750000 0.950000 0.263989 0.260728 2.670705
0.800000 0.950000 0.262047 0.257045 2.630399
0.850000 0.950000 0.260290 0.253122 2.588791
0.900000 0.950000 0.258606 0.249003 2.545983
0.950000 0.950000 0.256917 0.244731 2.502119
1.000000 0.950000 0.255178 0.240343 2.457356
1.050000 0.950000 0.253365 0.235871 2.411854
1.100000 0.950000 0.251471 0.231340 2.365759
1.150000 0.950000 0.249504 0.226773 2.319202
1.200000 0.950000 0.247480 0.222189 2.272291
1.250000 0.950000 0.245427 0.217602 2.225106
1.300000 0.950000 0.243379 0.213023 2.177694
1.350000 0.950000 0.241378 0.208461 2.130065
1.400000 0.950000 0.239476 0.203924 2.082179
1.450000 0.950000 0.237735 0.199415 2.033928
1.500000 0.950000 0.236234 0.194935 1.985113
1.550000 0.950000 0.235070 0.190478 1.935366
1.600000 0.950000 0.234371 0.186026 1.884154
1.650000 0.950000 0.234274 0.181523 1.830406
1.700000 0.950000 0.234979 0.176853 1.772962
1.750000 0.950000 0.236541 0.171685 1.708485
1.800000 0.950000 0.239245 0.165384 1.636138
1.850000 0.950000 0.241887 0.155984 1.542703
1.900000 0.950000 0.245456 0.139365 1.446543
1.950000 0.950000 0.238388 0.101117 1.266614
2.000000 0.950000 0.238388 0.000000 1.266614

0.000000 1.000000 0.000000 0.000000 0.000000
0.050000 1.000000 0.000000 0.000000 0.000000
0.100000 1.000000 0.000000 0.000000 0.000000
0.150000 1.000000 0.000000 0.000000 0.000000
0.200000 1.000000 0.000000 0.000000 0.000000
0.250000 1.000000 0.000000 0.000000 0.000000
0.300000 1.000000 0.000000 0.000000 0.000000
0.350000 1.000000 0.000000 0.000000 0.000000
0.400000 1.000000 0.000000 0.000000 0.000000
0.450000 1.000000 0.000000 0.000000 0.000000
0.500000 1.000000 0.000000 0.000000 0.000000
0.550000 1.000000 0.000000 0.000000 0.000000
0.600000 1.000000 0.000000 0.000000 0.000000
0.650000 1.000000 0.000000 0.000000 0.000000
0.700000 1.000000 0.000000 0.000000 0.000000
0.750000 1.000000 0.000000 0.000000 0.000000
0.800000 1.000000 0.000000 0.000000 0.000000
0.850000 1.000000 0.000000 0.000000 0.000000
0.900000 1.000000 0.000000 0.000000 0.000000
0.950000 1.000000 0.000000 0.000000 0.000000
1.000000 1.000000 0.000000 0.000000 0.000000
1.050000 1.000000 0.000000 0.000000 0.000000
1.100000 1.000000 0.000000 0.000000 0.000000
1.150000 1.000000 0.000000 0.000000 0.000000
1.200000 1.000000 0.000000 0.000000 0.000000
1.250000 1.000000 0.000000 0.000000 0.000000
1.300000 1.000000 0.000000 0.000000 0.000000
1.350000 1.000000 0.000000 0.000000 0.000000
1.400000 1.000000 0.000000 0.000000 0.000000
1.450000 1.000000 0.000000 0.000000 0.000000
1.500000 1.000000 0.000000 0.000000 0.000000
1.550000 1.000000 0.000000 0.000000 0.000000
1.600000 1.000000 0.000000 0.000000 0.000000
1.650000 1.000000 0.000000 0.000000 0.000000
1.700000 1.000000 0.000000 0.000000 0.000000
1.750000 1.000000 0.000000 0.000000 0.000000
1.800000 1.000000 0.000000 0.000000 0.000000
1.850000 1.000000 0.000000 0.000000 0.000000
1.900000 1.000000 0.000000 0.000000 0.000000
1.950000 1.000000 0.000000 0.000000 0.000000
2.000000 1.000000 0.000000 0.000000 0.000000

