0.000000 0.000000 0.000000 0.000000 5.195146
0.050000 0.000000 0.000000 0.000000 5.195146
0.100000 0.000000 0.000000 0.000000 3.730052
0.150000 0.000000 0.000000 0.000000 3.240277
0.200000 0.000000 0.000000 0.000000 2.804575
0.250000 0.000000 0.000000 0.000000 2.567815
0.300000 0.000000 0.000000 0.000000 2.394693
0.350000 0.000000 0.000000 0.000000 2.277081
0.400000 0.000000 0.000000 0.000000 2.186902
0.450000 0.000000 0.000000 0.000000 2.116001
0.500000 0.000000 0.000000 0.000000 2.056786
0.550000 0.000000 0.000000 0.000000 2.005696
0.600000 0.000000 0.000000 0.000000 1.960145
0.650000 0.000000 0.000000 0.000000 1.918598
0.700000 0.000000 0.000000 0.000000 1.879977
0.750000 0.000000 0.000000 0.000000 1.843551
0.800000 0.000000 0.000000 0.000000 1.808793
0.850000 0.000000 0.000000 0.000000 1.775319
0.900000 0.000000 0.000000 0.000000 1.742842
0.950000 0.000000 0.000000 0.000000 1.711143
1.000000 0.000000 0.000000 0.000000 1.680054
1.050000 0.000000 0.000000 0.000000 1.649445
1.100000 0.000000 0.000000 0.000000 1.619215
1.150000 0.000000 0.000000 0.000000 1.589290
1.200000 0.000000 0.000000 0.000000 1.559611
1.250000 0.000000 0.000000 0.000000 1.530141
1.300000 0.000000 0.000000 0.000000 1.500857
1.350000 0.000000 0.000000 0.000000 1.471751
1.400000 0.000000 0.000000 0.000000 1.442834
1.450000 0.000000 0.000000 0.000000 1.414132
1.500000 0.000000 0.000000 0.000000 1.385701
1.550000 0.000000 0.000000 0.000000 1.357611
1.600000 0.000000 0.000000 0.000000 1.330000
1.650000 0.000000 0.000000 0.000000 1.302976
1.700000 0.000000 0.000000 0.000000 1.276901
1.750000 0.000000 0.000000 0.000000 1.251749
1.800000 0.000000 0.000000 0.000000 1.228702
1.850000 0.000000 0.000000 0.000000 1.206355
1.900000 0.000000 0.000000 0.000000 1.189772
1.950000 0.000000 0.000000 0.000000 1.168759
2.000000 0.000000 0.000000 0.000000 1.168759

0.000000 0.050000 1.000000 0.000000 5.195146
0.050000 0.050000 0.766290 0.138762 5.195146
0.100000 0.050000 0.689907 0.130929 3.730052
0.150000 0.050000 0.574358 0.104769 3.240277
0.200000 0.050000 0.495599 0.075941 2.804575
0.250000 0.050000 0.430689 0.054159 2.567815
0.300000 0.050000 0.382684 0.038687 2.394693
0.350000 0.050000 0.345504 0.028177 2.277081
0.400000 0.050000 0.316915 0.021023 2.186902
0.450000 0.050000 0.294405 0.016099 2.116001
0.500000 0.050000 0.276463 0.012632 2.056786
0.550000 0.050000 0.261910 0.010128 2.005696
0.600000 0.050000 0.249937 0.008276 1.960145
0.650000 0.050000 0.239948 0.006873 1.918598
0.700000 0.050000 0.231511 0.005790 1.879977
0.750000 0.050000 0.224301 0.004938 1.843551
0.800000 0.050000 0.218075 0.004259 1.808793
0.850000 0.050000 0.212646 0.003711 1.775319
0.900000 0.050000 0.207871 0.003263 1.742842
0.950000 0.050000 0.203633 0.002896 1.711143
1.000000 0.050000 0.199841 0.002592 1.680054
1.050000 0.050000 0.196420 0.002341 1.649445
1.100000 0.050000 0.193307 0.002133 1.619215
1.150000 0.050000 0.190448 0.001964 1.589290
1.200000 0.050000 0.187798 0.001828 1.559611
1.250000 0.050000 0.185313 0.001722 1.530141
1.300000 0.050000 0.182957 0.001644 1.500857
1.350000 0.050000 0.180692 0.001594 1.471751
1.400000 0.050000 0.178485 0.001569 1.442834
1.450000 0.050000 0.176301 0.001572 1.414132
1.500000 0.050000 0.174107 0.001602 1.385701
1.550000 0.050000 0.171869 0.001659 1.357611
1.600000 0.050000 0.169557 0.001744 1.330000
1.650000 0.050000 0.167137 0.001853 1.302976
1.700000 0.050000 0.164601 0.001978 1.276901
1.750000 0.050000 0.161915 0.002104 1.251749
1.800000 0.050000 0.159177 0.002189 1.228702
1.850000 0.050000 0.156304 0.002184 1.206355
1.900000 0.050000 0.153870 0.001937 1.189772
1.950000 0.050000 0.151273 0.001373 1.168759
2.000000 0.050000 0.151273 0.000000 1.168759

0.000000 0.100000 1.000000 0.000000 4.092912
0.050000 0.100000 0.972599 0.211355 4.092912
0.100000 0.100000 0.949079 0.220697 3.468623
0.150000 0.100000 0.877461 0.193606 3.173975
0.200000 0.100000 0.808536 0.153283 2.855400
0.250000 0.100000 0.739688 0.118300 2.645875
0.300000 0.100000 0.680074 0.090445 2.475678
0.350000 0.100000 0.628917 0.069623 2.349264
0.400000 0.100000 0.586280 0.054238 2.248231
0.450000 0.100000 0.550770 0.042902 2.167020
0.500000 0.100000 0.521227 0.034472 2.099079
0.550000 0.100000 0.496498 0.028127 2.040885
0.600000 0.100000 0.475654 0.023281 1.989654
0.650000 0.100000 0.457929 0.019527 1.943577
0.700000 0.100000 0.442725 0.016578 1.901333
0.750000 0.100000 0.429566 0.014231 1.861990
0.800000 0.100000 0.418080 0.012341 1.824866
0.850000 0.100000 0.407970 0.010804 1.789457
0.900000 0.100000 0.399002 0.009542 1.755384
0.950000 0.100000 0.390986 0.008499 1.722362
1.000000 0.100000 0.383767 0.007634 1.690170
1.050000 0.100000 0.377216 0.006915 1.658641
1.100000 0.100000 0.371226 0.006319 1.627645
1.150000 0.100000 0.365703 0.005829 1.597084
1.200000 0.100000 0.360565 0.005433 1.566885
1.250000 0.100000 0.355739 0.005122 1.536998
1.300000 0.100000 0.351159 0.004889 1.507389
1.350000 0.100000 0.346760 0.004731 1.478046
1.400000 0.100000 0.342485 0.004645 1.448970
1.450000 0.100000 0.338275 0.004631 1.420184
1.500000 0.100000 0.334077 0.004688 1.391733
1.550000 0.100000 0.329837 0.004813 1.363672
1.600000 0.100000 0.325515 0.005002 1.336121
1.650000 0.100000 0.321068 0.005243 1.309140
1.700000 0.100000 0.316498 0.005507 1.283055
1.750000 0.100000 0.311786 0.005747 1.257691
1.800000 0.100000 0.307098 0.005861 1.234233
1.850000 0.100000 0.302384 0.005713 1.210757
1.900000 0.100000 0.298467 0.004978 1.192985
1.950000 0.100000 0.294604 0.003410 1.168347
2.000000 0.100000 0.294604 0.000000 1.168347

0.000000 0.150000 1.000000 0.000000 3.565054
0.050000 0.150000 1.027434 0.188891 3.565054
0.100000 0.150000 1.044051 0.241018 3.249171
0.150000 0.150000 1.022487 0.241257 3.035755
0.200000 0.150000 0.985491 0.213412 2.798580
0.250000 0.150000 0.937336 0.179820 2.622422
0.300000 0.150000 0.888034 0.147611 2.472977
0.350000 0.150000 0.840724 0.120167 2.355641
0.400000 0.150000 0.797767 0.097801 2.258933
0.450000 0.150000 0.759598 0.080025 2.179090
0.500000 0.150000 0.726165 0.066011 2.111197
0.550000 0.150000 0.697007 0.054977 2.052387
0.600000 0.150000 0.671593 0.046253 2.000288
0.650000 0.150000 0.649380 0.039310 1.953280
0.700000 0.150000 0.629883 0.033741 1.910138
0.750000 0.150000 0.612677 0.029233 1.869970
0.800000 0.150000 0.597407 0.025554 1.832106
0.850000 0.150000 0.583775 0.022526 1.796043
0.900000 0.150000 0.571531 0.020017 1.761397
0.950000 0.150000 0.560468 0.017927 1.727872
1.000000 0.150000 0.550411 0.016179 1.695242
1.050000 0.150000 0.541211 0.014717 1.663329
1.100000 0.150000 0.532739 0.013496 1.631998
1.150000 0.150000 0.524883 0.012486 1.601145
1.200000 0.150000 0.517542 0.011662 1.570692
1.250000 0.150000 0.510625 0.011007 1.540583
1.300000 0.150000 0.504048 0.010507 1.510781
1.350000 0.150000 0.497732 0.010155 1.481268
1.400000 0.150000 0.491603 0.009945 1.452042
1.450000 0.150000 0.485592 0.009871 1.423116
1.500000 0.150000 0.479633 0.009928 1.394528
1.550000 0.150000 0.473667 0.010108 1.366317
1.600000 0.150000 0.467651 0.010394 1.338586
1.650000 0.150000 0.461546 0.010753 1.311365
1.700000 0.150000 0.455369 0.011124 1.284954
1.750000 0.150000 0.449124 0.011403 1.259103
1.800000 0.150000 0.443026 0.011403 1.235022
1.850000 0.150000 0.437059 0.010855 1.210509
1.900000 0.150000 0.432181 0.009254 1.191787
1.950000 0.150000 0.427589 0.006068 1.164788
2.000000 0.150000 0.427589 0.000000 1.164788

0.000000 0.200000 1.000000 0.000000 3.136402
0.050000 0.200000 1.033389 0.158976 3.136402
0.100000 0.200000 1.065000 0.229239 3.014024
0.150000 0.200000 1.076765 0.250681 2.885242
0.200000 0.200000 1.070924 0.240153 2.728085
0.250000 0.200000 1.049932 0.216339 2.592253
0.300000 0.200000 1.020764 0.188037 2.468103
0.350000 0.200000 0.987507 0.160561 2.362967
0.400000 0.200000 0.953532 0.135979 2.272217
0.450000 0.200000 0.920617 0.114983 2.194476
0.500000 0.200000 0.889776 0.097462 2.126835
0.550000 0.200000 0.861396 0.083021 2.067336
0.600000 0.200000 0.835551 0.071174 2.014171
0.650000 0.200000 0.812130 0.061458 1.965987
0.700000 0.200000 0.790938 0.053467 1.921695
0.750000 0.200000 0.771751 0.046864 1.880464
0.800000 0.200000 0.754347 0.041379 1.841645
0.850000 0.200000 0.738514 0.036798 1.804734
0.900000 0.200000 0.724064 0.032952 1.769340
0.950000 0.200000 0.710824 0.029710 1.735158
1.000000 0.200000 0.698642 0.026972 1.701949
1.050000 0.200000 0.687383 0.024660 1.669527
1.100000 0.200000 0.676924 0.022713 1.637748
1.150000 0.200000 0.667154 0.021087 1.606498
1.200000 0.200000 0.657971 0.019748 1.575694
1.250000 0.200000 0.649280 0.018670 1.545274
1.300000 0.200000 0.640993 0.017833 1.515195
1.350000 0.200000 0.633026 0.017225 1.485433
1.400000 0.200000 0.625301 0.016834 1.455978
1.450000 0.200000 0.617745 0.016649 1.426835
1.500000 0.200000 0.610290 0.016660 1.398029
1.550000 0.200000 0.602878 0.016845 1.369582
1.600000 0.200000 0.595469 0.017171 1.341576
1.650000 0.200000 0.588035 0.017580 1.314005
1.700000 0.200000 0.580609 0.017969 1.287139
1.750000 0.200000 0.573215 0.018171 1.260649
1.800000 0.200000 0.566099 0.017908 1.235761
1.850000 0.200000 0.559263 0.016771 1.210017
1.900000 0.200000 0.553746 0.014076 1.190130
1.950000 0.200000 0.548653 0.009013 1.160660
2.000000 0.200000 0.548653 0.000000 1.160660

0.000000 0.250000 1.000000 0.000000 2.878539
0.050000 0.250000 1.028251 0.125912 2.878539
0.100000 0.250000 1.062241 0.199871 2.839284
0.150000 0.250000 1.090299 0.235104 2.756968
0.200000 0.250000 1.105393 0.240749 2.650563
0.250000 0.250000 1.106866 0.229674 2.545928
0.300000 0.250000 1.097856 0.209895 2.444595
0.350000 0.250000 1.081400 0.187132 2.353227
0.400000 0.250000 1.060508 0.164484 2.271069
0.450000 0.250000 1.037323 0.143586 2.198195
0.500000 0.250000 1.013392 0.125074 2.133216
0.550000 0.250000 0.989683 0.109068 2.074997
0.600000 0.250000 0.966787 0.095409 2.022312
0.650000 0.250000 0.945021 0.083833 1.974147
0.700000 0.250000 0.924531 0.074043 1.929625
0.750000 0.250000 0.905354 0.065760 1.888038
0.800000 0.250000 0.887464 0.058735 1.848807
0.850000 0.250000 0.870797 0.052762 1.811469
0.900000 0.250000 0.855274 0.047667 1.775655
0.950000 0.250000 0.840802 0.043312 1.741069
1.000000 0.250000 0.827288 0.039587 1.707477
1.050000 0.250000 0.814638 0.036405 1.674694
1.100000 0.250000 0.802761 0.033699 1.642575
1.150000 0.250000 0.791566 0.031415 1.611005
1.200000 0.250000 0.780967 0.029513 1.579897
1.250000 0.250000 0.770879 0.027963 1.549187
1.300000 0.250000 0.761223 0.026740 1.518829
1.350000 0.250000 0.751919 0.025827 1.488792
1.400000 0.250000 0.742893 0.025206 1.459063
1.450000 0.250000 0.734075 0.024863 1.429636
1.500000 0.250000 0.725404 0.024775 1.400527
1.550000 0.250000 0.716826 0.024910 1.371744
1.600000 0.250000 0.708309 0.025213 1.343351
1.650000 0.250000 0.699835 0.025596 1.315317
1.700000 0.250000 0.691450 0.025909 1.287892
1.750000 0.250000 0.683189 0.025921 1.260692
1.800000 0.250000 0.675324 0.025256 1.234971
1.850000 0.250000 0.667856 0.023370 1.208078
1.900000 0.250000 0.661875 0.019395 1.187148
1.950000 0.250000 0.656407 0.012239 1.155615
2.000000 0.250000 0.656407 0.000000 1.155615

0.000000 0.300000 1.000000 0.000000 2.700061
0.050000 0.300000 1.021759 0.098369 2.700061
0.100000 0.300000 1.052800 0.166911 2.699358
0.150000 0.300000 1.086505 0.207422 2.648967
0.200000 0.300000 1.113214 0.223879 2.578580
0.250000 0.300000 1.130146 0.223962 2.499637
0.300000 0.300000 1.137361 0.213700 2.418213
0.350000 0.300000 1.136238 0.198032 2.340033
0.400000 0.300000 1.128736 0.180183 2.266654
0.450000 0.300000 1.116668 0.162196 2.199192
0.500000 0.300000 1.101590 0.145186 2.137459
0.550000 0.300000 1.084696 0.129693 2.081047
0.600000 0.300000 1.066874 0.115893 2.029278
0.650000 0.300000 1.048752 0.103762 1.981477
0.700000 0.300000 1.030758 0.093174 1.936994
0.750000 0.300000 1.013177 0.083965 1.895255
0.800000 0.300000 0.996185 0.075965 1.855767
0.850000 0.300000 0.979884 0.069012 1.818117
0.900000 0.300000 0.964321 0.062969 1.781963
0.950000 0.300000 0.949509 0.057715 1.747029
1.000000 0.300000 0.935433 0.053152 1.713088
1.050000 0.300000 0.922060 0.049202 1.679959
1.100000 0.300000 0.909346 0.045799 1.647500
1.150000 0.300000 0.897236 0.042894 1.615596
1.200000 0.300000 0.885673 0.040446 1.584160
1.250000 0.300000 0.874594 0.038424 1.553125
1.300000 0.300000 0.863934 0.036803 1.522442
1.350000 0.300000 0.853630 0.035564 1.492078
1.400000 0.300000 0.843617 0.034686 1.462013
1.450000 0.300000 0.833837 0.034147 1.432236
1.500000 0.300000 0.824234 0.033917 1.402753
1.550000 0.300000 0.814765 0.033949 1.373561
1.600000 0.300000 0.805407 0.034169 1.344712
1.650000 0.300000 0.796149 0.034453 1.316153
1.700000 0.300000 0.787047 0.034610 1.288123
1.750000 0.300000 0.778144 0.034337 1.260193
1.800000 0.300000 0.769722 0.033167 1.233649
1.850000 0.300000 0.761781 0.030420 1.205680
1.900000 0.300000 0.755447 0.025043 1.183786
1.950000 0.300000 0.749674 0.015660 1.150420
2.000000 0.300000 0.749674 0.000000 1.150420

0.000000 0.350000 1.000000 0.000000 2.582458
0.050000 0.350000 1.016607 0.075534 2.582458
0.100000 0.350000 1.043472 0.134674 2.596744
0.150000 0.350000 1.077430 0.174903 2.564855
0.200000 0.350000 1.109223 0.197213 2.516786
0.250000 0.350000 1.135225 0.205545 2.456103
0.300000 0.350000 1.153626 0.203830 2.389990
0.350000 0.350000 1.164356 0.195742 2.323033
0.400000 0.350000 1.168232 0.184043 2.257786
0.450000 0.350000 1.166422 0.170713 2.195874
0.500000 0.350000 1.160165 0.157030 2.137851
0.550000 0.350000 1.150590 0.143768 2.083825
0.600000 0.350000 1.138663 0.131341 2.033543
0.650000 0.350000 1.125161 0.119938 1.986623
0.700000 0.350000 1.110694 0.109609 1.942619
0.750000 0.350000 1.095725 0.100326 1.901094
0.800000 0.350000 1.080598 0.092024 1.861645
0.850000 0.350000 1.065558 0.084621 1.823918
0.900000 0.350000 1.050777 0.078038 1.787611
0.950000 0.350000 1.036367 0.072197 1.752469
1.000000 0.350000 1.022398 0.067034 1.718283
1.050000 0.350000 1.008905 0.062491 1.684884
1.100000 0.350000 0.995895 0.058521 1.652133
1.150000 0.350000 0.983360 0.055086 1.619921
1.200000 0.350000 0.971275 0.052155 1.588162
1.250000 0.350000 0.959608 0.049701 1.556790
1.300000 0.350000 0.948316 0.047703 1.525757
1.350000 0.350000 0.937353 0.046142 1.495027
1.400000 0.350000 0.926674 0.044998 1.464577
1.450000 0.350000 0.916230 0.044245 1.434393
1.500000 0.350000 0.905981 0.043844 1.404475
1.550000 0.350000 0.895890 0.043736 1.374814
1.600000 0.350000 0.885943 0.043825 1.345453
1.650000 0.350000 0.876135 0.043959 1.316331
1.700000 0.350000 0.866527 0.043898 1.287679
1.750000 0.350000 0.857165 0.043275 1.259043
1.800000 0.350000 0.848338 0.041530 1.231739
1.850000 0.350000 0.840037 0.037846 1.202827
1.900000 0.350000 0.833423 0.030982 1.180118
1.950000 0.350000 0.827396 0.019260 1.145196
2.000000 0.350000 0.827395 0.000000 1.145196

0.000000 0.400000 1.000000 0.000000 2.501325
0.050000 0.400000 1.013016 0.056940 2.501325
0.100000 0.400000 1.036037 0.105341 2.520595
0.150000 0.400000 1.068030 0.141851 2.499841
0.200000 0.400000 1.101073 0.166071 2.465801
0.250000 0.400000 1.131487 0.179597 2.417984
0.300000 0.400000 1.156568 0.184608 2.363282
0.350000 0.400000 1.175277 0.183455 2.305334
0.400000 0.400000 1.187524 0.178146 2.247023
0.450000 0.400000 1.193830 0.170284 2.190187
0.500000 0.400000 1.195014 0.161035 2.135806
0.550000 0.400000 1.191990 0.151208 2.084324
0.600000 0.400000 1.185649 0.141333 2.035791
0.650000 0.400000 1.176790 0.131738 1.990045
0.700000 0.400000 1.166096 0.122615 1.946805
0.750000 0.400000 1.154130 0.114066 1.905753
0.800000 0.400000 1.141340 0.106135 1.866567
0.850000 0.400000 1.128077 0.098836 1.828950
0.900000 0.400000 1.114606 0.092161 1.792639
0.950000 0.400000 1.101122 0.086094 1.757408
1.000000 0.400000 1.087767 0.080616 1.723067
1.050000 0.400000 1.074634 0.075705 1.689458
1.100000 0.400000 1.061784 0.071343 1.656456
1.150000 0.400000 1.049250 0.067512 1.623956
1.200000 0.400000 1.037043 0.064197 1.591879
1.250000 0.400000 1.025160 0.061383 1.560161
1.300000 0.400000 1.013585 0.059056 1.528755
1.350000 0.400000 1.002294 0.057204 1.497626
1.400000 0.400000 0.991257 0.055807 1.466752
1.450000 0.400000 0.980444 0.054838 1.436116
1.500000 0.400000 0.969824 0.054255 1.405717
1.550000 0.400000 0.959372 0.053987 1.375544
1.600000 0.400000 0.949077 0.053920 1.345640
1.650000 0.400000 0.938940 0.053873 1.315938
1.700000 0.400000 0.929021 0.053563 1.286675
1.750000 0.400000 0.919365 0.052559 1.257377
1.800000 0.400000 0.910262 0.050205 1.229400
1.850000 0.400000 0.901696 0.045545 1.199686
1.900000 0.400000 0.894860 0.037142 1.176317
1.950000 0.400000 0.888614 0.023004 1.140093
2.000000 0.400000 0.888614 0.000000 1.140093

0.000000 0.450000 1.000000 0.000000 2.447088
0.050000 0.450000 1.010728 0.041355 2.447088
0.100000 0.450000 1.030795 0.079003 2.467044
0.150000 0.450000 1.060297 0.110098 2.452284
0.200000 0.450000 1.092604 0.133728 2.426205
0.250000 0.450000 1.124322 0.150100 2.386555
0.300000 0.450000 1.152494 0.160068 2.339569
0.350000 0.450000 1.175590 0.164811 2.288207
0.400000 0.450000 1.192962 0.165512 2.235331
0.450000 0.450000 1.204653 0.163241 2.182792
0.500000 0.450000 1.211118 0.158887 2.131746
0.550000 0.450000 1.213031 0.153147 2.082804
0.600000 0.450000 1.211145 0.146555 2.036180
0.650000 0.450000 1.206196 0.139504 1.991850
0.700000 0.450000 1.198860 0.132282 1.949644
0.750000 0.450000 1.189724 0.125095 1.909327
0.800000 0.450000 1.179280 0.118089 1.870644
0.850000 0.450000 1.167931 0.111368 1.833344
0.900000 0.450000 1.155995 0.105004 1.797203
0.950000 0.450000 1.143721 0.099048 1.762022
1.000000 0.450000 1.131296 0.093534 1.727633
1.050000 0.450000 1.118860 0.088486 1.693896
1.100000 0.450000 1.106511 0.083917 1.660698
1.150000 0.450000 1.094317 0.079839 1.627945
1.200000 0.450000 1.082320 0.076256 1.595564
1.250000 0.450000 1.070545 0.073170 1.563500
1.300000 0.450000 1.058998 0.070580 1.531707
1.350000 0.450000 1.047678 0.068480 1.500155
1.400000 0.450000 1.036573 0.066858 1.468823
1.450000 0.450000 1.025666 0.065688 1.437695
1.500000 0.450000 1.014940 0.064925 1.406773
1.550000 0.450000 1.004377 0.064493 1.376047
1.600000 0.450000 0.993970 0.064262 1.345565
1.650000 0.450000 0.983719 0.064028 1.315262
1.700000 0.450000 0.973681 0.063465 1.285388
1.750000 0.450000 0.963892 0.062078 1.255460
1.800000 0.450000 0.954638 0.059115 1.226878
1.850000 0.450000 0.945896 0.053476 1.196475
1.900000 0.450000 0.938893 0.043507 1.172581
1.950000 0.450000 0.932461 0.026889 1.135252
2.000000 0.450000 0.932461 0.000000 1.135252

0.000000 0.500000 1.000000 0.000000 2.411988
0.050000 0.500000 1.009465 0.027721 2.411988
0.100000 0.500000 1.027553 0.055111 2.430719
0.150000 0.500000 1.054765 0.080201 2.418458
0.200000 0.500000 1.085372 0.101951 2.396045
0.250000 0.500000 1.116339 0.119705 2.360823
0.300000 0.500000 1.144816 0.133316 2.318409
0.350000 0.500000 1.169170 0.142969 2.271370
0.400000 0.500000 1.188541 0.149064 2.222398
0.450000 0.500000 1.202730 0.152107 2.173250
0.500000 0.500000 1.211971 0.152634 2.125082
0.550000 0.500000 1.216754 0.151158 2.078533
0.600000 0.500000 1.217690 0.148144 2.033868
0.650000 0.500000 1.215421 0.143998 1.991116
0.700000 0.500000 1.210563 0.139062 1.950159
0.750000 0.500000 1.203667 0.133620 1.910809
0.800000 0.500000 1.195213 0.127903 1.872851
0.850000 0.500000 1.185604 0.122096 1.836073
0.900000 0.500000 1.175168 0.116346 1.800280
0.950000 0.500000 1.164169 0.110769 1.765299
1.000000 0.500000 1.152815 0.105453 1.730987
1.050000 0.500000 1.141265 0.100467 1.697221
1.100000 0.500000 1.129640 0.095863 1.663904
1.150000 0.500000 1.118031 0.091680 1.630956
1.200000 0.500000 1.106501 0.087946 1.598315
1.250000 0.500000 1.095094 0.084682 1.565930
1.300000 0.500000 1.083839 0.081901 1.533767
1.350000 0.500000 1.072751 0.079608 1.501796
1.400000 0.500000 1.061835 0.077797 1.470002
1.450000 0.500000 1.051088 0.076450 1.438373
1.500000 0.500000 1.040504 0.075523 1.406915
1.550000 0.500000 1.030070 0.074938 1.375622
1.600000 0.500000 1.019782 0.074555 1.344553
1.650000 0.500000 1.009634 0.074149 1.313648
1.700000 0.500000 0.999673 0.073357 1.283181
1.750000 0.500000 0.989920 0.071621 1.252666
1.800000 0.500000 0.980652 0.068090 1.223561
1.850000 0.500000 0.971832 0.061507 1.192595
1.900000 0.500000 0.964720 0.049986 1.168335
1.950000 0.500000 0.958134 0.030859 1.130139
2.000000 0.500000 0.958134 0.000000 1.130139

0.000000 0.550000 1.000000 0.000000 2.395429
0.050000 0.550000 1.009022 0.015306 2.395429
0.100000 0.550000 1.026009 0.033210 2.412149
0.150000 0.550000 1.051299 0.052534 2.399711
0.200000 0.550000 1.079613 0.072171 2.377486
0.250000 0.550000 1.108245 0.090762 2.343427
0.300000 0.550000 1.134687 0.107319 2.302722
0.350000 0.550000 1.157510 0.121174 2.257831
0.400000 0.550000 1.175951 0.132034 2.211210
0.450000 0.550000 1.189814 0.139890 2.164459
0.500000 0.550000 1.199269 0.144939 2.118599
0.550000 0.550000 1.204710 0.147502 2.074181
0.600000 0.550000 1.206640 0.147958 2.031418
0.650000 0.550000 1.205597 0.146701 1.990310
0.700000 0.550000 1.202099 0.144106 1.950735
0.750000 0.550000 1.196622 0.140512 1.912513
0.800000 0.550000 1.189585 0.136219 1.875446
0.850000 0.550000 1.181343 0.131479 1.839343
0.900000 0.550000 1.172193 0.126504 1.804032
0.950000 0.550000 1.162380 0.121466 1.769365
1.000000 0.550000 1.152099 0.116502 1.735218
1.050000 0.550000 1.141508 0.111722 1.701492
1.100000 0.550000 1.130732 0.107212 1.668106
1.150000 0.550000 1.119866 0.103038 1.634994
1.200000 0.550000 1.108986 0.099251 1.602108
1.250000 0.550000 1.098149 0.095889 1.569407
1.300000 0.550000 1.087398 0.092980 1.536864
1.350000 0.550000 1.076761 0.090539 1.504455
1.400000 0.550000 1.066259 0.088574 1.472169
1.450000 0.550000 1.055902 0.087071 1.439998
1.500000 0.550000 1.045690 0.085994 1.407953
1.550000 0.550000 1.035617 0.085265 1.376033
1.600000 0.550000 1.025678 0.084744 1.344306
1.650000 0.550000 1.015857 0.084190 1.312723
1.700000 0.550000 1.006186 0.083207 1.281583
1.750000 0.550000 0.996662 0.081179 1.250398
1.800000 0.550000 0.987544 0.077145 1.220703
1.850000 0.550000 0.978768 0.069685 1.189111
1.900000 0.550000 0.971624 0.056647 1.164463
1.950000 0.550000 0.964915 0.034984 1.125349
2.000000 0.550000 0.964915 0.000000 1.125349

0.000000 0.600000 1.000000 0.000000 2.391991
0.050000 0.600000 1.009343 0.002919 2.391991
0.100000 0.600000 1.025918 0.012137 2.404428
0.150000 0.600000 1.049347 0.026571 2.388799
0.200000 0.600000 1.074543 0.044761 2.363234
0.250000 0.600000 1.099146 0.064466 2.327323
0.300000 0.600000 1.121235 0.083869 2.285800
0.350000 0.600000 1.139856 0.101533 2.241219
0.400000 0.600000 1.154609 0.116589 2.195680
0.450000 0.600000 1.165497 0.128622 2.150544
0.500000 0.600000 1.172761 0.137573 2.106571
0.550000 0.600000 1.176770 0.143623 2.064121
0.600000 0.600000 1.177944 0.147096 2.023262
0.650000 0.600000 1.176706 0.148381 1.983907
0.700000 0.600000 1.173453 0.147880 1.945879
0.750000 0.600000 1.168546 0.145979 1.908977
0.800000 0.600000 1.162300 0.143030 1.872999
0.850000 0.600000 1.154988 0.139338 1.837764
0.900000 0.600000 1.146838 0.135161 1.803117
0.950000 0.600000 1.138043 0.130717 1.768932
1.000000 0.600000 1.128762 0.126181 1.735107
1.050000 0.600000 1.119130 0.121693 1.701563
1.100000 0.600000 1.109254 0.117367 1.668237
1.150000 0.600000 1.099227 0.113289 1.635082
1.200000 0.600000 1.089123 0.109529 1.602061
1.250000 0.600000 1.079005 0.106139 1.569148
1.300000 0.600000 1.068923 0.103159 1.536319
1.350000 0.600000 1.058919 0.100619 1.503561
1.400000 0.600000 1.049024 0.098532 1.470865
1.450000 0.600000 1.039257 0.096898 1.438226
1.500000 0.600000 1.029630 0.095688 1.405659
1.550000 0.600000 1.020141 0.094835 1.373167
1.600000 0.600000 1.010780 0.094200 1.340828
1.650000 0.600000 1.001523 0.093538 1.308604
1.700000 0.600000 0.992378 0.092430 1.276827
1.750000 0.600000 0.983308 0.090206 1.245012
1.800000 0.600000 0.974538 0.085794 1.214796
1.850000 0.600000 0.965957 0.077595 1.182676
1.900000 0.600000 0.958878 0.063158 1.157825
1.950000 0.600000 0.952090 0.039043 1.118102
2.000000 0.600000 0.952090 0.000000 1.118102

0.000000 0.650000 1.000000 0.000000 2.416786
0.050000 0.650000 1.010259 -0.008973 2.416786
0.100000 0.650000 1.026677 -0.006831 2.423031
0.150000 0.650000 1.047595 0.004495 2.401366
0.200000 0.650000 1.068122 0.022786 2.368655
0.250000 0.650000 1.086429 0.044533 2.327735
0.300000 0.650000 1.101545 0.067048 2.282708
0.350000 0.650000 1.113257 0.088229 2.236473
0.400000 0.650000 1.121737 0.106811 2.190612
0.450000 0.650000 1.127306 0.122146 2.146156
0.500000 0.650000 1.130339 0.134065 2.103465
0.550000 0.650000 1.131192 0.142711 2.062611
0.600000 0.650000 1.130189 0.148409 2.023436
0.650000 0.650000 1.127611 0.151573 1.985704
0.700000 0.650000 1.123702 0.152640 1.949147
0.750000 0.650000 1.118672 0.152034 1.913513
0.800000 0.650000 1.112699 0.150142 1.878582
0.850000 0.650000 1.105941 0.147302 1.844172
0.900000 0.650000 1.098533 0.143804 1.810142
0.950000 0.650000 1.090593 0.139890 1.776381
1.000000 0.650000 1.082226 0.135759 1.742810
1.050000 0.650000 1.073524 0.131568 1.709371
1.100000 0.650000 1.064571 0.127447 1.676021
1.150000 0.650000 1.055441 0.123496 1.642730
1.200000 0.650000 1.046201 0.119793 1.609478
1.250000 0.650000 1.036914 0.116403 1.576246
1.300000 0.650000 1.027635 0.113373 1.543022
1.350000 0.650000 1.018411 0.110740 1.509794
1.400000 0.650000 1.009286 0.108530 1.476556
1.450000 0.650000 1.000290 0.106752 1.443301
1.500000 0.650000 0.991445 0.105390 1.410041
1.550000 0.650000 0.982753 0.104389 1.376772
1.600000 0.650000 0.974208 0.103624 1.343572
1.650000 0.650000 0.965769 0.102854 1.310395
1.700000 0.650000 0.957424 0.101651 1.277596
1.750000 0.650000 0.949085 0.099298 1.244665
1.800000 0.650000 0.940928 0.094617 1.213363
1.850000 0.650000 0.932760 0.085812 1.179998
1.900000 0.650000 0.925903 0.070081 1.154267
1.950000 0.650000 0.919066 0.043500 1.112837
2.000000 0.650000 0.919066 0.000000 1.112837

0.000000 0.700000 1.000000 0.000000 2.444280
0.050000 0.700000 1.011752 -0.023387 2.444280
0.100000 0.700000 1.027508 -0.026624 2.433208
0.150000 0.700000 1.043594 -0.015836 2.400106
0.200000 0.700000 1.056402 0.004859 2.355173
0.250000 0.700000 1.065079 0.030008 2.306558
0.300000 0.700000 1.070110 0.056033 2.256347
0.350000 0.700000 1.072211 0.080350 2.207709
0.400000 0.700000 1.072196 0.101573 2.161246
0.450000 0.700000 1.070673 0.119069 2.117493
0.500000 0.700000 1.068081 0.132753 2.076259
0.550000 0.700000 1.064693 0.142855 2.037254
0.600000 0.700000 1.060671 0.149772 2.000054
0.650000 0.700000 1.056102 0.153975 1.964255
0.700000 0.700000 1.051033 0.155939 1.929487
0.750000 0.700000 1.045493 0.156115 1.895447
0.800000 0.700000 1.039503 0.154905 1.861896
0.850000 0.700000 1.033086 0.152661 1.828651
0.900000 0.700000 1.026270 0.149679 1.795584
0.950000 0.700000 1.019090 0.146207 1.762605
1.000000 0.700000 1.011586 0.142445 1.729654
1.050000 0.700000 1.003803 0.138558 1.696695
1.100000 0.700000 0.995792 0.134673 1.663706
1.150000 0.700000 0.987607 0.130895 1.630673
1.200000 0.700000 0.979303 0.127306 1.597590
1.250000 0.700000 0.970938 0.123971 1.564450
1.300000 0.700000 0.962568 0.120942 1.531246
1.350000 0.700000 0.954250 0.118261 1.497972
1.400000 0.700000 0.946035 0.115962 1.464619
1.450000 0.700000 0.937966 0.114063 1.431177
1.500000 0.700000 0.930077 0.112565 1.397651
1.550000 0.700000 0.922381 0.111430 1.364028
1.600000 0.700000 0.914877 0.110556 1.330382
1.650000 0.700000 0.907516 0.109724 1.296655
1.700000 0.700000 0.900261 0.108516 1.263235
1.750000 0.700000 0.892965 0.106196 1.229587
1.800000 0.700000 0.885735 0.101495 1.197656
1.850000 0.700000 0.878247 0.092423 1.163565
1.900000 0.700000 0.871788 0.075781 1.137696
1.950000 0.700000 0.864987 0.047191 1.095837
2.000000 0.700000 0.864987 0.000000 1.095837

0.000000 0.750000 1.000000 0.000000 2.562037
0.050000 0.750000 1.012403 -0.033301 2.562037
0.100000 0.750000 1.025046 -0.036256 2.525367
0.150000 0.750000 1.031790 -0.021810 2.475273
0.200000 0.750000 1.032161 0.003893 2.410765
0.250000 0.750000 1.026968 0.033275 2.349700
0.300000 0.750000 1.018706 0.062322 2.290635
0.350000 0.750000 1.008981 0.088465 2.237189
0.400000 0.750000 0.999087 0.110625 2.188429
0.450000 0.750000 0.989674 0.128490 2.144167
0.500000 0.750000 0.981043 0.142239 2.103437
0.550000 0.750000 0.973224 0.152284 2.065469
0.600000 0.750000 0.966110 0.159135 2.029495
0.650000 0.750000 0.959532 0.163317 1.994901
0.700000 0.750000 0.953304 0.165329 1.961198
0.750000 0.750000 0.947258 0.165616 1.928018
0.800000 0.750000 0.941252 0.164572 1.895097
0.850000 0.750000 0.935176 0.162528 1.862256
0.900000 0.750000 0.928955 0.159764 1.829377
0.950000 0.750000 0.922543 0.156508 1.796394
1.000000 0.750000 0.915920 0.152947 1.763269
1.050000 0.750000 0.909086 0.149231 1.729990
1.100000 0.750000 0.902063 0.145479 1.696557
1.150000 0.750000 0.894881 0.141787 1.662977
1.200000 0.750000 0.887586 0.138230 1.629256
1.250000 0.750000 0.880229 0.134871 1.595401
1.300000 0.750000 0.872869 0.131759 1.561409
1.350000 0.750000 0.865567 0.128937 1.527274
1.400000 0.750000 0.858385 0.126442 1.492980
1.450000 0.750000 0.851381 0.124300 1.458500
1.500000 0.750000 0.844605 0.122526 1.423813
1.550000 0.750000 0.838089 0.121102 1.388865
1.600000 0.750000 0.831847 0.119955 1.353680
1.650000 0.750000 0.825835 0.118901 1.318119
1.700000 0.750000 0.820004 0.117553 1.282516
1.750000 0.750000 0.814148 0.115183 1.246178
1.800000 0.750000 0.808292 0.110459 1.211163
1.850000 0.750000 0.801906 0.101198 1.173084
1.900000 0.750000 0.796216 0.083720 1.143584
1.950000 0.750000 0.789427 0.052833 1.095350
2.000000 0.750000 0.789427 0.000000 1.095350

0.000000 0.800000 1.000000 0.000000 2.591645
0.050000 0.800000 1.009915 -0.053410 2.591645
0.100000 0.800000 1.013318 -0.051871 2.484252
0.150000 0.800000 1.001315 -0.029201 2.409383
0.200000 0.800000 0.982233 0.003914 2.320791
0.250000 0.800000 0.958595 0.037674 2.249182
0.300000 0.800000 0.934827 0.068471 2.184209
0.350000 0.800000 0.912666 0.094515 2.129321
0.400000 0.800000 0.893254 0.115548 2.081269
0.450000 0.800000 0.876783 0.131865 2.039071
0.500000 0.800000 0.863096 0.144036 2.001015
0.550000 0.800000 0.851794 0.152690 1.965961
0.600000 0.800000 0.842413 0.158433 1.932901
0.650000 0.800000 0.834495 0.161813 1.901106
0.700000 0.800000 0.827627 0.163310 1.870026
0.750000 0.800000 0.821461 0.163331 1.839279
0.800000 0.800000 0.815718 0.162219 1.808604
0.850000 0.800000 0.810184 0.160259 1.777838
0.900000 0.800000 0.804702 0.157686 1.746883
0.950000 0.800000 0.799167 0.154690 1.715693
1.000000 0.800000 0.793514 0.151425 1.684254
1.050000 0.800000 0.787710 0.148015 1.652571
1.100000 0.800000 0.781752 0.144558 1.620663
1.150000 0.800000 0.775657 0.141131 1.588548
1.200000 0.800000 0.769460 0.137798 1.556245
1.250000 0.800000 0.763208 0.134609 1.523768
1.300000 0.800000 0.756959 0.131608 1.491118
1.350000 0.800000 0.750780 0.128833 1.458290
1.400000 0.800000 0.744740 0.126320 1.425263
1.450000 0.800000 0.738912 0.124100 1.392001
1.500000 0.800000 0.733366 0.122200 1.358468
1.550000 0.800000 0.728157 0.120626 1.324586
1.600000 0.800000 0.723324 0.119341 1.290355
1.650000 0.800000 0.718845 0.118218 1.255597
1.700000 0.800000 0.714677 0.116944 1.220651
1.750000 0.800000 0.710571 0.114868 1.184757
1.800000 0.800000 0.706461 0.110689 1.150225
1.850000 0.800000 0.701553 0.102132 1.112410
1.900000 0.800000 0.696880 0.085072 1.084218
1.950000 0.800000 0.690345 0.053929 1.038045
2.000000 0.800000 0.690345 0.000000 1.038045

0.000000 0.850000 1.000000 0.000000 3.046030
0.050000 0.850000 0.992164 -0.033901 3.046030
0.100000 0.850000 0.973459 -0.010827 2.831791
0.150000 0.850000 0.931490 0.023344 2.710969
0.200000 0.850000 0.887343 0.060975 2.576449
0.250000 0.850000 0.843589 0.094051 2.480703
0.300000 0.850000 0.805393 0.121363 2.400169
0.350000 0.850000 0.773205 0.142770 2.337291
0.400000 0.850000 0.747132 0.159029 2.285081
0.450000 0.850000 0.726382 0.170971 2.241004
0.500000 0.850000 0.710086 0.179395 2.202085
0.550000 0.850000 0.697329 0.184985 2.166524
0.600000 0.850000 0.687291 0.188309 2.132910
0.650000 0.850000 0.679269 0.189835 2.100312
0.700000 0.850000 0.672686 0.189945 2.068088
0.750000 0.850000 0.667079 0.188953 2.035829
0.800000 0.850000 0.662090 0.187116 2.003286
0.850000 0.850000 0.657451 0.184644 1.970324
0.900000 0.850000 0.652965 0.181708 1.936887
0.950000 0.850000 0.648499 0.178446 1.902972
1.000000 0.850000 0.643966 0.174972 1.868605
1.050000 0.850000 0.639321 0.171374 1.833831
1.100000 0.850000 0.634547 0.167724 1.798703
1.150000 0.850000 0.629654 0.164080 1.763269
1.200000 0.850000 0.624670 0.160487 1.727571
1.250000 0.850000 0.619640 0.156983 1.691637
1.300000 0.850000 0.614619 0.153602 1.655482
1.350000 0.850000 0.609675 0.150373 1.619094
1.400000 0.850000 0.604885 0.147325 1.582441
1.450000 0.850000 0.600332 0.144487 1.545451
1.500000 0.850000 0.596107 0.141885 1.508023
1.550000 0.850000 0.592294 0.139535 1.469975
1.600000 0.850000 0.588977 0.137426 1.431135
1.650000 0.850000 0.586184 0.135475 1.391056
1.700000 0.850000 0.583930 0.133446 1.349711
1.750000 0.850000 0.581982 0.130779 1.305698
1.800000 0.850000 0.580256 0.126272 1.260921
1.850000 0.850000 0.577618 0.117570 1.208909
1.900000 0.850000 0.574961 0.100043 1.165272
1.950000 0.850000 0.568256 0.066004 1.090994
2.000000 0.850000 0.568256 0.000000 1.090994

0.000000 0.900000 1.000000 0.000000 2.671418
0.050000 0.900000 0.928137 -0.068571 2.671418
0.100000 0.900000 0.864211 -0.024059 2.267504
0.150000 0.900000 0.779645 0.021177 2.138266
0.200000 0.900000 0.712013 0.059614 1.995148
0.250000 0.900000 0.655092 0.087844 1.909378
0.300000 0.900000 0.610863 0.108257 1.839769
0.350000 0.900000 0.576459 0.122728 1.788654
0.400000 0.900000 0.550255 0.132864 1.747291
0.450000 0.900000 0.530384 0.139800 1.713173
0.500000 0.900000 0.515409 0.144344 1.683386
0.550000 0.900000 0.504114 0.147077 1.656343
0.600000 0.900000 0.495545 0.148419 1.630824
0.650000 0.900000 0.488942 0.148688 1.606060
0.700000 0.900000 0.483719 0.148124 1.581533
0.750000 0.900000 0.479423 0.146920 1.556920
0.800000 0.900000 0.475713 0.145226 1.532031
0.850000 0.900000 0.472339 0.143163 1.506768
0.900000 0.900000 0.469121 0.140832 1.481096
0.950000 0.900000 0.465935 0.138310 1.455020
1.000000 0.900000 0.462704 0.135662 1.428568
1.050000 0.900000 0.459385 0.132938 1.401783
1.100000 0.900000 0.455962 0.130181 1.374710
1.150000 0.900000 0.452441 0.127423 1.347393
1.200000 0.900000 0.448845 0.124690 1.319868
1.250000 0.900000 0.445212 0.122004 1.292161
1.300000 0.900000 0.441591 0.119385 1.264282
1.350000 0.900000 0.438040 0.116851 1.236226
1.400000 0.900000 0.434630 0.114422 1.207966
1.450000 0.900000 0.431442 0.112118 1.179443
1.500000 0.900000 0.428568 0.109966 1.150579
1.550000 0.900000 0.426107 0.107988 1.121226
1.600000 0.900000 0.424166 0.106202 1.091263
1.650000 0.900000 0.422823 0.104592 1.060334
1.700000 0.900000 0.422156 0.103059 1.028523
1.750000 0.900000 0.421999 0.101276 0.994677
1.800000 0.900000 0.422296 0.098415 0.960983
1.850000 0.900000 0.421741 0.092563 0.921760
1.900000 0.900000 0.420750 0.079348 0.892658
1.950000 0.900000 0.414958 0.052141 0.843536
2.000000 0.900000 0.414958 0.000000 0.843536

0.000000 0.950000 1.000000 0.000000 4.776768
0.050000 0.950000 0.724038 0.185726 4.776768
0.100000 0.950000 0.616009 0.234470 3.844160
0.150000 0.950000 0.508202 0.254659 3.555922
0.200000 0.950000 0.439449 0.263282 3.301170
0.250000 0.950000 0.388133 0.268773 3.162078
0.300000 0.950000 0.352290 0.272002 3.061707
0.350000 0.950000 0.326401 0.273874 2.992948
0.400000 0.950000 0.307889 0.274607 2.939704
0.450000 0.950000 0.294545 0.274439 2.896044
0.500000 0.950000 0.284934 0.273506 2.857123
0.550000 0.950000 0.277979 0.271924 2.820383
0.600000 0.950000 0.272909 0.269782 2.784138
0.650000 0.950000 0.269150 0.267159 2.747434
0.700000 0.950000 0.266281 0.264121 2.709728
0.750000 0.950000 0.263989 0.260733 2.670762
0.800000 0.950000 0.262047 0.257051 2.630457
0.850000 0.950000 0.260291 0.253127 2.588848
0.900000 0.950000 0.258606 0.249009 2.546041
0.950000 0.950000 0.256918 0.244737 2.502177
1.000000 0.950000 0.255179 0.240349 2.457414
1.050000 0.950000 0.253366 0.235876 2.411911
1.100000 0.950000 0.251472 0.231346 2.365816
1.150000 0.950000 0.249504 0.226779 2.319259
1.200000 0.950000 0.247481 0.222194 2.272347
1.250000 0.950000 0.245428 0.217607 2.225161
1.300000 0.950000 0.243380 0.213028 2.177749
1.350000 0.950000 0.241379 0.208467 2.130119
1.400000 0.950000 0.239476 0.203929 2.082233
1.450000 0.950000 0.237735 0.199420 2.033980
1.500000 0.950000 0.236235 0.194940 1.985164
1.550000 0.950000 0.235071 0.190483 1.935417
1.600000 0.950000 0.234372 0.186031 1.884203
1.650000 0.950000 0.234275 0.181527 1.830455
1.700000 0.950000 0.234981 0.176858 1.773009
1.750000 0.950000 0.236542 0.171690 1.708530
1.800000 0.950000 0.239247 0.165389 1.636181
1.850000 0.950000 0.241888 0.155988 1.542743
1.900000 0.950000 0.245457 0.139369 1.446581
1.950000 0.950000 0.238390 0.101119 1.266647
2.000000 0.950000 0.238390 0.000000 1.266647

0.000000 1.000000 0.000000 0.000000 0.000000
0.050000 1.000000 0.000000 0.000000 0.000000
0.100000 1.000000 0.000000 0.000000 0.000000
0.150000 1.000000 0.000000 0.000000 0.000000
0.200000 1.000000 0.000000 0.000000 0.000000
0.250000 1.000000 0.000000 0.000000 0.000000
0.300000 1.000000 0.000000 0.000000 0.000000
0.350000 1.000000 0.000000 0.000000 0.000000
0.400000 1.000000 0.000000 0.000000 0.000000
0.450000 1.000000 0.000000 0.000000 0.000000
0.500000 1.000000 0.000000 0.000000 0.000000
0.550000 1.000000 0.000000 0.000000 0.000000
0.600000 1.000000 0.000000 0.000000 0.000000
0.650000 1.000000 0.000000 0.000000 0.000000
0.700000 1.000000 0.000000 0.000000 0.000000
0.750000 1.000000 0.000000 0.000000 0.000000
0.800000 1.000000 0.000000 0.000000 0.000000
0.850000 1.000000 0.000000 0.000000 0.000000
0.900000 1.000000 0.000000 0.000000 0.000000
0.950000 1.000000 0.000000 0.000000 0.000000
1.000000 1.000000 0.000000 0.000000 0.000000
1.050000 1.000000 0.000000 0.000000 0.000000
1.100000 1.000000 0.000000 0.000000 0.000000
1.150000 1.000000 0.000000 0.000000 0.000000
1.200000 1.000000 0.000000 0.000000 0.000000
1.250000 1.000000 0.000000 0.000000 0.000000
1.300000 1.000000 0.000000 0.000000 0.000000
1.350000 1.000000 0.000000 0.000000 0.000000
1.400000 1.000000 0.000000 0.000000 0.000000
1.450000 1.000000 0.000000 0.000000 0.000000
1.500000 1.000000 0.000000 0.000000 0.000000
1.550000 1.000000 0.000000 0.000000 0.000000
1.600000 1.000000 0.000000 0.000000 0.000000
1.650000 1.000000 0.000000 0.000000 0.000000
1.700000 1.000000 0.000000 0.000000 0.000000
1.750000 1.000000 0.000000 0.000000 0.000000
1.800000 1.000000 0.000000 0.000000 0.000000
1.850000 1.000000 0.000000 0.000000 0.000000
1.900000 1.000000 0.000000 0.000000 0.000000
1.950000 1.000000 0.000000 0.000000 0.000000
2.000000 1.000000 0.000000 0.000000 0.000000

