0.000000 0.000000 0.000000 0.000000 5.195441
0.050000 0.000000 0.000000 0.000000 5.195441
0.100000 0.000000 0.000000 0.000000 3.730347
0.150000 0.000000 0.000000 0.000000 3.240572
0.200000 0.000000 0.000000 0.000000 2.804869
0.250000 0.000000 0.000000 0.000000 2.568109
0.300000 0.000000 0.000000 0.000000 2.394987
0.350000 0.000000 0.000000 0.000000 2.277375
0.400000 0.000000 0.000000 0.000000 2.187195
0.450000 0.000000 0.000000 0.000000 2.116294
0.500000 0.000000 0.000000 0.000000 2.057078
0.550000 0.000000 0.000000 0.000000 2.005988
0.600000 0.000000 0.000000 0.000000 1.960436
0.650000 0.000000 0.000000 0.000000 1.918889
0.700000 0.000000 0.000000 0.000000 1.880266
0.750000 0.000000 0.000000 0.000000 1.843839
0.800000 0.000000 0.000000 0.000000 1.809080
0.850000 0.000000 0.000000 0.000000 1.775605
0.900000 0.000000 0.000000 0.000000 1.743126
0.950000 0.000000 0.000000 0.000000 1.711425
1.000000 0.000000 0.000000 0.000000 1.680333
1.050000 0.000000 0.000000 0.000000 1.649722
1.100000 0.000000 0.000000 0.000000 1.619490
1.150000 0.000000 0.000000 0.000000 1.589562
1.200000 0.000000 0.000000 0.000000 1.559881
1.250000 0.000000 0.000000 0.000000 1.530407
1.300000 0.000000 0.000000 0.000000 1.501120
1.350000 0.000000 0.000000 0.000000 1.472010
1.400000 0.000000 0.000000 0.000000 1.443089
1.450000 0.000000 0.000000 0.000000 1.414383
1.500000 0.000000 0.000000 0.000000 1.385948
1.550000 0.000000 0.000000 0.000000 1.357853
1.600000 0.000000 0.000000 0.000000 1.330238
1.650000 0.000000 0.000000 0.000000 1.303210
1.700000 0.000000 0.000000 0.000000 1.277130
1.750000 0.000000 0.000000 0.000000 1.251973
1.800000 0.000000 0.000000 0.000000 1.228923
1.850000 0.000000 0.000000 0.000000 1.206571
1.900000 0.000000 0.000000 0.000000 1.189985
1.950000 0.000000 0.000000 0.000000 1.168968
2.000000 0.000000 0.000000 0.000000 1.168968

0.000000 0.050000 1.000000 0.000000 5.195441
0.050000 0.050000 0.766290 0.138762 5.195441
0.100000 0.050000 0.689907 0.130929 3.730347
0.150000 0.050000 0.574358 0.104769 3.240572
0.200000 0.050000 0.495599 0.075941 2.804869
0.250000 0.050000 0.430688 0.054159 2.568109
0.300000 0.050000 0.382682 0.038687 2.394987
0.350000 0.050000 0.345503 0.028177 2.277375
0.400000 0.050000 0.316913 0.021024 2.187195
0.450000 0.050000 0.294403 0.016100 2.116294
0.500000 0.050000 0.276460 0.012632 2.057078
0.550000 0.050000 0.261906 0.010129 2.005988
0.600000 0.050000 0.249933 0.008276 1.960436
0.650000 0.050000 0.239944 0.006873 1.918889
0.700000 0.050000 0.231505 0.005790 1.880266
0.750000 0.050000 0.224295 0.004939 1.843839
0.800000 0.050000 0.218068 0.004260 1.809080
0.850000 0.050000 0.212639 0.003711 1.775605
0.900000 0.050000 0.207863 0.003264 1.743126
0.950000 0.050000 0.203624 0.002896 1.711425
1.000000 0.050000 0.199832 0.002592 1.680333
1.050000 0.050000 0.196410 0.002341 1.649722
1.100000 0.050000 0.193297 0.002134 1.619490
1.150000 0.050000 0.190438 0.001964 1.589562
1.200000 0.050000 0.187786 0.001828 1.559881
1.250000 0.050000 0.185301 0.001722 1.530407
1.300000 0.050000 0.182944 0.001645 1.501120
1.350000 0.050000 0.180679 0.001594 1.472010
1.400000 0.050000 0.178471 0.001570 1.443089
1.450000 0.050000 0.176287 0.001572 1.414383
1.500000 0.050000 0.174092 0.001602 1.385948
1.550000 0.050000 0.171854 0.001660 1.357853
1.600000 0.050000 0.169541 0.001745 1.330238
1.650000 0.050000 0.167120 0.001854 1.303210
1.700000 0.050000 0.164583 0.001979 1.277130
1.750000 0.050000 0.161897 0.002105 1.251973
1.800000 0.050000 0.159158 0.002190 1.228923
1.850000 0.050000 0.156284 0.002185 1.206571
1.900000 0.050000 0.153850 0.001938 1.189985
1.950000 0.050000 0.151252 0.001373 1.168968
2.000000 0.050000 0.151252 0.000000 1.168968

0.000000 0.100000 1.000000 0.000000 4.093208
0.050000 0.100000 0.972599 0.211355 4.093208
0.100000 0.100000 0.949079 0.220698 3.468918
0.150000 0.100000 0.877461 0.193606 3.174271
0.200000 0.100000 0.808535 0.153283 2.855695
0.250000 0.100000 0.739686 0.118301 2.646170
0.300000 0.100000 0.680072 0.090446 2.475973
0.350000 0.100000 0.628913 0.069624 2.349558
0.400000 0.100000 0.586277 0.054239 2.248526
0.450000 0.100000 0.550765 0.042903 2.167314
0.500000 0.100000 0.521222 0.034473 2.099373
0.550000 0.100000 0.496491 0.028128 2.041179
0.600000 0.100000 0.475645 0.023282 1.989946
0.650000 0.100000 0.457920 0.019528 1.943869
0.700000 0.100000 0.442714 0.016579 1.901624
0.750000 0.100000 0.429554 0.014232 1.862280
0.800000 0.100000 0.418066 0.012342 1.825155
0.850000 0.100000 0.407956 0.010805 1.789744
0.900000 0.100000 0.398986 0.009543 1.755670
0.950000 0.100000 0.390969 0.008500 1.722645
1.000000 0.100000 0.383748 0.007635 1.690452
1.050000 0.100000 0.377197 0.006916 1.658920
1.100000 0.100000 0.371205 0.006320 1.627922
1.150000 0.100000 0.365681 0.005830 1.597358
1.200000 0.100000 0.360542 0.005434 1.567157
1.250000 0.100000 0.355715 0.005123 1.537266
1.300000 0.100000 0.351133 0.004890 1.507654
1.350000 0.100000 0.346734 0.004732 1.478307
1.400000 0.100000 0.342457 0.004647 1.449228
1.450000 0.100000 0.338246 0.004633 1.420437
1.500000 0.100000 0.334046 0.004689 1.391982
1.550000 0.100000 0.329805 0.004815 1.363916
1.600000 0.100000 0.325481 0.005004 1.336361
1.650000 0.100000 0.321033 0.005244 1.309376
1.700000 0.100000 0.316462 0.005508 1.283286
1.750000 0.100000 0.311748 0.005749 1.257917
1.800000 0.100000 0.307059 0.005863 1.234455
1.850000 0.100000 0.302343 0.005714 1.210975
1.900000 0.100000 0.298425 0.004979 1.193200
1.950000 0.100000 0.294562 0.003411 1.168556
2.000000 0.100000 0.294562 0.000000 1.168556

0.000000 0.150000 1.000000 0.000000 3.565349
0.050000 0.150000 1.027434 0.188891 3.565349
0.100000 0.150000 1.044051 0.241019 3.249466
0.150000 0.150000 1.022486 0.241258 3.036050
0.200000 0.150000 0.985489 0.213413 2.798875
0.250000 0.150000 0.937334 0.179821 2.622717
0.300000 0.150000 0.888031 0.147613 2.473272
0.350000 0.150000 0.840720 0.120169 2.355936
0.400000 0.150000 0.797761 0.097803 2.259228
0.450000 0.150000 0.759591 0.080027 2.179385
0.500000 0.150000 0.726156 0.066013 2.111492
0.550000 0.150000 0.696997 0.054979 2.052682
0.600000 0.150000 0.671581 0.046256 2.000582
0.650000 0.150000 0.649366 0.039313 1.953574
0.700000 0.150000 0.629867 0.033743 1.910430
0.750000 0.150000 0.612660 0.029236 1.870261
0.800000 0.150000 0.597388 0.025557 1.832396
0.850000 0.150000 0.583753 0.022529 1.796332
0.900000 0.150000 0.571507 0.020020 1.761684
0.950000 0.150000 0.560442 0.017930 1.728158
1.000000 0.150000 0.550383 0.016182 1.695525
1.050000 0.150000 0.541181 0.014719 1.663610
1.100000 0.150000 0.532708 0.013499 1.632277
1.150000 0.150000 0.524850 0.012489 1.601421
1.200000 0.150000 0.517507 0.011665 1.570964
1.250000 0.150000 0.510588 0.011010 1.540852
1.300000 0.150000 0.504009 0.010510 1.511047
1.350000 0.150000 0.497691 0.010158 1.481531
1.400000 0.150000 0.491561 0.009947 1.452301
1.450000 0.150000 0.485547 0.009874 1.423371
1.500000 0.150000 0.479587 0.009931 1.394778
1.550000 0.150000 0.473619 0.010112 1.366563
1.600000 0.150000 0.467600 0.010397 1.338827
1.650000 0.150000 0.461494 0.010756 1.311601
1.700000 0.150000 0.455315 0.011127 1.285186
1.750000 0.150000 0.449068 0.011406 1.259330
1.800000 0.150000 0.442968 0.011406 1.235244
1.850000 0.150000 0.436999 0.010857 1.210728
1.900000 0.150000 0.432120 0.009256 1.192002
1.950000 0.150000 0.427526 0.006069 1.164997
2.000000 0.150000 0.427526 0.000000 1.164997

0.000000 0.200000 1.000000 0.000000 3.136697
0.050000 0.200000 1.033389 0.158977 3.136697
0.100000 0.200000 1.065000 0.229240 3.014319
0.150000 0.200000 1.076764 0.250683 2.885537
0.200000 0.200000 1.070922 0.240155 2.728380
0.250000 0.200000 1.049929 0.216342 2.592548
0.300000 0.200000 1.020760 0.188039 2.468398
0.350000 0.200000 0.987502 0.160564 2.363263
0.400000 0.200000 0.953525 0.135983 2.272513
0.450000 0.200000 0.920608 0.114987 2.194772
0.500000 0.200000 0.889764 0.097466 2.127130
0.550000 0.200000 0.861382 0.083025 2.067631
0.600000 0.200000 0.835536 0.071179 2.014466
0.650000 0.200000 0.812112 0.061463 1.966281
0.700000 0.200000 0.790917 0.053472 1.921989
0.750000 0.200000 0.771728 0.046869 1.880757
0.800000 0.200000 0.754321 0.041385 1.841936
0.850000 0.200000 0.738486 0.036803 1.805024
0.900000 0.200000 0.724033 0.032957 1.769629
0.950000 0.200000 0.710791 0.029715 1.735445
1.000000 0.200000 0.698607 0.026977 1.702234
1.050000 0.200000 0.687345 0.024665 1.669810
1.100000 0.200000 0.676883 0.022718 1.638028
1.150000 0.200000 0.667111 0.021092 1.606775
1.200000 0.200000 0.657925 0.019753 1.575968
1.250000 0.200000 0.649232 0.018675 1.545545
1.300000 0.200000 0.640942 0.017838 1.515463
1.350000 0.200000 0.632973 0.017230 1.485697
1.400000 0.200000 0.625246 0.016839 1.456239
1.450000 0.200000 0.617687 0.016654 1.427092
1.500000 0.200000 0.610229 0.016665 1.398281
1.550000 0.200000 0.602815 0.016850 1.369830
1.600000 0.200000 0.595403 0.017177 1.341819
1.650000 0.200000 0.587967 0.017586 1.314243
1.700000 0.200000 0.580539 0.017975 1.287373
1.750000 0.200000 0.573141 0.018176 1.260877
1.800000 0.200000 0.566024 0.017913 1.235985
1.850000 0.200000 0.559186 0.016776 1.210236
1.900000 0.200000 0.553666 0.014080 1.190345
1.950000 0.200000 0.548572 0.009015 1.160869
2.000000 0.200000 0.548572 0.000000 1.160869

0.000000 0.250000 1.000000 0.000000 2.878834
0.050000 0.250000 1.028250 0.125913 2.878834
0.100000 0.250000 1.062241 0.199873 2.839579
0.150000 0.250000 1.090298 0.235106 2.757262
0.200000 0.250000 1.105391 0.240752 2.650857
0.250000 0.250000 1.106863 0.229678 2.546223
0.300000 0.250000 1.097851 0.209899 2.444890
0.350000 0.250000 1.081394 0.187137 2.353522
0.400000 0.250000 1.060499 0.164490 2.271365
0.450000 0.250000 1.037313 0.143592 2.198491
0.500000 0.250000 1.013378 0.125081 2.133513
0.550000 0.250000 0.989667 0.109075 2.075293
0.600000 0.250000 0.966769 0.095417 2.022608
0.650000 0.250000 0.945000 0.083841 1.974442
0.700000 0.250000 0.924507 0.074051 1.929920
0.750000 0.250000 0.905326 0.065768 1.888332
0.800000 0.250000 0.887433 0.058743 1.849100
0.850000 0.250000 0.870764 0.052770 1.811761
0.900000 0.250000 0.855237 0.047675 1.775945
0.950000 0.250000 0.840762 0.043320 1.741357
1.000000 0.250000 0.827245 0.039595 1.707764
1.050000 0.250000 0.814592 0.036413 1.674979
1.100000 0.250000 0.802712 0.033707 1.642857
1.150000 0.250000 0.791514 0.031423 1.611284
1.200000 0.250000 0.780912 0.029521 1.580173
1.250000 0.250000 0.770821 0.027971 1.549460
1.300000 0.250000 0.761162 0.026748 1.519099
1.350000 0.250000 0.751855 0.025834 1.489059
1.400000 0.250000 0.742826 0.025214 1.459325
1.450000 0.250000 0.734006 0.024871 1.429895
1.500000 0.250000 0.725332 0.024783 1.400781
1.550000 0.250000 0.716751 0.024918 1.371994
1.600000 0.250000 0.708231 0.025222 1.343596
1.650000 0.250000 0.699754 0.025604 1.315557
1.700000 0.250000 0.691365 0.025918 1.288127
1.750000 0.250000 0.683102 0.025929 1.260921
1.800000 0.250000 0.675234 0.025264 1.235195
1.850000 0.250000 0.667763 0.023377 1.208298
1.900000 0.250000 0.661781 0.019400 1.187363
1.950000 0.250000 0.656311 0.012242 1.155823
2.000000 0.250000 0.656311 0.000000 1.155823

0.000000 0.300000 1.000000 0.000000 2.700356
0.050000 0.300000 1.021759 0.098370 2.700356
0.100000 0.300000 1.052799 0.166912 2.699652
0.150000 0.300000 1.086504 0.207425 2.649261
0.200000 0.300000 1.113212 0.223884 2.578875
0.250000 0.300000 1.130142 0.223967 2.499931
0.300000 0.300000 1.137355 0.213706 2.418508
0.350000 0.300000 1.136231 0.198039 2.340329
0.400000 0.300000 1.128726 0.180191 2.266950
0.450000 0.300000 1.116656 0.162204 2.199488
0.500000 0.300000 1.101575 0.145195 2.137756
0.550000 0.300000 1.084678 0.129703 2.081344
0.600000 0.300000 1.066853 0.115903 2.029575
0.650000 0.300000 1.048728 0.103772 1.981774
0.700000 0.300000 1.030731 0.093185 1.937291
0.750000 0.300000 1.013146 0.083977 1.895551
0.800000 0.300000 0.996151 0.075976 1.856062
0.850000 0.300000 0.979846 0.069024 1.818410
0.900000 0.300000 0.964280 0.062980 1.782255
0.950000 0.300000 0.949464 0.057726 1.747319
1.000000 0.300000 0.935385 0.053164 1.713376
1.050000 0.300000 0.922008 0.049213 1.680246
1.100000 0.300000 0.909290 0.045810 1.647784
1.150000 0.300000 0.897178 0.042905 1.615877
1.200000 0.300000 0.885611 0.040457 1.584438
1.250000 0.300000 0.874528 0.038435 1.553400
1.300000 0.300000 0.863866 0.036814 1.522714
1.350000 0.300000 0.853558 0.035575 1.492346
1.400000 0.300000 0.843542 0.034697 1.462277
1.450000 0.300000 0.833758 0.034158 1.432496
1.500000 0.300000 0.824152 0.033928 1.403009
1.550000 0.300000 0.814680 0.033961 1.373812
1.600000 0.300000 0.805318 0.034180 1.344958
1.650000 0.300000 0.796057 0.034465 1.316395
1.700000 0.300000 0.786951 0.034621 1.288359
1.750000 0.300000 0.778045 0.034348 1.260424
1.800000 0.300000 0.769621 0.033178 1.233874
1.850000 0.300000 0.761677 0.030429 1.205900
1.900000 0.300000 0.755342 0.025050 1.184002
1.950000 0.300000 0.749567 0.015663 1.150628
2.000000 0.300000 0.749567 0.000000 1.150628

0.000000 0.350000 1.000000 0.000000 2.582752
0.050000 0.350000 1.016607 0.075535 2.582752
0.100000 0.350000 1.043471 0.134676 2.597037
0.150000 0.350000 1.077428 0.174907 2.565148
0.200000 0.350000 1.109220 0.197218 2.517079
0.250000 0.350000 1.135221 0.205552 2.456397
0.300000 0.350000 1.153620 0.203839 2.390284
0.350000 0.350000 1.164348 0.195751 2.323328
0.400000 0.350000 1.168222 0.184053 2.258081
0.450000 0.350000 1.166409 0.170724 2.196170
0.500000 0.350000 1.160149 0.157043 2.138148
0.550000 0.350000 1.150571 0.143781 2.084122
0.600000 0.350000 1.138640 0.131355 2.033841
0.650000 0.350000 1.125134 0.119952 1.986921
0.700000 0.350000 1.110664 0.109624 1.942916
0.750000 0.350000 1.095692 0.100341 1.901391
0.800000 0.350000 1.080561 0.092039 1.861941
0.850000 0.350000 1.065517 0.084636 1.824213
0.900000 0.350000 1.050732 0.078053 1.787904
0.950000 0.350000 1.036319 0.072212 1.752761
1.000000 0.350000 1.022346 0.067049 1.718574
1.050000 0.350000 1.008849 0.062506 1.685172
1.100000 0.350000 0.995835 0.058536 1.652418
1.150000 0.350000 0.983297 0.055101 1.620204
1.200000 0.350000 0.971209 0.052169 1.588442
1.250000 0.350000 0.959537 0.049715 1.557068
1.300000 0.350000 0.948242 0.047717 1.526031
1.350000 0.350000 0.937276 0.046157 1.495297
1.400000 0.350000 0.926593 0.045013 1.464843
1.450000 0.350000 0.916146 0.044260 1.434655
1.500000 0.350000 0.905893 0.043859 1.404732
1.550000 0.350000 0.895799 0.043751 1.375067
1.600000 0.350000 0.885848 0.043840 1.345701
1.650000 0.350000 0.876037 0.043974 1.316574
1.700000 0.350000 0.866425 0.043913 1.287917
1.750000 0.350000 0.857060 0.043290 1.259275
1.800000 0.350000 0.848230 0.041544 1.231966
1.850000 0.350000 0.839927 0.037857 1.203048
1.900000 0.350000 0.833311 0.030990 1.180334
1.950000 0.350000 0.827282 0.019265 1.145405
2.000000 0.350000 0.827281 0.000000 1.145405

0.000000 0.400000 1.000000 0.000000 2.501619
0.050000 0.400000 1.013016 0.056942 2.501619
0.100000 0.400000 1.036037 0.105344 2.520888
0.150000 0.400000 1.068028 0.141856 2.500134
0.200000 0.400000 1.101070 0.166078 2.466093
0.250000 0.400000 1.131482 0.179606 2.418277
0.300000 0.400000 1.156561 0.184618 2.363576
0.350000 0.400000 1.175268 0.183467 2.305629
0.400000 0.400000 1.187513 0.178159 2.247318
0.450000 0.400000 1.193816 0.170298 2.190483
0.500000 0.400000 1.194996 0.161050 2.136102
0.550000 0.400000 1.191969 0.151225 2.084622
0.600000 0.400000 1.185625 0.141350 2.036089
0.650000 0.400000 1.176762 0.131756 1.990343
0.700000 0.400000 1.166065 0.122633 1.947104
0.750000 0.400000 1.154095 0.114084 1.906051
0.800000 0.400000 1.141301 0.106154 1.866864
0.850000 0.400000 1.128034 0.098855 1.829247
0.900000 0.400000 1.114559 0.092180 1.792935
0.950000 0.400000 1.101072 0.086113 1.757702
1.000000 0.400000 1.087713 0.080634 1.723359
1.050000 0.400000 1.074576 0.075724 1.689749
1.100000 0.400000 1.061723 0.071362 1.656744
1.150000 0.400000 1.049185 0.067531 1.624241
1.200000 0.400000 1.036974 0.064215 1.592161
1.250000 0.400000 1.025087 0.061401 1.560440
1.300000 0.400000 1.013509 0.059074 1.529031
1.350000 0.400000 1.002214 0.057222 1.497898
1.400000 0.400000 0.991174 0.055825 1.467020
1.450000 0.400000 0.980357 0.054857 1.436380
1.500000 0.400000 0.969734 0.054273 1.405977
1.550000 0.400000 0.959278 0.054005 1.375799
1.600000 0.400000 0.948980 0.053938 1.345890
1.650000 0.400000 0.938840 0.053891 1.316183
1.700000 0.400000 0.928918 0.053581 1.286914
1.750000 0.400000 0.919259 0.052576 1.257611
1.800000 0.400000 0.910152 0.050221 1.229628
1.850000 0.400000 0.901584 0.045559 1.199908
1.900000 0.400000 0.894746 0.037153 1.176534
1.950000 0.400000 0.888498 0.023010 1.140302
2.000000 0.400000 0.888498 0.000000 1.140302

0.000000 0.450000 1.000000 0.000000 2.447381
0.050000 0.450000 1.010728 0.041357 2.447381
0.100000 0.450000 1.030795 0.079007 2.467336
0.150000 0.450000 1.060296 0.110104 2.452576
0.200000 0.450000 1.092601 0.133736 2.426497
0.250000 0.450000 1.124318 0.150110 2.386848
0.300000 0.450000 1.152487 0.160081 2.339862
0.350000 0.450000 1.175581 0.164825 2.288501
0.400000 0.450000 1.192950 0.165528 2.235626
0.450000 0.450000 1.204638 0.163259 2.183088
0.500000 0.450000 1.211100 0.158905 2.132044
0.550000 0.450000 1.213010 0.153167 2.083102
0.600000 0.450000 1.211120 0.146575 2.036479
0.650000 0.450000 1.206167 0.139525 1.992149
0.700000 0.450000 1.198828 0.132304 1.949943
0.750000 0.450000 1.189688 0.125117 1.909627
0.800000 0.450000 1.179241 0.118111 1.870943
0.850000 0.450000 1.167888 0.111391 1.833643
0.900000 0.450000 1.155949 0.105027 1.797500
0.950000 0.450000 1.143671 0.099071 1.762318
1.000000 0.450000 1.131243 0.093557 1.727927
1.050000 0.450000 1.118802 0.088508 1.694189
1.100000 0.450000 1.106450 0.083939 1.660988
1.150000 0.450000 1.094252 0.079861 1.628232
1.200000 0.450000 1.082252 0.076277 1.595849
1.250000 0.450000 1.070473 0.073191 1.563781
1.300000 0.450000 1.058923 0.070601 1.531986
1.350000 0.450000 1.047600 0.068502 1.500430
1.400000 0.450000 1.036491 0.066879 1.469093
1.450000 0.450000 1.025581 0.065709 1.437961
1.500000 0.450000 1.014852 0.064947 1.407035
1.550000 0.450000 1.004285 0.064514 1.376304
1.600000 0.450000 0.993875 0.064284 1.345817
1.650000 0.450000 0.983621 0.064049 1.315509
1.700000 0.450000 0.973580 0.063486 1.285629
1.750000 0.450000 0.963788 0.062098 1.255695
1.800000 0.450000 0.954532 0.059133 1.227107
1.850000 0.450000 0.945787 0.053492 1.196697
1.900000 0.450000 0.938782 0.043520 1.172798
1.950000 0.450000 0.932348 0.026896 1.135461
2.000000 0.450000 0.932348 0.000000 1.135461

0.000000 0.500000 1.000000 0.000000 2.412280
0.050000 0.500000 1.009465 0.027723 2.412280
0.100000 0.500000 1.027552 0.055116 2.431010
0.150000 0.500000 1.054763 0.080208 2.418749
0.200000 0.500000 1.085369 0.101960 2.396336
0.250000 0.500000 1.116334 0.119717 2.361114
0.300000 0.500000 1.144809 0.133331 2.318701
0.350000 0.500000 1.169160 0.142986 2.271664
0.400000 0.500000 1.188528 0.149083 2.222693
0.450000 0.500000 1.202715 0.152128 2.173546
0.500000 0.500000 1.211953 0.152656 2.125379
0.550000 0.500000 1.216732 0.151181 2.078831
0.600000 0.500000 1.217665 0.148169 2.034167
0.650000 0.500000 1.215393 0.144023 1.991416
0.700000 0.500000 1.210531 0.139088 1.950459
0.750000 0.500000 1.203632 0.133646 1.911110
0.800000 0.500000 1.195175 0.127929 1.873152
0.850000 0.500000 1.185562 0.122122 1.836373
0.900000 0.500000 1.175123 0.116373 1.800579
0.950000 0.500000 1.164120 0.110795 1.765597
1.000000 0.500000 1.152763 0.105479 1.731283
1.050000 0.500000 1.141210 0.100493 1.697516
1.100000 0.500000 1.129582 0.095889 1.664196
1.150000 0.500000 1.117969 0.091705 1.631246
1.200000 0.500000 1.106436 0.087971 1.598601
1.250000 0.500000 1.095026 0.084707 1.566214
1.300000 0.500000 1.083768 0.081926 1.534047
1.350000 0.500000 1.072677 0.079632 1.502073
1.400000 0.500000 1.061758 0.077822 1.470275
1.450000 0.500000 1.051009 0.076475 1.438642
1.500000 0.500000 1.040421 0.075548 1.407179
1.550000 0.500000 1.029984 0.074962 1.375881
1.600000 0.500000 1.019693 0.074580 1.344806
1.650000 0.500000 1.009542 0.074173 1.313896
1.700000 0.500000 0.999579 0.073381 1.283424
1.750000 0.500000 0.989823 0.071644 1.252902
1.800000 0.500000 0.980553 0.068111 1.223792
1.850000 0.500000 0.971731 0.061526 1.192819
1.900000 0.500000 0.964617 0.050000 1.168554
1.950000 0.500000 0.958030 0.030867 1.130350
2.000000 0.500000 0.958029 0.000000 1.130350

0.000000 0.550000 1.000000 0.000000 2.395721
0.050000 0.550000 1.009022 0.015308 2.395721
0.100000 0.550000 1.026007 0.033215 2.412439
0.150000 0.550000 1.051297 0.052543 2.400001
0.200000 0.550000 1.079609 0.072183 2.377776
0.250000 0.550000 1.108238 0.090777 2.343718
0.300000 0.550000 1.134678 0.107336 2.303014
0.350000 0.550000 1.157499 0.121193 2.258124
0.400000 0.550000 1.175937 0.132056 2.211505
0.450000 0.550000 1.189798 0.139913 2.164755
0.500000 0.550000 1.199250 0.144964 2.118897
0.550000 0.550000 1.204688 0.147528 2.074480
0.600000 0.550000 1.206615 0.147986 2.031718
0.650000 0.550000 1.205569 0.146729 1.990612
0.700000 0.550000 1.202068 0.144134 1.951038
0.750000 0.550000 1.196589 0.140541 1.912816
0.800000 0.550000 1.189549 0.136248 1.875749
0.850000 0.550000 1.181304 0.131509 1.839645
0.900000 0.550000 1.172151 0.126534 1.804333
0.950000 0.550000 1.162335 0.121495 1.769665
1.000000 0.550000 1.152051 0.116531 1.735517
1.050000 0.550000 1.141458 0.111751 1.701789
1.100000 0.550000 1.130678 0.107241 1.668400
1.150000 0.550000 1.119810 0.103067 1.635287
1.200000 0.550000 1.108927 0.099279 1.602397
1.250000 0.550000 1.098088 0.095917 1.569694
1.300000 0.550000 1.087333 0.093007 1.537147
1.350000 0.550000 1.076695 0.090567 1.504734
1.400000 0.550000 1.066190 0.088601 1.472444
1.450000 0.550000 1.055830 0.087098 1.440269
1.500000 0.550000 1.045616 0.086021 1.408219
1.550000 0.550000 1.035541 0.085293 1.376294
1.600000 0.550000 1.025599 0.084772 1.344562
1.650000 0.550000 1.015775 0.084217 1.312973
1.700000 0.550000 1.006103 0.083234 1.281827
1.750000 0.550000 0.996577 0.081204 1.250637
1.800000 0.550000 0.987457 0.077169 1.220936
1.850000 0.550000 0.978678 0.069705 1.189337
1.900000 0.550000 0.971533 0.056662 1.164684
1.950000 0.550000 0.964822 0.034993 1.125562
2.000000 0.550000 0.964822 0.000000 1.125562

0.000000 0.600000 1.000000 0.000000 2.392281
0.050000 0.600000 1.009343 0.002922 2.392281
0.100000 0.600000 1.025917 0.012144 2.404716
0.150000 0.600000 1.049344 0.026581 2.389087
0.200000 0.600000 1.074539 0.044775 2.363522
0.250000 0.600000 1.099139 0.064483 2.327613
0.300000 0.600000 1.121226 0.083888 2.286091
0.350000 0.600000 1.139844 0.101555 2.241512
0.400000 0.600000 1.154595 0.116614 2.195975
0.450000 0.600000 1.165480 0.128648 2.150841
0.500000 0.600000 1.172742 0.137600 2.106869
0.550000 0.600000 1.176749 0.143652 2.064421
0.600000 0.600000 1.177920 0.147126 2.023564
0.650000 0.600000 1.176679 0.148411 1.984209
0.700000 0.600000 1.173424 0.147911 1.946183
0.750000 0.600000 1.168515 0.146011 1.909281
0.800000 0.600000 1.162267 0.143062 1.873303
0.850000 0.600000 1.154952 0.139370 1.838068
0.900000 0.600000 1.146800 0.135193 1.803421
0.950000 0.600000 1.138002 0.130749 1.769235
1.000000 0.600000 1.128720 0.126212 1.735408
1.050000 0.600000 1.119085 0.121724 1.701862
1.100000 0.600000 1.109208 0.117398 1.668534
1.150000 0.600000 1.099178 0.113320 1.635376
1.200000 0.600000 1.089072 0.109559 1.602353
1.250000 0.600000 1.078952 0.106169 1.569436
1.300000 0.600000 1.068868 0.103189 1.536605
1.350000 0.600000 1.058862 0.100648 1.503843
1.400000 0.600000 1.048965 0.098561 1.471142
1.450000 0.600000 1.039196 0.096927 1.438499
1.500000 0.600000 1.029568 0.095718 1.405927
1.550000 0.600000 1.020076 0.094865 1.373430
1.600000 0.600000 1.010714 0.094229 1.341086
1.650000 0.600000 1.001455 0.093567 1.308856
1.700000 0.600000 0.992309 0.092459 1.277073
1.750000 0.600000 0.983237 0.090233 1.245252
1.800000 0.600000 0.974465 0.085819 1.215030
1.850000 0.600000 0.965882 0.077617 1.182903
1.900000 0.600000 0.958802 0.063174 1.158047
1.950000 0.600000 0.952013 0.039052 1.118315
2.000000 0.600000 0.952013 0.000000 1.118315

0.000000 0.650000 1.000000 0.000000 2.417074
0.050000 0.650000 1.010258 -0.008969 2.417074
0.100000 0.650000 1.026676 -0.006823 2.423318
0.150000 0.650000 1.047592 0.004507 2.401653
0.200000 0.650000 1.068116 0.022802 2.368943
0.250000 0.650000 1.086421 0.044552 2.328024
0.300000 0.650000 1.101535 0.067070 2.282999
0.350000 0.650000 1.113244 0.088254 2.236767
0.400000 0.650000 1.121721 0.106838 2.190908
0.450000 0.650000 1.127289 0.122174 2.146454
0.500000 0.650000 1.130320 0.134095 2.103766
0.550000 0.650000 1.131171 0.142742 2.062913
0.600000 0.650000 1.130166 0.148442 2.023740
0.650000 0.650000 1.127586 0.151606 1.986009
0.700000 0.650000 1.123676 0.152674 1.949454
0.750000 0.650000 1.118644 0.152068 1.913821
0.800000 0.650000 1.112670 0.150176 1.878890
0.850000 0.650000 1.105910 0.147336 1.844480
0.900000 0.650000 1.098501 0.143838 1.810449
0.950000 0.650000 1.090559 0.139924 1.776687
1.000000 0.650000 1.082191 0.135792 1.743115
1.050000 0.650000 1.073487 0.131601 1.709674
1.100000 0.650000 1.064533 0.127480 1.676322
1.150000 0.650000 1.055401 0.123528 1.643029
1.200000 0.650000 1.046160 0.119826 1.609774
1.250000 0.650000 1.036872 0.116435 1.576539
1.300000 0.650000 1.027591 0.113404 1.543311
1.350000 0.650000 1.018366 0.110772 1.510080
1.400000 0.650000 1.009239 0.108561 1.476838
1.450000 0.650000 1.000242 0.106783 1.443578
1.500000 0.650000 0.991396 0.105421 1.410313
1.550000 0.650000 0.982703 0.104420 1.377039
1.600000 0.650000 0.974156 0.103655 1.343834
1.650000 0.650000 0.965717 0.102885 1.310650
1.700000 0.650000 0.957371 0.101681 1.277845
1.750000 0.650000 0.949030 0.099327 1.244908
1.800000 0.650000 0.940872 0.094644 1.213599
1.850000 0.650000 0.932703 0.085835 1.180227
1.900000 0.650000 0.925845 0.070099 1.154491
1.950000 0.650000 0.919006 0.043510 1.113052
2.000000 0.650000 0.919006 0.000000 1.113052

0.000000 0.700000 1.000000 0.000000 2.444564
0.050000 0.700000 1.011752 -0.023382 2.444564
0.100000 0.700000 1.027505 -0.026614 2.433491
0.150000 0.700000 1.043590 -0.015823 2.400389
0.200000 0.700000 1.056395 0.004877 2.355457
0.250000 0.700000 1.065070 0.030030 2.306844
0.300000 0.700000 1.070099 0.056057 2.256635
0.350000 0.700000 1.072197 0.080377 2.208000
0.400000 0.700000 1.072181 0.101601 2.161540
0.450000 0.700000 1.070656 0.119099 2.117790
0.500000 0.700000 1.068062 0.132785 2.076559
0.550000 0.700000 1.064673 0.142887 2.037556
0.600000 0.700000 1.060650 0.149806 2.000358
0.650000 0.700000 1.056080 0.154009 1.964560
0.700000 0.700000 1.051010 0.155974 1.929794
0.750000 0.700000 1.045469 0.156149 1.895755
0.800000 0.700000 1.039478 0.154940 1.862204
0.850000 0.700000 1.033061 0.152696 1.828959
0.900000 0.700000 1.026244 0.149714 1.795892
0.950000 0.700000 1.019063 0.146242 1.762912
1.000000 0.700000 1.011558 0.142480 1.729960
1.050000 0.700000 1.003775 0.138592 1.696999
1.100000 0.700000 0.995763 0.134707 1.664008
1.150000 0.700000 0.987577 0.130929 1.630973
1.200000 0.700000 0.979272 0.127339 1.597887
1.250000 0.700000 0.970906 0.124004 1.564744
1.300000 0.700000 0.962536 0.120974 1.531537
1.350000 0.700000 0.954217 0.118293 1.498258
1.400000 0.700000 0.946001 0.115994 1.464901
1.450000 0.700000 0.937932 0.114095 1.431455
1.500000 0.700000 0.930042 0.112596 1.397923
1.550000 0.700000 0.922346 0.111462 1.364296
1.600000 0.700000 0.914841 0.110587 1.330644
1.650000 0.700000 0.907480 0.109756 1.296911
1.700000 0.700000 0.900224 0.108547 1.263485
1.750000 0.700000 0.892928 0.106225 1.229831
1.800000 0.700000 0.885697 0.101522 1.197893
1.850000 0.700000 0.878208 0.092447 1.163795
1.900000 0.700000 0.871748 0.075800 1.137919
1.950000 0.700000 0.864947 0.047202 1.096052
2.000000 0.700000 0.864946 0.000000 1.096052

0.000000 0.750000 1.000000 0.000000 2.562320
0.050000 0.750000 1.012402 -0.033294 2.562320
0.100000 0.750000 1.025044 -0.036245 2.525649
0.150000 0.750000 1.031785 -0.021793 2.475557
0.200000 0.750000 1.032153 0.003914 2.411052
0.250000 0.750000 1.026958 0.033299 2.349990
0.300000 0.750000 1.018694 0.062349 2.290929
0.350000 0.750000 1.008967 0.088494 2.237486
0.400000 0.750000 0.999072 0.110656 2.188730
0.450000 0.750000 0.989658 0.128522 2.144471
0.500000 0.750000 0.981026 0.142272 2.103744
0.550000 0.750000 0.973206 0.152318 2.065779
0.600000 0.750000 0.966093 0.159170 2.029807
0.650000 0.750000 0.959514 0.163353 1.995216
0.700000 0.750000 0.953286 0.165364 1.961513
0.750000 0.750000 0.947240 0.165652 1.928335
0.800000 0.750000 0.941233 0.164608 1.895415
0.850000 0.750000 0.935157 0.162564 1.862573
0.900000 0.750000 0.928936 0.159800 1.829695
0.950000 0.750000 0.922524 0.156543 1.796710
1.000000 0.750000 0.915900 0.152982 1.763584
1.050000 0.750000 0.909067 0.149266 1.730304
1.100000 0.750000 0.902043 0.145514 1.696869
1.150000 0.750000 0.894861 0.141821 1.663286
1.200000 0.750000 0.887566 0.138264 1.629563
1.250000 0.750000 0.880209 0.134905 1.595705
1.300000 0.750000 0.872849 0.131792 1.561710
1.350000 0.750000 0.865547 0.128970 1.527570
1.400000 0.750000 0.858365 0.126474 1.493272
1.450000 0.750000 0.851360 0.124333 1.458788
1.500000 0.750000 0.844584 0.122558 1.424095
1.550000 0.750000 0.838069 0.121135 1.389142
1.600000 0.750000 0.831827 0.119987 1.353951
1.650000 0.750000 0.825815 0.118933 1.318384
1.700000 0.750000 0.819983 0.117584 1.282774
1.750000 0.750000 0.814128 0.115213 1.246429
1.800000 0.750000 0.808272 0.110487 1.211406
1.850000 0.750000 0.801886 0.101223 1.173319
1.900000 0.750000 0.796194 0.083740 1.143812
1.950000 0.750000 0.789405 0.052845 1.095568
2.000000 0.750000 0.789405 0.000000 1.095568

0.000000 0.800000 1.000000 0.000000 2.591915
0.050000 0.800000 1.009914 -0.053403 2.591915
0.100000 0.800000 1.013315 -0.051858 2.484520
0.150000 0.800000 1.001309 -0.029183 2.409653
0.200000 0.800000 0.982225 0.003936 2.321064
0.250000 0.800000 0.958585 0.037699 2.249458
0.300000 0.800000 0.934815 0.068499 2.184489
0.350000 0.800000 0.912653 0.094544 2.129605
0.400000 0.800000 0.893240 0.115579 2.081558
0.450000 0.800000 0.876769 0.131896 2.039363
0.500000 0.800000 0.863082 0.144068 2.001311
0.550000 0.800000 0.851779 0.152722 1.966260
0.600000 0.800000 0.842399 0.158466 1.933202
0.650000 0.800000 0.834481 0.161847 1.901409
0.700000 0.800000 0.827613 0.163344 1.870331
0.750000 0.800000 0.821448 0.163365 1.839585
0.800000 0.800000 0.815705 0.162253 1.808911
0.850000 0.800000 0.810171 0.160293 1.778144
0.900000 0.800000 0.804690 0.157720 1.747189
0.950000 0.800000 0.799156 0.154724 1.715999
1.000000 0.800000 0.793502 0.151459 1.684558
1.050000 0.800000 0.787699 0.148049 1.652875
1.100000 0.800000 0.781741 0.144591 1.620964
1.150000 0.800000 0.775647 0.141164 1.588847
1.200000 0.800000 0.769450 0.137830 1.556542
1.250000 0.800000 0.763198 0.134641 1.524061
1.300000 0.800000 0.756950 0.131639 1.491409
1.350000 0.800000 0.750771 0.128864 1.458576
1.400000 0.800000 0.744732 0.126351 1.425545
1.450000 0.800000 0.738904 0.124132 1.392279
1.500000 0.800000 0.733358 0.122231 1.358740
1.550000 0.800000 0.728150 0.120657 1.324853
1.600000 0.800000 0.723317 0.119371 1.290616
1.650000 0.800000 0.718839 0.118248 1.255852
1.700000 0.800000 0.714671 0.116974 1.220900
1.750000 0.800000 0.710566 0.114897 1.184998
1.800000 0.800000 0.706457 0.110716 1.150459
1.850000 0.800000 0.701548 0.102156 1.112636
1.900000 0.800000 0.696875 0.085092 1.084438
1.950000 0.800000 0.690338 0.053941 1.038255
2.000000 0.800000 0.690338 0.000000 1.038255

0.000000 0.850000 1.000000 0.000000 3.046309
0.050000 0.850000 0.992162 -0.033890 3.046309
0.100000 0.850000 0.973455 -0.010809 2.832073
0.150000 0.850000 0.931483 0.023367 2.711258
0.200000 0.850000 0.887334 0.061001 2.576745
0.250000 0.850000 0.843579 0.094080 2.481006
0.300000 0.850000 0.805382 0.121394 2.400478
0.350000 0.850000 0.773194 0.142803 2.337606
0.400000 0.850000 0.747120 0.159063 2.285403
0.450000 0.850000 0.726371 0.171005 2.241330
0.500000 0.850000 0.710075 0.179430 2.202416
0.550000 0.850000 0.697318 0.185020 2.166859
0.600000 0.850000 0.687281 0.188345 2.133248
0.650000 0.850000 0.679260 0.189871 2.100653
0.700000 0.850000 0.672678 0.189982 2.068431
0.750000 0.850000 0.667071 0.188990 2.036174
0.800000 0.850000 0.662084 0.187153 2.003632
0.850000 0.850000 0.657445 0.184681 1.970670
0.900000 0.850000 0.652960 0.181745 1.937233
0.950000 0.850000 0.648494 0.178483 1.903317
1.000000 0.850000 0.643962 0.175008 1.868949
1.050000 0.850000 0.639318 0.171410 1.834174
1.100000 0.850000 0.634544 0.167760 1.799044
1.150000 0.850000 0.629652 0.164115 1.763607
1.200000 0.850000 0.624669 0.160522 1.727906
1.250000 0.850000 0.619639 0.157018 1.691970
1.300000 0.850000 0.614618 0.153637 1.655810
1.350000 0.850000 0.609675 0.150407 1.619419
1.400000 0.850000 0.604885 0.147359 1.582761
1.450000 0.850000 0.600333 0.144521 1.545765
1.500000 0.850000 0.596109 0.141918 1.508332
1.550000 0.850000 0.592297 0.139569 1.470278
1.600000 0.850000 0.588980 0.137459 1.431431
1.650000 0.850000 0.586189 0.135508 1.391345
1.700000 0.850000 0.583936 0.133477 1.349991
1.750000 0.850000 0.581988 0.130810 1.305970
1.800000 0.850000 0.580263 0.126301 1.261183
1.850000 0.850000 0.577625 0.117597 1.209160
1.900000 0.850000 0.574969 0.100066 1.165513
1.950000 0.850000 0.568263 0.066018 1.091219
2.000000 0.850000 0.568263 0.000000 1.091219

0.000000 0.900000 1.000000 0.000000 2.671638
0.050000 0.900000 0.928134 -0.068562 2.671638
0.100000 0.900000 0.864207 -0.024044 2.267724
0.150000 0.900000 0.779638 0.021196 2.138490
0.200000 0.900000 0.712005 0.059635 1.995376
0.250000 0.900000 0.655083 0.087868 1.909612
0.300000 0.900000 0.610854 0.108281 1.840008
0.350000 0.900000 0.576450 0.122753 1.788898
0.400000 0.900000 0.550247 0.132890 1.747540
0.450000 0.900000 0.530377 0.139826 1.713426
0.500000 0.900000 0.515402 0.144371 1.683643
0.550000 0.900000 0.504108 0.147104 1.656602
0.600000 0.900000 0.495539 0.148446 1.631085
0.650000 0.900000 0.488938 0.148715 1.606324
0.700000 0.900000 0.483715 0.148152 1.581798
0.750000 0.900000 0.479420 0.146948 1.557187
0.800000 0.900000 0.475711 0.145254 1.532298
0.850000 0.900000 0.472338 0.143191 1.507036
0.900000 0.900000 0.469120 0.140860 1.481364
0.950000 0.900000 0.465936 0.138338 1.455287
1.000000 0.900000 0.462705 0.135689 1.428834
1.050000 0.900000 0.459387 0.132966 1.402048
1.100000 0.900000 0.455964 0.130209 1.374973
1.150000 0.900000 0.452444 0.127450 1.347654
1.200000 0.900000 0.448849 0.124717 1.320127
1.250000 0.900000 0.445216 0.122031 1.292417
1.300000 0.900000 0.441595 0.119411 1.264535
1.350000 0.900000 0.438045 0.116877 1.236476
1.400000 0.900000 0.434636 0.114447 1.208212
1.450000 0.900000 0.431448 0.112144 1.179685
1.500000 0.900000 0.428575 0.109991 1.150816
1.550000 0.900000 0.426115 0.108013 1.121459
1.600000 0.900000 0.424175 0.106227 1.091491
1.650000 0.900000 0.422833 0.104617 1.060556
1.700000 0.900000 0.422167 0.103083 1.028739
1.750000 0.900000 0.422011 0.101300 0.994886
1.800000 0.900000 0.422309 0.098438 0.961185
1.850000 0.900000 0.421755 0.092584 0.921953
1.900000 0.900000 0.420764 0.079365 0.892844
1.950000 0.900000 0.414971 0.052152 0.843711
2.000000 0.900000 0.414971 0.000000 0.843711

0.000000 0.950000 1.000000 0.000000 4.777075
0.050000 0.950000 0.724035 0.185747 4.777075
0.100000 0.950000 0.616003 0.234500 3.844496
0.150000 0.950000 0.508195 0.254694 3.556281
0.200000 0.950000 0.439443 0.263319 3.301549
0.250000 0.950000 0.388127 0.268812 3.162474
0.300000 0.950000 0.352284 0.272043 3.062117
0.350000 0.950000 0.326396 0.273916 2.993369
0.400000 0.950000 0.307884 0.274649 2.940135
0.450000 0.950000 0.294541 0.274482 2.896483
0.500000 0.950000 0.284931 0.273550 2.857570
0.550000 0.950000 0.277977 0.271969 2.820836
0.600000 0.950000 0.272907 0.269828 2.784595
0.650000 0.950000 0.269149 0.267204 2.747896
0.700000 0.950000 0.266280 0.264168 2.710193
0.750000 0.950000 0.263989 0.260780 2.671230
0.800000 0.950000 0.262048 0.257098 2.630926
0.850000 0.950000 0.260292 0.253174 2.589318
0.900000 0.950000 0.258608 0.249055 2.546511
0.950000 0.950000 0.256921 0.244784 2.502646
1.000000 0.950000 0.255182 0.240396 2.457882
1.050000 0.950000 0.253369 0.235923 2.412377
1.100000 0.950000 0.251476 0.231392 2.366279
1.150000 0.950000 0.249509 0.226825 2.319719
1.200000 0.950000 0.247486 0.222240 2.272804
1.250000 0.950000 0.245433 0.217652 2.225613
1.300000 0.950000 0.243386 0.213072 2.178196
1.350000 0.950000 0.241385 0.208510 2.130560
1.400000 0.950000 0.239483 0.203973 2.082668
1.450000 0.950000 0.237743 0.199463 2.034409
1.500000 0.950000 0.236243 0.194982 1.985586
1.550000 0.950000 0.235080 0.190525 1.935830
1.600000 0.950000 0.234381 0.186072 1.884608
1.650000 0.950000 0.234285 0.181567 1.830849
1.700000 0.950000 0.234992 0.176897 1.773392
1.750000 0.950000 0.236554 0.171727 1.708899
1.800000 0.950000 0.239260 0.165425 1.636535
1.850000 0.950000 0.241903 0.156022 1.543076
1.900000 0.950000 0.245473 0.139399 1.446892
1.950000 0.950000 0.238403 0.101141 1.266917
2.000000 0.950000 0.238404 0.000000 1.266917

0.000000 1.000000 0.000000 0.000000 0.000000
0.050000 1.000000 0.000000 0.000000 0.000000
0.100000 1.000000 0.000000 0.000000 0.000000
0.150000 1.000000 0.000000 0.000000 0.000000
0.200000 1.000000 0.000000 0.000000 0.000000
0.250000 1.000000 0.000000 0.000000 0.000000
0.300000 1.000000 0.000000 0.000000 0.000000
0.350000 1.000000 0.000000 0.000000 0.000000
0.400000 1.000000 0.000000 0.000000 0.000000
0.450000 1.000000 0.000000 0.000000 0.000000
0.500000 1.000000 0.000000 0.000000 0.000000
0.550000 1.000000 0.000000 0.000000 0.000000
0.600000 1.000000 0.000000 0.000000 0.000000
0.650000 1.000000 0.000000 0.000000 0.000000
0.700000 1.000000 0.000000 0.000000 0.000000
0.750000 1.000000 0.000000 0.000000 0.000000
0.800000 1.000000 0.000000 0.000000 0.000000
0.850000 1.000000 0.000000 0.000000 0.000000
0.900000 1.000000 0.000000 0.000000 0.000000
0.950000 1.000000 0.000000 0.000000 0.000000
1.000000 1.000000 0.000000 0.000000 0.000000
1.050000 1.000000 0.000000 0.000000 0.000000
1.100000 1.000000 0.000000 0.000000 0.000000
1.150000 1.000000 0.000000 0.000000 0.000000
1.200000 1.000000 0.000000 0.000000 0.000000
1.250000 1.000000 0.000000 0.000000 0.000000
1.300000 1.000000 0.000000 0.000000 0.000000
1.350000 1.000000 0.000000 0.000000 0.000000
1.400000 1.000000 0.000000 0.000000 0.000000
1.450000 1.000000 0.000000 0.000000 0.000000
1.500000 1.000000 0.000000 0.000000 0.000000
1.550000 1.000000 0.000000 0.000000 0.000000
1.600000 1.000000 0.000000 0.000000 0.000000
1.650000 1.000000 0.000000 0.000000 0.000000
1.700000 1.000000 0.000000 0.000000 0.000000
1.750000 1.000000 0.000000 0.000000 0.000000
1.800000 1.000000 0.000000 0.000000 0.000000
1.850000 1.000000 0.000000 0.000000 0.000000
1.900000 1.000000 0.000000 0.000000 0.000000
1.950000 1.000000 0.000000 0.000000 0.000000
2.000000 1.000000 0.000000 0.000000 0.000000

