0.000000 0.000000 0.000000 0.000000 5.195109
0.050000 0.000000 0.000000 0.000000 5.195109
0.100000 0.000000 0.000000 0.000000 3.730015
0.150000 0.000000 0.000000 0.000000 3.240240
0.200000 0.000000 0.000000 0.000000 2.804538
0.250000 0.000000 0.000000 0.000000 2.567778
0.300000 0.000000 0.000000 0.000000 2.394657
0.350000 0.000000 0.000000 0.000000 2.277044
0.400000 0.000000 0.000000 0.000000 2.186865
0.450000 0.000000 0.000000 0.000000 2.115964
0.500000 0.000000 0.000000 0.000000 2.056749
0.550000 0.000000 0.000000 0.000000 2.005659
0.600000 0.000000 0.000000 0.000000 1.960109
0.650000 0.000000 0.000000 0.000000 1.918562
0.700000 0.000000 0.000000 0.000000 1.879940
0.750000 0.000000 0.000000 0.000000 1.843514
0.800000 0.000000 0.000000 0.000000 1.808757
0.850000 0.000000 0.000000 0.000000 1.775283
0.900000 0.000000 0.000000 0.000000 1.742807
0.950000 0.000000 0.000000 0.000000 1.711108
1.000000 0.000000 0.000000 0.000000 1.680019
1.050000 0.000000 0.000000 0.000000 1.649410
1.100000 0.000000 0.000000 0.000000 1.619181
1.150000 0.000000 0.000000 0.000000 1.589255
1.200000 0.000000 0.000000 0.000000 1.559577
1.250000 0.000000 0.000000 0.000000 1.530108
1.300000 0.000000 0.000000 0.000000 1.500824
1.350000 0.000000 0.000000 0.000000 1.471718
1.400000 0.000000 0.000000 0.000000 1.442802
1.450000 0.000000 0.000000 0.000000 1.414101
1.500000 0.000000 0.000000 0.000000 1.385670
1.550000 0.000000 0.000000 0.000000 1.357580
1.600000 0.000000 0.000000 0.000000 1.329970
1.650000 0.000000 0.000000 0.000000 1.302947
1.700000 0.000000 0.000000 0.000000 1.276872
1.750000 0.000000 0.000000 0.000000 1.251720
1.800000 0.000000 0.000000 0.000000 1.228675
1.850000 0.000000 0.000000 0.000000 1.206328
1.900000 0.000000 0.000000 0.000000 1.189745
1.950000 0.000000 0.000000 0.000000 1.168733
2.000000 0.000000 0.000000 0.000000 1.168733

0.000000 0.050000 1.000000 0.000000 5.195109
0.050000 0.050000 0.766290 0.138762 5.195109
0.100000 0.050000 0.689907 0.130929 3.730015
0.150000 0.050000 0.574358 0.104769 3.240240
0.200000 0.050000 0.495599 0.075941 2.804538
0.250000 0.050000 0.430689 0.054159 2.567778
0.300000 0.050000 0.382684 0.038687 2.394657
0.350000 0.050000 0.345505 0.028177 2.277044
0.400000 0.050000 0.316915 0.021023 2.186865
0.450000 0.050000 0.294405 0.016099 2.115964
0.500000 0.050000 0.276463 0.012632 2.056749
0.550000 0.050000 0.261910 0.010128 2.005659
0.600000 0.050000 0.249937 0.008276 1.960109
0.650000 0.050000 0.239949 0.006873 1.918562
0.700000 0.050000 0.231511 0.005790 1.879940
0.750000 0.050000 0.224301 0.004938 1.843514
0.800000 0.050000 0.218075 0.004259 1.808757
0.850000 0.050000 0.212647 0.003711 1.775283
0.900000 0.050000 0.207872 0.003263 1.742807
0.950000 0.050000 0.203634 0.002896 1.711108
1.000000 0.050000 0.199842 0.002592 1.680019
1.050000 0.050000 0.196421 0.002341 1.649410
1.100000 0.050000 0.193308 0.002133 1.619181
1.150000 0.050000 0.190450 0.001964 1.589255
1.200000 0.050000 0.187799 0.001828 1.559577
1.250000 0.050000 0.185315 0.001722 1.530108
1.300000 0.050000 0.182958 0.001644 1.500824
1.350000 0.050000 0.180694 0.001594 1.471718
1.400000 0.050000 0.178487 0.001569 1.442802
1.450000 0.050000 0.176303 0.001572 1.414101
1.500000 0.050000 0.174109 0.001602 1.385670
1.550000 0.050000 0.171871 0.001659 1.357580
1.600000 0.050000 0.169559 0.001744 1.329970
1.650000 0.050000 0.167139 0.001853 1.302947
1.700000 0.050000 0.164603 0.001978 1.276872
1.750000 0.050000 0.161917 0.002104 1.251720
1.800000 0.050000 0.159180 0.002189 1.228675
1.850000 0.050000 0.156307 0.002184 1.206328
1.900000 0.050000 0.153873 0.001937 1.189745
1.950000 0.050000 0.151276 0.001373 1.168733
2.000000 0.050000 0.151276 0.000000 1.168733

0.000000 0.100000 1.000000 0.000000 4.092875
0.050000 0.100000 0.972599 0.211355 4.092875
0.100000 0.100000 0.949079 0.220697 3.468586
0.150000 0.100000 0.877461 0.193606 3.173938
0.200000 0.100000 0.808536 0.153283 2.855363
0.250000 0.100000 0.739688 0.118300 2.645838
0.300000 0.100000 0.680074 0.090445 2.475641
0.350000 0.100000 0.628917 0.069623 2.349227
0.400000 0.100000 0.586281 0.054238 2.248194
0.450000 0.100000 0.550770 0.042902 2.166983
0.500000 0.100000 0.521228 0.034472 2.099042
0.550000 0.100000 0.496499 0.028127 2.040849
0.600000 0.100000 0.475655 0.023281 1.989617
0.650000 0.100000 0.457931 0.019527 1.943540
0.700000 0.100000 0.442726 0.016578 1.901296
0.750000 0.100000 0.429568 0.014231 1.861954
0.800000 0.100000 0.418081 0.012341 1.824830
0.850000 0.100000 0.407972 0.010803 1.789421
0.900000 0.100000 0.399004 0.009541 1.755348
0.950000 0.100000 0.390988 0.008499 1.722326
1.000000 0.100000 0.383769 0.007633 1.690135
1.050000 0.100000 0.377219 0.006914 1.658606
1.100000 0.100000 0.371228 0.006319 1.627610
1.150000 0.100000 0.365705 0.005829 1.597050
1.200000 0.100000 0.360568 0.005433 1.566851
1.250000 0.100000 0.355742 0.005122 1.536964
1.300000 0.100000 0.351162 0.004889 1.507356
1.350000 0.100000 0.346764 0.004731 1.478013
1.400000 0.100000 0.342488 0.004645 1.448938
1.450000 0.100000 0.338279 0.004631 1.420152
1.500000 0.100000 0.334080 0.004688 1.391702
1.550000 0.100000 0.329841 0.004813 1.363641
1.600000 0.100000 0.325519 0.005002 1.336090
1.650000 0.100000 0.321072 0.005243 1.309111
1.700000 0.100000 0.316502 0.005507 1.283026
1.750000 0.100000 0.311791 0.005747 1.257662
1.800000 0.100000 0.307103 0.005861 1.234205
1.850000 0.100000 0.302389 0.005713 1.210730
1.900000 0.100000 0.298472 0.004978 1.192958
1.950000 0.100000 0.294609 0.003410 1.168321
2.000000 0.100000 0.294609 0.000000 1.168321

0.000000 0.150000 1.000000 0.000000 3.565017
0.050000 0.150000 1.027434 0.188891 3.565017
0.100000 0.150000 1.044051 0.241018 3.249133
0.150000 0.150000 1.022487 0.241257 3.035718
0.200000 0.150000 0.985491 0.213412 2.798542
0.250000 0.150000 0.937336 0.179820 2.622385
0.300000 0.150000 0.888034 0.147611 2.472940
0.350000 0.150000 0.840725 0.120167 2.355604
0.400000 0.150000 0.797767 0.097801 2.258896
0.450000 0.150000 0.759599 0.080024 2.179053
0.500000 0.150000 0.726166 0.066011 2.111160
0.550000 0.150000 0.697009 0.054976 2.052350
0.600000 0.150000 0.671594 0.046252 2.000251
0.650000 0.150000 0.649382 0.039310 1.953244
0.700000 0.150000 0.629885 0.033740 1.910101
0.750000 0.150000 0.612680 0.029233 1.869933
0.800000 0.150000 0.597410 0.025554 1.832070
0.850000 0.150000 0.583777 0.022526 1.796007
0.900000 0.150000 0.571534 0.020017 1.761361
0.950000 0.150000 0.560471 0.017927 1.727837
1.000000 0.150000 0.550414 0.016179 1.695206
1.050000 0.150000 0.541214 0.014716 1.663294
1.100000 0.150000 0.532743 0.013496 1.631963
1.150000 0.150000 0.524887 0.012486 1.601111
1.200000 0.150000 0.517546 0.011662 1.570658
1.250000 0.150000 0.510630 0.011006 1.540549
1.300000 0.150000 0.504053 0.010507 1.510748
1.350000 0.150000 0.497737 0.010155 1.481235
1.400000 0.150000 0.491608 0.009944 1.452010
1.450000 0.150000 0.485597 0.009870 1.423084
1.500000 0.150000 0.479639 0.009928 1.394496
1.550000 0.150000 0.473673 0.010108 1.366286
1.600000 0.150000 0.467657 0.010394 1.338555
1.650000 0.150000 0.461553 0.010753 1.311335
1.700000 0.150000 0.455376 0.011123 1.284925
1.750000 0.150000 0.449132 0.011402 1.259074
1.800000 0.150000 0.443033 0.011403 1.234994
1.850000 0.150000 0.437066 0.010854 1.210482
1.900000 0.150000 0.432189 0.009254 1.191760
1.950000 0.150000 0.427596 0.006068 1.164762
2.000000 0.150000 0.427596 0.000000 1.164762

0.000000 0.200000 1.000000 0.000000 3.136365
0.050000 0.200000 1.033389 0.158976 3.136365
0.100000 0.200000 1.065000 0.229238 3.013987
0.150000 0.200000 1.076765 0.250681 2.885205
0.200000 0.200000 1.070924 0.240153 2.728048
0.250000 0.200000 1.049932 0.216339 2.592216
0.300000 0.200000 1.020765 0.188036 2.468066
0.350000 0.200000 0.987508 0.160560 2.362930
0.400000 0.200000 0.953533 0.135979 2.272180
0.450000 0.200000 0.920618 0.114982 2.194439
0.500000 0.200000 0.889777 0.097461 2.126797
0.550000 0.200000 0.861397 0.083020 2.067299
0.600000 0.200000 0.835553 0.071174 2.014134
0.650000 0.200000 0.812132 0.061458 1.965950
0.700000 0.200000 0.790940 0.053466 1.921658
0.750000 0.200000 0.771754 0.046864 1.880428
0.800000 0.200000 0.754350 0.041379 1.841608
0.850000 0.200000 0.738518 0.036797 1.804697
0.900000 0.200000 0.724068 0.032951 1.769303
0.950000 0.200000 0.710828 0.029709 1.735122
1.000000 0.200000 0.698647 0.026971 1.701913
1.050000 0.200000 0.687388 0.024659 1.669492
1.100000 0.200000 0.676929 0.022712 1.637712
1.150000 0.200000 0.667159 0.021087 1.606463
1.200000 0.200000 0.657976 0.019747 1.575659
1.250000 0.200000 0.649286 0.018669 1.545240
1.300000 0.200000 0.640999 0.017833 1.515161
1.350000 0.200000 0.633033 0.017224 1.485400
1.400000 0.200000 0.625308 0.016833 1.455946
1.450000 0.200000 0.617752 0.016649 1.426803
1.500000 0.200000 0.610297 0.016659 1.397997
1.550000 0.200000 0.602886 0.016844 1.369551
1.600000 0.200000 0.595477 0.017171 1.341545
1.650000 0.200000 0.588044 0.017579 1.313975
1.700000 0.200000 0.580618 0.017968 1.287110
1.750000 0.200000 0.573224 0.018170 1.260620
1.800000 0.200000 0.566109 0.017907 1.235733
1.850000 0.200000 0.559273 0.016770 1.209990
1.900000 0.200000 0.553756 0.014076 1.190103
1.950000 0.200000 0.548663 0.009013 1.160634
2.000000 0.200000 0.548663 0.000000 1.160634

0.000000 0.250000 1.000000 0.000000 2.878502
0.050000 0.250000 1.028251 0.125912 2.878502
0.100000 0.250000 1.062241 0.199871 2.839247
0.150000 0.250000 1.090300 0.235104 2.756931
0.200000 0.250000 1.105393 0.240748 2.650526
0.250000 0.250000 1.106867 0.229674 2.545891
0.300000 0.250000 1.097856 0.209894 2.444558
0.350000 0.250000 1.081401 0.187131 2.353189
0.400000 0.250000 1.060509 0.164483 2.271032
0.450000 0.250000 1.037325 0.143585 2.198157
0.500000 0.250000 1.013393 0.125074 2.133179
0.550000 0.250000 0.989685 0.109067 2.074960
0.600000 0.250000 0.966790 0.095408 2.022275
0.650000 0.250000 0.945024 0.083832 1.974110
0.700000 0.250000 0.924534 0.074042 1.929588
0.750000 0.250000 0.905357 0.065759 1.888001
0.800000 0.250000 0.887467 0.058734 1.848770
0.850000 0.250000 0.870802 0.052761 1.811433
0.900000 0.250000 0.855279 0.047666 1.775618
0.950000 0.250000 0.840807 0.043311 1.741033
1.000000 0.250000 0.827294 0.039586 1.707441
1.050000 0.250000 0.814644 0.036404 1.674659
1.100000 0.250000 0.802767 0.033698 1.642539
1.150000 0.250000 0.791572 0.031414 1.610970
1.200000 0.250000 0.780973 0.029513 1.579862
1.250000 0.250000 0.770887 0.027962 1.549153
1.300000 0.250000 0.761230 0.026739 1.518795
1.350000 0.250000 0.751927 0.025826 1.488759
1.400000 0.250000 0.742901 0.025205 1.459030
1.450000 0.250000 0.734084 0.024862 1.429604
1.500000 0.250000 0.725413 0.024774 1.400495
1.550000 0.250000 0.716836 0.024909 1.371713
1.600000 0.250000 0.708319 0.025212 1.343320
1.650000 0.250000 0.699846 0.025595 1.315287
1.700000 0.250000 0.691461 0.025908 1.287863
1.750000 0.250000 0.683200 0.025920 1.260663
1.800000 0.250000 0.675335 0.025255 1.234942
1.850000 0.250000 0.667867 0.023369 1.208051
1.900000 0.250000 0.661887 0.019394 1.187121
1.950000 0.250000 0.656419 0.012239 1.155589
2.000000 0.250000 0.656419 0.000000 1.155589

0.000000 0.300000 1.000000 0.000000 2.700024
0.050000 0.300000 1.021759 0.098369 2.700024
0.100000 0.300000 1.052800 0.166910 2.699321
0.150000 0.300000 1.086505 0.207422 2.648930
0.200000 0.300000 1.113215 0.223879 2.578544
0.250000 0.300000 1.130146 0.223961 2.499600
0.300000 0.300000 1.137361 0.213699 2.418176
0.350000 0.300000 1.136239 0.198031 2.339996
0.400000 0.300000 1.128737 0.180182 2.266617
0.450000 0.300000 1.116670 0.162194 2.199155
0.500000 0.300000 1.101592 0.145185 2.137422
0.550000 0.300000 1.084698 0.129692 2.081009
0.600000 0.300000 1.066877 0.115892 2.029241
0.650000 0.300000 1.048755 0.103760 1.981440
0.700000 0.300000 1.030762 0.093173 1.936957
0.750000 0.300000 1.013181 0.083964 1.895218
0.800000 0.300000 0.996190 0.075963 1.855730
0.850000 0.300000 0.979889 0.069011 1.818080
0.900000 0.300000 0.964327 0.062967 1.781927
0.950000 0.300000 0.949515 0.057713 1.746992
1.000000 0.300000 0.935439 0.053151 1.713051
1.050000 0.300000 0.922067 0.049200 1.679923
1.100000 0.300000 0.909353 0.045798 1.647464
1.150000 0.300000 0.897244 0.042892 1.615561
1.200000 0.300000 0.885681 0.040444 1.584125
1.250000 0.300000 0.874602 0.038422 1.553090
1.300000 0.300000 0.863943 0.036802 1.522408
1.350000 0.300000 0.853639 0.035563 1.492044
1.400000 0.300000 0.843627 0.034684 1.461980
1.450000 0.300000 0.833846 0.034146 1.432203
1.500000 0.300000 0.824244 0.033916 1.402721
1.550000 0.300000 0.814776 0.033948 1.373530
1.600000 0.300000 0.805418 0.034167 1.344681
1.650000 0.300000 0.796161 0.034452 1.316123
1.700000 0.300000 0.787058 0.034608 1.288093
1.750000 0.300000 0.778156 0.034335 1.260164
1.800000 0.300000 0.769735 0.033166 1.233620
1.850000 0.300000 0.761794 0.030419 1.205652
1.900000 0.300000 0.755460 0.025042 1.183759
1.950000 0.300000 0.749688 0.015659 1.150394
2.000000 0.300000 0.749688 0.000000 1.150394

0.000000 0.350000 1.000000 0.000000 2.582421
0.050000 0.350000 1.016607 0.075534 2.582421
0.100000 0.350000 1.043472 0.134673 2.596707
0.150000 0.350000 1.077430 0.174903 2.564818
0.200000 0.350000 1.109223 0.197212 2.516749
0.250000 0.350000 1.135225 0.205544 2.456066
0.300000 0.350000 1.153627 0.203829 2.389953
0.350000 0.350000 1.164357 0.195741 2.322996
0.400000 0.350000 1.168234 0.184041 2.257749
0.450000 0.350000 1.166424 0.170711 2.195837
0.500000 0.350000 1.160167 0.157029 2.137814
0.550000 0.350000 1.150593 0.143766 2.083787
0.600000 0.350000 1.138665 0.131339 2.033506
0.650000 0.350000 1.125164 0.119936 1.986586
0.700000 0.350000 1.110698 0.109607 1.942582
0.750000 0.350000 1.095730 0.100324 1.901057
0.800000 0.350000 1.080603 0.092022 1.861608
0.850000 0.350000 1.065563 0.084619 1.823881
0.900000 0.350000 1.050782 0.078036 1.787574
0.950000 0.350000 1.036373 0.072195 1.752432
1.000000 0.350000 1.022405 0.067032 1.718247
1.050000 0.350000 1.008912 0.062489 1.684847
1.100000 0.350000 0.995902 0.058520 1.652097
1.150000 0.350000 0.983368 0.055085 1.619885
1.200000 0.350000 0.971284 0.052153 1.588127
1.250000 0.350000 0.959617 0.049699 1.556756
1.300000 0.350000 0.948325 0.047701 1.525723
1.350000 0.350000 0.937363 0.046141 1.494993
1.400000 0.350000 0.926684 0.044997 1.464544
1.450000 0.350000 0.916241 0.044243 1.434360
1.500000 0.350000 0.905992 0.043842 1.404442
1.550000 0.350000 0.895902 0.043734 1.374782
1.600000 0.350000 0.885954 0.043823 1.345422
1.650000 0.350000 0.876147 0.043957 1.316300
1.700000 0.350000 0.866539 0.043896 1.287649
1.750000 0.350000 0.857178 0.043274 1.259014
1.800000 0.350000 0.848351 0.041529 1.231711
1.850000 0.350000 0.840051 0.037844 1.202799
1.900000 0.350000 0.833438 0.030981 1.180091
1.950000 0.350000 0.827410 0.019260 1.145170
2.000000 0.350000 0.827410 0.000000 1.145170

0.000000 0.400000 1.000000 0.000000 2.501288
0.050000 0.400000 1.013016 0.056940 2.501288
0.100000 0.400000 1.036038 0.105341 2.520559
0.150000 0.400000 1.068030 0.141850 2.499804
0.200000 0.400000 1.101073 0.166071 2.465764
0.250000 0.400000 1.131487 0.179596 2.417947
0.300000 0.400000 1.156568 0.184607 2.363245
0.350000 0.400000 1.175278 0.183453 2.305297
0.400000 0.400000 1.187526 0.178144 2.246986
0.450000 0.400000 1.193832 0.170282 2.190149
0.500000 0.400000 1.195016 0.161033 2.135768
0.550000 0.400000 1.191993 0.151206 2.084287
0.600000 0.400000 1.185652 0.141331 2.035754
0.650000 0.400000 1.176793 0.131736 1.990007
0.700000 0.400000 1.166100 0.122613 1.946768
0.750000 0.400000 1.154134 0.114063 1.905715
0.800000 0.400000 1.141345 0.106133 1.866530
0.850000 0.400000 1.128082 0.098834 1.828913
0.900000 0.400000 1.114611 0.092158 1.792602
0.950000 0.400000 1.101129 0.086092 1.757371
1.000000 0.400000 1.087774 0.080613 1.723030
1.050000 0.400000 1.074641 0.075703 1.689422
1.100000 0.400000 1.061792 0.071341 1.656419
1.150000 0.400000 1.049258 0.067510 1.623920
1.200000 0.400000 1.037052 0.064195 1.591843
1.250000 0.400000 1.025169 0.061380 1.560126
1.300000 0.400000 1.013594 0.059054 1.528720
1.350000 0.400000 1.002304 0.057202 1.497592
1.400000 0.400000 0.991268 0.055805 1.466718
1.450000 0.400000 0.980455 0.054836 1.436082
1.500000 0.400000 0.969835 0.054253 1.405684
1.550000 0.400000 0.959383 0.053985 1.375512
1.600000 0.400000 0.949089 0.053917 1.345609
1.650000 0.400000 0.938953 0.053871 1.315907
1.700000 0.400000 0.929034 0.053561 1.286645
1.750000 0.400000 0.919379 0.052556 1.257348
1.800000 0.400000 0.910276 0.050203 1.229372
1.850000 0.400000 0.901710 0.045544 1.199658
1.900000 0.400000 0.894874 0.037141 1.176290
1.950000 0.400000 0.888629 0.023003 1.140067
2.000000 0.400000 0.888629 0.000000 1.140067

0.000000 0.450000 1.000000 0.000000 2.447051
0.050000 0.450000 1.010728 0.041355 2.447051
0.100000 0.450000 1.030796 0.079003 2.467007
0.150000 0.450000 1.060297 0.110097 2.452248
0.200000 0.450000 1.092604 0.133727 2.426169
0.250000 0.450000 1.124323 0.150099 2.386519
0.300000 0.450000 1.152495 0.160067 2.339532
0.350000 0.450000 1.175591 0.164809 2.288170
0.400000 0.450000 1.192964 0.165510 2.235294
0.450000 0.450000 1.204655 0.163239 2.182755
0.500000 0.450000 1.211120 0.158884 2.131709
0.550000 0.450000 1.213034 0.153144 2.082766
0.600000 0.450000 1.211148 0.146552 2.036143
0.650000 0.450000 1.206199 0.139501 1.991812
0.700000 0.450000 1.198864 0.132279 1.949606
0.750000 0.450000 1.189728 0.125092 1.909290
0.800000 0.450000 1.179285 0.118086 1.870606
0.850000 0.450000 1.167936 0.111365 1.833307
0.900000 0.450000 1.156001 0.105002 1.797166
0.950000 0.450000 1.143727 0.099046 1.761985
1.000000 0.450000 1.131303 0.093532 1.727596
1.050000 0.450000 1.118867 0.088483 1.693860
1.100000 0.450000 1.106519 0.083914 1.660661
1.150000 0.450000 1.094325 0.079836 1.627909
1.200000 0.450000 1.082329 0.076253 1.595529
1.250000 0.450000 1.070554 0.073167 1.563464
1.300000 0.450000 1.059008 0.070577 1.531672
1.350000 0.450000 1.047688 0.068477 1.500121
1.400000 0.450000 1.036583 0.066855 1.468789
1.450000 0.450000 1.025677 0.065685 1.437661
1.500000 0.450000 1.014951 0.064922 1.406740
1.550000 0.450000 1.004388 0.064490 1.376015
1.600000 0.450000 0.993982 0.064260 1.345534
1.650000 0.450000 0.983731 0.064025 1.315231
1.700000 0.450000 0.973694 0.063462 1.285358
1.750000 0.450000 0.963905 0.062075 1.255430
1.800000 0.450000 0.954652 0.059112 1.226849
1.850000 0.450000 0.945910 0.053474 1.196447
1.900000 0.450000 0.938907 0.043506 1.172553
1.950000 0.450000 0.932475 0.026888 1.135225
2.000000 0.450000 0.932475 0.000000 1.135225

0.000000 0.500000 1.000000 0.000000 2.411951
0.050000 0.500000 1.009465 0.027721 2.411951
0.100000 0.500000 1.027553 0.055111 2.430683
0.150000 0.500000 1.054766 0.080200 2.418421
0.200000 0.500000 1.085373 0.101949 2.396008
0.250000 0.500000 1.116340 0.119704 2.360786
0.300000 0.500000 1.144817 0.133315 2.318372
0.350000 0.500000 1.169172 0.142967 2.271333
0.400000 0.500000 1.188542 0.149062 2.222361
0.450000 0.500000 1.202732 0.152105 2.173213
0.500000 0.500000 1.211974 0.152631 2.125045
0.550000 0.500000 1.216756 0.151155 2.078495
0.600000 0.500000 1.217693 0.148141 2.033830
0.650000 0.500000 1.215425 0.143995 1.991078
0.700000 0.500000 1.210567 0.139059 1.950121
0.750000 0.500000 1.203671 0.133617 1.910771
0.800000 0.500000 1.195218 0.127900 1.872813
0.850000 0.500000 1.185609 0.122093 1.836035
0.900000 0.500000 1.175173 0.116343 1.800242
0.950000 0.500000 1.164175 0.110766 1.765262
1.000000 0.500000 1.152821 0.105450 1.730949
1.050000 0.500000 1.141272 0.100464 1.697184
1.100000 0.500000 1.129648 0.095860 1.663867
1.150000 0.500000 1.118039 0.091677 1.630920
1.200000 0.500000 1.106509 0.087943 1.598278
1.250000 0.500000 1.095103 0.084679 1.565895
1.300000 0.500000 1.083848 0.081898 1.533732
1.350000 0.500000 1.072760 0.079604 1.501762
1.400000 0.500000 1.061844 0.077794 1.469968
1.450000 0.500000 1.051099 0.076447 1.438339
1.500000 0.500000 1.040515 0.075520 1.406882
1.550000 0.500000 1.030081 0.074935 1.375590
1.600000 0.500000 1.019793 0.074552 1.344521
1.650000 0.500000 1.009645 0.074145 1.313617
1.700000 0.500000 0.999684 0.073354 1.283151
1.750000 0.500000 0.989932 0.071618 1.252636
1.800000 0.500000 0.980665 0.068087 1.223532
1.850000 0.500000 0.971845 0.061505 1.192566
1.900000 0.500000 0.964733 0.049985 1.168308
1.950000 0.500000 0.958147 0.030858 1.130113
2.000000 0.500000 0.958147 0.000000 1.130113

0.000000 0.550000 1.000000 0.000000 2.395393
0.050000 0.550000 1.009022 0.015305 2.395393
0.100000 0.550000 1.026009 0.033209 2.412112
0.150000 0.550000 1.051300 0.052533 2.399675
0.200000 0.550000 1.079614 0.072170 2.377450
0.250000 0.550000 1.108245 0.090760 2.343391
0.300000 0.550000 1.134688 0.107317 2.302685
0.350000 0.550000 1.157511 0.121171 2.257794
0.400000 0.550000 1.175953 0.132031 2.211173
0.450000 0.550000 1.189816 0.139887 2.164421
0.500000 0.550000 1.199272 0.144936 2.118561
0.550000 0.550000 1.204713 0.147499 2.074143
0.600000 0.550000 1.206643 0.147955 2.031380
0.650000 0.550000 1.205600 0.146698 1.990272
0.700000 0.550000 1.202103 0.144102 1.950697
0.750000 0.550000 1.196627 0.140508 1.912475
0.800000 0.550000 1.189590 0.136215 1.875408
0.850000 0.550000 1.181348 0.131476 1.839305
0.900000 0.550000 1.172199 0.126501 1.803994
0.950000 0.550000 1.162385 0.121462 1.769327
1.000000 0.550000 1.152105 0.116498 1.735181
1.050000 0.550000 1.141515 0.111719 1.701455
1.100000 0.550000 1.130739 0.107209 1.668068
1.150000 0.550000 1.119873 0.103035 1.634957
1.200000 0.550000 1.108994 0.099248 1.602071
1.250000 0.550000 1.098157 0.095886 1.569371
1.300000 0.550000 1.087406 0.092976 1.536828
1.350000 0.550000 1.076770 0.090536 1.504420
1.400000 0.550000 1.066268 0.088570 1.472134
1.450000 0.550000 1.055911 0.087067 1.439964
1.500000 0.550000 1.045699 0.085990 1.407919
1.550000 0.550000 1.035627 0.085262 1.376000
1.600000 0.550000 1.025687 0.084741 1.344273
1.650000 0.550000 1.015867 0.084186 1.312691
1.700000 0.550000 1.006197 0.083204 1.281552
1.750000 0.550000 0.996673 0.081176 1.250368
1.800000 0.550000 0.987555 0.077143 1.220674
1.850000 0.550000 0.978779 0.069683 1.189083
1.900000 0.550000 0.971635 0.056645 1.164436
1.950000 0.550000 0.964926 0.034983 1.125323
2.000000 0.550000 0.964926 0.000000 1.125323

0.000000 0.600000 1.000000 0.000000 2.391955
0.050000 0.600000 1.009344 0.002918 2.391955
0.100000 0.600000 1.025918 0.012136 2.404392
0.150000 0.600000 1.049347 0.026570 2.388763
0.200000 0.600000 1.074544 0.044759 2.363197
0.250000 0.600000 1.099147 0.064464 2.327287
0.300000 0.600000 1.121236 0.083866 2.285764
0.350000 0.600000 1.139858 0.101530 2.241182
0.400000 0.600000 1.154611 0.116586 2.195643
0.450000 0.600000 1.165499 0.128618 2.150507
0.500000 0.600000 1.172764 0.137569 2.106534
0.550000 0.600000 1.176773 0.143620 2.064083
0.600000 0.600000 1.177947 0.147093 2.023224
0.650000 0.600000 1.176709 0.148377 1.983869
0.700000 0.600000 1.173456 0.147876 1.945841
0.750000 0.600000 1.168550 0.145976 1.908939
0.800000 0.600000 1.162305 0.143026 1.872961
0.850000 0.600000 1.154992 0.139334 1.837726
0.900000 0.600000 1.146843 0.135157 1.803079
0.950000 0.600000 1.138048 0.130713 1.768894
1.000000 0.600000 1.128768 0.126177 1.735070
1.050000 0.600000 1.119135 0.121689 1.701525
1.100000 0.600000 1.109260 0.117363 1.668199
1.150000 0.600000 1.099233 0.113285 1.635045
1.200000 0.600000 1.089130 0.109525 1.602025
1.250000 0.600000 1.079012 0.106135 1.569111
1.300000 0.600000 1.068930 0.103156 1.536283
1.350000 0.600000 1.058926 0.100615 1.503526
1.400000 0.600000 1.049031 0.098528 1.470830
1.450000 0.600000 1.039265 0.096894 1.438192
1.500000 0.600000 1.029638 0.095685 1.405625
1.550000 0.600000 1.020149 0.094831 1.373134
1.600000 0.600000 1.010789 0.094196 1.340796
1.650000 0.600000 1.001531 0.093534 1.308572
1.700000 0.600000 0.992387 0.092427 1.276796
1.750000 0.600000 0.983317 0.090202 1.244981
1.800000 0.600000 0.974547 0.085791 1.214767
1.850000 0.600000 0.965966 0.077592 1.182647
1.900000 0.600000 0.958888 0.063156 1.157797
1.950000 0.600000 0.952100 0.039041 1.118075
2.000000 0.600000 0.952100 0.000000 1.118075

0.000000 0.650000 1.000000 0.000000 2.416750
0.050000 0.650000 1.010259 -0.008973 2.416750
0.100000 0.650000 1.026677 -0.006832 2.422995
0.150000 0.650000 1.047596 0.004494 2.401330
0.200000 0.650000 1.068123 0.022784 2.368619
0.250000 0.650000 1.086430 0.044530 2.327698
0.300000 0.650000 1.101547 0.067045 2.282671
0.350000 0.650000 1.113258 0.088226 2.236437
0.400000 0.650000 1.121739 0.106808 2.190575
0.450000 0.650000 1.127308 0.122142 2.146118
0.500000 0.650000 1.130341 0.134061 2.103428
0.550000 0.650000 1.131195 0.142707 2.062573
0.600000 0.650000 1.130192 0.148405 2.023398
0.650000 0.650000 1.127614 0.151569 1.985665
0.700000 0.650000 1.123706 0.152636 1.949108
0.750000 0.650000 1.118675 0.152030 1.913475
0.800000 0.650000 1.112703 0.150138 1.878543
0.850000 0.650000 1.105945 0.147298 1.844134
0.900000 0.650000 1.098537 0.143800 1.810103
0.950000 0.650000 1.090597 0.139886 1.776343
1.000000 0.650000 1.082230 0.135754 1.742772
1.050000 0.650000 1.073529 0.131564 1.709333
1.100000 0.650000 1.064576 0.127443 1.675983
1.150000 0.650000 1.055446 0.123491 1.642693
1.200000 0.650000 1.046207 0.119789 1.609441
1.250000 0.650000 1.036920 0.116399 1.576209
1.300000 0.650000 1.027640 0.113369 1.542985
1.350000 0.650000 1.018417 0.110736 1.509758
1.400000 0.650000 1.009292 0.108526 1.476521
1.450000 0.650000 1.000296 0.106748 1.443266
1.500000 0.650000 0.991451 0.105386 1.410006
1.550000 0.650000 0.982760 0.104385 1.376738
1.600000 0.650000 0.974214 0.103620 1.343540
1.650000 0.650000 0.965776 0.102850 1.310363
1.700000 0.650000 0.957431 0.101647 1.277564
1.750000 0.650000 0.949092 0.099294 1.244634
1.800000 0.650000 0.940935 0.094614 1.213333
1.850000 0.650000 0.932768 0.085809 1.179969
1.900000 0.650000 0.925910 0.070078 1.154239
1.950000 0.650000 0.919073 0.043498 1.112810
2.000000 0.650000 0.919073 0.000000 1.112810

0.000000 0.700000 1.000000 0.000000 2.444244
0.050000 0.700000 1.011753 -0.023388 2.444244
0.100000 0.700000 1.027508 -0.026625 2.433173
0.150000 0.700000 1.043595 -0.015838 2.400070
0.200000 0.700000 1.056402 0.004857 2.355137
0.250000 0.700000 1.065080 0.030006 2.306522
0.300000 0.700000 1.070112 0.056030 2.256310
0.350000 0.700000 1.072212 0.080347 2.207672
0.400000 0.700000 1.072198 0.101569 2.161209
0.450000 0.700000 1.070675 0.119065 2.117456
0.500000 0.700000 1.068083 0.132749 2.076222
0.550000 0.700000 1.064695 0.142851 2.037216
0.600000 0.700000 1.060673 0.149768 2.000016
0.650000 0.700000 1.056104 0.153970 1.964216
0.700000 0.700000 1.051036 0.155935 1.929448
0.750000 0.700000 1.045496 0.156110 1.895409
0.800000 0.700000 1.039506 0.154901 1.861857
0.850000 0.700000 1.033089 0.152657 1.828613
0.900000 0.700000 1.026273 0.149675 1.795546
0.950000 0.700000 1.019093 0.146203 1.762566
1.000000 0.700000 1.011589 0.142441 1.729616
1.050000 0.700000 1.003806 0.138553 1.696657
1.100000 0.700000 0.995796 0.134669 1.663668
1.150000 0.700000 0.987611 0.130891 1.630636
1.200000 0.700000 0.979307 0.127302 1.597553
1.250000 0.700000 0.970942 0.123967 1.564413
1.300000 0.700000 0.962572 0.120938 1.531210
1.350000 0.700000 0.954254 0.118257 1.497936
1.400000 0.700000 0.946039 0.115958 1.464583
1.450000 0.700000 0.937970 0.114059 1.431142
1.500000 0.700000 0.930081 0.112561 1.397616
1.550000 0.700000 0.922386 0.111426 1.363994
1.600000 0.700000 0.914881 0.110552 1.330349
1.650000 0.700000 0.907521 0.109720 1.296623
1.700000 0.700000 0.900265 0.108513 1.263204
1.750000 0.700000 0.892970 0.106192 1.229557
1.800000 0.700000 0.885740 0.101491 1.197627
1.850000 0.700000 0.878251 0.092420 1.163536
1.900000 0.700000 0.871793 0.075779 1.137668
1.950000 0.700000 0.864992 0.047189 1.095810
2.000000 0.700000 0.864992 0.000000 1.095810

0.000000 0.750000 1.000000 0.000000 2.562001
0.050000 0.750000 1.012404 -0.033301 2.562001
0.100000 0.750000 1.025047 -0.036258 2.525331
0.150000 0.750000 1.031791 -0.021812 2.475238
0.200000 0.750000 1.032162 0.003890 2.410729
0.250000 0.750000 1.026970 0.033272 2.349664
0.300000 0.750000 1.018708 0.062319 2.290599
0.350000 0.750000 1.008983 0.088462 2.237151
0.400000 0.750000 0.999089 0.110621 2.188392
0.450000 0.750000 0.989676 0.128486 2.144129
0.500000 0.750000 0.981045 0.142235 2.103398
0.550000 0.750000 0.973226 0.152280 2.065430
0.600000 0.750000 0.966113 0.159131 2.029455
0.650000 0.750000 0.959534 0.163313 1.994862
0.700000 0.750000 0.953307 0.165324 1.961158
0.750000 0.750000 0.947261 0.165612 1.927978
0.800000 0.750000 0.941254 0.164568 1.895057
0.850000 0.750000 0.935178 0.162524 1.862216
0.900000 0.750000 0.928957 0.159759 1.829338
0.950000 0.750000 0.922545 0.156503 1.796354
1.000000 0.750000 0.915922 0.152942 1.763229
1.050000 0.750000 0.909089 0.149226 1.729950
1.100000 0.750000 0.902065 0.145475 1.696518
1.150000 0.750000 0.894883 0.141783 1.662938
1.200000 0.750000 0.887588 0.138226 1.629218
1.250000 0.750000 0.880232 0.134867 1.595363
1.300000 0.750000 0.872872 0.131755 1.561372
1.350000 0.750000 0.865570 0.128933 1.527237
1.400000 0.750000 0.858387 0.126437 1.492943
1.450000 0.750000 0.851383 0.124296 1.458464
1.500000 0.750000 0.844607 0.122521 1.423778
1.550000 0.750000 0.838092 0.121098 1.388831
1.600000 0.750000 0.831850 0.119951 1.353646
1.650000 0.750000 0.825838 0.118897 1.318086
1.700000 0.750000 0.820006 0.117549 1.282484
1.750000 0.750000 0.814151 0.115179 1.246147
1.800000 0.750000 0.808295 0.110455 1.211132
1.850000 0.750000 0.801909 0.101195 1.173054
1.900000 0.750000 0.796219 0.083717 1.143555
1.950000 0.750000 0.789430 0.052831 1.095322
2.000000 0.750000 0.789430 0.000000 1.095322

0.000000 0.800000 1.000000 0.000000 2.591611
0.050000 0.800000 1.009915 -0.053410 2.591611
0.100000 0.800000 1.013319 -0.051873 2.484219
0.150000 0.800000 1.001316 -0.029203 2.409349
0.200000 0.800000 0.982234 0.003911 2.320757
0.250000 0.800000 0.958597 0.037671 2.249147
0.300000 0.800000 0.934828 0.068468 2.184174
0.350000 0.800000 0.912668 0.094511 2.129285
0.400000 0.800000 0.893255 0.115545 2.081233
0.450000 0.800000 0.876785 0.131861 2.039034
0.500000 0.800000 0.863098 0.144032 2.000978
0.550000 0.800000 0.851795 0.152685 1.965924
0.600000 0.800000 0.842415 0.158428 1.932863
0.650000 0.800000 0.834497 0.161809 1.901068
0.700000 0.800000 0.827628 0.163306 1.869988
0.750000 0.800000 0.821462 0.163327 1.839240
0.800000 0.800000 0.815719 0.162215 1.808566
0.850000 0.800000 0.810185 0.160255 1.777799
0.900000 0.800000 0.804704 0.157681 1.746844
0.950000 0.800000 0.799169 0.154685 1.715654
1.000000 0.800000 0.793515 0.151421 1.684215
1.050000 0.800000 0.787711 0.148011 1.652533
1.100000 0.800000 0.781753 0.144554 1.620625
1.150000 0.800000 0.775658 0.141127 1.588510
1.200000 0.800000 0.769461 0.137794 1.556208
1.250000 0.800000 0.763209 0.134605 1.523731
1.300000 0.800000 0.756961 0.131603 1.491082
1.350000 0.800000 0.750781 0.128829 1.458254
1.400000 0.800000 0.744741 0.126316 1.425228
1.450000 0.800000 0.738914 0.124097 1.391967
1.500000 0.800000 0.733367 0.122196 1.358433
1.550000 0.800000 0.728158 0.120622 1.324552
1.600000 0.800000 0.723325 0.119337 1.290322
1.650000 0.800000 0.718846 0.118214 1.255565
1.700000 0.800000 0.714678 0.116940 1.220620
1.750000 0.800000 0.710571 0.114864 1.184727
1.800000 0.800000 0.706462 0.110685 1.150195
1.850000 0.800000 0.701554 0.102128 1.112382
1.900000 0.800000 0.696881 0.085070 1.084191
1.950000 0.800000 0.690345 0.053928 1.038019
2.000000 0.800000 0.690345 0.000000 1.038019

0.000000 0.850000 1.000000 0.000000 3.045995
0.050000 0.850000 0.992165 -0.033902 3.045995
0.100000 0.850000 0.973460 -0.010829 2.831755
0.150000 0.850000 0.931491 0.023341 2.710933
0.200000 0.850000 0.887344 0.060971 2.576412
0.250000 0.850000 0.843590 0.094048 2.480665
0.300000 0.850000 0.805395 0.121359 2.400130
0.350000 0.850000 0.773207 0.142766 2.337251
0.400000 0.850000 0.747133 0.159025 2.285041
0.450000 0.850000 0.726383 0.170967 2.240963
0.500000 0.850000 0.710088 0.179391 2.202044
0.550000 0.850000 0.697330 0.184980 2.166482
0.600000 0.850000 0.687292 0.188304 2.132867
0.650000 0.850000 0.679271 0.189830 2.100269
0.700000 0.850000 0.672687 0.189940 2.068045
0.750000 0.850000 0.667080 0.188948 2.035786
0.800000 0.850000 0.662091 0.187111 2.003243
0.850000 0.850000 0.657452 0.184639 1.970281
0.900000 0.850000 0.652966 0.181703 1.936844
0.950000 0.850000 0.648500 0.178442 1.902928
1.000000 0.850000 0.643967 0.174967 1.868561
1.050000 0.850000 0.639321 0.171369 1.833788
1.100000 0.850000 0.634547 0.167720 1.798660
1.150000 0.850000 0.629654 0.164075 1.763226
1.200000 0.850000 0.624671 0.160482 1.727528
1.250000 0.850000 0.619640 0.156979 1.691596
1.300000 0.850000 0.614619 0.153598 1.655441
1.350000 0.850000 0.609675 0.150369 1.619054
1.400000 0.850000 0.604885 0.147321 1.582401
1.450000 0.850000 0.600332 0.144483 1.545411
1.500000 0.850000 0.596106 0.141881 1.507984
1.550000 0.850000 0.592294 0.139531 1.469937
1.600000 0.850000 0.588976 0.137422 1.431098
1.650000 0.850000 0.586183 0.135471 1.391020
1.700000 0.850000 0.583929 0.133441 1.349675
1.750000 0.850000 0.581981 0.130775 1.305664
1.800000 0.850000 0.580255 0.126268 1.260888
1.850000 0.850000 0.577617 0.117566 1.208877
1.900000 0.850000 0.574960 0.100040 1.165242
1.950000 0.850000 0.568255 0.066002 1.090966
2.000000 0.850000 0.568255 0.000000 1.090966

0.000000 0.900000 1.000000 0.000000 2.671390
0.050000 0.900000 0.928137 -0.068573 2.671390
0.100000 0.900000 0.864212 -0.024061 2.267477
0.150000 0.900000 0.779646 0.021175 2.138238
0.200000 0.900000 0.712014 0.059611 1.995119
0.250000 0.900000 0.655093 0.087841 1.909349
0.300000 0.900000 0.610864 0.108254 1.839739
0.350000 0.900000 0.576460 0.122725 1.788623
0.400000 0.900000 0.550256 0.132861 1.747260
0.450000 0.900000 0.530385 0.139796 1.713141
0.500000 0.900000 0.515410 0.144341 1.683354
0.550000 0.900000 0.504115 0.147073 1.656310
0.600000 0.900000 0.495546 0.148416 1.630791
0.650000 0.900000 0.488943 0.148684 1.606027
0.700000 0.900000 0.483719 0.148121 1.581500
0.750000 0.900000 0.479423 0.146916 1.556887
0.800000 0.900000 0.475713 0.145222 1.531997
0.850000 0.900000 0.472339 0.143160 1.506735
0.900000 0.900000 0.469121 0.140828 1.481063
0.950000 0.900000 0.465935 0.138306 1.454986
1.000000 0.900000 0.462704 0.135658 1.428535
1.050000 0.900000 0.459385 0.132935 1.401750
1.100000 0.900000 0.455961 0.130178 1.374677
1.150000 0.900000 0.452440 0.127420 1.347360
1.200000 0.900000 0.448845 0.124686 1.319835
1.250000 0.900000 0.445212 0.122001 1.292128
1.300000 0.900000 0.441590 0.119381 1.264250
1.350000 0.900000 0.438039 0.116848 1.236195
1.400000 0.900000 0.434629 0.114418 1.207935
1.450000 0.900000 0.431441 0.112115 1.179413
1.500000 0.900000 0.428567 0.109962 1.150549
1.550000 0.900000 0.426106 0.107985 1.121197
1.600000 0.900000 0.424165 0.106199 1.091234
1.650000 0.900000 0.422822 0.104589 1.060306
1.700000 0.900000 0.422155 0.103056 1.028496
1.750000 0.900000 0.421997 0.101273 0.994651
1.800000 0.900000 0.422294 0.098412 0.960958
1.850000 0.900000 0.421739 0.092561 0.921736
1.900000 0.900000 0.420748 0.079345 0.892634
1.950000 0.900000 0.414957 0.052139 0.843514
2.000000 0.900000 0.414957 0.000000 0.843514

0.000000 0.950000 1.000000 0.000000 4.776729
0.050000 0.950000 0.724039 0.185723 4.776729
0.100000 0.950000 0.616009 0.234466 3.844118
0.150000 0.950000 0.508202 0.254655 3.555877
0.200000 0.950000 0.439450 0.263277 3.301123
0.250000 0.950000 0.388133 0.268768 3.162029
0.300000 0.950000 0.352291 0.271997 3.061656
0.350000 0.950000 0.326402 0.273869 2.992895
0.400000 0.950000 0.307889 0.274601 2.939650
0.450000 0.950000 0.294545 0.274433 2.895989
0.500000 0.950000 0.284934 0.273500 2.857067
0.550000 0.950000 0.277979 0.271919 2.820326
0.600000 0.950000 0.272909 0.269777 2.784080
0.650000 0.950000 0.269150 0.267153 2.747376
0.700000 0.950000 0.266281 0.264116 2.709669
0.750000 0.950000 0.263989 0.260727 2.670703
0.800000 0.950000 0.262047 0.257045 2.630398
0.850000 0.950000 0.260290 0.253121 2.588789
0.900000 0.950000 0.258606 0.249003 2.545982
0.950000 0.950000 0.256917 0.244731 2.502118
1.000000 0.950000 0.255178 0.240343 2.457355
1.050000 0.950000 0.253365 0.235871 2.411852
1.100000 0.950000 0.251471 0.231340 2.365757
1.150000 0.950000 0.249504 0.226773 2.319201
1.200000 0.950000 0.247480 0.222189 2.272290
1.250000 0.950000 0.245427 0.217601 2.225104
1.300000 0.950000 0.243379 0.213022 2.177693
1.350000 0.950000 0.241378 0.208461 2.130063
1.400000 0.950000 0.239476 0.203924 2.082178
1.450000 0.950000 0.237735 0.199415 2.033926
1.500000 0.950000 0.236234 0.194935 1.985111
1.550000 0.950000 0.235070 0.190478 1.935365
1.600000 0.950000 0.234371 0.186026 1.884152
1.650000 0.950000 0.234274 0.181522 1.830405
1.700000 0.950000 0.234979 0.176853 1.772961
1.750000 0.950000 0.236541 0.171685 1.708484
1.800000 0.950000 0.239245 0.165384 1.636137
1.850000 0.950000 0.241887 0.155984 1.542702
1.900000 0.950000 0.245455 0.139365 1.446542
1.950000 0.950000 0.238388 0.101117 1.266613
2.000000 0.950000 0.238388 0.000000 1.266613

0.000000 1.000000 0.000000 0.000000 0.000000
0.050000 1.000000 0.000000 0.000000 0.000000
0.100000 1.000000 0.000000 0.000000 0.000000
0.150000 1.000000 0.000000 0.000000 0.000000
0.200000 1.000000 0.000000 0.000000 0.000000
0.250000 1.000000 0.000000 0.000000 0.000000
0.300000 1.000000 0.000000 0.000000 0.000000
0.350000 1.000000 0.000000 0.000000 0.000000
0.400000 1.000000 0.000000 0.000000 0.000000
0.450000 1.000000 0.000000 0.000000 0.000000
0.500000 1.000000 0.000000 0.000000 0.000000
0.550000 1.000000 0.000000 0.000000 0.000000
0.600000 1.000000 0.000000 0.000000 0.000000
0.650000 1.000000 0.000000 0.000000 0.000000
0.700000 1.000000 0.000000 0.000000 0.000000
0.750000 1.000000 0.000000 0.000000 0.000000
0.800000 1.000000 0.000000 0.000000 0.000000
0.850000 1.000000 0.000000 0.000000 0.000000
0.900000 1.000000 0.000000 0.000000 0.000000
0.950000 1.000000 0.000000 0.000000 0.000000
1.000000 1.000000 0.000000 0.000000 0.000000
1.050000 1.000000 0.000000 0.000000 0.000000
1.100000 1.000000 0.000000 0.000000 0.000000
1.150000 1.000000 0.000000 0.000000 0.000000
1.200000 1.000000 0.000000 0.000000 0.000000
1.250000 1.000000 0.000000 0.000000 0.000000
1.300000 1.000000 0.000000 0.000000 0.000000
1.350000 1.000000 0.000000 0.000000 0.000000
1.400000 1.000000 0.000000 0.000000 0.000000
1.450000 1.000000 0.000000 0.000000 0.000000
1.500000 1.000000 0.000000 0.000000 0.000000
1.550000 1.000000 0.000000 0.000000 0.000000
1.600000 1.000000 0.000000 0.000000 0.000000
1.650000 1.000000 0.000000 0.000000 0.000000
1.700000 1.000000 0.000000 0.000000 0.000000
1.750000 1.000000 0.000000 0.000000 0.000000
1.800000 1.000000 0.000000 0.000000 0.000000
1.850000 1.000000 0.000000 0.000000 0.000000
1.900000 1.000000 0.000000 0.000000 0.000000
1.950000 1.000000 0.000000 0.000000 0.000000
2.000000 1.000000 0.000000 0.000000 0.000000

