0.000000 0.000000 0.000000 0.000000 5.195136
0.050000 0.000000 0.000000 0.000000 5.195136
0.100000 0.000000 0.000000 0.000000 3.730042
0.150000 0.000000 0.000000 0.000000 3.240267
0.200000 0.000000 0.000000 0.000000 2.804564
0.250000 0.000000 0.000000 0.000000 2.567805
0.300000 0.000000 0.000000 0.000000 2.394683
0.350000 0.000000 0.000000 0.000000 2.277071
0.400000 0.000000 0.000000 0.000000 2.186891
0.450000 0.000000 0.000000 0.000000 2.115991
0.500000 0.000000 0.000000 0.000000 2.056776
0.550000 0.000000 0.000000 0.000000 2.005686
0.600000 0.000000 0.000000 0.000000 1.960135
0.650000 0.000000 0.000000 0.000000 1.918588
0.700000 0.000000 0.000000 0.000000 1.879966
0.750000 0.000000 0.000000 0.000000 1.843540
0.800000 0.000000 0.000000 0.000000 1.808783
0.850000 0.000000 0.000000 0.000000 1.775309
0.900000 0.000000 0.000000 0.000000 1.742832
0.950000 0.000000 0.000000 0.000000 1.711133
1.000000 0.000000 0.000000 0.000000 1.680044
1.050000 0.000000 0.000000 0.000000 1.649435
1.100000 0.000000 0.000000 0.000000 1.619206
1.150000 0.000000 0.000000 0.000000 1.589280
1.200000 0.000000 0.000000 0.000000 1.559602
1.250000 0.000000 0.000000 0.000000 1.530132
1.300000 0.000000 0.000000 0.000000 1.500848
1.350000 0.000000 0.000000 0.000000 1.471742
1.400000 0.000000 0.000000 0.000000 1.442825
1.450000 0.000000 0.000000 0.000000 1.414123
1.500000 0.000000 0.000000 0.000000 1.385692
1.550000 0.000000 0.000000 0.000000 1.357602
1.600000 0.000000 0.000000 0.000000 1.329992
1.650000 0.000000 0.000000 0.000000 1.302968
1.700000 0.000000 0.000000 0.000000 1.276893
1.750000 0.000000 0.000000 0.000000 1.251741
1.800000 0.000000 0.000000 0.000000 1.228694
1.850000 0.000000 0.000000 0.000000 1.206347
1.900000 0.000000 0.000000 0.000000 1.189764
1.950000 0.000000 0.000000 0.000000 1.168752
2.000000 0.000000 0.000000 0.000000 1.168752

0.000000 0.050000 1.000000 0.000000 5.195136
0.050000 0.050000 0.766290 0.138762 5.195136
0.100000 0.050000 0.689907 0.130929 3.730042
0.150000 0.050000 0.574358 0.104769 3.240267
0.200000 0.050000 0.495599 0.075941 2.804564
0.250000 0.050000 0.430689 0.054159 2.567805
0.300000 0.050000 0.382684 0.038687 2.394683
0.350000 0.050000 0.345505 0.028177 2.277071
0.400000 0.050000 0.316915 0.021023 2.186891
0.450000 0.050000 0.294405 0.016099 2.115991
0.500000 0.050000 0.276463 0.012632 2.056776
0.550000 0.050000 0.261910 0.010128 2.005686
0.600000 0.050000 0.249937 0.008276 1.960135
0.650000 0.050000 0.239948 0.006873 1.918588
0.700000 0.050000 0.231511 0.005790 1.879966
0.750000 0.050000 0.224301 0.004938 1.843540
0.800000 0.050000 0.218075 0.004259 1.808783
0.850000 0.050000 0.212647 0.003711 1.775309
0.900000 0.050000 0.207871 0.003263 1.742832
0.950000 0.050000 0.203633 0.002896 1.711133
1.000000 0.050000 0.199841 0.002592 1.680044
1.050000 0.050000 0.196420 0.002341 1.649435
1.100000 0.050000 0.193307 0.002133 1.619206
1.150000 0.050000 0.190449 0.001964 1.589280
1.200000 0.050000 0.187798 0.001828 1.559602
1.250000 0.050000 0.185314 0.001722 1.530132
1.300000 0.050000 0.182957 0.001644 1.500848
1.350000 0.050000 0.180692 0.001594 1.471742
1.400000 0.050000 0.178485 0.001569 1.442825
1.450000 0.050000 0.176301 0.001572 1.414123
1.500000 0.050000 0.174108 0.001602 1.385692
1.550000 0.050000 0.171870 0.001659 1.357602
1.600000 0.050000 0.169557 0.001744 1.329992
1.650000 0.050000 0.167137 0.001853 1.302968
1.700000 0.050000 0.164601 0.001978 1.276893
1.750000 0.050000 0.161916 0.002104 1.251741
1.800000 0.050000 0.159178 0.002189 1.228694
1.850000 0.050000 0.156305 0.002184 1.206347
1.900000 0.050000 0.153871 0.001937 1.189764
1.950000 0.050000 0.151274 0.001373 1.168752
2.000000 0.050000 0.151274 0.000000 1.168752

0.000000 0.100000 1.000000 0.000000 4.092902
0.050000 0.100000 0.972599 0.211355 4.092902
0.100000 0.100000 0.949079 0.220697 3.468612
0.150000 0.100000 0.877461 0.193606 3.173965
0.200000 0.100000 0.808536 0.153283 2.855390
0.250000 0.100000 0.739688 0.118300 2.645865
0.300000 0.100000 0.680074 0.090445 2.475668
0.350000 0.100000 0.628917 0.069623 2.349253
0.400000 0.100000 0.586281 0.054238 2.248221
0.450000 0.100000 0.550770 0.042902 2.167009
0.500000 0.100000 0.521228 0.034472 2.099068
0.550000 0.100000 0.496499 0.028127 2.040875
0.600000 0.100000 0.475654 0.023281 1.989643
0.650000 0.100000 0.457930 0.019527 1.943567
0.700000 0.100000 0.442725 0.016578 1.901322
0.750000 0.100000 0.429567 0.014231 1.861980
0.800000 0.100000 0.418080 0.012341 1.824856
0.850000 0.100000 0.407971 0.010804 1.789447
0.900000 0.100000 0.399003 0.009542 1.755374
0.950000 0.100000 0.390986 0.008499 1.722352
1.000000 0.100000 0.383767 0.007634 1.690160
1.050000 0.100000 0.377217 0.006915 1.658631
1.100000 0.100000 0.371227 0.006319 1.627635
1.150000 0.100000 0.365703 0.005829 1.597074
1.200000 0.100000 0.360566 0.005433 1.566876
1.250000 0.100000 0.355740 0.005122 1.536988
1.300000 0.100000 0.351160 0.004889 1.507380
1.350000 0.100000 0.346761 0.004731 1.478036
1.400000 0.100000 0.342486 0.004645 1.448961
1.450000 0.100000 0.338276 0.004631 1.420175
1.500000 0.100000 0.334078 0.004688 1.391724
1.550000 0.100000 0.329838 0.004813 1.363663
1.600000 0.100000 0.325516 0.005002 1.336112
1.650000 0.100000 0.321069 0.005243 1.309132
1.700000 0.100000 0.316499 0.005507 1.283046
1.750000 0.100000 0.311787 0.005747 1.257683
1.800000 0.100000 0.307100 0.005861 1.234225
1.850000 0.100000 0.302385 0.005713 1.210750
1.900000 0.100000 0.298468 0.004978 1.192978
1.950000 0.100000 0.294606 0.003410 1.168340
2.000000 0.100000 0.294606 0.000000 1.168340

0.000000 0.150000 1.000000 0.000000 3.565043
0.050000 0.150000 1.027434 0.188891 3.565043
0.100000 0.150000 1.044051 0.241018 3.249160
0.150000 0.150000 1.022487 0.241257 3.035745
0.200000 0.150000 0.985491 0.213412 2.798569
0.250000 0.150000 0.937336 0.179820 2.622412
0.300000 0.150000 0.888034 0.147611 2.472967
0.350000 0.150000 0.840724 0.120167 2.355630
0.400000 0.150000 0.797767 0.097801 2.258922
0.450000 0.150000 0.759598 0.080025 2.179080
0.500000 0.150000 0.726165 0.066011 2.111187
0.550000 0.150000 0.697008 0.054977 2.052377
0.600000 0.150000 0.671593 0.046253 2.000278
0.650000 0.150000 0.649381 0.039310 1.953270
0.700000 0.150000 0.629883 0.033740 1.910127
0.750000 0.150000 0.612678 0.029233 1.869960
0.800000 0.150000 0.597408 0.025554 1.832096
0.850000 0.150000 0.583775 0.022526 1.796033
0.900000 0.150000 0.571531 0.020017 1.761387
0.950000 0.150000 0.560468 0.017927 1.727862
1.000000 0.150000 0.550411 0.016179 1.695232
1.050000 0.150000 0.541212 0.014716 1.663319
1.100000 0.150000 0.532740 0.013496 1.631989
1.150000 0.150000 0.524884 0.012486 1.601135
1.200000 0.150000 0.517543 0.011662 1.570682
1.250000 0.150000 0.510626 0.011007 1.540573
1.300000 0.150000 0.504049 0.010507 1.510772
1.350000 0.150000 0.497733 0.010155 1.481259
1.400000 0.150000 0.491604 0.009945 1.452033
1.450000 0.150000 0.485593 0.009871 1.423107
1.500000 0.150000 0.479634 0.009928 1.394519
1.550000 0.150000 0.473669 0.010108 1.366308
1.600000 0.150000 0.467652 0.010394 1.338577
1.650000 0.150000 0.461548 0.010753 1.311356
1.700000 0.150000 0.455371 0.011123 1.284945
1.750000 0.150000 0.449126 0.011402 1.259095
1.800000 0.150000 0.443028 0.011403 1.235014
1.850000 0.150000 0.437061 0.010854 1.210502
1.900000 0.150000 0.432183 0.009254 1.191780
1.950000 0.150000 0.427591 0.006068 1.164781
2.000000 0.150000 0.427591 0.000000 1.164781

0.000000 0.200000 1.000000 0.000000 3.136392
0.050000 0.200000 1.033389 0.158976 3.136392
0.100000 0.200000 1.065000 0.229239 3.014014
0.150000 0.200000 1.076765 0.250681 2.885231
0.200000 0.200000 1.070924 0.240153 2.728075
0.250000 0.200000 1.049932 0.216339 2.592242
0.300000 0.200000 1.020764 0.188036 2.468092
0.350000 0.200000 0.987508 0.160560 2.362957
0.400000 0.200000 0.953533 0.135979 2.272207
0.450000 0.200000 0.920618 0.114982 2.194466
0.500000 0.200000 0.889776 0.097461 2.126824
0.550000 0.200000 0.861396 0.083021 2.067325
0.600000 0.200000 0.835552 0.071174 2.014161
0.650000 0.200000 0.812130 0.061458 1.965976
0.700000 0.200000 0.790938 0.053467 1.921685
0.750000 0.200000 0.771752 0.046864 1.880454
0.800000 0.200000 0.754347 0.041379 1.841634
0.850000 0.200000 0.738515 0.036798 1.804723
0.900000 0.200000 0.724065 0.032952 1.769330
0.950000 0.200000 0.710825 0.029710 1.735148
1.000000 0.200000 0.698644 0.026972 1.701939
1.050000 0.200000 0.687384 0.024659 1.669517
1.100000 0.200000 0.676925 0.022713 1.637738
1.150000 0.200000 0.667155 0.021087 1.606488
1.200000 0.200000 0.657972 0.019748 1.575684
1.250000 0.200000 0.649281 0.018669 1.545264
1.300000 0.200000 0.640995 0.017833 1.515186
1.350000 0.200000 0.633028 0.017225 1.485423
1.400000 0.200000 0.625303 0.016833 1.455969
1.450000 0.200000 0.617747 0.016649 1.426826
1.500000 0.200000 0.610292 0.016659 1.398020
1.550000 0.200000 0.602880 0.016845 1.369573
1.600000 0.200000 0.595471 0.017171 1.341567
1.650000 0.200000 0.588038 0.017580 1.313996
1.700000 0.200000 0.580612 0.017969 1.287131
1.750000 0.200000 0.573217 0.018171 1.260641
1.800000 0.200000 0.566102 0.017907 1.235753
1.850000 0.200000 0.559266 0.016771 1.210010
1.900000 0.200000 0.553749 0.014076 1.190122
1.950000 0.200000 0.548656 0.009013 1.160653
2.000000 0.200000 0.548656 0.000000 1.160653

0.000000 0.250000 1.000000 0.000000 2.878529
0.050000 0.250000 1.028251 0.125912 2.878529
0.100000 0.250000 1.062241 0.199871 2.839274
0.150000 0.250000 1.090299 0.235104 2.756957
0.200000 0.250000 1.105393 0.240749 2.650552
0.250000 0.250000 1.106866 0.229674 2.545918
0.300000 0.250000 1.097856 0.209894 2.444584
0.350000 0.250000 1.081401 0.187131 2.353216
0.400000 0.250000 1.060508 0.164484 2.271059
0.450000 0.250000 1.037324 0.143586 2.198184
0.500000 0.250000 1.013392 0.125074 2.133206
0.550000 0.250000 0.989684 0.109067 2.074986
0.600000 0.250000 0.966788 0.095409 2.022302
0.650000 0.250000 0.945022 0.083833 1.974136
0.700000 0.250000 0.924532 0.074043 1.929615
0.750000 0.250000 0.905355 0.065759 1.888028
0.800000 0.250000 0.887465 0.058735 1.848796
0.850000 0.250000 0.870799 0.052761 1.811459
0.900000 0.250000 0.855275 0.047666 1.775645
0.950000 0.250000 0.840803 0.043311 1.741059
1.000000 0.250000 0.827290 0.039587 1.707467
1.050000 0.250000 0.814640 0.036405 1.674684
1.100000 0.250000 0.802762 0.033699 1.642565
1.150000 0.250000 0.791568 0.031415 1.610995
1.200000 0.250000 0.780969 0.029513 1.579887
1.250000 0.250000 0.770881 0.027963 1.549177
1.300000 0.250000 0.761225 0.026740 1.518819
1.350000 0.250000 0.751921 0.025826 1.488783
1.400000 0.250000 0.742895 0.025206 1.459054
1.450000 0.250000 0.734078 0.024863 1.429627
1.500000 0.250000 0.725407 0.024775 1.400518
1.550000 0.250000 0.716829 0.024909 1.371735
1.600000 0.250000 0.708312 0.025213 1.343343
1.650000 0.250000 0.699838 0.025595 1.315309
1.700000 0.250000 0.691453 0.025909 1.287884
1.750000 0.250000 0.683193 0.025920 1.260684
1.800000 0.250000 0.675327 0.025256 1.234963
1.850000 0.250000 0.667859 0.023369 1.208071
1.900000 0.250000 0.661879 0.019394 1.187141
1.950000 0.250000 0.656410 0.012239 1.155608
2.000000 0.250000 0.656410 0.000000 1.155608

0.000000 0.300000 1.000000 0.000000 2.700051
0.050000 0.300000 1.021759 0.098369 2.700051
0.100000 0.300000 1.052800 0.166911 2.699348
0.150000 0.300000 1.086505 0.207422 2.648957
0.200000 0.300000 1.113214 0.223879 2.578570
0.250000 0.300000 1.130146 0.223962 2.499627
0.300000 0.300000 1.137361 0.213700 2.418203
0.350000 0.300000 1.136238 0.198031 2.340023
0.400000 0.300000 1.128736 0.180183 2.266643
0.450000 0.300000 1.116669 0.162195 2.199182
0.500000 0.300000 1.101590 0.145186 2.137449
0.550000 0.300000 1.084697 0.129693 2.081036
0.600000 0.300000 1.066875 0.115893 2.029267
0.650000 0.300000 1.048753 0.103761 1.981467
0.700000 0.300000 1.030759 0.093174 1.936984
0.750000 0.300000 1.013178 0.083965 1.895245
0.800000 0.300000 0.996186 0.075964 1.855757
0.850000 0.300000 0.979885 0.069012 1.818106
0.900000 0.300000 0.964323 0.062968 1.781953
0.950000 0.300000 0.949511 0.057714 1.747018
1.000000 0.300000 0.935435 0.053152 1.713077
1.050000 0.300000 0.922062 0.049201 1.679949
1.100000 0.300000 0.909348 0.045799 1.647490
1.150000 0.300000 0.897238 0.042893 1.615586
1.200000 0.300000 0.885675 0.040445 1.584150
1.250000 0.300000 0.874596 0.038423 1.553115
1.300000 0.300000 0.863937 0.036803 1.522433
1.350000 0.300000 0.853633 0.035564 1.492069
1.400000 0.300000 0.843620 0.034685 1.462004
1.450000 0.300000 0.833839 0.034147 1.432227
1.500000 0.300000 0.824237 0.033917 1.402744
1.550000 0.300000 0.814768 0.033949 1.373552
1.600000 0.300000 0.805410 0.034168 1.344703
1.650000 0.300000 0.796152 0.034453 1.316145
1.700000 0.300000 0.787050 0.034609 1.288114
1.750000 0.300000 0.778147 0.034336 1.260185
1.800000 0.300000 0.769726 0.033167 1.233641
1.850000 0.300000 0.761784 0.030419 1.205672
1.900000 0.300000 0.755451 0.025043 1.183778
1.950000 0.300000 0.749678 0.015659 1.150412
2.000000 0.300000 0.749678 0.000000 1.150412

0.000000 0.350000 1.000000 0.000000 2.582447
0.050000 0.350000 1.016607 0.075534 2.582447
0.100000 0.350000 1.043472 0.134674 2.596733
0.150000 0.350000 1.077430 0.174903 2.564844
0.200000 0.350000 1.109223 0.197212 2.516775
0.250000 0.350000 1.135225 0.205545 2.456092
0.300000 0.350000 1.153626 0.203830 2.389980
0.350000 0.350000 1.164357 0.195742 2.323023
0.400000 0.350000 1.168233 0.184042 2.257775
0.450000 0.350000 1.166422 0.170712 2.195863
0.500000 0.350000 1.160165 0.157030 2.137840
0.550000 0.350000 1.150591 0.143767 2.083814
0.600000 0.350000 1.138663 0.131341 2.033533
0.650000 0.350000 1.125162 0.119938 1.986613
0.700000 0.350000 1.110695 0.109609 1.942609
0.750000 0.350000 1.095727 0.100326 1.901083
0.800000 0.350000 1.080599 0.092023 1.861634
0.850000 0.350000 1.065559 0.084621 1.823908
0.900000 0.350000 1.050778 0.078037 1.787600
0.950000 0.350000 1.036369 0.072197 1.752458
1.000000 0.350000 1.022400 0.067033 1.718273
1.050000 0.350000 1.008906 0.062491 1.684874
1.100000 0.350000 0.995897 0.058521 1.652123
1.150000 0.350000 0.983362 0.055086 1.619911
1.200000 0.350000 0.971278 0.052154 1.588152
1.250000 0.350000 0.959610 0.049700 1.556781
1.300000 0.350000 0.948318 0.047703 1.525748
1.350000 0.350000 0.937356 0.046142 1.495017
1.400000 0.350000 0.926677 0.044998 1.464568
1.450000 0.350000 0.916233 0.044244 1.434383
1.500000 0.350000 0.905984 0.043844 1.404466
1.550000 0.350000 0.895893 0.043736 1.374805
1.600000 0.350000 0.885946 0.043825 1.345444
1.650000 0.350000 0.876138 0.043958 1.316322
1.700000 0.350000 0.866530 0.043897 1.287671
1.750000 0.350000 0.857169 0.043275 1.259035
1.800000 0.350000 0.848341 0.041530 1.231731
1.850000 0.350000 0.840041 0.037845 1.202819
1.900000 0.350000 0.833427 0.030981 1.180110
1.950000 0.350000 0.827400 0.019260 1.145189
2.000000 0.350000 0.827399 0.000000 1.145189

0.000000 0.400000 1.000000 0.000000 2.501315
0.050000 0.400000 1.013016 0.056940 2.501315
0.100000 0.400000 1.036038 0.105341 2.520585
0.150000 0.400000 1.068030 0.141851 2.499831
0.200000 0.400000 1.101073 0.166071 2.465790
0.250000 0.400000 1.131487 0.179597 2.417973
0.300000 0.400000 1.156568 0.184608 2.363272
0.350000 0.400000 1.175277 0.183454 2.305324
0.400000 0.400000 1.187525 0.178146 2.247013
0.450000 0.400000 1.193830 0.170283 2.190176
0.500000 0.400000 1.195014 0.161034 2.135795
0.550000 0.400000 1.191991 0.151207 2.084314
0.600000 0.400000 1.185650 0.141332 2.035781
0.650000 0.400000 1.176791 0.131737 1.990034
0.700000 0.400000 1.166097 0.122615 1.946795
0.750000 0.400000 1.154131 0.114065 1.905742
0.800000 0.400000 1.141341 0.106135 1.866556
0.850000 0.400000 1.128078 0.098835 1.828940
0.900000 0.400000 1.114607 0.092160 1.792629
0.950000 0.400000 1.101124 0.086093 1.757398
1.000000 0.400000 1.087769 0.080615 1.723056
1.050000 0.400000 1.074636 0.075705 1.689448
1.100000 0.400000 1.061786 0.071343 1.656446
1.150000 0.400000 1.049252 0.067512 1.623946
1.200000 0.400000 1.037045 0.064196 1.591869
1.250000 0.400000 1.025162 0.061382 1.560151
1.300000 0.400000 1.013587 0.059056 1.528745
1.350000 0.400000 1.002296 0.057203 1.497617
1.400000 0.400000 0.991260 0.055806 1.466742
1.450000 0.400000 0.980447 0.054838 1.436106
1.500000 0.400000 0.969827 0.054255 1.405708
1.550000 0.400000 0.959375 0.053986 1.375535
1.600000 0.400000 0.949080 0.053919 1.345632
1.650000 0.400000 0.938943 0.053872 1.315930
1.700000 0.400000 0.929025 0.053562 1.286666
1.750000 0.400000 0.919369 0.052558 1.257369
1.800000 0.400000 0.910266 0.050204 1.229392
1.850000 0.400000 0.901700 0.045545 1.199678
1.900000 0.400000 0.894864 0.037142 1.176310
1.950000 0.400000 0.888618 0.023004 1.140086
2.000000 0.400000 0.888618 0.000000 1.140086

0.000000 0.450000 1.000000 0.000000 2.447078
0.050000 0.450000 1.010728 0.041355 2.447078
0.100000 0.450000 1.030796 0.079003 2.467033
0.150000 0.450000 1.060297 0.110098 2.452274
0.200000 0.450000 1.092604 0.133728 2.426195
0.250000 0.450000 1.124322 0.150099 2.386545
0.300000 0.450000 1.152494 0.160068 2.339559
0.350000 0.450000 1.175591 0.164810 2.288196
0.400000 0.450000 1.192963 0.165511 2.235320
0.450000 0.450000 1.204653 0.163241 2.182782
0.500000 0.450000 1.211119 0.158886 2.131736
0.550000 0.450000 1.213032 0.153146 2.082793
0.600000 0.450000 1.211145 0.146554 2.036170
0.650000 0.450000 1.206197 0.139503 1.991839
0.700000 0.450000 1.198861 0.132281 1.949633
0.750000 0.450000 1.189725 0.125094 1.909317
0.800000 0.450000 1.179282 0.118088 1.870633
0.850000 0.450000 1.167933 0.111367 1.833334
0.900000 0.450000 1.155997 0.105004 1.797193
0.950000 0.450000 1.143723 0.099048 1.762011
1.000000 0.450000 1.131298 0.093534 1.727623
1.050000 0.450000 1.118862 0.088485 1.693886
1.100000 0.450000 1.106513 0.083916 1.660687
1.150000 0.450000 1.094319 0.079838 1.627935
1.200000 0.450000 1.082323 0.076255 1.595554
1.250000 0.450000 1.070547 0.073169 1.563490
1.300000 0.450000 1.059001 0.070579 1.531698
1.350000 0.450000 1.047681 0.068479 1.500146
1.400000 0.450000 1.036576 0.066857 1.468813
1.450000 0.450000 1.025669 0.065687 1.437685
1.500000 0.450000 1.014943 0.064924 1.406764
1.550000 0.450000 1.004380 0.064492 1.376038
1.600000 0.450000 0.993973 0.064262 1.345557
1.650000 0.450000 0.983722 0.064027 1.315254
1.700000 0.450000 0.973685 0.063464 1.285379
1.750000 0.450000 0.963895 0.062077 1.255451
1.800000 0.450000 0.954642 0.059114 1.226870
1.850000 0.450000 0.945900 0.053475 1.196467
1.900000 0.450000 0.938897 0.043507 1.172573
1.950000 0.450000 0.932465 0.026889 1.135244
2.000000 0.450000 0.932464 0.000000 1.135244

0.000000 0.500000 1.000000 0.000000 2.411977
0.050000 0.500000 1.009465 0.027721 2.411977
0.100000 0.500000 1.027553 0.055111 2.430709
0.150000 0.500000 1.054765 0.080201 2.418448
0.200000 0.500000 1.085372 0.101950 2.396035
0.250000 0.500000 1.116339 0.119705 2.360813
0.300000 0.500000 1.144816 0.133316 2.318399
0.350000 0.500000 1.169171 0.142969 2.271360
0.400000 0.500000 1.188541 0.149063 2.222388
0.450000 0.500000 1.202731 0.152107 2.173240
0.500000 0.500000 1.211972 0.152633 2.125072
0.550000 0.500000 1.216754 0.151157 2.078522
0.600000 0.500000 1.217691 0.148143 2.033857
0.650000 0.500000 1.215422 0.143997 1.991105
0.700000 0.500000 1.210564 0.139062 1.950148
0.750000 0.500000 1.203668 0.133620 1.910798
0.800000 0.500000 1.195214 0.127902 1.872840
0.850000 0.500000 1.185605 0.122095 1.836062
0.900000 0.500000 1.175169 0.116345 1.800269
0.950000 0.500000 1.164171 0.110768 1.765289
1.000000 0.500000 1.152816 0.105452 1.730976
1.050000 0.500000 1.141267 0.100466 1.697211
1.100000 0.500000 1.129642 0.095862 1.663894
1.150000 0.500000 1.118033 0.091679 1.630946
1.200000 0.500000 1.106503 0.087945 1.598304
1.250000 0.500000 1.095096 0.084681 1.565920
1.300000 0.500000 1.083841 0.081900 1.533757
1.350000 0.500000 1.072753 0.079607 1.501787
1.400000 0.500000 1.061837 0.077796 1.469993
1.450000 0.500000 1.051091 0.076449 1.438364
1.500000 0.500000 1.040507 0.075523 1.406906
1.550000 0.500000 1.030073 0.074937 1.375613
1.600000 0.500000 1.019785 0.074554 1.344544
1.650000 0.500000 1.009637 0.074148 1.313639
1.700000 0.500000 0.999676 0.073356 1.283173
1.750000 0.500000 0.989923 0.071621 1.252657
1.800000 0.500000 0.980656 0.068089 1.223553
1.850000 0.500000 0.971836 0.061507 1.192587
1.900000 0.500000 0.964724 0.049986 1.168328
1.950000 0.500000 0.958138 0.030859 1.130132
2.000000 0.500000 0.958138 0.000000 1.130132

0.000000 0.550000 1.000000 0.000000 2.395419
0.050000 0.550000 1.009022 0.015305 2.395419
0.100000 0.550000 1.026009 0.033210 2.412139
0.150000 0.550000 1.051299 0.052534 2.399701
0.200000 0.550000 1.079614 0.072171 2.377476
0.250000 0.550000 1.108245 0.090762 2.343417
0.300000 0.550000 1.134687 0.107318 2.302711
0.350000 0.550000 1.157510 0.121173 2.257820
0.400000 0.550000 1.175952 0.132033 2.211200
0.450000 0.550000 1.189815 0.139889 2.164448
0.500000 0.550000 1.199270 0.144938 2.118588
0.550000 0.550000 1.204711 0.147501 2.074170
0.600000 0.550000 1.206641 0.147958 2.031407
0.650000 0.550000 1.205598 0.146700 1.990299
0.700000 0.550000 1.202100 0.144105 1.950725
0.750000 0.550000 1.196624 0.140511 1.912503
0.800000 0.550000 1.189586 0.136218 1.875436
0.850000 0.550000 1.181344 0.131478 1.839332
0.900000 0.550000 1.172195 0.126503 1.804021
0.950000 0.550000 1.162381 0.121465 1.769354
1.000000 0.550000 1.152101 0.116501 1.735208
1.050000 0.550000 1.141510 0.111721 1.701482
1.100000 0.550000 1.130734 0.107211 1.668095
1.150000 0.550000 1.119868 0.103037 1.634984
1.200000 0.550000 1.108988 0.099250 1.602098
1.250000 0.550000 1.098151 0.095888 1.569397
1.300000 0.550000 1.087400 0.092979 1.536854
1.350000 0.550000 1.076764 0.090538 1.504445
1.400000 0.550000 1.066262 0.088573 1.472159
1.450000 0.550000 1.055904 0.087070 1.439989
1.500000 0.550000 1.045693 0.085993 1.407943
1.550000 0.550000 1.035620 0.085264 1.376024
1.600000 0.550000 1.025680 0.084743 1.344297
1.650000 0.550000 1.015859 0.084189 1.312714
1.700000 0.550000 1.006189 0.083206 1.281574
1.750000 0.550000 0.996665 0.081178 1.250390
1.800000 0.550000 0.987548 0.077145 1.220695
1.850000 0.550000 0.978771 0.069684 1.189103
1.900000 0.550000 0.971627 0.056646 1.164456
1.950000 0.550000 0.964918 0.034984 1.125342
2.000000 0.550000 0.964918 0.000000 1.125342

0.000000 0.600000 1.000000 0.000000 2.391981
0.050000 0.600000 1.009344 0.002919 2.391981
0.100000 0.600000 1.025918 0.012137 2.404418
0.150000 0.600000 1.049347 0.026571 2.388789
0.200000 0.600000 1.074544 0.044761 2.363224
0.250000 0.600000 1.099146 0.064466 2.327313
0.300000 0.600000 1.121235 0.083868 2.285790
0.350000 0.600000 1.139856 0.101532 2.241209
0.400000 0.600000 1.154610 0.116588 2.195670
0.450000 0.600000 1.165497 0.128621 2.150534
0.500000 0.600000 1.172762 0.137572 2.106561
0.550000 0.600000 1.176771 0.143622 2.064110
0.600000 0.600000 1.177945 0.147095 2.023251
0.650000 0.600000 1.176707 0.148379 1.983896
0.700000 0.600000 1.173454 0.147878 1.945869
0.750000 0.600000 1.168547 0.145978 1.908966
0.800000 0.600000 1.162302 0.143029 1.872988
0.850000 0.600000 1.154989 0.139337 1.837753
0.900000 0.600000 1.146839 0.135160 1.803107
0.950000 0.600000 1.138044 0.130716 1.768922
1.000000 0.600000 1.128764 0.126180 1.735097
1.050000 0.600000 1.119131 0.121692 1.701552
1.100000 0.600000 1.109256 0.117366 1.668226
1.150000 0.600000 1.099229 0.113288 1.635071
1.200000 0.600000 1.089125 0.109528 1.602051
1.250000 0.600000 1.079007 0.106138 1.569137
1.300000 0.600000 1.068925 0.103158 1.536309
1.350000 0.600000 1.058921 0.100618 1.503551
1.400000 0.600000 1.049026 0.098531 1.470855
1.450000 0.600000 1.039259 0.096896 1.438216
1.500000 0.600000 1.029632 0.095687 1.405649
1.550000 0.600000 1.020143 0.094834 1.373157
1.600000 0.600000 1.010783 0.094199 1.340819
1.650000 0.600000 1.001525 0.093537 1.308595
1.700000 0.600000 0.992381 0.092429 1.276818
1.750000 0.600000 0.983311 0.090205 1.245003
1.800000 0.600000 0.974541 0.085793 1.214788
1.850000 0.600000 0.965960 0.077594 1.182668
1.900000 0.600000 0.958881 0.063157 1.157817
1.950000 0.600000 0.952093 0.039042 1.118094
2.000000 0.600000 0.952093 0.000000 1.118094

0.000000 0.650000 1.000000 0.000000 2.416776
0.050000 0.650000 1.010259 -0.008973 2.416776
0.100000 0.650000 1.026677 -0.006831 2.423021
0.150000 0.650000 1.047596 0.004495 2.401356
0.200000 0.650000 1.068122 0.022786 2.368645
0.250000 0.650000 1.086430 0.044532 2.327725
0.300000 0.650000 1.101546 0.067047 2.282697
0.350000 0.650000 1.113257 0.088228 2.236463
0.400000 0.650000 1.121737 0.106810 2.190602
0.450000 0.650000 1.127307 0.122145 2.146145
0.500000 0.650000 1.130340 0.134064 2.103455
0.550000 0.650000 1.131193 0.142710 2.062600
0.600000 0.650000 1.130190 0.148408 2.023425
0.650000 0.650000 1.127612 0.151572 1.985693
0.700000 0.650000 1.123703 0.152639 1.949136
0.750000 0.650000 1.118673 0.152033 1.913502
0.800000 0.650000 1.112700 0.150141 1.878571
0.850000 0.650000 1.105942 0.147301 1.844162
0.900000 0.650000 1.098534 0.143803 1.810131
0.950000 0.650000 1.090594 0.139889 1.776370
1.000000 0.650000 1.082227 0.135757 1.742799
1.050000 0.650000 1.073526 0.131567 1.709360
1.100000 0.650000 1.064572 0.127446 1.676010
1.150000 0.650000 1.055442 0.123494 1.642720
1.200000 0.650000 1.046203 0.119792 1.609467
1.250000 0.650000 1.036916 0.116402 1.576236
1.300000 0.650000 1.027636 0.113372 1.543011
1.350000 0.650000 1.018413 0.110739 1.509784
1.400000 0.650000 1.009288 0.108529 1.476546
1.450000 0.650000 1.000292 0.106751 1.443291
1.500000 0.650000 0.991447 0.105389 1.410031
1.550000 0.650000 0.982755 0.104388 1.376763
1.600000 0.650000 0.974210 0.103623 1.343563
1.650000 0.650000 0.965771 0.102853 1.310386
1.700000 0.650000 0.957426 0.101650 1.277587
1.750000 0.650000 0.949087 0.099297 1.244656
1.800000 0.650000 0.940930 0.094616 1.213354
1.850000 0.650000 0.932762 0.085811 1.179990
1.900000 0.650000 0.925905 0.070080 1.154259
1.950000 0.650000 0.919068 0.043499 1.112829
2.000000 0.650000 0.919068 0.000000 1.112829

0.000000 0.700000 1.000000 0.000000 2.444270
0.050000 0.700000 1.011752 -0.023387 2.444270
0.100000 0.700000 1.027508 -0.026624 2.433198
0.150000 0.700000 1.043595 -0.015837 2.400096
0.200000 0.700000 1.056402 0.004858 2.355163
0.250000 0.700000 1.065079 0.030008 2.306548
0.300000 0.700000 1.070111 0.056032 2.256337
0.350000 0.700000 1.072211 0.080349 2.207698
0.400000 0.700000 1.072197 0.101572 2.161235
0.450000 0.700000 1.070673 0.119068 2.117482
0.500000 0.700000 1.068082 0.132752 2.076249
0.550000 0.700000 1.064694 0.142854 2.037244
0.600000 0.700000 1.060671 0.149771 2.000043
0.650000 0.700000 1.056102 0.153974 1.964244
0.700000 0.700000 1.051034 0.155938 1.929476
0.750000 0.700000 1.045494 0.156114 1.895437
0.800000 0.700000 1.039504 0.154904 1.861885
0.850000 0.700000 1.033087 0.152660 1.828640
0.900000 0.700000 1.026271 0.149678 1.795573
0.950000 0.700000 1.019091 0.146206 1.762594
1.000000 0.700000 1.011587 0.142444 1.729643
1.050000 0.700000 1.003804 0.138556 1.696684
1.100000 0.700000 0.995793 0.134672 1.663695
1.150000 0.700000 0.987608 0.130894 1.630663
1.200000 0.700000 0.979304 0.127305 1.597580
1.250000 0.700000 0.970939 0.123970 1.564439
1.300000 0.700000 0.962570 0.120941 1.531236
1.350000 0.700000 0.954251 0.118260 1.497962
1.400000 0.700000 0.946036 0.115961 1.464609
1.450000 0.700000 0.937967 0.114062 1.431167
1.500000 0.700000 0.930078 0.112564 1.397641
1.550000 0.700000 0.922383 0.111429 1.364019
1.600000 0.700000 0.914878 0.110555 1.330373
1.650000 0.700000 0.907517 0.109723 1.296646
1.700000 0.700000 0.900262 0.108515 1.263226
1.750000 0.700000 0.892966 0.106195 1.229579
1.800000 0.700000 0.885736 0.101494 1.197648
1.850000 0.700000 0.878248 0.092422 1.163557
1.900000 0.700000 0.871789 0.075780 1.137688
1.950000 0.700000 0.864989 0.047190 1.095829
2.000000 0.700000 0.864989 0.000000 1.095829

0.000000 0.750000 1.000000 0.000000 2.562027
0.050000 0.750000 1.012404 -0.033301 2.562027
0.100000 0.750000 1.025047 -0.036257 2.525357
0.150000 0.750000 1.031790 -0.021810 2.475263
0.200000 0.750000 1.032161 0.003892 2.410755
0.250000 0.750000 1.026969 0.033274 2.349690
0.300000 0.750000 1.018707 0.062321 2.290625
0.350000 0.750000 1.008982 0.088464 2.237178
0.400000 0.750000 0.999087 0.110624 2.188419
0.450000 0.750000 0.989674 0.128488 2.144156
0.500000 0.750000 0.981044 0.142238 2.103426
0.550000 0.750000 0.973224 0.152283 2.065458
0.600000 0.750000 0.966111 0.159134 2.029484
0.650000 0.750000 0.959532 0.163316 1.994890
0.700000 0.750000 0.953305 0.165327 1.961187
0.750000 0.750000 0.947259 0.165615 1.928007
0.800000 0.750000 0.941252 0.164571 1.895086
0.850000 0.750000 0.935176 0.162527 1.862245
0.900000 0.750000 0.928956 0.159763 1.829366
0.950000 0.750000 0.922544 0.156507 1.796382
1.000000 0.750000 0.915920 0.152946 1.763258
1.050000 0.750000 0.909087 0.149229 1.729979
1.100000 0.750000 0.902063 0.145478 1.696546
1.150000 0.750000 0.894882 0.141786 1.662966
1.200000 0.750000 0.887587 0.138229 1.629246
1.250000 0.750000 0.880230 0.134870 1.595390
1.300000 0.750000 0.872870 0.131758 1.561399
1.350000 0.750000 0.865568 0.128936 1.527264
1.400000 0.750000 0.858386 0.126440 1.492970
1.450000 0.750000 0.851381 0.124299 1.458490
1.500000 0.750000 0.844606 0.122524 1.423803
1.550000 0.750000 0.838090 0.121101 1.388856
1.600000 0.750000 0.831848 0.119954 1.353671
1.650000 0.750000 0.825836 0.118900 1.318110
1.700000 0.750000 0.820004 0.117552 1.282507
1.750000 0.750000 0.814149 0.115182 1.246170
1.800000 0.750000 0.808293 0.110458 1.211154
1.850000 0.750000 0.801907 0.101197 1.173076
1.900000 0.750000 0.796217 0.083719 1.143576
1.950000 0.750000 0.789428 0.052832 1.095342
2.000000 0.750000 0.789428 0.000000 1.095342

0.000000 0.800000 1.000000 0.000000 2.591635
0.050000 0.800000 1.009915 -0.053410 2.591635
0.100000 0.800000 1.013318 -0.051872 2.484243
0.150000 0.800000 1.001316 -0.029202 2.409374
0.200000 0.800000 0.982234 0.003913 2.320782
0.250000 0.800000 0.958596 0.037673 2.249172
0.300000 0.800000 0.934827 0.068471 2.184199
0.350000 0.800000 0.912667 0.094514 2.129310
0.400000 0.800000 0.893254 0.115547 2.081259
0.450000 0.800000 0.876784 0.131864 2.039061
0.500000 0.800000 0.863097 0.144035 2.001005
0.550000 0.800000 0.851794 0.152688 1.965951
0.600000 0.800000 0.842414 0.158431 1.932891
0.650000 0.800000 0.834496 0.161812 1.901095
0.700000 0.800000 0.827627 0.163309 1.870015
0.750000 0.800000 0.821461 0.163330 1.839268
0.800000 0.800000 0.815718 0.162218 1.808593
0.850000 0.800000 0.810184 0.160258 1.777827
0.900000 0.800000 0.804703 0.157684 1.746872
0.950000 0.800000 0.799168 0.154688 1.715682
1.000000 0.800000 0.793514 0.151424 1.684243
1.050000 0.800000 0.787710 0.148014 1.652561
1.100000 0.800000 0.781752 0.144557 1.620652
1.150000 0.800000 0.775657 0.141130 1.588537
1.200000 0.800000 0.769460 0.137797 1.556235
1.250000 0.800000 0.763208 0.134608 1.523757
1.300000 0.800000 0.756960 0.131606 1.491108
1.350000 0.800000 0.750780 0.128832 1.458280
1.400000 0.800000 0.744741 0.126318 1.425253
1.450000 0.800000 0.738913 0.124099 1.391992
1.500000 0.800000 0.733367 0.122199 1.358458
1.550000 0.800000 0.728158 0.120625 1.324576
1.600000 0.800000 0.723324 0.119340 1.290345
1.650000 0.800000 0.718845 0.118217 1.255588
1.700000 0.800000 0.714677 0.116943 1.220643
1.750000 0.800000 0.710571 0.114867 1.184749
1.800000 0.800000 0.706462 0.110688 1.150217
1.850000 0.800000 0.701554 0.102131 1.112402
1.900000 0.800000 0.696880 0.085071 1.084210
1.950000 0.800000 0.690345 0.053929 1.038038
2.000000 0.800000 0.690345 0.000000 1.038038

0.000000 0.850000 1.000000 0.000000 3.046020
0.050000 0.850000 0.992164 -0.033901 3.046020
0.100000 0.850000 0.973460 -0.010828 2.831781
0.150000 0.850000 0.931490 0.023343 2.710959
0.200000 0.850000 0.887343 0.060974 2.576439
0.250000 0.850000 0.843590 0.094050 2.480693
0.300000 0.850000 0.805394 0.121362 2.400158
0.350000 0.850000 0.773206 0.142769 2.337279
0.400000 0.850000 0.747132 0.159028 2.285070
0.450000 0.850000 0.726382 0.170970 2.240992
0.500000 0.850000 0.710087 0.179394 2.202074
0.550000 0.850000 0.697329 0.184984 2.166512
0.600000 0.850000 0.687291 0.188308 2.132898
0.650000 0.850000 0.679270 0.189833 2.100300
0.700000 0.850000 0.672686 0.189944 2.068076
0.750000 0.850000 0.667079 0.188952 2.035817
0.800000 0.850000 0.662091 0.187115 2.003274
0.850000 0.850000 0.657451 0.184642 1.970312
0.900000 0.850000 0.652966 0.181706 1.936875
0.950000 0.850000 0.648499 0.178445 1.902959
1.000000 0.850000 0.643967 0.174970 1.868593
1.050000 0.850000 0.639321 0.171373 1.833819
1.100000 0.850000 0.634547 0.167723 1.798691
1.150000 0.850000 0.629654 0.164078 1.763257
1.200000 0.850000 0.624671 0.160485 1.727559
1.250000 0.850000 0.619640 0.156982 1.691626
1.300000 0.850000 0.614619 0.153601 1.655470
1.350000 0.850000 0.609675 0.150372 1.619083
1.400000 0.850000 0.604885 0.147324 1.582430
1.450000 0.850000 0.600332 0.144486 1.545440
1.500000 0.850000 0.596107 0.141884 1.508012
1.550000 0.850000 0.592294 0.139534 1.469964
1.600000 0.850000 0.588977 0.137425 1.431124
1.650000 0.850000 0.586184 0.135474 1.391046
1.700000 0.850000 0.583930 0.133444 1.349701
1.750000 0.850000 0.581982 0.130778 1.305689
1.800000 0.850000 0.580256 0.126271 1.260911
1.850000 0.850000 0.577618 0.117569 1.208900
1.900000 0.850000 0.574961 0.100042 1.165263
1.950000 0.850000 0.568256 0.066003 1.090986
2.000000 0.850000 0.568256 0.000000 1.090986

0.000000 0.900000 1.000000 0.000000 2.671410
0.050000 0.900000 0.928137 -0.068572 2.671410
0.100000 0.900000 0.864212 -0.024060 2.267497
0.150000 0.900000 0.779645 0.021176 2.138258
0.200000 0.900000 0.712014 0.059613 1.995139
0.250000 0.900000 0.655092 0.087844 1.909370
0.300000 0.900000 0.610864 0.108256 1.839760
0.350000 0.900000 0.576459 0.122727 1.788645
0.400000 0.900000 0.550256 0.132863 1.747282
0.450000 0.900000 0.530384 0.139799 1.713164
0.500000 0.900000 0.515409 0.144343 1.683377
0.550000 0.900000 0.504115 0.147076 1.656334
0.600000 0.900000 0.495545 0.148418 1.630815
0.650000 0.900000 0.488943 0.148687 1.606051
0.700000 0.900000 0.483719 0.148123 1.581524
0.750000 0.900000 0.479423 0.146919 1.556911
0.800000 0.900000 0.475713 0.145225 1.532022
0.850000 0.900000 0.472339 0.143163 1.506759
0.900000 0.900000 0.469121 0.140831 1.481087
0.950000 0.900000 0.465935 0.138309 1.455010
1.000000 0.900000 0.462704 0.135661 1.428559
1.050000 0.900000 0.459385 0.132937 1.401774
1.100000 0.900000 0.455962 0.130180 1.374701
1.150000 0.900000 0.452441 0.127422 1.347384
1.200000 0.900000 0.448845 0.124689 1.319859
1.250000 0.900000 0.445212 0.122003 1.292152
1.300000 0.900000 0.441591 0.119384 1.264273
1.350000 0.900000 0.438040 0.116850 1.236217
1.400000 0.900000 0.434630 0.114421 1.207957
1.450000 0.900000 0.431442 0.112117 1.179434
1.500000 0.900000 0.428568 0.109965 1.150570
1.550000 0.900000 0.426106 0.107987 1.121218
1.600000 0.900000 0.424166 0.106201 1.091255
1.650000 0.900000 0.422823 0.104592 1.060326
1.700000 0.900000 0.422156 0.103058 1.028515
1.750000 0.900000 0.421998 0.101276 0.994670
1.800000 0.900000 0.422295 0.098414 0.960976
1.850000 0.900000 0.421741 0.092562 0.921753
1.900000 0.900000 0.420750 0.079347 0.892651
1.950000 0.900000 0.414958 0.052140 0.843530
2.000000 0.900000 0.414958 0.000000 0.843530

0.000000 0.950000 1.000000 0.000000 4.776757
0.050000 0.950000 0.724039 0.185725 4.776757
0.100000 0.950000 0.616009 0.234469 3.844148
0.150000 0.950000 0.508202 0.254658 3.555909
0.200000 0.950000 0.439449 0.263281 3.301157
0.250000 0.950000 0.388133 0.268772 3.162064
0.300000 0.950000 0.352290 0.272001 3.061693
0.350000 0.950000 0.326401 0.273873 2.992933
0.400000 0.950000 0.307889 0.274605 2.939689
0.450000 0.950000 0.294545 0.274437 2.896028
0.500000 0.950000 0.284934 0.273504 2.857107
0.550000 0.950000 0.277979 0.271923 2.820367
0.600000 0.950000 0.272909 0.269781 2.784121
0.650000 0.950000 0.269150 0.267157 2.747418
0.700000 0.950000 0.266281 0.264120 2.709711
0.750000 0.950000 0.263989 0.260732 2.670745
0.800000 0.950000 0.262047 0.257049 2.630440
0.850000 0.950000 0.260291 0.253126 2.588832
0.900000 0.950000 0.258606 0.249007 2.546024
0.950000 0.950000 0.256918 0.244735 2.502160
1.000000 0.950000 0.255179 0.240348 2.457397
1.050000 0.950000 0.253365 0.235875 2.411894
1.100000 0.950000 0.251471 0.231344 2.365799
1.150000 0.950000 0.249504 0.226777 2.319242
1.200000 0.950000 0.247481 0.222193 2.272331
1.250000 0.950000 0.245428 0.217605 2.225145
1.300000 0.950000 0.243380 0.213026 2.177733
1.350000 0.950000 0.241379 0.208465 2.130103
1.400000 0.950000 0.239476 0.203928 2.082217
1.450000 0.950000 0.237735 0.199418 2.033965
1.500000 0.950000 0.236235 0.194939 1.985150
1.550000 0.950000 0.235071 0.190482 1.935402
1.600000 0.950000 0.234372 0.186030 1.884189
1.650000 0.950000 0.234275 0.181526 1.830441
1.700000 0.950000 0.234980 0.176856 1.772996
1.750000 0.950000 0.236542 0.171688 1.708517
1.800000 0.950000 0.239246 0.165387 1.636169
1.850000 0.950000 0.241888 0.155987 1.542732
1.900000 0.950000 0.245457 0.139368 1.446570
1.950000 0.950000 0.238389 0.101119 1.266638
2.000000 0.950000 0.238389 0.000000 1.266638

0.000000 1.000000 0.000000 0.000000 0.000000
0.050000 1.000000 0.000000 0.000000 0.000000
0.100000 1.000000 0.000000 0.000000 0.000000
0.150000 1.000000 0.000000 0.000000 0.000000
0.200000 1.000000 0.000000 0.000000 0.000000
0.250000 1.000000 0.000000 0.000000 0.000000
0.300000 1.000000 0.000000 0.000000 0.000000
0.350000 1.000000 0.000000 0.000000 0.000000
0.400000 1.000000 0.000000 0.000000 0.000000
0.450000 1.000000 0.000000 0.000000 0.000000
0.500000 1.000000 0.000000 0.000000 0.000000
0.550000 1.000000 0.000000 0.000000 0.000000
0.600000 1.000000 0.000000 0.000000 0.000000
0.650000 1.000000 0.000000 0.000000 0.000000
0.700000 1.000000 0.000000 0.000000 0.000000
0.750000 1.000000 0.000000 0.000000 0.000000
0.800000 1.000000 0.000000 0.000000 0.000000
0.850000 1.000000 0.000000 0.000000 0.000000
0.900000 1.000000 0.000000 0.000000 0.000000
0.950000 1.000000 0.000000 0.000000 0.000000
1.000000 1.000000 0.000000 0.000000 0.000000
1.050000 1.000000 0.000000 0.000000 0.000000
1.100000 1.000000 0.000000 0.000000 0.000000
1.150000 1.000000 0.000000 0.000000 0.000000
1.200000 1.000000 0.000000 0.000000 0.000000
1.250000 1.000000 0.000000 0.000000 0.000000
1.300000 1.000000 0.000000 0.000000 0.000000
1.350000 1.000000 0.000000 0.000000 0.000000
1.400000 1.000000 0.000000 0.000000 0.000000
1.450000 1.000000 0.000000 0.000000 0.000000
1.500000 1.000000 0.000000 0.000000 0.000000
1.550000 1.000000 0.000000 0.000000 0.000000
1.600000 1.000000 0.000000 0.000000 0.000000
1.650000 1.000000 0.000000 0.000000 0.000000
1.700000 1.000000 0.000000 0.000000 0.000000
1.750000 1.000000 0.000000 0.000000 0.000000
1.800000 1.000000 0.000000 0.000000 0.000000
1.850000 1.000000 0.000000 0.000000 0.000000
1.900000 1.000000 0.000000 0.000000 0.000000
1.950000 1.000000 0.000000 0.000000 0.000000
2.000000 1.000000 0.000000 0.000000 0.000000

