0.000000 0.000000 0.000000 0.000000 5.196240
0.050000 0.000000 0.000000 0.000000 5.196240
0.100000 0.000000 0.000000 0.000000 3.731144
0.150000 0.000000 0.000000 0.000000 3.241369
0.200000 0.000000 0.000000 0.000000 2.805665
0.250000 0.000000 0.000000 0.000000 2.568905
0.300000 0.000000 0.000000 0.000000 2.395782
0.350000 0.000000 0.000000 0.000000 2.278169
0.400000 0.000000 0.000000 0.000000 2.187988
0.450000 0.000000 0.000000 0.000000 2.117086
0.500000 0.000000 0.000000 0.000000 2.057869
0.550000 0.000000 0.000000 0.000000 2.006777
0.600000 0.000000 0.000000 0.000000 1.961223
0.650000 0.000000 0.000000 0.000000 1.919673
0.700000 0.000000 0.000000 0.000000 1.881048
0.750000 0.000000 0.000000 0.000000 1.844618
0.800000 0.000000 0.000000 0.000000 1.809855
0.850000 0.000000 0.000000 0.000000 1.776376
0.900000 0.000000 0.000000 0.000000 1.743893
0.950000 0.000000 0.000000 0.000000 1.712187
1.000000 0.000000 0.000000 0.000000 1.681090
1.050000 0.000000 0.000000 0.000000 1.650473
1.100000 0.000000 0.000000 0.000000 1.620234
1.150000 0.000000 0.000000 0.000000 1.590298
1.200000 0.000000 0.000000 0.000000 1.560609
1.250000 0.000000 0.000000 0.000000 1.531128
1.300000 0.000000 0.000000 0.000000 1.501831
1.350000 0.000000 0.000000 0.000000 1.472711
1.400000 0.000000 0.000000 0.000000 1.443780
1.450000 0.000000 0.000000 0.000000 1.415063
1.500000 0.000000 0.000000 0.000000 1.386617
1.550000 0.000000 0.000000 0.000000 1.358510
1.600000 0.000000 0.000000 0.000000 1.330883
1.650000 0.000000 0.000000 0.000000 1.303842
1.700000 0.000000 0.000000 0.000000 1.277750
1.750000 0.000000 0.000000 0.000000 1.252581
1.800000 0.000000 0.000000 0.000000 1.229519
1.850000 0.000000 0.000000 0.000000 1.207157
1.900000 0.000000 0.000000 0.000000 1.190563
1.950000 0.000000 0.000000 0.000000 1.169534
2.000000 0.000000 0.000000 0.000000 1.169534

0.000000 0.050000 1.000000 0.000000 5.196240
0.050000 0.050000 0.766290 0.138762 5.196240
0.100000 0.050000 0.689907 0.130930 3.731144
0.150000 0.050000 0.574357 0.104770 3.241369
0.200000 0.050000 0.495598 0.075942 2.805665
0.250000 0.050000 0.430686 0.054160 2.568905
0.300000 0.050000 0.382679 0.038688 2.395782
0.350000 0.050000 0.345499 0.028178 2.278169
0.400000 0.050000 0.316908 0.021025 2.187988
0.450000 0.050000 0.294396 0.016101 2.117086
0.500000 0.050000 0.276452 0.012633 2.057869
0.550000 0.050000 0.261897 0.010130 2.006777
0.600000 0.050000 0.249922 0.008277 1.961223
0.650000 0.050000 0.239931 0.006875 1.919673
0.700000 0.050000 0.231491 0.005791 1.881048
0.750000 0.050000 0.224279 0.004940 1.844618
0.800000 0.050000 0.218051 0.004261 1.809855
0.850000 0.050000 0.212620 0.003712 1.776376
0.900000 0.050000 0.207842 0.003265 1.743893
0.950000 0.050000 0.203602 0.002897 1.712187
1.000000 0.050000 0.199808 0.002593 1.681090
1.050000 0.050000 0.196385 0.002342 1.650473
1.100000 0.050000 0.193270 0.002135 1.620234
1.150000 0.050000 0.190409 0.001965 1.590298
1.200000 0.050000 0.187756 0.001829 1.560609
1.250000 0.050000 0.185270 0.001724 1.531128
1.300000 0.050000 0.182911 0.001646 1.501831
1.350000 0.050000 0.180644 0.001595 1.472711
1.400000 0.050000 0.178435 0.001571 1.443780
1.450000 0.050000 0.176249 0.001574 1.415063
1.500000 0.050000 0.174053 0.001604 1.386617
1.550000 0.050000 0.171812 0.001661 1.358510
1.600000 0.050000 0.169497 0.001746 1.330883
1.650000 0.050000 0.167075 0.001855 1.303842
1.700000 0.050000 0.164536 0.001981 1.277750
1.750000 0.050000 0.161847 0.002106 1.252581
1.800000 0.050000 0.159107 0.002192 1.229519
1.850000 0.050000 0.156231 0.002186 1.207157
1.900000 0.050000 0.153794 0.001939 1.190563
1.950000 0.050000 0.151195 0.001374 1.169534
2.000000 0.050000 0.151195 0.000000 1.169534

0.000000 0.100000 1.000000 0.000000 4.094007
0.050000 0.100000 0.972599 0.211355 4.094007
0.100000 0.100000 0.949078 0.220698 3.469716
0.150000 0.100000 0.877459 0.193607 3.175069
0.200000 0.100000 0.808533 0.153285 2.856493
0.250000 0.100000 0.739682 0.118302 2.646968
0.300000 0.100000 0.680066 0.090448 2.476771
0.350000 0.100000 0.628905 0.069626 2.350356
0.400000 0.100000 0.586266 0.054241 2.249323
0.450000 0.100000 0.550752 0.042906 2.168110
0.500000 0.100000 0.521205 0.034477 2.100168
0.550000 0.100000 0.496472 0.028131 2.041973
0.600000 0.100000 0.475623 0.023286 1.990738
0.650000 0.100000 0.457895 0.019532 1.944659
0.700000 0.100000 0.442686 0.016583 1.902411
0.750000 0.100000 0.429522 0.014236 1.863065
0.800000 0.100000 0.418031 0.012346 1.825936
0.850000 0.100000 0.407917 0.010808 1.790521
0.900000 0.100000 0.398944 0.009546 1.756442
0.950000 0.100000 0.390923 0.008504 1.723413
1.000000 0.100000 0.383699 0.007638 1.691214
1.050000 0.100000 0.377144 0.006919 1.659676
1.100000 0.100000 0.371149 0.006323 1.628671
1.150000 0.100000 0.365622 0.005834 1.598100
1.200000 0.100000 0.360480 0.005438 1.567891
1.250000 0.100000 0.355650 0.005126 1.537991
1.300000 0.100000 0.351065 0.004894 1.508370
1.350000 0.100000 0.346662 0.004736 1.479013
1.400000 0.100000 0.342382 0.004650 1.449924
1.450000 0.100000 0.338167 0.004636 1.421123
1.500000 0.100000 0.333964 0.004693 1.392656
1.550000 0.100000 0.329720 0.004819 1.364579
1.600000 0.100000 0.325392 0.005008 1.337011
1.650000 0.100000 0.320940 0.005249 1.310014
1.700000 0.100000 0.316364 0.005513 1.283911
1.750000 0.100000 0.311647 0.005753 1.258531
1.800000 0.100000 0.306954 0.005867 1.235057
1.850000 0.100000 0.302235 0.005718 1.211565
1.900000 0.100000 0.298314 0.004983 1.193780
1.950000 0.100000 0.294448 0.003413 1.169123
2.000000 0.100000 0.294447 0.000000 1.169123

0.000000 0.150000 1.000000 0.000000 3.566148
0.050000 0.150000 1.027434 0.188892 3.566148
0.100000 0.150000 1.044050 0.241020 3.250264
0.150000 0.150000 1.022484 0.241261 3.036848
0.200000 0.150000 0.985486 0.213416 2.799673
0.250000 0.150000 0.937328 0.179825 2.623516
0.300000 0.150000 0.888022 0.147618 2.474071
0.350000 0.150000 0.840708 0.120175 2.356735
0.400000 0.150000 0.797745 0.097809 2.260027
0.450000 0.150000 0.759572 0.080033 2.180183
0.500000 0.150000 0.726132 0.066020 2.112290
0.550000 0.150000 0.696969 0.054986 2.053478
0.600000 0.150000 0.671548 0.046263 2.001377
0.650000 0.150000 0.649329 0.039321 1.954367
0.700000 0.150000 0.629824 0.033751 1.911221
0.750000 0.150000 0.612612 0.029244 1.871049
0.800000 0.150000 0.597335 0.025565 1.833181
0.850000 0.150000 0.583695 0.022537 1.797113
0.900000 0.150000 0.571444 0.020028 1.762460
0.950000 0.150000 0.560374 0.017938 1.728929
1.000000 0.150000 0.550309 0.016190 1.696291
1.050000 0.150000 0.541102 0.014727 1.664370
1.100000 0.150000 0.532624 0.013507 1.633029
1.150000 0.150000 0.524761 0.012497 1.602166
1.200000 0.150000 0.517413 0.011673 1.571702
1.250000 0.150000 0.510489 0.011017 1.541581
1.300000 0.150000 0.503905 0.010518 1.511767
1.350000 0.150000 0.497582 0.010166 1.482241
1.400000 0.150000 0.491447 0.009955 1.453001
1.450000 0.150000 0.485428 0.009881 1.424060
1.500000 0.150000 0.479463 0.009939 1.395456
1.550000 0.150000 0.473490 0.010120 1.367228
1.600000 0.150000 0.467466 0.010406 1.339481
1.650000 0.150000 0.461354 0.010766 1.312243
1.700000 0.150000 0.455169 0.011136 1.285815
1.750000 0.150000 0.448917 0.011415 1.259946
1.800000 0.150000 0.442811 0.011415 1.235848
1.850000 0.150000 0.436837 0.010865 1.211319
1.900000 0.150000 0.431955 0.009263 1.192583
1.950000 0.150000 0.427358 0.006073 1.165563
2.000000 0.150000 0.427357 0.000000 1.165563

0.000000 0.200000 1.000000 0.000000 3.137496
0.050000 0.200000 1.033388 0.158978 3.137496
0.100000 0.200000 1.064999 0.229242 3.015117
0.150000 0.200000 1.076761 0.250687 2.886334
0.200000 0.200000 1.070918 0.240160 2.729178
0.250000 0.200000 1.049921 0.216349 2.593346
0.300000 0.200000 1.020749 0.188047 2.469197
0.350000 0.200000 0.987487 0.160573 2.364063
0.400000 0.200000 0.953505 0.135993 2.273313
0.450000 0.200000 0.920583 0.114998 2.195572
0.500000 0.200000 0.889734 0.097478 2.127930
0.550000 0.200000 0.861346 0.083038 2.068431
0.600000 0.200000 0.835493 0.071192 2.015264
0.650000 0.200000 0.812063 0.061477 1.967078
0.700000 0.200000 0.790862 0.053485 1.922784
0.750000 0.200000 0.771666 0.046883 1.881549
0.800000 0.200000 0.754252 0.041398 1.842725
0.850000 0.200000 0.738411 0.036817 1.805809
0.900000 0.200000 0.723950 0.032971 1.770409
0.950000 0.200000 0.710701 0.029729 1.736221
1.000000 0.200000 0.698510 0.026991 1.703005
1.050000 0.200000 0.687242 0.024678 1.670575
1.100000 0.200000 0.676773 0.022732 1.638786
1.150000 0.200000 0.666994 0.021106 1.607526
1.200000 0.200000 0.657802 0.019766 1.576711
1.250000 0.200000 0.649102 0.018688 1.546279
1.300000 0.200000 0.640806 0.017851 1.516188
1.350000 0.200000 0.632830 0.017243 1.486412
1.400000 0.200000 0.625096 0.016852 1.456944
1.450000 0.200000 0.617531 0.016668 1.427786
1.500000 0.200000 0.610066 0.016679 1.398963
1.550000 0.200000 0.602645 0.016865 1.370500
1.600000 0.200000 0.595227 0.017192 1.342477
1.650000 0.200000 0.587784 0.017601 1.314889
1.700000 0.200000 0.580348 0.017990 1.288005
1.750000 0.200000 0.572944 0.018192 1.261497
1.800000 0.200000 0.565820 0.017927 1.236591
1.850000 0.200000 0.558976 0.016789 1.210829
1.900000 0.200000 0.553453 0.014090 1.190927
1.950000 0.200000 0.548355 0.009021 1.161434
2.000000 0.200000 0.548354 0.000000 1.161434

0.000000 0.250000 1.000000 0.000000 2.879632
0.050000 0.250000 1.028250 0.125915 2.879632
0.100000 0.250000 1.062240 0.199877 2.840375
0.150000 0.250000 1.090295 0.235112 2.758059
0.200000 0.250000 1.105386 0.240760 2.651654
0.250000 0.250000 1.106854 0.229688 2.547021
0.300000 0.250000 1.097838 0.209911 2.445688
0.350000 0.250000 1.081376 0.187151 2.354322
0.400000 0.250000 1.060476 0.164505 2.272166
0.450000 0.250000 1.037284 0.143609 2.199292
0.500000 0.250000 1.013343 0.125099 2.134314
0.550000 0.250000 0.989624 0.109094 2.076095
0.600000 0.250000 0.966719 0.095437 2.023409
0.650000 0.250000 0.944942 0.083861 1.975242
0.700000 0.250000 0.924441 0.074072 1.930719
0.750000 0.250000 0.905252 0.065789 1.889128
0.800000 0.250000 0.887351 0.058765 1.849893
0.850000 0.250000 0.870673 0.052791 1.812551
0.900000 0.250000 0.855138 0.047696 1.776731
0.950000 0.250000 0.840655 0.043341 1.742138
1.000000 0.250000 0.827130 0.039616 1.708539
1.050000 0.250000 0.814469 0.036434 1.675748
1.100000 0.250000 0.802580 0.033728 1.643619
1.150000 0.250000 0.791374 0.031444 1.612039
1.200000 0.250000 0.780763 0.029542 1.580921
1.250000 0.250000 0.770665 0.027991 1.550199
1.300000 0.250000 0.760998 0.026768 1.519828
1.350000 0.250000 0.751683 0.025855 1.489779
1.400000 0.250000 0.742646 0.025235 1.460035
1.450000 0.250000 0.733818 0.024892 1.430593
1.500000 0.250000 0.725136 0.024805 1.401468
1.550000 0.250000 0.716547 0.024940 1.372669
1.600000 0.250000 0.708019 0.025244 1.344258
1.650000 0.250000 0.699534 0.025627 1.316206
1.700000 0.250000 0.691138 0.025941 1.288763
1.750000 0.250000 0.682867 0.025951 1.261544
1.800000 0.250000 0.674991 0.025285 1.235804
1.850000 0.250000 0.667514 0.023395 1.208892
1.900000 0.250000 0.661527 0.019414 1.187946
1.950000 0.250000 0.656053 0.012250 1.156388
2.000000 0.250000 0.656052 0.000000 1.156388

0.000000 0.300000 1.000000 0.000000 2.701153
0.050000 0.300000 1.021758 0.098373 2.701153
0.100000 0.300000 1.052798 0.166918 2.700448
0.150000 0.300000 1.086501 0.207433 2.650057
0.200000 0.300000 1.113206 0.223895 2.579670
0.250000 0.300000 1.130133 0.223981 2.500728
0.300000 0.300000 1.137341 0.213723 2.419305
0.350000 0.300000 1.136211 0.198058 2.341127
0.400000 0.300000 1.128701 0.180213 2.267750
0.450000 0.300000 1.116623 0.162228 2.200290
0.500000 0.300000 1.101535 0.145221 2.138559
0.550000 0.300000 1.084630 0.129730 2.082147
0.600000 0.300000 1.066797 0.115932 2.030378
0.650000 0.300000 1.048662 0.103802 1.982577
0.700000 0.300000 1.030657 0.093215 1.938092
0.750000 0.300000 1.013063 0.084007 1.896351
0.800000 0.300000 0.996058 0.076006 1.856859
0.850000 0.300000 0.979744 0.069054 1.819204
0.900000 0.300000 0.964168 0.063011 1.783046
0.950000 0.300000 0.949343 0.057756 1.748105
1.000000 0.300000 0.935254 0.053194 1.714156
1.050000 0.300000 0.921868 0.049243 1.681020
1.100000 0.300000 0.909141 0.045840 1.648552
1.150000 0.300000 0.897019 0.042934 1.616638
1.200000 0.300000 0.885443 0.040486 1.585191
1.250000 0.300000 0.874352 0.038464 1.554144
1.300000 0.300000 0.863680 0.036843 1.523449
1.350000 0.300000 0.853363 0.035604 1.493071
1.400000 0.300000 0.843339 0.034726 1.462992
1.450000 0.300000 0.833546 0.034188 1.433200
1.500000 0.300000 0.823931 0.033958 1.403701
1.550000 0.300000 0.814450 0.033991 1.374492
1.600000 0.300000 0.805079 0.034211 1.345625
1.650000 0.300000 0.795810 0.034496 1.317048
1.700000 0.300000 0.786695 0.034652 1.288999
1.750000 0.300000 0.777781 0.034378 1.261050
1.800000 0.300000 0.769349 0.033206 1.234486
1.850000 0.300000 0.761399 0.030453 1.206496
1.900000 0.300000 0.755058 0.025069 1.184586
1.950000 0.300000 0.749279 0.015674 1.151192
2.000000 0.300000 0.749278 0.000000 1.151192

0.000000 0.350000 1.000000 0.000000 2.583548
0.050000 0.350000 1.016607 0.075538 2.583548
0.100000 0.350000 1.043470 0.134683 2.597831
0.150000 0.350000 1.077425 0.174918 2.565942
0.200000 0.350000 1.109214 0.197232 2.517873
0.250000 0.350000 1.135210 0.205570 2.457191
0.300000 0.350000 1.153605 0.203861 2.391080
0.350000 0.350000 1.164327 0.195777 2.324126
0.400000 0.350000 1.168194 0.184082 2.258881
0.450000 0.350000 1.166373 0.170756 2.196971
0.500000 0.350000 1.160105 0.157077 2.138951
0.550000 0.350000 1.150519 0.143817 2.084926
0.600000 0.350000 1.138579 0.131392 2.034646
0.650000 0.350000 1.125064 0.119991 1.987726
0.700000 0.350000 1.110584 0.109663 1.943721
0.750000 0.350000 1.095602 0.100381 1.902194
0.800000 0.350000 1.080460 0.092079 1.862742
0.850000 0.350000 1.065406 0.084677 1.825011
0.900000 0.350000 1.050611 0.078093 1.788699
0.950000 0.350000 1.036188 0.072253 1.753551
1.000000 0.350000 1.022205 0.067089 1.719359
1.050000 0.350000 1.008698 0.062546 1.685952
1.100000 0.350000 0.995675 0.058576 1.653192
1.150000 0.350000 0.983126 0.055140 1.620970
1.200000 0.350000 0.971028 0.052208 1.589200
1.250000 0.350000 0.959347 0.049754 1.557817
1.300000 0.350000 0.948042 0.047756 1.526772
1.350000 0.350000 0.937067 0.046195 1.496028
1.400000 0.350000 0.926375 0.045051 1.465563
1.450000 0.350000 0.915918 0.044298 1.435364
1.500000 0.350000 0.905656 0.043898 1.405429
1.550000 0.350000 0.895553 0.043791 1.375751
1.600000 0.350000 0.885592 0.043880 1.346373
1.650000 0.350000 0.875772 0.044014 1.317232
1.700000 0.350000 0.866152 0.043952 1.288560
1.750000 0.350000 0.856779 0.043328 1.259904
1.800000 0.350000 0.847941 0.041579 1.232580
1.850000 0.350000 0.839630 0.037888 1.203645
1.900000 0.350000 0.833009 0.031014 1.180919
1.950000 0.350000 0.826975 0.019278 1.145969
2.000000 0.350000 0.826974 0.000000 1.145969

0.000000 0.400000 1.000000 0.000000 2.502413
0.050000 0.400000 1.013016 0.056946 2.502413
0.100000 0.400000 1.036035 0.105353 2.521681
0.150000 0.400000 1.068024 0.141869 2.500926
0.200000 0.400000 1.101063 0.166096 2.466885
0.250000 0.400000 1.131471 0.179629 2.419069
0.300000 0.400000 1.156545 0.184646 2.364370
0.350000 0.400000 1.175245 0.183499 2.306425
0.400000 0.400000 1.187483 0.178195 2.248117
0.450000 0.400000 1.193778 0.170338 2.191284
0.500000 0.400000 1.194950 0.161093 2.136906
0.550000 0.400000 1.191914 0.151269 2.085427
0.600000 0.400000 1.185560 0.141397 2.036896
0.650000 0.400000 1.176688 0.131804 1.991150
0.700000 0.400000 1.165980 0.122683 1.947911
0.750000 0.400000 1.154000 0.114135 1.906857
0.800000 0.400000 1.141197 0.106205 1.867669
0.850000 0.400000 1.127919 0.098906 1.830049
0.900000 0.400000 1.114434 0.092230 1.793734
0.950000 0.400000 1.100936 0.086163 1.758497
1.000000 0.400000 1.087567 0.080685 1.724149
1.050000 0.400000 1.074420 0.075774 1.690534
1.100000 0.400000 1.061556 0.071411 1.657522
1.150000 0.400000 1.049009 0.067580 1.625013
1.200000 0.400000 1.036788 0.064264 1.592925
1.250000 0.400000 1.024892 0.061449 1.561196
1.300000 0.400000 1.013303 0.059122 1.529777
1.350000 0.400000 1.001999 0.057270 1.498635
1.400000 0.400000 0.990950 0.055873 1.467746
1.450000 0.400000 0.980124 0.054905 1.437094
1.500000 0.400000 0.969491 0.054322 1.406679
1.550000 0.400000 0.959026 0.054054 1.376489
1.600000 0.400000 0.948719 0.053987 1.346566
1.650000 0.400000 0.938570 0.053940 1.316845
1.700000 0.400000 0.928639 0.053629 1.287562
1.750000 0.400000 0.918972 0.052622 1.258243
1.800000 0.400000 0.909858 0.050263 1.230246
1.850000 0.400000 0.901282 0.045596 1.200508
1.900000 0.400000 0.894439 0.037181 1.177121
1.950000 0.400000 0.888187 0.023026 1.140868
2.000000 0.400000 0.888186 0.000000 1.140868

0.000000 0.450000 1.000000 0.000000 2.448174
0.050000 0.450000 1.010728 0.041362 2.448174
0.100000 0.450000 1.030793 0.079017 2.468126
0.150000 0.450000 1.060291 0.110120 2.453366
0.200000 0.450000 1.092592 0.133758 2.427287
0.250000 0.450000 1.124305 0.150138 2.387638
0.300000 0.450000 1.152469 0.160115 2.340654
0.350000 0.450000 1.175556 0.164864 2.289295
0.400000 0.450000 1.192918 0.165571 2.236423
0.450000 0.450000 1.204598 0.163307 2.183889
0.500000 0.450000 1.211051 0.158957 2.132847
0.550000 0.450000 1.212953 0.153221 2.083908
0.600000 0.450000 1.211053 0.146632 2.037287
0.650000 0.450000 1.206091 0.139584 1.992958
0.700000 0.450000 1.198742 0.132363 1.950753
0.750000 0.450000 1.189592 0.125177 1.910437
0.800000 0.450000 1.179135 0.118172 1.871751
0.850000 0.450000 1.167772 0.111452 1.834449
0.900000 0.450000 1.155823 0.105088 1.798304
0.950000 0.450000 1.143535 0.099132 1.763118
1.000000 0.450000 1.131097 0.093617 1.728723
1.050000 0.450000 1.118647 0.088568 1.694979
1.100000 0.450000 1.106285 0.083999 1.661772
1.150000 0.450000 1.094078 0.079920 1.629010
1.200000 0.450000 1.082068 0.076336 1.596619
1.250000 0.450000 1.070280 0.073249 1.564543
1.300000 0.450000 1.058721 0.070659 1.532738
1.350000 0.450000 1.047388 0.068559 1.501172
1.400000 0.450000 1.036270 0.066937 1.469825
1.450000 0.450000 1.025352 0.065767 1.438681
1.500000 0.450000 1.014613 0.065005 1.407743
1.550000 0.450000 1.004038 0.064572 1.376999
1.600000 0.450000 0.993619 0.064342 1.346498
1.650000 0.450000 0.983357 0.064107 1.316176
1.700000 0.450000 0.973308 0.063542 1.286281
1.750000 0.450000 0.963508 0.062152 1.256331
1.800000 0.450000 0.954244 0.059183 1.227728
1.850000 0.450000 0.945493 0.053535 1.197301
1.900000 0.450000 0.938483 0.043552 1.173388
1.950000 0.450000 0.932045 0.026914 1.136029
2.000000 0.450000 0.932043 0.000000 1.136029

0.000000 0.500000 1.000000 0.000000 2.413070
0.050000 0.500000 1.009464 0.027729 2.413070
0.100000 0.500000 1.027550 0.055128 2.431798
0.150000 0.500000 1.054758 0.080227 2.419536
0.200000 0.500000 1.085359 0.101987 2.397123
0.250000 0.500000 1.116319 0.119751 2.361903
0.300000 0.500000 1.144788 0.133371 2.319492
0.350000 0.500000 1.169133 0.143032 2.272457
0.400000 0.500000 1.188493 0.149134 2.223490
0.450000 0.500000 1.202672 0.152184 2.174347
0.500000 0.500000 1.211902 0.152716 2.126184
0.550000 0.500000 1.216673 0.151244 2.079638
0.600000 0.500000 1.217597 0.148234 2.034977
0.650000 0.500000 1.215316 0.144091 1.992228
0.700000 0.500000 1.210445 0.139157 1.951273
0.750000 0.500000 1.203537 0.133716 1.911923
0.800000 0.500000 1.195071 0.128000 1.873964
0.850000 0.500000 1.185449 0.122193 1.837184
0.900000 0.500000 1.175001 0.116443 1.801388
0.950000 0.500000 1.163989 0.110865 1.766403
1.000000 0.500000 1.152623 0.105549 1.732084
1.050000 0.500000 1.141061 0.100562 1.698312
1.100000 0.500000 1.129424 0.095957 1.664987
1.150000 0.500000 1.117803 0.091773 1.632029
1.200000 0.500000 1.106261 0.088039 1.599377
1.250000 0.500000 1.094843 0.084774 1.566982
1.300000 0.500000 1.083576 0.081992 1.534806
1.350000 0.500000 1.072477 0.079698 1.502821
1.400000 0.500000 1.061550 0.077888 1.471012
1.450000 0.500000 1.050792 0.076541 1.439367
1.500000 0.500000 1.040197 0.075614 1.407892
1.550000 0.500000 1.029753 0.075029 1.376582
1.600000 0.500000 1.019454 0.074646 1.345493
1.650000 0.500000 1.009295 0.074239 1.314568
1.700000 0.500000 0.999324 0.073445 1.284080
1.750000 0.500000 0.989562 0.071706 1.253543
1.800000 0.500000 0.980285 0.068167 1.224416
1.850000 0.500000 0.971457 0.061574 1.193425
1.900000 0.500000 0.964339 0.050037 1.169147
1.950000 0.500000 0.957747 0.030888 1.130921
2.000000 0.500000 0.957745 0.000000 1.130921

0.000000 0.550000 1.000000 0.000000 2.396508
0.050000 0.550000 1.009021 0.015315 2.396508
0.100000 0.550000 1.026005 0.033230 2.413223
0.150000 0.550000 1.051291 0.052566 2.400785
0.200000 0.550000 1.079598 0.072214 2.378561
0.250000 0.550000 1.108222 0.090816 2.344505
0.300000 0.550000 1.134655 0.107382 2.303803
0.350000 0.550000 1.157469 0.121246 2.258917
0.400000 0.550000 1.175901 0.132114 2.212303
0.450000 0.550000 1.189753 0.139977 2.165557
0.500000 0.550000 1.199198 0.145032 2.119703
0.550000 0.550000 1.204628 0.147600 2.075290
0.600000 0.550000 1.206548 0.148060 2.032531
0.650000 0.550000 1.205493 0.146805 1.991427
0.700000 0.550000 1.201985 0.144212 1.951855
0.750000 0.550000 1.196498 0.140620 1.913634
0.800000 0.550000 1.189450 0.136327 1.876567
0.850000 0.550000 1.181197 0.131588 1.840463
0.900000 0.550000 1.172037 0.126613 1.805148
0.950000 0.550000 1.162213 0.121574 1.770477
1.000000 0.550000 1.151922 0.116609 1.736325
1.050000 0.550000 1.141321 0.111829 1.702593
1.100000 0.550000 1.130534 0.107318 1.669198
1.150000 0.550000 1.119658 0.103143 1.636078
1.200000 0.550000 1.108768 0.099355 1.603181
1.250000 0.550000 1.097921 0.095992 1.570469
1.300000 0.550000 1.087160 0.093081 1.537912
1.350000 0.550000 1.076514 0.090641 1.505490
1.400000 0.550000 1.066003 0.088675 1.473189
1.450000 0.550000 1.055636 0.087172 1.441002
1.500000 0.550000 1.045415 0.086095 1.408939
1.550000 0.550000 1.035334 0.085366 1.377001
1.600000 0.550000 1.025385 0.084845 1.345254
1.650000 0.550000 1.015556 0.084289 1.313651
1.700000 0.550000 1.005877 0.083305 1.282489
1.750000 0.550000 0.996345 0.081272 1.251283
1.800000 0.550000 0.987219 0.077231 1.221565
1.850000 0.550000 0.978435 0.069759 1.189948
1.900000 0.550000 0.971286 0.056703 1.165281
1.950000 0.550000 0.964571 0.035016 1.126136
2.000000 0.550000 0.964570 0.000000 1.126136

0.000000 0.600000 1.000000 0.000000 2.393064
0.050000 0.600000 1.009342 0.002930 2.393064
0.100000 0.600000 1.025913 0.012161 2.405496
0.150000 0.600000 1.049336 0.026609 2.389867
0.200000 0.600000 1.074525 0.044811 2.364303
0.250000 0.600000 1.099120 0.064528 2.328396
0.300000 0.600000 1.121200 0.083941 2.286878
0.350000 0.600000 1.139812 0.101615 2.242303
0.400000 0.600000 1.154555 0.116679 2.196772
0.450000 0.600000 1.165434 0.128719 2.151643
0.500000 0.600000 1.172689 0.137675 2.107676
0.550000 0.600000 1.176689 0.143731 2.065232
0.600000 0.600000 1.177854 0.147207 2.024379
0.650000 0.600000 1.176607 0.148494 1.985028
0.700000 0.600000 1.173346 0.147995 1.947004
0.750000 0.600000 1.168430 0.146097 1.910104
0.800000 0.600000 1.162176 0.143148 1.874126
0.850000 0.600000 1.154855 0.139456 1.838890
0.900000 0.600000 1.146697 0.135279 1.804241
0.950000 0.600000 1.137894 0.130835 1.770053
1.000000 0.600000 1.128605 0.126297 1.736222
1.050000 0.600000 1.118965 0.121809 1.702671
1.100000 0.600000 1.109081 0.117481 1.669338
1.150000 0.600000 1.099046 0.113402 1.636174
1.200000 0.600000 1.088935 0.109641 1.603143
1.250000 0.600000 1.078809 0.106250 1.570218
1.300000 0.600000 1.068720 0.103270 1.537377
1.350000 0.600000 1.058708 0.100728 1.504605
1.400000 0.600000 1.048805 0.098641 1.471893
1.450000 0.600000 1.039032 0.097006 1.439238
1.500000 0.600000 1.029398 0.095797 1.406653
1.550000 0.600000 1.019902 0.094944 1.374142
1.600000 0.600000 1.010535 0.094308 1.341784
1.650000 0.600000 1.001271 0.093645 1.309538
1.700000 0.600000 0.992120 0.092535 1.277740
1.750000 0.600000 0.983043 0.090306 1.245901
1.800000 0.600000 0.974267 0.085887 1.215663
1.850000 0.600000 0.965680 0.077675 1.183517
1.900000 0.600000 0.958596 0.063219 1.158647
1.950000 0.600000 0.951803 0.039078 1.118893
2.000000 0.600000 0.951802 0.000000 1.118893

0.000000 0.650000 1.000000 0.000000 2.417854
0.050000 0.650000 1.010256 -0.008959 2.417854
0.100000 0.650000 1.026671 -0.006801 2.424093
0.150000 0.650000 1.047582 0.004540 2.402430
0.200000 0.650000 1.068101 0.022845 2.369722
0.250000 0.650000 1.086399 0.044604 2.328807
0.300000 0.650000 1.101506 0.067130 2.283787
0.350000 0.650000 1.113209 0.088320 2.237561
0.400000 0.650000 1.121681 0.106911 2.191708
0.450000 0.650000 1.127242 0.122251 2.147261
0.500000 0.650000 1.130268 0.134176 2.104579
0.550000 0.650000 1.131114 0.142827 2.063731
0.600000 0.650000 1.130104 0.148528 2.024563
0.650000 0.650000 1.127520 0.151695 1.986836
0.700000 0.650000 1.123605 0.152764 1.950283
0.750000 0.650000 1.118568 0.152159 1.914652
0.800000 0.650000 1.112590 0.150267 1.879722
0.850000 0.650000 1.105827 0.147427 1.845312
0.900000 0.650000 1.098413 0.143929 1.811280
0.950000 0.650000 1.090467 0.140015 1.777516
1.000000 0.650000 1.082095 0.135882 1.743940
1.050000 0.650000 1.073387 0.131691 1.710494
1.100000 0.650000 1.064429 0.127569 1.677137
1.150000 0.650000 1.055293 0.123616 1.643838
1.200000 0.650000 1.046049 0.119912 1.610575
1.250000 0.650000 1.036756 0.116521 1.577331
1.300000 0.650000 1.027471 0.113490 1.544094
1.350000 0.650000 1.018243 0.110856 1.510852
1.400000 0.650000 1.009113 0.108645 1.477599
1.450000 0.650000 1.000112 0.106867 1.444328
1.500000 0.650000 0.991262 0.105505 1.411049
1.550000 0.650000 0.982567 0.104504 1.377761
1.600000 0.650000 0.974017 0.103738 1.344541
1.650000 0.650000 0.965574 0.102967 1.311342
1.700000 0.650000 0.957225 0.101762 1.278520
1.750000 0.650000 0.948881 0.099404 1.245565
1.800000 0.650000 0.940720 0.094715 1.214240
1.850000 0.650000 0.932547 0.085898 1.180848
1.900000 0.650000 0.925686 0.070147 1.155097
1.950000 0.650000 0.918844 0.043538 1.113635
2.000000 0.650000 0.918843 0.000000 1.113635

0.000000 0.700000 1.000000 0.000000 2.445333
0.050000 0.700000 1.011750 -0.023370 2.445333
0.100000 0.700000 1.027499 -0.026589 2.434255
0.150000 0.700000 1.043578 -0.015785 2.401154
0.200000 0.700000 1.056377 0.004925 2.356225
0.250000 0.700000 1.065045 0.030087 2.307618
0.300000 0.700000 1.070068 0.056122 2.257416
0.350000 0.700000 1.072160 0.080449 2.208788
0.400000 0.700000 1.072139 0.101678 2.162335
0.450000 0.700000 1.070610 0.119181 2.118593
0.500000 0.700000 1.068013 0.132870 2.077369
0.550000 0.700000 1.064620 0.142975 2.038372
0.600000 0.700000 1.060594 0.149896 2.001180
0.650000 0.700000 1.056021 0.154100 1.965386
0.700000 0.700000 1.050949 0.156066 1.930623
0.750000 0.700000 1.045405 0.156243 1.896587
0.800000 0.700000 1.039412 0.155034 1.863037
0.850000 0.700000 1.032992 0.152790 1.829793
0.900000 0.700000 1.026174 0.149808 1.796724
0.950000 0.700000 1.018991 0.146335 1.763742
1.000000 0.700000 1.011483 0.142572 1.730787
1.050000 0.700000 1.003698 0.138683 1.697822
1.100000 0.700000 0.995684 0.134798 1.664825
1.150000 0.700000 0.987496 0.131019 1.631784
1.200000 0.700000 0.979189 0.127428 1.598690
1.250000 0.700000 0.970821 0.124092 1.565538
1.300000 0.700000 0.962449 0.121062 1.532322
1.350000 0.700000 0.954128 0.118380 1.499033
1.400000 0.700000 0.945910 0.116080 1.465665
1.450000 0.700000 0.937839 0.114181 1.432206
1.500000 0.700000 0.929947 0.112682 1.398662
1.550000 0.700000 0.922250 0.111547 1.365020
1.600000 0.700000 0.914744 0.110672 1.331353
1.650000 0.700000 0.907381 0.109839 1.297604
1.700000 0.700000 0.900124 0.108629 1.264161
1.750000 0.700000 0.892826 0.106304 1.230488
1.800000 0.700000 0.885593 0.101596 1.198533
1.850000 0.700000 0.878101 0.092512 1.164415
1.900000 0.700000 0.871639 0.075850 1.138524
1.950000 0.700000 0.864835 0.047231 1.096633
2.000000 0.700000 0.864834 0.000000 1.096633

0.000000 0.750000 1.000000 0.000000 2.563087
0.050000 0.750000 1.012399 -0.033278 2.563087
0.100000 0.750000 1.025036 -0.036213 2.526413
0.150000 0.750000 1.031770 -0.021747 2.476326
0.200000 0.750000 1.032132 0.003970 2.411827
0.250000 0.750000 1.026931 0.033365 2.350773
0.300000 0.750000 1.018661 0.062421 2.291722
0.350000 0.750000 1.008930 0.088572 2.238289
0.400000 0.750000 0.999031 0.110738 2.189543
0.450000 0.750000 0.989614 0.128608 2.145293
0.500000 0.750000 0.980981 0.142361 2.104574
0.550000 0.750000 0.973159 0.152410 2.066617
0.600000 0.750000 0.966044 0.159263 2.030651
0.650000 0.750000 0.959465 0.163448 1.996065
0.700000 0.750000 0.953236 0.165460 1.962367
0.750000 0.750000 0.947190 0.165749 1.929191
0.800000 0.750000 0.941182 0.164705 1.896273
0.850000 0.750000 0.935106 0.162661 1.863433
0.900000 0.750000 0.928885 0.159896 1.830553
0.950000 0.750000 0.922472 0.156640 1.797567
1.000000 0.750000 0.915848 0.153078 1.764438
1.050000 0.750000 0.909015 0.149360 1.731153
1.100000 0.750000 0.901990 0.145608 1.697713
1.150000 0.750000 0.894808 0.141914 1.664124
1.200000 0.750000 0.887512 0.138356 1.630393
1.250000 0.750000 0.880155 0.134996 1.596526
1.300000 0.750000 0.872794 0.131882 1.562522
1.350000 0.750000 0.865491 0.129060 1.528372
1.400000 0.750000 0.858309 0.126563 1.494062
1.450000 0.750000 0.851304 0.124421 1.459564
1.500000 0.750000 0.844528 0.122646 1.424858
1.550000 0.750000 0.838013 0.121222 1.389890
1.600000 0.750000 0.831771 0.120074 1.354683
1.650000 0.750000 0.825759 0.119019 1.319099
1.700000 0.750000 0.819928 0.117669 1.283471
1.750000 0.750000 0.814072 0.115295 1.247106
1.800000 0.750000 0.808215 0.110564 1.212063
1.850000 0.750000 0.801828 0.101291 1.173955
1.900000 0.750000 0.796135 0.083794 1.144430
1.950000 0.750000 0.789343 0.052877 1.096159
2.000000 0.750000 0.789342 0.000000 1.096159

0.000000 0.800000 1.000000 0.000000 2.592645
0.050000 0.800000 1.009910 -0.053384 2.592645
0.100000 0.800000 1.013305 -0.051822 2.485245
0.150000 0.800000 1.001292 -0.029133 2.410383
0.200000 0.800000 0.982201 0.003996 2.321802
0.250000 0.800000 0.958556 0.037767 2.250206
0.300000 0.800000 0.934782 0.068572 2.185248
0.350000 0.800000 0.912618 0.094622 2.130375
0.400000 0.800000 0.893203 0.115660 2.082338
0.450000 0.800000 0.876731 0.131981 2.040154
0.500000 0.800000 0.863043 0.144155 2.002110
0.550000 0.800000 0.851741 0.152811 1.967067
0.600000 0.800000 0.842361 0.158556 1.934016
0.650000 0.800000 0.834444 0.161938 1.902228
0.700000 0.800000 0.827577 0.163436 1.871155
0.750000 0.800000 0.821412 0.163457 1.840412
0.800000 0.800000 0.815671 0.162346 1.809740
0.850000 0.800000 0.810138 0.160386 1.778974
0.900000 0.800000 0.804659 0.157812 1.748018
0.950000 0.800000 0.799125 0.154815 1.716826
1.000000 0.800000 0.793472 0.151550 1.685383
1.050000 0.800000 0.787670 0.148139 1.653695
1.100000 0.800000 0.781713 0.144681 1.621780
1.150000 0.800000 0.775619 0.141253 1.589656
1.200000 0.800000 0.769423 0.137918 1.557344
1.250000 0.800000 0.763172 0.134728 1.524855
1.300000 0.800000 0.756924 0.131726 1.492193
1.350000 0.800000 0.750746 0.128950 1.459350
1.400000 0.800000 0.744707 0.126436 1.426308
1.450000 0.800000 0.738881 0.124216 1.393029
1.500000 0.800000 0.733336 0.122315 1.359477
1.550000 0.800000 0.728129 0.120740 1.325575
1.600000 0.800000 0.723298 0.119454 1.291322
1.650000 0.800000 0.718821 0.118330 1.256542
1.700000 0.800000 0.714655 0.117054 1.221571
1.750000 0.800000 0.710550 0.114975 1.185651
1.800000 0.800000 0.706442 0.110790 1.151092
1.850000 0.800000 0.701534 0.102222 1.113247
1.900000 0.800000 0.696859 0.085145 1.085031
1.950000 0.800000 0.690320 0.053974 1.038822
2.000000 0.800000 0.690320 0.000000 1.038822

0.000000 0.850000 1.000000 0.000000 3.047064
0.050000 0.850000 0.992157 -0.033862 3.047064
0.100000 0.850000 0.973442 -0.010761 2.832838
0.150000 0.850000 0.931463 0.023429 2.712039
0.200000 0.850000 0.887309 0.061074 2.577545
0.250000 0.850000 0.843550 0.094159 2.481826
0.300000 0.850000 0.805352 0.121478 2.401316
0.350000 0.850000 0.773162 0.142890 2.338461
0.400000 0.850000 0.747089 0.159153 2.286273
0.450000 0.850000 0.726340 0.171098 2.242214
0.500000 0.850000 0.710046 0.179525 2.203312
0.550000 0.850000 0.697290 0.185117 2.167765
0.600000 0.850000 0.687255 0.188442 2.134163
0.650000 0.850000 0.679236 0.189970 2.101575
0.700000 0.850000 0.672655 0.190081 2.069359
0.750000 0.850000 0.667051 0.189090 2.037106
0.800000 0.850000 0.662065 0.187253 2.004567
0.850000 0.850000 0.657428 0.184781 1.971606
0.900000 0.850000 0.652946 0.181844 1.938169
0.950000 0.850000 0.648482 0.178583 1.904252
1.000000 0.850000 0.643952 0.175107 1.869881
1.050000 0.850000 0.639308 0.171509 1.835102
1.100000 0.850000 0.634537 0.167858 1.799966
1.150000 0.850000 0.629646 0.164212 1.764522
1.200000 0.850000 0.624664 0.160618 1.728813
1.250000 0.850000 0.619635 0.157113 1.692868
1.300000 0.850000 0.614616 0.153731 1.656698
1.350000 0.850000 0.609674 0.150500 1.620295
1.400000 0.850000 0.604886 0.147451 1.583625
1.450000 0.850000 0.600336 0.144612 1.546615
1.500000 0.850000 0.596113 0.142009 1.509167
1.550000 0.850000 0.592303 0.139658 1.471096
1.600000 0.850000 0.588989 0.137548 1.432231
1.650000 0.850000 0.586200 0.135595 1.392125
1.700000 0.850000 0.583949 0.133564 1.350750
1.750000 0.850000 0.582005 0.130894 1.306705
1.800000 0.850000 0.580281 0.126381 1.261892
1.850000 0.850000 0.577645 0.117670 1.209838
1.900000 0.850000 0.574989 0.100126 1.166165
1.950000 0.850000 0.568279 0.066057 1.091828
2.000000 0.850000 0.568279 0.000000 1.091828

0.000000 0.900000 1.000000 0.000000 2.672232
0.050000 0.900000 0.928128 -0.068538 2.672232
0.100000 0.900000 0.864194 -0.024002 2.268318
0.150000 0.900000 0.779619 0.021249 2.139095
0.200000 0.900000 0.711984 0.059694 1.995995
0.250000 0.900000 0.655060 0.087930 1.910246
0.300000 0.900000 0.610831 0.108347 1.840656
0.350000 0.900000 0.576427 0.122820 1.789559
0.400000 0.900000 0.550225 0.132959 1.748212
0.450000 0.900000 0.530356 0.139897 1.714109
0.500000 0.900000 0.515383 0.144443 1.684335
0.550000 0.900000 0.504091 0.147177 1.657303
0.600000 0.900000 0.495525 0.148520 1.631793
0.650000 0.900000 0.488925 0.148790 1.607037
0.700000 0.900000 0.483705 0.148227 1.582516
0.750000 0.900000 0.479412 0.147023 1.557907
0.800000 0.900000 0.475705 0.145329 1.533021
0.850000 0.900000 0.472334 0.143267 1.507759
0.900000 0.900000 0.469119 0.140935 1.482087
0.950000 0.900000 0.465936 0.138413 1.456009
1.000000 0.900000 0.462708 0.135764 1.429554
1.050000 0.900000 0.459391 0.133041 1.402764
1.100000 0.900000 0.455970 0.130283 1.375685
1.150000 0.900000 0.452451 0.127523 1.348360
1.200000 0.900000 0.448858 0.124789 1.320827
1.250000 0.900000 0.445227 0.122102 1.293109
1.300000 0.900000 0.441607 0.119482 1.265220
1.350000 0.900000 0.438059 0.116947 1.237151
1.400000 0.900000 0.434651 0.114517 1.208877
1.450000 0.900000 0.431465 0.112213 1.180340
1.500000 0.900000 0.428594 0.110059 1.151459
1.550000 0.900000 0.426135 0.108080 1.122089
1.600000 0.900000 0.424198 0.106293 1.092106
1.650000 0.900000 0.422859 0.104683 1.061156
1.700000 0.900000 0.422196 0.103148 1.029322
1.750000 0.900000 0.422043 0.101363 0.995450
1.800000 0.900000 0.422343 0.098498 0.961729
1.850000 0.900000 0.421791 0.092640 0.922474
1.900000 0.900000 0.420801 0.079412 0.893347
1.950000 0.900000 0.415006 0.052182 0.844185
2.000000 0.900000 0.415006 0.000000 0.844185

0.000000 0.950000 1.000000 0.000000 4.777904
0.050000 0.950000 0.724027 0.185804 4.777904
0.100000 0.950000 0.615987 0.234581 3.845407
0.150000 0.950000 0.508178 0.254787 3.557251
0.200000 0.950000 0.439425 0.263420 3.302574
0.250000 0.950000 0.388111 0.268918 3.163544
0.300000 0.950000 0.352270 0.272152 3.063224
0.350000 0.950000 0.326383 0.274029 2.994508
0.400000 0.950000 0.307873 0.274765 2.941301
0.450000 0.950000 0.294531 0.274600 2.897672
0.500000 0.950000 0.284923 0.273670 2.858778
0.550000 0.950000 0.277970 0.272090 2.822060
0.600000 0.950000 0.272902 0.269950 2.785834
0.650000 0.950000 0.269146 0.267328 2.749145
0.700000 0.950000 0.266279 0.264292 2.711451
0.750000 0.950000 0.263990 0.260905 2.672495
0.800000 0.950000 0.262050 0.257223 2.632195
0.850000 0.950000 0.260296 0.253300 2.590590
0.900000 0.950000 0.258614 0.249181 2.547783
0.950000 0.950000 0.256928 0.244910 2.503916
1.000000 0.950000 0.255191 0.240521 2.459148
1.050000 0.950000 0.253379 0.236048 2.413638
1.100000 0.950000 0.251487 0.231516 2.367533
1.150000 0.950000 0.249521 0.226948 2.320964
1.200000 0.950000 0.247500 0.222362 2.274038
1.250000 0.950000 0.245448 0.217773 2.226836
1.300000 0.950000 0.243402 0.213193 2.179405
1.350000 0.950000 0.241402 0.208629 2.131754
1.400000 0.950000 0.239501 0.204090 2.083845
1.450000 0.950000 0.237762 0.199578 2.035568
1.500000 0.950000 0.236263 0.195096 1.986725
1.550000 0.950000 0.235102 0.190637 1.936947
1.600000 0.950000 0.234406 0.186182 1.885700
1.650000 0.950000 0.234311 0.181675 1.831914
1.700000 0.950000 0.235021 0.177002 1.774427
1.750000 0.950000 0.236586 0.171830 1.709897
1.800000 0.950000 0.239295 0.165523 1.637489
1.850000 0.950000 0.241940 0.156114 1.543973
1.900000 0.950000 0.245513 0.139481 1.447730
1.950000 0.950000 0.238440 0.101200 1.267648
2.000000 0.950000 0.238440 0.000000 1.267648

0.000000 1.000000 0.000000 0.000000 0.000000
0.050000 1.000000 0.000000 0.000000 0.000000
0.100000 1.000000 0.000000 0.000000 0.000000
0.150000 1.000000 0.000000 0.000000 0.000000
0.200000 1.000000 0.000000 0.000000 0.000000
0.250000 1.000000 0.000000 0.000000 0.000000
0.300000 1.000000 0.000000 0.000000 0.000000
0.350000 1.000000 0.000000 0.000000 0.000000
0.400000 1.000000 0.000000 0.000000 0.000000
0.450000 1.000000 0.000000 0.000000 0.000000
0.500000 1.000000 0.000000 0.000000 0.000000
0.550000 1.000000 0.000000 0.000000 0.000000
0.600000 1.000000 0.000000 0.000000 0.000000
0.650000 1.000000 0.000000 0.000000 0.000000
0.700000 1.000000 0.000000 0.000000 0.000000
0.750000 1.000000 0.000000 0.000000 0.000000
0.800000 1.000000 0.000000 0.000000 0.000000
0.850000 1.000000 0.000000 0.000000 0.000000
0.900000 1.000000 0.000000 0.000000 0.000000
0.950000 1.000000 0.000000 0.000000 0.000000
1.000000 1.000000 0.000000 0.000000 0.000000
1.050000 1.000000 0.000000 0.000000 0.000000
1.100000 1.000000 0.000000 0.000000 0.000000
1.150000 1.000000 0.000000 0.000000 0.000000
1.200000 1.000000 0.000000 0.000000 0.000000
1.250000 1.000000 0.000000 0.000000 0.000000
1.300000 1.000000 0.000000 0.000000 0.000000
1.350000 1.000000 0.000000 0.000000 0.000000
1.400000 1.000000 0.000000 0.000000 0.000000
1.450000 1.000000 0.000000 0.000000 0.000000
1.500000 1.000000 0.000000 0.000000 0.000000
1.550000 1.000000 0.000000 0.000000 0.000000
1.600000 1.000000 0.000000 0.000000 0.000000
1.650000 1.000000 0.000000 0.000000 0.000000
1.700000 1.000000 0.000000 0.000000 0.000000
1.750000 1.000000 0.000000 0.000000 0.000000
1.800000 1.000000 0.000000 0.000000 0.000000
1.850000 1.000000 0.000000 0.000000 0.000000
1.900000 1.000000 0.000000 0.000000 0.000000
1.950000 1.000000 0.000000 0.000000 0.000000
2.000000 1.000000 0.000000 0.000000 0.000000

