0.000000 0.000000 0.000000 0.000000 5.703076
0.050000 0.000000 0.000000 0.000000 5.703076
0.100000 0.000000 0.000000 0.000000 4.237532
0.150000 0.000000 0.000000 0.000000 3.747433
0.200000 0.000000 0.000000 0.000000 3.311352
0.250000 0.000000 0.000000 0.000000 3.074250
0.300000 0.000000 0.000000 0.000000 2.900768
0.350000 0.000000 0.000000 0.000000 2.782776
0.400000 0.000000 0.000000 0.000000 2.692167
0.450000 0.000000 0.000000 0.000000 2.620767
0.500000 0.000000 0.000000 0.000000 2.560957
0.550000 0.000000 0.000000 0.000000 2.509152
0.600000 0.000000 0.000000 0.000000 2.462741
0.650000 0.000000 0.000000 0.000000 2.420165
0.700000 0.000000 0.000000 0.000000 2.380322
0.750000 0.000000 0.000000 0.000000 2.342458
0.800000 0.000000 0.000000 0.000000 2.306020
0.850000 0.000000 0.000000 0.000000 2.270600
0.900000 0.000000 0.000000 0.000000 2.235884
0.950000 0.000000 0.000000 0.000000 2.201626
1.000000 0.000000 0.000000 0.000000 2.167631
1.050000 0.000000 0.000000 0.000000 2.133742
1.100000 0.000000 0.000000 0.000000 2.099832
1.150000 0.000000 0.000000 0.000000 2.065800
1.200000 0.000000 0.000000 0.000000 2.031571
1.250000 0.000000 0.000000 0.000000 1.997089
1.300000 0.000000 0.000000 0.000000 1.962326
1.350000 0.000000 0.000000 0.000000 1.927277
1.400000 0.000000 0.000000 0.000000 1.891968
1.450000 0.000000 0.000000 0.000000 1.856457
1.500000 0.000000 0.000000 0.000000 1.820849
1.550000 0.000000 0.000000 0.000000 1.785282
1.600000 0.000000 0.000000 0.000000 1.749999
1.650000 0.000000 0.000000 0.000000 1.715204
1.700000 0.000000 0.000000 0.000000 1.681456
1.750000 0.000000 0.000000 0.000000 1.648769
1.800000 0.000000 0.000000 0.000000 1.618803
1.850000 0.000000 0.000000 0.000000 1.589637
1.900000 0.000000 0.000000 0.000000 1.568102
1.950000 0.000000 0.000000 0.000000 1.540397
2.000000 0.000000 0.000000 0.000000 1.540397

0.000000 0.050000 1.000000 0.000000 5.703076
0.050000 0.050000 0.766246 0.138809 5.703076
0.100000 0.050000 0.689741 0.131059 4.237532
0.150000 0.050000 0.573942 0.104983 3.747433
0.200000 0.050000 0.494827 0.076232 3.311352
0.250000 0.050000 0.429458 0.054516 3.074250
0.300000 0.050000 0.380907 0.039100 2.900768
0.350000 0.050000 0.343108 0.028636 2.782776
0.400000 0.050000 0.313837 0.021518 2.692167
0.450000 0.050000 0.290600 0.016619 2.620767
0.500000 0.050000 0.271898 0.013166 2.560957
0.550000 0.050000 0.256566 0.010668 2.509152
0.600000 0.050000 0.243809 0.008811 2.462741
0.650000 0.050000 0.233045 0.007395 2.420165
0.700000 0.050000 0.223851 0.006290 2.380322
0.750000 0.050000 0.215915 0.005410 2.342458
0.800000 0.050000 0.209004 0.004697 2.306020
0.850000 0.050000 0.202937 0.004109 2.270600
0.900000 0.050000 0.197575 0.003620 2.235884
0.950000 0.050000 0.192807 0.003209 2.201626
1.000000 0.050000 0.188539 0.002865 2.167631
1.050000 0.050000 0.184694 0.002576 2.133742
1.100000 0.050000 0.181201 0.002338 2.099832
1.150000 0.050000 0.177998 0.002147 2.065800
1.200000 0.050000 0.175025 0.002000 2.031571
1.250000 0.050000 0.172224 0.001897 1.997089
1.300000 0.050000 0.169538 0.001838 1.962326
1.350000 0.050000 0.166912 0.001821 1.927277
1.400000 0.050000 0.164289 0.001849 1.891968
1.450000 0.050000 0.161613 0.001920 1.856457
1.500000 0.050000 0.158832 0.002034 1.820849
1.550000 0.050000 0.155893 0.002189 1.785282
1.600000 0.050000 0.152757 0.002377 1.749999
1.650000 0.050000 0.149385 0.002591 1.715204
1.700000 0.050000 0.145783 0.002808 1.681456
1.750000 0.050000 0.141932 0.003001 1.648769
1.800000 0.050000 0.138003 0.003107 1.618803
1.850000 0.050000 0.133925 0.003060 1.589637
1.900000 0.050000 0.130513 0.002663 1.568102
1.950000 0.050000 0.126977 0.001852 1.540397
2.000000 0.050000 0.126914 0.000000 1.540397

0.000000 0.100000 1.000000 0.000000 4.601228
0.050000 0.100000 0.972483 0.211527 4.601228
0.100000 0.100000 0.948694 0.221105 3.976556
0.150000 0.100000 0.876579 0.194252 3.681832
0.200000 0.100000 0.806955 0.154152 3.363163
0.250000 0.100000 0.737208 0.119368 3.153596
0.300000 0.100000 0.676519 0.091685 2.983316
0.350000 0.100000 0.624131 0.071006 2.856767
0.400000 0.100000 0.580135 0.055734 2.755509
0.450000 0.100000 0.543160 0.044482 2.673958
0.500000 0.100000 0.512078 0.036106 2.605538
0.550000 0.100000 0.485760 0.029786 2.546702
0.600000 0.100000 0.463303 0.024937 2.494642
0.650000 0.100000 0.443969 0.021153 2.447530
0.700000 0.100000 0.427181 0.018151 2.404022
0.750000 0.100000 0.412485 0.015729 2.363170
0.800000 0.100000 0.399526 0.013747 2.324271
0.850000 0.100000 0.388023 0.012104 2.286802
0.900000 0.100000 0.377752 0.010728 2.250366
0.950000 0.100000 0.368528 0.009569 2.214658
1.000000 0.100000 0.360196 0.008591 2.179440
1.050000 0.100000 0.352622 0.007770 2.144523
1.100000 0.100000 0.345687 0.007090 2.109761
1.150000 0.100000 0.339281 0.006541 2.075038
1.200000 0.100000 0.333300 0.006116 2.040268
1.250000 0.100000 0.327643 0.005811 2.005391
1.300000 0.100000 0.322211 0.005627 1.970370
1.350000 0.100000 0.316908 0.005561 1.935196
1.400000 0.100000 0.311638 0.005613 1.899887
1.450000 0.100000 0.306309 0.005780 1.864487
1.500000 0.100000 0.300837 0.006057 1.829084
1.550000 0.100000 0.295144 0.006433 1.793783
1.600000 0.100000 0.289175 0.006886 1.758785
1.650000 0.100000 0.282889 0.007384 1.724215
1.700000 0.100000 0.276319 0.007867 1.690565
1.750000 0.100000 0.269485 0.008249 1.657631
1.800000 0.100000 0.262676 0.008376 1.627082
1.850000 0.100000 0.255891 0.008064 1.596288
1.900000 0.100000 0.250317 0.006897 1.573042
1.950000 0.100000 0.244977 0.004629 1.540271
2.000000 0.100000 0.244846 0.000000 1.540271

0.000000 0.150000 1.000000 0.000000 4.073370
0.050000 0.150000 1.027264 0.189299 4.073370
0.100000 0.150000 1.043496 0.241914 3.756989
0.150000 0.150000 1.021224 0.242653 3.543551
0.200000 0.150000 0.983226 0.215285 3.306407
0.250000 0.150000 0.933769 0.182130 3.130397
0.300000 0.150000 0.882895 0.150307 2.981087
0.350000 0.150000 0.833769 0.123190 2.863840
0.400000 0.150000 0.788789 0.101090 2.767115
0.450000 0.150000 0.748430 0.083516 2.687120
0.500000 0.150000 0.712676 0.069642 2.618904
0.550000 0.150000 0.681109 0.058684 2.559577
0.600000 0.150000 0.653234 0.049977 2.506745
0.650000 0.150000 0.628547 0.042994 2.458767
0.700000 0.150000 0.606594 0.037331 2.414401
0.750000 0.150000 0.586984 0.032685 2.372740
0.800000 0.150000 0.569387 0.028829 2.333099
0.850000 0.150000 0.553525 0.025595 2.294959
0.900000 0.150000 0.539166 0.022862 2.257922
0.950000 0.150000 0.526111 0.020542 2.221679
1.000000 0.150000 0.514186 0.018570 2.185986
1.050000 0.150000 0.503238 0.016904 2.150652
1.100000 0.150000 0.493123 0.015514 2.115528
1.150000 0.150000 0.483709 0.014383 2.080495
1.200000 0.150000 0.474866 0.013498 2.045463
1.250000 0.150000 0.466468 0.012852 2.010369
1.300000 0.150000 0.458393 0.012443 1.975174
1.350000 0.150000 0.450519 0.012266 1.939859
1.400000 0.150000 0.442728 0.012317 1.904436
1.450000 0.150000 0.434907 0.012586 1.868936
1.500000 0.150000 0.426956 0.013058 1.833430
1.550000 0.150000 0.418787 0.013703 1.797999
1.600000 0.150000 0.410345 0.014471 1.762817
1.650000 0.150000 0.401601 0.015285 1.727960
1.700000 0.150000 0.392616 0.016022 1.693887
1.750000 0.150000 0.383456 0.016501 1.660286
1.800000 0.150000 0.374494 0.016438 1.628874
1.850000 0.150000 0.365796 0.015468 1.596626
1.900000 0.150000 0.358761 0.012951 1.572081
1.950000 0.150000 0.352332 0.008310 1.536012
2.000000 0.150000 0.352132 0.000000 1.536012

0.000000 0.200000 1.000000 0.000000 3.644550
0.050000 0.200000 1.033183 0.159681 3.644550
0.100000 0.200000 1.064325 0.230757 3.521552
0.150000 0.200000 1.075216 0.253044 3.392758
0.200000 0.200000 1.068120 0.243340 3.235722
0.250000 0.200000 1.045477 0.220295 3.100225
0.300000 0.200000 1.014293 0.192680 2.976462
0.350000 0.200000 0.978686 0.165798 2.871704
0.400000 0.200000 0.942073 0.141707 2.781234
0.450000 0.200000 0.906279 0.121093 2.703623
0.500000 0.200000 0.872371 0.103845 2.635913
0.550000 0.200000 0.840788 0.089571 2.576116
0.600000 0.200000 0.811653 0.077787 2.522395
0.650000 0.200000 0.784902 0.068035 2.473377
0.700000 0.200000 0.760385 0.059920 2.427960
0.750000 0.200000 0.737918 0.053114 2.385298
0.800000 0.200000 0.717311 0.047361 2.344733
0.850000 0.200000 0.698382 0.042460 2.305751
0.900000 0.200000 0.680962 0.038262 2.267954
0.950000 0.200000 0.664893 0.034656 2.231028
1.000000 0.200000 0.650026 0.031560 2.194724
1.050000 0.200000 0.636221 0.028921 2.158847
1.100000 0.200000 0.623343 0.026699 2.123242
1.150000 0.200000 0.611258 0.024872 2.087789
1.200000 0.200000 0.599834 0.023426 2.052394
1.250000 0.200000 0.588939 0.022350 2.016989
1.300000 0.200000 0.578441 0.021640 1.981529
1.350000 0.200000 0.568209 0.021289 1.945989
1.400000 0.200000 0.558119 0.021288 1.910368
1.450000 0.200000 0.548051 0.021617 1.874684
1.500000 0.200000 0.537900 0.022243 1.838986
1.550000 0.200000 0.527581 0.023114 1.803326
1.600000 0.200000 0.517045 0.024142 1.767844
1.650000 0.200000 0.506279 0.025196 1.732560
1.700000 0.200000 0.495373 0.026074 1.697892
1.750000 0.200000 0.484423 0.026490 1.663411
1.800000 0.200000 0.473866 0.026017 1.630880
1.850000 0.200000 0.463797 0.024097 1.596900
1.900000 0.200000 0.455752 0.019864 1.570751
1.950000 0.200000 0.448551 0.012431 1.531215
2.000000 0.200000 0.448282 0.000000 1.531215

0.000000 0.250000 1.000000 0.000000 3.386242
0.050000 0.250000 1.028021 0.126963 3.386242
0.100000 0.250000 1.061480 0.202125 3.346220
0.150000 0.250000 1.088534 0.238625 3.263832
0.200000 0.250000 1.102166 0.245531 3.157546
0.250000 0.250000 1.101696 0.235650 3.053347
0.300000 0.250000 1.090287 0.216956 2.952592
0.350000 0.250000 1.071014 0.195141 2.861865
0.400000 0.250000 1.046935 0.173288 2.780294
0.450000 0.250000 1.020254 0.153020 2.707871
0.500000 0.250000 0.992577 0.134973 2.643140
0.550000 0.250000 0.964936 0.119266 2.584913
0.600000 0.250000 0.937983 0.105751 2.531930
0.650000 0.250000 0.912090 0.094168 2.483151
0.700000 0.250000 0.887457 0.084237 2.437683
0.750000 0.250000 0.864167 0.075693 2.394805
0.800000 0.250000 0.842236 0.068308 2.353931
0.850000 0.250000 0.821634 0.061896 2.314595
0.900000 0.250000 0.802305 0.056311 2.276422
0.950000 0.250000 0.784176 0.051442 2.239115
1.000000 0.250000 0.767160 0.047209 2.202435
1.050000 0.250000 0.751161 0.043558 2.166192
1.100000 0.250000 0.736076 0.040452 2.130236
1.150000 0.250000 0.721795 0.037869 2.094446
1.200000 0.250000 0.708201 0.035796 2.058731
1.250000 0.250000 0.695173 0.034225 2.023020
1.300000 0.250000 0.682587 0.033152 1.987264
1.350000 0.250000 0.670318 0.032567 1.951432
1.400000 0.250000 0.658244 0.032455 1.915515
1.450000 0.250000 0.646250 0.032785 1.879516
1.500000 0.250000 0.634238 0.033506 1.843470
1.550000 0.250000 0.622127 0.034536 1.807403
1.600000 0.250000 0.609882 0.035745 1.771429
1.650000 0.250000 0.597502 0.036939 1.735529
1.700000 0.250000 0.585097 0.037832 1.700096
1.750000 0.250000 0.572785 0.038022 1.664623
1.800000 0.250000 0.561037 0.036932 1.630926
1.850000 0.250000 0.549957 0.033809 1.595327
1.900000 0.250000 0.541171 0.027560 1.567742
1.950000 0.250000 0.533386 0.016980 1.525311
2.000000 0.250000 0.533051 0.000000 1.525311

0.000000 0.300000 1.000000 0.000000 3.207123
0.050000 0.300000 1.021510 0.099800 3.207123
0.100000 0.300000 1.051963 0.169985 3.205511
0.150000 0.300000 1.084549 0.212251 3.154970
0.200000 0.300000 1.109615 0.230480 3.084659
0.250000 0.300000 1.124352 0.232263 3.006202
0.300000 0.300000 1.128843 0.223566 2.925505
0.350000 0.300000 1.124504 0.209279 2.848204
0.400000 0.300000 1.113351 0.192600 2.775716
0.450000 0.300000 1.097260 0.175554 2.709052
0.500000 0.300000 1.077857 0.159253 2.647925
0.550000 0.300000 1.056409 0.144239 2.591856
0.600000 0.300000 1.033871 0.130696 2.540114
0.650000 0.300000 1.010934 0.118615 2.491989
0.700000 0.300000 0.988087 0.107889 2.446808
0.750000 0.300000 0.965667 0.098375 2.403983
0.800000 0.300000 0.943895 0.089930 2.363015
0.850000 0.300000 0.922911 0.082423 2.323489
0.900000 0.300000 0.902792 0.075749 2.285065
0.950000 0.300000 0.883571 0.069827 2.247467
1.000000 0.300000 0.865245 0.064599 2.210470
1.050000 0.300000 0.847780 0.060025 2.173894
1.100000 0.300000 0.831126 0.056085 2.137595
1.150000 0.300000 0.815209 0.052766 2.101458
1.200000 0.300000 0.799945 0.050065 2.065390
1.250000 0.300000 0.785238 0.047981 2.029324
1.300000 0.300000 0.770983 0.046511 1.993207
1.350000 0.300000 0.757071 0.045648 1.957006
1.400000 0.300000 0.743396 0.045371 1.920702
1.450000 0.300000 0.729854 0.045639 1.884290
1.500000 0.300000 0.716359 0.046381 1.847789
1.550000 0.300000 0.702841 0.047486 1.811207
1.600000 0.300000 0.689276 0.048779 1.774637
1.650000 0.300000 0.675673 0.050004 1.738030
1.700000 0.300000 0.662152 0.050788 1.701760
1.750000 0.300000 0.648840 0.050611 1.665258
1.800000 0.300000 0.636226 0.048747 1.630397
1.850000 0.300000 0.624407 0.044245 1.593264
1.900000 0.300000 0.615071 0.035781 1.564334
1.950000 0.300000 0.606823 0.021827 1.519334
2.000000 0.300000 0.606429 0.000000 1.519334

0.000000 0.350000 1.000000 0.000000 3.088699
0.050000 0.350000 1.016334 0.077380 3.088699
0.100000 0.350000 1.042547 0.138657 3.101925
0.150000 0.350000 1.075261 0.181185 3.069809
0.200000 0.350000 1.105232 0.205839 3.021759
0.250000 0.350000 1.128805 0.216443 2.961590
0.300000 0.350000 1.144196 0.216836 2.896323
0.350000 0.350000 1.151375 0.210623 2.830457
0.400000 0.350000 1.151220 0.200525 2.766392
0.450000 0.350000 1.144969 0.188497 2.705623
0.500000 0.350000 1.133935 0.175811 2.648582
0.550000 0.350000 1.119324 0.163241 2.595280
0.600000 0.350000 1.102173 0.151217 2.545394
0.650000 0.350000 1.083328 0.139945 2.498489
0.700000 0.350000 1.063461 0.129500 2.454088
0.750000 0.350000 1.043090 0.119883 2.411736
0.800000 0.350000 1.022605 0.111063 2.371023
0.850000 0.350000 1.002293 0.102999 2.331592
0.900000 0.350000 0.982356 0.095651 2.293144
0.950000 0.350000 0.962931 0.088991 2.255432
1.000000 0.350000 0.944098 0.083003 2.218251
1.050000 0.350000 0.925898 0.077680 2.181435
1.100000 0.350000 0.908335 0.073027 2.144852
1.150000 0.350000 0.891385 0.069053 2.108392
1.200000 0.350000 0.875002 0.065771 2.071972
1.250000 0.350000 0.859124 0.063192 2.035524
1.300000 0.350000 0.843676 0.061323 1.998999
1.350000 0.350000 0.828572 0.060158 1.962360
1.400000 0.350000 0.813728 0.059675 1.925587
1.450000 0.350000 0.799058 0.059825 1.888667
1.500000 0.350000 0.784491 0.060521 1.851610
1.550000 0.350000 0.769971 0.061621 1.814415
1.600000 0.350000 0.755480 0.062911 1.777160
1.650000 0.350000 0.741035 0.064071 1.739778
1.700000 0.350000 0.726758 0.064643 1.702636
1.750000 0.350000 0.712774 0.063994 1.665124
1.800000 0.350000 0.699573 0.061245 1.629169
1.850000 0.350000 0.687238 0.055249 1.590673
1.900000 0.350000 0.677503 0.044436 1.560576
1.950000 0.350000 0.668892 0.026938 1.513412
2.000000 0.350000 0.668448 0.000000 1.513412

0.000000 0.400000 1.000000 0.000000 3.006568
0.050000 0.400000 1.012706 0.059248 3.006568
0.100000 0.400000 1.034989 0.110335 3.024605
0.150000 0.400000 1.065582 0.149743 3.003562
0.200000 0.400000 1.096601 0.176929 2.969503
0.250000 0.400000 1.124344 0.193341 2.922244
0.300000 0.400000 1.146148 0.201039 2.868514
0.350000 0.400000 1.161023 0.202288 2.811870
0.400000 0.400000 1.168946 0.199039 2.755032
0.450000 0.400000 1.170509 0.192863 2.699686
0.500000 0.400000 1.166611 0.184918 2.646669
0.550000 0.400000 1.158240 0.176016 2.596308
0.600000 0.400000 1.146359 0.166705 2.548559
0.650000 0.400000 1.131833 0.157338 2.503195
0.700000 0.400000 1.115405 0.148136 2.459892
0.750000 0.400000 1.097690 0.139239 2.418305
0.800000 0.400000 1.079184 0.130733 2.378103
0.850000 0.400000 1.060274 0.122678 2.338985
0.900000 0.400000 1.041257 0.115117 2.300692
0.950000 0.400000 1.022352 0.108090 2.263007
1.000000 0.400000 1.003714 0.101635 2.225747
1.050000 0.400000 0.985445 0.095793 2.188766
1.100000 0.400000 0.967604 0.090602 2.151942
1.150000 0.400000 0.950214 0.086102 2.115180
1.200000 0.400000 0.933272 0.082328 2.078403
1.250000 0.400000 0.916752 0.079310 2.041550
1.300000 0.400000 0.900610 0.077066 2.004575
1.350000 0.400000 0.884793 0.075598 1.967444
1.400000 0.400000 0.869239 0.074887 1.930136
1.450000 0.400000 0.853886 0.074877 1.892636
1.500000 0.400000 0.838679 0.075469 1.854953
1.550000 0.400000 0.823574 0.076500 1.817077
1.600000 0.400000 0.808562 0.077713 1.779085
1.650000 0.400000 0.793657 0.078735 1.740897
1.700000 0.400000 0.778979 0.079029 1.702887
1.750000 0.400000 0.764636 0.077846 1.664413
1.800000 0.400000 0.751114 0.074158 1.627461
1.850000 0.400000 0.738469 0.066614 1.587779
1.900000 0.400000 0.728473 0.053386 1.556700
1.950000 0.400000 0.719587 0.032239 1.507744
2.000000 0.400000 0.719106 0.000000 1.507744

0.000000 0.450000 1.000000 0.000000 2.951191
0.050000 0.450000 1.010360 0.044198 2.951191
0.100000 0.450000 1.029566 0.085152 2.969715
0.150000 0.450000 1.057464 0.119803 2.954645
0.200000 0.450000 1.087498 0.147060 2.928559
0.250000 0.450000 1.116279 0.166952 2.889571
0.300000 0.450000 1.140913 0.180193 2.843734
0.350000 0.450000 1.159936 0.187859 2.793930
0.400000 0.450000 1.172777 0.191068 2.742844
0.450000 0.450000 1.179553 0.190857 2.692161
0.500000 0.450000 1.180795 0.188103 2.642874
0.550000 0.450000 1.177247 0.183514 2.595456
0.600000 0.450000 1.169724 0.177645 2.550013
0.650000 0.450000 1.159024 0.170919 2.506441
0.700000 0.450000 1.145871 0.163663 2.464517
0.750000 0.450000 1.130899 0.156124 2.423973
0.800000 0.450000 1.114641 0.148499 2.384535
0.850000 0.450000 1.097530 0.140945 2.345953
0.900000 0.450000 1.079913 0.133592 2.308003
0.950000 0.450000 1.062060 0.126554 2.270496
1.000000 0.450000 1.044173 0.119930 2.233275
1.050000 0.450000 1.026399 0.113810 2.196213
1.100000 0.450000 1.008839 0.108277 2.159206
1.150000 0.450000 0.991558 0.103404 2.122171
1.200000 0.450000 0.974589 0.099252 2.085043
1.250000 0.450000 0.957940 0.095873 2.047770
1.300000 0.450000 0.941602 0.093300 2.010313
1.350000 0.450000 0.925551 0.091547 1.972643
1.400000 0.450000 0.909753 0.090599 1.934743
1.450000 0.450000 0.894170 0.090401 1.896599
1.500000 0.450000 0.878763 0.090847 1.858222
1.550000 0.450000 0.863502 0.091754 1.819601
1.600000 0.450000 0.848380 0.092839 1.780817
1.650000 0.450000 0.833405 0.093676 1.741787
1.700000 0.450000 0.818684 0.093656 1.702898
1.750000 0.450000 0.804303 0.091922 1.663492
1.800000 0.450000 0.790726 0.087295 1.625616
1.850000 0.450000 0.777980 0.078210 1.584886
1.900000 0.450000 0.767859 0.062558 1.552974
1.950000 0.450000 0.758784 0.037708 1.502526
2.000000 0.450000 0.758280 0.000000 1.502526

0.000000 0.500000 1.000000 0.000000 2.914619
0.050000 0.500000 1.009012 0.031191 2.914619
0.100000 0.500000 1.026065 0.062597 2.931655
0.150000 0.500000 1.051402 0.091960 2.919097
0.200000 0.500000 1.079430 0.118022 2.896751
0.250000 0.500000 1.107159 0.139922 2.862381
0.300000 0.500000 1.131842 0.157357 2.821378
0.350000 0.500000 1.151935 0.170406 2.776223
0.400000 0.500000 1.166664 0.179401 2.729411
0.450000 0.500000 1.175910 0.184822 2.682517
0.500000 0.500000 1.179971 0.187199 2.636518
0.550000 0.500000 1.179395 0.187061 2.591903
0.600000 0.500000 1.174844 0.184902 2.548816
0.650000 0.500000 1.167003 0.181164 2.507194
0.700000 0.500000 1.156521 0.176233 2.466858
0.750000 0.500000 1.143986 0.170442 2.427582
0.800000 0.500000 1.129904 0.164076 2.389131
0.850000 0.500000 1.114702 0.157378 2.351286
0.900000 0.500000 1.098729 0.150560 2.313855
0.950000 0.500000 1.082265 0.143804 2.276676
1.000000 0.500000 1.065530 0.137270 2.239616
1.050000 0.500000 1.048693 0.131100 2.202569
1.100000 0.500000 1.031881 0.125416 2.165450
1.150000 0.500000 1.015184 0.120326 2.128194
1.200000 0.500000 0.998665 0.115920 2.090747
1.250000 0.500000 0.982362 0.112271 2.053070
1.300000 0.500000 0.966295 0.109429 2.015133
1.350000 0.500000 0.950471 0.107422 1.976915
1.400000 0.500000 0.934881 0.106243 1.938403
1.450000 0.500000 0.919511 0.105843 1.899590
1.500000 0.500000 0.904343 0.106112 1.860489
1.550000 0.500000 0.889353 0.106861 1.821097
1.600000 0.500000 0.874537 0.107783 1.781499
1.650000 0.500000 0.859891 0.108417 1.741620
1.700000 0.500000 0.845500 0.108087 1.701868
1.750000 0.500000 0.831415 0.105836 1.661577
1.800000 0.500000 0.818065 0.100331 1.622866
1.850000 0.500000 0.805435 0.089784 1.581238
1.900000 0.500000 0.795335 0.071775 1.548676
1.950000 0.500000 0.786154 0.043245 1.497078
2.000000 0.500000 0.785645 0.000000 1.497078

0.000000 0.550000 1.000000 0.000000 2.896465
0.050000 0.550000 1.008442 0.019567 2.896465
0.100000 0.550000 1.024155 0.042318 2.911227
0.150000 0.550000 1.047221 0.066699 2.898612
0.200000 0.550000 1.072591 0.091343 2.876665
0.250000 0.550000 1.097659 0.114664 2.843806
0.300000 0.550000 1.120074 0.135519 2.804922
0.350000 0.550000 1.138521 0.153144 2.762368
0.400000 0.550000 1.152337 0.167196 2.718376
0.450000 0.550000 1.161395 0.177650 2.674346
0.500000 0.550000 1.165919 0.184715 2.631109
0.550000 0.550000 1.166340 0.188736 2.589057
0.600000 0.550000 1.163189 0.190131 2.548274
0.650000 0.550000 1.157022 0.189335 2.508666
0.700000 0.550000 1.148378 0.186771 2.470045
0.750000 0.550000 1.137744 0.182832 2.432188
0.800000 0.550000 1.125551 0.177873 2.394877
0.850000 0.550000 1.112168 0.172210 2.357912
0.900000 0.550000 1.097902 0.166118 2.321125
0.950000 0.550000 1.083008 0.159840 2.284377
1.000000 0.550000 1.067691 0.153587 2.247560
1.050000 0.550000 1.052118 0.147544 2.210588
1.100000 0.550000 1.036418 0.141871 2.173397
1.150000 0.550000 1.020697 0.136703 2.135940
1.200000 0.550000 1.005035 0.132156 2.098179
1.250000 0.550000 0.989493 0.128322 2.060087
1.300000 0.550000 0.974117 0.125270 2.021646
1.350000 0.550000 0.958939 0.123038 1.982842
1.400000 0.550000 0.943978 0.121633 1.943670
1.450000 0.550000 0.929243 0.121013 1.904127
1.500000 0.550000 0.914733 0.121076 1.864231
1.550000 0.550000 0.900435 0.121631 1.823982
1.600000 0.550000 0.886342 0.122363 1.783476
1.650000 0.550000 0.872435 0.122786 1.742641
1.700000 0.550000 0.858766 0.122172 1.701912
1.750000 0.550000 0.845336 0.119472 1.660618
1.800000 0.550000 0.832525 0.113196 1.620966
1.850000 0.550000 0.820255 0.101322 1.578337
1.900000 0.550000 0.810338 0.081077 1.545060
1.950000 0.550000 0.801130 0.048921 1.492252
2.000000 0.550000 0.800633 0.000000 1.492252

0.000000 0.600000 1.000000 0.000000 2.890334
0.050000 0.600000 1.008591 0.008124 2.890334
0.100000 0.600000 1.023578 0.023140 2.900390
0.150000 0.600000 1.044349 0.043460 2.884744
0.200000 0.600000 1.066187 0.067318 2.859760
0.250000 0.600000 1.086905 0.092242 2.825531
0.300000 0.600000 1.104796 0.116283 2.786376
0.350000 0.600000 1.119045 0.137938 2.744704
0.400000 0.600000 1.129351 0.156324 2.702350
0.450000 0.600000 1.135773 0.171038 2.660461
0.500000 0.600000 1.138582 0.182053 2.619594
0.550000 0.600000 1.138153 0.189592 2.579949
0.600000 0.600000 1.134906 0.194022 2.541466
0.650000 0.600000 1.129256 0.195779 2.503961
0.700000 0.600000 1.121594 0.195318 2.467195
0.750000 0.600000 1.112273 0.193077 2.430924
0.800000 0.600000 1.101604 0.189461 2.394925
0.850000 0.600000 1.089857 0.184839 2.359010
0.900000 0.600000 1.077260 0.179534 2.323028
0.950000 0.600000 1.064010 0.173831 2.286862
1.000000 0.600000 1.050273 0.167979 2.250427
1.050000 0.600000 1.036187 0.162194 2.213660
1.100000 0.600000 1.021873 0.156660 2.176519
1.150000 0.600000 1.007433 0.151535 2.138975
1.200000 0.600000 0.992957 0.146953 2.101007
1.250000 0.600000 0.978522 0.143019 2.062604
1.300000 0.600000 0.964193 0.139817 2.023756
1.350000 0.600000 0.950027 0.137397 1.984459
1.400000 0.600000 0.936069 0.135777 1.944714
1.450000 0.600000 0.922349 0.134930 1.904520
1.500000 0.600000 0.908887 0.134764 1.863901
1.550000 0.600000 0.895680 0.135101 1.822858
1.600000 0.600000 0.882717 0.135631 1.781495
1.650000 0.600000 0.869960 0.135860 1.739747
1.700000 0.600000 0.857420 0.135027 1.698082
1.750000 0.600000 0.845032 0.132005 1.655825
1.800000 0.600000 0.833103 0.125154 1.615307
1.850000 0.600000 0.821462 0.112203 1.571785
1.900000 0.600000 0.811904 0.089976 1.538008
1.950000 0.600000 0.802753 0.054421 1.484386
2.000000 0.600000 0.802288 0.000000 1.484386

0.000000 0.650000 1.000000 0.000000 2.912872
0.050000 0.650000 1.009249 -0.002447 2.912872
0.100000 0.650000 1.023666 0.006643 2.916599
0.150000 0.650000 1.041422 0.024735 2.895442
0.200000 0.650000 1.058168 0.049290 2.864009
0.250000 0.650000 1.072336 0.076601 2.825622
0.300000 0.650000 1.083217 0.103910 2.783831
0.350000 0.650000 1.090744 0.129112 2.741338
0.400000 0.650000 1.095172 0.150982 2.699419
0.450000 0.650000 1.096848 0.168926 2.658881
0.500000 0.650000 1.096137 0.182835 2.619884
0.550000 0.650000 1.093370 0.192906 2.582340
0.600000 0.650000 1.088836 0.199517 2.545976
0.650000 0.650000 1.082781 0.203131 2.510468
0.700000 0.650000 1.075416 0.204234 2.475489
0.750000 0.650000 1.066923 0.203297 2.440750
0.800000 0.650000 1.057462 0.200761 2.406014
0.850000 0.650000 1.047172 0.197020 2.371094
0.900000 0.650000 1.036179 0.192425 2.335854
0.950000 0.650000 1.024597 0.187284 2.300196
1.000000 0.650000 1.012533 0.181861 2.264059
1.050000 0.650000 1.000086 0.176389 2.227403
1.100000 0.650000 0.987351 0.171062 2.190209
1.150000 0.650000 0.974421 0.166050 2.152468
1.200000 0.650000 0.961384 0.161493 2.114177
1.250000 0.650000 0.948327 0.157505 2.075337
1.300000 0.650000 0.935334 0.154175 2.035950
1.350000 0.650000 0.922483 0.151565 1.996017
1.400000 0.650000 0.909843 0.149705 1.955539
1.450000 0.650000 0.897469 0.148582 1.914514
1.500000 0.650000 0.885401 0.148123 1.872958
1.550000 0.650000 0.873651 0.148170 1.830861
1.600000 0.650000 0.862208 0.148437 1.788320
1.650000 0.650000 0.851013 0.148440 1.745251
1.700000 0.650000 0.840031 0.147410 1.702142
1.750000 0.650000 0.829114 0.144167 1.658274
1.800000 0.650000 0.818473 0.136925 1.616126
1.850000 0.650000 0.807792 0.123153 1.570735
1.900000 0.650000 0.798828 0.099199 1.535523
1.950000 0.650000 0.789785 0.060362 1.479558
2.000000 0.650000 0.789369 0.000000 1.479558

0.000000 0.700000 1.000000 0.000000 2.933578
0.050000 0.700000 1.010416 -0.015450 2.933578
0.100000 0.700000 1.023671 -0.010543 2.919281
0.150000 0.700000 1.036040 0.007808 2.887099
0.200000 0.700000 1.044698 0.035164 2.844135
0.250000 0.700000 1.049130 0.065964 2.798956
0.300000 0.700000 1.050106 0.096666 2.752897
0.350000 0.700000 1.048458 0.124783 2.708859
0.400000 0.700000 1.045040 0.149039 2.667095
0.450000 0.700000 1.040433 0.168903 2.627908
0.500000 0.700000 1.035027 0.184375 2.590911
0.550000 0.700000 1.029028 0.195748 2.555670
0.600000 0.700000 1.022534 0.203477 2.521656
0.650000 0.700000 1.015571 0.208075 2.488391
0.700000 0.700000 1.008135 0.210062 2.455456
0.750000 0.700000 1.000210 0.209928 2.422520
0.800000 0.700000 0.991782 0.208121 2.389329
0.850000 0.700000 0.982848 0.205042 2.355702
0.900000 0.700000 0.973419 0.201041 2.321518
0.950000 0.700000 0.963518 0.196422 2.286703
1.000000 0.700000 0.953186 0.191449 2.251218
1.050000 0.700000 0.942474 0.186348 2.215049
1.100000 0.700000 0.931447 0.181312 2.178198
1.150000 0.700000 0.920182 0.176504 2.140677
1.200000 0.700000 0.908764 0.172063 2.102501
1.250000 0.700000 0.897285 0.168102 2.063683
1.300000 0.700000 0.885844 0.164710 2.024234
1.350000 0.700000 0.874538 0.161955 1.984157
1.400000 0.700000 0.863459 0.159874 1.943455
1.450000 0.700000 0.852691 0.158473 1.902117
1.500000 0.700000 0.842298 0.157702 1.860148
1.550000 0.700000 0.832309 0.157438 1.817523
1.600000 0.700000 0.822722 0.157430 1.774329
1.650000 0.700000 0.813461 0.157240 1.730457
1.700000 0.700000 0.804448 0.156123 1.686423
1.750000 0.700000 0.795436 0.152885 1.641467
1.800000 0.700000 0.786512 0.145633 1.598291
1.850000 0.700000 0.777149 0.131581 1.551703
1.900000 0.700000 0.769012 0.106537 1.516025
1.950000 0.700000 0.760179 0.065177 1.459355
2.000000 0.700000 0.759829 0.000000 1.459355

0.000000 0.750000 1.000000 0.000000 3.049908
0.050000 0.750000 1.010530 -0.022851 3.049908
0.100000 0.750000 1.020023 -0.016110 3.011283
0.150000 0.750000 1.022547 0.006681 2.964024
0.200000 0.750000 1.018599 0.039244 2.903577
0.250000 0.750000 1.009354 0.074111 2.847976
0.300000 0.750000 0.997547 0.107482 2.794882
0.350000 0.750000 0.984824 0.137011 2.747593
0.400000 0.750000 0.972443 0.161809 2.704831
0.450000 0.750000 0.960972 0.181706 2.666197
0.500000 0.750000 0.950614 0.196983 2.630569
0.550000 0.750000 0.941305 0.208119 2.597067
0.600000 0.750000 0.932853 0.215674 2.564845
0.650000 0.750000 0.925013 0.220207 2.533239
0.700000 0.750000 0.917536 0.222250 2.501728
0.750000 0.750000 0.910199 0.222281 2.469928
0.800000 0.750000 0.902820 0.220727 2.437573
0.850000 0.750000 0.895255 0.217960 2.404489
0.900000 0.750000 0.887406 0.214303 2.370577
0.950000 0.750000 0.879214 0.210033 2.335787
1.000000 0.750000 0.870655 0.205390 2.300112
1.050000 0.750000 0.861738 0.200577 2.263567
1.100000 0.750000 0.852501 0.195768 2.226181
1.150000 0.750000 0.843001 0.191110 2.187989
1.200000 0.750000 0.833322 0.186727 2.149026
1.250000 0.750000 0.823557 0.182723 2.109319
1.300000 0.750000 0.813818 0.179181 2.068885
1.350000 0.750000 0.804218 0.176167 2.027727
1.400000 0.750000 0.794876 0.173726 1.985834
1.450000 0.750000 0.785900 0.171873 1.943172
1.500000 0.750000 0.777386 0.170588 1.899707
1.550000 0.750000 0.769392 0.169782 1.855353
1.600000 0.750000 0.761937 0.169259 1.810119
1.650000 0.750000 0.754947 0.168645 1.763783
1.700000 0.750000 0.748317 0.167258 1.716772
1.750000 0.750000 0.741704 0.163939 1.668105
1.800000 0.750000 0.735054 0.156727 1.620615
1.850000 0.750000 0.727533 0.142592 1.568432
1.900000 0.750000 0.720682 0.116684 1.527585
1.950000 0.750000 0.711990 0.072547 1.462067
2.000000 0.750000 0.711717 0.000000 1.462067

0.000000 0.800000 1.000000 0.000000 3.056315
0.050000 0.800000 1.007487 -0.041396 3.056315
0.100000 0.800000 1.007128 -0.029219 2.945420
0.150000 0.800000 0.990548 0.001977 2.873843
0.200000 0.800000 0.967296 0.041543 2.790203
0.250000 0.800000 0.940176 0.080103 2.725042
0.300000 0.800000 0.913717 0.114476 2.666930
0.350000 0.800000 0.889574 0.143216 2.618927
0.400000 0.800000 0.868761 0.166310 2.577435
0.450000 0.800000 0.851339 0.184207 2.541287
0.500000 0.800000 0.837025 0.197572 2.508640
0.550000 0.800000 0.825313 0.207089 2.478272
0.600000 0.800000 0.815652 0.213400 2.449123
0.650000 0.800000 0.807504 0.217074 2.420429
0.700000 0.800000 0.800393 0.218611 2.391624
0.750000 0.800000 0.793918 0.218438 2.362319
0.800000 0.800000 0.787753 0.216924 2.332258
0.850000 0.800000 0.781652 0.214381 2.301291
0.900000 0.800000 0.775432 0.211078 2.269341
0.950000 0.800000 0.768973 0.207245 2.236388
1.000000 0.800000 0.762207 0.203076 2.202448
1.050000 0.800000 0.755109 0.198737 2.167558
1.100000 0.800000 0.747695 0.194369 2.131768
1.150000 0.800000 0.740012 0.190092 2.095131
1.200000 0.800000 0.732136 0.186007 2.057693
1.250000 0.800000 0.724165 0.182198 2.019492
1.300000 0.800000 0.716215 0.178737 1.980550
1.350000 0.800000 0.708414 0.175681 1.940868
1.400000 0.800000 0.700897 0.173076 1.900428
1.450000 0.800000 0.693800 0.170951 1.859181
1.500000 0.800000 0.687247 0.169306 1.817070
1.550000 0.800000 0.681333 0.168098 1.773976
1.600000 0.800000 0.676112 0.167203 1.729870
1.650000 0.800000 0.671536 0.166343 1.684472
1.700000 0.800000 0.667499 0.164965 1.638207
1.750000 0.800000 0.663586 0.162041 1.589989
1.800000 0.800000 0.659599 0.155681 1.542975
1.850000 0.800000 0.654318 0.142744 1.490922
1.900000 0.800000 0.648999 0.117769 1.451575
1.950000 0.800000 0.640702 0.073721 1.388471
2.000000 0.800000 0.640512 0.000000 1.388471

0.000000 0.850000 1.000000 0.000000 3.525993
0.050000 0.850000 0.988589 -0.015871 3.525993
0.100000 0.850000 0.965317 0.019898 3.317844
0.150000 0.850000 0.918995 0.062887 3.207664
0.200000 0.850000 0.871489 0.106518 3.084992
0.250000 0.850000 0.825408 0.143743 3.001273
0.300000 0.850000 0.785778 0.174012 2.932119
0.350000 0.850000 0.752838 0.197617 2.879707
0.400000 0.850000 0.726515 0.215568 2.836898
0.450000 0.850000 0.705869 0.228840 2.801123
0.500000 0.850000 0.689917 0.238306 2.769404
0.550000 0.850000 0.677652 0.244688 2.739947
0.600000 0.850000 0.668181 0.248574 2.711358
0.650000 0.850000 0.660737 0.250443 2.682718
0.700000 0.850000 0.654689 0.250689 2.653402
0.750000 0.850000 0.649528 0.249635 2.623022
0.800000 0.850000 0.644855 0.247557 2.591354
0.850000 0.850000 0.640369 0.244683 2.558297
0.900000 0.850000 0.635851 0.241209 2.523832
0.950000 0.850000 0.631154 0.237302 2.487997
1.000000 0.850000 0.626188 0.233105 2.450866
1.050000 0.850000 0.620916 0.228738 2.412532
1.100000 0.850000 0.615341 0.224305 2.373094
1.150000 0.850000 0.609503 0.219895 2.332645
1.200000 0.850000 0.603473 0.215581 2.291269
1.250000 0.850000 0.597345 0.211427 2.249025
1.300000 0.850000 0.591237 0.207487 2.205950
1.350000 0.850000 0.585280 0.203805 2.162040
1.400000 0.850000 0.579622 0.200420 2.117253
1.450000 0.850000 0.574414 0.197359 2.071485
1.500000 0.850000 0.569811 0.194635 2.024582
1.550000 0.850000 0.565950 0.192232 1.976262
1.600000 0.850000 0.562946 0.190077 1.926252
1.650000 0.850000 0.560818 0.187980 1.873884
1.700000 0.850000 0.559534 0.185522 1.819071
1.750000 0.850000 0.558690 0.181839 1.759850
1.800000 0.850000 0.558052 0.175201 1.698821
1.850000 0.850000 0.555924 0.162385 1.627270
1.900000 0.850000 0.553368 0.137229 1.566694
1.950000 0.850000 0.544808 0.089766 1.464979
2.000000 0.850000 0.544700 0.000000 1.464979

0.000000 0.900000 1.000000 0.000000 3.050232
0.050000 0.900000 0.924295 -0.052860 3.050232
0.100000 0.900000 0.855938 0.002353 2.645748
0.150000 0.900000 0.767817 0.054344 2.523690
0.200000 0.900000 0.698057 0.096777 2.389424
0.250000 0.900000 0.640085 0.127527 2.312905
0.300000 0.900000 0.595553 0.149655 2.252165
0.350000 0.900000 0.561336 0.165404 2.209232
0.400000 0.900000 0.535646 0.176555 2.175222
0.450000 0.900000 0.516500 0.184318 2.147592
0.500000 0.900000 0.502385 0.189538 2.123416
0.550000 0.900000 0.492027 0.192804 2.101113
0.600000 0.900000 0.484423 0.194541 2.079472
0.650000 0.900000 0.478770 0.195067 2.057737
0.700000 0.900000 0.474442 0.194626 2.035401
0.750000 0.900000 0.470950 0.193413 2.012161
0.800000 0.900000 0.467922 0.191588 1.987849
0.850000 0.900000 0.465081 0.189285 1.962392
0.900000 0.900000 0.462228 0.186617 1.935789
0.950000 0.900000 0.459229 0.183678 1.908079
1.000000 0.900000 0.456002 0.180553 1.879330
1.050000 0.900000 0.452513 0.177310 1.849624
1.100000 0.900000 0.448763 0.174011 1.819046
1.150000 0.900000 0.444786 0.170706 1.787678
1.200000 0.900000 0.440640 0.167439 1.755590
1.250000 0.900000 0.436408 0.164248 1.722833
1.300000 0.900000 0.432190 0.161164 1.689438
1.350000 0.900000 0.428105 0.158217 1.655404
1.400000 0.900000 0.424285 0.155432 1.620697
1.450000 0.900000 0.420874 0.152833 1.585232
1.500000 0.900000 0.418029 0.150440 1.548888
1.550000 0.900000 0.415901 0.148263 1.511438
1.600000 0.900000 0.414643 0.146292 1.472682
1.650000 0.900000 0.414340 0.144459 1.432088
1.700000 0.900000 0.415052 0.142565 1.389728
1.750000 0.900000 0.416471 0.140098 1.343978
1.800000 0.900000 0.418406 0.135870 1.297812
1.850000 0.900000 0.418932 0.127263 1.243517
1.900000 0.900000 0.418476 0.108427 1.202618
1.950000 0.900000 0.410990 0.070713 1.134520
2.000000 0.900000 0.410950 0.000000 1.134520

0.000000 0.950000 1.000000 0.000000 5.304164
0.050000 0.950000 0.718538 0.221932 5.304164
0.100000 0.950000 0.605934 0.285781 4.422750
0.150000 0.950000 0.497158 0.313624 4.172293
0.200000 0.950000 0.428462 0.326836 3.951847
0.250000 0.950000 0.377784 0.335483 3.840807
0.300000 0.950000 0.342774 0.341096 3.763836
0.350000 0.950000 0.317798 0.344884 3.714578
0.400000 0.950000 0.300226 0.347208 3.677700
0.450000 0.950000 0.287836 0.348382 3.647792
0.500000 0.950000 0.279185 0.348576 3.620369
0.550000 0.950000 0.273187 0.347926 3.593114
0.600000 0.950000 0.269058 0.346530 3.564499
0.650000 0.950000 0.266208 0.344472 3.533685
0.700000 0.950000 0.264196 0.341828 3.500215
0.750000 0.950000 0.262691 0.338665 3.463909
0.800000 0.950000 0.261446 0.335051 3.424761
0.850000 0.950000 0.260280 0.331045 3.382888
0.900000 0.950000 0.259068 0.326708 3.338479
0.950000 0.950000 0.257726 0.322095 3.291769
1.000000 0.950000 0.256206 0.317256 3.243012
1.050000 0.950000 0.254490 0.312237 3.192466
1.100000 0.950000 0.252583 0.307080 3.140372
1.150000 0.950000 0.250509 0.301822 3.086953
1.200000 0.950000 0.248311 0.296492 3.032395
1.250000 0.950000 0.246046 0.291116 2.976840
1.300000 0.950000 0.243782 0.285715 2.920380
1.350000 0.950000 0.241603 0.280303 2.863039
1.400000 0.950000 0.239603 0.274888 2.804756
1.450000 0.950000 0.237895 0.269473 2.745353
1.500000 0.950000 0.236607 0.264048 2.684509
1.550000 0.950000 0.235886 0.258591 2.621639
1.600000 0.950000 0.235911 0.253055 2.555907
1.650000 0.950000 0.236858 0.247332 2.485727
1.700000 0.950000 0.238969 0.241231 2.409386
1.750000 0.950000 0.242251 0.234262 2.322230
1.800000 0.950000 0.247002 0.225533 2.223107
1.850000 0.950000 0.251461 0.212381 2.094157
1.900000 0.950000 0.256859 0.189306 1.960848
1.950000 0.950000 0.247410 0.137001 1.713728
2.000000 0.950000 0.247421 0.000000 1.713728

0.000000 1.000000 0.000000 0.000000 0.000000
0.050000 1.000000 0.000000 0.000000 0.000000
0.100000 1.000000 0.000000 0.000000 0.000000
0.150000 1.000000 0.000000 0.000000 0.000000
0.200000 1.000000 0.000000 0.000000 0.000000
0.250000 1.000000 0.000000 0.000000 0.000000
0.300000 1.000000 0.000000 0.000000 0.000000
0.350000 1.000000 0.000000 0.000000 0.000000
0.400000 1.000000 0.000000 0.000000 0.000000
0.450000 1.000000 0.000000 0.000000 0.000000
0.500000 1.000000 0.000000 0.000000 0.000000
0.550000 1.000000 0.000000 0.000000 0.000000
0.600000 1.000000 0.000000 0.000000 0.000000
0.650000 1.000000 0.000000 0.000000 0.000000
0.700000 1.000000 0.000000 0.000000 0.000000
0.750000 1.000000 0.000000 0.000000 0.000000
0.800000 1.000000 0.000000 0.000000 0.000000
0.850000 1.000000 0.000000 0.000000 0.000000
0.900000 1.000000 0.000000 0.000000 0.000000
0.950000 1.000000 0.000000 0.000000 0.000000
1.000000 1.000000 0.000000 0.000000 0.000000
1.050000 1.000000 0.000000 0.000000 0.000000
1.100000 1.000000 0.000000 0.000000 0.000000
1.150000 1.000000 0.000000 0.000000 0.000000
1.200000 1.000000 0.000000 0.000000 0.000000
1.250000 1.000000 0.000000 0.000000 0.000000
1.300000 1.000000 0.000000 0.000000 0.000000
1.350000 1.000000 0.000000 0.000000 0.000000
1.400000 1.000000 0.000000 0.000000 0.000000
1.450000 1.000000 0.000000 0.000000 0.000000
1.500000 1.000000 0.000000 0.000000 0.000000
1.550000 1.000000 0.000000 0.000000 0.000000
1.600000 1.000000 0.000000 0.000000 0.000000
1.650000 1.000000 0.000000 0.000000 0.000000
1.700000 1.000000 0.000000 0.000000 0.000000
1.750000 1.000000 0.000000 0.000000 0.000000
1.800000 1.000000 0.000000 0.000000 0.000000
1.850000 1.000000 0.000000 0.000000 0.000000
1.900000 1.000000 0.000000 0.000000 0.000000
1.950000 1.000000 0.000000 0.000000 0.000000
2.000000 1.000000 0.000000 0.000000 0.000000

