0.000000 0.000000 0.000000 0.000000 7.612194
0.050000 0.000000 0.000000 0.000000 7.612194
0.100000 0.000000 0.000000 0.000000 6.146853
0.150000 0.000000 0.000000 0.000000 5.656450
0.200000 0.000000 0.000000 0.000000 5.219658
0.250000 0.000000 0.000000 0.000000 4.981218
0.300000 0.000000 0.000000 0.000000 4.805609
0.350000 0.000000 0.000000 0.000000 4.684483
0.400000 0.000000 0.000000 0.000000 4.589533
0.450000 0.000000 0.000000 0.000000 4.512394
0.500000 0.000000 0.000000 0.000000 4.445280
0.550000 0.000000 0.000000 0.000000 4.384477
0.600000 0.000000 0.000000 0.000000 4.327280
0.650000 0.000000 0.000000 0.000000 4.272088
0.700000 0.000000 0.000000 0.000000 4.217797
0.750000 0.000000 0.000000 0.000000 4.163701
0.800000 0.000000 0.000000 0.000000 4.109330
0.850000 0.000000 0.000000 0.000000 4.054391
0.900000 0.000000 0.000000 0.000000 3.998706
0.950000 0.000000 0.000000 0.000000 3.942181
1.000000 0.000000 0.000000 0.000000 3.884784
1.050000 0.000000 0.000000 0.000000 3.826524
1.100000 0.000000 0.000000 0.000000 3.767447
1.150000 0.000000 0.000000 0.000000 3.707624
1.200000 0.000000 0.000000 0.000000 3.647150
1.250000 0.000000 0.000000 0.000000 3.586143
1.300000 0.000000 0.000000 0.000000 3.524743
1.350000 0.000000 0.000000 0.000000 3.463113
1.400000 0.000000 0.000000 0.000000 3.401449
1.450000 0.000000 0.000000 0.000000 3.339976
1.500000 0.000000 0.000000 0.000000 3.278979
1.550000 0.000000 0.000000 0.000000 3.218772
1.600000 0.000000 0.000000 0.000000 3.159824
1.650000 0.000000 0.000000 0.000000 3.102510
1.700000 0.000000 0.000000 0.000000 3.047763
1.750000 0.000000 0.000000 0.000000 2.995572
1.800000 0.000000 0.000000 0.000000 2.948527
1.850000 0.000000 0.000000 0.000000 2.903369
1.900000 0.000000 0.000000 0.000000 2.870604
1.950000 0.000000 0.000000 0.000000 2.828169
2.000000 0.000000 0.000000 0.000000 2.828169

0.000000 0.050000 1.000000 0.000000 7.612194
0.050000 0.050000 0.766404 0.138648 7.612194
0.100000 0.050000 0.690130 0.130792 6.146853
0.150000 0.050000 0.574627 0.104655 5.656450
0.200000 0.050000 0.495789 0.075884 5.219658
0.250000 0.050000 0.430654 0.054168 4.981218
0.300000 0.050000 0.382282 0.038758 4.805609
0.350000 0.050000 0.344612 0.028298 4.684483
0.400000 0.050000 0.315438 0.021185 4.589533
0.450000 0.050000 0.292274 0.016294 4.512394
0.500000 0.050000 0.273627 0.012863 4.445280
0.550000 0.050000 0.258317 0.010408 4.384477
0.600000 0.050000 0.245526 0.008624 4.327280
0.650000 0.050000 0.234633 0.007313 4.272088
0.700000 0.050000 0.225177 0.006345 4.217797
0.750000 0.050000 0.216806 0.005629 4.163701
0.800000 0.050000 0.209255 0.005099 4.109330
0.850000 0.050000 0.202319 0.004708 4.054391
0.900000 0.050000 0.195844 0.004422 3.998706
0.950000 0.050000 0.189712 0.004214 3.942181
1.000000 0.050000 0.183833 0.004067 3.884784
1.050000 0.050000 0.178133 0.003969 3.826524
1.100000 0.050000 0.172556 0.003909 3.767447
1.150000 0.050000 0.167054 0.003883 3.707624
1.200000 0.050000 0.161585 0.003887 3.647150
1.250000 0.050000 0.156111 0.003919 3.586143
1.300000 0.050000 0.150595 0.003980 3.524743
1.350000 0.050000 0.145000 0.004069 3.463113
1.400000 0.050000 0.139289 0.004191 3.401449
1.450000 0.050000 0.133420 0.004346 3.339976
1.500000 0.050000 0.127353 0.004538 3.278979
1.550000 0.050000 0.121045 0.004765 3.218772
1.600000 0.050000 0.114465 0.005020 3.159824
1.650000 0.050000 0.107585 0.005286 3.102510
1.700000 0.050000 0.100451 0.005527 3.047763
1.750000 0.050000 0.093077 0.005687 2.995572
1.800000 0.050000 0.085787 0.005660 2.948527
1.850000 0.050000 0.078530 0.005344 2.903369
1.900000 0.050000 0.072648 0.004453 2.870604
1.950000 0.050000 0.066907 0.002967 2.828169
2.000000 0.050000 0.066712 0.000000 2.828169

0.000000 0.100000 1.000000 0.000000 6.510220
0.050000 0.100000 0.972666 0.211154 6.510220
0.100000 0.100000 0.949086 0.220555 5.885444
0.150000 0.100000 0.877114 0.193657 5.590318
0.200000 0.100000 0.807449 0.153615 5.270981
0.250000 0.100000 0.737427 0.118934 5.060275
0.300000 0.100000 0.676224 0.091358 4.888140
0.350000 0.100000 0.623118 0.070766 4.758759
0.400000 0.100000 0.578257 0.055555 4.653461
0.450000 0.100000 0.540329 0.044349 4.566471
0.500000 0.100000 0.508245 0.036032 4.491059
0.550000 0.100000 0.480889 0.029810 4.423568
0.600000 0.100000 0.457339 0.025126 4.361115
0.650000 0.100000 0.436811 0.021588 4.301838
0.700000 0.100000 0.418667 0.018914 4.244392
0.750000 0.100000 0.402387 0.016895 4.187866
0.800000 0.100000 0.387556 0.015375 4.131624
0.850000 0.100000 0.373844 0.014234 4.075243
0.900000 0.100000 0.360994 0.013382 4.018444
0.950000 0.100000 0.348803 0.012752 3.961059
1.000000 0.100000 0.337112 0.012293 3.902999
1.050000 0.100000 0.325794 0.011972 3.844232
1.100000 0.100000 0.314747 0.011762 3.784775
1.150000 0.100000 0.303886 0.011647 3.724678
1.200000 0.100000 0.293137 0.011616 3.664023
1.250000 0.100000 0.282431 0.011665 3.602919
1.300000 0.100000 0.271706 0.011791 3.541499
1.350000 0.100000 0.260899 0.011996 3.479922
1.400000 0.100000 0.249948 0.012284 3.418381
1.450000 0.100000 0.238787 0.012659 3.357089
1.500000 0.100000 0.227356 0.013121 3.296318
1.550000 0.100000 0.215598 0.013662 3.236341
1.600000 0.100000 0.203483 0.014255 3.177576
1.650000 0.100000 0.190998 0.014847 3.120277
1.700000 0.100000 0.178250 0.015331 3.065283
1.750000 0.100000 0.165334 0.015555 3.012233
1.800000 0.100000 0.152794 0.015248 2.963773
1.850000 0.100000 0.140707 0.014135 2.915514
1.900000 0.100000 0.131042 0.011609 2.879648
1.950000 0.100000 0.122252 0.007468 2.828869
2.000000 0.100000 0.121857 0.000000 2.828869

0.000000 0.150000 1.000000 0.000000 5.983267
0.050000 0.150000 1.027310 0.188799 5.983267
0.100000 0.150000 1.043419 0.241336 5.666306
0.150000 0.150000 1.020624 0.242272 5.452427
0.200000 0.150000 0.981574 0.215302 5.214717
0.250000 0.150000 0.930467 0.182619 5.037898
0.300000 0.150000 0.877374 0.151242 4.887160
0.350000 0.150000 0.825559 0.124479 4.767548
0.400000 0.150000 0.777564 0.102615 4.667224
0.450000 0.150000 0.734015 0.085184 4.582179
0.500000 0.150000 0.695026 0.071410 4.507304
0.550000 0.150000 0.660257 0.060581 4.439604
0.600000 0.150000 0.629236 0.052095 4.376623
0.650000 0.150000 0.601430 0.045472 4.316697
0.700000 0.150000 0.576318 0.040326 4.258593
0.750000 0.150000 0.553420 0.036348 4.201442
0.800000 0.150000 0.532316 0.033287 4.144632
0.850000 0.150000 0.512650 0.030944 4.087738
0.900000 0.150000 0.494127 0.029158 4.030481
0.950000 0.150000 0.476506 0.027807 3.972683
1.000000 0.150000 0.459591 0.026797 3.914247
1.050000 0.150000 0.443226 0.026061 3.855138
1.100000 0.150000 0.427280 0.025550 3.795364
1.150000 0.150000 0.411643 0.025229 3.734971
1.200000 0.150000 0.396219 0.025078 3.674035
1.250000 0.150000 0.380921 0.025084 3.612660
1.300000 0.150000 0.365669 0.025243 3.550975
1.350000 0.150000 0.350384 0.025555 3.489132
1.400000 0.150000 0.334988 0.026023 3.427314
1.450000 0.150000 0.319405 0.026650 3.365724
1.500000 0.150000 0.303565 0.027428 3.304613
1.550000 0.150000 0.287408 0.028331 3.244228
1.600000 0.150000 0.270914 0.029295 3.184956
1.650000 0.150000 0.254093 0.030200 3.126985
1.700000 0.150000 0.237108 0.030831 3.071126
1.750000 0.150000 0.220125 0.030872 3.016846
1.800000 0.150000 0.203840 0.029835 2.966929
1.850000 0.150000 0.188439 0.027154 2.916324
1.900000 0.150000 0.176271 0.021912 2.878514
1.950000 0.150000 0.165647 0.013505 2.822691
2.000000 0.150000 0.165054 0.000000 2.822691

0.000000 0.200000 1.000000 0.000000 5.555654
0.050000 0.200000 1.032973 0.159394 5.555654
0.100000 0.200000 1.063408 0.230875 5.431163
0.150000 0.200000 1.072670 0.254035 5.301695
0.200000 0.200000 1.062903 0.245520 5.144070
0.250000 0.200000 1.036465 0.223743 5.008122
0.300000 0.200000 1.000455 0.197276 4.883511
0.350000 0.200000 0.959183 0.171278 4.777095
0.400000 0.200000 0.916341 0.147750 4.683743
0.450000 0.200000 0.874048 0.127404 4.601745
0.500000 0.200000 0.833631 0.110228 4.527948
0.550000 0.200000 0.795716 0.095964 4.460256
0.600000 0.200000 0.760528 0.084264 4.396781
0.650000 0.200000 0.728012 0.074776 4.336146
0.700000 0.200000 0.697959 0.067161 4.277271
0.750000 0.200000 0.670083 0.061109 4.219364
0.800000 0.200000 0.644073 0.056338 4.161843
0.850000 0.200000 0.619627 0.052602 4.104295
0.900000 0.200000 0.596474 0.049695 4.046437
0.950000 0.200000 0.574377 0.047447 3.988087
1.000000 0.200000 0.553138 0.045727 3.929141
1.050000 0.200000 0.532587 0.044432 3.869552
1.100000 0.200000 0.512584 0.043491 3.809324
1.150000 0.200000 0.493006 0.042852 3.748494
1.200000 0.200000 0.473748 0.042481 3.687134
1.250000 0.200000 0.454711 0.042357 3.625340
1.300000 0.200000 0.435806 0.042471 3.563234
1.350000 0.200000 0.416945 0.042821 3.500959
1.400000 0.200000 0.398043 0.043409 3.438686
1.450000 0.200000 0.379019 0.044231 3.376601
1.500000 0.200000 0.359799 0.045268 3.314936
1.550000 0.200000 0.340328 0.046470 3.253900
1.600000 0.200000 0.320594 0.047723 3.193844
1.650000 0.200000 0.300628 0.048826 3.134882
1.700000 0.200000 0.280632 0.049435 3.077792
1.750000 0.200000 0.260819 0.049049 3.021862
1.800000 0.200000 0.241984 0.046931 2.970015
1.850000 0.200000 0.224365 0.042209 2.916574
1.900000 0.200000 0.210557 0.033641 2.876325
1.950000 0.200000 0.198681 0.020256 2.815239
2.000000 0.200000 0.197900 0.000000 2.815239

0.000000 0.250000 1.000000 0.000000 5.298886
0.050000 0.250000 1.027484 0.127350 5.298886
0.100000 0.250000 1.059491 0.203932 5.256140
0.150000 0.250000 1.083516 0.242563 5.172631
0.200000 0.250000 1.092449 0.252043 5.065507
0.250000 0.250000 1.085524 0.244784 4.961092
0.300000 0.250000 1.066075 0.228408 4.860064
0.350000 0.250000 1.037487 0.208347 4.768500
0.400000 0.250000 1.003252 0.187565 4.684964
0.450000 0.250000 0.966036 0.167720 4.609043
0.500000 0.250000 0.927870 0.149605 4.539008
0.550000 0.250000 0.890112 0.133570 4.473528
0.600000 0.250000 0.853615 0.119708 4.411288
0.650000 0.250000 0.818823 0.107965 4.351255
0.700000 0.250000 0.785898 0.098192 4.292585
0.750000 0.250000 0.754814 0.090182 4.234632
0.800000 0.250000 0.725434 0.083698 4.176906
0.850000 0.250000 0.697569 0.078502 4.119055
0.900000 0.250000 0.671014 0.074370 4.060830
0.950000 0.250000 0.645572 0.071108 4.002070
1.000000 0.250000 0.621066 0.068554 3.942683
1.050000 0.250000 0.597336 0.066583 3.882629
1.100000 0.250000 0.574247 0.065099 3.821914
1.150000 0.250000 0.551677 0.064033 3.760574
1.200000 0.250000 0.529519 0.063340 3.698679
1.250000 0.250000 0.507673 0.062993 3.636320
1.300000 0.250000 0.486047 0.062975 3.573612
1.350000 0.250000 0.464551 0.063282 3.510690
1.400000 0.250000 0.443097 0.063912 3.447714
1.450000 0.250000 0.421603 0.064855 3.384852
1.500000 0.250000 0.399995 0.066076 3.322319
1.550000 0.250000 0.378217 0.067495 3.260297
1.600000 0.250000 0.356267 0.068945 3.199113
1.650000 0.250000 0.334181 0.070129 3.138830
1.700000 0.250000 0.312182 0.070565 3.080220
1.750000 0.250000 0.290502 0.069547 3.022449
1.800000 0.250000 0.269993 0.066077 2.968606
1.850000 0.250000 0.250900 0.058954 2.912523
1.900000 0.250000 0.235994 0.046603 2.870125
1.950000 0.250000 0.223220 0.027681 2.804751
2.000000 0.250000 0.222268 0.000000 2.804751

0.000000 0.300000 1.000000 0.000000 5.121336
0.050000 0.300000 1.020612 0.101408 5.121336
0.100000 0.300000 1.048791 0.174646 5.115570
0.150000 0.300000 1.076811 0.220973 5.063297
0.200000 0.300000 1.094968 0.243838 4.991683
0.250000 0.300000 1.100373 0.250223 4.913061
0.300000 0.300000 1.093369 0.245535 4.832556
0.350000 0.300000 1.075813 0.234246 4.755241
0.400000 0.300000 1.050315 0.219350 4.681804
0.450000 0.300000 1.019394 0.202906 4.612705
0.500000 0.300000 0.985269 0.186260 4.547261
0.550000 0.300000 0.949678 0.170312 4.484776
0.600000 0.300000 0.913890 0.155636 4.424436
0.650000 0.300000 0.878736 0.142566 4.365542
0.700000 0.300000 0.844703 0.131236 4.307488
0.750000 0.300000 0.812014 0.121633 4.249791
0.800000 0.300000 0.780719 0.113639 4.192076
0.850000 0.300000 0.750757 0.107075 4.134063
0.900000 0.300000 0.722015 0.101741 4.075555
0.950000 0.300000 0.694354 0.097443 4.016423
1.000000 0.300000 0.667636 0.094008 3.956596
1.050000 0.300000 0.641729 0.091295 3.896046
1.100000 0.300000 0.616511 0.089193 3.834785
1.150000 0.300000 0.591875 0.087622 3.772854
1.200000 0.300000 0.567720 0.086525 3.710319
1.250000 0.300000 0.543951 0.085868 3.647268
1.300000 0.300000 0.520481 0.085633 3.583811
1.350000 0.300000 0.497221 0.085811 3.520074
1.400000 0.300000 0.474086 0.086397 3.456203
1.450000 0.300000 0.450993 0.087373 3.392355
1.500000 0.300000 0.427871 0.088692 3.328724
1.550000 0.300000 0.404661 0.090240 3.265471
1.600000 0.300000 0.381359 0.091794 3.202904
1.650000 0.300000 0.358000 0.092964 3.141046
1.700000 0.300000 0.334806 0.093122 3.080676
1.750000 0.300000 0.312005 0.091353 3.020864
1.800000 0.300000 0.290474 0.086386 2.964866
1.850000 0.300000 0.270436 0.076681 2.906104
1.900000 0.300000 0.254794 0.060309 2.861548
1.950000 0.300000 0.241338 0.035542 2.792255
2.000000 0.300000 0.240234 0.000000 2.792255

0.000000 0.350000 1.000000 0.000000 5.004419
0.050000 0.350000 1.015066 0.080783 5.004419
0.100000 0.350000 1.038166 0.147393 5.012030
0.150000 0.350000 1.064760 0.196599 4.977550
0.200000 0.350000 1.085625 0.228625 4.927657
0.250000 0.350000 1.097047 0.246424 4.867266
0.300000 0.350000 1.097602 0.253024 4.802549
0.350000 0.350000 1.087825 0.251411 4.737425
0.400000 0.350000 1.069345 0.243997 4.673426
0.450000 0.350000 1.044195 0.232771 4.611344
0.500000 0.350000 1.014437 0.219328 4.551069
0.550000 0.350000 0.981877 0.204958 4.492297
0.600000 0.350000 0.947962 0.190661 4.434566
0.650000 0.350000 0.913746 0.177165 4.377441
0.700000 0.350000 0.879932 0.164928 4.320530
0.750000 0.350000 0.846932 0.154181 4.263509
0.800000 0.350000 0.814949 0.144971 4.206124
0.850000 0.350000 0.784045 0.137222 4.148184
0.900000 0.350000 0.754193 0.130789 4.089555
0.950000 0.350000 0.725322 0.125502 4.030153
1.000000 0.350000 0.697340 0.121195 3.969939
1.050000 0.350000 0.670152 0.117722 3.908906
1.100000 0.350000 0.643661 0.114967 3.847077
1.150000 0.350000 0.617778 0.112839 3.784499
1.200000 0.350000 0.592418 0.111278 3.721242
1.250000 0.350000 0.567499 0.110244 3.657392
1.300000 0.350000 0.542940 0.109717 3.593053
1.350000 0.350000 0.518662 0.109688 3.528342
1.400000 0.350000 0.494583 0.110150 3.463396
1.450000 0.350000 0.470624 0.111080 3.398357
1.500000 0.350000 0.446711 0.112416 3.333406
1.550000 0.350000 0.422784 0.114018 3.268686
1.600000 0.350000 0.398829 0.115608 3.204493
1.650000 0.350000 0.374867 0.116703 3.140824
1.700000 0.350000 0.351107 0.116531 3.078478
1.750000 0.350000 0.327751 0.113967 3.016456
1.800000 0.350000 0.305676 0.107457 2.958192
1.850000 0.350000 0.285067 0.095107 2.896761
1.900000 0.350000 0.268935 0.074600 2.850093
1.950000 0.350000 0.254940 0.043787 2.777244
2.000000 0.350000 0.253706 0.000000 2.777244

0.000000 0.400000 1.000000 0.000000 4.923437
0.050000 0.400000 1.011069 0.065012 4.923437
0.100000 0.400000 1.029416 0.124337 4.934450
0.150000 0.400000 1.052399 0.173679 4.910519
0.200000 0.400000 1.072266 0.211577 4.874165
0.250000 0.400000 1.085307 0.238303 4.826675
0.300000 0.400000 1.089333 0.254821 4.773852
0.350000 0.400000 1.084033 0.262553 4.718678
0.400000 0.400000 1.070261 0.263028 4.662891
0.450000 0.400000 1.049526 0.257852 4.607341
0.500000 0.400000 1.023579 0.248612 4.552181
0.550000 0.400000 0.994099 0.236817 4.497314
0.600000 0.400000 0.962524 0.223795 4.442493
0.650000 0.400000 0.929973 0.210621 4.387469
0.700000 0.400000 0.897245 0.198073 4.332012
0.750000 0.400000 0.864861 0.186637 4.275938
0.800000 0.400000 0.833124 0.176546 4.219103
0.850000 0.400000 0.802184 0.167850 4.161404
0.900000 0.400000 0.772090 0.160482 4.102777
0.950000 0.400000 0.742831 0.154312 4.043188
1.000000 0.400000 0.714364 0.149194 3.982632
1.050000 0.400000 0.686630 0.144990 3.921128
1.100000 0.400000 0.659566 0.141581 3.858717
1.150000 0.400000 0.633106 0.138879 3.795455
1.200000 0.400000 0.607186 0.136818 3.731415
1.250000 0.400000 0.581739 0.135359 3.666683
1.300000 0.400000 0.556701 0.134483 3.601358
1.350000 0.400000 0.532001 0.134181 3.535550
1.400000 0.400000 0.507567 0.134447 3.469384
1.450000 0.400000 0.483322 0.135258 3.402990
1.500000 0.400000 0.459195 0.136542 3.336535
1.550000 0.400000 0.435116 0.138137 3.270148
1.600000 0.400000 0.411061 0.139716 3.204117
1.650000 0.400000 0.387026 0.140712 3.138421
1.700000 0.400000 0.363192 0.140212 3.073886
1.750000 0.400000 0.339720 0.136881 3.009462
1.800000 0.400000 0.317467 0.128874 2.948769
1.850000 0.400000 0.296565 0.113923 2.884580
1.900000 0.400000 0.280119 0.089279 2.835748
1.950000 0.400000 0.265680 0.052323 2.759501
2.000000 0.400000 0.264334 0.000000 2.759501

0.000000 0.450000 1.000000 0.000000 4.868803
0.050000 0.450000 1.008349 0.052891 4.868803
0.100000 0.450000 1.022809 0.105580 4.879045
0.150000 0.450000 1.041705 0.153968 4.860811
0.200000 0.450000 1.058778 0.195748 4.832261
0.250000 0.450000 1.070723 0.229442 4.793287
0.300000 0.450000 1.075248 0.254370 4.748891
0.350000 0.450000 1.071673 0.270548 4.701378
0.400000 0.450000 1.060387 0.278565 4.652355
0.450000 0.450000 1.042488 0.279507 4.602556
0.500000 0.450000 1.019403 0.274807 4.552171
0.550000 0.450000 0.992590 0.266063 4.501152
0.600000 0.450000 0.963359 0.254836 4.449346
0.650000 0.450000 0.932771 0.242491 4.396605
0.700000 0.450000 0.901617 0.230087 4.342808
0.750000 0.450000 0.870443 0.218349 4.287876
0.800000 0.450000 0.839596 0.207693 4.231760
0.850000 0.450000 0.809276 0.198301 4.174439
0.900000 0.450000 0.779584 0.190186 4.115915
0.950000 0.450000 0.750558 0.183271 4.056204
1.000000 0.450000 0.722197 0.177438 3.995342
1.050000 0.450000 0.694482 0.172562 3.933377
1.100000 0.450000 0.667381 0.168531 3.870368
1.150000 0.450000 0.640857 0.165259 3.806384
1.200000 0.450000 0.614869 0.162683 3.741504
1.250000 0.450000 0.589372 0.160766 3.675812
1.300000 0.450000 0.564318 0.159493 3.609404
1.350000 0.450000 0.539653 0.158859 3.542381
1.400000 0.450000 0.515315 0.158863 3.474856
1.450000 0.450000 0.491235 0.159486 3.406946
1.500000 0.450000 0.467341 0.160654 3.338805
1.550000 0.450000 0.443558 0.162187 3.270543
1.600000 0.450000 0.419843 0.163722 3.202445
1.650000 0.450000 0.396163 0.164617 3.134473
1.700000 0.450000 0.372660 0.163827 3.067489
1.750000 0.450000 0.349436 0.159810 3.000397
1.800000 0.450000 0.327310 0.150420 2.937021
1.850000 0.450000 0.306344 0.132993 2.869848
1.900000 0.450000 0.289727 0.104287 2.818675
1.950000 0.450000 0.274908 0.061146 2.738957
2.000000 0.450000 0.273466 0.000000 2.738957

0.000000 0.500000 1.000000 0.000000 4.831720
0.050000 0.500000 1.006604 0.043345 4.831720
0.100000 0.500000 1.018101 0.090494 4.839274
0.150000 0.500000 1.033137 0.137815 4.823565
0.200000 0.500000 1.046672 0.182492 4.798972
0.250000 0.500000 1.055946 0.221828 4.765266
0.300000 0.500000 1.058961 0.253854 4.726576
0.350000 0.500000 1.055038 0.277398 4.684769
0.400000 0.500000 1.044398 0.292194 4.641147
0.450000 0.500000 1.027888 0.298814 4.596244
0.500000 0.500000 1.006663 0.298485 4.550140
0.550000 0.500000 0.981939 0.292832 4.502732
0.600000 0.500000 0.954824 0.283584 4.453866
0.650000 0.500000 0.926238 0.272332 4.403431
0.700000 0.500000 0.896883 0.260369 4.351369
0.750000 0.500000 0.867262 0.248625 4.297674
0.800000 0.500000 0.837714 0.237680 4.242373
0.850000 0.500000 0.808454 0.227828 4.185515
0.900000 0.500000 0.779611 0.219166 4.127162
0.950000 0.500000 0.751257 0.211665 4.067384
1.000000 0.500000 0.723429 0.205236 4.006253
1.050000 0.500000 0.696140 0.199772 3.943849
1.100000 0.500000 0.669392 0.195173 3.880249
1.150000 0.500000 0.643177 0.191358 3.815538
1.200000 0.500000 0.617482 0.188269 3.749798
1.250000 0.500000 0.592285 0.185876 3.683115
1.300000 0.500000 0.567560 0.184169 3.615579
1.350000 0.500000 0.543270 0.183152 3.547281
1.400000 0.500000 0.519369 0.182833 3.478321
1.450000 0.500000 0.495800 0.183201 3.408797
1.500000 0.500000 0.472493 0.184187 3.338849
1.550000 0.500000 0.449369 0.185607 3.268567
1.600000 0.500000 0.426366 0.187074 3.198228
1.650000 0.500000 0.403415 0.187883 3.127776
1.700000 0.500000 0.380609 0.186872 3.058112
1.750000 0.500000 0.357973 0.182300 2.988099
1.800000 0.500000 0.336268 0.171714 2.921784
1.850000 0.500000 0.315461 0.152021 2.851379
1.900000 0.500000 0.298808 0.119424 2.797688
1.950000 0.500000 0.283663 0.070151 2.714420
2.000000 0.500000 0.282138 0.000000 2.714420

0.000000 0.550000 1.000000 0.000000 4.812435
0.050000 0.550000 1.005571 0.035836 4.812435
0.100000 0.550000 1.014866 0.078834 4.816810
0.150000 0.550000 1.026406 0.125667 4.801580
0.200000 0.550000 1.036059 0.173075 4.778235
0.250000 0.550000 1.041657 0.217346 4.747339
0.300000 0.550000 1.041758 0.255461 4.712212
0.350000 0.550000 1.035958 0.285296 4.674492
0.400000 0.550000 1.024547 0.305896 4.635090
0.450000 0.550000 1.008263 0.317419 4.594281
0.500000 0.550000 0.988051 0.320930 4.551936
0.550000 0.550000 0.964876 0.318072 4.507820
0.600000 0.550000 0.939607 0.310705 4.461711
0.650000 0.550000 0.912963 0.300598 4.413484
0.700000 0.550000 0.885499 0.289226 4.363108
0.750000 0.550000 0.857626 0.277679 4.310625
0.800000 0.550000 0.829632 0.266661 4.256122
0.850000 0.550000 0.801720 0.256562 4.199708
0.900000 0.550000 0.774027 0.247539 4.141501
0.950000 0.550000 0.746649 0.239608 4.081619
1.000000 0.550000 0.719650 0.232708 4.020174
1.050000 0.550000 0.693076 0.226748 3.957274
1.100000 0.550000 0.666962 0.221641 3.893020
1.150000 0.550000 0.641328 0.217313 3.827507
1.200000 0.550000 0.616189 0.213717 3.760825
1.250000 0.550000 0.591551 0.210828 3.693058
1.300000 0.550000 0.567412 0.208644 3.624290
1.350000 0.550000 0.543757 0.207183 3.554597
1.400000 0.550000 0.520561 0.206464 3.484063
1.450000 0.550000 0.497781 0.206490 3.412763
1.500000 0.550000 0.475359 0.207207 3.340811
1.550000 0.550000 0.453212 0.208437 3.268270
1.600000 0.550000 0.431265 0.209784 3.195400
1.650000 0.550000 0.409409 0.210503 3.122113
1.700000 0.550000 0.387678 0.209333 3.049345
1.750000 0.550000 0.366002 0.204350 2.975902
1.800000 0.550000 0.345056 0.192789 2.906081
1.850000 0.550000 0.324673 0.171098 2.831783
1.900000 0.550000 0.308158 0.134837 2.774986
1.950000 0.550000 0.292729 0.079498 2.687408
2.000000 0.550000 0.291133 0.000000 2.687408

0.000000 0.600000 1.000000 0.000000 4.800944
0.050000 0.600000 1.005160 0.028998 4.800944
0.100000 0.600000 1.012771 0.069103 4.799420
0.150000 0.600000 1.020827 0.116407 4.782023
0.200000 0.600000 1.026062 0.166915 4.757036
0.250000 0.600000 1.026999 0.215833 4.726720
0.300000 0.600000 1.022993 0.259249 4.693375
0.350000 0.600000 1.014116 0.294305 4.658509
0.400000 0.600000 1.000880 0.319586 4.622468
0.450000 0.600000 0.983993 0.335004 4.585192
0.500000 0.600000 0.964211 0.341566 4.546235
0.550000 0.600000 0.942228 0.340969 4.505174
0.600000 0.600000 0.918636 0.335189 4.461672
0.650000 0.600000 0.893905 0.326133 4.415566
0.700000 0.600000 0.868406 0.315401 4.366830
0.750000 0.600000 0.842419 0.304188 4.315543
0.800000 0.600000 0.816161 0.293283 4.261844
0.850000 0.600000 0.789802 0.283133 4.205899
0.900000 0.600000 0.763477 0.273940 4.147876
0.950000 0.600000 0.737296 0.265748 4.087940
1.000000 0.600000 0.711349 0.258517 4.026242
1.050000 0.600000 0.685711 0.252172 3.962916
1.100000 0.600000 0.660445 0.246638 3.898086
1.150000 0.600000 0.635604 0.241850 3.831858
1.200000 0.600000 0.611231 0.237770 3.764327
1.250000 0.600000 0.587360 0.234382 3.695575
1.300000 0.600000 0.564016 0.231696 3.625676
1.350000 0.600000 0.541212 0.229741 3.554690
1.400000 0.600000 0.518948 0.228552 3.482678
1.450000 0.600000 0.497203 0.228152 3.409688
1.500000 0.600000 0.475936 0.228508 3.335800
1.550000 0.600000 0.455074 0.229464 3.261040
1.600000 0.600000 0.434529 0.230636 3.185640
1.650000 0.600000 0.414159 0.231263 3.109469
1.700000 0.600000 0.393929 0.230018 3.033492
1.750000 0.600000 0.373655 0.224821 2.956441
1.800000 0.600000 0.353889 0.212601 2.882911
1.850000 0.600000 0.334269 0.189328 2.804459
1.900000 0.600000 0.318113 0.149820 2.744440
1.950000 0.600000 0.302478 0.088736 2.652576
2.000000 0.600000 0.300824 0.000000 2.652576

0.000000 0.650000 1.000000 0.000000 4.819532
0.050000 0.650000 1.005014 0.024239 4.819532
0.100000 0.650000 1.010880 0.063741 4.811693
0.150000 0.650000 1.014776 0.113220 4.790998
0.200000 0.650000 1.014477 0.167734 4.762378
0.250000 0.650000 1.009430 0.221262 4.731166
0.300000 0.650000 1.000084 0.269199 4.698358
0.350000 0.650000 0.987122 0.308258 4.665514
0.400000 0.650000 0.971340 0.336866 4.632247
0.450000 0.650000 0.953395 0.354929 4.598088
0.500000 0.650000 0.933806 0.363531 4.562194
0.550000 0.650000 0.912940 0.364479 4.523900
0.600000 0.650000 0.891055 0.359854 4.482730
0.650000 0.650000 0.868341 0.351648 4.438464
0.700000 0.650000 0.844950 0.341527 4.391078
0.750000 0.650000 0.821019 0.330731 4.340690
0.800000 0.650000 0.796682 0.320077 4.287489
0.850000 0.650000 0.772071 0.310036 4.231699
0.900000 0.650000 0.747315 0.300827 4.173546
0.950000 0.650000 0.722537 0.292508 4.113239
1.000000 0.650000 0.697849 0.285054 4.050970
1.050000 0.650000 0.673354 0.278402 3.986904
1.100000 0.650000 0.649146 0.272486 3.921184
1.150000 0.650000 0.625304 0.267254 3.853931
1.200000 0.650000 0.601903 0.262675 3.785242
1.250000 0.650000 0.579005 0.258744 3.715196
1.300000 0.650000 0.556665 0.255481 3.643851
1.350000 0.650000 0.534927 0.252926 3.571249
1.400000 0.650000 0.513822 0.251133 3.497418
1.450000 0.650000 0.493361 0.250148 3.422363
1.500000 0.650000 0.473533 0.249964 3.346116
1.550000 0.650000 0.454282 0.250460 3.268637
1.600000 0.650000 0.435527 0.251284 3.190098
1.650000 0.650000 0.417099 0.251694 3.110277
1.700000 0.650000 0.398898 0.250338 3.030126
1.750000 0.650000 0.380599 0.245022 2.948228
1.800000 0.650000 0.362595 0.232398 2.869489
1.850000 0.650000 0.344237 0.207936 2.784941
1.900000 0.650000 0.328806 0.165582 2.719791
1.950000 0.650000 0.313015 0.098878 2.620609
2.000000 0.650000 0.311326 0.000000 2.620609

0.000000 0.700000 1.000000 0.000000 4.819336
0.050000 0.700000 1.005139 0.017088 4.819336
0.100000 0.700000 1.008436 0.057555 4.791627
0.150000 0.700000 1.005824 0.110972 4.761981
0.200000 0.700000 0.997553 0.170414 4.724952
0.250000 0.700000 0.984393 0.228312 4.690700
0.300000 0.700000 0.968223 0.279656 4.657274
0.350000 0.700000 0.950312 0.321135 4.626098
0.400000 0.700000 0.931626 0.351404 4.595549
0.450000 0.700000 0.912605 0.370631 4.564599
0.500000 0.700000 0.893385 0.380121 4.531879
0.550000 0.700000 0.873899 0.381827 4.496465
0.600000 0.700000 0.854011 0.377905 4.457734
0.650000 0.700000 0.833594 0.370366 4.415434
0.700000 0.700000 0.812575 0.360865 4.369557
0.750000 0.700000 0.790948 0.350614 4.320273
0.800000 0.700000 0.768772 0.340406 4.267834
0.850000 0.700000 0.746146 0.330694 4.212524
0.900000 0.700000 0.723198 0.321690 4.154623
0.950000 0.700000 0.700066 0.313452 4.094389
1.000000 0.700000 0.676886 0.305960 4.032046
1.050000 0.700000 0.653788 0.299160 3.967789
1.100000 0.700000 0.630891 0.292998 3.901777
1.150000 0.700000 0.608305 0.287429 3.834141
1.200000 0.700000 0.586130 0.282433 3.764979
1.250000 0.700000 0.564458 0.278012 3.694365
1.300000 0.700000 0.543374 0.274194 3.622342
1.350000 0.700000 0.522955 0.271033 3.548929
1.400000 0.700000 0.503269 0.268598 3.474121
1.450000 0.700000 0.484367 0.266955 3.397879
1.500000 0.700000 0.466280 0.266133 3.320180
1.550000 0.700000 0.448990 0.266057 3.240913
1.600000 0.700000 0.432442 0.266433 3.160180
1.650000 0.700000 0.416457 0.266581 3.077656
1.700000 0.700000 0.400881 0.265187 2.994281
1.750000 0.700000 0.385234 0.260023 2.908462
1.800000 0.700000 0.369700 0.247535 2.825502
1.850000 0.700000 0.353228 0.222719 2.735859
1.900000 0.700000 0.338948 0.178540 2.666945
1.950000 0.700000 0.323189 0.107407 2.562818
2.000000 0.700000 0.321502 0.000000 2.562818

0.000000 0.750000 1.000000 0.000000 4.934992
0.050000 0.750000 1.003405 0.019352 4.934992
0.100000 0.750000 1.000997 0.067644 4.888245
0.150000 0.750000 0.987714 0.128484 4.850844
0.200000 0.750000 0.967882 0.193867 4.804292
0.250000 0.750000 0.944056 0.255198 4.767187
0.300000 0.750000 0.919760 0.307951 4.733335
0.350000 0.750000 0.896554 0.349501 4.704263
0.400000 0.750000 0.875238 0.379227 4.676739
0.450000 0.750000 0.855720 0.397812 4.649085
0.500000 0.750000 0.837545 0.406869 4.619333
0.550000 0.750000 0.820088 0.408466 4.586294
0.600000 0.750000 0.802766 0.404748 4.549232
0.650000 0.750000 0.785131 0.397643 4.507898
0.700000 0.750000 0.766899 0.388696 4.462353
0.750000 0.750000 0.747948 0.379015 4.412856
0.800000 0.750000 0.728279 0.369314 4.359758
0.850000 0.750000 0.707979 0.359993 4.303432
0.900000 0.750000 0.687185 0.351236 4.244233
0.950000 0.750000 0.666052 0.343092 4.182480
1.000000 0.750000 0.644742 0.335544 4.118446
1.050000 0.750000 0.623410 0.328546 4.052357
1.100000 0.750000 0.602199 0.322054 3.984396
1.150000 0.750000 0.581242 0.316034 3.914706
1.200000 0.750000 0.560663 0.310473 3.843389
1.250000 0.750000 0.540580 0.305381 3.770511
1.300000 0.750000 0.521107 0.300793 3.696101
1.350000 0.750000 0.502353 0.296767 3.620142
1.400000 0.750000 0.484429 0.293380 3.542584
1.450000 0.750000 0.467432 0.290717 3.463317
1.500000 0.750000 0.451451 0.288835 3.382221
1.550000 0.750000 0.436529 0.287709 3.299046
1.600000 0.750000 0.422666 0.287117 3.213725
1.650000 0.750000 0.409712 0.286478 3.125679
1.700000 0.750000 0.397495 0.284582 3.035639
1.750000 0.750000 0.385387 0.279260 2.941546
1.800000 0.750000 0.373342 0.266856 2.848911
1.850000 0.750000 0.359737 0.241929 2.746877
1.900000 0.750000 0.347475 0.196288 2.666338
1.950000 0.750000 0.331692 0.120290 2.543616
2.000000 0.750000 0.330063 0.000000 2.543616

0.000000 0.800000 1.000000 0.000000 4.858562
0.050000 0.800000 0.998295 0.006570 4.858562
0.100000 0.800000 0.984037 0.063603 4.734758
0.150000 0.800000 0.951217 0.133081 4.675759
0.200000 0.800000 0.914223 0.203379 4.610388
0.250000 0.800000 0.876884 0.265384 4.568349
0.300000 0.800000 0.843839 0.316163 4.533634
0.350000 0.800000 0.815945 0.354591 4.507166
0.400000 0.800000 0.793147 0.381184 4.483328
0.450000 0.800000 0.774373 0.397273 4.459722
0.500000 0.800000 0.758353 0.404735 4.433796
0.550000 0.800000 0.743832 0.405632 4.404190
0.600000 0.800000 0.729790 0.401952 4.370118
0.650000 0.800000 0.715501 0.395402 4.331388
0.700000 0.800000 0.700532 0.387309 4.288137
0.750000 0.800000 0.684688 0.378601 4.240712
0.800000 0.800000 0.667952 0.369858 4.189537
0.850000 0.800000 0.650417 0.361397 4.135047
0.900000 0.800000 0.632239 0.353358 4.077646
0.950000 0.800000 0.613595 0.345775 4.017683
1.000000 0.800000 0.594669 0.338627 3.955454
1.050000 0.800000 0.575632 0.331879 3.891200
1.100000 0.800000 0.556645 0.325495 3.825111
1.150000 0.800000 0.537856 0.319453 3.757332
1.200000 0.800000 0.519405 0.313745 3.687962
1.250000 0.800000 0.501426 0.308384 3.617060
1.300000 0.800000 0.484056 0.303407 3.544639
1.350000 0.800000 0.467432 0.298872 3.470667
1.400000 0.800000 0.451700 0.294858 3.395061
1.450000 0.800000 0.437008 0.291457 3.317672
1.500000 0.800000 0.423505 0.288752 3.238321
1.550000 0.800000 0.411311 0.286769 3.156681
1.600000 0.800000 0.400510 0.285383 3.072589
1.650000 0.800000 0.391022 0.284165 2.985331
1.700000 0.800000 0.382708 0.282119 2.895558
1.750000 0.800000 0.374833 0.277315 2.800946
1.800000 0.800000 0.367115 0.266240 2.707438
1.850000 0.800000 0.357233 0.243282 2.603346
1.900000 0.800000 0.347555 0.199185 2.522772
1.950000 0.800000 0.332286 0.123123 2.400624
2.000000 0.800000 0.330792 0.000000 2.400624

0.000000 0.850000 1.000000 0.000000 5.392968
0.050000 0.850000 0.974933 0.054768 5.392968
0.100000 0.850000 0.934820 0.142295 5.208569
0.150000 0.850000 0.873678 0.223376 5.139045
0.200000 0.850000 0.816618 0.294646 5.061050
0.250000 0.850000 0.766334 0.351668 5.021516
0.300000 0.850000 0.726932 0.395289 4.992152
0.350000 0.850000 0.697190 0.426619 4.973140
0.400000 0.850000 0.675523 0.447312 4.955911
0.450000 0.850000 0.659599 0.459117 4.937250
0.500000 0.850000 0.647310 0.463879 4.914104
0.550000 0.850000 0.636861 0.463395 4.885141
0.600000 0.850000 0.626925 0.459292 4.849796
0.650000 0.850000 0.616626 0.452917 4.808192
0.700000 0.850000 0.605476 0.445289 4.760795
0.750000 0.850000 0.593279 0.437107 4.708243
0.800000 0.850000 0.580039 0.428804 4.651205
0.850000 0.850000 0.565878 0.420611 4.590303
0.900000 0.850000 0.550974 0.412630 4.526082
0.950000 0.850000 0.535524 0.404888 4.458994
1.000000 0.850000 0.519720 0.397374 4.389406
1.050000 0.850000 0.503741 0.390067 4.317609
1.100000 0.850000 0.487752 0.382947 4.243827
1.150000 0.850000 0.471904 0.376002 4.168226
1.200000 0.850000 0.456339 0.369234 4.090918
1.250000 0.850000 0.441198 0.362657 4.011961
1.300000 0.850000 0.426625 0.356301 3.931356
1.350000 0.850000 0.412776 0.350215 3.849038
1.400000 0.850000 0.399820 0.344464 3.764865
1.450000 0.850000 0.387950 0.339127 3.678583
1.500000 0.850000 0.377377 0.334284 3.589839
1.550000 0.850000 0.368310 0.329975 3.498028
1.600000 0.850000 0.360955 0.326139 3.402552
1.650000 0.850000 0.355374 0.322474 3.302023
1.700000 0.850000 0.351569 0.318220 3.196175
1.750000 0.850000 0.348848 0.311749 3.081157
1.800000 0.850000 0.346853 0.299897 2.961882
1.850000 0.850000 0.342434 0.276969 2.822440
1.900000 0.850000 0.337563 0.232586 2.703488
1.950000 0.850000 0.321830 0.150709 2.513130
2.000000 0.850000 0.320572 0.000000 2.513130

0.000000 0.900000 1.000000 0.000000 4.533522
0.050000 0.900000 0.909156 0.008505 4.533522
0.100000 0.900000 0.824063 0.107026 4.129387
0.150000 0.900000 0.724107 0.187917 4.036721
0.200000 0.900000 0.649699 0.248883 3.937634
0.250000 0.900000 0.592861 0.292009 3.896769
0.300000 0.900000 0.553541 0.322187 3.868562
0.350000 0.900000 0.526926 0.342494 3.853001
0.400000 0.900000 0.509697 0.355152 3.839950
0.450000 0.900000 0.498558 0.361833 3.826281
0.500000 0.900000 0.490980 0.363958 3.809015
0.550000 0.900000 0.485018 0.362774 3.786969
0.600000 0.900000 0.479345 0.359343 3.759643
0.650000 0.900000 0.473142 0.354517 3.727158
0.700000 0.900000 0.465992 0.348921 3.689922
0.750000 0.900000 0.457762 0.342973 3.648489
0.800000 0.900000 0.448497 0.336925 3.603428
0.850000 0.900000 0.438337 0.330908 3.555269
0.900000 0.900000 0.427463 0.324978 3.504468
0.950000 0.900000 0.416064 0.319146 3.451402
1.000000 0.900000 0.404315 0.313407 3.396378
1.050000 0.900000 0.392378 0.307748 3.339635
1.100000 0.900000 0.380396 0.302161 3.281356
1.150000 0.900000 0.368501 0.296641 3.221678
1.200000 0.900000 0.356818 0.291191 3.160691
1.250000 0.900000 0.345469 0.285821 3.098441
1.300000 0.900000 0.334585 0.280554 3.034927
1.350000 0.900000 0.324309 0.275421 2.970094
1.400000 0.900000 0.314806 0.270468 2.903824
1.450000 0.900000 0.306270 0.265754 2.835908
1.500000 0.900000 0.298932 0.261346 2.766060
1.550000 0.900000 0.293042 0.257302 2.693785
1.600000 0.900000 0.288885 0.253638 2.618625
1.650000 0.900000 0.286644 0.250242 2.539457
1.700000 0.900000 0.286486 0.246734 2.456269
1.750000 0.900000 0.287889 0.242123 2.365815
1.800000 0.900000 0.290555 0.234235 2.273441
1.850000 0.900000 0.290948 0.218453 2.164841
1.900000 0.900000 0.289883 0.184953 2.080048
1.950000 0.900000 0.276066 0.119571 1.946099
2.000000 0.900000 0.275151 0.000000 1.946099

0.000000 0.950000 1.000000 0.000000 7.372251
0.050000 0.950000 0.696775 0.362954 7.372251
0.100000 0.950000 0.566441 0.485500 6.693342
0.150000 0.950000 0.454998 0.543739 6.593432
0.200000 0.950000 0.388988 0.575815 6.508966
0.250000 0.950000 0.344703 0.597511 6.506568
0.300000 0.950000 0.317992 0.612347 6.515106
0.350000 0.950000 0.302193 0.622269 6.529255
0.400000 0.950000 0.293734 0.628013 6.535502
0.450000 0.950000 0.289591 0.630234 6.530250
0.500000 0.950000 0.287694 0.629510 6.511201
0.550000 0.950000 0.286563 0.626438 6.478514
0.600000 0.950000 0.285265 0.621575 6.433260
0.650000 0.950000 0.283276 0.615405 6.377094
0.700000 0.950000 0.280375 0.608313 6.311769
0.750000 0.950000 0.276540 0.600581 6.238924
0.800000 0.950000 0.271860 0.592402 6.159953
0.850000 0.950000 0.266477 0.583899 6.075985
0.900000 0.950000 0.260544 0.575148 5.987896
0.950000 0.950000 0.254211 0.566195 5.896357
1.000000 0.950000 0.247607 0.557068 5.801878
1.050000 0.950000 0.240846 0.547787 5.704845
1.100000 0.950000 0.234029 0.538368 5.605550
1.150000 0.950000 0.227243 0.528823 5.504208
1.200000 0.950000 0.220574 0.519165 5.400971
1.250000 0.950000 0.214105 0.509403 5.295926
1.300000 0.950000 0.207925 0.499551 5.189091
1.350000 0.950000 0.202138 0.489618 5.080395
1.400000 0.950000 0.196868 0.479615 4.969653
1.450000 0.950000 0.192273 0.469549 4.856494
1.500000 0.950000 0.188554 0.459418 4.740311
1.550000 0.950000 0.185964 0.449196 4.620019
1.600000 0.950000 0.184833 0.438809 4.494080
1.650000 0.950000 0.185497 0.428065 4.359550
1.700000 0.950000 0.188412 0.416600 4.213279
1.750000 0.950000 0.193587 0.403501 4.046815
1.800000 0.950000 0.201509 0.387193 3.858281
1.850000 0.950000 0.208953 0.363103 3.616535
1.900000 0.950000 0.218008 0.322225 3.368185
1.950000 0.950000 0.201147 0.232195 2.925385
2.000000 0.950000 0.200679 0.000000 2.925385

0.000000 1.000000 0.000000 0.000000 0.000000
0.050000 1.000000 0.000000 0.000000 0.000000
0.100000 1.000000 0.000000 0.000000 0.000000
0.150000 1.000000 0.000000 0.000000 0.000000
0.200000 1.000000 0.000000 0.000000 0.000000
0.250000 1.000000 0.000000 0.000000 0.000000
0.300000 1.000000 0.000000 0.000000 0.000000
0.350000 1.000000 0.000000 0.000000 0.000000
0.400000 1.000000 0.000000 0.000000 0.000000
0.450000 1.000000 0.000000 0.000000 0.000000
0.500000 1.000000 0.000000 0.000000 0.000000
0.550000 1.000000 0.000000 0.000000 0.000000
0.600000 1.000000 0.000000 0.000000 0.000000
0.650000 1.000000 0.000000 0.000000 0.000000
0.700000 1.000000 0.000000 0.000000 0.000000
0.750000 1.000000 0.000000 0.000000 0.000000
0.800000 1.000000 0.000000 0.000000 0.000000
0.850000 1.000000 0.000000 0.000000 0.000000
0.900000 1.000000 0.000000 0.000000 0.000000
0.950000 1.000000 0.000000 0.000000 0.000000
1.000000 1.000000 0.000000 0.000000 0.000000
1.050000 1.000000 0.000000 0.000000 0.000000
1.100000 1.000000 0.000000 0.000000 0.000000
1.150000 1.000000 0.000000 0.000000 0.000000
1.200000 1.000000 0.000000 0.000000 0.000000
1.250000 1.000000 0.000000 0.000000 0.000000
1.300000 1.000000 0.000000 0.000000 0.000000
1.350000 1.000000 0.000000 0.000000 0.000000
1.400000 1.000000 0.000000 0.000000 0.000000
1.450000 1.000000 0.000000 0.000000 0.000000
1.500000 1.000000 0.000000 0.000000 0.000000
1.550000 1.000000 0.000000 0.000000 0.000000
1.600000 1.000000 0.000000 0.000000 0.000000
1.650000 1.000000 0.000000 0.000000 0.000000
1.700000 1.000000 0.000000 0.000000 0.000000
1.750000 1.000000 0.000000 0.000000 0.000000
1.800000 1.000000 0.000000 0.000000 0.000000
1.850000 1.000000 0.000000 0.000000 0.000000
1.900000 1.000000 0.000000 0.000000 0.000000
1.950000 1.000000 0.000000 0.000000 0.000000
2.000000 1.000000 0.000000 0.000000 0.000000

