0.000000 0.000000 0.000000 0.000000 5.204679
0.050000 0.000000 0.000000 0.000000 5.204679
0.100000 0.000000 0.000000 0.000000 3.739576
0.150000 0.000000 0.000000 0.000000 3.249794
0.200000 0.000000 0.000000 0.000000 2.814083
0.250000 0.000000 0.000000 0.000000 2.577316
0.300000 0.000000 0.000000 0.000000 2.404185
0.350000 0.000000 0.000000 0.000000 2.286563
0.400000 0.000000 0.000000 0.000000 2.196372
0.450000 0.000000 0.000000 0.000000 2.125459
0.500000 0.000000 0.000000 0.000000 2.066228
0.550000 0.000000 0.000000 0.000000 2.015119
0.600000 0.000000 0.000000 0.000000 1.969546
0.650000 0.000000 0.000000 0.000000 1.927972
0.700000 0.000000 0.000000 0.000000 1.889320
0.750000 0.000000 0.000000 0.000000 1.852858
0.800000 0.000000 0.000000 0.000000 1.818059
0.850000 0.000000 0.000000 0.000000 1.784539
0.900000 0.000000 0.000000 0.000000 1.752009
0.950000 0.000000 0.000000 0.000000 1.720252
1.000000 0.000000 0.000000 0.000000 1.689098
1.050000 0.000000 0.000000 0.000000 1.658417
1.100000 0.000000 0.000000 0.000000 1.628109
1.150000 0.000000 0.000000 0.000000 1.598099
1.200000 0.000000 0.000000 0.000000 1.568328
1.250000 0.000000 0.000000 0.000000 1.538759
1.300000 0.000000 0.000000 0.000000 1.509367
1.350000 0.000000 0.000000 0.000000 1.480148
1.400000 0.000000 0.000000 0.000000 1.451109
1.450000 0.000000 0.000000 0.000000 1.422280
1.500000 0.000000 0.000000 0.000000 1.393715
1.550000 0.000000 0.000000 0.000000 1.365486
1.600000 0.000000 0.000000 0.000000 1.337733
1.650000 0.000000 0.000000 0.000000 1.310564
1.700000 0.000000 0.000000 0.000000 1.284345
1.750000 0.000000 0.000000 0.000000 1.259050
1.800000 0.000000 0.000000 0.000000 1.235872
1.850000 0.000000 0.000000 0.000000 1.213394
1.900000 0.000000 0.000000 0.000000 1.196716
1.950000 0.000000 0.000000 0.000000 1.175572
2.000000 0.000000 0.000000 0.000000 1.175572

0.000000 0.050000 1.000000 0.000000 5.204679
0.050000 0.050000 0.766289 0.138763 5.204679
0.100000 0.050000 0.689904 0.130932 3.739576
0.150000 0.050000 0.574350 0.104773 3.249794
0.200000 0.050000 0.495584 0.075947 2.814083
0.250000 0.050000 0.430664 0.054166 2.577316
0.300000 0.050000 0.382648 0.038695 2.404185
0.350000 0.050000 0.345456 0.028186 2.286563
0.400000 0.050000 0.316852 0.021034 2.196372
0.450000 0.050000 0.294326 0.016111 2.125459
0.500000 0.050000 0.276368 0.012644 2.066228
0.550000 0.050000 0.261797 0.010141 2.015119
0.600000 0.050000 0.249806 0.008289 1.969546
0.650000 0.050000 0.239798 0.006886 1.927972
0.700000 0.050000 0.231341 0.005803 1.889320
0.750000 0.050000 0.224112 0.004952 1.852858
0.800000 0.050000 0.217867 0.004272 1.818059
0.850000 0.050000 0.212419 0.003724 1.784539
0.900000 0.050000 0.207624 0.003276 1.752009
0.950000 0.050000 0.203367 0.002909 1.720252
1.000000 0.050000 0.199557 0.002604 1.689098
1.050000 0.050000 0.196117 0.002353 1.658417
1.100000 0.050000 0.192986 0.002145 1.628109
1.150000 0.050000 0.190110 0.001976 1.598099
1.200000 0.050000 0.187442 0.001840 1.568328
1.250000 0.050000 0.184940 0.001734 1.538759
1.300000 0.050000 0.182567 0.001656 1.509367
1.350000 0.050000 0.180285 0.001605 1.480148
1.400000 0.050000 0.178060 0.001581 1.451109
1.450000 0.050000 0.175858 0.001584 1.422280
1.500000 0.050000 0.173646 0.001615 1.393715
1.550000 0.050000 0.171388 0.001673 1.365486
1.600000 0.050000 0.169055 0.001759 1.337733
1.650000 0.050000 0.166613 0.001870 1.310564
1.700000 0.050000 0.164054 0.001996 1.284345
1.750000 0.050000 0.161344 0.002122 1.259050
1.800000 0.050000 0.158582 0.002208 1.235872
1.850000 0.050000 0.155685 0.002201 1.213394
1.900000 0.050000 0.153232 0.001951 1.196716
1.950000 0.050000 0.150617 0.001382 1.175572
2.000000 0.050000 0.150615 0.000000 1.175572

0.000000 0.100000 1.000000 0.000000 4.102453
0.050000 0.100000 0.972597 0.211358 4.102453
0.100000 0.100000 0.949071 0.220705 3.478156
0.150000 0.100000 0.877444 0.193619 3.183507
0.200000 0.100000 0.808505 0.153300 2.864929
0.250000 0.100000 0.739638 0.118322 2.655402
0.300000 0.100000 0.680002 0.090471 2.485203
0.350000 0.100000 0.628819 0.069652 2.358785
0.400000 0.100000 0.586154 0.054270 2.257746
0.450000 0.100000 0.550612 0.042937 2.176525
0.500000 0.100000 0.521036 0.034509 2.108573
0.550000 0.100000 0.496271 0.028165 2.050363
0.600000 0.100000 0.475389 0.023321 1.999112
0.650000 0.100000 0.457626 0.019567 1.953010
0.700000 0.100000 0.442383 0.016619 1.910736
0.750000 0.100000 0.429184 0.014272 1.871359
0.800000 0.100000 0.417657 0.012382 1.834194
0.850000 0.100000 0.407507 0.010845 1.798739
0.900000 0.100000 0.398499 0.009582 1.764613
0.950000 0.100000 0.390443 0.008539 1.731532
1.000000 0.100000 0.383185 0.007673 1.699275
1.050000 0.100000 0.376595 0.006953 1.667674
1.100000 0.100000 0.370567 0.006357 1.636599
1.150000 0.100000 0.365006 0.005866 1.605952
1.200000 0.100000 0.359832 0.005470 1.575661
1.250000 0.100000 0.354969 0.005158 1.545673
1.300000 0.100000 0.350352 0.004925 1.515958
1.350000 0.100000 0.345918 0.004768 1.486501
1.400000 0.100000 0.341605 0.004683 1.457305
1.450000 0.100000 0.337358 0.004670 1.428392
1.500000 0.100000 0.333121 0.004728 1.399809
1.550000 0.100000 0.328842 0.004856 1.371610
1.600000 0.100000 0.324478 0.005048 1.343918
1.650000 0.100000 0.319988 0.005291 1.316793
1.700000 0.100000 0.315374 0.005557 1.290563
1.750000 0.100000 0.310617 0.005798 1.265055
1.800000 0.100000 0.305886 0.005911 1.241460
1.850000 0.100000 0.301130 0.005759 1.217843
1.900000 0.100000 0.297180 0.005016 1.199964
1.950000 0.100000 0.293288 0.003434 1.175166
2.000000 0.100000 0.293284 0.000000 1.175166

0.000000 0.150000 1.000000 0.000000 3.574595
0.050000 0.150000 1.027431 0.188899 3.574595
0.100000 0.150000 1.044040 0.241036 3.258702
0.150000 0.150000 1.022461 0.241285 3.045286
0.200000 0.150000 0.985445 0.213450 2.808110
0.250000 0.150000 0.937264 0.179867 2.631955
0.300000 0.150000 0.887930 0.147667 2.482512
0.350000 0.150000 0.840582 0.120231 2.365177
0.400000 0.150000 0.797582 0.097871 2.268467
0.450000 0.150000 0.759367 0.080100 2.188620
0.500000 0.150000 0.725884 0.066092 2.120719
0.550000 0.150000 0.696672 0.055061 2.061897
0.600000 0.150000 0.671202 0.046341 2.009780
0.650000 0.150000 0.648932 0.039400 1.962750
0.700000 0.150000 0.629374 0.033832 1.919580
0.750000 0.150000 0.612109 0.029326 1.879379
0.800000 0.150000 0.596777 0.025647 1.841476
0.850000 0.150000 0.583083 0.022619 1.805367
0.900000 0.150000 0.570778 0.020109 1.770669
0.950000 0.150000 0.559654 0.018018 1.737086
1.000000 0.150000 0.549537 0.016269 1.704390
1.050000 0.150000 0.540277 0.014805 1.672405
1.100000 0.150000 0.531747 0.013583 1.640995
1.150000 0.150000 0.523833 0.012572 1.610056
1.200000 0.150000 0.516435 0.011747 1.579509
1.250000 0.150000 0.509461 0.011090 1.549300
1.300000 0.150000 0.502828 0.010591 1.519392
1.350000 0.150000 0.496456 0.010239 1.489765
1.400000 0.150000 0.490271 0.010030 1.460418
1.450000 0.150000 0.484202 0.009958 1.431366
1.500000 0.150000 0.478186 0.010019 1.402644
1.550000 0.150000 0.472161 0.010203 1.374295
1.600000 0.150000 0.466084 0.010493 1.346421
1.650000 0.150000 0.459917 0.010856 1.319054
1.700000 0.150000 0.453678 0.011229 1.292496
1.750000 0.150000 0.447371 0.011508 1.266496
1.800000 0.150000 0.441213 0.011505 1.242272
1.850000 0.150000 0.435190 0.010946 1.217609
1.900000 0.150000 0.430269 0.009327 1.198773
1.950000 0.150000 0.425640 0.006112 1.171595
2.000000 0.150000 0.425634 0.000000 1.171595

0.000000 0.200000 1.000000 0.000000 3.145940
0.050000 0.200000 1.033385 0.158990 3.145940
0.100000 0.200000 1.064987 0.229269 3.023550
0.150000 0.200000 1.076734 0.250728 2.894767
0.200000 0.200000 1.070868 0.240217 2.737613
0.250000 0.200000 1.049842 0.216420 2.601787
0.300000 0.200000 1.020634 0.188132 2.477644
0.350000 0.200000 0.987329 0.160670 2.372516
0.400000 0.200000 0.953299 0.136101 2.281770
0.450000 0.200000 0.920323 0.115115 2.204031
0.500000 0.200000 0.889416 0.097602 2.136387
0.550000 0.200000 0.860966 0.083169 2.076881
0.600000 0.200000 0.835048 0.071328 2.023704
0.650000 0.200000 0.811550 0.061617 1.975501
0.700000 0.200000 0.790280 0.053628 1.931186
0.750000 0.200000 0.771013 0.047028 1.889924
0.800000 0.200000 0.753528 0.041544 1.851067
0.850000 0.200000 0.737615 0.036962 1.814112
0.900000 0.200000 0.723083 0.033115 1.778668
0.950000 0.200000 0.709763 0.029872 1.744428
1.000000 0.200000 0.697501 0.027132 1.711154
1.050000 0.200000 0.686163 0.024817 1.678661
1.100000 0.200000 0.675625 0.022868 1.646802
1.150000 0.200000 0.665778 0.021240 1.615466
1.200000 0.200000 0.656518 0.019899 1.584569
1.250000 0.200000 0.647751 0.018819 1.554048
1.300000 0.200000 0.639389 0.017982 1.523862
1.350000 0.200000 0.631348 0.017374 1.493986
1.400000 0.200000 0.623549 0.016985 1.464410
1.450000 0.200000 0.615917 0.016803 1.435140
1.500000 0.200000 0.608387 0.016818 1.406199
1.550000 0.200000 0.600898 0.017008 1.377613
1.600000 0.200000 0.593412 0.017340 1.349462
1.650000 0.200000 0.585900 0.017753 1.321742
1.700000 0.200000 0.578397 0.018144 1.294725
1.750000 0.200000 0.570925 0.018345 1.268080
1.800000 0.200000 0.563738 0.018073 1.243042
1.850000 0.200000 0.556836 0.016918 1.217137
1.900000 0.200000 0.551268 0.014191 1.197126
1.950000 0.200000 0.546133 0.009081 1.167456
2.000000 0.200000 0.546125 0.000000 1.167456

0.000000 0.250000 1.000000 0.000000 2.888069
0.050000 0.250000 1.028246 0.125933 2.888069
0.100000 0.250000 1.062226 0.199916 2.848799
0.150000 0.250000 1.090264 0.235175 2.766481
0.200000 0.250000 1.105329 0.240845 2.660078
0.250000 0.250000 1.106763 0.229796 2.555452
0.300000 0.250000 1.097704 0.210039 2.454129
0.350000 0.250000 1.081192 0.187298 2.362773
0.400000 0.250000 1.060234 0.164669 2.280627
0.450000 0.250000 1.036977 0.143788 2.207761
0.500000 0.250000 1.012966 0.125291 2.142787
0.550000 0.250000 0.989173 0.109296 2.084567
0.600000 0.250000 0.966189 0.095647 2.031876
0.650000 0.250000 0.944331 0.084077 1.983698
0.700000 0.250000 0.923746 0.074293 1.939156
0.750000 0.250000 0.904473 0.066013 1.897542
0.800000 0.250000 0.886485 0.058990 1.858277
0.850000 0.250000 0.869720 0.053016 1.820898
0.900000 0.250000 0.854099 0.047920 1.785035
0.950000 0.250000 0.839529 0.043563 1.750393
1.000000 0.250000 0.825918 0.039836 1.716738
1.050000 0.250000 0.813171 0.036651 1.683884
1.100000 0.250000 0.801198 0.033941 1.651686
1.150000 0.250000 0.789909 0.031654 1.620030
1.200000 0.250000 0.779217 0.029750 1.588829
1.250000 0.250000 0.769038 0.028197 1.558019
1.300000 0.250000 0.759290 0.026973 1.527553
1.350000 0.250000 0.749896 0.026060 1.497401
1.400000 0.250000 0.740780 0.025441 1.467550
1.450000 0.250000 0.731872 0.025101 1.437995
1.500000 0.250000 0.723110 0.025017 1.408750
1.550000 0.250000 0.714442 0.025158 1.379825
1.600000 0.250000 0.705834 0.025467 1.351285
1.650000 0.250000 0.697269 0.025854 1.323098
1.700000 0.250000 0.688794 0.026169 1.295517
1.750000 0.250000 0.680447 0.026175 1.268155
1.800000 0.250000 0.672500 0.025496 1.242277
1.850000 0.250000 0.664958 0.023580 1.215212
1.900000 0.250000 0.658920 0.019557 1.194150
1.950000 0.250000 0.653405 0.012333 1.162399
2.000000 0.250000 0.653397 0.000000 1.162399

0.000000 0.300000 1.000000 0.000000 2.709579
0.050000 0.300000 1.021754 0.098398 2.709579
0.100000 0.300000 1.052783 0.166972 2.708858
0.150000 0.300000 1.086467 0.207518 2.658464
0.200000 0.300000 1.113144 0.224012 2.588078
0.250000 0.300000 1.130032 0.224130 2.509144
0.300000 0.300000 1.137192 0.213901 2.427734
0.350000 0.300000 1.136005 0.198264 2.349571
0.400000 0.300000 1.128429 0.180443 2.276209
0.450000 0.300000 1.116279 0.162479 2.208763
0.500000 0.300000 1.101111 0.145490 2.147042
0.550000 0.300000 1.084122 0.130014 2.090636
0.600000 0.300000 1.066200 0.116228 2.038867
0.650000 0.300000 1.047973 0.104107 1.991061
0.700000 0.300000 1.029873 0.093527 1.946564
0.750000 0.300000 1.012182 0.084323 1.904803
0.800000 0.300000 0.995080 0.076325 1.865285
0.850000 0.300000 0.978667 0.069373 1.827597
0.900000 0.300000 0.962993 0.063328 1.791398
0.950000 0.300000 0.948070 0.058072 1.756410
1.000000 0.300000 0.933883 0.053506 1.722407
1.050000 0.300000 0.920400 0.049551 1.689209
1.100000 0.300000 0.907577 0.046144 1.656672
1.150000 0.300000 0.895361 0.043234 1.624683
1.200000 0.300000 0.883692 0.040782 1.593154
1.250000 0.300000 0.872508 0.038757 1.562018
1.300000 0.300000 0.861746 0.037134 1.531227
1.350000 0.300000 0.851339 0.035894 1.500748
1.400000 0.300000 0.841224 0.035017 1.470560
1.450000 0.300000 0.831342 0.034482 1.440652
1.500000 0.300000 0.821639 0.034256 1.411032
1.550000 0.300000 0.812069 0.034294 1.381696
1.600000 0.300000 0.802610 0.034519 1.352696
1.650000 0.300000 0.793253 0.034807 1.323981
1.700000 0.300000 0.784053 0.034962 1.295789
1.750000 0.300000 0.775055 0.034679 1.267691
1.800000 0.300000 0.766547 0.033488 1.240982
1.850000 0.300000 0.758526 0.030699 1.212831
1.900000 0.300000 0.752132 0.025258 1.190796
1.950000 0.300000 0.746310 0.015782 1.157197
2.000000 0.300000 0.746300 0.000000 1.157197

0.000000 0.350000 1.000000 0.000000 2.591960
0.050000 0.350000 1.016602 0.075570 2.591960
0.100000 0.350000 1.043454 0.134752 2.606225
0.150000 0.350000 1.077388 0.175028 2.574332
0.200000 0.350000 1.109145 0.197385 2.526263
0.250000 0.350000 1.135100 0.205764 2.465589
0.300000 0.350000 1.153442 0.204094 2.399493
0.350000 0.350000 1.164102 0.196047 2.332557
0.400000 0.350000 1.167898 0.184384 2.267332
0.450000 0.350000 1.165999 0.171087 2.205442
0.500000 0.350000 1.159644 0.157432 2.147438
0.550000 0.350000 1.149967 0.144192 2.093427
0.600000 0.350000 1.137931 0.131783 2.043153
0.650000 0.350000 1.124317 0.120394 1.996234
0.700000 0.350000 1.109735 0.110075 1.952223
0.750000 0.350000 1.094649 0.100799 1.910682
0.800000 0.350000 1.079402 0.092500 1.871209
0.850000 0.350000 1.064243 0.085099 1.833449
0.900000 0.350000 1.049342 0.078514 1.797099
0.950000 0.350000 1.034813 0.072671 1.761907
1.000000 0.350000 1.020725 0.067503 1.727662
1.050000 0.350000 1.007114 0.062955 1.694195
1.100000 0.350000 0.993988 0.058979 1.661368
1.150000 0.350000 0.981338 0.055538 1.629071
1.200000 0.350000 0.969140 0.052601 1.597220
1.250000 0.350000 0.957360 0.050143 1.565748
1.300000 0.350000 0.945957 0.048142 1.534606
1.350000 0.350000 0.934886 0.046580 1.503759
1.400000 0.350000 0.924098 0.045436 1.473185
1.450000 0.350000 0.913547 0.044685 1.442869
1.500000 0.350000 0.903190 0.044288 1.412811
1.550000 0.350000 0.892993 0.044185 1.383003
1.600000 0.350000 0.882940 0.044279 1.353489
1.650000 0.350000 0.873028 0.044414 1.324205
1.700000 0.350000 0.863319 0.044349 1.295387
1.750000 0.350000 0.853860 0.043711 1.266576
1.800000 0.350000 0.844942 0.041936 1.239101
1.850000 0.350000 0.836560 0.038198 1.209998
1.900000 0.350000 0.829884 0.031251 1.187140
1.950000 0.350000 0.823805 0.019413 1.151973
2.000000 0.350000 0.823794 0.000000 1.151973

0.000000 0.400000 1.000000 0.000000 2.510808
0.050000 0.400000 1.013010 0.056986 2.510808
0.100000 0.400000 1.036017 0.105440 2.530055
0.150000 0.400000 1.067983 0.142007 2.509295
0.200000 0.400000 1.100987 0.166287 2.475254
0.250000 0.400000 1.131350 0.179872 2.427447
0.300000 0.400000 1.156367 0.184939 2.372764
0.350000 0.400000 1.175002 0.183837 2.314841
0.400000 0.400000 1.187165 0.178575 2.256558
0.450000 0.400000 1.193377 0.170753 2.199750
0.500000 0.400000 1.194460 0.161539 2.145396
0.550000 0.400000 1.191329 0.151740 2.093936
0.600000 0.400000 1.184877 0.141888 2.045419
0.650000 0.400000 1.175902 0.132311 1.999681
0.700000 0.400000 1.165090 0.123201 1.956442
0.750000 0.400000 1.153003 0.114660 1.915380
0.800000 0.400000 1.140092 0.106734 1.876175
0.850000 0.400000 1.126707 0.099436 1.838531
0.900000 0.400000 1.113114 0.092759 1.802182
0.950000 0.400000 1.099509 0.086689 1.766904
1.000000 0.400000 1.086032 0.081205 1.732506
1.050000 0.400000 1.072780 0.076289 1.698832
1.100000 0.400000 1.059812 0.071920 1.665755
1.150000 0.400000 1.047160 0.068081 1.633172
1.200000 0.400000 1.034838 0.064759 1.601003
1.250000 0.400000 1.022841 0.061938 1.569185
1.300000 0.400000 1.011153 0.059608 1.537670
1.350000 0.400000 0.999751 0.057753 1.506424
1.400000 0.400000 0.988605 0.056355 1.475424
1.450000 0.400000 0.977683 0.055388 1.444654
1.500000 0.400000 0.966955 0.054808 1.414113
1.550000 0.400000 0.956396 0.054543 1.383791
1.600000 0.400000 0.945996 0.054479 1.353729
1.650000 0.400000 0.935755 0.054432 1.323861
1.700000 0.400000 0.925736 0.054114 1.294426
1.750000 0.400000 0.915983 0.053089 1.264948
1.800000 0.400000 0.906790 0.050696 1.236794
1.850000 0.400000 0.898142 0.045971 1.206881
1.900000 0.400000 0.891244 0.037467 1.183357
1.950000 0.400000 0.884946 0.023188 1.146878
2.000000 0.400000 0.884935 0.000000 1.146878

0.000000 0.450000 1.000000 0.000000 2.456550
0.050000 0.450000 1.010721 0.041411 2.456550
0.100000 0.450000 1.030772 0.079123 2.476478
0.150000 0.450000 1.060244 0.110288 2.461713
0.200000 0.450000 1.092507 0.133991 2.435633
0.250000 0.450000 1.124170 0.150434 2.395996
0.300000 0.450000 1.152274 0.160470 2.349031
0.350000 0.450000 1.175292 0.165275 2.297698
0.400000 0.450000 1.192577 0.166031 2.244856
0.450000 0.450000 1.204173 0.163809 2.192353
0.500000 0.450000 1.210537 0.159495 2.141342
0.550000 0.450000 1.212344 0.153789 2.092429
0.600000 0.450000 1.210347 0.147224 2.045829
0.650000 0.450000 1.205284 0.140194 2.001515
0.700000 0.450000 1.197833 0.132987 1.959316
0.750000 0.450000 1.188579 0.125810 1.918997
0.800000 0.450000 1.178018 0.118809 1.880300
0.850000 0.450000 1.166550 0.112090 1.842978
0.900000 0.450000 1.154497 0.105725 1.806804
0.950000 0.450000 1.142105 0.099764 1.771579
1.000000 0.450000 1.129563 0.094244 1.737137
1.050000 0.450000 1.117011 0.089188 1.703338
1.100000 0.450000 1.104548 0.084611 1.670066
1.150000 0.450000 1.092241 0.080523 1.637231
1.200000 0.450000 1.080133 0.076932 1.604760
1.250000 0.450000 1.068247 0.073838 1.572595
1.300000 0.450000 1.056592 0.071243 1.540693
1.350000 0.450000 1.045165 0.069139 1.509023
1.400000 0.450000 1.033954 0.067515 1.477563
1.450000 0.450000 1.022943 0.066345 1.446299
1.500000 0.450000 1.012114 0.065584 1.415233
1.550000 0.450000 1.001448 0.065154 1.384355
1.600000 0.450000 0.990941 0.064925 1.353711
1.650000 0.450000 0.980592 0.064688 1.323239
1.700000 0.450000 0.970458 0.064113 1.293188
1.750000 0.450000 0.960576 0.062700 1.263074
1.800000 0.450000 0.951237 0.059690 1.234308
1.850000 0.450000 0.942417 0.053973 1.203701
1.900000 0.450000 0.935353 0.043887 1.179646
1.950000 0.450000 0.928869 0.027104 1.142056
2.000000 0.450000 0.928859 0.000000 1.142056

0.000000 0.500000 1.000000 0.000000 2.421421
0.050000 0.500000 1.009457 0.027788 2.421421
0.100000 0.500000 1.027525 0.055257 2.440121
0.150000 0.500000 1.054702 0.080430 2.427854
0.200000 0.500000 1.085260 0.102265 2.405442
0.250000 0.500000 1.116167 0.120103 2.370236
0.300000 0.500000 1.144572 0.133793 2.327849
0.350000 0.500000 1.168846 0.143517 2.280846
0.400000 0.500000 1.188128 0.149675 2.231915
0.450000 0.500000 1.202224 0.152773 2.182810
0.500000 0.500000 1.211367 0.153346 2.134684
0.550000 0.500000 1.216048 0.151907 2.088172
0.600000 0.500000 1.216880 0.148923 2.043539
0.650000 0.500000 1.214506 0.144800 2.000810
0.700000 0.500000 1.209540 0.139881 1.959867
0.750000 0.500000 1.202536 0.134450 1.920521
0.800000 0.500000 1.193974 0.128738 1.882557
0.850000 0.500000 1.184256 0.122933 1.845761
0.900000 0.500000 1.173712 0.117181 1.809939
0.950000 0.500000 1.162605 0.111598 1.774919
1.000000 0.500000 1.151145 0.106275 1.740557
1.050000 0.500000 1.139489 0.101280 1.706731
1.100000 0.500000 1.127760 0.096667 1.673343
1.150000 0.500000 1.116048 0.092473 1.640314
1.200000 0.500000 1.104416 0.088730 1.607582
1.250000 0.500000 1.092909 0.085457 1.575098
1.300000 0.500000 1.081555 0.082668 1.542824
1.350000 0.500000 1.070369 0.080369 1.510734
1.400000 0.500000 1.059357 0.078555 1.478812
1.450000 0.500000 1.048516 0.077207 1.447045
1.500000 0.500000 1.037838 0.076281 1.415440
1.550000 0.500000 1.027312 0.075697 1.383991
1.600000 0.500000 1.016932 0.075313 1.352756
1.650000 0.500000 1.006695 0.074902 1.321678
1.700000 0.500000 0.996647 0.074096 1.291031
1.750000 0.500000 0.986810 0.072330 1.260325
1.800000 0.500000 0.977465 0.068744 1.231031
1.850000 0.500000 0.968572 0.062073 1.199855
1.900000 0.500000 0.961403 0.050419 1.175431
1.950000 0.500000 0.954768 0.031104 1.136970
2.000000 0.500000 0.954757 0.000000 1.136970

0.000000 0.550000 1.000000 0.000000 2.404833
0.050000 0.550000 1.009011 0.015388 2.404833
0.100000 0.550000 1.025974 0.033386 2.421516
0.150000 0.550000 1.051223 0.052809 2.409075
0.200000 0.550000 1.079482 0.072544 2.386855
0.250000 0.550000 1.108047 0.091229 2.352819
0.300000 0.550000 1.134413 0.107873 2.312148
0.350000 0.550000 1.157155 0.121806 2.267301
0.400000 0.550000 1.175510 0.132735 2.220731
0.450000 0.550000 1.189284 0.140650 2.174032
0.500000 0.550000 1.198648 0.145748 2.128223
0.550000 0.550000 1.203997 0.148351 2.083851
0.600000 0.550000 1.205834 0.148839 2.041127
0.650000 0.550000 1.204697 0.147605 2.000051
0.700000 0.550000 1.201106 0.145026 1.960497
0.750000 0.550000 1.195536 0.141444 1.922285
0.800000 0.550000 1.188405 0.137156 1.885217
0.850000 0.550000 1.180070 0.132418 1.849101
0.900000 0.550000 1.170828 0.127440 1.813766
0.950000 0.550000 1.160923 0.122396 1.779063
1.000000 0.550000 1.150551 0.117424 1.744869
1.050000 0.550000 1.139870 0.112635 1.711085
1.100000 0.550000 1.129004 0.108114 1.677630
1.150000 0.550000 1.118050 0.103928 1.644439
1.200000 0.550000 1.107083 0.100130 1.611462
1.250000 0.550000 1.096161 0.096758 1.578662
1.300000 0.550000 1.085324 0.093839 1.546007
1.350000 0.550000 1.074604 0.091392 1.513478
1.400000 0.550000 1.064021 0.089422 1.481062
1.450000 0.550000 1.053582 0.087917 1.448751
1.500000 0.550000 1.043291 0.086839 1.416556
1.550000 0.550000 1.033139 0.086110 1.384476
1.600000 0.550000 1.023123 0.085587 1.352580
1.650000 0.550000 1.013226 0.085026 1.320819
1.700000 0.550000 1.003482 0.084027 1.289494
1.750000 0.550000 0.993886 0.081965 1.258114
1.800000 0.550000 0.984699 0.077871 1.228225
1.850000 0.550000 0.975858 0.070314 1.196417
1.900000 0.550000 0.968663 0.057129 1.171600
1.950000 0.550000 0.961907 0.035259 1.132217
2.000000 0.550000 0.961897 0.000000 1.132217

0.000000 0.600000 1.000000 0.000000 2.401344
0.050000 0.600000 1.009329 0.003019 2.401344
0.100000 0.600000 1.025874 0.012348 2.413736
0.150000 0.600000 1.049254 0.026897 2.398107
0.200000 0.600000 1.074387 0.045197 2.372553
0.250000 0.600000 1.098917 0.065006 2.336674
0.300000 0.600000 1.120929 0.084501 2.295197
0.350000 0.600000 1.139469 0.102247 2.250671
0.400000 0.600000 1.154141 0.117374 2.205193
0.450000 0.600000 1.164948 0.129466 2.160120
0.500000 0.600000 1.172133 0.138467 2.116207
0.550000 0.600000 1.176063 0.144557 2.073811
0.600000 0.600000 1.177160 0.148061 2.033000
0.650000 0.600000 1.175845 0.149369 1.993683
0.700000 0.600000 1.172517 0.148884 1.955683
0.750000 0.600000 1.167535 0.146995 1.918797
0.800000 0.600000 1.161216 0.144051 1.882823
0.850000 0.600000 1.153831 0.140359 1.847580
0.900000 0.600000 1.145608 0.136179 1.812913
0.950000 0.600000 1.136741 0.131729 1.778696
1.000000 0.600000 1.127389 0.127183 1.744827
1.050000 0.600000 1.117686 0.122685 1.711227
1.100000 0.600000 1.107740 0.118347 1.677833
1.150000 0.600000 1.097644 0.114257 1.644600
1.200000 0.600000 1.087471 0.110484 1.611490
1.250000 0.600000 1.077285 0.107083 1.578476
1.300000 0.600000 1.067137 0.104094 1.545536
1.350000 0.600000 1.057067 0.101545 1.512656
1.400000 0.600000 1.047106 0.099452 1.479828
1.450000 0.600000 1.037276 0.097814 1.447047
1.500000 0.600000 1.027587 0.096603 1.414327
1.550000 0.600000 1.018036 0.095749 1.381672
1.600000 0.600000 1.008616 0.095111 1.349161
1.650000 0.600000 0.999299 0.094440 1.316754
1.700000 0.600000 0.990097 0.093315 1.284788
1.750000 0.600000 0.980968 0.091054 1.252772
1.800000 0.600000 0.972143 0.086580 1.222358
1.850000 0.600000 0.963507 0.078278 1.190017
1.900000 0.600000 0.956383 0.063684 1.164993
1.950000 0.600000 0.949551 0.039344 1.125000
2.000000 0.600000 0.949543 0.000000 1.125000

0.000000 0.650000 1.000000 0.000000 2.426097
0.050000 0.650000 1.010240 -0.008849 2.426097
0.100000 0.650000 1.026621 -0.006574 2.432295
0.150000 0.650000 1.047480 0.004883 2.410640
0.200000 0.650000 1.067936 0.023296 2.377954
0.250000 0.650000 1.086167 0.045151 2.337081
0.300000 0.650000 1.101205 0.067762 2.292116
0.350000 0.650000 1.112840 0.089025 2.245953
0.400000 0.650000 1.121247 0.107677 2.200168
0.450000 0.650000 1.126748 0.123068 2.155787
0.500000 0.650000 1.129716 0.135034 2.113169
0.550000 0.650000 1.130508 0.143718 2.072379
0.600000 0.650000 1.129447 0.149445 2.033261
0.650000 0.650000 1.126814 0.152631 1.995575
0.700000 0.650000 1.122851 0.153713 1.959053
0.750000 0.650000 1.117769 0.153116 1.923442
0.800000 0.650000 1.111745 0.151228 1.888520
0.850000 0.650000 1.104937 0.148388 1.854107
0.900000 0.650000 1.097479 0.144887 1.820060
0.950000 0.650000 1.089490 0.140966 1.786271
1.000000 0.650000 1.081073 0.136825 1.752659
1.050000 0.650000 1.072323 0.132624 1.719165
1.100000 0.650000 1.063320 0.128490 1.685750
1.150000 0.650000 1.054142 0.124526 1.652382
1.200000 0.650000 1.044854 0.120811 1.619039
1.250000 0.650000 1.035519 0.117408 1.585706
1.300000 0.650000 1.026192 0.114367 1.552370
1.350000 0.650000 1.016922 0.111726 1.519019
1.400000 0.650000 1.007751 0.109509 1.485646
1.450000 0.650000 0.998711 0.107725 1.452246
1.500000 0.650000 0.989823 0.106361 1.418829
1.550000 0.650000 0.981089 0.105357 1.385393
1.600000 0.650000 0.972502 0.104588 1.352015
1.650000 0.650000 0.964024 0.103810 1.318649
1.700000 0.650000 0.955638 0.102588 1.285654
1.750000 0.650000 0.947258 0.100199 1.252514
1.800000 0.650000 0.939059 0.095454 1.221005
1.850000 0.650000 0.930848 0.086544 1.187410
1.900000 0.650000 0.923953 0.070649 1.161498
1.950000 0.650000 0.917075 0.043829 1.119788
2.000000 0.650000 0.917069 0.000000 1.119788

0.000000 0.700000 1.000000 0.000000 2.453463
0.050000 0.700000 1.011727 -0.023236 2.453463
0.100000 0.700000 1.027436 -0.026318 2.442331
0.150000 0.700000 1.043453 -0.015385 2.409246
0.200000 0.700000 1.056183 0.005439 2.364350
0.250000 0.700000 1.064782 0.030698 2.315801
0.300000 0.700000 1.069740 0.056815 2.265669
0.350000 0.700000 1.071772 0.081210 2.217118
0.400000 0.700000 1.071698 0.102495 2.170746
0.450000 0.700000 1.070122 0.120043 2.127082
0.500000 0.700000 1.067485 0.133769 2.085931
0.550000 0.700000 1.064056 0.143903 2.047001
0.600000 0.700000 1.059998 0.150846 2.009865
0.650000 0.700000 1.055396 0.155068 1.974118
0.700000 0.700000 1.050297 0.157045 1.939391
0.750000 0.700000 1.044728 0.157229 1.905379
0.800000 0.700000 1.038710 0.156022 1.871842
0.850000 0.700000 1.032266 0.153778 1.838598
0.900000 0.700000 1.025424 0.150792 1.805518
0.950000 0.700000 1.018217 0.147312 1.772513
1.000000 0.700000 1.010686 0.143542 1.739523
1.050000 0.700000 1.002876 0.139643 1.706512
1.100000 0.700000 0.994838 0.135746 1.673459
1.150000 0.700000 0.986625 0.131955 1.640349
1.200000 0.700000 0.978293 0.128353 1.607177
1.250000 0.700000 0.969900 0.125005 1.573936
1.300000 0.700000 0.961503 0.121965 1.540620
1.350000 0.700000 0.953158 0.119275 1.507221
1.400000 0.700000 0.944916 0.116968 1.473732
1.450000 0.700000 0.936822 0.115063 1.440143
1.500000 0.700000 0.928909 0.113561 1.406458
1.550000 0.700000 0.921191 0.112422 1.372665
1.600000 0.700000 0.913665 0.111544 1.338838
1.650000 0.700000 0.906283 0.110704 1.304919
1.700000 0.700000 0.899006 0.109478 1.271297
1.750000 0.700000 0.891687 0.107124 1.237435
1.800000 0.700000 0.884431 0.102361 1.205291
1.850000 0.700000 0.876912 0.093185 1.170964
1.900000 0.700000 0.870423 0.076378 1.144909
1.950000 0.700000 0.863585 0.047541 1.102768
2.000000 0.700000 0.863581 0.000000 1.102768

0.000000 0.750000 1.000000 0.000000 2.571194
0.050000 0.750000 1.012368 -0.033103 2.571194
0.100000 0.750000 1.024952 -0.035874 2.534488
0.150000 0.750000 1.031617 -0.021268 2.484449
0.200000 0.750000 1.031908 0.004566 2.420018
0.250000 0.750000 1.026641 0.034055 2.359057
0.300000 0.750000 1.018314 0.063187 2.300107
0.350000 0.750000 1.008536 0.089399 2.246778
0.400000 0.750000 0.998600 0.111613 2.198135
0.450000 0.750000 0.989154 0.129521 2.153982
0.500000 0.750000 0.980499 0.143305 2.113353
0.550000 0.750000 0.972661 0.153378 2.075474
0.600000 0.750000 0.965534 0.160251 2.039576
0.650000 0.750000 0.958945 0.164449 2.005047
0.700000 0.750000 0.952709 0.166471 1.971392
0.750000 0.750000 0.946656 0.166766 1.938247
0.800000 0.750000 0.940644 0.165724 1.905347
0.850000 0.750000 0.934563 0.163680 1.872511
0.900000 0.750000 0.928337 0.160911 1.839624
0.950000 0.750000 0.921919 0.157649 1.806617
1.000000 0.750000 0.915289 0.154079 1.773455
1.050000 0.750000 0.908448 0.150352 1.740126
1.100000 0.750000 0.901416 0.146589 1.706629
1.150000 0.750000 0.894226 0.142884 1.672971
1.200000 0.750000 0.886922 0.139315 1.639161
1.250000 0.750000 0.879555 0.135943 1.605203
1.300000 0.750000 0.872185 0.132819 1.571096
1.350000 0.750000 0.864874 0.129987 1.536833
1.400000 0.750000 0.857683 0.127482 1.502398
1.450000 0.750000 0.850671 0.125334 1.467766
1.500000 0.750000 0.843889 0.123553 1.432913
1.550000 0.750000 0.837369 0.122125 1.397787
1.600000 0.750000 0.831124 0.120972 1.362411
1.650000 0.750000 0.825109 0.119910 1.326645
1.700000 0.750000 0.819275 0.118545 1.290825
1.750000 0.750000 0.813414 0.116142 1.254254
1.800000 0.750000 0.807549 0.111361 1.219003
1.850000 0.750000 0.801146 0.102000 1.180659
1.900000 0.750000 0.795435 0.084358 1.150947
1.950000 0.750000 0.788610 0.053216 1.102385
2.000000 0.750000 0.788608 0.000000 1.102385

0.000000 0.800000 1.000000 0.000000 2.600364
0.050000 0.800000 1.009870 -0.053183 2.600364
0.100000 0.800000 1.013203 -0.051443 2.492905
0.150000 0.800000 1.001114 -0.028610 2.418098
0.200000 0.800000 0.981955 0.004629 2.329600
0.250000 0.800000 0.958253 0.038482 2.258112
0.300000 0.800000 0.934437 0.069349 2.193270
0.350000 0.800000 0.912242 0.095446 2.138514
0.400000 0.800000 0.892808 0.116522 2.090589
0.450000 0.800000 0.876326 0.132872 2.048509
0.500000 0.800000 0.862634 0.145070 2.010560
0.550000 0.800000 0.851333 0.153745 1.975600
0.600000 0.800000 0.841958 0.159505 1.942621
0.650000 0.800000 0.834049 0.162899 1.910891
0.700000 0.800000 0.827191 0.164404 1.879863
0.750000 0.800000 0.821037 0.164430 1.849153
0.800000 0.800000 0.815306 0.163320 1.818501
0.850000 0.800000 0.809784 0.161359 1.787742
0.900000 0.800000 0.804314 0.158782 1.756780
0.950000 0.800000 0.798790 0.155780 1.725569
1.000000 0.800000 0.793145 0.152508 1.694095
1.050000 0.800000 0.787350 0.149089 1.662365
1.100000 0.800000 0.781399 0.145621 1.630394
1.150000 0.800000 0.775310 0.142183 1.598205
1.200000 0.800000 0.769118 0.138837 1.565815
1.250000 0.800000 0.762871 0.135637 1.533237
1.300000 0.800000 0.756626 0.132624 1.500476
1.350000 0.800000 0.750451 0.129839 1.467523
1.400000 0.800000 0.744417 0.127316 1.434360
1.450000 0.800000 0.738595 0.125089 1.400949
1.500000 0.800000 0.733057 0.123182 1.367253
1.550000 0.800000 0.727858 0.121602 1.333197
1.600000 0.800000 0.723037 0.120311 1.298777
1.650000 0.800000 0.718571 0.119180 1.263817
1.700000 0.800000 0.714417 0.117892 1.228657
1.750000 0.800000 0.710322 0.115789 1.192530
1.800000 0.800000 0.706220 0.111561 1.157763
1.850000 0.800000 0.701307 0.102916 1.119684
1.900000 0.800000 0.696622 0.085703 1.091286
1.950000 0.800000 0.690053 0.054313 1.044795
2.000000 0.800000 0.690052 0.000000 1.044795

0.000000 0.850000 1.000000 0.000000 3.055041
0.050000 0.850000 0.992097 -0.033561 3.055041
0.100000 0.850000 0.973307 -0.010247 2.840918
0.150000 0.850000 0.931256 0.024092 2.720298
0.200000 0.850000 0.887047 0.061838 2.586003
0.250000 0.850000 0.843251 0.094994 2.490486
0.300000 0.850000 0.805031 0.122364 2.410170
0.350000 0.850000 0.772832 0.143815 2.347493
0.400000 0.850000 0.746758 0.160108 2.295467
0.450000 0.850000 0.726015 0.172077 2.251552
0.500000 0.850000 0.709733 0.180525 2.212778
0.550000 0.850000 0.696992 0.186133 2.177340
0.600000 0.850000 0.686974 0.189472 2.143832
0.650000 0.850000 0.678975 0.191010 2.111320
0.700000 0.850000 0.672414 0.191129 2.079165
0.750000 0.850000 0.666831 0.190142 2.046956
0.800000 0.850000 0.661866 0.188308 2.014444
0.850000 0.850000 0.657250 0.185836 1.981497
0.900000 0.850000 0.652787 0.182897 1.948058
0.950000 0.850000 0.648342 0.179631 1.914123
1.000000 0.850000 0.643829 0.176150 1.879720
1.050000 0.850000 0.639201 0.172544 1.844896
1.100000 0.850000 0.634444 0.168884 1.809701
1.150000 0.850000 0.629567 0.165229 1.774186
1.200000 0.850000 0.624597 0.161624 1.738392
1.250000 0.850000 0.619580 0.158109 1.702349
1.300000 0.850000 0.614572 0.154716 1.666070
1.350000 0.850000 0.609641 0.151474 1.629545
1.400000 0.850000 0.604864 0.148415 1.592740
1.450000 0.850000 0.600327 0.145566 1.555583
1.500000 0.850000 0.596119 0.142953 1.517974
1.550000 0.850000 0.592326 0.140594 1.479728
1.600000 0.850000 0.589031 0.138474 1.440672
1.650000 0.850000 0.586264 0.136511 1.400356
1.700000 0.850000 0.584038 0.134465 1.358752
1.750000 0.850000 0.582116 0.131772 1.314450
1.800000 0.850000 0.580413 0.127219 1.269364
1.850000 0.850000 0.577785 0.118436 1.216985
1.900000 0.850000 0.575130 0.100763 1.173031
1.950000 0.850000 0.568388 0.066465 1.098233
2.000000 0.850000 0.568388 0.000000 1.098233

0.000000 0.900000 1.000000 0.000000 2.678521
0.050000 0.900000 0.928065 -0.068276 2.678521
0.100000 0.900000 0.864057 -0.023562 2.274595
0.150000 0.900000 0.779424 0.021803 2.145490
0.200000 0.900000 0.711753 0.060316 2.002538
0.250000 0.900000 0.654813 0.088595 1.916944
0.300000 0.900000 0.610581 0.109040 1.847503
0.350000 0.900000 0.576182 0.123536 1.796545
0.400000 0.900000 0.549992 0.133693 1.755324
0.450000 0.900000 0.530138 0.140646 1.721333
0.500000 0.900000 0.515184 0.145205 1.691658
0.550000 0.900000 0.503912 0.147950 1.664710
0.600000 0.900000 0.495368 0.149302 1.639272
0.650000 0.900000 0.488791 0.149579 1.614575
0.700000 0.900000 0.483594 0.149021 1.590099
0.750000 0.900000 0.479324 0.147821 1.565524
0.800000 0.900000 0.475641 0.146128 1.540658
0.850000 0.900000 0.472292 0.144066 1.515404
0.900000 0.900000 0.469099 0.141733 1.489728
0.950000 0.900000 0.465936 0.139207 1.463635
1.000000 0.900000 0.462727 0.136554 1.437154
1.050000 0.900000 0.459428 0.133825 1.410326
1.100000 0.900000 0.456023 0.131061 1.383200
1.150000 0.900000 0.452520 0.128295 1.355817
1.200000 0.900000 0.448941 0.125553 1.328216
1.250000 0.900000 0.445324 0.122858 1.300421
1.300000 0.900000 0.441717 0.120229 1.272444
1.350000 0.900000 0.438181 0.117686 1.244279
1.400000 0.900000 0.434787 0.115247 1.215899
1.450000 0.900000 0.431616 0.112934 1.187245
1.500000 0.900000 0.428761 0.110772 1.158238
1.550000 0.900000 0.426322 0.108785 1.128730
1.600000 0.900000 0.424406 0.106991 1.098597
1.650000 0.900000 0.423092 0.105372 1.067482
1.700000 0.900000 0.422457 0.103827 1.035469
1.750000 0.900000 0.422332 0.102027 1.001398
1.800000 0.900000 0.422661 0.099138 0.967469
1.850000 0.900000 0.422126 0.093232 0.927965
1.900000 0.900000 0.421144 0.079909 0.898647
1.950000 0.900000 0.415318 0.052501 0.849170
2.000000 0.900000 0.415319 0.000000 0.849170

0.000000 0.950000 1.000000 0.000000 4.786675
0.050000 0.950000 0.723935 0.186407 4.786675
0.100000 0.950000 0.615819 0.235437 3.855032
0.150000 0.950000 0.507994 0.255772 3.567508
0.200000 0.950000 0.439243 0.264483 3.313407
0.250000 0.950000 0.387940 0.270035 3.174850
0.300000 0.950000 0.352114 0.273310 3.074928
0.350000 0.950000 0.326244 0.275219 3.006546
0.400000 0.950000 0.307751 0.275983 2.953621
0.450000 0.950000 0.294427 0.275843 2.910233
0.500000 0.950000 0.284836 0.274933 2.871544
0.550000 0.950000 0.277902 0.273371 2.835001
0.600000 0.950000 0.272853 0.271246 2.798919
0.650000 0.950000 0.269115 0.268636 2.762349
0.700000 0.950000 0.266267 0.265609 2.724747
0.750000 0.950000 0.263996 0.262229 2.685858
0.800000 0.950000 0.262074 0.258552 2.645604
0.850000 0.950000 0.260338 0.254631 2.604020
0.900000 0.950000 0.258672 0.250512 2.561213
0.950000 0.950000 0.257002 0.246239 2.517326
1.000000 0.950000 0.255279 0.241846 2.472517
1.050000 0.950000 0.253482 0.237367 2.426947
1.100000 0.950000 0.251602 0.232827 2.380763
1.150000 0.950000 0.249648 0.228250 2.334098
1.200000 0.950000 0.247637 0.223653 2.287059
1.250000 0.950000 0.245596 0.219052 2.239727
1.300000 0.950000 0.243560 0.214457 2.192151
1.350000 0.950000 0.241570 0.209879 2.144339
1.400000 0.950000 0.239680 0.205323 2.096253
1.450000 0.950000 0.237952 0.200795 2.047782
1.500000 0.950000 0.236466 0.196294 1.998727
1.550000 0.950000 0.235319 0.191815 1.948717
1.600000 0.950000 0.234640 0.187339 1.897214
1.650000 0.950000 0.234567 0.182809 1.843139
1.700000 0.950000 0.235302 0.178109 1.785322
1.750000 0.950000 0.236896 0.172904 1.720403
1.800000 0.950000 0.239639 0.166556 1.647540
1.850000 0.950000 0.242314 0.157083 1.553424
1.900000 0.950000 0.245916 0.140340 1.456557
1.950000 0.950000 0.238802 0.101818 1.275334
2.000000 0.950000 0.238803 0.000000 1.275334

0.000000 1.000000 0.000000 0.000000 0.000000
0.050000 1.000000 0.000000 0.000000 0.000000
0.100000 1.000000 0.000000 0.000000 0.000000
0.150000 1.000000 0.000000 0.000000 0.000000
0.200000 1.000000 0.000000 0.000000 0.000000
0.250000 1.000000 0.000000 0.000000 0.000000
0.300000 1.000000 0.000000 0.000000 0.000000
0.350000 1.000000 0.000000 0.000000 0.000000
0.400000 1.000000 0.000000 0.000000 0.000000
0.450000 1.000000 0.000000 0.000000 0.000000
0.500000 1.000000 0.000000 0.000000 0.000000
0.550000 1.000000 0.000000 0.000000 0.000000
0.600000 1.000000 0.000000 0.000000 0.000000
0.650000 1.000000 0.000000 0.000000 0.000000
0.700000 1.000000 0.000000 0.000000 0.000000
0.750000 1.000000 0.000000 0.000000 0.000000
0.800000 1.000000 0.000000 0.000000 0.000000
0.850000 1.000000 0.000000 0.000000 0.000000
0.900000 1.000000 0.000000 0.000000 0.000000
0.950000 1.000000 0.000000 0.000000 0.000000
1.000000 1.000000 0.000000 0.000000 0.000000
1.050000 1.000000 0.000000 0.000000 0.000000
1.100000 1.000000 0.000000 0.000000 0.000000
1.150000 1.000000 0.000000 0.000000 0.000000
1.200000 1.000000 0.000000 0.000000 0.000000
1.250000 1.000000 0.000000 0.000000 0.000000
1.300000 1.000000 0.000000 0.000000 0.000000
1.350000 1.000000 0.000000 0.000000 0.000000
1.400000 1.000000 0.000000 0.000000 0.000000
1.450000 1.000000 0.000000 0.000000 0.000000
1.500000 1.000000 0.000000 0.000000 0.000000
1.550000 1.000000 0.000000 0.000000 0.000000
1.600000 1.000000 0.000000 0.000000 0.000000
1.650000 1.000000 0.000000 0.000000 0.000000
1.700000 1.000000 0.000000 0.000000 0.000000
1.750000 1.000000 0.000000 0.000000 0.000000
1.800000 1.000000 0.000000 0.000000 0.000000
1.850000 1.000000 0.000000 0.000000 0.000000
1.900000 1.000000 0.000000 0.000000 0.000000
1.950000 1.000000 0.000000 0.000000 0.000000
2.000000 1.000000 0.000000 0.000000 0.000000

