0.000000 0.000000 0.000000 0.000000 5.212722
0.050000 0.000000 0.000000 0.000000 5.212722
0.100000 0.000000 0.000000 0.000000 3.747611
0.150000 0.000000 0.000000 0.000000 3.257824
0.200000 0.000000 0.000000 0.000000 2.822106
0.250000 0.000000 0.000000 0.000000 2.585332
0.300000 0.000000 0.000000 0.000000 2.412194
0.350000 0.000000 0.000000 0.000000 2.294564
0.400000 0.000000 0.000000 0.000000 2.204364
0.450000 0.000000 0.000000 0.000000 2.133439
0.500000 0.000000 0.000000 0.000000 2.074196
0.550000 0.000000 0.000000 0.000000 2.023071
0.600000 0.000000 0.000000 0.000000 1.977479
0.650000 0.000000 0.000000 0.000000 1.935884
0.700000 0.000000 0.000000 0.000000 1.897206
0.750000 0.000000 0.000000 0.000000 1.860715
0.800000 0.000000 0.000000 0.000000 1.825882
0.850000 0.000000 0.000000 0.000000 1.792324
0.900000 0.000000 0.000000 0.000000 1.759752
0.950000 0.000000 0.000000 0.000000 1.727947
1.000000 0.000000 0.000000 0.000000 1.696740
1.050000 0.000000 0.000000 0.000000 1.666001
1.100000 0.000000 0.000000 0.000000 1.635630
1.150000 0.000000 0.000000 0.000000 1.605549
1.200000 0.000000 0.000000 0.000000 1.575703
1.250000 0.000000 0.000000 0.000000 1.546053
1.300000 0.000000 0.000000 0.000000 1.516574
1.350000 0.000000 0.000000 0.000000 1.487261
1.400000 0.000000 0.000000 0.000000 1.458123
1.450000 0.000000 0.000000 0.000000 1.429189
1.500000 0.000000 0.000000 0.000000 1.400514
1.550000 0.000000 0.000000 0.000000 1.372169
1.600000 0.000000 0.000000 0.000000 1.344298
1.650000 0.000000 0.000000 0.000000 1.317009
1.700000 0.000000 0.000000 0.000000 1.290670
1.750000 0.000000 0.000000 0.000000 1.265257
1.800000 0.000000 0.000000 0.000000 1.241970
1.850000 0.000000 0.000000 0.000000 1.219383
1.900000 0.000000 0.000000 0.000000 1.202625
1.950000 0.000000 0.000000 0.000000 1.181373
2.000000 0.000000 0.000000 0.000000 1.181373

0.000000 0.050000 1.000000 0.000000 5.212722
0.050000 0.050000 0.766288 0.138764 5.212722
0.100000 0.050000 0.689901 0.130934 3.747611
0.150000 0.050000 0.574343 0.104777 3.257824
0.200000 0.050000 0.495571 0.075952 2.822106
0.250000 0.050000 0.430644 0.054173 2.585332
0.300000 0.050000 0.382618 0.038702 2.412194
0.350000 0.050000 0.345415 0.028194 2.294564
0.400000 0.050000 0.316799 0.021043 2.204364
0.450000 0.050000 0.294260 0.016120 2.133439
0.500000 0.050000 0.276288 0.012654 2.074196
0.550000 0.050000 0.261702 0.010151 2.023071
0.600000 0.050000 0.249696 0.008299 1.977479
0.650000 0.050000 0.239672 0.006897 1.935884
0.700000 0.050000 0.231200 0.005814 1.897206
0.750000 0.050000 0.223954 0.004963 1.860715
0.800000 0.050000 0.217693 0.004283 1.825882
0.850000 0.050000 0.212229 0.003735 1.792324
0.900000 0.050000 0.207418 0.003287 1.759752
0.950000 0.050000 0.203146 0.002919 1.727947
1.000000 0.050000 0.199320 0.002615 1.696740
1.050000 0.050000 0.195866 0.002363 1.666001
1.100000 0.050000 0.192721 0.002155 1.635630
1.150000 0.050000 0.189831 0.001985 1.605549
1.200000 0.050000 0.187149 0.001848 1.575703
1.250000 0.050000 0.184634 0.001742 1.546053
1.300000 0.050000 0.182248 0.001664 1.516574
1.350000 0.050000 0.179953 0.001614 1.487261
1.400000 0.050000 0.177716 0.001590 1.458123
1.450000 0.050000 0.175500 0.001594 1.429189
1.500000 0.050000 0.173274 0.001625 1.400514
1.550000 0.050000 0.171001 0.001684 1.372169
1.600000 0.050000 0.168653 0.001771 1.344298
1.650000 0.050000 0.166194 0.001882 1.317009
1.700000 0.050000 0.163616 0.002010 1.290670
1.750000 0.050000 0.160887 0.002137 1.265257
1.800000 0.050000 0.158106 0.002222 1.241970
1.850000 0.050000 0.155190 0.002215 1.219383
1.900000 0.050000 0.152721 0.001963 1.202625
1.950000 0.050000 0.150091 0.001390 1.181373
2.000000 0.050000 0.150087 0.000000 1.181373

0.000000 0.100000 1.000000 0.000000 4.110503
0.050000 0.100000 0.972595 0.211361 4.110503
0.100000 0.100000 0.949065 0.220712 3.486199
0.150000 0.100000 0.877429 0.193630 3.191549
0.200000 0.100000 0.808478 0.153315 2.872969
0.250000 0.100000 0.739596 0.118340 2.663441
0.300000 0.100000 0.679942 0.090492 2.493240
0.350000 0.100000 0.628737 0.069676 2.366818
0.400000 0.100000 0.586048 0.054296 2.265774
0.450000 0.100000 0.550479 0.042965 2.184547
0.500000 0.100000 0.520875 0.034539 2.116584
0.550000 0.100000 0.496081 0.028197 2.058361
0.600000 0.100000 0.475167 0.023353 2.007093
0.650000 0.100000 0.457372 0.019601 1.960972
0.700000 0.100000 0.442096 0.016653 1.918673
0.750000 0.100000 0.428864 0.014306 1.879267
0.800000 0.100000 0.417304 0.012416 1.842069
0.850000 0.100000 0.407121 0.010878 1.806575
0.900000 0.100000 0.398080 0.009615 1.772407
0.950000 0.100000 0.389992 0.008571 1.739277
1.000000 0.100000 0.382701 0.007705 1.706966
1.050000 0.100000 0.376081 0.006984 1.675306
1.100000 0.100000 0.370022 0.006387 1.644166
1.150000 0.100000 0.364432 0.005896 1.613449
1.200000 0.100000 0.359228 0.005498 1.583081
1.250000 0.100000 0.354338 0.005186 1.553012
1.300000 0.100000 0.349693 0.004953 1.523209
1.350000 0.100000 0.345230 0.004795 1.493658
1.400000 0.100000 0.340890 0.004711 1.464364
1.450000 0.100000 0.336614 0.004699 1.435346
1.500000 0.100000 0.332348 0.004759 1.406654
1.550000 0.100000 0.328039 0.004889 1.378342
1.600000 0.100000 0.323643 0.005082 1.350532
1.650000 0.100000 0.319120 0.005328 1.323289
1.700000 0.100000 0.314471 0.005596 1.296939
1.750000 0.100000 0.309679 0.005839 1.271311
1.800000 0.100000 0.304913 0.005952 1.247603
1.850000 0.100000 0.300124 0.005797 1.223868
1.900000 0.100000 0.296147 0.005046 1.205901
1.950000 0.100000 0.292231 0.003453 1.180972
2.000000 0.100000 0.292225 0.000000 1.180972

0.000000 0.150000 1.000000 0.000000 3.582645
0.050000 0.150000 1.027428 0.188905 3.582645
0.100000 0.150000 1.044031 0.241051 3.266744
0.150000 0.150000 1.022440 0.241309 3.053327
0.200000 0.150000 0.985407 0.213481 2.816152
0.250000 0.150000 0.937204 0.179907 2.639999
0.300000 0.150000 0.887842 0.147714 2.490558
0.350000 0.150000 0.840463 0.120284 2.373223
0.400000 0.150000 0.797428 0.097930 2.276512
0.450000 0.150000 0.759173 0.080164 2.196661
0.500000 0.150000 0.725647 0.066159 2.128754
0.550000 0.150000 0.696391 0.055132 2.069921
0.600000 0.150000 0.670874 0.046414 2.017791
0.650000 0.150000 0.648555 0.039476 1.970742
0.700000 0.150000 0.628949 0.033908 1.927549
0.750000 0.150000 0.611633 0.029402 1.887320
0.800000 0.150000 0.596251 0.025723 1.849385
0.850000 0.150000 0.582507 0.022695 1.813238
0.900000 0.150000 0.570151 0.020185 1.778497
0.950000 0.150000 0.558978 0.018092 1.744866
1.000000 0.150000 0.548811 0.016341 1.712116
1.050000 0.150000 0.539504 0.014875 1.680072
1.100000 0.150000 0.530926 0.013652 1.648597
1.150000 0.150000 0.522967 0.012639 1.617587
1.200000 0.150000 0.515523 0.011812 1.586964
1.250000 0.150000 0.508505 0.011155 1.556672
1.300000 0.150000 0.501828 0.010655 1.526676
1.350000 0.150000 0.495413 0.010303 1.496955
1.400000 0.150000 0.489184 0.010094 1.467509
1.450000 0.150000 0.483072 0.010024 1.438352
1.500000 0.150000 0.477011 0.010087 1.409521
1.550000 0.150000 0.470941 0.010275 1.381057
1.600000 0.150000 0.464817 0.010568 1.353066
1.650000 0.150000 0.458602 0.010935 1.325578
1.700000 0.150000 0.452314 0.011312 1.298898
1.750000 0.150000 0.445958 0.011592 1.272774
1.800000 0.150000 0.439753 0.011586 1.248433
1.850000 0.150000 0.433686 0.011021 1.223645
1.900000 0.150000 0.428730 0.009387 1.204715
1.950000 0.150000 0.424071 0.006148 1.177389
2.000000 0.150000 0.424060 0.000000 1.177389

0.000000 0.200000 1.000000 0.000000 3.153988
0.050000 0.200000 1.033381 0.159002 3.153988
0.100000 0.200000 1.064976 0.229294 3.031588
0.150000 0.200000 1.076708 0.250768 2.902804
0.200000 0.200000 1.070821 0.240272 2.745652
0.250000 0.200000 1.049767 0.216488 2.609831
0.300000 0.200000 1.020524 0.188213 2.485694
0.350000 0.200000 0.987178 0.160762 2.380572
0.400000 0.200000 0.953102 0.136203 2.289831
0.450000 0.200000 0.920076 0.115225 2.212093
0.500000 0.200000 0.889113 0.097720 2.144447
0.550000 0.200000 0.860604 0.083293 2.084935
0.600000 0.200000 0.834625 0.071457 2.031748
0.650000 0.200000 0.811064 0.061748 1.983530
0.700000 0.200000 0.789729 0.053762 1.939195
0.750000 0.200000 0.770396 0.047163 1.897908
0.800000 0.200000 0.752844 0.041679 1.859020
0.850000 0.200000 0.736864 0.037097 1.822028
0.900000 0.200000 0.722266 0.033248 1.786542
0.950000 0.200000 0.708879 0.030003 1.752254
1.000000 0.200000 0.696552 0.027261 1.718927
1.050000 0.200000 0.685150 0.024943 1.686374
1.100000 0.200000 0.674549 0.022992 1.654450
1.150000 0.200000 0.664640 0.021361 1.623043
1.200000 0.200000 0.655320 0.020017 1.592069
1.250000 0.200000 0.646494 0.018935 1.561465
1.300000 0.200000 0.638073 0.018097 1.531191
1.350000 0.200000 0.629973 0.017489 1.501220
1.400000 0.200000 0.622116 0.017100 1.471545
1.450000 0.200000 0.614426 0.016921 1.442169
1.500000 0.200000 0.606837 0.016939 1.413118
1.550000 0.200000 0.599289 0.017133 1.384417
1.600000 0.200000 0.591743 0.017470 1.356147
1.650000 0.200000 0.584170 0.017888 1.328304
1.700000 0.200000 0.576605 0.018282 1.301162
1.750000 0.200000 0.569074 0.018482 1.274388
1.800000 0.200000 0.561829 0.018205 1.249227
1.850000 0.200000 0.554874 0.017036 1.223188
1.900000 0.200000 0.549264 0.014284 1.203075
1.950000 0.200000 0.544095 0.009136 1.173240
2.000000 0.200000 0.544082 0.000000 1.173240

0.000000 0.250000 1.000000 0.000000 2.896110
0.050000 0.250000 1.028242 0.125951 2.896110
0.100000 0.250000 1.062214 0.199954 2.856827
0.150000 0.250000 1.090235 0.235234 2.774508
0.200000 0.250000 1.105275 0.240926 2.668106
0.250000 0.250000 1.106677 0.229898 2.563487
0.300000 0.250000 1.097577 0.210161 2.462174
0.350000 0.250000 1.081016 0.187438 2.370828
0.400000 0.250000 1.060003 0.164825 2.288692
0.450000 0.250000 1.036685 0.143957 2.215833
0.500000 0.250000 1.012608 0.125472 2.150863
0.550000 0.250000 0.988745 0.109486 2.092642
0.600000 0.250000 0.965687 0.095845 2.039946
0.650000 0.250000 0.943752 0.084281 1.991757
0.700000 0.250000 0.923088 0.074500 1.947199
0.750000 0.250000 0.903735 0.066222 1.905563
0.800000 0.250000 0.885666 0.059200 1.866269
0.850000 0.250000 0.868821 0.053226 1.828856
0.900000 0.250000 0.853118 0.048128 1.792953
0.950000 0.250000 0.838468 0.043768 1.758264
1.000000 0.250000 0.824777 0.040037 1.724556
1.050000 0.250000 0.811952 0.036849 1.691643
1.100000 0.250000 0.799902 0.034135 1.659380
1.150000 0.250000 0.788537 0.031844 1.627653
1.200000 0.250000 0.777771 0.029935 1.596375
1.250000 0.250000 0.767518 0.028380 1.565481
1.300000 0.250000 0.757699 0.027154 1.534926
1.350000 0.250000 0.748233 0.026240 1.504680
1.400000 0.250000 0.739046 0.025621 1.474728
1.450000 0.250000 0.730068 0.025283 1.445067
1.500000 0.250000 0.721236 0.025204 1.415710
1.550000 0.250000 0.712496 0.025349 1.386668
1.600000 0.250000 0.703817 0.025664 1.358006
1.650000 0.250000 0.695181 0.026056 1.329693
1.700000 0.250000 0.686635 0.026373 1.301983
1.750000 0.250000 0.678218 0.026377 1.274487
1.800000 0.250000 0.670206 0.025687 1.248479
1.850000 0.250000 0.662604 0.023750 1.221273
1.900000 0.250000 0.656521 0.019690 1.200101
1.950000 0.250000 0.650968 0.012410 1.168170
2.000000 0.250000 0.650952 0.000000 1.168170

0.000000 0.300000 1.000000 0.000000 2.717609
0.050000 0.300000 1.021750 0.098421 2.717609
0.100000 0.300000 1.052770 0.167023 2.716874
0.150000 0.300000 1.086435 0.207600 2.666477
0.200000 0.300000 1.113084 0.224123 2.596092
0.250000 0.300000 1.129936 0.224271 2.517166
0.300000 0.300000 1.137051 0.214071 2.435767
0.350000 0.300000 1.135809 0.198459 2.357619
0.400000 0.300000 1.128171 0.180661 2.284271
0.450000 0.300000 1.115952 0.162717 2.216838
0.500000 0.300000 1.100709 0.145745 2.155127
0.550000 0.300000 1.083640 0.130283 2.098727
0.600000 0.300000 1.065634 0.116507 2.046959
0.650000 0.300000 1.047320 0.104394 1.999147
0.700000 0.300000 1.029130 0.093820 1.954638
0.750000 0.300000 1.011348 0.084619 1.912860
0.800000 0.300000 0.994154 0.076622 1.873317
0.850000 0.300000 0.977649 0.069670 1.835598
0.900000 0.300000 0.961883 0.063623 1.799361
0.950000 0.300000 0.946868 0.058363 1.764327
1.000000 0.300000 0.932591 0.053793 1.730273
1.050000 0.300000 0.919019 0.049833 1.697017
1.100000 0.300000 0.906108 0.046420 1.664416
1.150000 0.300000 0.893804 0.043505 1.632356
1.200000 0.300000 0.882050 0.041048 1.600750
1.250000 0.300000 0.870783 0.039018 1.569531
1.300000 0.300000 0.859937 0.037393 1.538650
1.350000 0.300000 0.849449 0.036151 1.508075
1.400000 0.300000 0.839254 0.035274 1.477785
1.450000 0.300000 0.829291 0.034741 1.447770
1.500000 0.300000 0.819508 0.034519 1.418036
1.550000 0.300000 0.809859 0.034562 1.388581
1.600000 0.300000 0.800320 0.034792 1.359457
1.650000 0.300000 0.790884 0.035084 1.330611
1.700000 0.300000 0.781606 0.035240 1.302286
1.750000 0.300000 0.772533 0.034952 1.274049
1.800000 0.300000 0.763954 0.033744 1.247204
1.850000 0.300000 0.755870 0.030924 1.218902
1.900000 0.300000 0.749426 0.025432 1.196751
1.950000 0.300000 0.743564 0.015882 1.162959
2.000000 0.300000 0.743545 0.000000 1.162959

0.000000 0.350000 1.000000 0.000000 2.599977
0.050000 0.350000 1.016597 0.075601 2.599977
0.100000 0.350000 1.043439 0.134819 2.614225
0.150000 0.350000 1.077352 0.175133 2.582328
0.200000 0.350000 1.109080 0.197530 2.534259
0.250000 0.350000 1.134995 0.205948 2.473594
0.300000 0.350000 1.153287 0.204316 2.407511
0.350000 0.350000 1.163888 0.196303 2.340592
0.400000 0.350000 1.167617 0.184671 2.275387
0.450000 0.350000 1.165642 0.171400 2.213515
0.500000 0.350000 1.159207 0.157768 2.155528
0.550000 0.350000 1.149443 0.144546 2.101528
0.600000 0.350000 1.137316 0.132152 2.051262
0.650000 0.350000 1.123608 0.120775 2.004343
0.700000 0.350000 1.108929 0.110463 1.960326
0.750000 0.350000 1.093745 0.101192 1.918772
0.800000 0.350000 1.078400 0.092895 1.879278
0.850000 0.350000 1.063141 0.085493 1.841491
0.900000 0.350000 1.048141 0.078905 1.805106
0.950000 0.350000 1.033513 0.073058 1.769871
1.000000 0.350000 1.019328 0.067885 1.735577
1.050000 0.350000 1.005620 0.063330 1.702054
1.100000 0.350000 0.992399 0.059348 1.669163
1.150000 0.350000 0.979656 0.055900 1.636796
1.200000 0.350000 0.967366 0.052956 1.604868
1.250000 0.350000 0.955495 0.050492 1.573312
1.300000 0.350000 0.944003 0.048487 1.542080
1.350000 0.350000 0.932843 0.046922 1.511137
1.400000 0.350000 0.921968 0.045778 1.480460
1.450000 0.350000 0.911330 0.045028 1.450034
1.500000 0.350000 0.900888 0.044635 1.419861
1.550000 0.350000 0.890606 0.044536 1.389931
1.600000 0.350000 0.880469 0.044635 1.360289
1.650000 0.350000 0.870474 0.044773 1.330872
1.700000 0.350000 0.860683 0.044706 1.301916
1.750000 0.350000 0.851145 0.044059 1.272960
1.800000 0.350000 0.842154 0.042261 1.245343
1.850000 0.350000 0.833705 0.038482 1.216082
1.900000 0.350000 0.826978 0.031470 1.193101
1.950000 0.350000 0.820857 0.019538 1.157731
2.000000 0.350000 0.820837 0.000000 1.157731

0.000000 0.400000 1.000000 0.000000 2.518809
0.050000 0.400000 1.013005 0.057024 2.518809
0.100000 0.400000 1.036001 0.105522 2.538036
0.150000 0.400000 1.067943 0.142138 2.517271
0.200000 0.400000 1.100915 0.166468 2.483230
0.250000 0.400000 1.131234 0.180103 2.435432
0.300000 0.400000 1.156198 0.185217 2.380764
0.350000 0.400000 1.174770 0.184159 2.322862
0.400000 0.400000 1.186862 0.178936 2.264603
0.450000 0.400000 1.192996 0.171147 2.207819
0.500000 0.400000 1.193994 0.161961 2.153487
0.550000 0.400000 1.190774 0.152186 2.102047
0.600000 0.400000 1.184227 0.142352 2.053543
0.650000 0.400000 1.175156 0.132789 2.007812
0.700000 0.400000 1.164244 0.123688 1.964572
0.750000 0.400000 1.152057 0.115153 1.923503
0.800000 0.400000 1.139044 0.107230 1.884283
0.850000 0.400000 1.125558 0.099931 1.846614
0.900000 0.400000 1.111863 0.093252 1.810234
0.950000 0.400000 1.098157 0.087177 1.774916
1.000000 0.400000 1.084580 0.081687 1.740472
1.050000 0.400000 1.071229 0.076762 1.706743
1.100000 0.400000 1.058163 0.072385 1.673604
1.150000 0.400000 1.045416 0.068538 1.640951
1.200000 0.400000 1.032999 0.065207 1.608706
1.250000 0.400000 1.020909 0.062380 1.576803
1.300000 0.400000 1.009130 0.060044 1.545198
1.350000 0.400000 0.997637 0.058185 1.513854
1.400000 0.400000 0.986401 0.056785 1.482750
1.450000 0.400000 0.975391 0.055819 1.451869
1.500000 0.400000 0.964576 0.055241 1.421211
1.550000 0.400000 0.953931 0.054981 1.390763
1.600000 0.400000 0.943445 0.054920 1.360571
1.650000 0.400000 0.933120 0.054874 1.330566
1.700000 0.400000 0.923019 0.054553 1.300989
1.750000 0.400000 0.913187 0.053514 1.271361
1.800000 0.400000 0.903921 0.051091 1.243059
1.850000 0.400000 0.895206 0.046315 1.212981
1.900000 0.400000 0.888257 0.037731 1.189329
1.950000 0.400000 0.881916 0.023338 1.152639
2.000000 0.400000 0.881896 0.000000 1.152639

0.000000 0.450000 1.000000 0.000000 2.464533
0.050000 0.450000 1.010716 0.041457 2.464533
0.100000 0.450000 1.030753 0.079224 2.484438
0.150000 0.450000 1.060198 0.110449 2.469668
0.200000 0.450000 1.092425 0.134212 2.443588
0.250000 0.450000 1.124041 0.150715 2.403961
0.300000 0.450000 1.152088 0.160809 2.357014
0.350000 0.450000 1.175041 0.165665 2.305706
0.400000 0.450000 1.192252 0.166468 2.252893
0.450000 0.450000 1.203768 0.164286 2.200421
0.500000 0.450000 1.210047 0.160006 2.149438
0.550000 0.450000 1.211765 0.154328 2.100550
0.600000 0.450000 1.209675 0.147784 2.053970
0.650000 0.450000 1.204517 0.140770 2.009669
0.700000 0.450000 1.196968 0.133575 1.967476
0.750000 0.450000 1.187617 0.126404 1.927155
0.800000 0.450000 1.176956 0.119407 1.888448
0.850000 0.450000 1.165390 0.112687 1.851106
0.900000 0.450000 1.153237 0.106319 1.814904
0.950000 0.450000 1.140747 0.100353 1.779644
1.000000 0.450000 1.128109 0.094825 1.745157
1.050000 0.450000 1.115460 0.089759 1.711305
1.100000 0.450000 1.102902 0.085173 1.677972
1.150000 0.450000 1.090502 0.081076 1.645069
1.200000 0.450000 1.078301 0.077474 1.612521
1.250000 0.450000 1.066325 0.074372 1.580272
1.300000 0.450000 1.054580 0.071770 1.548279
1.350000 0.450000 1.043065 0.069661 1.516510
1.400000 0.450000 1.031767 0.068034 1.484945
1.450000 0.450000 1.020670 0.066863 1.453568
1.500000 0.450000 1.009756 0.066104 1.422382
1.550000 0.450000 0.999007 0.065677 1.391375
1.600000 0.450000 0.988417 0.065451 1.360598
1.650000 0.450000 0.977986 0.065213 1.329984
1.700000 0.450000 0.967773 0.064632 1.299787
1.750000 0.450000 0.957815 0.063201 1.269518
1.800000 0.450000 0.948406 0.060155 1.240600
1.850000 0.450000 0.939520 0.054377 1.209822
1.900000 0.450000 0.932406 0.044197 1.185633
1.950000 0.450000 0.925880 0.027280 1.147826
2.000000 0.450000 0.925860 0.000000 1.147826

0.000000 0.500000 1.000000 0.000000 2.429381
0.050000 0.500000 1.009450 0.027845 2.429381
0.100000 0.500000 1.027502 0.055379 2.448054
0.150000 0.500000 1.054649 0.080623 2.435782
0.200000 0.500000 1.085166 0.102530 2.413371
0.250000 0.500000 1.116021 0.120438 2.378178
0.300000 0.500000 1.144366 0.134194 2.335813
0.350000 0.500000 1.168572 0.143978 2.288841
0.400000 0.500000 1.187780 0.150189 2.239945
0.450000 0.500000 1.201798 0.153332 2.190876
0.500000 0.500000 1.210858 0.153943 2.142786
0.550000 0.500000 1.215454 0.152535 2.096306
0.600000 0.500000 1.216198 0.149576 2.051699
0.650000 0.500000 1.213734 0.145471 2.008990
0.700000 0.500000 1.208677 0.140564 1.968059
0.750000 0.500000 1.201582 0.135140 1.928716
0.800000 0.500000 1.192929 0.129432 1.890745
0.850000 0.500000 1.183120 0.123626 1.853935
0.900000 0.500000 1.172485 0.117870 1.818089
0.950000 0.500000 1.161289 0.112281 1.783036
1.000000 0.500000 1.149739 0.106950 1.748631
1.050000 0.500000 1.137995 0.101945 1.714754
1.100000 0.500000 1.126178 0.097320 1.681307
1.150000 0.500000 1.114380 0.093116 1.648211
1.200000 0.500000 1.102663 0.089361 1.615403
1.250000 0.500000 1.091072 0.086078 1.582834
1.300000 0.500000 1.079635 0.083281 1.550469
1.350000 0.500000 1.068367 0.080976 1.518279
1.400000 0.500000 1.057275 0.079158 1.486249
1.450000 0.500000 1.046354 0.077808 1.454367
1.500000 0.500000 1.035598 0.076883 1.422639
1.550000 0.500000 1.024995 0.076300 1.391060
1.600000 0.500000 1.014540 0.075918 1.359688
1.650000 0.500000 1.004227 0.075505 1.328465
1.700000 0.500000 0.994107 0.074689 1.297667
1.750000 0.500000 0.984199 0.072902 1.266802
1.800000 0.500000 0.974788 0.069274 1.237351
1.850000 0.500000 0.965834 0.062534 1.206000
1.900000 0.500000 0.958618 0.050773 1.181437
1.950000 0.500000 0.951940 0.031306 1.142754
2.000000 0.500000 0.951921 0.000000 1.142754

0.000000 0.550000 1.000000 0.000000 2.412767
0.050000 0.550000 1.009002 0.015457 2.412767
0.100000 0.550000 1.025945 0.033534 2.429419
0.150000 0.550000 1.051158 0.053040 2.416975
0.200000 0.550000 1.079371 0.072858 2.394760
0.250000 0.550000 1.107879 0.091623 2.360743
0.300000 0.550000 1.134183 0.108340 2.320101
0.350000 0.550000 1.156856 0.122339 2.275292
0.400000 0.550000 1.175138 0.133325 2.228764
0.450000 0.550000 1.188837 0.141288 2.182109
0.500000 0.550000 1.198125 0.146427 2.136343
0.550000 0.550000 1.203395 0.149063 2.092010
0.600000 0.550000 1.205154 0.149576 2.049320
0.650000 0.550000 1.203938 0.148362 2.008269
0.700000 0.550000 1.200267 0.145796 1.968733
0.750000 0.550000 1.194618 0.142221 1.930529
0.800000 0.550000 1.187409 0.137937 1.893460
0.850000 0.550000 1.178995 0.133198 1.857334
0.900000 0.550000 1.169675 0.128216 1.821978
0.950000 0.550000 1.159692 0.123164 1.787245
1.000000 0.550000 1.149243 0.118183 1.753012
1.050000 0.550000 1.138486 0.113383 1.719179
1.100000 0.550000 1.127544 0.108850 1.685665
1.150000 0.550000 1.116515 0.104652 1.652407
1.200000 0.550000 1.105474 0.100842 1.619355
1.250000 0.550000 1.094479 0.097459 1.586470
1.300000 0.550000 1.083570 0.094531 1.553723
1.350000 0.550000 1.072779 0.092076 1.521093
1.400000 0.550000 1.062125 0.090101 1.488567
1.450000 0.550000 1.051617 0.088593 1.456138
1.500000 0.550000 1.041258 0.087515 1.423818
1.550000 0.550000 1.031040 0.086787 1.391605
1.600000 0.550000 1.020957 0.086264 1.359568
1.650000 0.550000 1.010995 0.085699 1.327657
1.700000 0.550000 1.001187 0.084689 1.296177
1.750000 0.550000 0.991530 0.082602 1.264633
1.800000 0.550000 0.982285 0.078463 1.234582
1.850000 0.550000 0.973388 0.070828 1.202594
1.900000 0.550000 0.966149 0.057525 1.177634
1.950000 0.550000 0.959353 0.035486 1.138026
2.000000 0.550000 0.959336 0.000000 1.138026

0.000000 0.600000 1.000000 0.000000 2.409236
0.050000 0.600000 1.009318 0.003103 2.409236
0.100000 0.600000 1.025838 0.012526 2.421590
0.150000 0.600000 1.049175 0.027171 2.405961
0.200000 0.600000 1.074256 0.045564 2.380416
0.250000 0.600000 1.098725 0.065460 2.344564
0.300000 0.600000 1.120671 0.085034 2.303125
0.350000 0.600000 1.139143 0.102849 2.258645
0.400000 0.600000 1.153746 0.118035 2.213219
0.450000 0.600000 1.164485 0.130177 2.168198
0.500000 0.600000 1.171602 0.139218 2.124336
0.550000 0.600000 1.175466 0.145341 2.081987
0.600000 0.600000 1.176496 0.148870 2.041216
0.650000 0.600000 1.175117 0.150197 2.001931
0.700000 0.600000 1.171725 0.149725 1.963954
0.750000 0.600000 1.166680 0.147843 1.927081
0.800000 0.600000 1.160298 0.144901 1.891111
0.850000 0.600000 1.152850 0.141208 1.855861
0.900000 0.600000 1.144566 0.137024 1.821177
0.950000 0.600000 1.135637 0.132566 1.786933
1.000000 0.600000 1.126224 0.128011 1.753026
1.050000 0.600000 1.116460 0.123501 1.719379
1.100000 0.600000 1.106454 0.119150 1.685929
1.150000 0.600000 1.096297 0.115047 1.652629
1.200000 0.600000 1.086065 0.111262 1.619443
1.250000 0.600000 1.075820 0.107849 1.586345
1.300000 0.600000 1.065613 0.104850 1.553312
1.350000 0.600000 1.055485 0.102293 1.520329
1.400000 0.600000 1.045468 0.100194 1.487390
1.450000 0.600000 1.035582 0.098552 1.454488
1.500000 0.600000 1.025837 0.097340 1.421640
1.550000 0.600000 1.016232 0.096485 1.388849
1.600000 0.600000 1.006759 0.095846 1.356193
1.650000 0.600000 0.997390 0.095171 1.323633
1.700000 0.600000 0.988136 0.094033 1.291507
1.750000 0.600000 0.978957 0.091746 1.259323
1.800000 0.600000 0.970082 0.087223 1.228742
1.850000 0.600000 0.961398 0.078839 1.196217
1.900000 0.600000 0.954236 0.064118 1.171047
1.950000 0.600000 0.947366 0.039594 1.130826
2.000000 0.600000 0.947351 0.000000 1.130826

0.000000 0.650000 1.000000 0.000000 2.433953
0.050000 0.650000 1.010224 -0.008744 2.433953
0.100000 0.650000 1.026573 -0.006357 2.440111
0.150000 0.650000 1.047383 0.005210 2.418464
0.200000 0.650000 1.067780 0.023725 2.385799
0.250000 0.650000 1.085945 0.045673 2.344967
0.300000 0.650000 1.100918 0.068364 2.300054
0.350000 0.650000 1.112489 0.089696 2.253952
0.400000 0.650000 1.120834 0.108405 2.208230
0.450000 0.650000 1.126277 0.123844 2.163913
0.500000 0.650000 1.129190 0.135849 2.121356
0.550000 0.650000 1.129930 0.144564 2.080621
0.600000 0.650000 1.128820 0.150315 2.041551
0.650000 0.650000 1.126139 0.153517 2.003903
0.700000 0.650000 1.122131 0.154612 1.967410
0.750000 0.650000 1.117003 0.154022 1.931817
0.800000 0.650000 1.110936 0.152135 1.896904
0.850000 0.650000 1.104084 0.149294 1.862488
0.900000 0.650000 1.096582 0.145787 1.828427
0.950000 0.650000 1.088550 0.141859 1.794613
1.000000 0.650000 1.080090 0.137708 1.760966
1.050000 0.650000 1.071296 0.133495 1.727427
1.100000 0.650000 1.062250 0.129349 1.693955
1.150000 0.650000 1.053028 0.125371 1.660521
1.200000 0.650000 1.043697 0.121643 1.627103
1.250000 0.650000 1.034318 0.118229 1.593685
1.300000 0.650000 1.024948 0.115177 1.560254
1.350000 0.650000 1.015636 0.112526 1.526798
1.400000 0.650000 1.006423 0.110302 1.493312
1.450000 0.650000 0.997342 0.108515 1.459789
1.500000 0.650000 0.988413 0.107147 1.426240
1.550000 0.650000 0.979640 0.106143 1.392663
1.600000 0.650000 0.971015 0.105372 1.359136
1.650000 0.650000 0.962498 0.104588 1.325611
1.700000 0.650000 0.954075 0.103354 1.292450
1.750000 0.650000 0.945657 0.100938 1.259134
1.800000 0.650000 0.937421 0.096143 1.227451
1.850000 0.650000 0.929171 0.087148 1.193663
1.900000 0.650000 0.922243 0.071119 1.167597
1.950000 0.650000 0.915330 0.044103 1.125651
2.000000 0.650000 0.915318 0.000000 1.125651

0.000000 0.700000 1.000000 0.000000 2.461211
0.050000 0.700000 1.011706 -0.023109 2.461211
0.100000 0.700000 1.027375 -0.026060 2.450028
0.150000 0.700000 1.043334 -0.015005 2.416958
0.200000 0.700000 1.055999 0.005927 2.372093
0.250000 0.700000 1.064532 0.031280 2.323599
0.300000 0.700000 1.069427 0.057475 2.273534
0.350000 0.700000 1.071402 0.081934 2.225058
0.400000 0.700000 1.071277 0.103272 2.178762
0.450000 0.700000 1.069657 0.120863 2.135172
0.500000 0.700000 1.066980 0.134623 2.094091
0.550000 0.700000 1.063517 0.144785 2.055223
0.600000 0.700000 1.059428 0.151748 2.018142
0.650000 0.700000 1.054797 0.155985 1.982440
0.700000 0.700000 1.049672 0.157972 1.947747
0.750000 0.700000 1.044078 0.158162 1.913758
0.800000 0.700000 1.038035 0.156957 1.880232
0.850000 0.700000 1.031567 0.154710 1.846988
0.900000 0.700000 1.024701 0.151719 1.813898
0.950000 0.700000 1.017469 0.148232 1.780870
1.000000 0.700000 1.009913 0.144452 1.747847
1.050000 0.700000 1.002077 0.140541 1.714792
1.100000 0.700000 0.994013 0.136632 1.681683
1.150000 0.700000 0.985773 0.132829 1.648508
1.200000 0.700000 0.977415 0.129214 1.615261
1.250000 0.700000 0.968994 0.125854 1.581934
1.300000 0.700000 0.960570 0.122803 1.548522
1.350000 0.700000 0.952198 0.120103 1.515018
1.400000 0.700000 0.943929 0.117789 1.481415
1.450000 0.700000 0.935809 0.115879 1.447701
1.500000 0.700000 0.927871 0.114373 1.413882
1.550000 0.700000 0.920129 0.113233 1.379945
1.600000 0.700000 0.912580 0.112352 1.345965
1.650000 0.700000 0.905176 0.111506 1.311883
1.700000 0.700000 0.897877 0.110269 1.278091
1.750000 0.700000 0.890534 0.107888 1.244048
1.800000 0.700000 0.883254 0.103076 1.211725
1.850000 0.700000 0.875705 0.093817 1.177199
1.900000 0.700000 0.869190 0.076874 1.150988
1.950000 0.700000 0.862320 0.047832 1.108608
2.000000 0.700000 0.862311 0.000000 1.108608

0.000000 0.750000 1.000000 0.000000 2.578921
0.050000 0.750000 1.012339 -0.032936 2.578921
0.100000 0.750000 1.024873 -0.035552 2.542184
0.150000 0.750000 1.031471 -0.020811 2.492190
0.200000 0.750000 1.031694 0.005134 2.427825
0.250000 0.750000 1.026364 0.034713 2.366952
0.300000 0.750000 1.017984 0.063917 2.308098
0.350000 0.750000 1.008161 0.090185 2.254869
0.400000 0.750000 0.998189 0.112445 2.206323
0.450000 0.750000 0.988715 0.130390 2.162262
0.500000 0.750000 0.980038 0.144203 2.121718
0.550000 0.750000 0.972184 0.154299 2.083915
0.600000 0.750000 0.965044 0.161189 2.048081
0.650000 0.750000 0.958446 0.165400 2.013605
0.700000 0.750000 0.952202 0.167431 1.979992
0.750000 0.750000 0.946143 0.167730 1.946875
0.800000 0.750000 0.940124 0.166690 1.913992
0.850000 0.750000 0.934037 0.164643 1.881160
0.900000 0.750000 0.927804 0.161870 1.848265
0.950000 0.750000 0.921379 0.158601 1.815238
1.000000 0.750000 0.914741 0.155022 1.782045
1.050000 0.750000 0.907892 0.151285 1.748672
1.100000 0.750000 0.900850 0.147510 1.715120
1.150000 0.750000 0.893648 0.143793 1.681397
1.200000 0.750000 0.886332 0.140211 1.647509
1.250000 0.750000 0.878953 0.136827 1.613463
1.300000 0.750000 0.871570 0.133693 1.579259
1.350000 0.750000 0.864246 0.130851 1.544887
1.400000 0.750000 0.857042 0.128338 1.510334
1.450000 0.750000 0.850018 0.126183 1.475572
1.500000 0.750000 0.843226 0.124398 1.440579
1.550000 0.750000 0.836697 0.122966 1.405303
1.600000 0.750000 0.830444 0.121810 1.369765
1.650000 0.750000 0.824422 0.120741 1.333826
1.700000 0.750000 0.818581 0.119364 1.297823
1.750000 0.750000 0.812712 0.116937 1.261054
1.800000 0.750000 0.806836 0.112110 1.225605
1.850000 0.750000 0.800415 0.102668 1.187037
1.900000 0.750000 0.794685 0.084890 1.157145
1.950000 0.750000 0.787830 0.053536 1.108306
2.000000 0.750000 0.787824 0.000000 1.108306

0.000000 0.800000 1.000000 0.000000 2.607721
0.050000 0.800000 1.009831 -0.052991 2.607721
0.100000 0.800000 1.013105 -0.051081 2.500206
0.150000 0.800000 1.000944 -0.028112 2.425451
0.200000 0.800000 0.981720 0.005231 2.337032
0.250000 0.800000 0.957964 0.039162 2.265647
0.300000 0.800000 0.934107 0.070088 2.200915
0.350000 0.800000 0.911884 0.096231 2.146270
0.400000 0.800000 0.892431 0.117342 2.098452
0.450000 0.800000 0.875939 0.133720 2.056472
0.500000 0.800000 0.862243 0.145941 2.018612
0.550000 0.800000 0.850943 0.154634 1.983731
0.600000 0.800000 0.841572 0.160408 1.950820
0.650000 0.800000 0.833669 0.163811 1.919146
0.700000 0.800000 0.826819 0.165324 1.888161
0.750000 0.800000 0.820673 0.165354 1.857482
0.800000 0.800000 0.814951 0.164245 1.826848
0.850000 0.800000 0.809438 0.162282 1.796094
0.900000 0.800000 0.803976 0.159701 1.765126
0.950000 0.800000 0.798458 0.156693 1.733897
1.000000 0.800000 0.792819 0.153413 1.702393
1.050000 0.800000 0.787028 0.149984 1.670620
1.100000 0.800000 0.781080 0.146506 1.638597
1.150000 0.800000 0.774992 0.143057 1.606343
1.200000 0.800000 0.768800 0.139701 1.573879
1.250000 0.800000 0.762552 0.136489 1.541216
1.300000 0.800000 0.756306 0.133466 1.508359
1.350000 0.800000 0.750130 0.130671 1.475301
1.400000 0.800000 0.744094 0.128140 1.442021
1.450000 0.800000 0.738273 0.125906 1.408484
1.500000 0.800000 0.732736 0.123994 1.374651
1.550000 0.800000 0.727540 0.122409 1.340447
1.600000 0.800000 0.722724 0.121113 1.305868
1.650000 0.800000 0.718266 0.119976 1.270737
1.700000 0.800000 0.714119 0.118678 1.235395
1.750000 0.800000 0.710030 0.116555 1.199071
1.800000 0.800000 0.705930 0.112287 1.164107
1.850000 0.800000 0.701011 0.103570 1.125803
1.900000 0.800000 0.696314 0.086231 1.097231
1.950000 0.800000 0.689716 0.054634 1.050470
2.000000 0.800000 0.689713 0.000000 1.050470

0.000000 0.850000 1.000000 0.000000 3.062644
0.050000 0.850000 0.992041 -0.033274 3.062644
0.100000 0.850000 0.973178 -0.009757 2.848619
0.150000 0.850000 0.931059 0.024723 2.728169
0.200000 0.850000 0.886797 0.062565 2.594064
0.250000 0.850000 0.842966 0.095790 2.498740
0.300000 0.850000 0.804725 0.123208 2.418608
0.350000 0.850000 0.772517 0.144695 2.356101
0.400000 0.850000 0.746442 0.161017 2.304229
0.450000 0.850000 0.725705 0.173010 2.260451
0.500000 0.850000 0.709433 0.181476 2.221797
0.550000 0.850000 0.696706 0.187100 2.186464
0.600000 0.850000 0.686705 0.190452 2.153044
0.650000 0.850000 0.678723 0.191999 2.120605
0.700000 0.850000 0.672182 0.192125 2.088506
0.750000 0.850000 0.666617 0.191143 2.056338
0.800000 0.850000 0.661671 0.189310 2.023852
0.850000 0.850000 0.657073 0.186837 1.990916
0.900000 0.850000 0.652627 0.183896 1.957474
0.950000 0.850000 0.648197 0.180625 1.923521
1.000000 0.850000 0.643699 0.177137 1.889088
1.050000 0.850000 0.639084 0.173523 1.854219
1.100000 0.850000 0.634338 0.169855 1.818967
1.150000 0.850000 0.629470 0.166190 1.783381
1.200000 0.850000 0.624509 0.162575 1.747506
1.250000 0.850000 0.619499 0.159048 1.711369
1.300000 0.850000 0.614497 0.155644 1.674984
1.350000 0.850000 0.609573 0.152392 1.638341
1.400000 0.850000 0.604803 0.149322 1.601407
1.450000 0.850000 0.600274 0.146464 1.564110
1.500000 0.850000 0.596075 0.143842 1.526347
1.550000 0.850000 0.592295 0.141474 1.487933
1.600000 0.850000 0.589014 0.139347 1.448695
1.650000 0.850000 0.586264 0.137374 1.408179
1.700000 0.850000 0.584057 0.135315 1.366356
1.750000 0.850000 0.582155 0.132601 1.321809
1.800000 0.850000 0.580469 0.128011 1.276464
1.850000 0.850000 0.577848 0.119161 1.223775
1.900000 0.850000 0.575192 0.101366 1.179554
1.950000 0.850000 0.568419 0.066852 1.104315
2.000000 0.850000 0.568419 0.000000 1.104315

0.000000 0.900000 1.000000 0.000000 2.684515
0.050000 0.900000 0.928004 -0.068027 2.684515
0.100000 0.900000 0.863926 -0.023142 2.280578
0.150000 0.900000 0.779238 0.022330 2.151586
0.200000 0.900000 0.711534 0.060908 2.008774
0.250000 0.900000 0.654579 0.089228 1.923327
0.300000 0.900000 0.610343 0.109701 1.854029
0.350000 0.900000 0.575949 0.124218 1.803202
0.400000 0.900000 0.549769 0.134393 1.762101
0.450000 0.900000 0.529930 0.141359 1.728217
0.500000 0.900000 0.514993 0.145931 1.698635
0.550000 0.900000 0.503740 0.148686 1.671769
0.600000 0.900000 0.495216 0.150046 1.646399
0.650000 0.900000 0.488661 0.150329 1.621757
0.700000 0.900000 0.483486 0.149777 1.597324
0.750000 0.900000 0.479238 0.148579 1.572779
0.800000 0.900000 0.475576 0.146888 1.547932
0.850000 0.900000 0.472247 0.144825 1.522686
0.900000 0.900000 0.469073 0.142490 1.497005
0.950000 0.900000 0.465929 0.139961 1.470896
1.000000 0.900000 0.462736 0.137304 1.444389
1.050000 0.900000 0.459452 0.134569 1.417525
1.100000 0.900000 0.456061 0.131799 1.390352
1.150000 0.900000 0.452570 0.129025 1.362913
1.200000 0.900000 0.449002 0.126276 1.335246
1.250000 0.900000 0.445394 0.123572 1.307376
1.300000 0.900000 0.441797 0.120935 1.279315
1.350000 0.900000 0.438270 0.118383 1.251057
1.400000 0.900000 0.434886 0.115936 1.222575
1.450000 0.900000 0.431725 0.113615 1.193810
1.500000 0.900000 0.428883 0.111446 1.164682
1.550000 0.900000 0.426458 0.109451 1.135042
1.600000 0.900000 0.424561 0.107649 1.104766
1.650000 0.900000 0.423267 0.106023 1.073494
1.700000 0.900000 0.422656 0.104469 1.041311
1.750000 0.900000 0.422557 0.102656 1.007049
1.800000 0.900000 0.422911 0.099743 0.972922
1.850000 0.900000 0.422391 0.093794 0.933181
1.900000 0.900000 0.421415 0.080381 0.903679
1.950000 0.900000 0.415561 0.052803 0.853903
2.000000 0.900000 0.415563 0.000000 0.853903

0.000000 0.950000 1.000000 0.000000 4.795034
0.050000 0.950000 0.723848 0.186982 4.795034
0.100000 0.950000 0.615659 0.236253 3.864205
0.150000 0.950000 0.507819 0.256711 3.577283
0.200000 0.950000 0.439070 0.265496 3.323731
0.250000 0.950000 0.387778 0.271099 3.185625
0.300000 0.950000 0.351966 0.274413 3.086081
0.350000 0.950000 0.326112 0.276354 3.018017
0.400000 0.950000 0.307635 0.277144 2.965361
0.450000 0.950000 0.294327 0.277026 2.922202
0.500000 0.950000 0.284753 0.276136 2.883708
0.550000 0.950000 0.277836 0.274591 2.847329
0.600000 0.950000 0.272805 0.272480 2.811384
0.650000 0.950000 0.269085 0.269881 2.774925
0.700000 0.950000 0.266254 0.266864 2.737410
0.750000 0.950000 0.264000 0.263490 2.698585
0.800000 0.950000 0.262095 0.259817 2.658371
0.850000 0.950000 0.260375 0.255897 2.616806
0.900000 0.950000 0.258725 0.251779 2.573997
0.950000 0.950000 0.257068 0.247502 2.530087
1.000000 0.950000 0.255359 0.243106 2.485237
1.050000 0.950000 0.253573 0.238620 2.439607
1.100000 0.950000 0.251705 0.234073 2.393346
1.150000 0.950000 0.249760 0.229486 2.346586
1.200000 0.950000 0.247759 0.224879 2.299437
1.250000 0.950000 0.245726 0.220265 2.251979
1.300000 0.950000 0.243697 0.215658 2.204262
1.350000 0.950000 0.241715 0.211065 2.156295
1.400000 0.950000 0.239833 0.206494 2.108039
1.450000 0.950000 0.238113 0.201949 2.059382
1.500000 0.950000 0.236638 0.197431 2.010125
1.550000 0.950000 0.235503 0.192933 1.959894
1.600000 0.950000 0.234839 0.188437 1.908145
1.650000 0.950000 0.234785 0.183884 1.853796
1.700000 0.950000 0.235542 0.179159 1.795667
1.750000 0.950000 0.237164 0.173924 1.730377
1.800000 0.950000 0.239938 0.167535 1.657082
1.850000 0.950000 0.242640 0.158002 1.562396
1.900000 0.950000 0.246270 0.141155 1.464935
1.950000 0.950000 0.239116 0.102404 1.282627
2.000000 0.950000 0.239118 0.000000 1.282627

0.000000 1.000000 0.000000 0.000000 0.000000
0.050000 1.000000 0.000000 0.000000 0.000000
0.100000 1.000000 0.000000 0.000000 0.000000
0.150000 1.000000 0.000000 0.000000 0.000000
0.200000 1.000000 0.000000 0.000000 0.000000
0.250000 1.000000 0.000000 0.000000 0.000000
0.300000 1.000000 0.000000 0.000000 0.000000
0.350000 1.000000 0.000000 0.000000 0.000000
0.400000 1.000000 0.000000 0.000000 0.000000
0.450000 1.000000 0.000000 0.000000 0.000000
0.500000 1.000000 0.000000 0.000000 0.000000
0.550000 1.000000 0.000000 0.000000 0.000000
0.600000 1.000000 0.000000 0.000000 0.000000
0.650000 1.000000 0.000000 0.000000 0.000000
0.700000 1.000000 0.000000 0.000000 0.000000
0.750000 1.000000 0.000000 0.000000 0.000000
0.800000 1.000000 0.000000 0.000000 0.000000
0.850000 1.000000 0.000000 0.000000 0.000000
0.900000 1.000000 0.000000 0.000000 0.000000
0.950000 1.000000 0.000000 0.000000 0.000000
1.000000 1.000000 0.000000 0.000000 0.000000
1.050000 1.000000 0.000000 0.000000 0.000000
1.100000 1.000000 0.000000 0.000000 0.000000
1.150000 1.000000 0.000000 0.000000 0.000000
1.200000 1.000000 0.000000 0.000000 0.000000
1.250000 1.000000 0.000000 0.000000 0.000000
1.300000 1.000000 0.000000 0.000000 0.000000
1.350000 1.000000 0.000000 0.000000 0.000000
1.400000 1.000000 0.000000 0.000000 0.000000
1.450000 1.000000 0.000000 0.000000 0.000000
1.500000 1.000000 0.000000 0.000000 0.000000
1.550000 1.000000 0.000000 0.000000 0.000000
1.600000 1.000000 0.000000 0.000000 0.000000
1.650000 1.000000 0.000000 0.000000 0.000000
1.700000 1.000000 0.000000 0.000000 0.000000
1.750000 1.000000 0.000000 0.000000 0.000000
1.800000 1.000000 0.000000 0.000000 0.000000
1.850000 1.000000 0.000000 0.000000 0.000000
1.900000 1.000000 0.000000 0.000000 0.000000
1.950000 1.000000 0.000000 0.000000 0.000000
2.000000 1.000000 0.000000 0.000000 0.000000

