0.000000 0.000000 0.000000 0.000000 5.569027
0.050000 0.000000 0.000000 0.000000 5.569027
0.100000 0.000000 0.000000 0.000000 4.103594
0.150000 0.000000 0.000000 0.000000 3.613572
0.200000 0.000000 0.000000 0.000000 3.177580
0.250000 0.000000 0.000000 0.000000 2.940554
0.300000 0.000000 0.000000 0.000000 2.767150
0.350000 0.000000 0.000000 0.000000 2.649238
0.400000 0.000000 0.000000 0.000000 2.558718
0.450000 0.000000 0.000000 0.000000 2.487422
0.500000 0.000000 0.000000 0.000000 2.427738
0.550000 0.000000 0.000000 0.000000 2.376088
0.600000 0.000000 0.000000 0.000000 2.329867
0.650000 0.000000 0.000000 0.000000 2.287526
0.700000 0.000000 0.000000 0.000000 2.247968
0.750000 0.000000 0.000000 0.000000 2.210447
0.800000 0.000000 0.000000 0.000000 2.174421
0.850000 0.000000 0.000000 0.000000 2.139488
0.900000 0.000000 0.000000 0.000000 2.105344
0.950000 0.000000 0.000000 0.000000 2.071753
1.000000 0.000000 0.000000 0.000000 2.038529
1.050000 0.000000 0.000000 0.000000 2.005524
1.100000 0.000000 0.000000 0.000000 1.972618
1.150000 0.000000 0.000000 0.000000 1.939718
1.200000 0.000000 0.000000 0.000000 1.906751
1.250000 0.000000 0.000000 0.000000 1.873665
1.300000 0.000000 0.000000 0.000000 1.840429
1.350000 0.000000 0.000000 0.000000 1.807034
1.400000 0.000000 0.000000 0.000000 1.773496
1.450000 0.000000 0.000000 0.000000 1.739860
1.500000 0.000000 0.000000 0.000000 1.706213
1.550000 0.000000 0.000000 0.000000 1.672671
1.600000 0.000000 0.000000 0.000000 1.639444
1.650000 0.000000 0.000000 0.000000 1.606711
1.700000 0.000000 0.000000 0.000000 1.574979
1.750000 0.000000 0.000000 0.000000 1.544251
1.800000 0.000000 0.000000 0.000000 1.516068
1.850000 0.000000 0.000000 0.000000 1.488648
1.900000 0.000000 0.000000 0.000000 1.468373
1.950000 0.000000 0.000000 0.000000 1.442377
2.000000 0.000000 0.000000 0.000000 1.442377

0.000000 0.050000 1.000000 0.000000 5.569027
0.050000 0.050000 0.766257 0.138797 5.569027
0.100000 0.050000 0.689783 0.131026 4.103594
0.150000 0.050000 0.574046 0.104929 3.613572
0.200000 0.050000 0.495020 0.076160 3.177580
0.250000 0.050000 0.429764 0.054429 2.940554
0.300000 0.050000 0.381347 0.039000 2.767150
0.350000 0.050000 0.343698 0.028525 2.649238
0.400000 0.050000 0.314590 0.021401 2.558718
0.450000 0.050000 0.291524 0.016498 2.487422
0.500000 0.050000 0.272998 0.013045 2.427738
0.550000 0.050000 0.257843 0.010549 2.376088
0.600000 0.050000 0.245259 0.008696 2.329867
0.650000 0.050000 0.234660 0.007288 2.287526
0.700000 0.050000 0.225622 0.006192 2.247968
0.750000 0.050000 0.217829 0.005324 2.210447
0.800000 0.050000 0.211045 0.004623 2.174421
0.850000 0.050000 0.205089 0.004048 2.139488
0.900000 0.050000 0.199820 0.003572 2.105344
0.950000 0.050000 0.195128 0.003174 2.071753
1.000000 0.050000 0.190922 0.002840 2.038529
1.050000 0.050000 0.187125 0.002560 2.005524
1.100000 0.050000 0.183673 0.002327 1.972618
1.150000 0.050000 0.180506 0.002137 1.939718
1.200000 0.050000 0.177569 0.001987 1.906751
1.250000 0.050000 0.174812 0.001876 1.873665
1.300000 0.050000 0.172184 0.001804 1.840429
1.350000 0.050000 0.169633 0.001770 1.807034
1.400000 0.050000 0.167110 0.001777 1.773496
1.450000 0.050000 0.164565 0.001823 1.739860
1.500000 0.050000 0.161947 0.001909 1.706213
1.550000 0.050000 0.159208 0.002034 1.672671
1.600000 0.050000 0.156309 0.002193 1.639444
1.650000 0.050000 0.153209 0.002379 1.606711
1.700000 0.050000 0.149909 0.002574 1.574979
1.750000 0.050000 0.146383 0.002753 1.544251
1.800000 0.050000 0.142781 0.002858 1.516068
1.850000 0.050000 0.139027 0.002826 1.488648
1.900000 0.050000 0.135875 0.002473 1.468373
1.950000 0.050000 0.132583 0.001728 1.442377
2.000000 0.050000 0.132534 0.000000 1.442377

0.000000 0.100000 1.000000 0.000000 4.467085
0.050000 0.100000 0.972512 0.211483 4.467085
0.100000 0.100000 0.948791 0.221002 3.842508
0.150000 0.100000 0.876799 0.194091 3.547801
0.200000 0.100000 0.807349 0.153937 3.229152
0.250000 0.100000 0.737823 0.119106 3.019590
0.300000 0.100000 0.677398 0.091383 2.849323
0.350000 0.100000 0.625308 0.070673 2.722799
0.400000 0.100000 0.581638 0.055379 2.621587
0.450000 0.100000 0.545011 0.044113 2.540110
0.500000 0.100000 0.514288 0.035732 2.471798
0.550000 0.100000 0.488335 0.029415 2.413111
0.600000 0.100000 0.466240 0.024577 2.361246
0.650000 0.100000 0.447259 0.020812 2.314384
0.700000 0.100000 0.430807 0.017834 2.271186
0.750000 0.100000 0.416426 0.015443 2.230709
0.800000 0.100000 0.403757 0.013494 2.192257
0.850000 0.100000 0.392515 0.011887 2.155313
0.900000 0.100000 0.382475 0.010547 2.119487
0.950000 0.100000 0.373453 0.009422 2.084481
1.000000 0.100000 0.365297 0.008473 2.050062
1.050000 0.100000 0.357878 0.007675 2.016050
1.100000 0.100000 0.351082 0.007008 1.982302
1.150000 0.100000 0.344807 0.006462 1.948708
1.200000 0.100000 0.338959 0.006028 1.915186
1.250000 0.100000 0.333445 0.005703 1.881676
1.300000 0.100000 0.328179 0.005484 1.848140
1.350000 0.100000 0.323073 0.005373 1.814565
1.400000 0.100000 0.318042 0.005367 1.780962
1.450000 0.100000 0.313001 0.005468 1.747365
1.500000 0.100000 0.307872 0.005671 1.713848
1.550000 0.100000 0.302582 0.005969 1.680496
1.600000 0.100000 0.297074 0.006346 1.647490
1.650000 0.100000 0.291304 0.006775 1.614933
1.700000 0.100000 0.285292 0.007204 1.583272
1.750000 0.100000 0.279045 0.007557 1.552314
1.800000 0.100000 0.272816 0.007692 1.523602
1.850000 0.100000 0.266589 0.007435 1.494693
1.900000 0.100000 0.261456 0.006392 1.472850
1.950000 0.100000 0.256502 0.004313 1.442166
2.000000 0.100000 0.256401 0.000000 1.442166

0.000000 0.150000 1.000000 0.000000 3.939229
0.050000 0.150000 1.027307 0.189196 3.939229
0.100000 0.150000 1.043635 0.241690 3.622973
0.150000 0.150000 1.021540 0.242306 3.409539
0.200000 0.150000 0.983791 0.214822 3.172384
0.250000 0.150000 0.934656 0.181563 2.996333
0.300000 0.150000 0.884169 0.149650 2.846983
0.350000 0.150000 0.835487 0.122461 2.729707
0.400000 0.150000 0.790997 0.100306 2.632979
0.450000 0.150000 0.751163 0.082696 2.553014
0.500000 0.150000 0.715959 0.068803 2.484872
0.550000 0.150000 0.684954 0.057845 2.425668
0.600000 0.150000 0.657644 0.049154 2.373013
0.650000 0.150000 0.633512 0.042204 2.325275
0.700000 0.150000 0.612099 0.036587 2.281215
0.750000 0.150000 0.593002 0.031999 2.239930
0.800000 0.150000 0.575887 0.028209 2.200742
0.850000 0.150000 0.560471 0.025046 2.163136
0.900000 0.150000 0.546519 0.022384 2.126718
0.950000 0.150000 0.533833 0.020130 2.091185
1.000000 0.150000 0.522243 0.018217 2.056300
1.050000 0.150000 0.511599 0.016596 2.021876
1.100000 0.150000 0.501767 0.015234 1.987768
1.150000 0.150000 0.492623 0.014110 1.953862
1.200000 0.150000 0.484050 0.013209 1.920071
1.250000 0.150000 0.475935 0.012523 1.886334
1.300000 0.150000 0.468168 0.012048 1.852610
1.350000 0.150000 0.460639 0.011783 1.818878
1.400000 0.150000 0.453244 0.011723 1.785143
1.450000 0.150000 0.445879 0.011865 1.751429
1.500000 0.150000 0.438451 0.012196 1.717793
1.550000 0.150000 0.430877 0.012694 1.684303
1.600000 0.150000 0.423100 0.013321 1.651111
1.650000 0.150000 0.415083 0.014011 1.618278
1.700000 0.150000 0.406872 0.014657 1.586220
1.750000 0.150000 0.398511 0.015097 1.554641
1.800000 0.150000 0.390328 0.015071 1.525129
1.850000 0.150000 0.382363 0.014234 1.494874
1.900000 0.150000 0.375903 0.011976 1.471820
1.950000 0.150000 0.369954 0.007727 1.438078
2.000000 0.150000 0.369799 0.000000 1.438078

0.000000 0.200000 1.000000 0.000000 3.510455
0.050000 0.200000 1.033234 0.159504 3.510455
0.100000 0.200000 1.064495 0.230377 3.387613
0.150000 0.200000 1.075605 0.252455 3.258821
0.200000 0.200000 1.068823 0.242550 3.101753
0.250000 0.200000 1.046592 0.219320 2.966167
0.300000 0.200000 1.015909 0.191544 2.842303
0.350000 0.200000 0.980882 0.164528 2.737446
0.400000 0.200000 0.944915 0.140332 2.646901
0.450000 0.200000 0.909821 0.119644 2.569253
0.500000 0.200000 0.876651 0.102354 2.501558
0.550000 0.200000 0.845830 0.088068 2.441834
0.600000 0.200000 0.817467 0.076301 2.388254
0.650000 0.200000 0.791485 0.066594 2.339449
0.700000 0.200000 0.767721 0.058546 2.294320
0.750000 0.200000 0.745982 0.051828 2.252027
0.800000 0.200000 0.726068 0.046177 2.211913
0.850000 0.200000 0.707793 0.041387 2.173470
0.900000 0.200000 0.690983 0.037302 2.136299
0.950000 0.200000 0.675479 0.033802 2.100092
1.000000 0.200000 0.661136 0.030801 2.064604
1.050000 0.200000 0.647818 0.028236 2.029642
1.100000 0.200000 0.635399 0.026062 1.995057
1.150000 0.200000 0.623755 0.024250 1.960729
1.200000 0.200000 0.612767 0.022783 1.926570
1.250000 0.200000 0.602318 0.021649 1.892511
1.300000 0.200000 0.592289 0.020841 1.858508
1.350000 0.200000 0.582565 0.020356 1.824534
1.400000 0.200000 0.573034 0.020187 1.790583
1.450000 0.200000 0.563588 0.020321 1.756668
1.500000 0.200000 0.554130 0.020734 1.722827
1.550000 0.200000 0.544577 0.021385 1.689101
1.600000 0.200000 0.534881 0.022204 1.655611
1.650000 0.200000 0.525018 0.023078 1.622369
1.700000 0.200000 0.515057 0.023832 1.589752
1.750000 0.200000 0.505072 0.024210 1.557356
1.800000 0.200000 0.495444 0.023820 1.526804
1.850000 0.200000 0.486241 0.022138 1.494945
1.900000 0.200000 0.478867 0.018336 1.470399
1.950000 0.200000 0.472218 0.011541 1.433442
2.000000 0.200000 0.472010 0.000000 1.433442

0.000000 0.250000 1.000000 0.000000 3.252262
0.050000 0.250000 1.028079 0.126699 3.252262
0.100000 0.250000 1.061673 0.201560 3.212435
0.150000 0.250000 1.088982 0.237745 3.130064
0.200000 0.250000 1.102982 0.244340 3.023746
0.250000 0.250000 1.103002 0.234171 2.919433
0.300000 0.250000 1.092195 0.215219 2.818528
0.350000 0.250000 1.073626 0.193186 2.727634
0.400000 0.250000 1.050338 0.171157 2.645911
0.450000 0.250000 1.024520 0.150762 2.573372
0.500000 0.250000 0.997760 0.132634 2.508577
0.550000 0.250000 0.971073 0.116893 2.450354
0.600000 0.250000 0.945094 0.103388 2.397452
0.650000 0.250000 0.920179 0.091856 2.348835
0.700000 0.250000 0.896513 0.082012 2.303616
0.750000 0.250000 0.874168 0.073586 2.261077
0.800000 0.250000 0.853148 0.066341 2.220634
0.850000 0.250000 0.833416 0.060083 2.181823
0.900000 0.250000 0.814910 0.054656 2.144270
0.950000 0.250000 0.797556 0.049941 2.107680
1.000000 0.250000 0.781267 0.045845 2.071816
1.050000 0.250000 0.765955 0.042303 2.036490
1.100000 0.250000 0.751521 0.039271 2.001555
1.150000 0.250000 0.737868 0.036717 1.966892
1.200000 0.250000 0.724890 0.034624 1.932413
1.250000 0.250000 0.712482 0.032981 1.898047
1.300000 0.250000 0.700533 0.031780 1.863747
1.350000 0.250000 0.688935 0.031017 1.829480
1.400000 0.250000 0.677578 0.030680 1.795233
1.450000 0.250000 0.666361 0.030749 1.761006
1.500000 0.250000 0.655191 0.031185 1.726824
1.550000 0.250000 0.643994 0.031922 1.692706
1.600000 0.250000 0.632731 0.032854 1.658750
1.650000 0.250000 0.621392 0.033816 1.624930
1.700000 0.250000 0.610064 0.034560 1.591600
1.750000 0.250000 0.598839 0.034723 1.558282
1.800000 0.250000 0.588131 0.033779 1.526649
1.850000 0.250000 0.578012 0.031021 1.493289
1.900000 0.250000 0.569969 0.025405 1.467403
1.950000 0.250000 0.562788 0.015745 1.427758
2.000000 0.250000 0.562531 0.000000 1.427758

0.000000 0.300000 1.000000 0.000000 3.073309
0.050000 0.300000 1.021574 0.099439 3.073309
0.100000 0.300000 1.052178 0.169211 3.071930
0.150000 0.300000 1.085050 0.211038 3.021426
0.200000 0.300000 1.110536 0.228828 2.951094
0.250000 0.300000 1.125832 0.230196 2.872509
0.300000 0.300000 1.131015 0.221122 2.791622
0.350000 0.300000 1.127490 0.206512 2.714093
0.400000 0.300000 1.117256 0.189570 2.641375
0.450000 0.300000 1.102174 0.172324 2.574506
0.500000 0.300000 1.083849 0.155890 2.513226
0.550000 0.300000 1.063527 0.140807 2.457073
0.600000 0.300000 1.042146 0.127257 2.405332
0.650000 0.300000 1.020378 0.115227 2.357300
0.700000 0.300000 0.998697 0.104602 2.312310
0.750000 0.300000 0.977424 0.095232 2.269779
0.800000 0.300000 0.956768 0.086963 2.229207
0.850000 0.300000 0.936861 0.079655 2.190181
0.900000 0.300000 0.917773 0.073188 2.152361
0.950000 0.300000 0.899532 0.067469 2.115470
1.000000 0.300000 0.882135 0.062424 2.079285
1.050000 0.300000 0.865555 0.058001 2.043626
1.100000 0.300000 0.849745 0.054167 2.008350
1.150000 0.300000 0.834642 0.050899 1.973344
1.200000 0.300000 0.820174 0.048185 1.938517
1.250000 0.300000 0.806257 0.046021 1.903801
1.300000 0.300000 0.792801 0.044403 1.869146
1.350000 0.300000 0.779714 0.043325 1.834517
1.400000 0.300000 0.766900 0.042775 1.799892
1.450000 0.300000 0.754270 0.042722 1.765264
1.500000 0.300000 0.741743 0.043114 1.730644
1.550000 0.300000 0.729256 0.043860 1.696036
1.600000 0.300000 0.716780 0.044817 1.661518
1.650000 0.300000 0.704316 0.045766 1.627036
1.700000 0.300000 0.691963 0.046381 1.592928
1.750000 0.300000 0.679822 0.046199 1.558658
1.800000 0.300000 0.668320 0.044555 1.525946
1.850000 0.300000 0.657527 0.040560 1.491167
1.900000 0.300000 0.648982 0.032950 1.464029
1.950000 0.300000 0.641378 0.020221 1.421997
2.000000 0.300000 0.641077 0.000000 1.421997

0.000000 0.350000 1.000000 0.000000 2.955096
0.050000 0.350000 1.016405 0.076912 2.955096
0.100000 0.350000 1.042787 0.137649 2.968597
0.150000 0.350000 1.075823 0.179599 2.936538
0.200000 0.350000 1.106264 0.203668 2.888481
0.250000 0.350000 1.130463 0.213711 2.828177
0.300000 0.350000 1.146629 0.213592 2.762688
0.350000 0.350000 1.154718 0.206933 2.696538
0.400000 0.350000 1.155594 0.196465 2.632166
0.450000 0.350000 1.150473 0.184152 2.571103
0.500000 0.350000 1.140650 0.171267 2.513812
0.550000 0.350000 1.127309 0.158583 2.460330
0.600000 0.350000 1.111466 0.146526 2.410351
0.650000 0.350000 1.093950 0.135297 2.363456
0.700000 0.350000 1.075414 0.124961 2.319174
0.750000 0.350000 1.056361 0.115510 2.277054
0.800000 0.350000 1.037168 0.106901 2.236688
0.850000 0.350000 1.018111 0.099078 2.197721
0.900000 0.350000 0.999385 0.091985 2.159851
0.950000 0.350000 0.981121 0.085578 2.122829
1.000000 0.350000 0.963401 0.079822 2.086451
1.050000 0.350000 0.946265 0.074696 2.050550
1.100000 0.350000 0.929721 0.070186 2.014992
1.150000 0.350000 0.913756 0.066290 1.979671
1.200000 0.350000 0.898333 0.063012 1.944501
1.250000 0.350000 0.883401 0.060355 1.909416
1.300000 0.350000 0.868897 0.058326 1.874367
1.350000 0.350000 0.854752 0.056921 1.839317
1.400000 0.350000 0.840891 0.056127 1.804244
1.450000 0.350000 0.827241 0.055908 1.769131
1.500000 0.350000 0.813739 0.056199 1.733985
1.550000 0.350000 0.800332 0.056887 1.698798
1.600000 0.350000 0.787001 0.057791 1.663638
1.650000 0.350000 0.773756 0.058640 1.628435
1.700000 0.350000 0.760697 0.059034 1.593519
1.750000 0.350000 0.747926 0.058408 1.558317
1.800000 0.350000 0.735876 0.055961 1.524596
1.850000 0.350000 0.724601 0.050622 1.488561
1.900000 0.350000 0.715684 0.040895 1.460344
1.950000 0.350000 0.707743 0.024940 1.416296
2.000000 0.350000 0.707405 0.000000 1.416296

0.000000 0.400000 1.000000 0.000000 2.873223
0.050000 0.400000 1.012787 0.058660 2.873223
0.100000 0.400000 1.035264 0.109064 2.891582
0.150000 0.400000 1.066222 0.147739 2.870613
0.200000 0.400000 1.097769 0.174180 2.836557
0.250000 0.400000 1.126208 0.189873 2.789151
0.300000 0.400000 1.148865 0.196910 2.735166
0.350000 0.400000 1.164735 0.197579 2.678181
0.400000 0.400000 1.173778 0.193846 2.620960
0.450000 0.400000 1.176567 0.187291 2.565229
0.500000 0.400000 1.173978 0.179073 2.511863
0.550000 0.400000 1.166980 0.170005 2.461220
0.600000 0.400000 1.156515 0.160629 2.413280
0.650000 0.400000 1.143429 0.151289 2.367833
0.700000 0.400000 1.128449 0.142199 2.324567
0.750000 0.400000 1.112174 0.133485 2.283142
0.800000 0.400000 1.095087 0.125219 2.243230
0.850000 0.400000 1.077566 0.117443 2.204531
0.900000 0.400000 1.059897 0.110182 2.166783
0.950000 0.400000 1.042296 0.103457 2.129767
1.000000 0.400000 1.024914 0.097284 2.093299
1.050000 0.400000 1.007853 0.091684 2.057229
1.100000 0.400000 0.991176 0.086678 2.021436
1.150000 0.400000 0.974912 0.082289 1.985822
1.200000 0.400000 0.959065 0.078542 1.950310
1.250000 0.400000 0.943618 0.075458 1.914838
1.300000 0.400000 0.928540 0.073053 1.879361
1.350000 0.400000 0.913786 0.071333 1.843843
1.400000 0.400000 0.899308 0.070286 1.808262
1.450000 0.400000 0.885053 0.069875 1.772602
1.500000 0.400000 0.870972 0.070023 1.736865
1.550000 0.400000 0.857027 0.070599 1.701040
1.600000 0.400000 0.843207 0.071390 1.665191
1.650000 0.400000 0.829522 0.072078 1.629241
1.700000 0.400000 0.816072 0.072191 1.593523
1.750000 0.400000 0.802947 0.071065 1.557438
1.800000 0.400000 0.790576 0.067764 1.522807
1.850000 0.400000 0.778997 0.061029 1.485686
1.900000 0.400000 0.769824 0.049118 1.456569
1.950000 0.400000 0.761621 0.029839 1.410851
2.000000 0.400000 0.761255 0.000000 1.410851

0.000000 0.450000 1.000000 0.000000 2.818142
0.050000 0.450000 1.010457 0.043469 2.818142
0.100000 0.450000 1.029890 0.083578 2.837042
0.150000 0.450000 1.058210 0.117323 2.822053
0.200000 0.450000 1.088842 0.143662 2.795968
0.250000 0.450000 1.118395 0.162670 2.756805
0.300000 0.450000 1.143958 0.175099 2.710666
0.350000 0.450000 1.164051 0.182050 2.660455
0.400000 0.450000 1.178079 0.184660 2.608903
0.450000 0.450000 1.186142 0.183976 2.557740
0.500000 0.450000 1.188751 0.180875 2.508001
0.550000 0.450000 1.186629 0.176066 2.460196
0.600000 0.450000 1.180574 0.170096 2.414461
0.650000 0.450000 1.171367 0.163381 2.370711
0.700000 0.450000 1.159717 0.156234 2.328739
0.750000 0.450000 1.146246 0.148890 2.288283
0.800000 0.450000 1.131472 0.141528 2.249075
0.850000 0.450000 1.115821 0.134285 2.210863
0.900000 0.450000 1.099632 0.127273 2.173422
0.950000 0.450000 1.083168 0.120580 2.136561
1.000000 0.450000 1.066627 0.114283 2.100120
1.050000 0.450000 1.050158 0.108452 2.063967
1.100000 0.450000 1.033861 0.103145 2.027996
1.150000 0.450000 1.017804 0.098419 1.992122
1.200000 0.450000 1.002025 0.094322 1.956277
1.250000 0.450000 0.986541 0.090897 1.920410
1.300000 0.450000 0.971349 0.088173 1.884479
1.350000 0.450000 0.956433 0.086168 1.848454
1.400000 0.450000 0.941768 0.084876 1.812315
1.450000 0.450000 0.927324 0.084260 1.776049
1.500000 0.450000 0.913068 0.084238 1.739661
1.550000 0.450000 0.898974 0.084666 1.703140
1.600000 0.450000 0.885035 0.085305 1.666554
1.650000 0.450000 0.871259 0.085795 1.629825
1.700000 0.450000 0.857735 0.085601 1.593301
1.750000 0.450000 0.844536 0.083961 1.556367
1.800000 0.450000 0.832077 0.079802 1.520899
1.850000 0.450000 0.820369 0.071672 1.482829
1.900000 0.450000 0.811056 0.057563 1.452963
1.950000 0.450000 0.802662 0.034900 1.405852
2.000000 0.450000 0.802282 0.000000 1.405852

0.000000 0.500000 1.000000 0.000000 2.781954
0.050000 0.500000 1.009132 0.030296 2.781954
0.100000 0.500000 1.026459 0.060670 2.799438
0.150000 0.500000 1.052291 0.088938 2.786957
0.200000 0.500000 1.081002 0.113901 2.764594
0.250000 0.500000 1.109587 0.134753 2.730000
0.300000 0.500000 1.135274 0.151231 2.688627
0.350000 0.500000 1.156495 0.163440 2.642980
0.400000 0.500000 1.172454 0.171733 2.595605
0.450000 0.500000 1.183011 0.176597 2.548127
0.500000 0.500000 1.188447 0.178562 2.501570
0.550000 0.500000 1.189293 0.178156 2.456463
0.600000 0.500000 1.186197 0.175865 2.412982
0.650000 0.500000 1.179833 0.172120 2.371090
0.700000 0.500000 1.170838 0.167294 2.330622
0.750000 0.500000 1.159790 0.161704 2.291361
0.800000 0.500000 1.147186 0.155617 2.253079
0.850000 0.500000 1.133445 0.149256 2.215557
0.900000 0.500000 1.118909 0.142809 2.178600
0.950000 0.500000 1.103854 0.136435 2.142045
1.000000 0.500000 1.088496 0.130268 2.105754
1.050000 0.500000 1.073002 0.124425 2.069616
1.100000 0.500000 1.057496 0.119006 2.033542
1.150000 0.500000 1.042072 0.114100 1.997463
1.200000 0.500000 1.026793 0.109780 1.961323
1.250000 0.500000 1.011700 0.106110 1.925079
1.300000 0.500000 0.996820 0.103137 1.888700
1.350000 0.500000 0.982160 0.100889 1.852162
1.400000 0.500000 0.967721 0.099372 1.815452
1.450000 0.500000 0.953491 0.098552 1.778560
1.500000 0.500000 0.939458 0.098349 1.741496
1.550000 0.500000 0.925602 0.098610 1.704255
1.600000 0.500000 0.911919 0.099080 1.666915
1.650000 0.500000 0.898408 0.099365 1.629404
1.700000 0.500000 0.885141 0.098873 1.592091
1.750000 0.500000 0.872162 0.096753 1.554357
1.800000 0.500000 0.859859 0.091791 1.518145
1.850000 0.500000 0.848211 0.082331 1.479274
1.900000 0.500000 0.838881 0.066073 1.448842
1.950000 0.500000 0.830368 0.040034 1.400660
2.000000 0.500000 0.829986 0.000000 1.400660

0.000000 0.550000 1.000000 0.000000 2.764218
0.050000 0.550000 1.008596 0.018462 2.764218
0.100000 0.550000 1.024646 0.039961 2.779499
0.150000 0.550000 1.048302 0.063040 2.766932
0.200000 0.550000 1.074452 0.086401 2.744913
0.250000 0.550000 1.100466 0.108517 2.711739
0.300000 0.550000 1.123952 0.128288 2.672379
0.350000 0.550000 1.143567 0.144972 2.629216
0.400000 0.550000 1.158618 0.158242 2.584540
0.450000 0.550000 1.168965 0.168078 2.539805
0.500000 0.550000 1.174815 0.174685 2.495894
0.550000 0.550000 1.176590 0.178405 2.453240
0.600000 0.550000 1.174812 0.179644 2.411962
0.650000 0.550000 1.170033 0.178827 2.371991
0.700000 0.550000 1.162783 0.176362 2.333156
0.750000 0.550000 1.153546 0.172627 2.295246
0.800000 0.550000 1.142749 0.167957 2.258047
0.850000 0.550000 1.130753 0.162646 2.221361
0.900000 0.550000 1.117863 0.156946 2.185017
0.950000 0.550000 1.104328 0.151074 2.148874
1.000000 0.550000 1.090352 0.145216 2.112817
1.050000 0.550000 1.076096 0.139530 2.076757
1.100000 0.550000 1.061690 0.134153 2.040624
1.150000 0.550000 1.047235 0.129200 2.004363
1.200000 0.550000 1.032811 0.124770 1.967936
1.250000 0.550000 1.018478 0.120944 1.931310
1.300000 0.550000 1.004282 0.117786 1.894464
1.350000 0.550000 0.990256 0.115338 1.857381
1.400000 0.550000 0.976421 0.113614 1.820055
1.450000 0.550000 0.962786 0.112591 1.782481
1.500000 0.550000 0.949354 0.112194 1.744675
1.550000 0.550000 0.936115 0.112270 1.706636
1.600000 0.550000 0.923063 0.112558 1.668454
1.650000 0.550000 0.910183 0.112642 1.630062
1.700000 0.550000 0.897523 0.111884 1.591858
1.750000 0.550000 0.885084 0.109348 1.553217
1.800000 0.550000 0.873213 0.103680 1.516169
1.850000 0.550000 0.861837 0.093005 1.476410
1.900000 0.550000 0.852631 0.074696 1.445364
1.950000 0.550000 0.844065 0.045312 1.396059
2.000000 0.550000 0.843695 0.000000 1.396059

0.000000 0.600000 1.000000 0.000000 2.758794
0.050000 0.600000 1.008790 0.006769 2.758794
0.100000 0.600000 1.024198 0.020280 2.769480
0.150000 0.600000 1.045674 0.039078 2.753840
0.200000 0.600000 1.068403 0.061476 2.728706
0.250000 0.600000 1.090154 0.085064 2.694037
0.300000 0.600000 1.109166 0.107926 2.654263
0.350000 0.600000 1.124587 0.128577 2.611833
0.400000 0.600000 1.136091 0.146140 2.568651
0.450000 0.600000 1.143723 0.160207 2.525922
0.500000 0.600000 1.147746 0.170746 2.484258
0.550000 0.600000 1.148535 0.177969 2.443900
0.600000 0.600000 1.146508 0.182233 2.404823
0.650000 0.600000 1.142082 0.183962 2.366869
0.700000 0.600000 1.135649 0.183596 2.329816
0.750000 0.600000 1.127562 0.181556 2.293430
0.800000 0.600000 1.118132 0.178230 2.257493
0.850000 0.600000 1.107628 0.173964 2.221820
0.900000 0.600000 1.096277 0.169058 2.186256
0.950000 0.600000 1.084272 0.163772 2.150680
1.000000 0.600000 1.071776 0.158328 2.115002
1.050000 0.600000 1.058924 0.152917 2.079153
1.100000 0.600000 1.045833 0.147700 2.043084
1.150000 0.600000 1.032600 0.142814 2.006758
1.200000 0.600000 1.019310 0.138374 1.970152
1.250000 0.600000 1.006035 0.134478 1.933246
1.300000 0.600000 0.992836 0.131201 1.896030
1.350000 0.600000 0.979766 0.128596 1.858494
1.400000 0.600000 0.966866 0.126690 1.820637
1.450000 0.600000 0.954166 0.125471 1.782459
1.500000 0.600000 0.941684 0.124874 1.743981
1.550000 0.600000 0.929420 0.124759 1.705205
1.600000 0.600000 0.917366 0.124869 1.666231
1.650000 0.600000 0.905488 0.124779 1.627000
1.700000 0.600000 0.893800 0.123823 1.587945
1.750000 0.600000 0.882247 0.120994 1.548441
1.800000 0.600000 0.871116 0.114797 1.510633
1.850000 0.600000 0.860252 0.103127 1.470098
1.900000 0.600000 0.851325 0.082983 1.438649
1.950000 0.600000 0.842780 0.050443 1.388602
2.000000 0.600000 0.842437 0.000000 1.388602

0.000000 0.650000 1.000000 0.000000 2.781930
0.050000 0.650000 1.009516 -0.004151 2.781930
0.100000 0.650000 1.024463 0.003129 2.786324
0.150000 0.650000 1.043057 0.019465 2.765036
0.200000 0.650000 1.060806 0.042400 2.733271
0.250000 0.650000 1.076076 0.068279 2.694222
0.300000 0.650000 1.088091 0.094362 2.651588
0.350000 0.650000 1.096744 0.118546 2.608121
0.400000 0.650000 1.102272 0.139596 2.565180
0.450000 0.650000 1.105014 0.156904 2.523631
0.500000 0.650000 1.105340 0.170347 2.483688
0.550000 0.650000 1.103587 0.180111 2.445305
0.600000 0.650000 1.100054 0.186560 2.408240
0.650000 0.650000 1.094994 0.190144 2.372192
0.700000 0.650000 1.088629 0.191335 2.336852
0.750000 0.650000 1.081145 0.190592 2.301939
0.800000 0.650000 1.072707 0.188335 2.267221
0.850000 0.650000 1.063457 0.184940 2.232510
0.900000 0.650000 1.053522 0.180736 2.197667
0.950000 0.650000 1.043016 0.176004 2.162591
1.000000 0.650000 1.032041 0.170987 2.127213
1.050000 0.650000 1.020693 0.165890 2.091486
1.100000 0.650000 1.009062 0.160888 2.055383
1.150000 0.650000 0.997231 0.156128 2.018887
1.200000 0.650000 0.985283 0.151734 1.981989
1.250000 0.650000 0.973294 0.147810 1.944684
1.300000 0.650000 0.961340 0.144440 1.906969
1.350000 0.650000 0.949488 0.141685 1.868842
1.400000 0.650000 0.937801 0.139583 1.830303
1.450000 0.650000 0.926329 0.138135 1.791348
1.500000 0.650000 0.915107 0.137293 1.751994
1.550000 0.650000 0.904147 0.136934 1.712235
1.600000 0.650000 0.893442 0.136821 1.672165
1.650000 0.650000 0.882939 0.136540 1.631712
1.700000 0.650000 0.872615 0.135414 1.591331
1.750000 0.650000 0.862340 0.132385 1.550357
1.800000 0.650000 0.852318 0.125825 1.511078
1.850000 0.650000 0.842269 0.113385 1.468859
1.900000 0.650000 0.833836 0.091621 1.436143
1.950000 0.650000 0.825357 0.056006 1.383940
2.000000 0.650000 0.825054 0.000000 1.383940

0.000000 0.700000 1.000000 0.000000 2.804418
0.050000 0.700000 1.010770 -0.017528 2.804418
0.100000 0.700000 1.024686 -0.014748 2.790974
0.150000 0.700000 1.038039 0.001633 2.758550
0.200000 0.700000 1.047798 0.027261 2.715070
0.250000 0.700000 1.053362 0.056601 2.668992
0.300000 0.700000 1.055425 0.086101 2.621850
0.350000 0.700000 1.054791 0.113250 2.576615
0.400000 0.700000 1.052304 0.136743 2.533633
0.450000 0.700000 1.048555 0.156025 2.493269
0.500000 0.700000 1.043946 0.171074 2.455187
0.550000 0.700000 1.038701 0.182169 2.418994
0.600000 0.700000 1.032936 0.189751 2.384187
0.650000 0.700000 1.026694 0.194323 2.350309
0.700000 0.700000 1.019983 0.196391 2.316955
0.750000 0.700000 1.012800 0.196435 2.283799
0.800000 0.700000 1.005139 0.194887 2.250593
0.850000 0.700000 0.997003 0.192129 2.217153
0.900000 0.700000 0.988405 0.188492 2.183354
0.950000 0.700000 0.979372 0.184259 2.149117
1.000000 0.700000 0.969938 0.179670 2.114394
1.050000 0.700000 0.960153 0.174929 2.079164
1.100000 0.700000 0.950073 0.170209 2.043418
1.150000 0.700000 0.939764 0.165654 2.007161
1.200000 0.700000 0.929301 0.161388 1.970399
1.250000 0.700000 0.918764 0.157513 1.933139
1.300000 0.700000 0.908235 0.154115 1.895386
1.350000 0.700000 0.897800 0.151258 1.857141
1.400000 0.700000 0.887539 0.148989 1.818404
1.450000 0.700000 0.877524 0.147323 1.779166
1.500000 0.700000 0.867812 0.146233 1.739435
1.550000 0.700000 0.858431 0.145623 1.699192
1.600000 0.700000 0.849382 0.145290 1.658521
1.650000 0.700000 0.840599 0.144859 1.617334
1.700000 0.700000 0.832018 0.143671 1.576113
1.750000 0.700000 0.823424 0.140656 1.534161
1.800000 0.700000 0.814911 0.134080 1.493977
1.850000 0.700000 0.806010 0.121360 1.450708
1.900000 0.700000 0.798290 0.098545 1.417639
1.950000 0.700000 0.789975 0.060533 1.364831
2.000000 0.700000 0.789723 0.000000 1.364831

0.000000 0.750000 1.000000 0.000000 2.921136
0.050000 0.750000 1.011025 -0.025592 2.921136
0.100000 0.750000 1.021350 -0.021389 2.883032
0.150000 0.750000 1.024991 -0.000775 2.835032
0.200000 0.750000 1.022190 0.030003 2.773524
0.250000 0.750000 1.014026 0.063449 2.716497
0.300000 0.750000 1.003172 0.095705 2.661848
0.350000 0.750000 0.991266 0.124367 2.612959
0.400000 0.750000 0.979576 0.148497 2.568646
0.450000 0.750000 0.968692 0.167890 2.528565
0.500000 0.750000 0.958844 0.182802 2.491636
0.550000 0.750000 0.949994 0.193696 2.457008
0.600000 0.750000 0.941973 0.201120 2.423857
0.650000 0.750000 0.934556 0.205626 2.391533
0.700000 0.750000 0.927514 0.207736 2.359523
0.750000 0.750000 0.920636 0.207918 2.327447
0.800000 0.750000 0.913752 0.206587 2.295040
0.850000 0.750000 0.906727 0.204101 2.262123
0.900000 0.750000 0.899467 0.200765 2.228592
0.950000 0.750000 0.891915 0.196838 2.194389
1.000000 0.750000 0.884046 0.192541 2.159496
1.050000 0.750000 0.875862 0.188057 2.123918
1.100000 0.750000 0.867390 0.183543 2.087673
1.150000 0.750000 0.858680 0.179129 2.050786
1.200000 0.750000 0.849797 0.174927 2.013283
1.250000 0.750000 0.840822 0.171031 1.975183
1.300000 0.750000 0.831844 0.167520 1.936497
1.350000 0.750000 0.822964 0.164458 1.897226
1.400000 0.750000 0.814280 0.161893 1.857360
1.450000 0.750000 0.805889 0.159854 1.816868
1.500000 0.750000 0.797874 0.158332 1.775722
1.550000 0.750000 0.790289 0.157267 1.733848
1.600000 0.750000 0.783155 0.156499 1.691265
1.650000 0.750000 0.776408 0.155708 1.647775
1.700000 0.750000 0.769963 0.154292 1.603787
1.750000 0.750000 0.763518 0.151207 1.558395
1.800000 0.750000 0.757043 0.144654 1.514230
1.850000 0.750000 0.749789 0.131817 1.465803
1.900000 0.750000 0.743218 0.108138 1.427986
1.950000 0.750000 0.735009 0.067464 1.366993
2.000000 0.750000 0.734816 0.000000 1.366993

0.000000 0.800000 1.000000 0.000000 2.933636
0.050000 0.800000 1.008129 -0.044553 2.933636
0.100000 0.800000 1.008765 -0.035165 2.823660
0.150000 0.800000 0.993397 -0.006198 2.751212
0.200000 0.800000 0.971252 0.031685 2.666269
0.250000 0.800000 0.945063 0.068998 2.599417
0.300000 0.800000 0.919333 0.102446 2.539513
0.350000 0.800000 0.895737 0.130492 2.489718
0.400000 0.800000 0.875326 0.153061 2.446527
0.450000 0.800000 0.858196 0.170563 2.408821
0.500000 0.800000 0.844097 0.183640 2.374794
0.550000 0.800000 0.832553 0.192962 2.343245
0.600000 0.800000 0.823036 0.199165 2.313129
0.650000 0.800000 0.815033 0.202813 2.283692
0.700000 0.800000 0.808084 0.204399 2.254372
0.750000 0.800000 0.801803 0.204344 2.224781
0.800000 0.800000 0.795880 0.203008 2.194662
0.850000 0.800000 0.790074 0.200693 2.163858
0.900000 0.800000 0.784211 0.197654 2.132286
0.950000 0.800000 0.778171 0.194106 2.099915
1.000000 0.800000 0.771885 0.190227 2.066750
1.050000 0.800000 0.765322 0.186169 2.032816
1.100000 0.800000 0.758488 0.182058 1.998153
1.150000 0.800000 0.751417 0.178001 1.962800
1.200000 0.800000 0.744168 0.174089 1.926794
1.250000 0.800000 0.736820 0.170398 1.890166
1.300000 0.800000 0.729469 0.166996 1.852931
1.350000 0.800000 0.722223 0.163940 1.815088
1.400000 0.800000 0.715199 0.161277 1.776622
1.450000 0.800000 0.708514 0.159041 1.737489
1.500000 0.800000 0.702278 0.157246 1.697641
1.550000 0.800000 0.696577 0.155868 1.656973
1.600000 0.800000 0.691466 0.154807 1.615469
1.650000 0.800000 0.686906 0.153831 1.572883
1.700000 0.800000 0.682813 0.152453 1.529618
1.750000 0.800000 0.678819 0.149742 1.484681
1.800000 0.800000 0.674767 0.143961 1.441006
1.850000 0.800000 0.669553 0.132190 1.392763
1.900000 0.800000 0.664378 0.109303 1.356421
1.950000 0.800000 0.656527 0.068620 1.297785
2.000000 0.800000 0.656396 0.000000 1.297785

0.000000 0.850000 1.000000 0.000000 3.399326
0.050000 0.850000 0.989533 -0.020613 3.399326
0.100000 0.850000 0.967468 0.011826 3.189584
0.150000 0.850000 0.922298 0.052509 3.076612
0.200000 0.850000 0.875687 0.094575 2.950839
0.250000 0.850000 0.830233 0.130721 2.863977
0.300000 0.850000 0.790999 0.160224 2.791859
0.350000 0.850000 0.758280 0.183262 2.736731
0.400000 0.850000 0.732050 0.200781 2.691495
0.450000 0.850000 0.711411 0.213717 2.653591
0.500000 0.850000 0.695408 0.222928 2.620044
0.550000 0.850000 0.683059 0.229126 2.589059
0.600000 0.850000 0.673496 0.232896 2.559238
0.650000 0.850000 0.665968 0.234714 2.529661
0.700000 0.850000 0.659860 0.234970 2.499698
0.750000 0.850000 0.654678 0.233986 2.468953
0.800000 0.850000 0.650035 0.232028 2.437196
0.850000 0.850000 0.645639 0.229319 2.404313
0.900000 0.850000 0.641278 0.226044 2.370271
0.950000 0.850000 0.636804 0.222360 2.335093
1.000000 0.850000 0.632128 0.218396 2.298836
1.050000 0.850000 0.627204 0.214264 2.261577
1.100000 0.850000 0.622028 0.210055 2.223396
1.150000 0.850000 0.616625 0.205849 2.184374
1.200000 0.850000 0.611049 0.201711 2.144578
1.250000 0.850000 0.605375 0.197700 2.104060
1.300000 0.850000 0.599701 0.193866 2.062849
1.350000 0.850000 0.594137 0.190252 2.020942
1.400000 0.850000 0.588809 0.186899 1.978302
1.450000 0.850000 0.583850 0.183837 1.934838
1.500000 0.850000 0.579398 0.181087 1.890413
1.550000 0.850000 0.575578 0.178645 1.844779
1.600000 0.850000 0.572499 0.176457 1.797694
1.650000 0.850000 0.570187 0.174366 1.748554
1.700000 0.850000 0.568628 0.172002 1.697293
1.750000 0.850000 0.567466 0.168582 1.642098
1.800000 0.850000 0.566512 0.162510 1.585387
1.850000 0.850000 0.564222 0.150784 1.519024
1.900000 0.850000 0.561617 0.127630 1.462960
1.950000 0.850000 0.553527 0.083652 1.368437
2.000000 0.850000 0.553458 0.000000 1.368437

0.000000 0.900000 1.000000 0.000000 2.950167
0.050000 0.900000 0.925312 -0.057000 2.950167
0.100000 0.900000 0.858128 -0.004600 2.545808
0.150000 0.900000 0.770950 0.045621 2.421843
0.200000 0.900000 0.701760 0.087010 2.285241
0.250000 0.900000 0.644077 0.117103 2.206289
0.300000 0.900000 0.599639 0.138785 2.143226
0.350000 0.900000 0.565389 0.154203 2.098158
0.400000 0.900000 0.539583 0.165092 2.062241
0.450000 0.900000 0.520267 0.172645 2.032939
0.500000 0.900000 0.505951 0.177698 2.007333
0.550000 0.900000 0.495377 0.180838 1.983838
0.600000 0.900000 0.487555 0.182490 1.961244
0.650000 0.900000 0.481698 0.182971 1.938791
0.700000 0.900000 0.477190 0.182526 1.915970
0.750000 0.900000 0.473556 0.181348 1.892471
0.800000 0.900000 0.470433 0.179594 1.868117
0.850000 0.900000 0.467551 0.177391 1.842830
0.900000 0.900000 0.464716 0.174848 1.816593
0.950000 0.900000 0.461796 0.172053 1.789435
1.000000 0.900000 0.458708 0.169082 1.761409
1.050000 0.900000 0.455412 0.165998 1.732582
1.100000 0.900000 0.451901 0.162855 1.703027
1.150000 0.900000 0.448196 0.159698 1.672812
1.200000 0.900000 0.444341 0.156567 1.641995
1.250000 0.900000 0.440402 0.153494 1.610621
1.300000 0.900000 0.436462 0.150511 1.578715
1.350000 0.900000 0.432621 0.147644 1.546275
1.400000 0.900000 0.428991 0.144921 1.513273
1.450000 0.900000 0.425700 0.142366 1.479633
1.500000 0.900000 0.422887 0.140003 1.445250
1.550000 0.900000 0.420693 0.137848 1.409922
1.600000 0.900000 0.419259 0.135902 1.373473
1.650000 0.900000 0.418672 0.134110 1.335425
1.700000 0.900000 0.419003 0.132302 1.295856
1.750000 0.900000 0.419983 0.130016 1.253269
1.800000 0.900000 0.421463 0.126154 1.210435
1.850000 0.900000 0.421682 0.118281 1.160166
1.900000 0.900000 0.421069 0.100920 1.122451
1.950000 0.900000 0.414014 0.065931 1.059388
2.000000 0.900000 0.413992 0.000000 1.059388

0.000000 0.950000 1.000000 0.000000 5.165033
0.050000 0.950000 0.719988 0.212394 5.165033
0.100000 0.950000 0.608591 0.272280 4.270142
0.150000 0.950000 0.500074 0.298124 4.009758
0.200000 0.950000 0.431371 0.310141 3.780319
0.250000 0.950000 0.380534 0.317967 3.661947
0.300000 0.950000 0.345315 0.322963 3.578881
0.350000 0.950000 0.320108 0.326257 3.524564
0.400000 0.950000 0.302298 0.328173 3.483466
0.450000 0.950000 0.289667 0.329006 3.450040
0.500000 0.950000 0.280774 0.328919 3.419710
0.550000 0.950000 0.274536 0.328041 3.390099
0.600000 0.950000 0.270175 0.326469 3.359640
0.650000 0.950000 0.267107 0.324287 3.327464
0.700000 0.950000 0.264897 0.321567 3.293092
0.750000 0.950000 0.263220 0.318377 3.256319
0.800000 0.950000 0.261836 0.314778 3.217117
0.850000 0.950000 0.260571 0.310830 3.175573
0.900000 0.950000 0.259301 0.306585 3.131847
0.950000 0.950000 0.257944 0.302095 3.086141
1.000000 0.950000 0.256451 0.297404 3.038672
1.050000 0.950000 0.254801 0.292554 2.989664
1.100000 0.950000 0.252991 0.287580 2.939328
1.150000 0.950000 0.251040 0.282515 2.887853
1.200000 0.950000 0.248980 0.277386 2.835404
1.250000 0.950000 0.246855 0.272216 2.782106
1.300000 0.950000 0.244723 0.267022 2.728042
1.350000 0.950000 0.242654 0.261820 2.673236
1.400000 0.950000 0.240730 0.256619 2.617640
1.450000 0.950000 0.239049 0.251421 2.561105
1.500000 0.950000 0.237726 0.246225 2.503349
1.550000 0.950000 0.236898 0.241012 2.443856
1.600000 0.950000 0.236730 0.235744 2.381878
1.650000 0.950000 0.237392 0.230330 2.315974
1.700000 0.950000 0.239117 0.224599 2.244581
1.750000 0.950000 0.241930 0.218103 2.163388
1.800000 0.950000 0.246129 0.210015 2.071324
1.850000 0.950000 0.250100 0.197849 1.951716
1.900000 0.950000 0.255016 0.176455 1.828174
1.950000 0.950000 0.246179 0.127775 1.598531
2.000000 0.950000 0.246192 0.000000 1.598531

0.000000 1.000000 0.000000 0.000000 0.000000
0.050000 1.000000 0.000000 0.000000 0.000000
0.100000 1.000000 0.000000 0.000000 0.000000
0.150000 1.000000 0.000000 0.000000 0.000000
0.200000 1.000000 0.000000 0.000000 0.000000
0.250000 1.000000 0.000000 0.000000 0.000000
0.300000 1.000000 0.000000 0.000000 0.000000
0.350000 1.000000 0.000000 0.000000 0.000000
0.400000 1.000000 0.000000 0.000000 0.000000
0.450000 1.000000 0.000000 0.000000 0.000000
0.500000 1.000000 0.000000 0.000000 0.000000
0.550000 1.000000 0.000000 0.000000 0.000000
0.600000 1.000000 0.000000 0.000000 0.000000
0.650000 1.000000 0.000000 0.000000 0.000000
0.700000 1.000000 0.000000 0.000000 0.000000
0.750000 1.000000 0.000000 0.000000 0.000000
0.800000 1.000000 0.000000 0.000000 0.000000
0.850000 1.000000 0.000000 0.000000 0.000000
0.900000 1.000000 0.000000 0.000000 0.000000
0.950000 1.000000 0.000000 0.000000 0.000000
1.000000 1.000000 0.000000 0.000000 0.000000
1.050000 1.000000 0.000000 0.000000 0.000000
1.100000 1.000000 0.000000 0.000000 0.000000
1.150000 1.000000 0.000000 0.000000 0.000000
1.200000 1.000000 0.000000 0.000000 0.000000
1.250000 1.000000 0.000000 0.000000 0.000000
1.300000 1.000000 0.000000 0.000000 0.000000
1.350000 1.000000 0.000000 0.000000 0.000000
1.400000 1.000000 0.000000 0.000000 0.000000
1.450000 1.000000 0.000000 0.000000 0.000000
1.500000 1.000000 0.000000 0.000000 0.000000
1.550000 1.000000 0.000000 0.000000 0.000000
1.600000 1.000000 0.000000 0.000000 0.000000
1.650000 1.000000 0.000000 0.000000 0.000000
1.700000 1.000000 0.000000 0.000000 0.000000
1.750000 1.000000 0.000000 0.000000 0.000000
1.800000 1.000000 0.000000 0.000000 0.000000
1.850000 1.000000 0.000000 0.000000 0.000000
1.900000 1.000000 0.000000 0.000000 0.000000
1.950000 1.000000 0.000000 0.000000 0.000000
2.000000 1.000000 0.000000 0.000000 0.000000

