0.000000 0.000000 0.000000 0.000000 5.195118
0.050000 0.000000 0.000000 0.000000 5.195118
0.100000 0.000000 0.000000 0.000000 3.730024
0.150000 0.000000 0.000000 0.000000 3.240249
0.200000 0.000000 0.000000 0.000000 2.804547
0.250000 0.000000 0.000000 0.000000 2.567787
0.300000 0.000000 0.000000 0.000000 2.394666
0.350000 0.000000 0.000000 0.000000 2.277053
0.400000 0.000000 0.000000 0.000000 2.186874
0.450000 0.000000 0.000000 0.000000 2.115973
0.500000 0.000000 0.000000 0.000000 2.056758
0.550000 0.000000 0.000000 0.000000 2.005668
0.600000 0.000000 0.000000 0.000000 1.960118
0.650000 0.000000 0.000000 0.000000 1.918571
0.700000 0.000000 0.000000 0.000000 1.879949
0.750000 0.000000 0.000000 0.000000 1.843523
0.800000 0.000000 0.000000 0.000000 1.808766
0.850000 0.000000 0.000000 0.000000 1.775292
0.900000 0.000000 0.000000 0.000000 1.742815
0.950000 0.000000 0.000000 0.000000 1.711116
1.000000 0.000000 0.000000 0.000000 1.680027
1.050000 0.000000 0.000000 0.000000 1.649418
1.100000 0.000000 0.000000 0.000000 1.619189
1.150000 0.000000 0.000000 0.000000 1.589264
1.200000 0.000000 0.000000 0.000000 1.559586
1.250000 0.000000 0.000000 0.000000 1.530116
1.300000 0.000000 0.000000 0.000000 1.500832
1.350000 0.000000 0.000000 0.000000 1.471726
1.400000 0.000000 0.000000 0.000000 1.442810
1.450000 0.000000 0.000000 0.000000 1.414108
1.500000 0.000000 0.000000 0.000000 1.385678
1.550000 0.000000 0.000000 0.000000 1.357588
1.600000 0.000000 0.000000 0.000000 1.329978
1.650000 0.000000 0.000000 0.000000 1.302954
1.700000 0.000000 0.000000 0.000000 1.276880
1.750000 0.000000 0.000000 0.000000 1.251727
1.800000 0.000000 0.000000 0.000000 1.228681
1.850000 0.000000 0.000000 0.000000 1.206334
1.900000 0.000000 0.000000 0.000000 1.189752
1.950000 0.000000 0.000000 0.000000 1.168739
2.000000 0.000000 0.000000 0.000000 1.168739

0.000000 0.050000 1.000000 0.000000 5.195118
0.050000 0.050000 0.766290 0.138762 5.195118
0.100000 0.050000 0.689907 0.130929 3.730024
0.150000 0.050000 0.574358 0.104769 3.240249
0.200000 0.050000 0.495599 0.075941 2.804547
0.250000 0.050000 0.430689 0.054159 2.567787
0.300000 0.050000 0.382684 0.038687 2.394666
0.350000 0.050000 0.345505 0.028177 2.277053
0.400000 0.050000 0.316915 0.021023 2.186874
0.450000 0.050000 0.294405 0.016099 2.115973
0.500000 0.050000 0.276463 0.012632 2.056758
0.550000 0.050000 0.261910 0.010128 2.005668
0.600000 0.050000 0.249937 0.008276 1.960118
0.650000 0.050000 0.239949 0.006873 1.918571
0.700000 0.050000 0.231511 0.005790 1.879949
0.750000 0.050000 0.224301 0.004938 1.843523
0.800000 0.050000 0.218075 0.004259 1.808766
0.850000 0.050000 0.212647 0.003711 1.775292
0.900000 0.050000 0.207871 0.003263 1.742815
0.950000 0.050000 0.203634 0.002896 1.711116
1.000000 0.050000 0.199842 0.002592 1.680027
1.050000 0.050000 0.196421 0.002341 1.649418
1.100000 0.050000 0.193308 0.002133 1.619189
1.150000 0.050000 0.190449 0.001964 1.589264
1.200000 0.050000 0.187799 0.001828 1.559586
1.250000 0.050000 0.185314 0.001722 1.530116
1.300000 0.050000 0.182958 0.001644 1.500832
1.350000 0.050000 0.180693 0.001594 1.471726
1.400000 0.050000 0.178486 0.001569 1.442810
1.450000 0.050000 0.176302 0.001572 1.414108
1.500000 0.050000 0.174108 0.001602 1.385678
1.550000 0.050000 0.171870 0.001659 1.357588
1.600000 0.050000 0.169558 0.001744 1.329978
1.650000 0.050000 0.167138 0.001853 1.302954
1.700000 0.050000 0.164602 0.001978 1.276880
1.750000 0.050000 0.161917 0.002104 1.251727
1.800000 0.050000 0.159179 0.002189 1.228681
1.850000 0.050000 0.156306 0.002184 1.206334
1.900000 0.050000 0.153872 0.001937 1.189752
1.950000 0.050000 0.151275 0.001373 1.168739
2.000000 0.050000 0.151275 0.000000 1.168739

0.000000 0.100000 1.000000 0.000000 4.092884
0.050000 0.100000 0.972599 0.211355 4.092884
0.100000 0.100000 0.949079 0.220697 3.468595
0.150000 0.100000 0.877461 0.193606 3.173948
0.200000 0.100000 0.808536 0.153283 2.855372
0.250000 0.100000 0.739688 0.118300 2.645847
0.300000 0.100000 0.680074 0.090445 2.475651
0.350000 0.100000 0.628917 0.069623 2.349236
0.400000 0.100000 0.586281 0.054238 2.248203
0.450000 0.100000 0.550770 0.042902 2.166992
0.500000 0.100000 0.521228 0.034472 2.099051
0.550000 0.100000 0.496499 0.028127 2.040858
0.600000 0.100000 0.475654 0.023281 1.989626
0.650000 0.100000 0.457930 0.019527 1.943550
0.700000 0.100000 0.442726 0.016578 1.901305
0.750000 0.100000 0.429567 0.014231 1.861963
0.800000 0.100000 0.418081 0.012341 1.824839
0.850000 0.100000 0.407971 0.010803 1.789430
0.900000 0.100000 0.399003 0.009542 1.755357
0.950000 0.100000 0.390987 0.008499 1.722335
1.000000 0.100000 0.383768 0.007633 1.690143
1.050000 0.100000 0.377218 0.006914 1.658615
1.100000 0.100000 0.371228 0.006319 1.627619
1.150000 0.100000 0.365705 0.005829 1.597058
1.200000 0.100000 0.360567 0.005433 1.566860
1.250000 0.100000 0.355742 0.005122 1.536973
1.300000 0.100000 0.351161 0.004889 1.507364
1.350000 0.100000 0.346763 0.004731 1.478021
1.400000 0.100000 0.342488 0.004645 1.448946
1.450000 0.100000 0.338278 0.004631 1.420160
1.500000 0.100000 0.334079 0.004688 1.391709
1.550000 0.100000 0.329840 0.004813 1.363649
1.600000 0.100000 0.325518 0.005002 1.336098
1.650000 0.100000 0.321071 0.005243 1.309118
1.700000 0.100000 0.316501 0.005507 1.283033
1.750000 0.100000 0.311790 0.005747 1.257669
1.800000 0.100000 0.307102 0.005861 1.234212
1.850000 0.100000 0.302388 0.005713 1.210737
1.900000 0.100000 0.298470 0.004978 1.192965
1.950000 0.100000 0.294608 0.003410 1.168327
2.000000 0.100000 0.294608 0.000000 1.168327

0.000000 0.150000 1.000000 0.000000 3.565026
0.050000 0.150000 1.027434 0.188891 3.565026
0.100000 0.150000 1.044051 0.241018 3.249143
0.150000 0.150000 1.022487 0.241257 3.035727
0.200000 0.150000 0.985491 0.213412 2.798552
0.250000 0.150000 0.937336 0.179820 2.622394
0.300000 0.150000 0.888034 0.147611 2.472949
0.350000 0.150000 0.840725 0.120167 2.355613
0.400000 0.150000 0.797767 0.097801 2.258905
0.450000 0.150000 0.759599 0.080024 2.179062
0.500000 0.150000 0.726166 0.066011 2.111169
0.550000 0.150000 0.697008 0.054976 2.052359
0.600000 0.150000 0.671594 0.046253 2.000260
0.650000 0.150000 0.649382 0.039310 1.953253
0.700000 0.150000 0.629884 0.033740 1.910110
0.750000 0.150000 0.612679 0.029233 1.869942
0.800000 0.150000 0.597409 0.025554 1.832079
0.850000 0.150000 0.583777 0.022526 1.796016
0.900000 0.150000 0.571533 0.020017 1.761370
0.950000 0.150000 0.560470 0.017927 1.727845
1.000000 0.150000 0.550413 0.016179 1.695215
1.050000 0.150000 0.541213 0.014716 1.663303
1.100000 0.150000 0.532742 0.013496 1.631972
1.150000 0.150000 0.524886 0.012486 1.601119
1.200000 0.150000 0.517545 0.011662 1.570666
1.250000 0.150000 0.510628 0.011007 1.540557
1.300000 0.150000 0.504051 0.010507 1.510756
1.350000 0.150000 0.497736 0.010155 1.481243
1.400000 0.150000 0.491607 0.009944 1.452018
1.450000 0.150000 0.485596 0.009870 1.423092
1.500000 0.150000 0.479637 0.009928 1.394504
1.550000 0.150000 0.473672 0.010108 1.366293
1.600000 0.150000 0.467655 0.010394 1.338563
1.650000 0.150000 0.461551 0.010753 1.311342
1.700000 0.150000 0.455374 0.011123 1.284932
1.750000 0.150000 0.449130 0.011402 1.259081
1.800000 0.150000 0.443032 0.011403 1.235000
1.850000 0.150000 0.437065 0.010854 1.210489
1.900000 0.150000 0.432187 0.009254 1.191767
1.950000 0.150000 0.427595 0.006068 1.164769
2.000000 0.150000 0.427595 0.000000 1.164769

0.000000 0.200000 1.000000 0.000000 3.136374
0.050000 0.200000 1.033389 0.158976 3.136374
0.100000 0.200000 1.065000 0.229239 3.013997
0.150000 0.200000 1.076765 0.250681 2.885214
0.200000 0.200000 1.070924 0.240153 2.728057
0.250000 0.200000 1.049932 0.216339 2.592225
0.300000 0.200000 1.020765 0.188036 2.468075
0.350000 0.200000 0.987508 0.160560 2.362940
0.400000 0.200000 0.953533 0.135979 2.272189
0.450000 0.200000 0.920618 0.114982 2.194448
0.500000 0.200000 0.889777 0.097461 2.126807
0.550000 0.200000 0.861397 0.083020 2.067308
0.600000 0.200000 0.835553 0.071174 2.014143
0.650000 0.200000 0.812131 0.061458 1.965959
0.700000 0.200000 0.790939 0.053466 1.921667
0.750000 0.200000 0.771753 0.046864 1.880437
0.800000 0.200000 0.754349 0.041379 1.841617
0.850000 0.200000 0.738517 0.036797 1.804706
0.900000 0.200000 0.724067 0.032951 1.769312
0.950000 0.200000 0.710827 0.029710 1.735131
1.000000 0.200000 0.698646 0.026971 1.701922
1.050000 0.200000 0.687387 0.024659 1.669501
1.100000 0.200000 0.676928 0.022713 1.637721
1.150000 0.200000 0.667158 0.021087 1.606472
1.200000 0.200000 0.657975 0.019748 1.575668
1.250000 0.200000 0.649284 0.018669 1.545248
1.300000 0.200000 0.640998 0.017833 1.515170
1.350000 0.200000 0.633031 0.017224 1.485408
1.400000 0.200000 0.625307 0.016833 1.455954
1.450000 0.200000 0.617750 0.016649 1.426811
1.500000 0.200000 0.610295 0.016659 1.398005
1.550000 0.200000 0.602884 0.016844 1.369558
1.600000 0.200000 0.595475 0.017171 1.341553
1.650000 0.200000 0.588042 0.017580 1.313982
1.700000 0.200000 0.580616 0.017968 1.287117
1.750000 0.200000 0.573222 0.018170 1.260627
1.800000 0.200000 0.566106 0.017907 1.235739
1.850000 0.200000 0.559271 0.016771 1.209997
1.900000 0.200000 0.553753 0.014076 1.190110
1.950000 0.200000 0.548661 0.009013 1.160641
2.000000 0.200000 0.548661 0.000000 1.160641

0.000000 0.250000 1.000000 0.000000 2.878511
0.050000 0.250000 1.028251 0.125912 2.878511
0.100000 0.250000 1.062241 0.199871 2.839256
0.150000 0.250000 1.090299 0.235104 2.756940
0.200000 0.250000 1.105393 0.240749 2.650535
0.250000 0.250000 1.106866 0.229674 2.545901
0.300000 0.250000 1.097856 0.209894 2.444567
0.350000 0.250000 1.081401 0.187131 2.353199
0.400000 0.250000 1.060508 0.164483 2.271041
0.450000 0.250000 1.037325 0.143585 2.198167
0.500000 0.250000 1.013393 0.125074 2.133188
0.550000 0.250000 0.989685 0.109067 2.074969
0.600000 0.250000 0.966789 0.095409 2.022284
0.650000 0.250000 0.945023 0.083832 1.974119
0.700000 0.250000 0.924533 0.074042 1.929597
0.750000 0.250000 0.905356 0.065759 1.888010
0.800000 0.250000 0.887466 0.058735 1.848779
0.850000 0.250000 0.870801 0.052761 1.811442
0.900000 0.250000 0.855277 0.047666 1.775627
0.950000 0.250000 0.840806 0.043311 1.741042
1.000000 0.250000 0.827292 0.039586 1.707450
1.050000 0.250000 0.814643 0.036405 1.674667
1.100000 0.250000 0.802765 0.033698 1.642548
1.150000 0.250000 0.791571 0.031414 1.610978
1.200000 0.250000 0.780972 0.029513 1.579871
1.250000 0.250000 0.770885 0.027962 1.549161
1.300000 0.250000 0.761229 0.026739 1.518803
1.350000 0.250000 0.751925 0.025826 1.488767
1.400000 0.250000 0.742899 0.025206 1.459038
1.450000 0.250000 0.734082 0.024862 1.429612
1.500000 0.250000 0.725411 0.024774 1.400503
1.550000 0.250000 0.716833 0.024909 1.371720
1.600000 0.250000 0.708317 0.025212 1.343328
1.650000 0.250000 0.699843 0.025595 1.315294
1.700000 0.250000 0.691458 0.025909 1.287870
1.750000 0.250000 0.683198 0.025920 1.260670
1.800000 0.250000 0.675332 0.025256 1.234949
1.850000 0.250000 0.667864 0.023369 1.208058
1.900000 0.250000 0.661884 0.019394 1.187128
1.950000 0.250000 0.656416 0.012239 1.155595
2.000000 0.250000 0.656416 0.000000 1.155595

0.000000 0.300000 1.000000 0.000000 2.700033
0.050000 0.300000 1.021759 0.098369 2.700033
0.100000 0.300000 1.052800 0.166910 2.699330
0.150000 0.300000 1.086505 0.207422 2.648939
0.200000 0.300000 1.113214 0.223879 2.578553
0.250000 0.300000 1.130146 0.223961 2.499609
0.300000 0.300000 1.137361 0.213699 2.418185
0.350000 0.300000 1.136238 0.198031 2.340005
0.400000 0.300000 1.128737 0.180183 2.266626
0.450000 0.300000 1.116669 0.162195 2.199164
0.500000 0.300000 1.101591 0.145185 2.137431
0.550000 0.300000 1.084698 0.129692 2.081019
0.600000 0.300000 1.066876 0.115892 2.029250
0.650000 0.300000 1.048754 0.103761 1.981449
0.700000 0.300000 1.030761 0.093173 1.936966
0.750000 0.300000 1.013180 0.083964 1.895227
0.800000 0.300000 0.996188 0.075963 1.855739
0.850000 0.300000 0.979887 0.069011 1.818089
0.900000 0.300000 0.964325 0.062968 1.781936
0.950000 0.300000 0.949514 0.057714 1.747001
1.000000 0.300000 0.935438 0.053151 1.713060
1.050000 0.300000 0.922065 0.049201 1.679932
1.100000 0.300000 0.909351 0.045798 1.647473
1.150000 0.300000 0.897242 0.042893 1.615570
1.200000 0.300000 0.885679 0.040445 1.584134
1.250000 0.300000 0.874600 0.038423 1.553099
1.300000 0.300000 0.863941 0.036802 1.522417
1.350000 0.300000 0.853637 0.035563 1.492053
1.400000 0.300000 0.843625 0.034685 1.461988
1.450000 0.300000 0.833844 0.034146 1.432211
1.500000 0.300000 0.824242 0.033916 1.402729
1.550000 0.300000 0.814773 0.033948 1.373537
1.600000 0.300000 0.805415 0.034167 1.344689
1.650000 0.300000 0.796158 0.034452 1.316131
1.700000 0.300000 0.787056 0.034609 1.288100
1.750000 0.300000 0.778153 0.034336 1.260171
1.800000 0.300000 0.769732 0.033166 1.233627
1.850000 0.300000 0.761790 0.030419 1.205659
1.900000 0.300000 0.755457 0.025043 1.183766
1.950000 0.300000 0.749685 0.015659 1.150400
2.000000 0.300000 0.749685 0.000000 1.150400

0.000000 0.350000 1.000000 0.000000 2.582430
0.050000 0.350000 1.016607 0.075534 2.582430
0.100000 0.350000 1.043472 0.134674 2.596716
0.150000 0.350000 1.077430 0.174903 2.564827
0.200000 0.350000 1.109223 0.197212 2.516758
0.250000 0.350000 1.135225 0.205544 2.456075
0.300000 0.350000 1.153627 0.203830 2.389962
0.350000 0.350000 1.164357 0.195741 2.323005
0.400000 0.350000 1.168233 0.184042 2.257758
0.450000 0.350000 1.166423 0.170712 2.195846
0.500000 0.350000 1.160166 0.157029 2.137823
0.550000 0.350000 1.150592 0.143767 2.083797
0.600000 0.350000 1.138665 0.131340 2.033515
0.650000 0.350000 1.125163 0.119937 1.986595
0.700000 0.350000 1.110697 0.109608 1.942591
0.750000 0.350000 1.095729 0.100325 1.901066
0.800000 0.350000 1.080601 0.092022 1.861617
0.850000 0.350000 1.065562 0.084620 1.823890
0.900000 0.350000 1.050781 0.078036 1.787583
0.950000 0.350000 1.036372 0.072196 1.752441
1.000000 0.350000 1.022403 0.067033 1.718256
1.050000 0.350000 1.008910 0.062490 1.684856
1.100000 0.350000 0.995901 0.058520 1.652106
1.150000 0.350000 0.983366 0.055085 1.619894
1.200000 0.350000 0.971282 0.052153 1.588135
1.250000 0.350000 0.959614 0.049699 1.556764
1.300000 0.350000 0.948323 0.047702 1.525731
1.350000 0.350000 0.937361 0.046141 1.495001
1.400000 0.350000 0.926682 0.044997 1.464552
1.450000 0.350000 0.916238 0.044244 1.434368
1.500000 0.350000 0.905989 0.043843 1.404450
1.550000 0.350000 0.895899 0.043735 1.374790
1.600000 0.350000 0.885952 0.043824 1.345430
1.650000 0.350000 0.876144 0.043958 1.316308
1.700000 0.350000 0.866536 0.043897 1.287657
1.750000 0.350000 0.857175 0.043274 1.259021
1.800000 0.350000 0.848348 0.041529 1.231718
1.850000 0.350000 0.840047 0.037845 1.202806
1.900000 0.350000 0.833434 0.030981 1.180097
1.950000 0.350000 0.827406 0.019260 1.145176
2.000000 0.350000 0.827406 0.000000 1.145176

0.000000 0.400000 1.000000 0.000000 2.501297
0.050000 0.400000 1.013016 0.056940 2.501297
0.100000 0.400000 1.036038 0.105341 2.520568
0.150000 0.400000 1.068030 0.141851 2.499813
0.200000 0.400000 1.101073 0.166071 2.465773
0.250000 0.400000 1.131487 0.179596 2.417956
0.300000 0.400000 1.156568 0.184607 2.363255
0.350000 0.400000 1.175278 0.183454 2.305306
0.400000 0.400000 1.187526 0.178145 2.246995
0.450000 0.400000 1.193831 0.170282 2.190159
0.500000 0.400000 1.195015 0.161033 2.135777
0.550000 0.400000 1.191992 0.151206 2.084296
0.600000 0.400000 1.185651 0.141331 2.035763
0.650000 0.400000 1.176792 0.131736 1.990017
0.700000 0.400000 1.166099 0.122613 1.946777
0.750000 0.400000 1.154133 0.114064 1.905725
0.800000 0.400000 1.141344 0.106134 1.866539
0.850000 0.400000 1.128081 0.098834 1.828922
0.900000 0.400000 1.114610 0.092159 1.792611
0.950000 0.400000 1.101127 0.086092 1.757380
1.000000 0.400000 1.087772 0.080614 1.723039
1.050000 0.400000 1.074639 0.075703 1.689431
1.100000 0.400000 1.061790 0.071342 1.656428
1.150000 0.400000 1.049256 0.067511 1.623929
1.200000 0.400000 1.037050 0.064195 1.591852
1.250000 0.400000 1.025167 0.061381 1.560135
1.300000 0.400000 1.013592 0.059055 1.528729
1.350000 0.400000 1.002301 0.057202 1.497601
1.400000 0.400000 0.991265 0.055805 1.466726
1.450000 0.400000 0.980452 0.054837 1.436091
1.500000 0.400000 0.969833 0.054253 1.405693
1.550000 0.400000 0.959380 0.053985 1.375520
1.600000 0.400000 0.949086 0.053918 1.345617
1.650000 0.400000 0.938949 0.053871 1.315915
1.700000 0.400000 0.929031 0.053561 1.286652
1.750000 0.400000 0.919375 0.052557 1.257355
1.800000 0.400000 0.910272 0.050203 1.229379
1.850000 0.400000 0.901706 0.045544 1.199665
1.900000 0.400000 0.894871 0.037141 1.176297
1.950000 0.400000 0.888625 0.023003 1.140074
2.000000 0.400000 0.888625 0.000000 1.140074

0.000000 0.450000 1.000000 0.000000 2.447060
0.050000 0.450000 1.010728 0.041355 2.447060
0.100000 0.450000 1.030796 0.079003 2.467016
0.150000 0.450000 1.060297 0.110097 2.452257
0.200000 0.450000 1.092604 0.133727 2.426178
0.250000 0.450000 1.124323 0.150099 2.386528
0.300000 0.450000 1.152495 0.160067 2.339541
0.350000 0.450000 1.175591 0.164810 2.288179
0.400000 0.450000 1.192964 0.165510 2.235303
0.450000 0.450000 1.204654 0.163240 2.182764
0.500000 0.450000 1.211120 0.158885 2.131718
0.550000 0.450000 1.213033 0.153145 2.082776
0.600000 0.450000 1.211147 0.146553 2.036152
0.650000 0.450000 1.206198 0.139502 1.991821
0.700000 0.450000 1.198863 0.132280 1.949616
0.750000 0.450000 1.189727 0.125093 1.909299
0.800000 0.450000 1.179284 0.118087 1.870615
0.850000 0.450000 1.167935 0.111366 1.833316
0.900000 0.450000 1.156000 0.105002 1.797175
0.950000 0.450000 1.143726 0.099046 1.761994
1.000000 0.450000 1.131301 0.093532 1.727605
1.050000 0.450000 1.118865 0.088484 1.693869
1.100000 0.450000 1.106517 0.083915 1.660670
1.150000 0.450000 1.094323 0.079837 1.627917
1.200000 0.450000 1.082327 0.076253 1.595538
1.250000 0.450000 1.070551 0.073168 1.563473
1.300000 0.450000 1.059005 0.070578 1.531681
1.350000 0.450000 1.047685 0.068478 1.500129
1.400000 0.450000 1.036581 0.066856 1.468797
1.450000 0.450000 1.025674 0.065686 1.437670
1.500000 0.450000 1.014949 0.064923 1.406748
1.550000 0.450000 1.004385 0.064491 1.376023
1.600000 0.450000 0.993979 0.064260 1.345542
1.650000 0.450000 0.983728 0.064026 1.315239
1.700000 0.450000 0.973691 0.063463 1.285365
1.750000 0.450000 0.963901 0.062076 1.255437
1.800000 0.450000 0.954648 0.059113 1.226856
1.850000 0.450000 0.945907 0.053474 1.196453
1.900000 0.450000 0.938903 0.043506 1.172560
1.950000 0.450000 0.932471 0.026888 1.135232
2.000000 0.450000 0.932471 0.000000 1.135232

0.000000 0.500000 1.000000 0.000000 2.411960
0.050000 0.500000 1.009465 0.027721 2.411960
0.100000 0.500000 1.027553 0.055111 2.430692
0.150000 0.500000 1.054766 0.080200 2.418430
0.200000 0.500000 1.085373 0.101950 2.396017
0.250000 0.500000 1.116340 0.119704 2.360795
0.300000 0.500000 1.144817 0.133315 2.318381
0.350000 0.500000 1.169171 0.142968 2.271342
0.400000 0.500000 1.188542 0.149062 2.222370
0.450000 0.500000 1.202732 0.152106 2.173222
0.500000 0.500000 1.211973 0.152632 2.125054
0.550000 0.500000 1.216756 0.151156 2.078504
0.600000 0.500000 1.217692 0.148142 2.033840
0.650000 0.500000 1.215424 0.143996 1.991087
0.700000 0.500000 1.210566 0.139060 1.950130
0.750000 0.500000 1.203670 0.133618 1.910780
0.800000 0.500000 1.195217 0.127901 1.872823
0.850000 0.500000 1.185608 0.122094 1.836045
0.900000 0.500000 1.175172 0.116344 1.800251
0.950000 0.500000 1.164173 0.110766 1.765271
1.000000 0.500000 1.152819 0.105451 1.730959
1.050000 0.500000 1.141270 0.100465 1.697193
1.100000 0.500000 1.129646 0.095861 1.663876
1.150000 0.500000 1.118037 0.091678 1.630929
1.200000 0.500000 1.106507 0.087944 1.598287
1.250000 0.500000 1.095100 0.084680 1.565904
1.300000 0.500000 1.083846 0.081899 1.533740
1.350000 0.500000 1.072758 0.079605 1.501770
1.400000 0.500000 1.061842 0.077795 1.469976
1.450000 0.500000 1.051096 0.076448 1.438348
1.500000 0.500000 1.040512 0.075521 1.406890
1.550000 0.500000 1.030078 0.074935 1.375598
1.600000 0.500000 1.019790 0.074553 1.344528
1.650000 0.500000 1.009642 0.074146 1.313625
1.700000 0.500000 0.999681 0.073354 1.283158
1.750000 0.500000 0.989929 0.071619 1.252643
1.800000 0.500000 0.980662 0.068088 1.223539
1.850000 0.500000 0.971842 0.061506 1.192573
1.900000 0.500000 0.964730 0.049985 1.168315
1.950000 0.500000 0.958144 0.030859 1.130120
2.000000 0.500000 0.958144 0.000000 1.130120

0.000000 0.550000 1.000000 0.000000 2.395402
0.050000 0.550000 1.009022 0.015305 2.395402
0.100000 0.550000 1.026009 0.033209 2.412121
0.150000 0.550000 1.051299 0.052534 2.399684
0.200000 0.550000 1.079614 0.072170 2.377459
0.250000 0.550000 1.108245 0.090761 2.343400
0.300000 0.550000 1.134687 0.107317 2.302694
0.350000 0.550000 1.157511 0.121172 2.257803
0.400000 0.550000 1.175952 0.132032 2.211182
0.450000 0.550000 1.189816 0.139888 2.164431
0.500000 0.550000 1.199271 0.144937 2.118571
0.550000 0.550000 1.204712 0.147500 2.074153
0.600000 0.550000 1.206643 0.147956 2.031389
0.650000 0.550000 1.205599 0.146699 1.990281
0.700000 0.550000 1.202102 0.144103 1.950707
0.750000 0.550000 1.196626 0.140509 1.912485
0.800000 0.550000 1.189589 0.136216 1.875418
0.850000 0.550000 1.181347 0.131477 1.839315
0.900000 0.550000 1.172197 0.126501 1.804003
0.950000 0.550000 1.162384 0.121463 1.769336
1.000000 0.550000 1.152104 0.116499 1.735190
1.050000 0.550000 1.141513 0.111719 1.701464
1.100000 0.550000 1.130737 0.107210 1.668078
1.150000 0.550000 1.119871 0.103036 1.634966
1.200000 0.550000 1.108992 0.099249 1.602080
1.250000 0.550000 1.098155 0.095887 1.569380
1.300000 0.550000 1.087404 0.092977 1.536837
1.350000 0.550000 1.076767 0.090537 1.504429
1.400000 0.550000 1.066266 0.088571 1.472143
1.450000 0.550000 1.055909 0.087068 1.439973
1.500000 0.550000 1.045697 0.085991 1.407928
1.550000 0.550000 1.035624 0.085263 1.376008
1.600000 0.550000 1.025685 0.084742 1.344281
1.650000 0.550000 1.015864 0.084187 1.312699
1.700000 0.550000 1.006194 0.083205 1.281560
1.750000 0.550000 0.996670 0.081177 1.250376
1.800000 0.550000 0.987553 0.077143 1.220681
1.850000 0.550000 0.978776 0.069683 1.189090
1.900000 0.550000 0.971632 0.056645 1.164443
1.950000 0.550000 0.964923 0.034983 1.125329
2.000000 0.550000 0.964923 0.000000 1.125329

0.000000 0.600000 1.000000 0.000000 2.391964
0.050000 0.600000 1.009344 0.002919 2.391964
0.100000 0.600000 1.025918 0.012136 2.404401
0.150000 0.600000 1.049347 0.026570 2.388772
0.200000 0.600000 1.074544 0.044760 2.363206
0.250000 0.600000 1.099146 0.064465 2.327296
0.300000 0.600000 1.121236 0.083867 2.285773
0.350000 0.600000 1.139857 0.101530 2.241191
0.400000 0.600000 1.154610 0.116587 2.195653
0.450000 0.600000 1.165498 0.128619 2.150516
0.500000 0.600000 1.172763 0.137570 2.106543
0.550000 0.600000 1.176773 0.143621 2.064092
0.600000 0.600000 1.177947 0.147093 2.023234
0.650000 0.600000 1.176708 0.148378 1.983878
0.700000 0.600000 1.173456 0.147877 1.945851
0.750000 0.600000 1.168549 0.145976 1.908948
0.800000 0.600000 1.162304 0.143027 1.872970
0.850000 0.600000 1.154991 0.139335 1.837735
0.900000 0.600000 1.146841 0.135158 1.803089
0.950000 0.600000 1.138046 0.130714 1.768904
1.000000 0.600000 1.128766 0.126178 1.735079
1.050000 0.600000 1.119134 0.121690 1.701534
1.100000 0.600000 1.109259 0.117364 1.668209
1.150000 0.600000 1.099232 0.113286 1.635054
1.200000 0.600000 1.089128 0.109526 1.602034
1.250000 0.600000 1.079010 0.106136 1.569120
1.300000 0.600000 1.068929 0.103157 1.536292
1.350000 0.600000 1.058925 0.100616 1.503535
1.400000 0.600000 1.049029 0.098529 1.470839
1.450000 0.600000 1.039263 0.096895 1.438200
1.500000 0.600000 1.029636 0.095686 1.405633
1.550000 0.600000 1.020147 0.094832 1.373142
1.600000 0.600000 1.010786 0.094197 1.340804
1.650000 0.600000 1.001529 0.093535 1.308580
1.700000 0.600000 0.992385 0.092428 1.276804
1.750000 0.600000 0.983315 0.090203 1.244989
1.800000 0.600000 0.974545 0.085792 1.214774
1.850000 0.600000 0.965964 0.077593 1.182654
1.900000 0.600000 0.958885 0.063156 1.157804
1.950000 0.600000 0.952097 0.039042 1.118082
2.000000 0.600000 0.952097 0.000000 1.118082

0.000000 0.650000 1.000000 0.000000 2.416759
0.050000 0.650000 1.010259 -0.008973 2.416759
0.100000 0.650000 1.026677 -0.006832 2.423004
0.150000 0.650000 1.047596 0.004494 2.401339
0.200000 0.650000 1.068123 0.022785 2.368628
0.250000 0.650000 1.086430 0.044531 2.327707
0.300000 0.650000 1.101546 0.067045 2.282680
0.350000 0.650000 1.113258 0.088227 2.236446
0.400000 0.650000 1.121738 0.106809 2.190584
0.450000 0.650000 1.127308 0.122143 2.146128
0.500000 0.650000 1.130341 0.134062 2.103437
0.550000 0.650000 1.131194 0.142708 2.062582
0.600000 0.650000 1.130191 0.148406 2.023407
0.650000 0.650000 1.127613 0.151570 1.985675
0.700000 0.650000 1.123705 0.152637 1.949118
0.750000 0.650000 1.118674 0.152031 1.913484
0.800000 0.650000 1.112702 0.150139 1.878553
0.850000 0.650000 1.105944 0.147299 1.844143
0.900000 0.650000 1.098536 0.143801 1.810113
0.950000 0.650000 1.090596 0.139887 1.776352
1.000000 0.650000 1.082229 0.135755 1.742781
1.050000 0.650000 1.073528 0.131565 1.709342
1.100000 0.650000 1.064575 0.127444 1.675992
1.150000 0.650000 1.055445 0.123492 1.642702
1.200000 0.650000 1.046205 0.119790 1.609450
1.250000 0.650000 1.036918 0.116400 1.576218
1.300000 0.650000 1.027639 0.113370 1.542994
1.350000 0.650000 1.018416 0.110737 1.509767
1.400000 0.650000 1.009290 0.108527 1.476529
1.450000 0.650000 1.000295 0.106749 1.443275
1.500000 0.650000 0.991449 0.105387 1.410015
1.550000 0.650000 0.982758 0.104386 1.376747
1.600000 0.650000 0.974213 0.103621 1.343548
1.650000 0.650000 0.965774 0.102851 1.310371
1.700000 0.650000 0.957429 0.101648 1.277572
1.750000 0.650000 0.949090 0.099295 1.244642
1.800000 0.650000 0.940933 0.094615 1.213340
1.850000 0.650000 0.932766 0.085810 1.179976
1.900000 0.650000 0.925908 0.070079 1.154246
1.950000 0.650000 0.919071 0.043499 1.112816
2.000000 0.650000 0.919071 0.000000 1.112816

0.000000 0.700000 1.000000 0.000000 2.444253
0.050000 0.700000 1.011752 -0.023387 2.444253
0.100000 0.700000 1.027508 -0.026625 2.433182
0.150000 0.700000 1.043595 -0.015838 2.400079
0.200000 0.700000 1.056402 0.004857 2.355146
0.250000 0.700000 1.065080 0.030006 2.306531
0.300000 0.700000 1.070112 0.056030 2.256319
0.350000 0.700000 1.072212 0.080348 2.207681
0.400000 0.700000 1.072197 0.101570 2.161218
0.450000 0.700000 1.070674 0.119066 2.117465
0.500000 0.700000 1.068083 0.132750 2.076231
0.550000 0.700000 1.064695 0.142852 2.037226
0.600000 0.700000 1.060673 0.149769 2.000025
0.650000 0.700000 1.056104 0.153972 1.964226
0.700000 0.700000 1.051035 0.155936 1.929458
0.750000 0.700000 1.045495 0.156112 1.895418
0.800000 0.700000 1.039505 0.154902 1.861867
0.850000 0.700000 1.033088 0.152658 1.828622
0.900000 0.700000 1.026273 0.149676 1.795555
0.950000 0.700000 1.019093 0.146204 1.762576
1.000000 0.700000 1.011588 0.142442 1.729625
1.050000 0.700000 1.003806 0.138554 1.696666
1.100000 0.700000 0.995795 0.134670 1.663677
1.150000 0.700000 0.987610 0.130892 1.630645
1.200000 0.700000 0.979306 0.127303 1.597562
1.250000 0.700000 0.970941 0.123968 1.564422
1.300000 0.700000 0.962571 0.120939 1.531219
1.350000 0.700000 0.954253 0.118258 1.497945
1.400000 0.700000 0.946038 0.115959 1.464592
1.450000 0.700000 0.937969 0.114060 1.431151
1.500000 0.700000 0.930080 0.112562 1.397625
1.550000 0.700000 0.922385 0.111427 1.364003
1.600000 0.700000 0.914880 0.110553 1.330357
1.650000 0.700000 0.907520 0.109721 1.296631
1.700000 0.700000 0.900264 0.108514 1.263212
1.750000 0.700000 0.892969 0.106193 1.229564
1.800000 0.700000 0.885739 0.101492 1.197634
1.850000 0.700000 0.878250 0.092421 1.163544
1.900000 0.700000 0.871791 0.075779 1.137675
1.950000 0.700000 0.864991 0.047190 1.095816
2.000000 0.700000 0.864991 0.000000 1.095816

0.000000 0.750000 1.000000 0.000000 2.562010
0.050000 0.750000 1.012404 -0.033301 2.562010
0.100000 0.750000 1.025047 -0.036258 2.525340
0.150000 0.750000 1.031790 -0.021811 2.475246
0.200000 0.750000 1.032161 0.003891 2.410738
0.250000 0.750000 1.026969 0.033273 2.349673
0.300000 0.750000 1.018707 0.062319 2.290608
0.350000 0.750000 1.008982 0.088463 2.237161
0.400000 0.750000 0.999088 0.110622 2.188401
0.450000 0.750000 0.989675 0.128487 2.144138
0.500000 0.750000 0.981045 0.142236 2.103408
0.550000 0.750000 0.973225 0.152281 2.065440
0.600000 0.750000 0.966112 0.159132 2.029465
0.650000 0.750000 0.959534 0.163314 1.994872
0.700000 0.750000 0.953306 0.165325 1.961168
0.750000 0.750000 0.947260 0.165613 1.927988
0.800000 0.750000 0.941253 0.164569 1.895067
0.850000 0.750000 0.935178 0.162525 1.862226
0.900000 0.750000 0.928957 0.159761 1.829347
0.950000 0.750000 0.922545 0.156505 1.796364
1.000000 0.750000 0.915921 0.152943 1.763239
1.050000 0.750000 0.909088 0.149227 1.729960
1.100000 0.750000 0.902064 0.145476 1.696528
1.150000 0.750000 0.894883 0.141784 1.662947
1.200000 0.750000 0.887588 0.138227 1.629227
1.250000 0.750000 0.880231 0.134868 1.595372
1.300000 0.750000 0.872871 0.131756 1.561381
1.350000 0.750000 0.865569 0.128934 1.527246
1.400000 0.750000 0.858387 0.126438 1.492952
1.450000 0.750000 0.851383 0.124297 1.458473
1.500000 0.750000 0.844607 0.122522 1.423786
1.550000 0.750000 0.838091 0.121099 1.388839
1.600000 0.750000 0.831849 0.119952 1.353654
1.650000 0.750000 0.825837 0.118898 1.318094
1.700000 0.750000 0.820005 0.117550 1.282492
1.750000 0.750000 0.814150 0.115180 1.246155
1.800000 0.750000 0.808294 0.110456 1.211139
1.850000 0.750000 0.801908 0.101195 1.173062
1.900000 0.750000 0.796218 0.083718 1.143562
1.950000 0.750000 0.789429 0.052831 1.095329
2.000000 0.750000 0.789429 0.000000 1.095329

0.000000 0.800000 1.000000 0.000000 2.591619
0.050000 0.800000 1.009915 -0.053410 2.591619
0.100000 0.800000 1.013319 -0.051872 2.484227
0.150000 0.800000 1.001316 -0.029203 2.409358
0.200000 0.800000 0.982234 0.003912 2.320765
0.250000 0.800000 0.958596 0.037672 2.249156
0.300000 0.800000 0.934828 0.068469 2.184182
0.350000 0.800000 0.912668 0.094512 2.129294
0.400000 0.800000 0.893255 0.115546 2.081242
0.450000 0.800000 0.876784 0.131862 2.039043
0.500000 0.800000 0.863098 0.144033 2.000987
0.550000 0.800000 0.851795 0.152686 1.965933
0.600000 0.800000 0.842415 0.158429 1.932873
0.650000 0.800000 0.834496 0.161810 1.901077
0.700000 0.800000 0.827628 0.163307 1.869997
0.750000 0.800000 0.821462 0.163328 1.839250
0.800000 0.800000 0.815719 0.162216 1.808575
0.850000 0.800000 0.810185 0.160256 1.777808
0.900000 0.800000 0.804703 0.157682 1.746854
0.950000 0.800000 0.799168 0.154686 1.715664
1.000000 0.800000 0.793515 0.151422 1.684225
1.050000 0.800000 0.787711 0.148012 1.652543
1.100000 0.800000 0.781753 0.144555 1.620634
1.150000 0.800000 0.775658 0.141128 1.588519
1.200000 0.800000 0.769461 0.137795 1.556217
1.250000 0.800000 0.763209 0.134606 1.523740
1.300000 0.800000 0.756960 0.131604 1.491091
1.350000 0.800000 0.750781 0.128830 1.458263
1.400000 0.800000 0.744741 0.126317 1.425236
1.450000 0.800000 0.738913 0.124098 1.391975
1.500000 0.800000 0.733367 0.122197 1.358442
1.550000 0.800000 0.728158 0.120623 1.324561
1.600000 0.800000 0.723325 0.119338 1.290330
1.650000 0.800000 0.718846 0.118215 1.255573
1.700000 0.800000 0.714677 0.116941 1.220628
1.750000 0.800000 0.710571 0.114865 1.184734
1.800000 0.800000 0.706462 0.110686 1.150203
1.850000 0.800000 0.701554 0.102129 1.112389
1.900000 0.800000 0.696881 0.085070 1.084197
1.950000 0.800000 0.690345 0.053928 1.038025
2.000000 0.800000 0.690345 0.000000 1.038025

0.000000 0.850000 1.000000 0.000000 3.046004
0.050000 0.850000 0.992165 -0.033902 3.046004
0.100000 0.850000 0.973460 -0.010829 2.831764
0.150000 0.850000 0.931491 0.023341 2.710942
0.200000 0.850000 0.887344 0.060972 2.576421
0.250000 0.850000 0.843590 0.094048 2.480675
0.300000 0.850000 0.805394 0.121360 2.400139
0.350000 0.850000 0.773206 0.142767 2.337261
0.400000 0.850000 0.747133 0.159026 2.285051
0.450000 0.850000 0.726383 0.170968 2.240973
0.500000 0.850000 0.710087 0.179392 2.202054
0.550000 0.850000 0.697330 0.184982 2.166492
0.600000 0.850000 0.687292 0.188305 2.132878
0.650000 0.850000 0.679270 0.189831 2.100280
0.700000 0.850000 0.672687 0.189941 2.068056
0.750000 0.850000 0.667080 0.188950 2.035797
0.800000 0.850000 0.662091 0.187112 2.003253
0.850000 0.850000 0.657452 0.184640 1.970291
0.900000 0.850000 0.652966 0.181704 1.936855
0.950000 0.850000 0.648500 0.178443 1.902939
1.000000 0.850000 0.643967 0.174968 1.868572
1.050000 0.850000 0.639321 0.171370 1.833799
1.100000 0.850000 0.634547 0.167721 1.798671
1.150000 0.850000 0.629654 0.164076 1.763237
1.200000 0.850000 0.624671 0.160483 1.727539
1.250000 0.850000 0.619640 0.156980 1.691606
1.300000 0.850000 0.614619 0.153599 1.655451
1.350000 0.850000 0.609675 0.150370 1.619064
1.400000 0.850000 0.604885 0.147322 1.582411
1.450000 0.850000 0.600332 0.144484 1.545421
1.500000 0.850000 0.596107 0.141882 1.507994
1.550000 0.850000 0.592294 0.139532 1.469946
1.600000 0.850000 0.588976 0.137423 1.431107
1.650000 0.850000 0.586184 0.135472 1.391029
1.700000 0.850000 0.583930 0.133442 1.349684
1.750000 0.850000 0.581981 0.130776 1.305672
1.800000 0.850000 0.580255 0.126269 1.260896
1.850000 0.850000 0.577617 0.117567 1.208885
1.900000 0.850000 0.574960 0.100041 1.165249
1.950000 0.850000 0.568255 0.066002 1.090973
2.000000 0.850000 0.568255 0.000000 1.090973

0.000000 0.900000 1.000000 0.000000 2.671397
0.050000 0.900000 0.928137 -0.068572 2.671397
0.100000 0.900000 0.864212 -0.024061 2.267484
0.150000 0.900000 0.779645 0.021175 2.138245
0.200000 0.900000 0.712014 0.059612 1.995126
0.250000 0.900000 0.655093 0.087842 1.909356
0.300000 0.900000 0.610864 0.108255 1.839746
0.350000 0.900000 0.576459 0.122725 1.788631
0.400000 0.900000 0.550256 0.132862 1.747267
0.450000 0.900000 0.530385 0.139797 1.713149
0.500000 0.900000 0.515410 0.144342 1.683362
0.550000 0.900000 0.504115 0.147074 1.656318
0.600000 0.900000 0.495545 0.148417 1.630799
0.650000 0.900000 0.488943 0.148685 1.606035
0.700000 0.900000 0.483719 0.148122 1.581508
0.750000 0.900000 0.479423 0.146917 1.556895
0.800000 0.900000 0.475713 0.145223 1.532006
0.850000 0.900000 0.472339 0.143161 1.506743
0.900000 0.900000 0.469121 0.140829 1.481071
0.950000 0.900000 0.465935 0.138307 1.454995
1.000000 0.900000 0.462704 0.135659 1.428543
1.050000 0.900000 0.459385 0.132936 1.401758
1.100000 0.900000 0.455961 0.130179 1.374685
1.150000 0.900000 0.452440 0.127420 1.347368
1.200000 0.900000 0.448845 0.124687 1.319843
1.250000 0.900000 0.445212 0.122001 1.292136
1.300000 0.900000 0.441590 0.119382 1.264258
1.350000 0.900000 0.438039 0.116848 1.236202
1.400000 0.900000 0.434630 0.114419 1.207942
1.450000 0.900000 0.431441 0.112116 1.179420
1.500000 0.900000 0.428567 0.109963 1.150556
1.550000 0.900000 0.426106 0.107985 1.121204
1.600000 0.900000 0.424166 0.106200 1.091241
1.650000 0.900000 0.422822 0.104590 1.060313
1.700000 0.900000 0.422155 0.103057 1.028503
1.750000 0.900000 0.421998 0.101274 0.994658
1.800000 0.900000 0.422294 0.098413 0.960964
1.850000 0.900000 0.421740 0.092561 0.921742
1.900000 0.900000 0.420749 0.079346 0.892640
1.950000 0.900000 0.414957 0.052140 0.843519
2.000000 0.900000 0.414957 0.000000 0.843519

0.000000 0.950000 1.000000 0.000000 4.776739
0.050000 0.950000 0.724039 0.185724 4.776739
0.100000 0.950000 0.616009 0.234467 3.844128
0.150000 0.950000 0.508202 0.254656 3.555888
0.200000 0.950000 0.439450 0.263278 3.301134
0.250000 0.950000 0.388133 0.268770 3.162041
0.300000 0.950000 0.352290 0.271998 3.061668
0.350000 0.950000 0.326402 0.273870 2.992908
0.400000 0.950000 0.307889 0.274603 2.939663
0.450000 0.950000 0.294545 0.274435 2.896002
0.500000 0.950000 0.284934 0.273502 2.857081
0.550000 0.950000 0.277979 0.271920 2.820340
0.600000 0.950000 0.272909 0.269778 2.784094
0.650000 0.950000 0.269150 0.267154 2.747390
0.700000 0.950000 0.266281 0.264117 2.709684
0.750000 0.950000 0.263989 0.260729 2.670718
0.800000 0.950000 0.262047 0.257047 2.630412
0.850000 0.950000 0.260290 0.253123 2.588804
0.900000 0.950000 0.258606 0.249004 2.545996
0.950000 0.950000 0.256918 0.244733 2.502132
1.000000 0.950000 0.255179 0.240345 2.457370
1.050000 0.950000 0.253365 0.235872 2.411867
1.100000 0.950000 0.251471 0.231341 2.365772
1.150000 0.950000 0.249504 0.226775 2.319215
1.200000 0.950000 0.247480 0.222190 2.272304
1.250000 0.950000 0.245427 0.217603 2.225118
1.300000 0.950000 0.243379 0.213024 2.177706
1.350000 0.950000 0.241378 0.208462 2.130077
1.400000 0.950000 0.239476 0.203925 2.082191
1.450000 0.950000 0.237735 0.199416 2.033940
1.500000 0.950000 0.236234 0.194936 1.985125
1.550000 0.950000 0.235071 0.190479 1.935378
1.600000 0.950000 0.234371 0.186027 1.884165
1.650000 0.950000 0.234274 0.181524 1.830417
1.700000 0.950000 0.234980 0.176854 1.772973
1.750000 0.950000 0.236541 0.171686 1.708495
1.800000 0.950000 0.239245 0.165385 1.636148
1.850000 0.950000 0.241887 0.155985 1.542712
1.900000 0.950000 0.245456 0.139366 1.446552
1.950000 0.950000 0.238388 0.101117 1.266622
2.000000 0.950000 0.238388 0.000000 1.266622

0.000000 1.000000 0.000000 0.000000 0.000000
0.050000 1.000000 0.000000 0.000000 0.000000
0.100000 1.000000 0.000000 0.000000 0.000000
0.150000 1.000000 0.000000 0.000000 0.000000
0.200000 1.000000 0.000000 0.000000 0.000000
0.250000 1.000000 0.000000 0.000000 0.000000
0.300000 1.000000 0.000000 0.000000 0.000000
0.350000 1.000000 0.000000 0.000000 0.000000
0.400000 1.000000 0.000000 0.000000 0.000000
0.450000 1.000000 0.000000 0.000000 0.000000
0.500000 1.000000 0.000000 0.000000 0.000000
0.550000 1.000000 0.000000 0.000000 0.000000
0.600000 1.000000 0.000000 0.000000 0.000000
0.650000 1.000000 0.000000 0.000000 0.000000
0.700000 1.000000 0.000000 0.000000 0.000000
0.750000 1.000000 0.000000 0.000000 0.000000
0.800000 1.000000 0.000000 0.000000 0.000000
0.850000 1.000000 0.000000 0.000000 0.000000
0.900000 1.000000 0.000000 0.000000 0.000000
0.950000 1.000000 0.000000 0.000000 0.000000
1.000000 1.000000 0.000000 0.000000 0.000000
1.050000 1.000000 0.000000 0.000000 0.000000
1.100000 1.000000 0.000000 0.000000 0.000000
1.150000 1.000000 0.000000 0.000000 0.000000
1.200000 1.000000 0.000000 0.000000 0.000000
1.250000 1.000000 0.000000 0.000000 0.000000
1.300000 1.000000 0.000000 0.000000 0.000000
1.350000 1.000000 0.000000 0.000000 0.000000
1.400000 1.000000 0.000000 0.000000 0.000000
1.450000 1.000000 0.000000 0.000000 0.000000
1.500000 1.000000 0.000000 0.000000 0.000000
1.550000 1.000000 0.000000 0.000000 0.000000
1.600000 1.000000 0.000000 0.000000 0.000000
1.650000 1.000000 0.000000 0.000000 0.000000
1.700000 1.000000 0.000000 0.000000 0.000000
1.750000 1.000000 0.000000 0.000000 0.000000
1.800000 1.000000 0.000000 0.000000 0.000000
1.850000 1.000000 0.000000 0.000000 0.000000
1.900000 1.000000 0.000000 0.000000 0.000000
1.950000 1.000000 0.000000 0.000000 0.000000
2.000000 1.000000 0.000000 0.000000 0.000000

