0.000000 0.000000 0.000000 0.000000 5.305088
0.050000 0.000000 0.000000 0.000000 5.305088
0.100000 0.000000 0.000000 0.000000 3.839890
0.150000 0.000000 0.000000 0.000000 3.350039
0.200000 0.000000 0.000000 0.000000 2.914244
0.250000 0.000000 0.000000 0.000000 2.677397
0.300000 0.000000 0.000000 0.000000 2.504180
0.350000 0.000000 0.000000 0.000000 2.386465
0.400000 0.000000 0.000000 0.000000 2.296167
0.450000 0.000000 0.000000 0.000000 2.225127
0.500000 0.000000 0.000000 0.000000 2.165747
0.550000 0.000000 0.000000 0.000000 2.114461
0.600000 0.000000 0.000000 0.000000 2.068677
0.650000 0.000000 0.000000 0.000000 2.026857
0.700000 0.000000 0.000000 0.000000 1.987915
0.750000 0.000000 0.000000 0.000000 1.951120
0.800000 0.000000 0.000000 0.000000 1.915939
0.850000 0.000000 0.000000 0.000000 1.881985
0.900000 0.000000 0.000000 0.000000 1.848966
0.950000 0.000000 0.000000 0.000000 1.816661
1.000000 0.000000 0.000000 0.000000 1.784898
1.050000 0.000000 0.000000 0.000000 1.753544
1.100000 0.000000 0.000000 0.000000 1.722495
1.150000 0.000000 0.000000 0.000000 1.691671
1.200000 0.000000 0.000000 0.000000 1.661013
1.250000 0.000000 0.000000 0.000000 1.630479
1.300000 0.000000 0.000000 0.000000 1.600043
1.350000 0.000000 0.000000 0.000000 1.569698
1.400000 0.000000 0.000000 0.000000 1.539454
1.450000 0.000000 0.000000 0.000000 1.509341
1.500000 0.000000 0.000000 0.000000 1.479421
1.550000 0.000000 0.000000 0.000000 1.449774
1.600000 0.000000 0.000000 0.000000 1.420556
1.650000 0.000000 0.000000 0.000000 1.391893
1.700000 0.000000 0.000000 0.000000 1.364186
1.750000 0.000000 0.000000 0.000000 1.337417
1.800000 0.000000 0.000000 0.000000 1.312873
1.850000 0.000000 0.000000 0.000000 1.289039
1.900000 0.000000 0.000000 0.000000 1.271370
1.950000 0.000000 0.000000 0.000000 1.248891
2.000000 0.000000 0.000000 0.000000 1.248891

0.000000 0.050000 1.000000 0.000000 5.305088
0.050000 0.050000 0.766280 0.138773 5.305088
0.100000 0.050000 0.689870 0.130958 3.839890
0.150000 0.050000 0.574264 0.104817 3.350039
0.200000 0.050000 0.495424 0.076008 2.914244
0.250000 0.050000 0.430408 0.054242 2.677397
0.300000 0.050000 0.382276 0.038783 2.504180
0.350000 0.050000 0.344952 0.028285 2.386465
0.400000 0.050000 0.316200 0.021142 2.296167
0.450000 0.050000 0.293515 0.016226 2.225127
0.500000 0.050000 0.275387 0.012765 2.165747
0.550000 0.050000 0.260638 0.010266 2.114461
0.600000 0.050000 0.248465 0.008416 2.068677
0.650000 0.050000 0.238271 0.007015 2.026857
0.700000 0.050000 0.229628 0.005931 1.987915
0.750000 0.050000 0.222212 0.005078 1.951120
0.800000 0.050000 0.215784 0.004396 1.915939
0.850000 0.050000 0.210157 0.003843 1.881985
0.900000 0.050000 0.205189 0.003391 1.848966
0.950000 0.050000 0.200766 0.003017 1.816661
1.000000 0.050000 0.196797 0.002707 1.784898
1.050000 0.050000 0.193207 0.002449 1.753544
1.100000 0.050000 0.189934 0.002235 1.722495
1.150000 0.050000 0.186924 0.002059 1.691671
1.200000 0.050000 0.184130 0.001918 1.661013
1.250000 0.050000 0.181508 0.001808 1.630479
1.300000 0.050000 0.179017 0.001729 1.600043
1.350000 0.050000 0.176620 0.001679 1.569698
1.400000 0.050000 0.174278 0.001658 1.539454
1.450000 0.050000 0.171953 0.001668 1.509341
1.500000 0.050000 0.169608 0.001708 1.479421
1.550000 0.050000 0.167204 0.001779 1.449774
1.600000 0.050000 0.164708 0.001880 1.420556
1.650000 0.050000 0.162084 0.002008 1.391893
1.700000 0.050000 0.159324 0.002150 1.364186
1.750000 0.050000 0.156396 0.002290 1.337417
1.800000 0.050000 0.153409 0.002381 1.312873
1.850000 0.050000 0.150283 0.002369 1.289039
1.900000 0.050000 0.147641 0.002092 1.271370
1.950000 0.050000 0.144841 0.001477 1.248891
2.000000 0.050000 0.144824 0.000000 1.248891

0.000000 0.100000 1.000000 0.000000 4.202944
0.050000 0.100000 0.972573 0.211393 4.202944
0.100000 0.100000 0.948992 0.220789 3.578567
0.150000 0.100000 0.877261 0.193753 3.283900
0.200000 0.100000 0.808175 0.153482 2.965300
0.250000 0.100000 0.739120 0.118547 2.755760
0.300000 0.100000 0.679256 0.090735 2.585536
0.350000 0.100000 0.627809 0.069949 2.459081
0.400000 0.100000 0.584850 0.054596 2.357984
0.450000 0.100000 0.548988 0.043286 2.276680
0.500000 0.100000 0.519069 0.034877 2.208612
0.550000 0.100000 0.493945 0.028547 2.150253
0.600000 0.100000 0.472691 0.023712 2.098810
0.650000 0.100000 0.454548 0.019963 2.052474
0.700000 0.100000 0.438921 0.017014 2.009917
0.750000 0.100000 0.425338 0.014664 1.970206
0.800000 0.100000 0.413430 0.012767 1.932653
0.850000 0.100000 0.402906 0.011218 1.896753
0.900000 0.100000 0.393534 0.009943 1.862124
0.950000 0.100000 0.385125 0.008884 1.828478
1.000000 0.100000 0.377528 0.008001 1.795593
1.050000 0.100000 0.370614 0.007263 1.763298
1.100000 0.100000 0.364275 0.006649 1.731461
1.150000 0.100000 0.358419 0.006143 1.699983
1.200000 0.100000 0.352962 0.005732 1.668788
1.250000 0.100000 0.347828 0.005411 1.637825
1.300000 0.100000 0.342946 0.005172 1.607060
1.350000 0.100000 0.338249 0.005015 1.576478
1.400000 0.100000 0.333673 0.004939 1.546085
1.450000 0.100000 0.329152 0.004942 1.515904
1.500000 0.100000 0.324628 0.005025 1.485988
1.550000 0.100000 0.320042 0.005184 1.456399
1.600000 0.100000 0.315346 0.005414 1.427271
1.650000 0.100000 0.310498 0.005697 1.398676
1.700000 0.100000 0.305501 0.006001 1.370972
1.750000 0.100000 0.300341 0.006269 1.343979
1.800000 0.100000 0.295207 0.006388 1.318986
1.850000 0.100000 0.290055 0.006210 1.293917
1.900000 0.100000 0.285786 0.005388 1.274949
1.950000 0.100000 0.281605 0.003674 1.248532
2.000000 0.100000 0.281569 0.000000 1.248532

0.000000 0.150000 1.000000 0.000000 3.675089
0.050000 0.150000 1.027396 0.188983 3.675089
0.100000 0.150000 1.043925 0.241222 3.359092
0.150000 0.150000 1.022199 0.241576 3.145670
0.200000 0.150000 0.984974 0.213842 2.908499
0.250000 0.150000 0.936519 0.180355 2.732370
0.300000 0.150000 0.886852 0.148241 2.582950
0.350000 0.150000 0.839118 0.120881 2.465627
0.400000 0.150000 0.795683 0.098587 2.368906
0.450000 0.150000 0.756991 0.080871 2.289018
0.500000 0.150000 0.722996 0.066907 2.221039
0.550000 0.150000 0.693246 0.055910 2.162098
0.600000 0.150000 0.667216 0.047212 2.109816
0.650000 0.150000 0.644372 0.040285 2.062571
0.700000 0.150000 0.624232 0.034720 2.019133
0.750000 0.150000 0.606382 0.030208 1.978608
0.800000 0.150000 0.590469 0.026516 1.940323
0.850000 0.150000 0.576201 0.023469 1.903772
0.900000 0.150000 0.563333 0.020933 1.868570
0.950000 0.150000 0.551661 0.018811 1.834418
1.000000 0.150000 0.541013 0.017028 1.801089
1.050000 0.150000 0.531242 0.015529 1.768403
1.100000 0.150000 0.522220 0.014272 1.736225
1.150000 0.150000 0.513834 0.013228 1.704447
1.200000 0.150000 0.505980 0.012374 1.672991
1.250000 0.150000 0.498566 0.011697 1.641800
1.300000 0.150000 0.491502 0.011186 1.610837
1.350000 0.150000 0.484705 0.010834 1.580082
1.400000 0.150000 0.478094 0.010639 1.549537
1.450000 0.150000 0.471592 0.010595 1.519215
1.500000 0.150000 0.465126 0.010700 1.489159
1.550000 0.150000 0.458631 0.010940 1.459416
1.600000 0.150000 0.452058 0.011296 1.430099
1.650000 0.150000 0.445368 0.011727 1.401247
1.700000 0.150000 0.438584 0.012159 1.373192
1.750000 0.150000 0.431716 0.012474 1.345668
1.800000 0.150000 0.425010 0.012463 1.319996
1.850000 0.150000 0.418463 0.011832 1.293796
1.900000 0.150000 0.413125 0.010044 1.273798
1.950000 0.150000 0.408137 0.006553 1.244813
2.000000 0.150000 0.408083 0.000000 1.244813

0.000000 0.200000 1.000000 0.000000 3.246403
0.050000 0.200000 1.033342 0.159136 3.246403
0.100000 0.200000 1.064847 0.229584 3.123884
0.150000 0.200000 1.076413 0.251221 2.995098
0.200000 0.200000 1.070286 0.240885 2.837966
0.250000 0.200000 1.048915 0.217254 2.702207
0.300000 0.200000 1.019283 0.189119 2.578141
0.350000 0.200000 0.985480 0.161793 2.473086
0.400000 0.200000 0.950887 0.137343 2.382394
0.450000 0.200000 0.917292 0.116456 2.304676
0.500000 0.200000 0.885717 0.099025 2.237013
0.550000 0.200000 0.856561 0.084654 2.177440
0.600000 0.200000 0.829907 0.072858 2.124142
0.650000 0.200000 0.805652 0.063173 2.075760
0.700000 0.200000 0.783612 0.055196 2.031206
0.750000 0.200000 0.763570 0.048591 1.989642
0.800000 0.200000 0.745311 0.043089 1.950418
0.850000 0.200000 0.728630 0.038477 1.913030
0.900000 0.200000 0.713343 0.034590 1.877085
0.950000 0.200000 0.699284 0.031299 1.842277
1.000000 0.200000 0.686303 0.028506 1.808367
1.050000 0.200000 0.674268 0.026134 1.775167
1.100000 0.200000 0.663056 0.024129 1.742532
1.150000 0.200000 0.652557 0.022448 1.710349
1.200000 0.200000 0.642666 0.021061 1.678534
1.250000 0.200000 0.633287 0.019946 1.647024
1.300000 0.200000 0.624326 0.019088 1.615777
1.350000 0.200000 0.615694 0.018477 1.584768
1.400000 0.200000 0.607305 0.018105 1.553989
1.450000 0.200000 0.599078 0.017962 1.523445
1.500000 0.200000 0.590940 0.018037 1.493165
1.550000 0.200000 0.582826 0.018307 1.463176
1.600000 0.200000 0.574692 0.018729 1.433570
1.650000 0.200000 0.566511 0.019233 1.404342
1.700000 0.200000 0.558322 0.019697 1.375795
1.750000 0.200000 0.550159 0.019931 1.347573
1.800000 0.200000 0.542307 0.019622 1.321021
1.850000 0.200000 0.534780 0.018327 1.293475
1.900000 0.200000 0.528721 0.015315 1.272211
1.950000 0.200000 0.523173 0.009752 1.240529
2.000000 0.200000 0.523102 0.000000 1.240529

0.000000 0.250000 1.000000 0.000000 2.988443
0.050000 0.250000 1.028199 0.126150 2.988443
0.100000 0.250000 1.062070 0.200383 2.949015
0.150000 0.250000 1.089901 0.235907 2.866681
0.200000 0.250000 1.104664 0.241845 2.760301
0.250000 0.250000 1.105695 0.231052 2.655761
0.300000 0.250000 1.096136 0.211535 2.554555
0.350000 0.250000 1.079032 0.189008 2.463327
0.400000 0.250000 1.057401 0.166568 2.381298
0.450000 0.250000 1.033401 0.145846 2.308522
0.500000 0.250000 1.008586 0.127479 2.243597
0.550000 0.250000 0.983940 0.111585 2.185373
0.600000 0.250000 0.960065 0.098010 2.132619
0.650000 0.250000 0.937288 0.086488 2.084313
0.700000 0.250000 0.915767 0.076725 2.039576
0.750000 0.250000 0.895548 0.068444 1.997695
0.800000 0.250000 0.876614 0.061401 1.958092
0.850000 0.250000 0.858909 0.055388 1.920301
0.900000 0.250000 0.842359 0.050237 1.883953
0.950000 0.250000 0.826878 0.045814 1.848753
1.000000 0.250000 0.812376 0.042011 1.814466
1.050000 0.250000 0.798762 0.038746 1.780908
1.100000 0.250000 0.785946 0.035956 1.747932
1.150000 0.250000 0.773838 0.033592 1.715425
1.200000 0.250000 0.762351 0.031621 1.683301
1.250000 0.250000 0.751398 0.030016 1.651495
1.300000 0.250000 0.740892 0.028758 1.619960
1.350000 0.250000 0.730751 0.027835 1.588667
1.400000 0.250000 0.720893 0.027234 1.557601
1.450000 0.250000 0.711243 0.026940 1.526760
1.500000 0.250000 0.701730 0.026931 1.496160
1.550000 0.250000 0.692297 0.027168 1.465813
1.600000 0.250000 0.682910 0.027587 1.435789
1.650000 0.250000 0.673550 0.028080 1.406060
1.700000 0.250000 0.664274 0.028473 1.376902
1.750000 0.250000 0.655130 0.028498 1.347902
1.800000 0.250000 0.646427 0.027736 1.320437
1.850000 0.250000 0.638181 0.025593 1.291633
1.900000 0.250000 0.631597 0.021145 1.269232
1.950000 0.250000 0.625626 0.013265 1.235294
2.000000 0.250000 0.625539 0.000000 1.235294

0.000000 0.300000 1.000000 0.000000 2.809824
0.050000 0.300000 1.021703 0.098692 2.809824
0.100000 0.300000 1.052613 0.167607 2.808918
0.150000 0.300000 1.086068 0.208520 2.758492
0.200000 0.300000 1.112408 0.225386 2.688120
0.250000 0.300000 1.128845 0.225868 2.609282
0.300000 0.300000 1.135444 0.215980 2.528017
0.350000 0.300000 1.133589 0.200652 2.450031
0.400000 0.300000 1.125252 0.183103 2.376848
0.450000 0.300000 1.112257 0.165370 2.309564
0.500000 0.300000 1.096175 0.148571 2.247966
0.550000 0.300000 1.078214 0.133245 2.191631
0.600000 0.300000 1.059276 0.119568 2.139870
0.650000 0.300000 1.040001 0.107519 2.092000
0.700000 0.300000 1.020830 0.096977 2.047364
0.750000 0.300000 1.002057 0.087779 2.005385
0.800000 0.300000 0.983869 0.079758 1.965569
0.850000 0.300000 0.966376 0.072759 1.927502
0.900000 0.300000 0.949632 0.066645 1.890843
0.950000 0.300000 0.933656 0.061303 1.855315
1.000000 0.300000 0.918437 0.056640 1.820693
1.050000 0.300000 0.903945 0.052581 1.786797
1.100000 0.300000 0.890138 0.049068 1.753486
1.150000 0.300000 0.876964 0.046057 1.720645
1.200000 0.300000 0.864361 0.043514 1.688188
1.250000 0.300000 0.852266 0.041417 1.656049
1.300000 0.300000 0.840610 0.039746 1.624180
1.350000 0.300000 0.829324 0.038486 1.592546
1.400000 0.300000 0.818339 0.037623 1.561130
1.450000 0.300000 0.807589 0.037136 1.529919
1.500000 0.300000 0.797015 0.036993 1.498922
1.550000 0.300000 0.786569 0.037138 1.468136
1.600000 0.300000 0.776224 0.037484 1.437620
1.650000 0.300000 0.765975 0.037885 1.407320
1.700000 0.300000 0.755885 0.038113 1.377500
1.750000 0.300000 0.746013 0.037823 1.347700
1.800000 0.300000 0.736680 0.036492 1.319330
1.850000 0.300000 0.727899 0.033374 1.289340
1.900000 0.300000 0.720916 0.027350 1.265884
1.950000 0.300000 0.714605 0.016996 1.229939
2.000000 0.300000 0.714504 0.000000 1.229939

0.000000 0.350000 1.000000 0.000000 2.692040
0.050000 0.350000 1.016547 0.075949 2.692040
0.100000 0.350000 1.043267 0.135572 2.706091
0.150000 0.350000 1.076949 0.176325 2.674150
0.200000 0.350000 1.108338 0.199173 2.626084
0.250000 0.350000 1.133798 0.208034 2.565511
0.300000 0.350000 1.151526 0.206819 2.499583
0.350000 0.350000 1.161458 0.199186 2.432865
0.400000 0.350000 1.164424 0.187889 2.367878
0.450000 0.350000 1.161606 0.174904 2.306220
0.500000 0.350000 1.154257 0.161506 2.248416
0.550000 0.350000 1.143524 0.148469 2.194554
0.600000 0.350000 1.130385 0.136211 2.144365
0.650000 0.350000 1.115632 0.124924 2.097455
0.700000 0.350000 1.099888 0.114661 2.053371
0.750000 0.350000 1.083627 0.105399 2.011670
0.800000 0.350000 1.067200 0.097078 1.971949
0.850000 0.350000 1.050864 0.089621 1.933851
0.900000 0.350000 1.034796 0.082954 1.897076
0.950000 0.350000 1.019116 0.077007 1.861370
1.000000 0.350000 1.003897 0.071720 1.826525
1.050000 0.350000 0.989176 0.067043 1.792373
1.100000 0.350000 0.974965 0.062937 1.758779
1.150000 0.350000 0.961256 0.059370 1.725633
1.200000 0.350000 0.948022 0.056319 1.692851
1.250000 0.350000 0.935230 0.053767 1.660369
1.300000 0.350000 0.922834 0.051700 1.628138
1.350000 0.350000 0.910785 0.050106 1.596123
1.400000 0.350000 0.899032 0.048968 1.564301
1.450000 0.350000 0.887522 0.048263 1.532659
1.500000 0.350000 0.876209 0.047950 1.501197
1.550000 0.350000 0.865055 0.047959 1.469907
1.600000 0.350000 0.854043 0.048177 1.438837
1.650000 0.350000 0.843174 0.048423 1.407922
1.700000 0.350000 0.832518 0.048417 1.377421
1.750000 0.350000 0.822133 0.047737 1.346842
1.800000 0.350000 0.812349 0.045755 1.317634
1.850000 0.350000 0.803171 0.041576 1.286601
1.900000 0.350000 0.795879 0.033879 1.262245
1.950000 0.350000 0.789287 0.020927 1.224599
2.000000 0.350000 0.789176 0.000000 1.224599

0.000000 0.400000 1.000000 0.000000 2.610688
0.050000 0.400000 1.012948 0.057457 2.610688
0.100000 0.400000 1.035808 0.106462 2.629688
0.150000 0.400000 1.067493 0.143628 2.608869
0.200000 0.400000 1.100091 0.168526 2.574822
0.250000 0.400000 1.129915 0.182719 2.527125
0.300000 0.400000 1.154271 0.188361 2.472634
0.350000 0.400000 1.172130 0.187784 2.414971
0.400000 0.400000 1.183414 0.182984 2.356983
0.450000 0.400000 1.188659 0.175558 2.300476
0.500000 0.400000 1.188701 0.166670 2.246399
0.550000 0.400000 1.184470 0.157130 2.195170
0.600000 0.400000 1.176870 0.147470 2.146818
0.650000 0.400000 1.166715 0.138025 2.101166
0.700000 0.400000 1.154699 0.128989 2.057925
0.750000 0.400000 1.141395 0.120472 2.016767
0.800000 0.400000 1.127262 0.112525 1.977371
0.850000 0.400000 1.112657 0.105166 1.939437
0.900000 0.400000 1.097854 0.098395 1.902702
0.950000 0.400000 1.083052 0.092205 1.866942
1.000000 0.400000 1.068396 0.086581 1.831969
1.050000 0.400000 1.053985 0.081513 1.797627
1.100000 0.400000 1.039881 0.076988 1.763793
1.150000 0.400000 1.026116 0.073000 1.730365
1.200000 0.400000 1.012704 0.069540 1.697263
1.250000 0.400000 0.999638 0.066605 1.664428
1.300000 0.400000 0.986902 0.064190 1.631811
1.350000 0.400000 0.974467 0.062288 1.599379
1.400000 0.400000 0.962302 0.060886 1.567110
1.450000 0.400000 0.950371 0.059958 1.534987
1.500000 0.400000 0.938641 0.059458 1.503012
1.550000 0.400000 0.927084 0.059304 1.471170
1.600000 0.400000 0.915691 0.059361 1.439511
1.650000 0.400000 0.904464 0.059415 1.407963
1.700000 0.400000 0.893474 0.059136 1.376790
1.750000 0.400000 0.882778 0.058028 1.345481
1.800000 0.400000 0.872703 0.055356 1.315524
1.850000 0.400000 0.863246 0.050075 1.283601
1.900000 0.400000 0.855721 0.040648 1.258508
1.950000 0.400000 0.848897 0.025012 1.219442
2.000000 0.400000 0.848780 0.000000 1.219442

0.000000 0.450000 1.000000 0.000000 2.556202
0.050000 0.450000 1.010648 0.041989 2.556202
0.100000 0.450000 1.030528 0.080376 2.575846
0.150000 0.450000 1.059681 0.112272 2.561017
0.200000 0.450000 1.091491 0.136725 2.534935
0.250000 0.450000 1.122568 0.153905 2.495428
0.300000 0.450000 1.149965 0.164635 2.448691
0.350000 0.450000 1.172168 0.170071 2.397668
0.400000 0.450000 1.188544 0.171384 2.345185
0.450000 0.450000 1.199152 0.169636 2.293055
0.500000 0.450000 1.204463 0.165713 2.242400
0.550000 0.450000 1.205166 0.160316 2.193800
0.600000 0.450000 1.202026 0.153982 2.147446
0.650000 0.450000 1.195792 0.147110 2.103296
0.700000 0.450000 1.187150 0.139995 2.061168
0.750000 0.450000 1.176696 0.132850 2.020820
0.800000 0.450000 1.164929 0.125829 1.981990
0.850000 0.450000 1.152260 0.119044 1.944430
0.900000 0.450000 1.139011 0.112574 1.907912
0.950000 0.450000 1.125436 0.106478 1.872241
1.000000 0.450000 1.111726 0.100801 1.837250
1.050000 0.450000 1.098022 0.095573 1.802802
1.100000 0.450000 1.084427 0.090819 1.768786
1.150000 0.450000 1.071007 0.086559 1.735110
1.200000 0.450000 1.057806 0.082809 1.701705
1.250000 0.450000 1.044847 0.079581 1.668514
1.300000 0.450000 1.032136 0.076883 1.635497
1.350000 0.450000 1.019670 0.074717 1.602621
1.400000 0.450000 1.007434 0.073076 1.569868
1.450000 0.450000 0.995409 0.071935 1.537221
1.500000 0.450000 0.983576 0.071247 1.504684
1.550000 0.450000 0.971916 0.070920 1.472247
1.600000 0.450000 0.960422 0.070804 1.439961
1.650000 0.450000 0.949096 0.070655 1.407758
1.700000 0.450000 0.938006 0.070095 1.375914
1.750000 0.450000 0.927197 0.068555 1.343906
1.800000 0.450000 0.916991 0.065194 1.313273
1.850000 0.450000 0.907371 0.058806 1.280581
1.900000 0.450000 0.899686 0.047627 1.254893
1.950000 0.450000 0.892673 0.029245 1.214630
2.000000 0.450000 0.892555 0.000000 1.214630

0.000000 0.500000 1.000000 0.000000 2.520781
0.050000 0.500000 1.009367 0.028491 2.520781
0.100000 0.500000 1.027231 0.056775 2.539145
0.150000 0.500000 1.054037 0.082821 2.526818
0.200000 0.500000 1.084085 0.105544 2.504419
0.250000 0.500000 1.114350 0.124243 2.469382
0.300000 0.500000 1.142003 0.138737 2.427274
0.350000 0.500000 1.165432 0.149187 2.380647
0.400000 0.500000 1.183795 0.155981 2.332148
0.450000 0.500000 1.196912 0.159618 2.283497
0.500000 0.500000 1.205028 0.160633 2.235810
0.550000 0.500000 1.208646 0.159543 2.189694
0.600000 0.500000 1.208389 0.156820 2.145388
0.650000 0.500000 1.204907 0.152875 2.102901
0.700000 0.500000 1.198821 0.148061 2.062101
0.750000 0.500000 1.190691 0.142667 2.022791
0.800000 0.500000 1.181001 0.136936 1.984752
0.850000 0.500000 1.170159 0.131059 1.947769
0.900000 0.500000 1.158496 0.125194 1.911646
0.950000 0.500000 1.146280 0.119465 1.876215
1.000000 0.500000 1.133720 0.113970 1.841330
1.050000 0.500000 1.120978 0.108788 1.806876
1.100000 0.500000 1.108177 0.103980 1.772754
1.150000 0.500000 1.095407 0.099596 1.738889
1.200000 0.500000 1.082733 0.095677 1.705221
1.250000 0.500000 1.070200 0.092252 1.671702
1.300000 0.500000 1.057834 0.089344 1.638298
1.350000 0.500000 1.045651 0.086968 1.604982
1.400000 0.500000 1.033656 0.085124 1.571738
1.450000 0.500000 1.021843 0.083794 1.538555
1.500000 0.500000 1.010206 0.082930 1.505442
1.550000 0.500000 0.998731 0.082438 1.472393
1.600000 0.500000 0.987415 0.082157 1.439469
1.650000 0.500000 0.976254 0.081817 1.406610
1.700000 0.500000 0.965303 0.081000 1.374114
1.750000 0.500000 0.954589 0.079067 1.341455
1.800000 0.500000 0.944421 0.075063 1.310233
1.850000 0.500000 0.934765 0.067615 1.276907
1.900000 0.500000 0.926997 0.054706 1.250794
1.950000 0.500000 0.919840 0.033561 1.209600
2.000000 0.500000 0.919724 0.000000 1.209600

0.000000 0.550000 1.000000 0.000000 2.503877
0.050000 0.550000 1.008897 0.016246 2.503877
0.100000 0.550000 1.025608 0.035224 2.520174
0.150000 0.550000 1.050418 0.055675 2.507698
0.200000 0.550000 1.078097 0.076435 2.485533
0.250000 0.550000 1.105959 0.096097 2.451736
0.300000 0.550000 1.131534 0.113638 2.411428
0.350000 0.550000 1.153416 0.128371 2.367048
0.400000 0.550000 1.170865 0.139991 2.321005
0.450000 0.550000 1.183699 0.148488 2.274853
0.500000 0.550000 1.192102 0.154060 2.229576
0.550000 0.550000 1.196475 0.157034 2.185688
0.600000 0.550000 1.197328 0.157797 2.143375
0.650000 0.550000 1.195200 0.156753 2.102617
0.700000 0.550000 1.190616 0.154284 2.063277
0.750000 0.550000 1.184052 0.150742 2.025166
0.800000 0.550000 1.175929 0.146433 1.988080
0.850000 0.550000 1.166604 0.141620 1.951826
0.900000 0.550000 1.156376 0.136523 1.916232
0.950000 0.550000 1.145489 0.131324 1.881151
1.000000 0.550000 1.134143 0.126171 1.846462
1.050000 0.550000 1.122494 0.121183 1.812067
1.100000 0.550000 1.110668 0.116456 1.777889
1.150000 0.550000 1.098763 0.112068 1.743865
1.200000 0.550000 1.086854 0.108081 1.709949
1.250000 0.550000 1.075000 0.104543 1.676102
1.300000 0.550000 1.063243 0.101493 1.642299
1.350000 0.550000 1.051615 0.098956 1.608519
1.400000 0.550000 1.040134 0.096942 1.574751
1.450000 0.550000 1.028811 0.095442 1.540988
1.500000 0.550000 1.017648 0.094414 1.507244
1.550000 0.550000 1.006638 0.093766 1.473517
1.600000 0.550000 0.995776 0.093331 1.439881
1.650000 0.550000 0.985048 0.092825 1.406283
1.700000 0.550000 0.974491 0.091791 1.373049
1.750000 0.550000 0.964104 0.089526 1.339652
1.800000 0.550000 0.954171 0.084958 1.307769
1.850000 0.550000 0.944625 0.076531 1.273742
1.900000 0.550000 0.936871 0.061948 1.247176
1.950000 0.550000 0.929610 0.038029 1.205003
2.000000 0.550000 0.929501 0.000000 1.205003

0.000000 0.600000 1.000000 0.000000 2.499855
0.050000 0.600000 1.009181 0.004063 2.499855
0.100000 0.600000 1.025413 0.014560 2.511777
0.150000 0.600000 1.048269 0.030299 2.496145
0.200000 0.600000 1.072742 0.049754 2.470708
0.250000 0.600000 1.096509 0.070633 2.435164
0.300000 0.600000 1.117699 0.091091 2.394159
0.350000 0.600000 1.135387 0.109677 2.350215
0.400000 0.600000 1.149197 0.125519 2.305377
0.450000 0.600000 1.159143 0.138205 2.260958
0.500000 0.600000 1.165476 0.147684 2.217675
0.550000 0.600000 1.168564 0.154146 2.175854
0.600000 0.600000 1.168828 0.157925 2.135537
0.650000 0.600000 1.166689 0.159420 2.096613
0.700000 0.600000 1.162544 0.159043 2.058894
0.750000 0.600000 1.156750 0.157191 2.022168
0.800000 0.600000 1.149621 0.154223 1.986229
0.850000 0.600000 1.141428 0.150454 1.950892
0.900000 0.600000 1.132399 0.146152 1.916005
0.950000 0.600000 1.122725 0.141544 1.881440
1.000000 0.600000 1.112567 0.136813 1.847098
1.050000 0.600000 1.102058 0.132112 1.812903
1.100000 0.600000 1.091307 0.127563 1.778796
1.150000 0.600000 1.080407 0.123265 1.744732
1.200000 0.600000 1.069433 0.119297 1.710677
1.250000 0.600000 1.058451 0.115722 1.676606
1.300000 0.600000 1.047512 0.112592 1.642500
1.350000 0.600000 1.036660 0.109942 1.608345
1.400000 0.600000 1.025928 0.107795 1.574136
1.450000 0.600000 1.015338 0.106149 1.539868
1.500000 0.600000 1.004902 0.104975 1.505558
1.550000 0.600000 0.994620 0.104187 1.471211
1.600000 0.600000 0.984483 0.103623 1.436910
1.650000 0.600000 0.974464 0.102993 1.402612
1.700000 0.600000 0.964575 0.101815 1.368679
1.750000 0.600000 0.954774 0.099326 1.334584
1.800000 0.600000 0.945306 0.094336 1.302115
1.850000 0.600000 0.936049 0.085096 1.267492
1.900000 0.600000 0.928421 0.068986 1.240671
1.950000 0.600000 0.921110 0.042407 1.197851
2.000000 0.600000 0.921012 0.000000 1.197851

0.000000 0.650000 1.000000 0.000000 2.524164
0.050000 0.650000 1.010041 -0.007543 2.524164
0.100000 0.650000 1.026027 -0.003874 2.529866
0.150000 0.650000 1.046263 0.008946 2.508314
0.200000 0.650000 1.065977 0.028628 2.475884
0.250000 0.650000 1.083396 0.051620 2.435518
0.300000 0.650000 1.097609 0.075219 2.391200
0.350000 0.650000 1.108435 0.097323 2.345788
0.400000 0.650000 1.116066 0.116675 2.300796
0.450000 0.650000 1.120829 0.132638 2.257208
0.500000 0.650000 1.123098 0.145060 2.215341
0.550000 0.650000 1.123224 0.154096 2.175232
0.600000 0.650000 1.121525 0.160081 2.136700
0.650000 0.650000 1.118273 0.163441 2.099489
0.700000 0.650000 1.113707 0.164622 2.063319
0.750000 0.650000 1.108028 0.164058 2.027928
0.800000 0.650000 1.101412 0.162144 1.993094
0.850000 0.650000 1.094011 0.159226 1.958632
0.900000 0.650000 1.085957 0.155605 1.924400
0.950000 0.650000 1.077366 0.151529 1.890291
1.000000 0.650000 1.068342 0.147206 1.856227
1.050000 0.650000 1.058976 0.142805 1.822153
1.100000 0.650000 1.049352 0.138463 1.788028
1.150000 0.650000 1.039546 0.134292 1.753828
1.200000 0.650000 1.029626 0.130380 1.719532
1.250000 0.650000 1.019657 0.126802 1.685126
1.300000 0.650000 1.009697 0.123615 1.650600
1.350000 0.650000 0.999799 0.120864 1.615945
1.400000 0.650000 0.990008 0.118581 1.581154
1.450000 0.650000 0.980360 0.116777 1.546225
1.500000 0.650000 0.970878 0.115434 1.511168
1.550000 0.650000 0.961569 0.114481 1.475982
1.600000 0.650000 0.952424 0.113770 1.440750
1.650000 0.650000 0.943402 0.113017 1.405418
1.700000 0.650000 0.934487 0.111729 1.370373
1.750000 0.650000 0.925582 0.109096 1.335061
1.800000 0.650000 0.916874 0.103812 1.301396
1.850000 0.650000 0.908146 0.093920 1.265406
1.900000 0.650000 0.900817 0.076420 1.237599
1.950000 0.650000 0.893489 0.047195 1.192944
2.000000 0.650000 0.893405 0.000000 1.192944

0.000000 0.700000 1.000000 0.000000 2.550182
0.050000 0.700000 1.011464 -0.021653 2.550182
0.100000 0.700000 1.026679 -0.023106 2.538414
0.150000 0.700000 1.041964 -0.010654 2.505512
0.200000 0.700000 1.053880 0.011515 2.461009
0.250000 0.700000 1.061649 0.037923 2.413145
0.300000 0.700000 1.065819 0.064999 2.363843
0.350000 0.700000 1.067133 0.090183 2.316215
0.400000 0.700000 1.066416 0.112110 2.270789
0.450000 0.700000 1.064270 0.130173 2.228049
0.500000 0.700000 1.061125 0.144305 2.187763
0.550000 0.700000 1.057241 0.154750 2.149608
0.600000 0.700000 1.052766 0.161920 2.113139
0.650000 0.700000 1.047775 0.166294 2.077936
0.700000 0.700000 1.042304 0.168357 2.043620
0.750000 0.700000 1.036372 0.168566 2.009879
0.800000 0.700000 1.029993 0.167332 1.976471
0.850000 0.700000 1.023184 0.165013 1.943214
0.900000 0.700000 1.015968 0.161914 1.909978
0.950000 0.700000 1.008376 0.158288 1.876676
1.000000 0.700000 1.000446 0.154346 1.843252
1.050000 0.700000 0.992223 0.150258 1.809671
1.100000 0.700000 0.983757 0.146164 1.775916
1.150000 0.700000 0.975103 0.142175 1.741975
1.200000 0.700000 0.966318 0.138384 1.707846
1.250000 0.700000 0.957465 0.134864 1.673524
1.300000 0.700000 0.948605 0.131677 1.639006
1.350000 0.700000 0.939797 0.128874 1.604286
1.400000 0.700000 0.931101 0.126491 1.569358
1.450000 0.700000 0.922564 0.124553 1.534213
1.500000 0.700000 0.914226 0.123056 1.498857
1.550000 0.700000 0.906104 0.121951 1.463277
1.600000 0.700000 0.898196 0.121114 1.427551
1.650000 0.700000 0.890450 0.120288 1.391614
1.700000 0.700000 0.882822 0.118991 1.355885
1.750000 0.700000 0.875149 0.116395 1.319781
1.800000 0.700000 0.867537 0.111099 1.285413
1.850000 0.700000 0.859623 0.100939 1.248611
1.900000 0.700000 0.852781 0.082488 1.220615
1.950000 0.700000 0.845524 0.051137 1.175488
2.000000 0.700000 0.845458 0.000000 1.175488

0.000000 0.750000 1.000000 0.000000 2.667642
0.050000 0.750000 1.011998 -0.031023 2.667642
0.100000 0.750000 1.023961 -0.031859 2.630555
0.150000 0.750000 1.029795 -0.015581 2.581081
0.200000 0.750000 1.029238 0.011634 2.517462
0.250000 0.750000 1.023181 0.042234 2.457594
0.300000 0.750000 1.014170 0.072250 2.399841
0.350000 0.750000 1.003824 0.099161 2.347751
0.400000 0.750000 0.993430 0.121930 2.300319
0.450000 0.750000 0.983620 0.140277 2.257310
0.500000 0.750000 0.974677 0.154405 2.217726
0.550000 0.750000 0.966609 0.164741 2.180773
0.600000 0.750000 0.959295 0.171807 2.145666
0.650000 0.750000 0.952546 0.176136 2.111782
0.700000 0.750000 0.946168 0.178233 2.078623
0.750000 0.750000 0.939978 0.178550 2.045818
0.800000 0.750000 0.933827 0.177485 2.013103
0.850000 0.750000 0.927598 0.175375 1.980296
0.900000 0.750000 0.921211 0.172507 1.947285
0.950000 0.750000 0.914614 0.169114 1.914002
1.000000 0.750000 0.907785 0.165390 1.880417
1.050000 0.750000 0.900724 0.161493 1.846519
1.100000 0.750000 0.893450 0.157549 1.812313
1.150000 0.750000 0.885998 0.153661 1.777809
1.200000 0.750000 0.878415 0.149914 1.743019
1.250000 0.750000 0.870757 0.146376 1.707949
1.300000 0.750000 0.863089 0.143107 1.672603
1.350000 0.750000 0.855478 0.140156 1.636973
1.400000 0.750000 0.847995 0.137565 1.601047
1.450000 0.750000 0.840705 0.135363 1.564797
1.500000 0.750000 0.833667 0.133564 1.528199
1.550000 0.750000 0.826917 0.132142 1.491198
1.600000 0.750000 0.820470 0.131004 1.453816
1.650000 0.750000 0.814279 0.129934 1.415901
1.700000 0.750000 0.808285 0.128487 1.377812
1.750000 0.750000 0.802258 0.125847 1.338796
1.800000 0.750000 0.796211 0.120551 1.301080
1.850000 0.750000 0.789554 0.110227 1.259951
1.900000 0.750000 0.783588 0.090930 1.228003
1.950000 0.750000 0.776367 0.057169 1.175971
2.000000 0.750000 0.776320 0.000000 1.175971

0.000000 0.800000 1.000000 0.000000 2.692202
0.050000 0.800000 1.009391 -0.050797 2.692202
0.100000 0.800000 1.011982 -0.046938 2.584048
0.150000 0.800000 0.998992 -0.022401 2.509890
0.200000 0.800000 0.979015 0.012132 2.422374
0.250000 0.800000 0.954637 0.046955 2.352171
0.300000 0.800000 0.930307 0.078550 2.288701
0.350000 0.800000 0.907746 0.105202 2.235326
0.400000 0.800000 0.888069 0.126708 2.188725
0.450000 0.800000 0.871440 0.143397 2.147874
0.500000 0.800000 0.857677 0.155862 2.111034
0.550000 0.800000 0.846358 0.164743 2.077046
0.600000 0.800000 0.837002 0.170656 2.044893
0.650000 0.800000 0.829134 0.174154 2.013837
0.700000 0.800000 0.822329 0.175720 1.983326
0.750000 0.800000 0.816229 0.175766 1.952975
0.800000 0.800000 0.810547 0.174637 1.922524
0.850000 0.800000 0.805059 0.172624 1.891809
0.900000 0.800000 0.799606 0.169964 1.860738
0.950000 0.800000 0.794075 0.166854 1.829266
1.000000 0.800000 0.788399 0.163452 1.797384
1.050000 0.800000 0.782546 0.159888 1.765102
1.100000 0.800000 0.776511 0.156265 1.732442
1.150000 0.800000 0.770314 0.152667 1.699427
1.200000 0.800000 0.763993 0.149164 1.666080
1.250000 0.800000 0.757600 0.145813 1.632418
1.300000 0.800000 0.751201 0.142664 1.598446
1.350000 0.800000 0.744869 0.139762 1.564159
1.400000 0.800000 0.738686 0.137147 1.529537
1.450000 0.800000 0.732732 0.134854 1.494544
1.500000 0.800000 0.727087 0.132908 1.459140
1.550000 0.800000 0.721813 0.131311 1.423242
1.600000 0.800000 0.716955 0.130014 1.386848
1.650000 0.800000 0.712486 0.128862 1.349765
1.700000 0.800000 0.708354 0.127497 1.312352
1.750000 0.800000 0.704278 0.125190 1.273785
1.800000 0.800000 0.700171 0.120515 1.236561
1.850000 0.800000 0.695151 0.111006 1.195683
1.900000 0.800000 0.690310 0.092237 1.165109
1.950000 0.800000 0.683370 0.058288 1.115243
2.000000 0.800000 0.683342 0.000000 1.115243

0.000000 0.850000 1.000000 0.000000 3.149944
0.050000 0.850000 0.991391 -0.029983 3.149944
0.100000 0.850000 0.971699 -0.004143 2.937037
0.150000 0.850000 0.928791 0.031958 2.818535
0.200000 0.850000 0.883926 0.070907 2.686604
0.250000 0.850000 0.839682 0.104900 2.593492
0.300000 0.850000 0.801196 0.132870 2.515459
0.350000 0.850000 0.768873 0.154771 2.454892
0.400000 0.850000 0.742779 0.171416 2.404771
0.450000 0.850000 0.722094 0.183668 2.362552
0.500000 0.850000 0.705924 0.192343 2.325262
0.550000 0.850000 0.693334 0.198134 2.291102
0.600000 0.850000 0.683492 0.201615 2.258666
0.650000 0.850000 0.675682 0.203256 2.227026
0.700000 0.850000 0.669315 0.203442 2.195542
0.750000 0.850000 0.663921 0.202487 2.163809
0.800000 0.850000 0.659134 0.200652 2.131582
0.850000 0.850000 0.654680 0.198149 2.098731
0.900000 0.850000 0.650357 0.195152 2.065206
0.950000 0.850000 0.646027 0.191803 2.031009
1.000000 0.850000 0.641603 0.188218 1.996172
1.050000 0.850000 0.637035 0.184492 1.960749
1.100000 0.850000 0.632310 0.180699 1.924796
1.150000 0.850000 0.627438 0.176902 1.888370
1.200000 0.850000 0.622452 0.173151 1.851517
1.250000 0.850000 0.617401 0.169490 1.814273
1.300000 0.850000 0.612349 0.165956 1.776652
1.350000 0.850000 0.607372 0.162583 1.738648
1.400000 0.850000 0.602557 0.159404 1.700225
1.450000 0.850000 0.598000 0.156452 1.661308
1.500000 0.850000 0.593802 0.153752 1.621788
1.550000 0.850000 0.590058 0.151318 1.581467
1.600000 0.850000 0.586859 0.149129 1.540155
1.650000 0.850000 0.584233 0.147085 1.497365
1.700000 0.850000 0.582190 0.144915 1.453063
1.750000 0.850000 0.580465 0.141996 1.405731
1.800000 0.850000 0.578946 0.137011 1.357426
1.850000 0.850000 0.576386 0.127414 1.301184
1.900000 0.850000 0.573721 0.108232 1.253898
1.950000 0.850000 0.566589 0.071256 1.173616
2.000000 0.850000 0.566578 0.000000 1.173616

0.000000 0.900000 1.000000 0.000000 2.753352
0.050000 0.900000 0.927308 -0.065165 2.753352
0.100000 0.900000 0.862426 -0.018325 2.349293
0.150000 0.900000 0.777095 0.028385 2.221600
0.200000 0.900000 0.709011 0.067698 2.080399
0.250000 0.900000 0.651874 0.096483 1.996642
0.300000 0.900000 0.607596 0.117276 1.928971
0.350000 0.900000 0.573253 0.132033 1.879653
0.400000 0.900000 0.547186 0.142399 1.839915
0.450000 0.900000 0.527502 0.149525 1.807243
0.500000 0.900000 0.512749 0.154230 1.778721
0.550000 0.900000 0.501701 0.157095 1.752762
0.600000 0.900000 0.493392 0.158544 1.728151
0.650000 0.900000 0.487057 0.158892 1.704119
0.700000 0.900000 0.482100 0.158383 1.680152
0.750000 0.900000 0.478065 0.157207 1.655930
0.800000 0.900000 0.474603 0.155518 1.631266
0.850000 0.900000 0.471460 0.153438 1.606066
0.900000 0.900000 0.468452 0.151067 1.580300
0.950000 0.900000 0.465452 0.148488 1.553978
1.000000 0.900000 0.462380 0.145765 1.527133
1.050000 0.900000 0.459193 0.142954 1.499813
1.100000 0.900000 0.455876 0.140097 1.472070
1.150000 0.900000 0.452436 0.137231 1.443953
1.200000 0.900000 0.448900 0.134383 1.415502
1.250000 0.900000 0.445310 0.131580 1.386747
1.300000 0.900000 0.441722 0.128843 1.357703
1.350000 0.900000 0.438203 0.126195 1.328365
1.400000 0.900000 0.434834 0.123656 1.298705
1.450000 0.900000 0.431704 0.121251 1.268661
1.500000 0.900000 0.428920 0.119005 1.238149
1.550000 0.900000 0.426589 0.116943 1.207008
1.600000 0.900000 0.424831 0.115077 1.175104
1.650000 0.900000 0.423725 0.113385 1.142048
1.700000 0.900000 0.423350 0.111747 1.107929
1.750000 0.900000 0.423515 0.109800 1.071495
1.800000 0.900000 0.424139 0.106637 1.035109
1.850000 0.900000 0.423788 0.100190 0.992644
1.900000 0.900000 0.422886 0.085754 0.961037
1.950000 0.900000 0.416705 0.056244 0.907812
2.000000 0.900000 0.416706 0.000000 0.907812

0.000000 0.950000 1.000000 0.000000 4.891003
0.050000 0.950000 0.722846 0.193579 4.891003
0.100000 0.950000 0.613825 0.245615 3.969510
0.150000 0.950000 0.505812 0.267480 3.689494
0.200000 0.950000 0.437078 0.277111 3.442229
0.250000 0.950000 0.385910 0.283299 3.309282
0.300000 0.950000 0.350258 0.287056 3.214059
0.350000 0.950000 0.324579 0.289356 3.149614
0.400000 0.950000 0.306284 0.290446 3.100016
0.450000 0.950000 0.293162 0.290584 3.059449
0.500000 0.950000 0.283777 0.289912 3.023148
0.550000 0.950000 0.277050 0.288551 2.988609
0.600000 0.950000 0.272209 0.286592 2.954180
0.650000 0.950000 0.268679 0.284115 2.918935
0.700000 0.950000 0.266033 0.281190 2.882348
0.750000 0.950000 0.263958 0.277880 2.844175
0.800000 0.950000 0.262222 0.274243 2.804349
0.850000 0.950000 0.260658 0.270334 2.762919
0.900000 0.950000 0.259151 0.266200 2.720001
0.950000 0.950000 0.257622 0.261885 2.675752
1.000000 0.950000 0.256024 0.257427 2.630342
1.050000 0.950000 0.254332 0.252861 2.583942
1.100000 0.950000 0.252541 0.248214 2.536716
1.150000 0.950000 0.250659 0.243511 2.488805
1.200000 0.950000 0.248706 0.238772 2.440331
1.250000 0.950000 0.246712 0.234014 2.391383
1.300000 0.950000 0.244716 0.229250 2.342019
1.350000 0.950000 0.242765 0.224491 2.292252
1.400000 0.950000 0.240918 0.219744 2.242043
1.450000 0.950000 0.239247 0.215014 2.191274
1.500000 0.950000 0.237839 0.210303 2.139729
1.550000 0.950000 0.236802 0.205601 2.087002
1.600000 0.950000 0.236275 0.200886 2.032506
1.650000 0.950000 0.236405 0.196094 1.975070
1.700000 0.950000 0.237405 0.191094 1.913424
1.750000 0.950000 0.239321 0.185521 1.843949
1.800000 0.950000 0.242449 0.178686 1.765744
1.850000 0.950000 0.245465 0.168466 1.664559
1.900000 0.950000 0.249419 0.150431 1.560314
1.950000 0.950000 0.241814 0.109075 1.365624
2.000000 0.950000 0.241822 0.000000 1.365624

0.000000 1.000000 0.000000 0.000000 0.000000
0.050000 1.000000 0.000000 0.000000 0.000000
0.100000 1.000000 0.000000 0.000000 0.000000
0.150000 1.000000 0.000000 0.000000 0.000000
0.200000 1.000000 0.000000 0.000000 0.000000
0.250000 1.000000 0.000000 0.000000 0.000000
0.300000 1.000000 0.000000 0.000000 0.000000
0.350000 1.000000 0.000000 0.000000 0.000000
0.400000 1.000000 0.000000 0.000000 0.000000
0.450000 1.000000 0.000000 0.000000 0.000000
0.500000 1.000000 0.000000 0.000000 0.000000
0.550000 1.000000 0.000000 0.000000 0.000000
0.600000 1.000000 0.000000 0.000000 0.000000
0.650000 1.000000 0.000000 0.000000 0.000000
0.700000 1.000000 0.000000 0.000000 0.000000
0.750000 1.000000 0.000000 0.000000 0.000000
0.800000 1.000000 0.000000 0.000000 0.000000
0.850000 1.000000 0.000000 0.000000 0.000000
0.900000 1.000000 0.000000 0.000000 0.000000
0.950000 1.000000 0.000000 0.000000 0.000000
1.000000 1.000000 0.000000 0.000000 0.000000
1.050000 1.000000 0.000000 0.000000 0.000000
1.100000 1.000000 0.000000 0.000000 0.000000
1.150000 1.000000 0.000000 0.000000 0.000000
1.200000 1.000000 0.000000 0.000000 0.000000
1.250000 1.000000 0.000000 0.000000 0.000000
1.300000 1.000000 0.000000 0.000000 0.000000
1.350000 1.000000 0.000000 0.000000 0.000000
1.400000 1.000000 0.000000 0.000000 0.000000
1.450000 1.000000 0.000000 0.000000 0.000000
1.500000 1.000000 0.000000 0.000000 0.000000
1.550000 1.000000 0.000000 0.000000 0.000000
1.600000 1.000000 0.000000 0.000000 0.000000
1.650000 1.000000 0.000000 0.000000 0.000000
1.700000 1.000000 0.000000 0.000000 0.000000
1.750000 1.000000 0.000000 0.000000 0.000000
1.800000 1.000000 0.000000 0.000000 0.000000
1.850000 1.000000 0.000000 0.000000 0.000000
1.900000 1.000000 0.000000 0.000000 0.000000
1.950000 1.000000 0.000000 0.000000 0.000000
2.000000 1.000000 0.000000 0.000000 0.000000

