0.000000 0.000000 0.000000 0.000000 5.195179
0.050000 0.000000 0.000000 0.000000 5.195179
0.100000 0.000000 0.000000 0.000000 3.730085
0.150000 0.000000 0.000000 0.000000 3.240311
0.200000 0.000000 0.000000 0.000000 2.804608
0.250000 0.000000 0.000000 0.000000 2.567848
0.300000 0.000000 0.000000 0.000000 2.394727
0.350000 0.000000 0.000000 0.000000 2.277114
0.400000 0.000000 0.000000 0.000000 2.186935
0.450000 0.000000 0.000000 0.000000 2.116034
0.500000 0.000000 0.000000 0.000000 2.056819
0.550000 0.000000 0.000000 0.000000 2.005729
0.600000 0.000000 0.000000 0.000000 1.960178
0.650000 0.000000 0.000000 0.000000 1.918631
0.700000 0.000000 0.000000 0.000000 1.880009
0.750000 0.000000 0.000000 0.000000 1.843583
0.800000 0.000000 0.000000 0.000000 1.808825
0.850000 0.000000 0.000000 0.000000 1.775351
0.900000 0.000000 0.000000 0.000000 1.742874
0.950000 0.000000 0.000000 0.000000 1.711175
1.000000 0.000000 0.000000 0.000000 1.680085
1.050000 0.000000 0.000000 0.000000 1.649476
1.100000 0.000000 0.000000 0.000000 1.619246
1.150000 0.000000 0.000000 0.000000 1.589320
1.200000 0.000000 0.000000 0.000000 1.559642
1.250000 0.000000 0.000000 0.000000 1.530171
1.300000 0.000000 0.000000 0.000000 1.500886
1.350000 0.000000 0.000000 0.000000 1.471780
1.400000 0.000000 0.000000 0.000000 1.442862
1.450000 0.000000 0.000000 0.000000 1.414160
1.500000 0.000000 0.000000 0.000000 1.385729
1.550000 0.000000 0.000000 0.000000 1.357638
1.600000 0.000000 0.000000 0.000000 1.330027
1.650000 0.000000 0.000000 0.000000 1.303003
1.700000 0.000000 0.000000 0.000000 1.276927
1.750000 0.000000 0.000000 0.000000 1.251774
1.800000 0.000000 0.000000 0.000000 1.228727
1.850000 0.000000 0.000000 0.000000 1.206379
1.900000 0.000000 0.000000 0.000000 1.189796
1.950000 0.000000 0.000000 0.000000 1.168783
2.000000 0.000000 0.000000 0.000000 1.168783

0.000000 0.050000 1.000000 0.000000 5.195179
0.050000 0.050000 0.766290 0.138762 5.195179
0.100000 0.050000 0.689907 0.130929 3.730085
0.150000 0.050000 0.574358 0.104769 3.240311
0.200000 0.050000 0.495599 0.075941 2.804608
0.250000 0.050000 0.430689 0.054159 2.567848
0.300000 0.050000 0.382683 0.038687 2.394727
0.350000 0.050000 0.345504 0.028177 2.277114
0.400000 0.050000 0.316915 0.021024 2.186935
0.450000 0.050000 0.294405 0.016100 2.116034
0.500000 0.050000 0.276463 0.012632 2.056819
0.550000 0.050000 0.261909 0.010128 2.005729
0.600000 0.050000 0.249936 0.008276 1.960178
0.650000 0.050000 0.239948 0.006873 1.918631
0.700000 0.050000 0.231510 0.005790 1.880009
0.750000 0.050000 0.224300 0.004938 1.843583
0.800000 0.050000 0.218074 0.004259 1.808825
0.850000 0.050000 0.212646 0.003711 1.775351
0.900000 0.050000 0.207870 0.003264 1.742874
0.950000 0.050000 0.203632 0.002896 1.711175
1.000000 0.050000 0.199840 0.002592 1.680085
1.050000 0.050000 0.196419 0.002341 1.649476
1.100000 0.050000 0.193306 0.002134 1.619246
1.150000 0.050000 0.190447 0.001964 1.589320
1.200000 0.050000 0.187796 0.001828 1.559642
1.250000 0.050000 0.185312 0.001722 1.530171
1.300000 0.050000 0.182955 0.001644 1.500886
1.350000 0.050000 0.180691 0.001594 1.471780
1.400000 0.050000 0.178483 0.001570 1.442862
1.450000 0.050000 0.176299 0.001572 1.414160
1.500000 0.050000 0.174105 0.001602 1.385729
1.550000 0.050000 0.171867 0.001659 1.357638
1.600000 0.050000 0.169555 0.001744 1.330027
1.650000 0.050000 0.167135 0.001853 1.303003
1.700000 0.050000 0.164599 0.001979 1.276927
1.750000 0.050000 0.161913 0.002104 1.251774
1.800000 0.050000 0.159175 0.002190 1.228727
1.850000 0.050000 0.156302 0.002184 1.206379
1.900000 0.050000 0.153868 0.001937 1.189796
1.950000 0.050000 0.151271 0.001373 1.168783
2.000000 0.050000 0.151271 0.000000 1.168783

0.000000 0.100000 1.000000 0.000000 4.092945
0.050000 0.100000 0.972599 0.211355 4.092945
0.100000 0.100000 0.949079 0.220697 3.468656
0.150000 0.100000 0.877461 0.193606 3.174009
0.200000 0.100000 0.808536 0.153283 2.855433
0.250000 0.100000 0.739688 0.118300 2.645908
0.300000 0.100000 0.680074 0.090445 2.475712
0.350000 0.100000 0.628916 0.069623 2.349297
0.400000 0.100000 0.586280 0.054238 2.248264
0.450000 0.100000 0.550769 0.042902 2.167053
0.500000 0.100000 0.521227 0.034472 2.099112
0.550000 0.100000 0.496498 0.028127 2.040919
0.600000 0.100000 0.475653 0.023281 1.989687
0.650000 0.100000 0.457928 0.019527 1.943610
0.700000 0.100000 0.442724 0.016578 1.901366
0.750000 0.100000 0.429565 0.014231 1.862023
0.800000 0.100000 0.418078 0.012341 1.824899
0.850000 0.100000 0.407968 0.010804 1.789489
0.900000 0.100000 0.399000 0.009542 1.755416
0.950000 0.100000 0.390984 0.008499 1.722394
1.000000 0.100000 0.383765 0.007634 1.690202
1.050000 0.100000 0.377214 0.006915 1.658672
1.100000 0.100000 0.371223 0.006319 1.627676
1.150000 0.100000 0.365700 0.005829 1.597115
1.200000 0.100000 0.360562 0.005433 1.566916
1.250000 0.100000 0.355737 0.005122 1.537028
1.300000 0.100000 0.351156 0.004889 1.507419
1.350000 0.100000 0.346757 0.004731 1.478075
1.400000 0.100000 0.342482 0.004646 1.448999
1.450000 0.100000 0.338272 0.004631 1.420213
1.500000 0.100000 0.334073 0.004688 1.391761
1.550000 0.100000 0.329834 0.004813 1.363699
1.600000 0.100000 0.325511 0.005002 1.336148
1.650000 0.100000 0.321064 0.005243 1.309167
1.700000 0.100000 0.316494 0.005507 1.283081
1.750000 0.100000 0.311782 0.005747 1.257716
1.800000 0.100000 0.307094 0.005861 1.234258
1.850000 0.100000 0.302379 0.005713 1.210782
1.900000 0.100000 0.298462 0.004978 1.193009
1.950000 0.100000 0.294599 0.003410 1.168371
2.000000 0.100000 0.294599 0.000000 1.168371

0.000000 0.150000 1.000000 0.000000 3.565087
0.050000 0.150000 1.027434 0.188891 3.565087
0.100000 0.150000 1.044051 0.241018 3.249204
0.150000 0.150000 1.022487 0.241258 3.035788
0.200000 0.150000 0.985491 0.213412 2.798613
0.250000 0.150000 0.937336 0.179820 2.622455
0.300000 0.150000 0.888034 0.147611 2.473010
0.350000 0.150000 0.840724 0.120168 2.355674
0.400000 0.150000 0.797766 0.097801 2.258966
0.450000 0.150000 0.759597 0.080025 2.179123
0.500000 0.150000 0.726164 0.066011 2.111231
0.550000 0.150000 0.697006 0.054977 2.052420
0.600000 0.150000 0.671592 0.046253 2.000321
0.650000 0.150000 0.649379 0.039311 1.953313
0.700000 0.150000 0.629881 0.033741 1.910171
0.750000 0.150000 0.612675 0.029233 1.870003
0.800000 0.150000 0.597405 0.025554 1.832139
0.850000 0.150000 0.583772 0.022527 1.796076
0.900000 0.150000 0.571528 0.020018 1.761429
0.950000 0.150000 0.560465 0.017927 1.727905
1.000000 0.150000 0.550407 0.016179 1.695274
1.050000 0.150000 0.541207 0.014717 1.663361
1.100000 0.150000 0.532735 0.013497 1.632030
1.150000 0.150000 0.524879 0.012487 1.601176
1.200000 0.150000 0.517538 0.011663 1.570723
1.250000 0.150000 0.510621 0.011007 1.540613
1.300000 0.150000 0.504043 0.010508 1.510811
1.350000 0.150000 0.497727 0.010156 1.481298
1.400000 0.150000 0.491598 0.009945 1.452071
1.450000 0.150000 0.485587 0.009871 1.423145
1.500000 0.150000 0.479628 0.009929 1.394556
1.550000 0.150000 0.473662 0.010109 1.366344
1.600000 0.150000 0.467645 0.010395 1.338613
1.650000 0.150000 0.461540 0.010753 1.311391
1.700000 0.150000 0.455363 0.011124 1.284980
1.750000 0.150000 0.449118 0.011403 1.259129
1.800000 0.150000 0.443019 0.011403 1.235047
1.850000 0.150000 0.437052 0.010855 1.210534
1.900000 0.150000 0.432174 0.009254 1.191811
1.950000 0.150000 0.427582 0.006068 1.164812
2.000000 0.150000 0.427581 0.000000 1.164812

0.000000 0.200000 1.000000 0.000000 3.136435
0.050000 0.200000 1.033389 0.158976 3.136435
0.100000 0.200000 1.065000 0.229239 3.014058
0.150000 0.200000 1.076764 0.250681 2.885275
0.200000 0.200000 1.070924 0.240153 2.728118
0.250000 0.200000 1.049931 0.216340 2.592286
0.300000 0.200000 1.020764 0.188037 2.468136
0.350000 0.200000 0.987507 0.160561 2.363001
0.400000 0.200000 0.953532 0.135980 2.272250
0.450000 0.200000 0.920616 0.114983 2.194509
0.500000 0.200000 0.889774 0.097462 2.126868
0.550000 0.200000 0.861394 0.083021 2.067369
0.600000 0.200000 0.835549 0.071175 2.014204
0.650000 0.200000 0.812128 0.061459 1.966020
0.700000 0.200000 0.790935 0.053467 1.921728
0.750000 0.200000 0.771748 0.046865 1.880497
0.800000 0.200000 0.754344 0.041380 1.841678
0.850000 0.200000 0.738511 0.036799 1.804766
0.900000 0.200000 0.724060 0.032952 1.769372
0.950000 0.200000 0.710820 0.029711 1.735190
1.000000 0.200000 0.698638 0.026973 1.701981
1.050000 0.200000 0.687379 0.024660 1.669559
1.100000 0.200000 0.676919 0.022714 1.637779
1.150000 0.200000 0.667149 0.021088 1.606529
1.200000 0.200000 0.657965 0.019749 1.575725
1.250000 0.200000 0.649274 0.018670 1.545304
1.300000 0.200000 0.640987 0.017834 1.515225
1.350000 0.200000 0.633020 0.017225 1.485463
1.400000 0.200000 0.625295 0.016834 1.456008
1.450000 0.200000 0.617738 0.016650 1.426864
1.500000 0.200000 0.610283 0.016660 1.398057
1.550000 0.200000 0.602871 0.016846 1.369610
1.600000 0.200000 0.595461 0.017172 1.341603
1.650000 0.200000 0.588028 0.017581 1.314032
1.700000 0.200000 0.580601 0.017969 1.287165
1.750000 0.200000 0.573206 0.018171 1.260674
1.800000 0.200000 0.566091 0.017908 1.235786
1.850000 0.200000 0.559255 0.016772 1.210042
1.900000 0.200000 0.553737 0.014077 1.190154
1.950000 0.200000 0.548644 0.009013 1.160684
2.000000 0.200000 0.548644 0.000000 1.160684

0.000000 0.250000 1.000000 0.000000 2.878572
0.050000 0.250000 1.028250 0.125912 2.878572
0.100000 0.250000 1.062241 0.199872 2.839317
0.150000 0.250000 1.090299 0.235104 2.757001
0.200000 0.250000 1.105393 0.240749 2.650596
0.250000 0.250000 1.106866 0.229675 2.545962
0.300000 0.250000 1.097855 0.209895 2.444628
0.350000 0.250000 1.081400 0.187132 2.353260
0.400000 0.250000 1.060507 0.164485 2.271103
0.450000 0.250000 1.037322 0.143586 2.198228
0.500000 0.250000 1.013390 0.125075 2.133250
0.550000 0.250000 0.989681 0.109068 2.075030
0.600000 0.250000 0.966785 0.095410 2.022346
0.650000 0.250000 0.945019 0.083834 1.974180
0.700000 0.250000 0.924528 0.074044 1.929659
0.750000 0.250000 0.905351 0.065761 1.888071
0.800000 0.250000 0.887460 0.058736 1.848840
0.850000 0.250000 0.870794 0.052763 1.811502
0.900000 0.250000 0.855270 0.047667 1.775688
0.950000 0.250000 0.840798 0.043313 1.741101
1.000000 0.250000 0.827283 0.039588 1.707509
1.050000 0.250000 0.814633 0.036406 1.674726
1.100000 0.250000 0.802755 0.033700 1.642607
1.150000 0.250000 0.791560 0.031416 1.611036
1.200000 0.250000 0.780960 0.029514 1.579928
1.250000 0.250000 0.770873 0.027964 1.549218
1.300000 0.250000 0.761216 0.026741 1.518859
1.350000 0.250000 0.751912 0.025827 1.488822
1.400000 0.250000 0.742885 0.025207 1.459093
1.450000 0.250000 0.734068 0.024864 1.429666
1.500000 0.250000 0.725396 0.024776 1.400556
1.550000 0.250000 0.716818 0.024911 1.371772
1.600000 0.250000 0.708300 0.025214 1.343379
1.650000 0.250000 0.699826 0.025597 1.315344
1.700000 0.250000 0.691440 0.025910 1.287919
1.750000 0.250000 0.683180 0.025922 1.260718
1.800000 0.250000 0.675314 0.025257 1.234996
1.850000 0.250000 0.667845 0.023370 1.208103
1.900000 0.250000 0.661865 0.019395 1.187172
1.950000 0.250000 0.656396 0.012239 1.155639
2.000000 0.250000 0.656396 0.000000 1.155639

0.000000 0.300000 1.000000 0.000000 2.700094
0.050000 0.300000 1.021759 0.098369 2.700094
0.100000 0.300000 1.052800 0.166911 2.699391
0.150000 0.300000 1.086505 0.207422 2.649000
0.200000 0.300000 1.113214 0.223880 2.578614
0.250000 0.300000 1.130145 0.223962 2.499670
0.300000 0.300000 1.137360 0.213700 2.418246
0.350000 0.300000 1.136237 0.198033 2.340067
0.400000 0.300000 1.128735 0.180184 2.266687
0.450000 0.300000 1.116667 0.162197 2.199225
0.500000 0.300000 1.101588 0.145187 2.137493
0.550000 0.300000 1.084694 0.129694 2.081080
0.600000 0.300000 1.066872 0.115894 2.029311
0.650000 0.300000 1.048749 0.103763 1.981511
0.700000 0.300000 1.030755 0.093175 1.937028
0.750000 0.300000 1.013174 0.083967 1.895289
0.800000 0.300000 0.996181 0.075966 1.855800
0.850000 0.300000 0.979880 0.069014 1.818150
0.900000 0.300000 0.964317 0.062970 1.781996
0.950000 0.300000 0.949504 0.057716 1.747061
1.000000 0.300000 0.935428 0.053154 1.713120
1.050000 0.300000 0.922054 0.049203 1.679992
1.100000 0.300000 0.909339 0.045800 1.647532
1.150000 0.300000 0.897230 0.042895 1.615628
1.200000 0.300000 0.885666 0.040447 1.584192
1.250000 0.300000 0.874587 0.038425 1.553156
1.300000 0.300000 0.863927 0.036805 1.522473
1.350000 0.300000 0.853622 0.035565 1.492108
1.400000 0.300000 0.843609 0.034687 1.462043
1.450000 0.300000 0.833828 0.034148 1.432265
1.500000 0.300000 0.824225 0.033918 1.402782
1.550000 0.300000 0.814756 0.033951 1.373590
1.600000 0.300000 0.805397 0.034170 1.344740
1.650000 0.300000 0.796139 0.034455 1.316181
1.700000 0.300000 0.787036 0.034611 1.288149
1.750000 0.300000 0.778132 0.034338 1.260219
1.800000 0.300000 0.769711 0.033169 1.233674
1.850000 0.300000 0.761769 0.030421 1.205705
1.900000 0.300000 0.755435 0.025044 1.183810
1.950000 0.300000 0.749662 0.015660 1.150443
2.000000 0.300000 0.749662 0.000000 1.150443

0.000000 0.350000 1.000000 0.000000 2.582491
0.050000 0.350000 1.016607 0.075534 2.582491
0.100000 0.350000 1.043472 0.134674 2.596777
0.150000 0.350000 1.077429 0.174904 2.564888
0.200000 0.350000 1.109222 0.197213 2.516819
0.250000 0.350000 1.135224 0.205546 2.456136
0.300000 0.350000 1.153626 0.203831 2.390023
0.350000 0.350000 1.164355 0.195743 2.323067
0.400000 0.350000 1.168231 0.184044 2.257819
0.450000 0.350000 1.166420 0.170714 2.195907
0.500000 0.350000 1.160163 0.157032 2.137884
0.550000 0.350000 1.150588 0.143769 2.083858
0.600000 0.350000 1.138660 0.131343 2.033577
0.650000 0.350000 1.125158 0.119940 1.986657
0.700000 0.350000 1.110691 0.109611 1.942653
0.750000 0.350000 1.095722 0.100328 1.901127
0.800000 0.350000 1.080594 0.092025 1.861678
0.850000 0.350000 1.065553 0.084623 1.823951
0.900000 0.350000 1.050772 0.078039 1.787644
0.950000 0.350000 1.036362 0.072199 1.752502
1.000000 0.350000 1.022392 0.067036 1.718316
1.050000 0.350000 1.008898 0.062493 1.684916
1.100000 0.350000 0.995888 0.058523 1.652165
1.150000 0.350000 0.983353 0.055088 1.619953
1.200000 0.350000 0.971268 0.052156 1.588193
1.250000 0.350000 0.959600 0.049702 1.556822
1.300000 0.350000 0.948307 0.047705 1.525788
1.350000 0.350000 0.937345 0.046144 1.495057
1.400000 0.350000 0.926665 0.045000 1.464607
1.450000 0.350000 0.916221 0.044247 1.434422
1.500000 0.350000 0.905971 0.043846 1.404504
1.550000 0.350000 0.895880 0.043738 1.374842
1.600000 0.350000 0.885932 0.043827 1.345481
1.650000 0.350000 0.876124 0.043961 1.316358
1.700000 0.350000 0.866515 0.043900 1.287706
1.750000 0.350000 0.857153 0.043277 1.259069
1.800000 0.350000 0.848325 0.041532 1.231765
1.850000 0.350000 0.840024 0.037847 1.202852
1.900000 0.350000 0.833411 0.030983 1.180142
1.950000 0.350000 0.827383 0.019261 1.145220
2.000000 0.350000 0.827383 0.000000 1.145220

0.000000 0.400000 1.000000 0.000000 2.501358
0.050000 0.400000 1.013016 0.056941 2.501358
0.100000 0.400000 1.036037 0.105342 2.520629
0.150000 0.400000 1.068029 0.141852 2.499874
0.200000 0.400000 1.101073 0.166072 2.465834
0.250000 0.400000 1.131486 0.179598 2.418017
0.300000 0.400000 1.156567 0.184609 2.363315
0.350000 0.400000 1.175276 0.183456 2.305368
0.400000 0.400000 1.187523 0.178147 2.247056
0.450000 0.400000 1.193828 0.170285 2.190220
0.500000 0.400000 1.195012 0.161036 2.135839
0.550000 0.400000 1.191988 0.151210 2.084358
0.600000 0.400000 1.185646 0.141335 2.035825
0.650000 0.400000 1.176787 0.131740 1.990078
0.700000 0.400000 1.166093 0.122617 1.946839
0.750000 0.400000 1.154126 0.114068 1.905787
0.800000 0.400000 1.141336 0.106138 1.866600
0.850000 0.400000 1.128072 0.098838 1.828984
0.900000 0.400000 1.114600 0.092163 1.792672
0.950000 0.400000 1.101117 0.086096 1.757441
1.000000 0.400000 1.087761 0.080618 1.723100
1.050000 0.400000 1.074627 0.075707 1.689491
1.100000 0.400000 1.061777 0.071345 1.656488
1.150000 0.400000 1.049242 0.067515 1.623988
1.200000 0.400000 1.037035 0.064199 1.591911
1.250000 0.400000 1.025152 0.061385 1.560192
1.300000 0.400000 1.013576 0.059058 1.528786
1.350000 0.400000 1.002285 0.057206 1.497657
1.400000 0.400000 0.991248 0.055809 1.466782
1.450000 0.400000 0.980434 0.054841 1.436145
1.500000 0.400000 0.969814 0.054257 1.405746
1.550000 0.400000 0.959361 0.053989 1.375573
1.600000 0.400000 0.949066 0.053922 1.345669
1.650000 0.400000 0.938929 0.053875 1.315966
1.700000 0.400000 0.929010 0.053565 1.286702
1.750000 0.400000 0.919353 0.052561 1.257404
1.800000 0.400000 0.910249 0.050206 1.229426
1.850000 0.400000 0.901683 0.045547 1.199711
1.900000 0.400000 0.894847 0.037143 1.176342
1.950000 0.400000 0.888601 0.023005 1.140117
2.000000 0.400000 0.888601 0.000000 1.140117

0.000000 0.450000 1.000000 0.000000 2.447121
0.050000 0.450000 1.010728 0.041356 2.447121
0.100000 0.450000 1.030795 0.079003 2.467077
0.150000 0.450000 1.060297 0.110099 2.452317
0.200000 0.450000 1.092603 0.133729 2.426238
0.250000 0.450000 1.124322 0.150101 2.386588
0.300000 0.450000 1.152493 0.160070 2.339602
0.350000 0.450000 1.175589 0.164813 2.288240
0.400000 0.450000 1.192961 0.165513 2.235364
0.450000 0.450000 1.204651 0.163243 2.182825
0.500000 0.450000 1.211116 0.158889 2.131780
0.550000 0.450000 1.213029 0.153149 2.082837
0.600000 0.450000 1.211142 0.146557 2.036214
0.650000 0.450000 1.206193 0.139506 1.991884
0.700000 0.450000 1.198856 0.132284 1.949678
0.750000 0.450000 1.189720 0.125097 1.909361
0.800000 0.450000 1.179276 0.118091 1.870677
0.850000 0.450000 1.167926 0.111371 1.833378
0.900000 0.450000 1.155990 0.105007 1.797237
0.950000 0.450000 1.143715 0.099051 1.762055
1.000000 0.450000 1.131290 0.093537 1.727666
1.050000 0.450000 1.118853 0.088488 1.693929
1.100000 0.450000 1.106504 0.083920 1.660730
1.150000 0.450000 1.094310 0.079841 1.627977
1.200000 0.450000 1.082313 0.076258 1.595597
1.250000 0.450000 1.070537 0.073172 1.563532
1.300000 0.450000 1.058990 0.070582 1.531739
1.350000 0.450000 1.047669 0.068483 1.500186
1.400000 0.450000 1.036564 0.066860 1.468853
1.450000 0.450000 1.025657 0.065690 1.437725
1.500000 0.450000 1.014930 0.064928 1.406803
1.550000 0.450000 1.004366 0.064495 1.376076
1.600000 0.450000 0.993959 0.064265 1.345594
1.650000 0.450000 0.983708 0.064030 1.315290
1.700000 0.450000 0.973670 0.063467 1.285415
1.750000 0.450000 0.963880 0.062080 1.255486
1.800000 0.450000 0.954626 0.059117 1.226903
1.850000 0.450000 0.945884 0.053477 1.196500
1.900000 0.450000 0.938880 0.043509 1.172605
1.950000 0.450000 0.932448 0.026890 1.135275
2.000000 0.450000 0.932448 0.000000 1.135275

0.000000 0.500000 1.000000 0.000000 2.412021
0.050000 0.500000 1.009465 0.027721 2.412021
0.100000 0.500000 1.027553 0.055112 2.430752
0.150000 0.500000 1.054765 0.080202 2.418491
0.200000 0.500000 1.085372 0.101952 2.396078
0.250000 0.500000 1.116339 0.119706 2.360856
0.300000 0.500000 1.144815 0.133318 2.318442
0.350000 0.500000 1.169169 0.142971 2.271403
0.400000 0.500000 1.188539 0.149066 2.222432
0.450000 0.500000 1.202728 0.152110 2.173283
0.500000 0.500000 1.211969 0.152637 2.125116
0.550000 0.500000 1.216751 0.151161 2.078566
0.600000 0.500000 1.217687 0.148147 2.033902
0.650000 0.500000 1.215418 0.144001 1.991150
0.700000 0.500000 1.210559 0.139065 1.950193
0.750000 0.500000 1.203663 0.133623 1.910843
0.800000 0.500000 1.195209 0.127906 1.872885
0.850000 0.500000 1.185599 0.122099 1.836107
0.900000 0.500000 1.175163 0.116349 1.800313
0.950000 0.500000 1.164163 0.110772 1.765333
1.000000 0.500000 1.152809 0.105456 1.731020
1.050000 0.500000 1.141258 0.100470 1.697254
1.100000 0.500000 1.129634 0.095866 1.663937
1.150000 0.500000 1.118024 0.091683 1.630989
1.200000 0.500000 1.106493 0.087949 1.598347
1.250000 0.500000 1.095086 0.084685 1.565962
1.300000 0.500000 1.083831 0.081904 1.533798
1.350000 0.500000 1.072742 0.079610 1.501828
1.400000 0.500000 1.061826 0.077800 1.470033
1.450000 0.500000 1.051079 0.076453 1.438403
1.500000 0.500000 1.040495 0.075526 1.406945
1.550000 0.500000 1.030061 0.074940 1.375652
1.600000 0.500000 1.019772 0.074558 1.344581
1.650000 0.500000 1.009623 0.074151 1.313676
1.700000 0.500000 0.999662 0.073359 1.283208
1.750000 0.500000 0.989909 0.071624 1.252693
1.800000 0.500000 0.980641 0.068092 1.223587
1.850000 0.500000 0.971821 0.061509 1.192620
1.900000 0.500000 0.964709 0.049988 1.168360
1.950000 0.500000 0.958122 0.030860 1.130163
2.000000 0.500000 0.958122 0.000000 1.130163

0.000000 0.550000 1.000000 0.000000 2.395462
0.050000 0.550000 1.009022 0.015306 2.395462
0.100000 0.550000 1.026008 0.033211 2.412181
0.150000 0.550000 1.051299 0.052535 2.399744
0.200000 0.550000 1.079613 0.072173 2.377519
0.250000 0.550000 1.108244 0.090764 2.343460
0.300000 0.550000 1.134686 0.107321 2.302755
0.350000 0.550000 1.157509 0.121176 2.257864
0.400000 0.550000 1.175950 0.132036 2.211244
0.450000 0.550000 1.189812 0.139893 2.164492
0.500000 0.550000 1.199267 0.144942 2.118632
0.550000 0.550000 1.204707 0.147505 2.074215
0.600000 0.550000 1.206637 0.147962 2.031451
0.650000 0.550000 1.205593 0.146704 1.990344
0.700000 0.550000 1.202095 0.144109 1.950769
0.750000 0.550000 1.196619 0.140515 1.912548
0.800000 0.550000 1.189581 0.136222 1.875480
0.850000 0.550000 1.181338 0.131483 1.839377
0.900000 0.550000 1.172189 0.126508 1.804066
0.950000 0.550000 1.162375 0.121469 1.769399
1.000000 0.550000 1.152094 0.116505 1.735252
1.050000 0.550000 1.141503 0.111725 1.701526
1.100000 0.550000 1.130726 0.107215 1.668139
1.150000 0.550000 1.119860 0.103042 1.635027
1.200000 0.550000 1.108980 0.099254 1.602141
1.250000 0.550000 1.098142 0.095892 1.569440
1.300000 0.550000 1.087390 0.092983 1.536896
1.350000 0.550000 1.076754 0.090542 1.504486
1.400000 0.550000 1.066252 0.088577 1.472200
1.450000 0.550000 1.055894 0.087074 1.440029
1.500000 0.550000 1.045682 0.085997 1.407983
1.550000 0.550000 1.035609 0.085269 1.376062
1.600000 0.550000 1.025669 0.084747 1.344335
1.650000 0.550000 1.015847 0.084193 1.312751
1.700000 0.550000 1.006177 0.083210 1.281610
1.750000 0.550000 0.996653 0.081182 1.250425
1.800000 0.550000 0.987535 0.077148 1.220730
1.850000 0.550000 0.978757 0.069687 1.189136
1.900000 0.550000 0.971614 0.056648 1.164488
1.950000 0.550000 0.964904 0.034985 1.125373
2.000000 0.550000 0.964904 0.000000 1.125373

0.000000 0.600000 1.000000 0.000000 2.392024
0.050000 0.600000 1.009343 0.002919 2.392024
0.100000 0.600000 1.025918 0.012138 2.404461
0.150000 0.600000 1.049347 0.026573 2.388832
0.200000 0.600000 1.074543 0.044763 2.363266
0.250000 0.600000 1.099145 0.064468 2.327356
0.300000 0.600000 1.121234 0.083871 2.285833
0.350000 0.600000 1.139855 0.101535 2.241252
0.400000 0.600000 1.154607 0.116592 2.195714
0.450000 0.600000 1.165495 0.128625 2.150578
0.500000 0.600000 1.172759 0.137576 2.106605
0.550000 0.600000 1.176768 0.143627 2.064154
0.600000 0.600000 1.177942 0.147100 2.023296
0.650000 0.600000 1.176703 0.148384 1.983941
0.700000 0.600000 1.173450 0.147883 1.945914
0.750000 0.600000 1.168542 0.145983 1.909011
0.800000 0.600000 1.162297 0.143034 1.873033
0.850000 0.600000 1.154984 0.139341 1.837798
0.900000 0.600000 1.146834 0.135165 1.803152
0.950000 0.600000 1.138038 0.130721 1.768967
1.000000 0.600000 1.128758 0.126184 1.735141
1.050000 0.600000 1.119125 0.121697 1.701596
1.100000 0.600000 1.109249 0.117370 1.668270
1.150000 0.600000 1.099221 0.113292 1.635115
1.200000 0.600000 1.089117 0.109532 1.602094
1.250000 0.600000 1.078999 0.106142 1.569180
1.300000 0.600000 1.068917 0.103163 1.536352
1.350000 0.600000 1.058913 0.100622 1.503593
1.400000 0.600000 1.049017 0.098535 1.470896
1.450000 0.600000 1.039250 0.096901 1.438257
1.500000 0.600000 1.029623 0.095692 1.405689
1.550000 0.600000 1.020133 0.094838 1.373196
1.600000 0.600000 1.010773 0.094203 1.340857
1.650000 0.600000 1.001515 0.093541 1.308632
1.700000 0.600000 0.992371 0.092434 1.276855
1.750000 0.600000 0.983300 0.090209 1.245039
1.800000 0.600000 0.974530 0.085797 1.214823
1.850000 0.600000 0.965949 0.077598 1.182701
1.900000 0.600000 0.958870 0.063160 1.157850
1.950000 0.600000 0.952081 0.039044 1.118126
2.000000 0.600000 0.952081 0.000000 1.118126

0.000000 0.650000 1.000000 0.000000 2.416818
0.050000 0.650000 1.010258 -0.008973 2.416818
0.100000 0.650000 1.026677 -0.006830 2.423063
0.150000 0.650000 1.047595 0.004497 2.401398
0.200000 0.650000 1.068121 0.022788 2.368688
0.250000 0.650000 1.086428 0.044535 2.327767
0.300000 0.650000 1.101544 0.067050 2.282741
0.350000 0.650000 1.113255 0.088232 2.236507
0.400000 0.650000 1.121735 0.106814 2.190645
0.450000 0.650000 1.127304 0.122149 2.146189
0.500000 0.650000 1.130337 0.134068 2.103499
0.550000 0.650000 1.131190 0.142715 2.062645
0.600000 0.650000 1.130186 0.148413 2.023470
0.650000 0.650000 1.127608 0.151577 1.985738
0.700000 0.650000 1.123699 0.152644 1.949182
0.750000 0.650000 1.118668 0.152038 1.913548
0.800000 0.650000 1.112696 0.150146 1.878617
0.850000 0.650000 1.105938 0.147306 1.844207
0.900000 0.650000 1.098529 0.143808 1.810176
0.950000 0.650000 1.090589 0.139894 1.776416
1.000000 0.650000 1.082222 0.135762 1.742845
1.050000 0.650000 1.073520 0.131572 1.709405
1.100000 0.650000 1.064567 0.127451 1.676055
1.150000 0.650000 1.055436 0.123499 1.642764
1.200000 0.650000 1.046197 0.119797 1.609511
1.250000 0.650000 1.036909 0.116406 1.576279
1.300000 0.650000 1.027630 0.113376 1.543054
1.350000 0.650000 1.018406 0.110744 1.509826
1.400000 0.650000 1.009281 0.108533 1.476588
1.450000 0.650000 1.000285 0.106755 1.443332
1.500000 0.650000 0.991439 0.105394 1.410071
1.550000 0.650000 0.982748 0.104393 1.376802
1.600000 0.650000 0.974202 0.103627 1.343602
1.650000 0.650000 0.965764 0.102858 1.310424
1.700000 0.650000 0.957418 0.101655 1.277624
1.750000 0.650000 0.949079 0.099301 1.244692
1.800000 0.650000 0.940922 0.094620 1.213389
1.850000 0.650000 0.932754 0.085815 1.180024
1.900000 0.650000 0.925896 0.070083 1.154292
1.950000 0.650000 0.919059 0.043501 1.112861
2.000000 0.650000 0.919059 0.000000 1.112861

0.000000 0.700000 1.000000 0.000000 2.444312
0.050000 0.700000 1.011752 -0.023386 2.444312
0.100000 0.700000 1.027507 -0.026623 2.433240
0.150000 0.700000 1.043594 -0.015835 2.400138
0.200000 0.700000 1.056401 0.004861 2.355205
0.250000 0.700000 1.065078 0.030011 2.306591
0.300000 0.700000 1.070109 0.056035 2.256379
0.350000 0.700000 1.072209 0.080353 2.207741
0.400000 0.700000 1.072194 0.101576 2.161279
0.450000 0.700000 1.070671 0.119072 2.117526
0.500000 0.700000 1.068079 0.132757 2.076293
0.550000 0.700000 1.064691 0.142858 2.037288
0.600000 0.700000 1.060668 0.149776 2.000088
0.650000 0.700000 1.056099 0.153979 1.964289
0.700000 0.700000 1.051030 0.155943 1.929522
0.750000 0.700000 1.045490 0.156119 1.895482
0.800000 0.700000 1.039500 0.154909 1.861930
0.850000 0.700000 1.033083 0.152665 1.828686
0.900000 0.700000 1.026267 0.149683 1.795619
0.950000 0.700000 1.019087 0.146211 1.762640
1.000000 0.700000 1.011583 0.142449 1.729689
1.050000 0.700000 1.003800 0.138561 1.696729
1.100000 0.700000 0.995789 0.134677 1.663740
1.150000 0.700000 0.987603 0.130899 1.630707
1.200000 0.700000 0.979299 0.127310 1.597623
1.250000 0.700000 0.970934 0.123975 1.564483
1.300000 0.700000 0.962565 0.120945 1.531279
1.350000 0.700000 0.954247 0.118265 1.498004
1.400000 0.700000 0.946031 0.115965 1.464651
1.450000 0.700000 0.937962 0.114067 1.431208
1.500000 0.700000 0.930073 0.112568 1.397681
1.550000 0.700000 0.922377 0.111434 1.364058
1.600000 0.700000 0.914873 0.110559 1.330412
1.650000 0.700000 0.907512 0.109728 1.296684
1.700000 0.700000 0.900257 0.108520 1.263263
1.750000 0.700000 0.892961 0.106199 1.229615
1.800000 0.700000 0.885731 0.101498 1.197683
1.850000 0.700000 0.878242 0.092426 1.163591
1.900000 0.700000 0.871783 0.075783 1.137721
1.950000 0.700000 0.864983 0.047192 1.095861
2.000000 0.700000 0.864983 0.000000 1.095861

0.000000 0.750000 1.000000 0.000000 2.562069
0.050000 0.750000 1.012403 -0.033300 2.562069
0.100000 0.750000 1.025046 -0.036255 2.525399
0.150000 0.750000 1.031789 -0.021808 2.475305
0.200000 0.750000 1.032160 0.003895 2.410798
0.250000 0.750000 1.026967 0.033278 2.349733
0.300000 0.750000 1.018705 0.062325 2.290669
0.350000 0.750000 1.008980 0.088469 2.237222
0.400000 0.750000 0.999085 0.110628 2.188463
0.450000 0.750000 0.989672 0.128493 2.144201
0.500000 0.750000 0.981041 0.142243 2.103472
0.550000 0.750000 0.973222 0.152288 2.065504
0.600000 0.750000 0.966108 0.159139 2.029530
0.650000 0.750000 0.959530 0.163321 1.994937
0.700000 0.750000 0.953302 0.165333 1.961233
0.750000 0.750000 0.947256 0.165620 1.928053
0.800000 0.750000 0.941249 0.164576 1.895133
0.850000 0.750000 0.935174 0.162532 1.862292
0.900000 0.750000 0.928953 0.159768 1.829413
0.950000 0.750000 0.922541 0.156512 1.796429
1.000000 0.750000 0.915917 0.152951 1.763304
1.050000 0.750000 0.909084 0.149235 1.730025
1.100000 0.750000 0.902060 0.145483 1.696592
1.150000 0.750000 0.894879 0.141791 1.663012
1.200000 0.750000 0.887584 0.138234 1.629291
1.250000 0.750000 0.880227 0.134875 1.595435
1.300000 0.750000 0.872867 0.131762 1.561443
1.350000 0.750000 0.865565 0.128941 1.527308
1.400000 0.750000 0.858383 0.126445 1.493013
1.450000 0.750000 0.851378 0.124304 1.458533
1.500000 0.750000 0.844602 0.122529 1.423845
1.550000 0.750000 0.838087 0.121106 1.388897
1.600000 0.750000 0.831845 0.119959 1.353711
1.650000 0.750000 0.825833 0.118905 1.318149
1.700000 0.750000 0.820001 0.117557 1.282546
1.750000 0.750000 0.814146 0.115186 1.246207
1.800000 0.750000 0.808290 0.110462 1.211190
1.850000 0.750000 0.801904 0.101201 1.173110
1.900000 0.750000 0.796213 0.083722 1.143609
1.950000 0.750000 0.789425 0.052834 1.095374
2.000000 0.750000 0.789425 0.000000 1.095374

0.000000 0.800000 1.000000 0.000000 2.591675
0.050000 0.800000 1.009915 -0.053409 2.591675
0.100000 0.800000 1.013318 -0.051870 2.484282
0.150000 0.800000 1.001315 -0.029199 2.409414
0.200000 0.800000 0.982232 0.003917 2.320822
0.250000 0.800000 0.958594 0.037677 2.249213
0.300000 0.800000 0.934826 0.068475 2.184240
0.350000 0.800000 0.912665 0.094518 2.129353
0.400000 0.800000 0.893252 0.115552 2.081302
0.450000 0.800000 0.876782 0.131869 2.039104
0.500000 0.800000 0.863095 0.144040 2.001049
0.550000 0.800000 0.851792 0.152693 1.965995
0.600000 0.800000 0.842412 0.158436 1.932935
0.650000 0.800000 0.834494 0.161817 1.901140
0.700000 0.800000 0.827625 0.163314 1.870060
0.750000 0.800000 0.821459 0.163335 1.839313
0.800000 0.800000 0.815716 0.162223 1.808639
0.850000 0.800000 0.810182 0.160263 1.777872
0.900000 0.800000 0.804701 0.157689 1.746917
0.950000 0.800000 0.799166 0.154693 1.715727
1.000000 0.800000 0.793512 0.151429 1.684288
1.050000 0.800000 0.787709 0.148019 1.652606
1.100000 0.800000 0.781751 0.144561 1.620697
1.150000 0.800000 0.775656 0.141135 1.588581
1.200000 0.800000 0.769459 0.137801 1.556279
1.250000 0.800000 0.763207 0.134612 1.523801
1.300000 0.800000 0.756958 0.131611 1.491151
1.350000 0.800000 0.750779 0.128836 1.458322
1.400000 0.800000 0.744739 0.126323 1.425295
1.450000 0.800000 0.738912 0.124104 1.392033
1.500000 0.800000 0.733365 0.122204 1.358498
1.550000 0.800000 0.728157 0.120629 1.324616
1.600000 0.800000 0.723324 0.119344 1.290384
1.650000 0.800000 0.718844 0.118221 1.255626
1.700000 0.800000 0.714676 0.116948 1.220679
1.750000 0.800000 0.710570 0.114871 1.184784
1.800000 0.800000 0.706461 0.110692 1.150251
1.850000 0.800000 0.701553 0.102134 1.112436
1.900000 0.800000 0.696879 0.085074 1.084243
1.950000 0.800000 0.690344 0.053931 1.038069
2.000000 0.800000 0.690344 0.000000 1.038069

0.000000 0.850000 1.000000 0.000000 3.046062
0.050000 0.850000 0.992164 -0.033900 3.046062
0.100000 0.850000 0.973459 -0.010825 2.831823
0.150000 0.850000 0.931489 0.023346 2.711002
0.200000 0.850000 0.887342 0.060978 2.576482
0.250000 0.850000 0.843588 0.094054 2.480737
0.300000 0.850000 0.805392 0.121367 2.400204
0.350000 0.850000 0.773204 0.142774 2.337326
0.400000 0.850000 0.747130 0.159033 2.285118
0.450000 0.850000 0.726381 0.170975 2.241040
0.500000 0.850000 0.710085 0.179399 2.202123
0.550000 0.850000 0.697327 0.184989 2.166561
0.600000 0.850000 0.687290 0.188313 2.132948
0.650000 0.850000 0.679268 0.189839 2.100351
0.700000 0.850000 0.672685 0.189949 2.068127
0.750000 0.850000 0.667078 0.188957 2.035868
0.800000 0.850000 0.662090 0.187120 2.003325
0.850000 0.850000 0.657450 0.184648 1.970363
0.900000 0.850000 0.652965 0.181712 1.936926
0.950000 0.850000 0.648499 0.178450 1.903011
1.000000 0.850000 0.643966 0.174976 1.868644
1.050000 0.850000 0.639321 0.171378 1.833870
1.100000 0.850000 0.634547 0.167728 1.798741
1.150000 0.850000 0.629654 0.164084 1.763307
1.200000 0.850000 0.624670 0.160491 1.727608
1.250000 0.850000 0.619640 0.156987 1.691675
1.300000 0.850000 0.614619 0.153606 1.655519
1.350000 0.850000 0.609675 0.150377 1.619131
1.400000 0.850000 0.604885 0.147329 1.582477
1.450000 0.850000 0.600332 0.144491 1.545486
1.500000 0.850000 0.596107 0.141889 1.508058
1.550000 0.850000 0.592295 0.139539 1.470009
1.600000 0.850000 0.588977 0.137430 1.431168
1.650000 0.850000 0.586185 0.135479 1.391088
1.700000 0.850000 0.583931 0.133449 1.349742
1.750000 0.850000 0.581983 0.130783 1.305729
1.800000 0.850000 0.580257 0.126275 1.260950
1.850000 0.850000 0.577619 0.117573 1.208937
1.900000 0.850000 0.574962 0.100046 1.165299
1.950000 0.850000 0.568257 0.066005 1.091020
2.000000 0.850000 0.568257 0.000000 1.091020

0.000000 0.900000 1.000000 0.000000 2.671442
0.050000 0.900000 0.928136 -0.068570 2.671442
0.100000 0.900000 0.864211 -0.024058 2.267529
0.150000 0.900000 0.779644 0.021179 2.138291
0.200000 0.900000 0.712013 0.059616 1.995173
0.250000 0.900000 0.655091 0.087847 1.909405
0.300000 0.900000 0.610862 0.108260 1.839796
0.350000 0.900000 0.576458 0.122731 1.788681
0.400000 0.900000 0.550254 0.132867 1.747319
0.450000 0.900000 0.530383 0.139803 1.713202
0.500000 0.900000 0.515408 0.144347 1.683415
0.550000 0.900000 0.504114 0.147080 1.656372
0.600000 0.900000 0.495544 0.148422 1.630853
0.650000 0.900000 0.488942 0.148691 1.606090
0.700000 0.900000 0.483718 0.148128 1.581563
0.750000 0.900000 0.479422 0.146923 1.556950
0.800000 0.900000 0.475713 0.145229 1.532061
0.850000 0.900000 0.472339 0.143167 1.506798
0.900000 0.900000 0.469121 0.140835 1.481126
0.950000 0.900000 0.465935 0.138313 1.455050
1.000000 0.900000 0.462704 0.135665 1.428598
1.050000 0.900000 0.459385 0.132942 1.401813
1.100000 0.900000 0.455962 0.130184 1.374740
1.150000 0.900000 0.452441 0.127426 1.347422
1.200000 0.900000 0.448846 0.124693 1.319897
1.250000 0.900000 0.445213 0.122007 1.292189
1.300000 0.900000 0.441591 0.119388 1.264311
1.350000 0.900000 0.438040 0.116854 1.236254
1.400000 0.900000 0.434631 0.114424 1.207993
1.450000 0.900000 0.431443 0.112121 1.179470
1.500000 0.900000 0.428569 0.109968 1.150606
1.550000 0.900000 0.426108 0.107990 1.121253
1.600000 0.900000 0.424167 0.106205 1.091289
1.650000 0.900000 0.422825 0.104595 1.060359
1.700000 0.900000 0.422157 0.103062 1.028547
1.750000 0.900000 0.422000 0.101279 0.994701
1.800000 0.900000 0.422297 0.098418 0.961006
1.850000 0.900000 0.421743 0.092566 0.921782
1.900000 0.900000 0.420752 0.079350 0.892679
1.950000 0.900000 0.414960 0.052142 0.843556
2.000000 0.900000 0.414960 0.000000 0.843556

0.000000 0.950000 1.000000 0.000000 4.776802
0.050000 0.950000 0.724038 0.185728 4.776802
0.100000 0.950000 0.616008 0.234473 3.844198
0.150000 0.950000 0.508201 0.254663 3.555962
0.200000 0.950000 0.439448 0.263286 3.301213
0.250000 0.950000 0.388132 0.268778 3.162123
0.300000 0.950000 0.352289 0.272007 3.061753
0.350000 0.950000 0.326401 0.273879 2.992996
0.400000 0.950000 0.307888 0.274611 2.939753
0.450000 0.950000 0.294544 0.274444 2.896093
0.500000 0.950000 0.284933 0.273511 2.857173
0.550000 0.950000 0.277979 0.271929 2.820434
0.600000 0.950000 0.272908 0.269788 2.784189
0.650000 0.950000 0.269150 0.267164 2.747486
0.700000 0.950000 0.266281 0.264127 2.709780
0.750000 0.950000 0.263989 0.260738 2.670815
0.800000 0.950000 0.262047 0.257056 2.630510
0.850000 0.950000 0.260291 0.253133 2.588901
0.900000 0.950000 0.258607 0.249014 2.546094
0.950000 0.950000 0.256918 0.244742 2.502230
1.000000 0.950000 0.255179 0.240354 2.457467
1.050000 0.950000 0.253366 0.235882 2.411964
1.100000 0.950000 0.251472 0.231351 2.365868
1.150000 0.950000 0.249505 0.226784 2.319311
1.200000 0.950000 0.247481 0.222200 2.272399
1.250000 0.950000 0.245429 0.217612 2.225212
1.300000 0.950000 0.243381 0.213033 2.177799
1.350000 0.950000 0.241380 0.208471 2.130169
1.400000 0.950000 0.239477 0.203934 2.082282
1.450000 0.950000 0.237736 0.199425 2.034029
1.500000 0.950000 0.236236 0.194945 1.985212
1.550000 0.950000 0.235072 0.190488 1.935463
1.600000 0.950000 0.234373 0.186036 1.884249
1.650000 0.950000 0.234276 0.181532 1.830499
1.700000 0.950000 0.234982 0.176862 1.773053
1.750000 0.950000 0.236544 0.171694 1.708572
1.800000 0.950000 0.239248 0.165393 1.636221
1.850000 0.950000 0.241890 0.155992 1.542781
1.900000 0.950000 0.245459 0.139373 1.446616
1.950000 0.950000 0.238391 0.101122 1.266678
2.000000 0.950000 0.238391 0.000000 1.266678

0.000000 1.000000 0.000000 0.000000 0.000000
0.050000 1.000000 0.000000 0.000000 0.000000
0.100000 1.000000 0.000000 0.000000 0.000000
0.150000 1.000000 0.000000 0.000000 0.000000
0.200000 1.000000 0.000000 0.000000 0.000000
0.250000 1.000000 0.000000 0.000000 0.000000
0.300000 1.000000 0.000000 0.000000 0.000000
0.350000 1.000000 0.000000 0.000000 0.000000
0.400000 1.000000 0.000000 0.000000 0.000000
0.450000 1.000000 0.000000 0.000000 0.000000
0.500000 1.000000 0.000000 0.000000 0.000000
0.550000 1.000000 0.000000 0.000000 0.000000
0.600000 1.000000 0.000000 0.000000 0.000000
0.650000 1.000000 0.000000 0.000000 0.000000
0.700000 1.000000 0.000000 0.000000 0.000000
0.750000 1.000000 0.000000 0.000000 0.000000
0.800000 1.000000 0.000000 0.000000 0.000000
0.850000 1.000000 0.000000 0.000000 0.000000
0.900000 1.000000 0.000000 0.000000 0.000000
0.950000 1.000000 0.000000 0.000000 0.000000
1.000000 1.000000 0.000000 0.000000 0.000000
1.050000 1.000000 0.000000 0.000000 0.000000
1.100000 1.000000 0.000000 0.000000 0.000000
1.150000 1.000000 0.000000 0.000000 0.000000
1.200000 1.000000 0.000000 0.000000 0.000000
1.250000 1.000000 0.000000 0.000000 0.000000
1.300000 1.000000 0.000000 0.000000 0.000000
1.350000 1.000000 0.000000 0.000000 0.000000
1.400000 1.000000 0.000000 0.000000 0.000000
1.450000 1.000000 0.000000 0.000000 0.000000
1.500000 1.000000 0.000000 0.000000 0.000000
1.550000 1.000000 0.000000 0.000000 0.000000
1.600000 1.000000 0.000000 0.000000 0.000000
1.650000 1.000000 0.000000 0.000000 0.000000
1.700000 1.000000 0.000000 0.000000 0.000000
1.750000 1.000000 0.000000 0.000000 0.000000
1.800000 1.000000 0.000000 0.000000 0.000000
1.850000 1.000000 0.000000 0.000000 0.000000
1.900000 1.000000 0.000000 0.000000 0.000000
1.950000 1.000000 0.000000 0.000000 0.000000
2.000000 1.000000 0.000000 0.000000 0.000000

