0.000000 0.000000 0.000000 0.000000 5.195122
0.050000 0.000000 0.000000 0.000000 5.195122
0.100000 0.000000 0.000000 0.000000 3.730028
0.150000 0.000000 0.000000 0.000000 3.240254
0.200000 0.000000 0.000000 0.000000 2.804551
0.250000 0.000000 0.000000 0.000000 2.567791
0.300000 0.000000 0.000000 0.000000 2.394670
0.350000 0.000000 0.000000 0.000000 2.277058
0.400000 0.000000 0.000000 0.000000 2.186878
0.450000 0.000000 0.000000 0.000000 2.115977
0.500000 0.000000 0.000000 0.000000 2.056763
0.550000 0.000000 0.000000 0.000000 2.005673
0.600000 0.000000 0.000000 0.000000 1.960122
0.650000 0.000000 0.000000 0.000000 1.918575
0.700000 0.000000 0.000000 0.000000 1.879953
0.750000 0.000000 0.000000 0.000000 1.843527
0.800000 0.000000 0.000000 0.000000 1.808770
0.850000 0.000000 0.000000 0.000000 1.775296
0.900000 0.000000 0.000000 0.000000 1.742819
0.950000 0.000000 0.000000 0.000000 1.711120
1.000000 0.000000 0.000000 0.000000 1.680031
1.050000 0.000000 0.000000 0.000000 1.649422
1.100000 0.000000 0.000000 0.000000 1.619193
1.150000 0.000000 0.000000 0.000000 1.589268
1.200000 0.000000 0.000000 0.000000 1.559590
1.250000 0.000000 0.000000 0.000000 1.530120
1.300000 0.000000 0.000000 0.000000 1.500836
1.350000 0.000000 0.000000 0.000000 1.471730
1.400000 0.000000 0.000000 0.000000 1.442813
1.450000 0.000000 0.000000 0.000000 1.414112
1.500000 0.000000 0.000000 0.000000 1.385681
1.550000 0.000000 0.000000 0.000000 1.357591
1.600000 0.000000 0.000000 0.000000 1.329981
1.650000 0.000000 0.000000 0.000000 1.302958
1.700000 0.000000 0.000000 0.000000 1.276883
1.750000 0.000000 0.000000 0.000000 1.251731
1.800000 0.000000 0.000000 0.000000 1.228685
1.850000 0.000000 0.000000 0.000000 1.206337
1.900000 0.000000 0.000000 0.000000 1.189755
1.950000 0.000000 0.000000 0.000000 1.168742
2.000000 0.000000 0.000000 0.000000 1.168742

0.000000 0.050000 1.000000 0.000000 5.195122
0.050000 0.050000 0.766290 0.138762 5.195122
0.100000 0.050000 0.689907 0.130929 3.730028
0.150000 0.050000 0.574358 0.104769 3.240254
0.200000 0.050000 0.495599 0.075941 2.804551
0.250000 0.050000 0.430689 0.054159 2.567791
0.300000 0.050000 0.382684 0.038687 2.394670
0.350000 0.050000 0.345505 0.028177 2.277058
0.400000 0.050000 0.316915 0.021023 2.186878
0.450000 0.050000 0.294405 0.016099 2.115977
0.500000 0.050000 0.276463 0.012632 2.056763
0.550000 0.050000 0.261910 0.010128 2.005673
0.600000 0.050000 0.249937 0.008276 1.960122
0.650000 0.050000 0.239949 0.006873 1.918575
0.700000 0.050000 0.231511 0.005790 1.879953
0.750000 0.050000 0.224301 0.004938 1.843527
0.800000 0.050000 0.218075 0.004259 1.808770
0.850000 0.050000 0.212647 0.003711 1.775296
0.900000 0.050000 0.207871 0.003263 1.742819
0.950000 0.050000 0.203633 0.002896 1.711120
1.000000 0.050000 0.199842 0.002592 1.680031
1.050000 0.050000 0.196421 0.002341 1.649422
1.100000 0.050000 0.193308 0.002133 1.619193
1.150000 0.050000 0.190449 0.001964 1.589268
1.200000 0.050000 0.187799 0.001828 1.559590
1.250000 0.050000 0.185314 0.001722 1.530120
1.300000 0.050000 0.182958 0.001644 1.500836
1.350000 0.050000 0.180693 0.001594 1.471730
1.400000 0.050000 0.178486 0.001569 1.442813
1.450000 0.050000 0.176302 0.001572 1.414112
1.500000 0.050000 0.174108 0.001602 1.385681
1.550000 0.050000 0.171870 0.001659 1.357591
1.600000 0.050000 0.169558 0.001744 1.329981
1.650000 0.050000 0.167138 0.001853 1.302958
1.700000 0.050000 0.164602 0.001978 1.276883
1.750000 0.050000 0.161917 0.002104 1.251731
1.800000 0.050000 0.159179 0.002189 1.228685
1.850000 0.050000 0.156306 0.002184 1.206337
1.900000 0.050000 0.153872 0.001937 1.189755
1.950000 0.050000 0.151275 0.001373 1.168742
2.000000 0.050000 0.151275 0.000000 1.168742

0.000000 0.100000 1.000000 0.000000 4.092888
0.050000 0.100000 0.972599 0.211355 4.092888
0.100000 0.100000 0.949079 0.220697 3.468599
0.150000 0.100000 0.877461 0.193606 3.173952
0.200000 0.100000 0.808536 0.153283 2.855376
0.250000 0.100000 0.739688 0.118300 2.645851
0.300000 0.100000 0.680074 0.090445 2.475655
0.350000 0.100000 0.628917 0.069623 2.349240
0.400000 0.100000 0.586281 0.054238 2.248207
0.450000 0.100000 0.550770 0.042902 2.166996
0.500000 0.100000 0.521228 0.034472 2.099055
0.550000 0.100000 0.496499 0.028127 2.040862
0.600000 0.100000 0.475654 0.023281 1.989630
0.650000 0.100000 0.457930 0.019527 1.943554
0.700000 0.100000 0.442726 0.016578 1.901309
0.750000 0.100000 0.429567 0.014231 1.861967
0.800000 0.100000 0.418081 0.012341 1.824843
0.850000 0.100000 0.407971 0.010803 1.789434
0.900000 0.100000 0.399003 0.009542 1.755361
0.950000 0.100000 0.390987 0.008499 1.722339
1.000000 0.100000 0.383768 0.007633 1.690147
1.050000 0.100000 0.377218 0.006914 1.658618
1.100000 0.100000 0.371227 0.006319 1.627623
1.150000 0.100000 0.365704 0.005829 1.597062
1.200000 0.100000 0.360567 0.005433 1.566864
1.250000 0.100000 0.355741 0.005122 1.536976
1.300000 0.100000 0.351161 0.004889 1.507368
1.350000 0.100000 0.346763 0.004731 1.478025
1.400000 0.100000 0.342487 0.004645 1.448950
1.450000 0.100000 0.338277 0.004631 1.420164
1.500000 0.100000 0.334079 0.004688 1.391713
1.550000 0.100000 0.329840 0.004813 1.363652
1.600000 0.100000 0.325517 0.005002 1.336101
1.650000 0.100000 0.321071 0.005243 1.309121
1.700000 0.100000 0.316501 0.005507 1.283036
1.750000 0.100000 0.311789 0.005747 1.257673
1.800000 0.100000 0.307101 0.005861 1.234215
1.850000 0.100000 0.302387 0.005713 1.210740
1.900000 0.100000 0.298470 0.004978 1.192968
1.950000 0.100000 0.294607 0.003410 1.168330
2.000000 0.100000 0.294607 0.000000 1.168330

0.000000 0.150000 1.000000 0.000000 3.565030
0.050000 0.150000 1.027434 0.188891 3.565030
0.100000 0.150000 1.044051 0.241018 3.249147
0.150000 0.150000 1.022487 0.241257 3.035731
0.200000 0.150000 0.985491 0.213412 2.798556
0.250000 0.150000 0.937336 0.179820 2.622398
0.300000 0.150000 0.888034 0.147611 2.472953
0.350000 0.150000 0.840724 0.120167 2.355617
0.400000 0.150000 0.797767 0.097801 2.258909
0.450000 0.150000 0.759599 0.080024 2.179066
0.500000 0.150000 0.726165 0.066011 2.111174
0.550000 0.150000 0.697008 0.054976 2.052364
0.600000 0.150000 0.671594 0.046253 2.000265
0.650000 0.150000 0.649381 0.039310 1.953257
0.700000 0.150000 0.629884 0.033740 1.910114
0.750000 0.150000 0.612679 0.029233 1.869946
0.800000 0.150000 0.597409 0.025554 1.832083
0.850000 0.150000 0.583776 0.022526 1.796020
0.900000 0.150000 0.571532 0.020017 1.761374
0.950000 0.150000 0.560470 0.017927 1.727850
1.000000 0.150000 0.550413 0.016179 1.695219
1.050000 0.150000 0.541213 0.014716 1.663307
1.100000 0.150000 0.532741 0.013496 1.631976
1.150000 0.150000 0.524886 0.012486 1.601123
1.200000 0.150000 0.517545 0.011662 1.570670
1.250000 0.150000 0.510628 0.011007 1.540561
1.300000 0.150000 0.504051 0.010507 1.510760
1.350000 0.150000 0.497735 0.010155 1.481247
1.400000 0.150000 0.491606 0.009944 1.452021
1.450000 0.150000 0.485595 0.009870 1.423096
1.500000 0.150000 0.479636 0.009928 1.394508
1.550000 0.150000 0.473671 0.010108 1.366297
1.600000 0.150000 0.467655 0.010394 1.338566
1.650000 0.150000 0.461550 0.010753 1.311346
1.700000 0.150000 0.455373 0.011123 1.284935
1.750000 0.150000 0.449129 0.011402 1.259085
1.800000 0.150000 0.443031 0.011403 1.235004
1.850000 0.150000 0.437064 0.010854 1.210492
1.900000 0.150000 0.432186 0.009254 1.191770
1.950000 0.150000 0.427594 0.006068 1.164772
2.000000 0.150000 0.427594 0.000000 1.164772

0.000000 0.200000 1.000000 0.000000 3.136378
0.050000 0.200000 1.033389 0.158976 3.136378
0.100000 0.200000 1.065000 0.229239 3.014001
0.150000 0.200000 1.076765 0.250681 2.885218
0.200000 0.200000 1.070924 0.240153 2.728061
0.250000 0.200000 1.049932 0.216339 2.592229
0.300000 0.200000 1.020765 0.188036 2.468079
0.350000 0.200000 0.987508 0.160560 2.362944
0.400000 0.200000 0.953533 0.135979 2.272193
0.450000 0.200000 0.920618 0.114982 2.194452
0.500000 0.200000 0.889777 0.097461 2.126811
0.550000 0.200000 0.861397 0.083020 2.067312
0.600000 0.200000 0.835552 0.071174 2.014147
0.650000 0.200000 0.812131 0.061458 1.965963
0.700000 0.200000 0.790939 0.053466 1.921672
0.750000 0.200000 0.771753 0.046864 1.880441
0.800000 0.200000 0.754349 0.041379 1.841621
0.850000 0.200000 0.738517 0.036798 1.804710
0.900000 0.200000 0.724066 0.032951 1.769317
0.950000 0.200000 0.710826 0.029710 1.735135
1.000000 0.200000 0.698645 0.026972 1.701926
1.050000 0.200000 0.687386 0.024659 1.669505
1.100000 0.200000 0.676927 0.022713 1.637725
1.150000 0.200000 0.667157 0.021087 1.606476
1.200000 0.200000 0.657974 0.019748 1.575672
1.250000 0.200000 0.649284 0.018669 1.545252
1.300000 0.200000 0.640997 0.017833 1.515174
1.350000 0.200000 0.633030 0.017224 1.485412
1.400000 0.200000 0.625306 0.016833 1.455957
1.450000 0.200000 0.617749 0.016649 1.426815
1.500000 0.200000 0.610295 0.016659 1.398008
1.550000 0.200000 0.602883 0.016844 1.369562
1.600000 0.200000 0.595474 0.017171 1.341556
1.650000 0.200000 0.588041 0.017580 1.313985
1.700000 0.200000 0.580615 0.017968 1.287120
1.750000 0.200000 0.573221 0.018170 1.260630
1.800000 0.200000 0.566105 0.017907 1.235743
1.850000 0.200000 0.559270 0.016771 1.210000
1.900000 0.200000 0.553752 0.014076 1.190113
1.950000 0.200000 0.548660 0.009013 1.160643
2.000000 0.200000 0.548660 0.000000 1.160643

0.000000 0.250000 1.000000 0.000000 2.878515
0.050000 0.250000 1.028251 0.125912 2.878515
0.100000 0.250000 1.062241 0.199871 2.839260
0.150000 0.250000 1.090299 0.235104 2.756944
0.200000 0.250000 1.105393 0.240749 2.650539
0.250000 0.250000 1.106866 0.229674 2.545905
0.300000 0.250000 1.097856 0.209894 2.444571
0.350000 0.250000 1.081401 0.187131 2.353203
0.400000 0.250000 1.060508 0.164483 2.271046
0.450000 0.250000 1.037324 0.143585 2.198171
0.500000 0.250000 1.013393 0.125074 2.133193
0.550000 0.250000 0.989684 0.109067 2.074973
0.600000 0.250000 0.966789 0.095409 2.022288
0.650000 0.250000 0.945023 0.083832 1.974123
0.700000 0.250000 0.924533 0.074043 1.929602
0.750000 0.250000 0.905356 0.065759 1.888014
0.800000 0.250000 0.887466 0.058735 1.848783
0.850000 0.250000 0.870800 0.052761 1.811446
0.900000 0.250000 0.855277 0.047666 1.775631
0.950000 0.250000 0.840805 0.043311 1.741046
1.000000 0.250000 0.827292 0.039586 1.707454
1.050000 0.250000 0.814642 0.036405 1.674671
1.100000 0.250000 0.802765 0.033698 1.642552
1.150000 0.250000 0.791570 0.031415 1.610982
1.200000 0.250000 0.780971 0.029513 1.579875
1.250000 0.250000 0.770884 0.027962 1.549165
1.300000 0.250000 0.761228 0.026740 1.518807
1.350000 0.250000 0.751924 0.025826 1.488771
1.400000 0.250000 0.742898 0.025206 1.459042
1.450000 0.250000 0.734081 0.024862 1.429616
1.500000 0.250000 0.725410 0.024774 1.400507
1.550000 0.250000 0.716832 0.024909 1.371724
1.600000 0.250000 0.708316 0.025212 1.343331
1.650000 0.250000 0.699842 0.025595 1.315298
1.700000 0.250000 0.691457 0.025909 1.287873
1.750000 0.250000 0.683197 0.025920 1.260673
1.800000 0.250000 0.675331 0.025256 1.234952
1.850000 0.250000 0.667863 0.023369 1.208061
1.900000 0.250000 0.661883 0.019394 1.187131
1.950000 0.250000 0.656415 0.012239 1.155598
2.000000 0.250000 0.656415 0.000000 1.155598

0.000000 0.300000 1.000000 0.000000 2.700037
0.050000 0.300000 1.021759 0.098369 2.700037
0.100000 0.300000 1.052800 0.166910 2.699335
0.150000 0.300000 1.086505 0.207422 2.648944
0.200000 0.300000 1.113214 0.223879 2.578557
0.250000 0.300000 1.130146 0.223961 2.499613
0.300000 0.300000 1.137361 0.213699 2.418189
0.350000 0.300000 1.136238 0.198031 2.340010
0.400000 0.300000 1.128737 0.180183 2.266630
0.450000 0.300000 1.116669 0.162195 2.199168
0.500000 0.300000 1.101591 0.145185 2.137435
0.550000 0.300000 1.084697 0.129692 2.081023
0.600000 0.300000 1.066876 0.115892 2.029254
0.650000 0.300000 1.048754 0.103761 1.981454
0.700000 0.300000 1.030761 0.093173 1.936970
0.750000 0.300000 1.013180 0.083964 1.895232
0.800000 0.300000 0.996188 0.075964 1.855743
0.850000 0.300000 0.979887 0.069011 1.818093
0.900000 0.300000 0.964325 0.062968 1.781940
0.950000 0.300000 0.949513 0.057714 1.747005
1.000000 0.300000 0.935437 0.053151 1.713064
1.050000 0.300000 0.922064 0.049201 1.679936
1.100000 0.300000 0.909350 0.045798 1.647477
1.150000 0.300000 0.897241 0.042893 1.615574
1.200000 0.300000 0.885678 0.040445 1.584138
1.250000 0.300000 0.874599 0.038423 1.553103
1.300000 0.300000 0.863940 0.036803 1.522420
1.350000 0.300000 0.853636 0.035563 1.492057
1.400000 0.300000 0.843624 0.034685 1.461992
1.450000 0.300000 0.833843 0.034146 1.432215
1.500000 0.300000 0.824241 0.033916 1.402732
1.550000 0.300000 0.814772 0.033948 1.373541
1.600000 0.300000 0.805414 0.034168 1.344692
1.650000 0.300000 0.796156 0.034452 1.316134
1.700000 0.300000 0.787054 0.034609 1.288104
1.750000 0.300000 0.778151 0.034336 1.260175
1.800000 0.300000 0.769730 0.033167 1.233630
1.850000 0.300000 0.761789 0.030419 1.205662
1.900000 0.300000 0.755456 0.025043 1.183769
1.950000 0.300000 0.749683 0.015659 1.150403
2.000000 0.300000 0.749683 0.000000 1.150403

0.000000 0.350000 1.000000 0.000000 2.582434
0.050000 0.350000 1.016607 0.075534 2.582434
0.100000 0.350000 1.043472 0.134674 2.596720
0.150000 0.350000 1.077430 0.174903 2.564831
0.200000 0.350000 1.109223 0.197212 2.516762
0.250000 0.350000 1.135225 0.205544 2.456079
0.300000 0.350000 1.153627 0.203830 2.389966
0.350000 0.350000 1.164357 0.195741 2.323010
0.400000 0.350000 1.168233 0.184042 2.257762
0.450000 0.350000 1.166423 0.170712 2.195850
0.500000 0.350000 1.160166 0.157029 2.137827
0.550000 0.350000 1.150592 0.143767 2.083801
0.600000 0.350000 1.138664 0.131340 2.033519
0.650000 0.350000 1.125163 0.119937 1.986599
0.700000 0.350000 1.110696 0.109608 1.942595
0.750000 0.350000 1.095728 0.100325 1.901070
0.800000 0.350000 1.080601 0.092022 1.861621
0.850000 0.350000 1.065561 0.084620 1.823894
0.900000 0.350000 1.050780 0.078036 1.787587
0.950000 0.350000 1.036371 0.072196 1.752445
1.000000 0.350000 1.022403 0.067033 1.718260
1.050000 0.350000 1.008909 0.062490 1.684861
1.100000 0.350000 0.995900 0.058520 1.652110
1.150000 0.350000 0.983365 0.055085 1.619898
1.200000 0.350000 0.971281 0.052153 1.588139
1.250000 0.350000 0.959613 0.049699 1.556768
1.300000 0.350000 0.948321 0.047702 1.525735
1.350000 0.350000 0.937360 0.046141 1.495005
1.400000 0.350000 0.926680 0.044997 1.464556
1.450000 0.350000 0.916237 0.044244 1.434372
1.500000 0.350000 0.905988 0.043843 1.404454
1.550000 0.350000 0.895898 0.043735 1.374793
1.600000 0.350000 0.885950 0.043824 1.345433
1.650000 0.350000 0.876143 0.043958 1.316311
1.700000 0.350000 0.866535 0.043897 1.287660
1.750000 0.350000 0.857173 0.043274 1.259024
1.800000 0.350000 0.848346 0.041529 1.231721
1.850000 0.350000 0.840046 0.037845 1.202809
1.900000 0.350000 0.833433 0.030981 1.180100
1.950000 0.350000 0.827405 0.019260 1.145179
2.000000 0.350000 0.827405 0.000000 1.145179

0.000000 0.400000 1.000000 0.000000 2.501301
0.050000 0.400000 1.013016 0.056940 2.501301
0.100000 0.400000 1.036038 0.105341 2.520572
0.150000 0.400000 1.068030 0.141851 2.499818
0.200000 0.400000 1.101073 0.166071 2.465777
0.250000 0.400000 1.131487 0.179597 2.417960
0.300000 0.400000 1.156568 0.184607 2.363259
0.350000 0.400000 1.175278 0.183454 2.305311
0.400000 0.400000 1.187525 0.178145 2.246999
0.450000 0.400000 1.193831 0.170283 2.190163
0.500000 0.400000 1.195015 0.161033 2.135782
0.550000 0.400000 1.191992 0.151207 2.084300
0.600000 0.400000 1.185651 0.141331 2.035767
0.650000 0.400000 1.176792 0.131737 1.990021
0.700000 0.400000 1.166099 0.122614 1.946781
0.750000 0.400000 1.154133 0.114064 1.905729
0.800000 0.400000 1.141343 0.106134 1.866543
0.850000 0.400000 1.128080 0.098834 1.828926
0.900000 0.400000 1.114609 0.092159 1.792615
0.950000 0.400000 1.101126 0.086092 1.757384
1.000000 0.400000 1.087771 0.080614 1.723043
1.050000 0.400000 1.074639 0.075704 1.689435
1.100000 0.400000 1.061789 0.071342 1.656432
1.150000 0.400000 1.049255 0.067511 1.623933
1.200000 0.400000 1.037049 0.064195 1.591856
1.250000 0.400000 1.025166 0.061381 1.560138
1.300000 0.400000 1.013591 0.059055 1.528733
1.350000 0.400000 1.002300 0.057203 1.497604
1.400000 0.400000 0.991264 0.055806 1.466730
1.450000 0.400000 0.980451 0.054837 1.436094
1.500000 0.400000 0.969831 0.054254 1.405696
1.550000 0.400000 0.959379 0.053985 1.375524
1.600000 0.400000 0.949085 0.053918 1.345620
1.650000 0.400000 0.938948 0.053872 1.315919
1.700000 0.400000 0.929030 0.053562 1.286656
1.750000 0.400000 0.919374 0.052557 1.257358
1.800000 0.400000 0.910271 0.050203 1.229382
1.850000 0.400000 0.901705 0.045544 1.199668
1.900000 0.400000 0.894869 0.037141 1.176300
1.950000 0.400000 0.888623 0.023004 1.140077
2.000000 0.400000 0.888623 0.000000 1.140077

0.000000 0.450000 1.000000 0.000000 2.447065
0.050000 0.450000 1.010728 0.041355 2.447065
0.100000 0.450000 1.030796 0.079003 2.467020
0.150000 0.450000 1.060297 0.110098 2.452261
0.200000 0.450000 1.092604 0.133727 2.426182
0.250000 0.450000 1.124323 0.150099 2.386532
0.300000 0.450000 1.152494 0.160067 2.339545
0.350000 0.450000 1.175591 0.164810 2.288183
0.400000 0.450000 1.192963 0.165510 2.235307
0.450000 0.450000 1.204654 0.163240 2.182768
0.500000 0.450000 1.211119 0.158885 2.131723
0.550000 0.450000 1.213033 0.153145 2.082780
0.600000 0.450000 1.211147 0.146553 2.036156
0.650000 0.450000 1.206198 0.139502 1.991826
0.700000 0.450000 1.198862 0.132280 1.949620
0.750000 0.450000 1.189726 0.125093 1.909303
0.800000 0.450000 1.179283 0.118087 1.870620
0.850000 0.450000 1.167934 0.111366 1.833320
0.900000 0.450000 1.155999 0.105003 1.797179
0.950000 0.450000 1.143725 0.099047 1.761998
1.000000 0.450000 1.131301 0.093533 1.727609
1.050000 0.450000 1.118865 0.088484 1.693873
1.100000 0.450000 1.106516 0.083915 1.660674
1.150000 0.450000 1.094322 0.079837 1.627922
1.200000 0.450000 1.082326 0.076254 1.595542
1.250000 0.450000 1.070550 0.073168 1.563477
1.300000 0.450000 1.059004 0.070578 1.531685
1.350000 0.450000 1.047684 0.068478 1.500133
1.400000 0.450000 1.036579 0.066856 1.468801
1.450000 0.450000 1.025673 0.065686 1.437673
1.500000 0.450000 1.014947 0.064923 1.406752
1.550000 0.450000 1.004384 0.064491 1.376027
1.600000 0.450000 0.993977 0.064261 1.345545
1.650000 0.450000 0.983727 0.064026 1.315242
1.700000 0.450000 0.973689 0.063463 1.285369
1.750000 0.450000 0.963900 0.062076 1.255441
1.800000 0.450000 0.954647 0.059113 1.226859
1.850000 0.450000 0.945905 0.053474 1.196457
1.900000 0.450000 0.938902 0.043506 1.172563
1.950000 0.450000 0.932470 0.026888 1.135235
2.000000 0.450000 0.932470 0.000000 1.135235

0.000000 0.500000 1.000000 0.000000 2.411964
0.050000 0.500000 1.009465 0.027721 2.411964
0.100000 0.500000 1.027553 0.055111 2.430696
0.150000 0.500000 1.054765 0.080201 2.418435
0.200000 0.500000 1.085373 0.101950 2.396022
0.250000 0.500000 1.116340 0.119704 2.360800
0.300000 0.500000 1.144817 0.133315 2.318385
0.350000 0.500000 1.169171 0.142968 2.271347
0.400000 0.500000 1.188542 0.149063 2.222375
0.450000 0.500000 1.202731 0.152106 2.173226
0.500000 0.500000 1.211973 0.152632 2.125058
0.550000 0.500000 1.216755 0.151156 2.078509
0.600000 0.500000 1.217692 0.148142 2.033844
0.650000 0.500000 1.215424 0.143996 1.991092
0.700000 0.500000 1.210565 0.139060 1.950135
0.750000 0.500000 1.203670 0.133618 1.910785
0.800000 0.500000 1.195216 0.127901 1.872827
0.850000 0.500000 1.185607 0.122094 1.836049
0.900000 0.500000 1.175171 0.116344 1.800255
0.950000 0.500000 1.164173 0.110767 1.765275
1.000000 0.500000 1.152819 0.105451 1.730963
1.050000 0.500000 1.141269 0.100465 1.697197
1.100000 0.500000 1.129645 0.095861 1.663880
1.150000 0.500000 1.118036 0.091678 1.630933
1.200000 0.500000 1.106506 0.087944 1.598291
1.250000 0.500000 1.095099 0.084680 1.565908
1.300000 0.500000 1.083845 0.081899 1.533744
1.350000 0.500000 1.072757 0.079606 1.501774
1.400000 0.500000 1.061841 0.077795 1.469980
1.450000 0.500000 1.051095 0.076448 1.438352
1.500000 0.500000 1.040511 0.075521 1.406894
1.550000 0.500000 1.030077 0.074936 1.375602
1.600000 0.500000 1.019789 0.074553 1.344532
1.650000 0.500000 1.009641 0.074147 1.313628
1.700000 0.500000 0.999680 0.073355 1.283162
1.750000 0.500000 0.989927 0.071620 1.252647
1.800000 0.500000 0.980660 0.068088 1.223542
1.850000 0.500000 0.971841 0.061506 1.192577
1.900000 0.500000 0.964729 0.049985 1.168318
1.950000 0.500000 0.958143 0.030859 1.130122
2.000000 0.500000 0.958143 0.000000 1.130122

0.000000 0.550000 1.000000 0.000000 2.395406
0.050000 0.550000 1.009022 0.015305 2.395406
0.100000 0.550000 1.026009 0.033209 2.412125
0.150000 0.550000 1.051299 0.052534 2.399688
0.200000 0.550000 1.079614 0.072170 2.377463
0.250000 0.550000 1.108245 0.090761 2.343404
0.300000 0.550000 1.134687 0.107317 2.302698
0.350000 0.550000 1.157511 0.121172 2.257807
0.400000 0.550000 1.175952 0.132032 2.211187
0.450000 0.550000 1.189815 0.139888 2.164435
0.500000 0.550000 1.199271 0.144937 2.118575
0.550000 0.550000 1.204712 0.147500 2.074157
0.600000 0.550000 1.206642 0.147956 2.031393
0.650000 0.550000 1.205599 0.146699 1.990286
0.700000 0.550000 1.202101 0.144103 1.950711
0.750000 0.550000 1.196625 0.140510 1.912489
0.800000 0.550000 1.189588 0.136217 1.875422
0.850000 0.550000 1.181346 0.131477 1.839319
0.900000 0.550000 1.172197 0.126502 1.804008
0.950000 0.550000 1.162383 0.121463 1.769340
1.000000 0.550000 1.152103 0.116500 1.735194
1.050000 0.550000 1.141513 0.111720 1.701468
1.100000 0.550000 1.130736 0.107210 1.668082
1.150000 0.550000 1.119871 0.103036 1.634971
1.200000 0.550000 1.108991 0.099249 1.602085
1.250000 0.550000 1.098154 0.095887 1.569384
1.300000 0.550000 1.087403 0.092977 1.536841
1.350000 0.550000 1.076767 0.090537 1.504432
1.400000 0.550000 1.066265 0.088571 1.472147
1.450000 0.550000 1.055908 0.087069 1.439976
1.500000 0.550000 1.045696 0.085992 1.407931
1.550000 0.550000 1.035623 0.085263 1.376012
1.600000 0.550000 1.025684 0.084742 1.344285
1.650000 0.550000 1.015863 0.084187 1.312703
1.700000 0.550000 1.006193 0.083205 1.281563
1.750000 0.550000 0.996669 0.081177 1.250379
1.800000 0.550000 0.987551 0.077144 1.220685
1.850000 0.550000 0.978775 0.069684 1.189093
1.900000 0.550000 0.971631 0.056645 1.164446
1.950000 0.550000 0.964922 0.034984 1.125332
2.000000 0.550000 0.964922 0.000000 1.125332

0.000000 0.600000 1.000000 0.000000 2.391968
0.050000 0.600000 1.009344 0.002919 2.391968
0.100000 0.600000 1.025918 0.012137 2.404405
0.150000 0.600000 1.049347 0.026571 2.388776
0.200000 0.600000 1.074544 0.044760 2.363211
0.250000 0.600000 1.099146 0.064465 2.327300
0.300000 0.600000 1.121236 0.083867 2.285777
0.350000 0.600000 1.139857 0.101531 2.241195
0.400000 0.600000 1.154610 0.116587 2.195657
0.450000 0.600000 1.165498 0.128619 2.150520
0.500000 0.600000 1.172763 0.137570 2.106547
0.550000 0.600000 1.176772 0.143621 2.064096
0.600000 0.600000 1.177946 0.147094 2.023238
0.650000 0.600000 1.176708 0.148378 1.983882
0.700000 0.600000 1.173455 0.147877 1.945855
0.750000 0.600000 1.168548 0.145977 1.908953
0.800000 0.600000 1.162303 0.143028 1.872974
0.850000 0.600000 1.154991 0.139335 1.837740
0.900000 0.600000 1.146841 0.135159 1.803093
0.950000 0.600000 1.138046 0.130715 1.768908
1.000000 0.600000 1.128766 0.126178 1.735083
1.050000 0.600000 1.119133 0.121691 1.701539
1.100000 0.600000 1.109258 0.117364 1.668213
1.150000 0.600000 1.099231 0.113287 1.635058
1.200000 0.600000 1.089127 0.109526 1.602038
1.250000 0.600000 1.079009 0.106137 1.569124
1.300000 0.600000 1.068928 0.103157 1.536296
1.350000 0.600000 1.058924 0.100616 1.503538
1.400000 0.600000 1.049028 0.098529 1.470843
1.450000 0.600000 1.039262 0.096895 1.438204
1.500000 0.600000 1.029635 0.095686 1.405637
1.550000 0.600000 1.020146 0.094833 1.373146
1.600000 0.600000 1.010786 0.094198 1.340807
1.650000 0.600000 1.001528 0.093535 1.308583
1.700000 0.600000 0.992384 0.092428 1.276807
1.750000 0.600000 0.983314 0.090203 1.244992
1.800000 0.600000 0.974544 0.085792 1.214778
1.850000 0.600000 0.965963 0.077593 1.182657
1.900000 0.600000 0.958884 0.063156 1.157807
1.950000 0.600000 0.952096 0.039042 1.118085
2.000000 0.600000 0.952096 0.000000 1.118085

0.000000 0.650000 1.000000 0.000000 2.416763
0.050000 0.650000 1.010259 -0.008973 2.416763
0.100000 0.650000 1.026677 -0.006832 2.423008
0.150000 0.650000 1.047596 0.004494 2.401343
0.200000 0.650000 1.068122 0.022785 2.368632
0.250000 0.650000 1.086430 0.044531 2.327711
0.300000 0.650000 1.101546 0.067046 2.282684
0.350000 0.650000 1.113258 0.088227 2.236450
0.400000 0.650000 1.121738 0.106809 2.190588
0.450000 0.650000 1.127308 0.122143 2.146132
0.500000 0.650000 1.130341 0.134062 2.103441
0.550000 0.650000 1.131194 0.142708 2.062586
0.600000 0.650000 1.130191 0.148407 2.023411
0.650000 0.650000 1.127613 0.151571 1.985679
0.700000 0.650000 1.123704 0.152638 1.949122
0.750000 0.650000 1.118674 0.152032 1.913489
0.800000 0.650000 1.112702 0.150139 1.878557
0.850000 0.650000 1.105944 0.147299 1.844148
0.900000 0.650000 1.098536 0.143801 1.810117
0.950000 0.650000 1.090596 0.139888 1.776356
1.000000 0.650000 1.082229 0.135756 1.742786
1.050000 0.650000 1.073527 0.131566 1.709346
1.100000 0.650000 1.064574 0.127444 1.675997
1.150000 0.650000 1.055444 0.123493 1.642706
1.200000 0.650000 1.046205 0.119791 1.609454
1.250000 0.650000 1.036918 0.116400 1.576222
1.300000 0.650000 1.027638 0.113370 1.542998
1.350000 0.650000 1.018415 0.110738 1.509771
1.400000 0.650000 1.009290 0.108527 1.476533
1.450000 0.650000 1.000294 0.106749 1.443279
1.500000 0.650000 0.991449 0.105388 1.410019
1.550000 0.650000 0.982757 0.104387 1.376751
1.600000 0.650000 0.974212 0.103621 1.343551
1.650000 0.650000 0.965774 0.102852 1.310374
1.700000 0.650000 0.957429 0.101649 1.277576
1.750000 0.650000 0.949089 0.099296 1.244645
1.800000 0.650000 0.940932 0.094615 1.213344
1.850000 0.650000 0.932765 0.085810 1.179979
1.900000 0.650000 0.925908 0.070079 1.154249
1.950000 0.650000 0.919071 0.043499 1.112819
2.000000 0.650000 0.919071 0.000000 1.112819

0.000000 0.700000 1.000000 0.000000 2.444257
0.050000 0.700000 1.011752 -0.023387 2.444257
0.100000 0.700000 1.027508 -0.026625 2.433186
0.150000 0.700000 1.043595 -0.015838 2.400083
0.200000 0.700000 1.056402 0.004858 2.355150
0.250000 0.700000 1.065080 0.030007 2.306535
0.300000 0.700000 1.070111 0.056031 2.256324
0.350000 0.700000 1.072212 0.080348 2.207685
0.400000 0.700000 1.072197 0.101570 2.161222
0.450000 0.700000 1.070674 0.119066 2.117469
0.500000 0.700000 1.068082 0.132751 2.076235
0.550000 0.700000 1.064695 0.142852 2.037230
0.600000 0.700000 1.060672 0.149770 2.000030
0.650000 0.700000 1.056103 0.153972 1.964230
0.700000 0.700000 1.051035 0.155936 1.929462
0.750000 0.700000 1.045495 0.156112 1.895423
0.800000 0.700000 1.039505 0.154902 1.861871
0.850000 0.700000 1.033088 0.152658 1.828627
0.900000 0.700000 1.026272 0.149677 1.795560
0.950000 0.700000 1.019092 0.146204 1.762580
1.000000 0.700000 1.011588 0.142443 1.729630
1.050000 0.700000 1.003805 0.138555 1.696671
1.100000 0.700000 0.995794 0.134670 1.663681
1.150000 0.700000 0.987609 0.130893 1.630649
1.200000 0.700000 0.979305 0.127304 1.597566
1.250000 0.700000 0.970940 0.123968 1.564426
1.300000 0.700000 0.962571 0.120939 1.531223
1.350000 0.700000 0.954253 0.118259 1.497949
1.400000 0.700000 0.946037 0.115959 1.464596
1.450000 0.700000 0.937968 0.114060 1.431155
1.500000 0.700000 0.930079 0.112562 1.397629
1.550000 0.700000 0.922384 0.111427 1.364006
1.600000 0.700000 0.914880 0.110553 1.330361
1.650000 0.700000 0.907519 0.109722 1.296635
1.700000 0.700000 0.900264 0.108514 1.263215
1.750000 0.700000 0.892968 0.106193 1.229568
1.800000 0.700000 0.885738 0.101492 1.197637
1.850000 0.700000 0.878250 0.092421 1.163547
1.900000 0.700000 0.871791 0.075779 1.137678
1.950000 0.700000 0.864991 0.047190 1.095819
2.000000 0.700000 0.864991 0.000000 1.095819

0.000000 0.750000 1.000000 0.000000 2.562014
0.050000 0.750000 1.012404 -0.033301 2.562014
0.100000 0.750000 1.025047 -0.036257 2.525344
0.150000 0.750000 1.031790 -0.021811 2.475251
0.200000 0.750000 1.032161 0.003891 2.410742
0.250000 0.750000 1.026969 0.033273 2.349677
0.300000 0.750000 1.018707 0.062320 2.290612
0.350000 0.750000 1.008982 0.088463 2.237165
0.400000 0.750000 0.999088 0.110623 2.188405
0.450000 0.750000 0.989675 0.128487 2.144142
0.500000 0.750000 0.981044 0.142236 2.103412
0.550000 0.750000 0.973225 0.152281 2.065444
0.600000 0.750000 0.966112 0.159132 2.029469
0.650000 0.750000 0.959533 0.163315 1.994876
0.700000 0.750000 0.953306 0.165326 1.961172
0.750000 0.750000 0.947260 0.165614 1.927992
0.800000 0.750000 0.941253 0.164569 1.895072
0.850000 0.750000 0.935177 0.162526 1.862230
0.900000 0.750000 0.928956 0.159761 1.829352
0.950000 0.750000 0.922544 0.156505 1.796368
1.000000 0.750000 0.915921 0.152944 1.763243
1.050000 0.750000 0.909088 0.149228 1.729965
1.100000 0.750000 0.902064 0.145476 1.696532
1.150000 0.750000 0.894883 0.141784 1.662952
1.200000 0.750000 0.887587 0.138228 1.629232
1.250000 0.750000 0.880231 0.134868 1.595376
1.300000 0.750000 0.872871 0.131756 1.561385
1.350000 0.750000 0.865569 0.128934 1.527250
1.400000 0.750000 0.858387 0.126439 1.492957
1.450000 0.750000 0.851382 0.124297 1.458477
1.500000 0.750000 0.844606 0.122523 1.423790
1.550000 0.750000 0.838091 0.121099 1.388843
1.600000 0.750000 0.831849 0.119953 1.353658
1.650000 0.750000 0.825837 0.118899 1.318098
1.700000 0.750000 0.820005 0.117551 1.282496
1.750000 0.750000 0.814150 0.115180 1.246158
1.800000 0.750000 0.808294 0.110457 1.211143
1.850000 0.750000 0.801908 0.101196 1.173065
1.900000 0.750000 0.796218 0.083718 1.143565
1.950000 0.750000 0.789429 0.052832 1.095332
2.000000 0.750000 0.789429 0.000000 1.095332

0.000000 0.800000 1.000000 0.000000 2.591623
0.050000 0.800000 1.009915 -0.053410 2.591623
0.100000 0.800000 1.013319 -0.051872 2.484231
0.150000 0.800000 1.001316 -0.029203 2.409361
0.200000 0.800000 0.982234 0.003912 2.320769
0.250000 0.800000 0.958596 0.037672 2.249160
0.300000 0.800000 0.934828 0.068469 2.184186
0.350000 0.800000 0.912668 0.094513 2.129298
0.400000 0.800000 0.893255 0.115546 2.081246
0.450000 0.800000 0.876784 0.131863 2.039048
0.500000 0.800000 0.863097 0.144034 2.000992
0.550000 0.800000 0.851795 0.152687 1.965937
0.600000 0.800000 0.842415 0.158430 1.932877
0.650000 0.800000 0.834496 0.161811 1.901081
0.700000 0.800000 0.827628 0.163307 1.870001
0.750000 0.800000 0.821462 0.163328 1.839254
0.800000 0.800000 0.815719 0.162216 1.808580
0.850000 0.800000 0.810185 0.160256 1.777813
0.900000 0.800000 0.804703 0.157683 1.746858
0.950000 0.800000 0.799168 0.154687 1.715668
1.000000 0.800000 0.793514 0.151422 1.684229
1.050000 0.800000 0.787711 0.148012 1.652547
1.100000 0.800000 0.781753 0.144555 1.620638
1.150000 0.800000 0.775658 0.141128 1.588524
1.200000 0.800000 0.769461 0.137795 1.556221
1.250000 0.800000 0.763209 0.134606 1.523744
1.300000 0.800000 0.756960 0.131605 1.491095
1.350000 0.800000 0.750781 0.128830 1.458267
1.400000 0.800000 0.744741 0.126317 1.425240
1.450000 0.800000 0.738913 0.124098 1.391979
1.500000 0.800000 0.733367 0.122198 1.358446
1.550000 0.800000 0.728158 0.120623 1.324564
1.600000 0.800000 0.723325 0.119338 1.290334
1.650000 0.800000 0.718846 0.118215 1.255577
1.700000 0.800000 0.714677 0.116942 1.220631
1.750000 0.800000 0.710571 0.114865 1.184738
1.800000 0.800000 0.706462 0.110686 1.150206
1.850000 0.800000 0.701554 0.102130 1.112392
1.900000 0.800000 0.696880 0.085071 1.084201
1.950000 0.800000 0.690345 0.053928 1.038028
2.000000 0.800000 0.690345 0.000000 1.038028

0.000000 0.850000 1.000000 0.000000 3.046008
0.050000 0.850000 0.992165 -0.033902 3.046008
0.100000 0.850000 0.973460 -0.010829 2.831768
0.150000 0.850000 0.931491 0.023342 2.710946
0.200000 0.850000 0.887344 0.060972 2.576425
0.250000 0.850000 0.843590 0.094049 2.480679
0.300000 0.850000 0.805394 0.121361 2.400144
0.350000 0.850000 0.773206 0.142768 2.337265
0.400000 0.850000 0.747133 0.159027 2.285056
0.450000 0.850000 0.726383 0.170968 2.240977
0.500000 0.850000 0.710087 0.179393 2.202059
0.550000 0.850000 0.697329 0.184982 2.166497
0.600000 0.850000 0.687292 0.188306 2.132883
0.650000 0.850000 0.679270 0.189832 2.100285
0.700000 0.850000 0.672687 0.189942 2.068061
0.750000 0.850000 0.667080 0.188950 2.035802
0.800000 0.850000 0.662091 0.187113 2.003258
0.850000 0.850000 0.657451 0.184641 1.970296
0.900000 0.850000 0.652966 0.181705 1.936859
0.950000 0.850000 0.648499 0.178443 1.902944
1.000000 0.850000 0.643967 0.174969 1.868577
1.050000 0.850000 0.639321 0.171371 1.833804
1.100000 0.850000 0.634547 0.167721 1.798676
1.150000 0.850000 0.629654 0.164077 1.763242
1.200000 0.850000 0.624671 0.160484 1.727544
1.250000 0.850000 0.619640 0.156980 1.691611
1.300000 0.850000 0.614619 0.153599 1.655455
1.350000 0.850000 0.609675 0.150370 1.619068
1.400000 0.850000 0.604885 0.147322 1.582415
1.450000 0.850000 0.600332 0.144484 1.545426
1.500000 0.850000 0.596107 0.141882 1.507998
1.550000 0.850000 0.592294 0.139533 1.469950
1.600000 0.850000 0.588977 0.137424 1.431111
1.650000 0.850000 0.586184 0.135473 1.391033
1.700000 0.850000 0.583930 0.133443 1.349688
1.750000 0.850000 0.581982 0.130777 1.305676
1.800000 0.850000 0.580255 0.126269 1.260899
1.850000 0.850000 0.577617 0.117567 1.208889
1.900000 0.850000 0.574961 0.100041 1.165252
1.950000 0.850000 0.568255 0.066002 1.090976
2.000000 0.850000 0.568255 0.000000 1.090976

0.000000 0.900000 1.000000 0.000000 2.671400
0.050000 0.900000 0.928137 -0.068572 2.671400
0.100000 0.900000 0.864212 -0.024060 2.267487
0.150000 0.900000 0.779645 0.021175 2.138248
0.200000 0.900000 0.712014 0.059612 1.995129
0.250000 0.900000 0.655092 0.087842 1.909359
0.300000 0.900000 0.610864 0.108255 1.839749
0.350000 0.900000 0.576459 0.122726 1.788634
0.400000 0.900000 0.550256 0.132862 1.747271
0.450000 0.900000 0.530385 0.139798 1.713153
0.500000 0.900000 0.515410 0.144342 1.683366
0.550000 0.900000 0.504115 0.147075 1.656322
0.600000 0.900000 0.495545 0.148417 1.630803
0.650000 0.900000 0.488943 0.148685 1.606039
0.700000 0.900000 0.483719 0.148122 1.581512
0.750000 0.900000 0.479423 0.146918 1.556899
0.800000 0.900000 0.475713 0.145223 1.532010
0.850000 0.900000 0.472339 0.143161 1.506747
0.900000 0.900000 0.469121 0.140829 1.481075
0.950000 0.900000 0.465935 0.138307 1.454998
1.000000 0.900000 0.462704 0.135659 1.428547
1.050000 0.900000 0.459385 0.132936 1.401762
1.100000 0.900000 0.455961 0.130179 1.374689
1.150000 0.900000 0.452441 0.127421 1.347372
1.200000 0.900000 0.448845 0.124688 1.319847
1.250000 0.900000 0.445212 0.122002 1.292140
1.300000 0.900000 0.441590 0.119383 1.264262
1.350000 0.900000 0.438039 0.116849 1.236206
1.400000 0.900000 0.434630 0.114419 1.207946
1.450000 0.900000 0.431442 0.112116 1.179423
1.500000 0.900000 0.428567 0.109964 1.150560
1.550000 0.900000 0.426106 0.107986 1.121208
1.600000 0.900000 0.424166 0.106200 1.091245
1.650000 0.900000 0.422823 0.104590 1.060316
1.700000 0.900000 0.422155 0.103057 1.028506
1.750000 0.900000 0.421998 0.101274 0.994661
1.800000 0.900000 0.422294 0.098413 0.960967
1.850000 0.900000 0.421740 0.092562 0.921745
1.900000 0.900000 0.420749 0.079346 0.892643
1.950000 0.900000 0.414957 0.052140 0.843522
2.000000 0.900000 0.414957 0.000000 0.843522

0.000000 0.950000 1.000000 0.000000 4.776743
0.050000 0.950000 0.724039 0.185724 4.776743
0.100000 0.950000 0.616009 0.234468 3.844133
0.150000 0.950000 0.508202 0.254656 3.555893
0.200000 0.950000 0.439449 0.263279 3.301140
0.250000 0.950000 0.388133 0.268770 3.162047
0.300000 0.950000 0.352290 0.271999 3.061674
0.350000 0.950000 0.326402 0.273871 2.992914
0.400000 0.950000 0.307889 0.274603 2.939669
0.450000 0.950000 0.294545 0.274435 2.896008
0.500000 0.950000 0.284934 0.273502 2.857087
0.550000 0.950000 0.277979 0.271921 2.820347
0.600000 0.950000 0.272909 0.269779 2.784101
0.650000 0.950000 0.269150 0.267155 2.747397
0.700000 0.950000 0.266281 0.264118 2.709690
0.750000 0.950000 0.263989 0.260729 2.670724
0.800000 0.950000 0.262047 0.257047 2.630419
0.850000 0.950000 0.260291 0.253124 2.588810
0.900000 0.950000 0.258606 0.249005 2.546003
0.950000 0.950000 0.256918 0.244733 2.502139
1.000000 0.950000 0.255179 0.240345 2.457376
1.050000 0.950000 0.253365 0.235873 2.411873
1.100000 0.950000 0.251471 0.231342 2.365778
1.150000 0.950000 0.249504 0.226775 2.319222
1.200000 0.950000 0.247480 0.222191 2.272310
1.250000 0.950000 0.245428 0.217603 2.225125
1.300000 0.950000 0.243379 0.213024 2.177713
1.350000 0.950000 0.241378 0.208463 2.130083
1.400000 0.950000 0.239476 0.203926 2.082197
1.450000 0.950000 0.237735 0.199417 2.033946
1.500000 0.950000 0.236234 0.194937 1.985131
1.550000 0.950000 0.235071 0.190480 1.935383
1.600000 0.950000 0.234372 0.186028 1.884171
1.650000 0.950000 0.234274 0.181524 1.830423
1.700000 0.950000 0.234980 0.176854 1.772979
1.750000 0.950000 0.236541 0.171687 1.708501
1.800000 0.950000 0.239246 0.165386 1.636153
1.850000 0.950000 0.241887 0.155985 1.542717
1.900000 0.950000 0.245456 0.139367 1.446556
1.950000 0.950000 0.238389 0.101118 1.266625
2.000000 0.950000 0.238389 0.000000 1.266625

0.000000 1.000000 0.000000 0.000000 0.000000
0.050000 1.000000 0.000000 0.000000 0.000000
0.100000 1.000000 0.000000 0.000000 0.000000
0.150000 1.000000 0.000000 0.000000 0.000000
0.200000 1.000000 0.000000 0.000000 0.000000
0.250000 1.000000 0.000000 0.000000 0.000000
0.300000 1.000000 0.000000 0.000000 0.000000
0.350000 1.000000 0.000000 0.000000 0.000000
0.400000 1.000000 0.000000 0.000000 0.000000
0.450000 1.000000 0.000000 0.000000 0.000000
0.500000 1.000000 0.000000 0.000000 0.000000
0.550000 1.000000 0.000000 0.000000 0.000000
0.600000 1.000000 0.000000 0.000000 0.000000
0.650000 1.000000 0.000000 0.000000 0.000000
0.700000 1.000000 0.000000 0.000000 0.000000
0.750000 1.000000 0.000000 0.000000 0.000000
0.800000 1.000000 0.000000 0.000000 0.000000
0.850000 1.000000 0.000000 0.000000 0.000000
0.900000 1.000000 0.000000 0.000000 0.000000
0.950000 1.000000 0.000000 0.000000 0.000000
1.000000 1.000000 0.000000 0.000000 0.000000
1.050000 1.000000 0.000000 0.000000 0.000000
1.100000 1.000000 0.000000 0.000000 0.000000
1.150000 1.000000 0.000000 0.000000 0.000000
1.200000 1.000000 0.000000 0.000000 0.000000
1.250000 1.000000 0.000000 0.000000 0.000000
1.300000 1.000000 0.000000 0.000000 0.000000
1.350000 1.000000 0.000000 0.000000 0.000000
1.400000 1.000000 0.000000 0.000000 0.000000
1.450000 1.000000 0.000000 0.000000 0.000000
1.500000 1.000000 0.000000 0.000000 0.000000
1.550000 1.000000 0.000000 0.000000 0.000000
1.600000 1.000000 0.000000 0.000000 0.000000
1.650000 1.000000 0.000000 0.000000 0.000000
1.700000 1.000000 0.000000 0.000000 0.000000
1.750000 1.000000 0.000000 0.000000 0.000000
1.800000 1.000000 0.000000 0.000000 0.000000
1.850000 1.000000 0.000000 0.000000 0.000000
1.900000 1.000000 0.000000 0.000000 0.000000
1.950000 1.000000 0.000000 0.000000 0.000000
2.000000 1.000000 0.000000 0.000000 0.000000

