# i		j		x		y		u		v		p
# nx		ny		
# 41		41
# =================================
0	0	0	0	0	0	-4.29237
0	1	0	0.025	0	0	-4.29237
0	2	0	0.05	0	0	-4.31363
0	3	0	0.075	0	0	-4.32357
0	4	0	0.1	0	0	-4.34107
0	5	0	0.125	0	0	-4.33441
0	6	0	0.15	0	0	-4.34882
0	7	0	0.175	0	0	-4.34315
0	8	0	0.2	0	0	-4.34131
0	9	0	0.225	0	0	-4.35446
0	10	0	0.25	0	0	-4.33052
0	11	0	0.275	0	0	-4.35869
0	12	0	0.3	0	0	-4.33215
0	13	0	0.325	0	0	-4.34696
0	14	0	0.35	0	0	-4.35046
0	15	0	0.375	0	0	-4.32762
0	16	0	0.4	0	0	-4.37068
0	17	0	0.425	0	0	-4.3235
0	18	0	0.45	0	0	-4.37477
0	19	0	0.475	0	0	-4.34807
0	20	0	0.5	0	0	-4.36628
0	21	0	0.525	0	0	-4.38966
0	22	0	0.55	0	0	-4.37092
0	23	0	0.575	0	0	-4.42957
0	24	0	0.6	0	0	-4.40624
0	25	0	0.625	0	0	-4.47355
0	26	0	0.65	0	0	-4.46234
0	27	0	0.675	0	0	-4.54874
0	28	0	0.7	0	0	-4.53186
0	29	0	0.725	0	0	-4.66233
0	30	0	0.75	0	0	-4.65135
0	31	0	0.775	0	0	-4.78776
0	32	0	0.8	0	0	-4.87977
0	33	0	0.825	0	0	-4.93095
0	34	0	0.85	0	0	-5.23026
0	35	0	0.875	0	0	-5.20004
0	36	0	0.9	0	0	-5.66627
0	37	0	0.925	0	0	-5.72793
0	38	0	0.95	0	0	-6.07694
0	39	0	0.975	0	0	-6.69406
0	40	0	1	1	0	0
1	0	0.025	0	0	0	-4.29237
1	1	0.025	0.025	0.0164507	0.00175689	-4.29237
1	2	0.025	0.05	0.0213207	0.00274724	-4.31363
1	3	0.025	0.075	0.0238335	0.00313049	-4.32357
1	4	0.025	0.1	0.0226969	0.00273913	-4.34107
1	5	0.025	0.125	0.0243923	0.00263281	-4.33441
1	6	0.025	0.15	0.0228946	0.00295839	-4.34882
1	7	0.025	0.175	0.0229797	0.00245706	-4.34315
1	8	0.025	0.2	0.0242398	0.00358702	-4.34131
1	9	0.025	0.225	0.0209122	0.00318122	-4.35446
1	10	0.025	0.25	0.0252498	0.00413384	-4.33052
1	11	0.025	0.275	0.0204866	0.00488681	-4.35869
1	12	0.025	0.3	0.0236434	0.00470422	-4.33215
1	13	0.025	0.325	0.0230459	0.00698299	-4.34696
1	14	0.025	0.35	0.0195924	0.00610743	-4.35046
1	15	0.025	0.375	0.0264522	0.00864989	-4.32762
1	16	0.025	0.4	0.0168308	0.00894793	-4.37068
1	17	0.025	0.425	0.0262777	0.0098699	-4.3235
1	18	0.025	0.45	0.0191119	0.012664	-4.37477
1	19	0.025	0.475	0.0208636	0.0117847	-4.34807
1	20	0.025	0.5	0.0250702	0.015968	-4.36628
1	21	0.025	0.525	0.0146046	0.0155334	-4.38966
1	22	0.025	0.55	0.0283883	0.0184659	-4.37092
1	23	0.025	0.575	0.0139587	0.0206199	-4.42957
1	24	0.025	0.6	0.0248693	0.0213402	-4.40624
1	25	0.025	0.625	0.0193867	0.0252499	-4.47355
1	26	0.025	0.65	0.0183399	0.0258668	-4.46234
1	27	0.025	0.675	0.0240233	0.0287277	-4.54874
1	28	0.025	0.7	0.0164851	0.0311499	-4.53186
1	29	0.025	0.725	0.0228848	0.0322337	-4.66233
1	30	0.025	0.75	0.0202398	0.0342976	-4.65135
1	31	0.025	0.775	0.0209308	0.0360273	-4.78776
1	32	0.025	0.8	0.0224122	0.0333698	-4.87977
1	33	0.025	0.825	0.0277227	0.0357	-4.93095
1	34	0.025	0.85	0.0223462	0.0264207	-5.23026
1	35	0.025	0.875	0.0483315	0.0195218	-5.20004
1	36	0.025	0.9	0.0447511	-0.0013242	-5.66627
1	37	0.025	0.925	0.107561	-0.0434528	-5.72793
1	38	0.025	0.95	0.18253	-0.109246	-6.07694
1	39	0.025	0.975	0.414393	-0.313475	-6.69406
1	40	0.025	1	1	0	0
2	0	0.05	0	0	0	-4.05295
2	1	0.05	0.025	0.0115025	0.00108051	-4.05295
2	2	0.05	0.05	0.0174034	0.00316504	-4.04583
2	3	0.05	0.075	0.017784	0.0028645	-4.08241
2	4	0.05	0.1	0.0205839	0.00406053	-4.03326
2	5	0.05	0.125	0.0180412	0.00463749	-4.10005
2	6	0.05	0.15	0.0193051	0.00359494	-4.05009
2	7	0.05	0.175	0.0194022	0.00684831	-4.06451
2	8	0.05	0.2	0.0159445	0.00425803	-4.11043
2	9	0.05	0.225	0.0214599	0.00800889	-3.99988
2	10	0.05	0.25	0.0137177	0.00772751	-4.15828
2	11	0.05	0.275	0.0204773	0.00761178	-3.98968
2	12	0.05	0.3	0.0160964	0.0130863	-4.11337
2	13	0.05	0.325	0.0145043	0.00807036	-4.08735
2	14	0.05	0.35	0.0220878	0.0169541	-3.98086
2	15	0.05	0.375	0.00771692	0.0128574	-4.22211
2	16	0.05	0.4	0.0247603	0.0171653	-3.89297
2	17	0.05	0.425	0.00808946	0.021964	-4.23828
2	18	0.05	0.45	0.0176477	0.0164867	-3.98597
2	19	0.05	0.475	0.0180886	0.0303532	-4.07585
2	20	0.05	0.5	0.00396957	0.0208899	-4.21839
2	21	0.05	0.525	0.0286701	0.0331358	-3.88816
2	22	0.05	0.55	-0.00319506	0.0323455	-4.37267
2	23	0.05	0.575	0.0267749	0.0322162	-3.901
2	24	0.05	0.6	0.00553297	0.0446413	-4.30496
2	25	0.05	0.625	0.0108909	0.0352101	-4.13316
2	26	0.05	0.65	0.0226663	0.0499334	-4.15327
2	27	0.05	0.675	-0.00378186	0.0455126	-4.3511
2	28	0.05	0.7	0.0304981	0.0488334	-4.18077
2	29	0.05	0.725	-0.00123463	0.0550268	-4.39165
2	30	0.05	0.75	0.0231269	0.0487313	-4.4032
2	31	0.05	0.775	0.0154129	0.0517763	-4.437
2	32	0.05	0.8	0.0168987	0.0490407	-4.5447
2	33	0.05	0.825	0.0309944	0.0323489	-4.77321
2	34	0.05	0.85	0.0355791	0.0299143	-4.49157
2	35	0.05	0.875	0.0536758	-0.00727201	-5.29673
2	36	0.05	0.9	0.102043	-0.0434992	-4.57149
2	37	0.05	0.925	0.155293	-0.106285	-5.54646
2	38	0.05	0.95	0.30757	-0.211342	-4.91318
2	39	0.05	0.975	0.552431	-0.390351	-5.70309
2	40	0.05	1	1	0	0
3	0	0.075	0	0	0	-3.82137
3	1	0.075	0.025	0.00964953	0.0014607	-3.82137
3	2	0.075	0.05	0.013952	0.000848056	-3.84478
3	3	0.075	0.075	0.0176384	0.00391883	-3.77867
3	4	0.075	0.1	0.0162491	0.00383568	-3.88657
3	5	0.075	0.125	0.0180684	0.00403574	-3.76967
3	6	0.075	0.15	0.0169516	0.00821105	-3.85465
3	7	0.075	0.175	0.0151476	0.00395508	-3.85601
3	8	0.075	0.2	0.0186262	0.0113784	-3.73261
3	9	0.075	0.225	0.0118224	0.00763067	-3.98155
3	10	0.075	0.25	0.0187266	0.0107875	-3.64802
3	11	0.075	0.275	0.0119808	0.0159813	-3.97694
3	12	0.075	0.3	0.0139213	0.00859794	-3.76529
3	13	0.075	0.325	0.0170432	0.024076	-3.74884
3	14	0.075	0.35	0.00564772	0.0117816	-4.05739
3	15	0.075	0.375	0.0219741	0.0251687	-3.47329
3	16	0.075	0.4	0.00177776	0.0247001	-4.22693
3	17	0.075	0.425	0.0179939	0.0196702	-3.50028
3	18	0.075	0.45	0.00944586	0.0412475	-3.98438
3	19	0.075	0.475	0.0026684	0.018361	-3.95324
3	20	0.075	0.5	0.0242427	0.0485305	-3.45757
3	21	0.075	0.525	-0.0124996	0.0320407	-4.45881
3	22	0.075	0.55	0.0299863	0.041819	-3.1929
3	23	0.075	0.575	-0.00981515	0.0561252	-4.4615
3	24	0.075	0.6	0.0143425	0.0334027	-3.57947
3	25	0.075	0.625	0.0139675	0.0714071	-3.90373
3	26	0.075	0.65	-0.0135191	0.0405423	-4.30656
3	27	0.075	0.675	0.0388651	0.0657493	-3.41221
3	28	0.075	0.7	-0.0256814	0.0614278	-4.64445
3	29	0.075	0.725	0.0412026	0.0496244	-3.58115
3	30	0.075	0.75	-0.00410793	0.0705491	-4.3773
3	31	0.075	0.775	0.023297	0.0406315	-4.17226
3	32	0.075	0.8	0.0387825	0.0463562	-4.14497
3	33	0.075	0.825	0.0205071	0.0300768	-4.41059
3	34	0.075	0.85	0.0847552	-0.00875498	-4.53776
3	35	0.075	0.875	0.0780598	-0.0253848	-4.14638
3	36	0.075	0.9	0.165339	-0.0957318	-5.12986
3	37	0.075	0.925	0.248148	-0.167859	-4.09822
3	38	0.075	0.95	0.407621	-0.24662	-4.97147
3	39	0.075	0.975	0.656688	-0.41912	-4.8549
3	40	0.075	1	1	0	0
4	0	0.1	0	0	0	-3.59464
4	1	0.1	0.025	0.00744577	-0.000520609	-3.59464
4	2	0.1	0.05	0.0121253	0.00247626	-3.55324
4	3	0.1	0.075	0.0135522	0.00134931	-3.6464
4	4	0.1	0.1	0.01484	0.00387306	-3.50427
4	5	0.1	0.125	0.0145195	0.00681104	-3.65242
4	6	0.1	0.15	0.0135053	0.00359525	-3.56166
4	7	0.1	0.175	0.0146837	0.0125649	-3.52626
4	8	0.1	0.2	0.0110972	0.00595407	-3.73156
4	9	0.1	0.225	0.0142289	0.0140506	-3.35763
4	10	0.1	0.25	0.00985464	0.014753	-3.82871
4	11	0.1	0.275	0.0114355	0.0106116	-3.38775
4	12	0.1	0.3	0.0113632	0.0269329	-3.62922
4	13	0.1	0.325	0.00577498	0.0095875	-3.73766
4	14	0.1	0.35	0.0142308	0.0327029	-3.19552
4	15	0.1	0.375	0.000724241	0.0208435	-4.13205
4	16	0.1	0.4	0.013178	0.0260586	-2.98458
4	17	0.1	0.425	0.0024694	0.0435467	-4.04424
4	18	0.1	0.45	0.00333831	0.0160707	-3.43322
4	19	0.1	0.475	0.0126264	0.0610504	-3.3069
4	20	0.1	0.5	-0.0117917	0.0224621	-4.32875
4	21	0.1	0.525	0.0220779	0.0562715	-2.53846
4	22	0.1	0.55	-0.0177955	0.0528297	-4.7751
4	23	0.1	0.575	0.0160663	0.0344153	-2.67419
4	24	0.1	0.6	-0.00173475	0.0860327	-4.10361
4	25	0.1	0.625	-0.00964326	0.0240912	-3.86885
4	26	0.1	0.65	0.0296187	0.0899971	-2.82321
4	27	0.1	0.675	-0.0352374	0.0457396	-5.05731
4	28	0.1	0.7	0.0506065	0.0591971	-2.27865
4	29	0.1	0.725	-0.0278996	0.0782537	-5.03859
4	30	0.1	0.75	0.0422859	0.0232712	-3.11197
4	31	0.1	0.775	0.0241723	0.0740181	-3.99715
4	32	0.1	0.8	0.0222501	0.00700291	-4.36331
4	33	0.1	0.825	0.100724	0.0121859	-3.35769
4	34	0.1	0.85	0.0474843	-0.0171578	-4.65031
4	35	0.1	0.875	0.190746	-0.0865447	-3.87772
4	36	0.1	0.9	0.18253	-0.111475	-4.0583
4	37	0.1	0.925	0.35383	-0.208244	-4.56531
4	38	0.1	0.95	0.486157	-0.279136	-3.76739
4	39	0.1	0.975	0.7221	-0.394506	-4.69392
4	40	0.1	1	1	0	0
5	0	0.125	0	0	0	-3.34516
5	1	0.125	0.025	0.005852	0.000955891	-3.34516
5	2	0.125	0.05	0.0096321	-0.000703497	-3.38055
5	3	0.125	0.075	0.0103846	0.00279703	-3.28184
5	4	0.125	0.1	0.0123951	0.00368319	-3.41832
5	5	0.125	0.125	0.0102756	0.00348901	-3.28265
5	6	0.125	0.15	0.0116195	0.0105547	-3.34625
5	7	0.125	0.175	0.00981974	0.00482745	-3.41737
5	8	0.125	0.2	0.00895603	0.0151429	-3.16633
5	9	0.125	0.225	0.00975738	0.0114719	-3.58063
5	10	0.125	0.25	0.00600058	0.0138969	-3.07882
5	11	0.125	0.275	0.00884276	0.0241968	-3.51676
5	12	0.125	0.3	0.00407332	0.0104383	-3.31886
5	13	0.125	0.325	0.00630105	0.035219	-3.10807
5	14	0.125	0.35	0.00317475	0.0157471	-3.80448
5	15	0.125	0.375	0.00265737	0.0337962	-2.67824
5	16	0.125	0.4	0.00281056	0.0367307	-4.00838
5	17	0.125	0.425	-0.00167311	0.0206397	-2.83911
5	18	0.125	0.45	0.00339896	0.0626848	-3.42652
5	19	0.125	0.475	-0.00711797	0.0148483	-3.78962
5	20	0.125	0.5	0.00489781	0.0696868	-2.32914
5	21	0.125	0.525	-0.0115771	0.0374922	-4.76677
5	22	0.125	0.55	0.00380321	0.0465471	-1.84459
5	23	0.125	0.575	-0.00774079	0.0818507	-4.56379
5	24	0.125	0.6	-0.00610582	0.015775	-2.88701
5	25	0.125	0.625	0.00981419	0.108608	-2.93404
5	26	0.125	0.65	-0.0238308	0.0175359	-4.86409
5	27	0.125	0.675	0.0340253	0.0844395	-1.28361
5	28	0.125	0.7	-0.0294808	0.0597882	-5.88981
5	29	0.125	0.725	0.0469127	0.0232311	-1.42097
5	30	0.125	0.75	0.00468449	0.092603	-4.81141
5	31	0.125	0.775	0.0396233	-0.0250454	-3.42108
5	32	0.125	0.8	0.0851275	0.0558702	-2.76853
5	33	0.125	0.825	0.0427369	-0.0400634	-5.26315
5	34	0.125	0.85	0.195256	-0.0528939	-1.97872
5	35	0.125	0.875	0.127718	-0.0754296	-5.22596
5	36	0.125	0.9	0.338226	-0.183308	-2.94293
5	37	0.125	0.925	0.36119	-0.194265	-4.07663
5	38	0.125	0.95	0.583251	-0.292311	-3.81867
5	39	0.125	0.975	0.758664	-0.380754	-4.00725
5	40	0.125	1	1	0	0
6	0	0.15	0	0	0	-3.11709
6	1	0.15	0.025	0.00471463	-0.00079773	-3.11709
6	2	0.15	0.05	0.00609605	0.00097248	-3.08363
6	3	0.15	0.075	0.0096966	0.000992878	-3.14456
6	4	0.15	0.1	0.00609864	0.00275616	-3.0573
6	5	0.15	0.125	0.00965024	0.00655317	-3.12725
6	6	0.15	0.15	0.00653483	0.0048138	-3.11201
6	7	0.15	0.175	0.00517516	0.012507	-3.02149
6	8	0.15	0.2	0.00895179	0.0093146	-3.23429
6	9	0.15	0.225	-0.000426498	0.0152529	-2.90698
6	10	0.15	0.25	0.00918131	0.0186829	-3.27514
6	11	0.15	0.275	-0.00166993	0.0141789	-2.97348
6	12	0.15	0.3	0.00281068	0.030487	-3.05832
6	13	0.15	0.325	0.00307814	0.0153496	-3.31093
6	14	0.15	0.35	-0.007907	0.0361729	-2.65308
6	15	0.15	0.375	0.00769325	0.0279415	-3.65179
6	16	0.15	0.4	-0.0141129	0.0293953	-2.5076
6	17	0.15	0.425	0.00377514	0.0518934	-3.46447
6	18	0.15	0.45	-0.0098664	0.0183893	-3.0818
6	19	0.15	0.475	-0.0090049	0.0700855	-2.55791
6	20	0.15	0.5	-0.000393531	0.0250225	-4.14745
6	21	0.15	0.525	-0.020286	0.0611135	-1.64102
6	22	0.15	0.55	0.00391478	0.0610245	-4.61071
6	23	0.15	0.575	-0.0201727	0.0267941	-1.94046
6	24	0.15	0.6	0.00143423	0.10328	-3.4953
6	25	0.15	0.625	-0.0119406	0.00283296	-3.82336
6	26	0.15	0.65	0.00250342	0.106006	-1.33279
6	27	0.15	0.675	-0.00396991	0.0255719	-5.84944
6	28	0.15	0.7	0.0168371	0.0488742	-0.185053
6	29	0.15	0.725	0.0121849	0.0782624	-5.85651
6	30	0.15	0.75	0.0391218	-0.0316405	-1.64135
6	31	0.15	0.775	0.0610602	0.0896478	-3.43327
6	32	0.15	0.8	0.0619028	-0.0761392	-4.70876
6	33	0.15	0.825	0.15903	0.00745735	-0.813734
6	34	0.15	0.85	0.116673	-0.0827054	-6.50072
6	35	0.15	0.875	0.304566	-0.139249	-0.519465
6	36	0.15	0.9	0.276272	-0.126218	-5.60648
6	37	0.15	0.925	0.505443	-0.269699	-2.25568
6	38	0.15	0.95	0.587616	-0.242565	-3.78464
6	39	0.15	0.975	0.805436	-0.369146	-3.76143
6	40	0.15	1	1	0	0
7	0	0.175	0	0	0	-2.87084
7	1	0.175	0.025	0.0028639	-0.000317659	-2.87084
7	2	0.175	0.05	0.00611336	5.95393e-05	-2.86879
7	3	0.175	0.075	0.00271771	0.000761918	-2.86638
7	4	0.175	0.1	0.00767399	0.00310763	-2.85157
7	5	0.175	0.125	0.00209926	0.00446692	-2.87655
7	6	0.175	0.15	0.00344074	0.00743204	-2.82871
7	7	0.175	0.175	0.00549095	0.00928508	-2.88998
7	8	0.175	0.2	-0.0046828	0.0121896	-2.80729
7	9	0.175	0.225	0.00886498	0.0149154	-2.89447
7	10	0.175	0.25	-0.00895652	0.0163883	-2.81037
7	11	0.175	0.275	0.00360714	0.0220241	-2.84809
7	12	0.175	0.3	-0.0026769	0.0198157	-2.89216
7	13	0.175	0.325	-0.0122467	0.0294494	-2.707
7	14	0.175	0.35	0.00916287	0.0255294	-3.04955
7	15	0.175	0.375	-0.0266847	0.0327809	-2.55954
7	16	0.175	0.4	0.0103624	0.0378476	-3.09278
7	17	0.175	0.425	-0.0227649	0.0296526	-2.67811
7	18	0.175	0.45	-0.00983638	0.0542025	-2.74567
7	19	0.175	0.475	0.000526468	0.0280061	-3.23179
7	20	0.175	0.5	-0.039511	0.0609532	-2.07503
7	21	0.175	0.525	0.021032	0.0426651	-3.83306
7	22	0.175	0.55	-0.0491206	0.045191	-1.786
7	23	0.175	0.575	0.0148034	0.0750026	-3.60309
7	24	0.175	0.6	-0.0224979	0.0164381	-2.69811
7	25	0.175	0.625	-0.0145479	0.0979597	-2.117
7	26	0.175	0.65	0.0211759	0.00846757	-4.57467
7	27	0.175	0.675	-0.0316622	0.0741288	-0.392195
7	28	0.175	0.7	0.0509561	0.0414334	-5.72312
7	29	0.175	0.725	-0.00325055	-0.00108662	-0.411066
7	30	0.175	0.75	0.0674808	0.0804547	-4.4667
7	31	0.175	0.775	0.0637212	-0.0801565	-2.98333
7	32	0.175	0.8	0.110944	0.0546479	-1.31689
7	33	0.175	0.825	0.143778	-0.110703	-6.21644
7	34	0.175	0.85	0.225137	-0.0658802	0.938422
7	35	0.175	0.875	0.258274	-0.112132	-7.13049
7	36	0.175	0.9	0.41802	-0.221887	0.194628
7	37	0.175	0.925	0.474737	-0.163628	-5.22583
7	38	0.175	0.95	0.675641	-0.309799	-2.13249
7	39	0.175	0.975	0.810571	-0.305651	-3.60521
7	40	0.175	1	1	0	0
8	0	0.2	0	0	0	-2.62781
8	1	0.2	0.025	0.00251972	0.000395505	-2.62781
8	2	0.2	0.05	0.00112775	-0.0015679	-2.65556
8	3	0.2	0.075	0.00486469	0.00176341	-2.56709
8	4	0.2	0.1	-0.00129319	0.00229702	-2.69369
8	5	0.2	0.125	0.00226256	0.00307057	-2.55296
8	6	0.2	0.15	0.000323285	0.00939171	-2.6398
8	7	0.2	0.175	-0.00586215	0.00594336	-2.64799
8	8	0.2	0.2	0.00515614	0.0146147	-2.50527
8	9	0.2	0.225	-0.013536	0.0132558	-2.75542
8	10	0.2	0.25	0.00409883	0.0160167	-2.44414
8	11	0.2	0.275	-0.0109799	0.02334	-2.71397
8	12	0.2	0.3	-0.0103519	0.0177162	-2.5613
8	13	0.2	0.325	0.00295634	0.0303986	-2.52282
8	14	0.2	0.35	-0.0311025	0.024877	-2.74143
8	15	0.2	0.375	0.0128479	0.0320051	-2.38093
8	16	0.2	0.4	-0.0365883	0.0357043	-2.77506
8	17	0.2	0.425	-0.00176742	0.0333927	-2.42538
8	18	0.2	0.45	-0.0126219	0.0426131	-2.66162
8	19	0.2	0.475	-0.0409888	0.0402165	-2.51765
8	20	0.2	0.5	0.0241614	0.043772	-2.62025
8	21	0.2	0.525	-0.0715997	0.0474444	-2.47545
8	22	0.2	0.55	0.0345525	0.0476971	-2.68113
8	23	0.2	0.575	-0.0524707	0.0429206	-2.50218
8	24	0.2	0.6	-0.00353128	0.0594993	-2.45289
8	25	0.2	0.625	0.0166884	0.0276525	-3.04338
8	26	0.2	0.65	-0.0602432	0.0640144	-1.66525
8	27	0.2	0.675	0.0860202	0.0222618	-3.95677
8	28	0.2	0.7	-0.066282	0.0335943	-0.994591
8	29	0.2	0.725	0.108706	0.0382963	-4.11624
8	30	0.2	0.75	0.0180326	-0.0354032	-1.77256
8	31	0.2	0.775	0.0988607	0.0461485	-2.4805
8	32	0.2	0.8	0.156152	-0.102569	-4.26889
8	33	0.2	0.825	0.134016	-0.00880366	0.17914
8	34	0.2	0.85	0.293186	-0.127552	-6.59872
8	35	0.2	0.875	0.285202	-0.139034	1.37187
8	36	0.2	0.9	0.444734	-0.135367	-6.41397
8	37	0.2	0.925	0.541611	-0.270698	-0.232983
8	38	0.2	0.95	0.679371	-0.188287	-4.04761
8	39	0.2	0.975	0.840598	-0.334874	-2.78623
8	40	0.2	1	1	0	0
9	0	0.225	0	0	0	-2.40164
9	1	0.225	0.025	0.000693297	-0.00209115	-2.40164
9	2	0.225	0.05	0.00192169	0.00182386	-2.32967
9	3	0.225	0.075	-0.00233495	-0.00115068	-2.49113
9	4	0.225	0.1	0.000200051	0.00146092	-2.25157
9	5	0.225	0.125	-0.00379139	0.00717282	-2.47315
9	6	0.225	0.15	-0.00593094	0.000432742	-2.36851
9	7	0.225	0.175	-0.000978251	0.0152922	-2.24018
9	8	0.225	0.2	-0.0139959	0.00578012	-2.63214
9	9	0.225	0.225	0.000471337	0.0152275	-2.00938
9	10	0.225	0.25	-0.0162021	0.0204254	-2.69873
9	11	0.225	0.275	-0.00815666	0.00911974	-2.14645
9	12	0.225	0.3	-0.00708266	0.0353139	-2.31149
9	13	0.225	0.325	-0.0270643	0.0101392	-2.67781
9	14	0.225	0.35	0.00553989	0.0365318	-1.73917
9	15	0.225	0.375	-0.0405534	0.0278295	-3.07161
9	16	0.225	0.4	0.00196389	0.0229163	-1.6432
9	17	0.225	0.425	-0.0282375	0.0523226	-2.73743
9	18	0.225	0.45	-0.029843	0.0124939	-2.32968
9	19	0.225	0.475	0.00858081	0.0608157	-1.80852
9	20	0.225	0.5	-0.0711413	0.024272	-3.2193
9	21	0.225	0.525	0.0365865	0.0440255	-1.18162
9	22	0.225	0.55	-0.0753797	0.0517012	-3.36122
9	23	0.225	0.575	0.016645	0.0201964	-1.54675
9	24	0.225	0.6	-0.0137628	0.0646463	-2.5799
9	25	0.225	0.625	-0.05112	0.0154487	-2.49071
9	26	0.225	0.65	0.0818479	0.0455091	-1.77806
9	27	0.225	0.675	-0.101886	0.0271872	-2.94362
9	28	0.225	0.7	0.141927	0.0117786	-1.79302
9	29	0.225	0.725	-0.0503128	0.0181085	-2.65133
9	30	0.225	0.75	0.128515	-0.00829463	-2.16682
9	31	0.225	0.775	0.11446	-0.0360192	-2.67155
9	32	0.225	0.8	0.0904558	-0.0208033	-1.65536
9	33	0.225	0.825	0.312533	-0.105991	-3.83268
9	34	0.225	0.85	0.14699	-0.0717946	-0.252202
9	35	0.225	0.875	0.474695	-0.145862	-5.09508
9	36	0.225	0.9	0.367895	-0.178881	0.214334
9	37	0.225	0.925	0.628233	-0.16522	-4.61144
9	38	0.225	0.95	0.687063	-0.26538	-1.23112
9	39	0.225	0.975	0.853021	-0.244815	-3.16921
9	40	0.225	1	1	0	0
10	0	0.25	0	0	0	-2.13735
10	1	0.25	0.025	0.000287103	0.00158241	-2.13735
10	2	0.25	0.05	-0.00163501	-0.00349216	-2.22487
10	3	0.25	0.075	-0.00225867	0.0018512	-2.00504
10	4	0.25	0.1	-0.00509928	0.00264465	-2.29715
10	5	0.25	0.125	-0.00710627	-0.00155437	-2.03382
10	6	0.25	0.15	-0.006114	0.0133609	-2.10142
10	7	0.25	0.175	-0.0128259	-0.00124107	-2.34482
10	8	0.25	0.2	-0.00639305	0.0167419	-1.72715
10	9	0.25	0.225	-0.0162246	0.0115976	-2.61805
10	10	0.25	0.25	-0.0108835	0.00781447	-1.65889
10	11	0.25	0.275	-0.0136615	0.0327527	-2.34108
10	12	0.25	0.3	-0.0220812	-0.00108293	-2.24945
10	13	0.25	0.325	-0.00691668	0.042775	-1.49768
10	14	0.25	0.35	-0.0338693	0.0105772	-3.08212
10	15	0.25	0.375	-0.006218	0.0267142	-0.904597
10	16	0.25	0.4	-0.0325508	0.0451713	-3.11664
10	17	0.25	0.425	-0.0229673	-0.00256767	-1.51712
10	18	0.25	0.45	-0.0111859	0.0737594	-1.82502
10	19	0.25	0.475	-0.0540008	-0.00858793	-3.18302
10	20	0.25	0.5	0.0153159	0.0615719	-0.149244
10	21	0.25	0.525	-0.0708059	0.0295037	-4.32817
10	22	0.25	0.55	0.0162004	0.00972229	0.106544
10	23	0.25	0.575	-0.0378735	0.0819427	-3.41911
10	24	0.25	0.6	-0.0275499	-0.0353637	-1.80782
10	25	0.25	0.625	0.0439511	0.0907626	-0.864273
10	26	0.25	0.65	-0.0878253	-0.0258921	-4.37815
10	27	0.25	0.675	0.125391	0.0333018	1.02938
10	28	0.25	0.7	-0.0838923	0.0244967	-5.11467
10	29	0.25	0.725	0.148469	-0.049133	0.399579
10	30	0.25	0.75	0.0460941	0.0422221	-3.36947
10	31	0.25	0.775	0.103252	-0.0915955	-1.95736
10	32	0.25	0.8	0.266374	-0.019819	-1.24981
10	33	0.25	0.825	0.0761345	-0.0844376	-3.33217
10	34	0.25	0.85	0.479813	-0.121152	-1.08749
10	35	0.25	0.875	0.201595	-0.0964688	-2.54251
10	36	0.25	0.9	0.632165	-0.18394	-2.4262
10	37	0.25	0.925	0.502712	-0.1715	-1.50733
10	38	0.25	0.95	0.773708	-0.194702	-2.81838
10	39	0.25	0.975	0.846504	-0.258113	-2.19293
10	40	0.25	1	1	0	0
11	0	0.275	0	0	0	-1.92742
11	1	0.275	0.025	-0.000643152	-0.00276999	-1.92742
11	2	0.275	0.05	-0.00324348	0.00200921	-1.82772
11	3	0.275	0.075	-0.00420681	-0.00154807	-2.04192
11	4	0.275	0.1	-0.00922041	-0.000721407	-1.75359
11	5	0.275	0.125	-0.00793175	0.00812729	-1.97414
11	6	0.275	0.15	-0.0131783	-0.00401856	-1.96278
11	7	0.275	0.175	-0.0123098	0.0156737	-1.62041
11	8	0.275	0.2	-0.0140623	0.00258538	-2.33023
11	9	0.275	0.225	-0.0178579	0.0105556	-1.34344
11	10	0.275	0.25	-0.0137507	0.0224761	-2.3248
11	11	0.275	0.275	-0.0230973	-0.00289873	-1.6863
11	12	0.275	0.3	-0.0153023	0.0408372	-1.59276
11	13	0.275	0.325	-0.0257519	-0.00336307	-2.62408
11	14	0.275	0.35	-0.0208857	0.034679	-0.645866
11	15	0.275	0.375	-0.0240583	0.025484	-3.19152
11	16	0.275	0.4	-0.0304307	0.00111899	-0.687227
11	17	0.275	0.425	-0.0179021	0.0670476	-2.28873
11	18	0.275	0.45	-0.0413792	-0.0268082	-2.32238
11	19	0.275	0.475	-0.0112642	0.0767551	-0.151722
11	20	0.275	0.5	-0.0462148	-0.00604399	-4.36313
11	21	0.275	0.525	-0.0118212	0.0272292	1.24543
11	22	0.275	0.55	-0.0309371	0.0621425	-4.46293
11	23	0.275	0.575	-0.0267609	-0.0508021	-0.142007
11	24	0.275	0.6	0.0118388	0.114168	-1.57814
11	25	0.275	0.625	-0.0529888	-0.0822122	-3.94767
11	26	0.275	0.65	0.0679519	0.0815992	2.30049
11	27	0.275	0.675	-0.0569278	-0.0242819	-6.91298
11	28	0.275	0.7	0.109353	-0.0338369	3.50171
11	29	0.275	0.725	0.0171753	0.0661761	-5.83757
11	30	0.275	0.75	0.110455	-0.147484	0.307391
11	31	0.275	0.775	0.186312	0.0782681	-1.24457
11	32	0.275	0.8	0.0847824	-0.165203	-4.68445
11	33	0.275	0.825	0.401513	-0.0279307	2.70084
11	34	0.275	0.85	0.128152	-0.0991395	-6.85397
11	35	0.275	0.875	0.594248	-0.170573	2.56483
11	36	0.275	0.9	0.341148	-0.0705173	-4.90976
11	37	0.275	0.925	0.734492	-0.2324	-0.368306
11	38	0.275	0.95	0.681356	-0.136535	-2.29692
11	39	0.275	0.975	0.885628	-0.230184	-2.23992
11	40	0.275	1	1	0	0
12	0	0.3	0	0	0	-1.65918
12	1	0.3	0.025	-0.00188708	0.00101692	-1.65918
12	2	0.3	0.05	-0.00279119	-0.00284185	-1.73034
12	3	0.3	0.075	-0.0100027	0.000134283	-1.56451
12	4	0.3	0.1	-0.00705034	0.00242798	-1.75656
12	5	0.3	0.125	-0.0153338	-0.00304965	-1.62869
12	6	0.3	0.15	-0.0142657	0.0103981	-1.55248
12	7	0.3	0.175	-0.0139356	-0.00158542	-1.9035
12	8	0.3	0.2	-0.0240294	0.0109951	-1.25346
12	9	0.3	0.225	-0.0108853	0.0111153	-2.06334
12	10	0.3	0.25	-0.0297576	0.00126266	-1.30478
12	11	0.3	0.275	-0.0154966	0.0293707	-1.6742
12	12	0.3	0.3	-0.0250743	-0.00605313	-1.95851
12	13	0.3	0.325	-0.0306395	0.03415	-0.823376
12	14	0.3	0.35	-0.0137116	0.00830055	-2.70189
12	15	0.3	0.375	-0.0461163	0.0118745	-0.398944
12	16	0.3	0.4	-0.00920212	0.0444375	-2.45692
12	17	0.3	0.425	-0.0463402	-0.021998	-1.35503
12	18	0.3	0.45	-0.0219521	0.0699691	-0.766924
12	19	0.3	0.475	-0.0273481	-0.0260235	-3.36915
12	20	0.3	0.5	-0.045579	0.0450195	1.15304
12	21	0.3	0.525	-0.00163142	0.0244345	-4.46044
12	22	0.3	0.55	-0.0581621	-0.0305225	1.01367
12	23	0.3	0.575	0.0150567	0.094223	-2.65915
12	24	0.3	0.6	-0.0438433	-0.0964203	-2.22529
12	25	0.3	0.625	0.0184391	0.106198	1.54336
12	26	0.3	0.65	-0.00541545	-0.0779066	-6.42894
12	27	0.3	0.675	0.0239015	0.0150574	4.71507
12	28	0.3	0.7	0.0555545	0.0255519	-7.47917
12	29	0.3	0.725	0.051751	-0.134529	3.1857
12	30	0.3	0.75	0.148926	0.113096	-3.29745
12	31	0.3	0.775	0.0969874	-0.224475	-2.97532
12	32	0.3	0.8	0.281123	0.0757464	3.37716
12	33	0.3	0.825	0.159258	-0.173924	-8.91234
12	34	0.3	0.85	0.451602	-0.0837621	6.95134
12	35	0.3	0.875	0.294256	-0.0548419	-9.52399
12	36	0.3	0.9	0.636136	-0.235712	4.61136
12	37	0.3	0.925	0.547436	-0.0283655	-5.33849
12	38	0.3	0.95	0.802955	-0.246822	-0.0738562
12	39	0.3	0.975	0.855721	-0.145136	-2.1182
12	40	0.3	1	1	0	0
13	0	0.325	0	0	0	-1.43941
13	1	0.325	0.025	-0.00155821	-0.00133331	-1.43941
13	2	0.325	0.05	-0.00775321	-0.000546786	-1.40418
13	3	0.325	0.075	-0.00553992	-0.000437052	-1.45834
13	4	0.325	0.1	-0.0166667	-0.00174426	-1.40736
13	5	0.325	0.125	-0.0128899	0.00385207	-1.38432
13	6	0.325	0.15	-0.0166946	-0.0010075	-1.5158
13	7	0.325	0.175	-0.0255312	0.00635018	-1.23255
13	8	0.325	0.2	-0.01048	0.00512417	-1.61669
13	9	0.325	0.225	-0.0360218	0.00350157	-1.19906
13	10	0.325	0.25	-0.0115833	0.0158178	-1.47444
13	11	0.325	0.275	-0.0318566	-0.000881302	-1.48082
13	12	0.325	0.3	-0.0300841	0.0223237	-1.02145
13	13	0.325	0.325	-0.0123959	0.0038673	-1.93406
13	14	0.325	0.35	-0.0561838	0.0139317	-0.64004
13	15	0.325	0.375	0.00213152	0.0232732	-1.97672
13	16	0.325	0.4	-0.0621142	-0.0074631	-0.97824
13	17	0.325	0.425	-0.0134897	0.0441082	-1.1029
13	18	0.325	0.45	-0.0302513	-0.0197135	-2.1824
13	19	0.325	0.475	-0.0593542	0.0387888	0.298371
13	20	0.325	0.5	0.0199378	0.00208996	-3.26106
13	21	0.325	0.525	-0.095964	-0.00739662	0.78297
13	22	0.325	0.55	0.0434915	0.0515914	-2.62768
13	23	0.325	0.575	-0.0730827	-0.0682261	-0.966814
13	24	0.325	0.6	0.0122602	0.0811892	0.227232
13	25	0.325	0.625	0.0144332	-0.0847726	-4.34044
13	26	0.325	0.65	-0.0473995	0.0382776	3.4941
13	27	0.325	0.675	0.116972	-0.0233016	-6.4619
13	28	0.325	0.7	-0.0572371	-0.0795266	3.88018
13	29	0.325	0.725	0.183749	0.0723873	-4.4569
13	30	0.325	0.75	0.0374107	-0.199055	-0.4404
13	31	0.325	0.775	0.211362	0.104833	1.50527
13	32	0.325	0.8	0.199605	-0.21729	-7.16507
13	33	0.325	0.825	0.261978	0.0118866	7.38421
13	34	0.325	0.85	0.36482	-0.112218	-11.0241
13	35	0.325	0.875	0.41589	-0.157836	8.27641
13	36	0.325	0.9	0.534673	0.000251751	-8.8834
13	37	0.325	0.925	0.653858	-0.259986	3.66867
13	38	0.325	0.95	0.747967	-0.0197569	-3.63257
13	39	0.325	0.975	0.884707	-0.218936	-1.08777
13	40	0.325	1	1	0	0
14	0	0.35	0	0	0	-1.19647
14	1	0.35	0.025	-0.00341556	-0.00137239	-1.19647
14	2	0.35	0.05	-0.00431845	-2.40557e-05	-1.16877
14	3	0.35	0.075	-0.0146765	-0.00241692	-1.23742
14	4	0.35	0.1	-0.0107917	0.000122832	-1.10751
14	5	0.35	0.125	-0.0194055	0.000325236	-1.26558
14	6	0.35	0.15	-0.0229627	-0.000453164	-1.10037
14	7	0.35	0.175	-0.0140752	0.005022	-1.19859
14	8	0.35	0.2	-0.0369765	-0.000297318	-1.19653
14	9	0.35	0.225	-0.0103305	0.00819812	-1.03808
14	10	0.35	0.25	-0.0389466	0.00274337	-1.33457
14	11	0.35	0.275	-0.023902	0.0073593	-0.896756
14	12	0.35	0.3	-0.0205026	0.00912886	-1.36512
14	13	0.35	0.325	-0.0537337	0.0027918	-0.931072
14	14	0.35	0.35	0.00309709	0.0163318	-1.15189
14	15	0.35	0.375	-0.0721762	-0.00214589	-1.22228
14	16	0.35	0.4	-0.000839568	0.0188828	-0.701582
14	17	0.35	0.425	-0.0472765	-0.0018043	-1.64789
14	18	0.35	0.45	-0.0490164	0.010504	-0.266261
14	19	0.35	0.475	0.0153319	0.00829865	-1.82238
14	20	0.35	0.5	-0.109474	-0.0108588	-0.315076
14	21	0.35	0.525	0.0625377	0.0240964	-1.27402
14	22	0.35	0.55	-0.11089	-0.0364255	-1.22114
14	23	0.35	0.575	0.0371055	0.0294666	0.097378
14	24	0.35	0.6	-0.0123981	-0.0459724	-2.7114
14	25	0.35	0.625	-0.0618565	0.00514454	1.59503
14	26	0.35	0.65	0.136897	-0.0238674	-3.64574
14	27	0.35	0.675	-0.142878	-0.053891	1.83911
14	28	0.35	0.7	0.237048	0.0189075	-2.69964
14	29	0.35	0.725	-0.0769184	-0.125113	-0.276634
14	30	0.35	0.75	0.225121	0.0457077	0.499115
14	31	0.35	0.775	0.156978	-0.162786	-4.29443
14	32	0.35	0.8	0.142375	0.0181544	4.64508
14	33	0.35	0.825	0.43299	-0.130555	-7.8942
14	34	0.35	0.85	0.152562	-0.0720731	7.00438
14	35	0.35	0.875	0.62918	-0.0475393	-8.42325
14	36	0.35	0.9	0.381455	-0.17786	5.37943
14	37	0.35	0.925	0.747057	0.000845336	-5.30415
14	38	0.35	0.95	0.723089	-0.202871	1.08756
14	39	0.35	0.975	0.890418	-0.0755185	-1.83433
14	40	0.35	1	1	0	0
15	0	0.375	0	0	0	-0.943365
15	1	0.375	0.025	-0.00259851	0.00110176	-0.943365
15	2	0.375	0.05	-0.0095685	-0.00399805	-1.02033
15	3	0.375	0.075	-0.00929325	0.00034273	-0.823419
15	4	0.375	0.1	-0.0187937	-0.000773208	-1.09563
15	5	0.375	0.125	-0.0195851	-0.00450367	-0.825625
15	6	0.375	0.15	-0.0184828	0.00629845	-0.945698
15	7	0.375	0.175	-0.0330959	-0.007323	-1.07269
15	8	0.375	0.2	-0.0141119	0.0078179	-0.614501
15	9	0.375	0.225	-0.0402012	-0.000713274	-1.33444
15	10	0.375	0.25	-0.0204068	-0.00105716	-0.473402
15	11	0.375	0.275	-0.0296873	0.0133179	-1.19303
15	12	0.375	0.3	-0.0440428	-0.0127149	-0.849632
15	13	0.375	0.325	-0.0070786	0.0211557	-0.540503
15	14	0.375	0.35	-0.0678887	-0.0122527	-1.54784
15	15	0.375	0.375	0.00053725	0.00979932	0.120695
15	16	0.375	0.4	-0.059039	0.00596549	-1.84324
15	17	0.375	0.425	-0.032294	-0.0174816	0.0262342
15	18	0.375	0.45	-0.00636279	0.027534	-1.13483
15	19	0.375	0.475	-0.0937439	-0.0394927	-1.06664
15	20	0.375	0.5	0.0518664	0.0277873	0.324107
15	21	0.375	0.525	-0.121529	-0.0350473	-2.41938
15	22	0.375	0.55	0.0524735	-0.0054388	1.42645
15	23	0.375	0.575	-0.0512284	-0.0056646	-2.76764
15	24	0.375	0.6	-0.0353872	-0.0570264	1.06947
15	25	0.375	0.625	0.101545	0.0212539	-1.44234
15	26	0.375	0.65	-0.154687	-0.0923103	-0.812635
15	27	0.375	0.675	0.237398	0.0151215	0.87149
15	28	0.375	0.7	-0.159698	-0.0882034	-2.9903
15	29	0.375	0.725	0.25636	-0.0282565	2.61744
15	30	0.375	0.75	0.0513167	-0.0606165	-3.97921
15	31	0.375	0.775	0.132124	-0.07704	2.83894
15	32	0.375	0.8	0.394479	-0.0461847	-3.54153
15	33	0.375	0.825	-0.00632804	-0.0930883	2.09595
15	34	0.375	0.85	0.686201	-0.054566	-2.8059
15	35	0.375	0.875	0.0846807	-0.0871724	1.44973
15	36	0.375	0.9	0.824617	-0.0601966	-2.46316
15	37	0.375	0.925	0.458224	-0.101914	0.707968
15	38	0.375	0.95	0.866322	-0.0577256	-1.73849
15	39	0.375	0.975	0.856723	-0.122597	-0.671017
15	40	0.375	1	1	0	0
16	0	0.4	0	0	0	-0.736367
16	1	0.4	0.025	-0.00387463	-0.00354843	-0.736367
16	2	0.4	0.05	-0.00737783	0.00202523	-0.614469
16	3	0.4	0.075	-0.0144222	-0.00364442	-0.88478
16	4	0.4	0.1	-0.0173057	-0.0038959	-0.520262
16	5	0.4	0.125	-0.0196801	0.00482191	-0.808525
16	6	0.4	0.15	-0.0283437	-0.0118228	-0.768812
16	7	0.4	0.175	-0.0195459	0.00971036	-0.382727
16	8	0.4	0.2	-0.0358473	-0.00865172	-1.20928
16	9	0.4	0.225	-0.0229634	-0.00070823	-0.0368935
16	10	0.4	0.25	-0.0324844	0.00944977	-1.22176
16	11	0.4	0.275	-0.0371064	-0.0211707	-0.396782
16	12	0.4	0.3	-0.0188435	0.0257399	-0.396875
16	13	0.4	0.325	-0.0550081	-0.0282964	-1.45305
16	14	0.4	0.35	-0.0106404	0.0150845	0.724702
16	15	0.4	0.375	-0.0550856	-0.00409809	-2.17083
16	16	0.4	0.4	-0.0276919	-0.0268507	0.843173
16	17	0.4	0.425	-0.0228233	0.0358693	-1.31623
16	18	0.4	0.45	-0.0697729	-0.0679873	-0.806282
16	19	0.4	0.475	0.0226562	0.0466551	1.04243
16	20	0.4	0.5	-0.099447	-0.0623633	-3.19636
16	21	0.4	0.525	0.0356206	-0.0043545	3.00938
16	22	0.4	0.55	-0.0616175	-0.00064287	-3.87875
16	23	0.4	0.575	-0.0171904	-0.0973138	2.2317
16	24	0.4	0.6	0.052758	0.064322	-1.22658
16	25	0.4	0.625	-0.114521	-0.159887	-1.71305
16	26	0.4	0.65	0.176553	0.0580047	3.47975
16	27	0.4	0.675	-0.154863	-0.124186	-6.04651
16	28	0.4	0.7	0.22435	-0.0446157	6.47263
16	29	0.4	0.725	-0.0193503	-0.00854255	-6.65132
16	30	0.4	0.75	0.147366	-0.180643	4.54449
16	31	0.4	0.775	0.281712	0.0763066	-2.23013
16	32	0.4	0.8	-0.0150034	-0.22489	-1.36877
16	33	0.4	0.825	0.601441	0.0401415	3.58901
16	34	0.4	0.85	-0.0629118	-0.118463	-5.96227
16	35	0.4	0.875	0.816783	-0.081231	5.45865
16	36	0.4	0.9	0.199042	0.0139037	-5.22035
16	37	0.4	0.925	0.886501	-0.151303	2.42661
16	38	0.4	0.95	0.654028	0.0111918	-1.7398
16	39	0.4	0.975	0.923337	-0.108879	-0.603551
16	40	0.4	1	1	0	0
17	0	0.425	0	0	0	-0.456809
17	1	0.425	0.025	-0.00381909	0.00208941	-0.456809
17	2	0.425	0.05	-0.00854985	-0.00512276	-0.586026
17	3	0.425	0.075	-0.0150323	-0.000960819	-0.295379
17	4	0.425	0.1	-0.0166614	0.000720116	-0.643538
17	5	0.425	0.125	-0.025347	-0.0110369	-0.405077
17	6	0.425	0.15	-0.021883	0.00873046	-0.304995
17	7	0.425	0.175	-0.0305351	-0.0144951	-0.868057
17	8	0.425	0.2	-0.0280461	0.00301804	0.18699
17	9	0.425	0.225	-0.0288011	-0.000212865	-1.13119
17	10	0.425	0.25	-0.0373881	-0.0193667	0.105065
17	11	0.425	0.275	-0.0234287	0.0215802	-0.515468
17	12	0.425	0.3	-0.0451647	-0.0371504	-0.914001
17	13	0.425	0.325	-0.0236205	0.021432	0.798045
17	14	0.425	0.35	-0.0415271	-0.0219279	-2.04871
17	15	0.425	0.375	-0.0372167	-0.0188978	1.45969
17	16	0.425	0.4	-0.0220324	0.0243501	-1.70526
17	17	0.425	0.425	-0.0594946	-0.0754789	0.103153
17	18	0.425	0.45	0.000248903	0.0547725	0.741662
17	19	0.425	0.475	-0.0689345	-0.0901052	-2.81176
17	20	0.425	0.5	0.000213774	0.0155384	3.59832
17	21	0.425	0.525	-0.0380453	-0.0277865	-4.53513
17	22	0.425	0.55	-0.0340331	-0.0943481	3.71525
17	23	0.425	0.575	0.0352242	0.067843	-2.256
17	24	0.425	0.6	-0.0831734	-0.197858	-0.584957
17	25	0.425	0.625	0.106988	0.0968097	3.6725
17	26	0.425	0.65	-0.0931228	-0.188005	-6.84418
17	27	0.425	0.675	0.128134	-0.00754871	8.91099
17	28	0.425	0.7	0.0024634	-0.0389938	-9.36131
17	29	0.425	0.725	0.0906377	-0.206595	8.01192
17	30	0.425	0.75	0.207552	0.132427	-4.24949
17	31	0.425	0.775	0.0158153	-0.345548	-0.486346
17	32	0.425	0.8	0.436418	0.161279	5.89749
17	33	0.425	0.825	-0.020376	-0.261473	-10.671
17	34	0.425	0.85	0.628652	0.00310685	13.0617
17	35	0.425	0.875	0.124058	-0.00195349	-13.6057
17	36	0.425	0.9	0.778848	-0.200445	10.9629
17	37	0.425	0.925	0.480174	0.15375	-7.55534
17	38	0.425	0.95	0.870452	-0.214044	3.02405
17	39	0.425	0.975	0.858279	0.0394371	-1.13328
17	40	0.425	1	1	0	0
18	0	0.45	0	0	0	-0.262007
18	1	0.45	0.025	-0.00353006	-0.00333461	-0.262007
18	2	0.45	0.05	-0.010745	0.000792532	-0.148387
18	3	0.45	0.075	-0.0115621	-0.00265374	-0.375137
18	4	0.45	0.1	-0.023083	-0.00708468	-0.121687
18	5	0.45	0.125	-0.0196014	0.00436422	-0.216859
18	6	0.45	0.15	-0.0276799	-0.0145646	-0.435602
18	7	0.45	0.175	-0.0301677	0.00390726	0.219574
18	8	0.45	0.2	-0.0239424	-0.00835325	-0.79309
18	9	0.45	0.225	-0.0412237	-0.0130571	0.379799
18	10	0.45	0.25	-0.0204589	0.0104248	-0.526319
18	11	0.45	0.275	-0.0438754	-0.0345674	-0.288274
18	12	0.45	0.3	-0.0283757	0.0186751	0.553157
18	13	0.45	0.325	-0.0313979	-0.0328683	-1.42436
18	14	0.45	0.35	-0.0488736	-0.00845057	1.50216
18	15	0.45	0.375	-0.0105881	0.00340769	-1.63801
18	16	0.45	0.4	-0.0656548	-0.0632261	0.845133
18	17	0.45	0.425	-0.00230096	0.0418974	0.157849
18	18	0.45	0.45	-0.0548774	-0.0956133	-1.67572
18	19	0.45	0.475	-0.0250947	0.0256332	3.05526
18	20	0.45	0.5	-0.00775019	-0.0563404	-3.94532
18	21	0.45	0.525	-0.0696216	-0.0686233	4.1481
18	22	0.45	0.55	0.0528922	0.0370585	-2.85721
18	23	0.45	0.575	-0.0923782	-0.185683	0.972807
18	24	0.45	0.6	0.0777353	0.0936034	2.40783
18	25	0.45	0.625	-0.0471549	-0.215175	-5.28869
18	26	0.45	0.65	0.0348854	0.0252699	8.50355
18	27	0.45	0.675	0.0750432	-0.0958045	-9.381
18	28	0.45	0.7	-0.033253	-0.166917	9.66536
18	29	0.45	0.725	0.227418	0.0969793	-6.16387
18	30	0.45	0.75	-0.0366889	-0.358899	2.42173
18	31	0.45	0.775	0.328144	0.19967	4.18231
18	32	0.45	0.8	0.0632796	-0.364782	-9.72558
18	33	0.45	0.825	0.364129	0.105269	15.0088
18	34	0.45	0.85	0.247567	-0.125273	-17.4226
18	35	0.45	0.875	0.457779	-0.130335	17.6189
18	36	0.45	0.9	0.493622	0.160305	-14.288
18	37	0.45	0.925	0.671237	-0.279903	9.72989
18	38	0.45	0.95	0.758537	0.195379	-4.66651
18	39	0.45	0.975	0.895584	-0.148078	0.816143
18	40	0.45	1	1	0	0
19	0	0.475	0	0	0	0.00865965
19	1	0.475	0.025	-0.00463907	0.000399251	0.00865965
19	2	0.475	0.05	-0.00683484	-0.00281214	-0.053895
19	3	0.475	0.075	-0.0188775	-0.00387666	0.0610443
19	4	0.475	0.1	-0.0148295	7.47626e-05	-0.0134906
19	5	0.475	0.125	-0.0264398	-0.0106843	-0.0801909
19	6	0.475	0.15	-0.0273014	0.000713918	0.24341
19	7	0.475	0.175	-0.0221327	-0.0103517	-0.332271
19	8	0.475	0.2	-0.0423343	-0.0095087	0.427737
19	9	0.475	0.225	-0.0159128	0.000179768	-0.261021
19	10	0.475	0.25	-0.0472859	-0.0265225	0.0978426
19	11	0.475	0.275	-0.024344	0.00788029	0.406814
19	12	0.475	0.3	-0.0310494	-0.031637	-0.683793
19	13	0.475	0.325	-0.0513336	-0.00740484	1.18486
19	14	0.475	0.35	-0.00275671	-0.0111069	-1.02944
19	15	0.475	0.375	-0.0748608	-0.0476375	0.984417
19	16	0.475	0.4	0.00734242	0.0185857	0.0355786
19	17	0.475	0.425	-0.0601502	-0.0805359	-0.693684
19	18	0.475	0.45	-0.0266894	0.0143012	2.20044
19	19	0.475	0.475	0.00280274	-0.062888	-2.57735
19	20	0.475	0.5	-0.0914656	-0.0524027	3.41455
19	21	0.475	0.525	0.0751546	0.00463456	-2.20274
19	22	0.475	0.55	-0.122554	-0.149862	1.45924
19	23	0.475	0.575	0.0885764	0.0562811	1.57214
19	24	0.475	0.6	-0.0510533	-0.190304	-3.29935
19	25	0.475	0.625	-0.000389777	0.0138871	6.56977
19	26	0.475	0.65	0.11765	-0.112091	-6.95876
19	27	0.475	0.675	-0.138567	-0.13443	8.21092
19	28	0.475	0.7	0.28601	0.0372981	-5.15963
19	29	0.475	0.725	-0.163581	-0.29774	3.24521
19	30	0.475	0.75	0.328785	0.137833	2.61654
19	31	0.475	0.775	0.0392835	-0.335271	-6.44899
19	32	0.475	0.8	0.199231	0.102861	12.1022
19	33	0.475	0.825	0.377013	-0.184858	-14.289
19	34	0.475	0.85	0.0753648	-0.0513315	16.8519
19	35	0.475	0.875	0.664833	0.0584458	-14.7007
19	36	0.475	0.9	0.249811	-0.205079	13.0281
19	37	0.475	0.925	0.817788	0.202932	-7.96876
19	38	0.475	0.95	0.672121	-0.19341	4.20282
19	39	0.475	0.975	0.915559	0.103256	-0.926905
19	40	0.475	1	1	0	0
20	0	0.5	0	0	0	0.229222
20	1	0.5	0.025	-0.00310213	-0.000815863	0.229222
20	2	0.5	0.05	-0.0118994	-0.00296894	0.230751
20	3	0.5	0.075	-0.0102688	-0.00104664	0.267638
20	4	0.5	0.1	-0.0236237	-0.00712108	0.154307
20	5	0.5	0.125	-0.0216375	-0.00305774	0.391925
20	6	0.5	0.15	-0.022793	-0.0076502	0.0574256
20	7	0.5	0.175	-0.0381426	-0.0107223	0.445884
20	8	0.5	0.2	-0.0148423	-0.00363452	0.159521
20	9	0.5	0.225	-0.0482752	-0.0211746	0.22155
20	10	0.5	0.25	-0.018251	-0.00261114	0.566007
20	11	0.5	0.275	-0.0363594	-0.0241933	-0.197093
20	12	0.5	0.3	-0.0438837	-0.0153905	0.963347
20	13	0.5	0.325	-0.0054632	-0.0129739	-0.284517
20	14	0.5	0.35	-0.0743821	-0.042026	0.73294
20	15	0.5	0.375	0.0135032	0.00153393	0.48896
20	16	0.5	0.4	-0.069699	-0.0623966	-0.349716
20	17	0.5	0.425	-0.0141783	-0.00768437	1.84522
20	18	0.5	0.45	-0.00813249	-0.0496856	-1.40562
20	19	0.5	0.475	-0.0856647	-0.0581027	2.41961
20	20	0.5	0.5	0.0751411	-0.0061439	-0.826753
20	21	0.5	0.525	-0.136868	-0.126032	0.808504
20	22	0.5	0.55	0.103058	0.0197881	2.00585
20	23	0.5	0.575	-0.0796246	-0.147184	-2.48304
20	24	0.5	0.6	0.0148127	-0.0287865	5.2618
20	25	0.5	0.625	0.10078	-0.0804948	-4.39456
20	26	0.5	0.65	-0.1623	-0.151225	5.4871
20	27	0.5	0.675	0.298348	0.0219546	-1.93955
20	28	0.5	0.7	-0.25873	-0.256976	0.925518
20	29	0.5	0.725	0.361848	0.0582364	4.17688
20	30	0.5	0.75	-0.0739829	-0.238594	-5.65259
20	31	0.5	0.775	0.186257	-0.0108204	9.69732
20	32	0.5	0.8	0.356634	-0.104221	-9.07683
20	33	0.5	0.825	-0.137276	-0.111154	10.7637
20	34	0.5	0.85	0.767055	0.0291425	-7.59215
20	35	0.5	0.875	-0.198944	-0.132462	7.63292
20	36	0.5	0.9	0.969013	0.0912516	-4.05459
20	37	0.5	0.925	0.25604	-0.0822139	3.42267
20	38	0.5	0.95	0.95515	0.0825576	-1.06323
20	39	0.5	0.975	0.827615	-0.0157838	0.601223
20	40	0.5	1	1	0	0
21	0	0.525	0	0	0	0.460629
21	1	0.525	0.025	-0.00442323	-0.00253799	0.460629
21	2	0.525	0.05	-0.00658458	0.000526877	0.525111
21	3	0.525	0.075	-0.017548	-0.00600701	0.353968
21	4	0.525	0.1	-0.0162435	-0.00374559	0.641431
21	5	0.525	0.125	-0.0223517	-0.0047994	0.308772
21	6	0.525	0.15	-0.0309026	-0.0131989	0.594707
21	7	0.525	0.175	-0.0169944	-0.0020254	0.518804
21	8	0.525	0.2	-0.0436625	-0.0212113	0.291216
21	9	0.525	0.225	-0.0160026	-0.00646647	0.914751
21	10	0.525	0.25	-0.0394119	-0.0193035	-0.00790583
21	11	0.525	0.275	-0.0340215	-0.0237198	1.0763
21	12	0.525	0.3	-0.0142651	-0.00793408	0.193983
21	13	0.525	0.325	-0.0632928	-0.0464598	0.574446
21	14	0.525	0.35	0.00880954	-0.00234669	1.09902
21	15	0.525	0.375	-0.0694649	-0.055059	-0.429739
21	16	0.525	0.4	-0.00516466	-0.0230331	2.11298
21	17	0.525	0.425	-0.0236022	-0.0344863	-0.929306
21	18	0.525	0.45	-0.0645624	-0.0740383	2.00792
21	19	0.525	0.475	0.0535845	0.00159724	0.256427
21	20	0.525	0.5	-0.121484	-0.125321	0.00645971
21	21	0.525	0.525	0.093545	0.00669451	3.07647
21	22	0.525	0.55	-0.0915852	-0.122201	-2.79235
21	23	0.525	0.575	0.0335145	-0.0634028	5.36334
21	24	0.525	0.6	0.0590361	-0.0410601	-3.31808
21	25	0.525	0.625	-0.123037	-0.193579	3.92098
21	26	0.525	0.65	0.246896	0.0505969	0.790853
21	27	0.525	0.675	-0.252168	-0.276158	-2.05992
21	28	0.525	0.7	0.333666	0.0360238	7.60834
21	29	0.525	0.725	-0.150217	-0.189939	-8.05784
21	30	0.525	0.75	0.213537	-0.12263	11.052
21	31	0.525	0.775	0.233779	0.0185544	-7.39391
21	32	0.525	0.8	-0.125814	-0.291961	6.43009
21	33	0.525	0.825	0.673398	0.134499	0.308
21	34	0.525	0.85	-0.394546	-0.23877	-2.50356
21	35	0.525	0.875	0.965927	0.0552464	6.9815
21	36	0.525	0.9	-0.144345	0.0181888	-6.04897
21	37	0.525	0.925	1.03359	-0.0776614	5.7925
21	38	0.525	0.95	0.527483	0.144333	-2.24424
21	39	0.525	0.975	0.963563	-0.0335971	1.05397
21	40	0.525	1	1	0	0
22	0	0.55	0	0	0	0.721902
22	1	0.55	0.025	-0.00298995	0.00161263	0.721902
22	2	0.55	0.05	-0.00971003	-0.00585161	0.610493
22	3	0.55	0.075	-0.0119596	-0.00124406	0.881306
22	4	0.55	0.1	-0.018443	-0.00448869	0.505056
22	5	0.55	0.125	-0.024101	-0.0127408	0.864858
22	6	0.55	0.15	-0.0185435	0.000237957	0.726727
22	7	0.55	0.175	-0.0357137	-0.0231735	0.492688
22	8	0.55	0.2	-0.0177043	-0.00425685	1.21588
22	9	0.55	0.225	-0.0364683	-0.0202216	0.101839
22	10	0.55	0.25	-0.028472	-0.025366	1.41073
22	11	0.55	0.275	-0.020637	-0.00508757	0.347231
22	12	0.55	0.3	-0.049721	-0.0519464	0.769447
22	13	0.55	0.325	-0.0019432	0.00141976	1.44097
22	14	0.55	0.35	-0.0583325	-0.0585435	-0.430011
22	15	0.55	0.375	-0.00745864	-0.0246276	2.56489
22	16	0.55	0.4	-0.0287448	-0.0305816	-0.91315
22	17	0.55	0.425	-0.0480516	-0.0826272	2.27298
22	18	0.55	0.45	0.0294831	0.010415	0.58131
22	19	0.55	0.475	-0.0918301	-0.133947	-0.117092
22	20	0.55	0.5	0.0642095	0.011878	3.74503
22	21	0.55	0.525	-0.0741471	-0.12183	-3.14455
22	22	0.55	0.55	0.0253016	-0.0693768	6.05509
22	23	0.55	0.575	0.0372465	-0.0274277	-3.44135
22	24	0.55	0.6	-0.0835354	-0.215225	4.0848
22	25	0.55	0.625	0.17954	0.0776802	1.50512
22	26	0.55	0.65	-0.177573	-0.313291	-3.08209
22	27	0.55	0.675	0.241309	0.0627791	9.73985
22	28	0.55	0.7	-0.117245	-0.21734	-10.4606
22	29	0.55	0.725	0.16302	-0.143653	14.1525
22	30	0.55	0.75	0.154573	0.059748	-9.43107
22	31	0.55	0.775	-0.0562852	-0.428605	7.37068
22	32	0.55	0.8	0.487587	0.259341	2.72167
22	33	0.55	0.825	-0.297491	-0.467316	-8.38448
22	34	0.55	0.85	0.727325	0.161503	16.685
22	35	0.55	0.875	-0.242002	-0.0938521	-18.4419
22	36	0.55	0.9	0.891064	-0.14827	18.7699
22	37	0.55	0.925	0.264588	0.299784	-12.4943
22	38	0.55	0.95	0.937432	-0.261175	7.47802
22	39	0.55	0.975	0.830455	0.2265	-1.05488
22	40	0.55	1	1	0	0
23	0	0.575	0	0	0	0.918811
23	1	0.575	0.025	-0.0031703	-0.00402875	0.918811
23	2	0.575	0.05	-0.00763503	0.00146327	1.05195
23	3	0.575	0.075	-0.0119698	-0.00558527	0.754927
23	4	0.575	0.1	-0.0188552	-0.00866717	1.13824
23	5	0.575	0.125	-0.0166073	-7.54948e-05	0.862042
23	6	0.575	0.15	-0.0283122	-0.0223859	0.832064
23	7	0.575	0.175	-0.0193658	-0.000920859	1.35663
23	8	0.575	0.2	-0.0297714	-0.0235989	0.341687
23	9	0.575	0.225	-0.0276645	-0.0204908	1.71059
23	10	0.575	0.25	-0.0204922	-0.0081682	0.401544
23	11	0.575	0.275	-0.0410033	-0.0509365	1.20618
23	12	0.575	0.3	-0.00984826	0.00353708	1.44654
23	13	0.575	0.325	-0.0447968	-0.0636635	-0.0772384
23	14	0.575	0.35	-0.0158012	-0.018043	2.76121
23	15	0.575	0.375	-0.0226926	-0.0374826	-0.836405
23	16	0.575	0.4	-0.0441151	-0.0773715	2.74157
23	17	0.575	0.425	0.0175441	0.0083338	0.434363
23	18	0.575	0.45	-0.0695714	-0.134643	0.452623
23	19	0.575	0.475	0.0364418	0.0176059	3.6287
23	20	0.575	0.5	-0.045863	-0.12897	-2.76579
23	21	0.575	0.525	-0.00142359	-0.0568166	6.25763
23	22	0.575	0.55	0.0447253	-0.0385692	-3.52224
23	23	0.575	0.575	-0.0785168	-0.201111	4.81613
23	24	0.575	0.6	0.143117	0.0728097	0.911557
23	25	0.575	0.625	-0.115097	-0.314687	-2.00822
23	26	0.575	0.65	0.150902	0.0823093	9.26249
23	27	0.575	0.675	-0.0254082	-0.255445	-10.122
23	28	0.575	0.7	0.0438275	-0.0999392	15.1845
23	29	0.575	0.725	0.185183	0.00844699	-11.0799
23	30	0.575	0.75	-0.0897791	-0.420616	10.3886
23	31	0.575	0.775	0.376902	0.278317	0.333955
23	32	0.575	0.8	-0.143272	-0.595913	-6.68262
23	33	0.575	0.825	0.428535	0.281324	18.3444
23	34	0.575	0.85	-0.0383488	-0.32479	-23.4383
23	35	0.575	0.875	0.471672	-0.0401403	28.0636
23	36	0.575	0.9	0.282199	0.2217	-23.5311
23	37	0.575	0.925	0.665721	-0.376865	18.9219
23	38	0.575	0.95	0.699118	0.427528	-8.25942
23	39	0.575	0.975	0.894811	-0.180729	3.04865
23	40	0.575	1	1	0	0
24	0	0.6	0	0	0	1.19832
24	1	0.6	0.025	-0.00286315	0.00171113	1.19832
24	2	0.6	0.05	-0.0056695	-0.0053361	1.07491
24	3	0.6	0.075	-0.0138021	-0.00374604	1.33449
24	4	0.6	0.1	-0.0116537	-0.00222956	1.04782
24	5	0.6	0.125	-0.0228983	-0.0175993	1.18679
24	6	0.6	0.15	-0.0177189	-0.00020704	1.40854
24	7	0.6	0.175	-0.0235315	-0.0244045	0.734729
24	8	0.6	0.2	-0.0274692	-0.0141236	1.84119
24	9	0.6	0.225	-0.0161071	-0.0140795	0.586672
24	10	0.6	0.25	-0.0377475	-0.0432049	1.61451
24	11	0.6	0.275	-0.0107741	-0.000168206	1.34631
24	12	0.6	0.3	-0.0364081	-0.0626469	0.519552
24	13	0.6	0.325	-0.0210197	-0.0126959	2.62853
24	14	0.6	0.35	-0.0141926	-0.0461088	-0.421804
24	15	0.6	0.375	-0.046674	-0.0642637	2.96709
24	16	0.6	0.4	0.0173882	-0.0034123	0.350388
24	17	0.6	0.425	-0.0618221	-0.122623	1.19752
24	18	0.6	0.45	0.0238573	0.0134257	3.09522
24	19	0.6	0.475	-0.0287226	-0.127605	-1.76112
24	20	0.6	0.5	-0.0219247	-0.0453249	5.71173
24	21	0.6	0.525	0.0589588	-0.0533506	-2.86101
24	22	0.6	0.55	-0.09354	-0.170897	4.95631
24	23	0.6	0.575	0.139368	0.0453303	0.511245
24	24	0.6	0.6	-0.100925	-0.275934	-0.519816
24	25	0.6	0.625	0.112317	0.0640624	7.50384
24	26	0.6	0.65	0.0330395	-0.244783	-7.54325
24	27	0.6	0.675	-0.0517438	-0.071483	13.1324
24	28	0.6	0.7	0.25737	-0.0476395	-9.45581
24	29	0.6	0.725	-0.208207	-0.331828	10.7178
24	30	0.6	0.75	0.390674	0.190832	-1.49573
24	31	0.6	0.775	-0.136391	-0.52993	-2.40772
24	32	0.6	0.8	0.273198	0.271249	13.9568
24	33	0.6	0.825	0.172637	-0.41315	-18.7723
24	34	0.6	0.85	0.0277973	0.0805709	26.6874
24	35	0.6	0.875	0.525385	0.0168919	-24.7929
24	36	0.6	0.9	0.0966635	-0.261298	24.9066
24	37	0.6	0.925	0.778455	0.393472	-15.0493
24	38	0.6	0.95	0.579254	-0.328794	9.5047
24	39	0.6	0.975	0.917657	0.296847	-1.10739
24	40	0.6	1	1	0	0
25	0	0.625	0	0	0	1.39513
25	1	0.625	0.025	-0.00152406	-0.00287239	1.39513
25	2	0.625	0.05	-0.00778203	-0.00088397	1.48124
25	3	0.625	0.075	-0.00622177	-0.00343066	1.32096
25	4	0.625	0.1	-0.0180287	-0.0113063	1.45846
25	5	0.625	0.125	-0.0129211	-0.00181468	1.50524
25	6	0.625	0.15	-0.0195049	-0.0208579	1.15831
25	7	0.625	0.175	-0.0243082	-0.0104461	1.86396
25	8	0.625	0.2	-0.0119499	-0.0176421	0.942867
25	9	0.625	0.225	-0.0356723	-0.0336968	1.84181
25	10	0.625	0.25	-0.00716769	-0.0070205	1.3822
25	11	0.625	0.275	-0.0337174	-0.054918	1.08685
25	12	0.625	0.3	-0.0191852	-0.0130614	2.39415
25	13	0.625	0.325	-0.0105813	-0.048958	0.227201
25	14	0.625	0.35	-0.0462446	-0.0525255	2.8784
25	15	0.625	0.375	0.0197338	-0.0162907	0.594484
25	16	0.625	0.4	-0.0609941	-0.104453	1.68568
25	17	0.625	0.425	0.0234998	0.00158328	2.68007
25	18	0.625	0.45	-0.027228	-0.115799	-0.687285
25	19	0.625	0.475	-0.0242182	-0.0433179	4.88971
25	20	0.625	0.5	0.0588832	-0.0579998	-1.71473
25	21	0.625	0.525	-0.098829	-0.147091	4.41401
25	22	0.625	0.55	0.138835	0.02101	0.912733
25	23	0.625	0.575	-0.110592	-0.229724	0.133275
25	24	0.625	0.6	0.115021	0.0271485	6.31916
25	25	0.625	0.625	0.02855	-0.194709	-5.02625
25	26	0.625	0.65	-0.066076	-0.0913617	10.1407
25	27	0.625	0.675	0.274523	-0.0437061	-5.76487
25	28	0.625	0.7	-0.285476	-0.279219	7.66825
25	29	0.625	0.725	0.432877	0.104506	0.431764
25	30	0.625	0.75	-0.243872	-0.386687	-1.55283
25	31	0.625	0.775	0.292864	0.135665	10.6231
25	32	0.625	0.8	0.178813	-0.290416	-11.791
25	33	0.625	0.825	-0.166487	0.0261199	18.5078
25	34	0.625	0.85	0.681613	-0.0387334	-15.7063
25	35	0.625	0.875	-0.451104	-0.136245	18.5165
25	36	0.625	0.9	0.972224	0.20176	-11.5029
25	37	0.625	0.925	-0.0046835	-0.200218	10.4171
25	38	0.625	0.95	0.986542	0.271036	-3.16273
25	39	0.625	0.975	0.762909	-0.0240688	2.05975
25	40	0.625	1	1	0	0
26	0	0.65	0	0	0	1.65641
26	1	0.65	0.025	-0.00207287	-0.000388572	1.65641
26	2	0.65	0.05	-0.00224624	-0.00231802	1.62122
26	3	0.65	0.075	-0.0119983	-0.00658364	1.65819
26	4	0.65	0.1	-0.00740293	-0.0029933	1.70149
26	5	0.65	0.125	-0.0162742	-0.0151086	1.5002
26	6	0.65	0.15	-0.0180999	-0.00959221	1.91805
26	7	0.65	0.175	-0.0100466	-0.0166417	1.35191
26	8	0.65	0.2	-0.0309507	-0.0268279	1.93793
26	9	0.65	0.225	-0.00369789	-0.0119523	1.60794
26	10	0.65	0.25	-0.0323175	-0.0450668	1.4637
26	11	0.65	0.275	-0.0130256	-0.0169592	2.29855
26	12	0.65	0.3	-0.0121045	-0.0452426	0.848615
26	13	0.65	0.325	-0.0392408	-0.0464688	2.6916
26	14	0.65	0.35	0.017745	-0.0237305	1.06485
26	15	0.65	0.375	-0.0572559	-0.0883478	1.86816
26	16	0.65	0.4	0.0249346	-0.0102911	2.60273
26	17	0.65	0.425	-0.0315206	-0.100607	0.0818649
26	18	0.65	0.45	-0.0151293	-0.0466297	4.29745
26	19	0.65	0.475	0.0442482	-0.0546025	-0.664132
26	20	0.65	0.5	-0.0842242	-0.134042	3.79136
26	21	0.65	0.525	0.121139	0.0106526	1.6528
26	22	0.65	0.55	-0.107428	-0.200222	0.111453
26	23	0.65	0.575	0.11682	0.00413189	6.15822
26	24	0.65	0.6	0.000108574	-0.150933	-3.84179
26	25	0.65	0.625	-0.0270815	-0.124312	8.46543
26	26	0.65	0.65	0.222307	-0.000998071	-2.94389
26	27	0.65	0.675	-0.252288	-0.294359	4.35177
26	28	0.65	0.7	0.401042	0.0953377	4.16664
26	29	0.65	0.725	-0.303646	-0.318229	-4.42887
26	30	0.65	0.75	0.341991	0.0169253	12.0016
26	31	0.65	0.775	0.0480443	-0.120874	-9.65483
26	32	0.65	0.8	-0.0896588	-0.175763	12.9528
26	33	0.65	0.825	0.594976	0.102107	-5.93136
26	34	0.65	0.85	-0.629157	-0.24353	5.94739
26	35	0.65	0.875	0.980939	0.140652	1.53848
26	36	0.65	0.9	-0.527442	-0.0661238	-0.683036
26	37	0.65	0.925	1.09686	0.0574693	4.12437
26	38	0.65	0.95	0.327472	0.121477	-0.859314
26	39	0.65	0.975	0.981039	0.0637651	1.8684
26	40	0.65	1	1	0	0
27	0	0.675	0	0	0	1.8831
27	1	0.675	0.025	-9.19376e-05	-0.000421245	1.8831
27	2	0.675	0.05	-0.00526214	-0.00417847	1.8617
27	3	0.675	0.075	-0.00311688	-0.00201351	1.9477
27	4	0.675	0.1	-0.0117827	-0.0102855	1.75622
27	5	0.675	0.125	-0.0112058	-0.00893669	2.07259
27	6	0.675	0.15	-0.00908218	-0.0128355	1.69281
27	7	0.675	0.175	-0.0233023	-0.023104	2.04237
27	8	0.675	0.2	-0.00257416	-0.0124738	1.91278
27	9	0.675	0.225	-0.0282768	-0.0374391	1.68973
27	10	0.675	0.25	-0.0073075	-0.0196839	2.40079
27	11	0.675	0.275	-0.0143449	-0.0389361	1.28731
27	12	0.675	0.3	-0.0286723	-0.0442943	2.62926
27	13	0.675	0.325	0.011724	-0.0250536	1.52382
27	14	0.675	0.35	-0.0475789	-0.0775882	1.94819
27	15	0.675	0.375	0.0220317	-0.0173256	2.74496
27	16	0.675	0.4	-0.031729	-0.0881416	0.557606
27	17	0.675	0.425	-0.00680889	-0.0486596	4.05498
27	18	0.675	0.45	0.0276512	-0.0508874	0.0308566
27	19	0.675	0.475	-0.0613618	-0.123743	3.526
27	20	0.675	0.5	0.0914156	0.00652441	2.12171
27	21	0.675	0.525	-0.0834505	-0.184046	0.201613
27	22	0.675	0.55	0.0959562	0.00181761	6.23464
27	23	0.675	0.575	-0.0087404	-0.136642	-3.42647
27	24	0.675	0.6	0.00250073	-0.127255	8.23689
27	25	0.675	0.625	0.156039	0.0231327	-2.16291
27	26	0.675	0.65	-0.158066	-0.315782	3.39321
27	27	0.675	0.675	0.2999	0.133646	6.08474
27	28	0.675	0.7	-0.235306	-0.344033	-6.86584
27	29	0.675	0.725	0.292915	0.0131516	15.1916
27	30	0.675	0.75	-0.0303786	-0.0700119	-12.0767
27	31	0.675	0.775	0.0338329	-0.317009	14.0767
27	32	0.675	0.8	0.393049	0.262511	-3.34449
27	33	0.675	0.825	-0.438569	-0.508575	-0.950896
27	34	0.675	0.85	0.735639	0.274056	12.7547
27	35	0.675	0.875	-0.62416	-0.206598	-15.7512
27	36	0.675	0.9	0.949237	-0.034116	19.3703
27	37	0.675	0.925	-0.0550535	0.288095	-13.5148
27	38	0.675	0.95	0.977525	-0.230139	9.60463
27	39	0.675	0.975	0.758528	0.319467	-1.07438
27	40	0.675	1	1	0	0
28	0	0.7	0	0	0	2.11033
28	1	0.7	0.025	-0.000366679	-0.00258039	2.11033
28	2	0.7	0.05	-0.000333533	0.000140378	2.17264
28	3	0.7	0.075	-0.00588042	-0.00750642	1.99797
28	4	0.7	0.1	-0.00563118	-0.00647985	2.28875
28	5	0.7	0.125	-0.00682557	-0.00929099	1.94809
28	6	0.7	0.15	-0.0150108	-0.0201028	2.23452
28	7	0.7	0.175	-0.00261352	-0.00993506	2.17233
28	8	0.7	0.2	-0.0211983	-0.0328104	1.89983
28	9	0.7	0.225	-0.00426864	-0.0186647	2.59893
28	10	0.7	0.25	-0.0135515	-0.0339861	1.57617
28	11	0.7	0.275	-0.0191793	-0.04188	2.7454
28	12	0.7	0.3	0.00596014	-0.0234734	1.83701
28	13	0.7	0.325	-0.0352394	-0.0704957	2.11519
28	14	0.7	0.35	0.0159971	-0.0194632	2.8998
28	15	0.7	0.375	-0.0259806	-0.0796239	0.937681
28	16	0.7	0.4	-0.00422571	-0.0471333	3.99638
28	17	0.7	0.425	0.0182429	-0.0500895	0.490792
28	18	0.7	0.45	-0.0441144	-0.110565	3.57501
28	19	0.7	0.475	0.0654689	-0.000844626	2.22181
28	20	0.7	0.5	-0.0557054	-0.166822	0.751295
28	21	0.7	0.525	0.0641773	0.00375391	5.86366
28	22	0.7	0.55	0.00617193	-0.137553	-2.70258
28	23	0.7	0.575	-0.00295907	-0.100369	8.14926
28	24	0.7	0.6	0.12304	0.00592406	-2.26792
28	25	0.7	0.625	-0.0906319	-0.287048	4.37799
28	26	0.7	0.65	0.203094	0.146316	5.19526
28	27	0.7	0.675	-0.108571	-0.369602	-5.90791
28	28	0.7	0.7	0.167472	0.0790625	15.6636
28	29	0.7	0.725	0.0260996	-0.138313	-13.6845
28	30	0.7	0.75	0.0212349	-0.276926	17.533
28	31	0.7	0.775	0.272165	0.281403	-6.69842
28	32	0.7	0.8	-0.196958	-0.648409	1.71393
28	33	0.7	0.825	0.435546	0.434889	14.0258
28	34	0.7	0.85	-0.333275	-0.502703	-21.6147
28	35	0.7	0.875	0.524938	0.110304	30.3407
28	36	0.7	0.9	-0.0720696	0.161174	-27.7405
28	37	0.7	0.925	0.69789	-0.376852	24.1958
28	38	0.7	0.95	0.536818	0.540442	-11.0061
28	39	0.7	0.975	0.882079	-0.209968	4.8676
28	40	0.7	1	1	0	0
29	0	0.725	0	0	0	2.36685
29	1	0.725	0.025	0.00112417	0.00106734	2.36685
29	2	0.725	0.05	-0.000528939	-0.00557044	2.27674
29	3	0.725	0.075	-0.00162847	-0.00276215	2.49339
29	4	0.725	0.1	-0.00270905	-0.00740158	2.18315
29	5	0.725	0.125	-0.00812476	-0.0156693	2.48629
29	6	0.725	0.15	-0.00155489	-0.00723546	2.35819
29	7	0.725	0.175	-0.0132625	-0.0290611	2.17898
29	8	0.725	0.2	-0.00282452	-0.0148468	2.77106
29	9	0.725	0.225	-0.00939124	-0.0313381	1.83985
29	10	0.725	0.25	-0.0127726	-0.0367902	2.94883
29	11	0.725	0.275	0.00366489	-0.0222443	2.03401
29	12	0.725	0.3	-0.0244432	-0.0637915	2.40842
29	13	0.725	0.325	0.0109841	-0.0191111	2.96752
29	14	0.725	0.35	-0.0180293	-0.0732542	1.36447
29	15	0.725	0.375	-0.00459337	-0.0432462	3.94914
29	16	0.725	0.4	0.0156835	-0.05052	0.918569
29	17	0.725	0.425	-0.0352559	-0.0958523	3.69229
29	18	0.725	0.45	0.0509433	-0.011622	2.23019
29	19	0.725	0.475	-0.0392235	-0.143724	1.50148
29	20	0.725	0.5	0.0418239	-0.00328612	5.142
29	21	0.725	0.525	0.0215243	-0.130837	-1.40133
29	22	0.725	0.55	-0.0226317	-0.0736778	7.36061
29	23	0.725	0.575	0.120157	-0.0274084	-1.75458
29	24	0.725	0.6	-0.0786818	-0.219506	5.2645
29	25	0.725	0.625	0.159883	0.104951	3.40844
29	26	0.725	0.65	-0.0317556	-0.324962	-2.6527
29	27	0.725	0.675	0.0661426	0.11156	12.6025
29	28	0.725	0.7	0.131976	-0.202385	-11.0833
29	29	0.725	0.725	-0.0941475	-0.139454	17.4819
29	30	0.725	0.75	0.296023	0.162099	-9.17515
29	31	0.725	0.775	-0.14719	-0.538426	7.5236
29	32	0.725	0.8	0.28378	0.448502	7.8583
29	33	0.725	0.825	-0.0297423	-0.624905	-15.4404
29	34	0.725	0.85	0.105064	0.308586	28.8086
29	35	0.725	0.875	0.213732	-0.123771	-30.6131
29	36	0.725	0.9	0.126564	-0.215878	33.1315
29	37	0.725	0.925	0.552685	0.485764	-21.5288
29	38	0.725	0.95	0.534926	-0.455095	14.5261
29	39	0.725	0.975	0.857544	0.453635	-1.69927
29	40	0.725	1	1	0	0
30	0	0.75	0	0	0	2.57475
30	1	0.75	0.025	0.00189125	-0.00310465	2.57475
30	2	0.75	0.05	0.00130293	0.000105126	2.66372
30	3	0.75	0.075	0.00176906	-0.00628691	2.45575
30	4	0.75	0.1	-0.0029369	-0.00995413	2.72573
30	5	0.75	0.125	0.00142691	-0.00596361	2.52774
30	6	0.75	0.15	-0.00651437	-0.0240281	2.5096
30	7	0.75	0.175	-0.000789577	-0.0108404	2.88111
30	8	0.75	0.2	-0.00393494	-0.0293146	2.1626
30	9	0.75	0.225	-0.00837895	-0.0295551	3.12808
30	10	0.75	0.25	0.00485533	-0.02238	2.22151
30	11	0.75	0.275	-0.0166547	-0.0554616	2.75168
30	12	0.75	0.3	0.00936132	-0.0185028	2.97744
30	13	0.75	0.325	-0.011423	-0.0669906	1.8517
30	14	0.75	0.35	-0.00366762	-0.0384845	3.86511
30	15	0.75	0.375	0.0151968	-0.0500933	1.39119
30	16	0.75	0.4	-0.0293678	-0.0826839	3.75096
30	17	0.75	0.425	0.0440477	-0.020459	2.36056
30	18	0.75	0.45	-0.0332607	-0.120723	2.10335
30	19	0.75	0.475	0.0347664	-0.0162256	4.54482
30	20	0.75	0.5	0.0215669	-0.112152	-0.0360154
30	21	0.75	0.525	-0.0288942	-0.0661594	6.18866
30	22	0.75	0.55	0.115947	-0.0441771	-0.408166
30	23	0.75	0.575	-0.0881125	-0.16075	4.98222
30	24	0.75	0.6	0.155485	0.0444181	2.77153
30	25	0.75	0.625	-0.0309467	-0.234109	0.017171
30	26	0.75	0.65	0.0445137	0.0705109	8.80322
30	27	0.75	0.675	0.169265	-0.179983	-5.99255
30	28	0.75	0.7	-0.173123	-0.0546359	13.1998
30	29	0.75	0.725	0.359091	0.0426019	-6.71817
30	30	0.75	0.75	-0.243324	-0.318133	9.00725
30	31	0.75	0.775	0.310756	0.298957	2.75532
30	32	0.75	0.8	0.0257678	-0.470424	-5.88983
30	33	0.75	0.825	-0.0610255	0.337756	18.8348
30	34	0.75	0.85	0.442393	-0.232676	-20.8058
30	35	0.75	0.875	-0.385326	0.0277666	28.219
30	36	0.75	0.9	0.73921	0.241525	-21.1209
30	37	0.75	0.925	-0.0684028	-0.32294	19.6825
30	38	0.75	0.95	0.858488	0.47567	-7.10556
30	39	0.75	0.975	0.6943	-0.0967196	4.05097
30	40	0.75	1	1	0	0
31	0	0.775	0	0	0	2.83799
31	1	0.775	0.025	0.00258407	0.000700151	2.83799
31	2	0.775	0.05	0.00451483	-0.00452656	2.76001
31	3	0.775	0.075	0.00123003	-0.00480556	2.92065
31	4	0.775	0.1	0.00521134	-0.00555239	2.74151
31	5	0.775	0.125	-0.00131517	-0.0175411	2.82411
31	6	0.775	0.15	0.00277841	-0.00833638	2.97683
31	7	0.775	0.175	0.000860776	-0.0259371	2.53612
31	8	0.775	0.2	-0.00398253	-0.0223237	3.24458
31	9	0.775	0.225	0.00756531	-0.0228002	2.47391
31	10	0.775	0.25	-0.0107232	-0.045621	3.05553
31	11	0.775	0.275	0.0105872	-0.0185407	3.00855
31	12	0.775	0.3	-0.00679359	-0.0596856	2.34245
31	13	0.775	0.325	-0.000109784	-0.0335406	3.77976
31	14	0.775	0.35	0.0139466	-0.048506	1.87834
31	15	0.775	0.375	-0.0217424	-0.0713323	3.78255
31	16	0.775	0.4	0.0382654	-0.0247056	2.5959
31	17	0.775	0.425	-0.0287875	-0.103443	2.49844
31	18	0.775	0.45	0.0346145	-0.0249061	4.29622
31	19	0.775	0.475	0.0113942	-0.0929246	0.921729
31	20	0.775	0.5	-0.0171491	-0.0703901	5.35239
31	21	0.775	0.525	0.0937547	-0.0396095	0.959702
31	22	0.775	0.55	-0.0807696	-0.135831	4.11525
31	23	0.775	0.575	0.146714	0.00958138	3.44162
31	24	0.775	0.6	-0.0554445	-0.16155	0.80196
31	25	0.775	0.625	0.0718444	0.00335228	6.91388
31	26	0.775	0.65	0.121531	-0.103224	-2.08774
31	27	0.775	0.675	-0.14595	-0.0732476	8.42772
31	28	0.775	0.7	0.340466	0.0208468	-1.52531
31	29	0.775	0.725	-0.302574	-0.183438	5.45272
31	30	0.775	0.75	0.370704	0.137532	3.52839
31	31	0.775	0.775	-0.0960661	-0.223569	-1.77557
31	32	0.775	0.8	0.0275558	0.169899	10.8342
31	33	0.775	0.825	0.402891	-0.0918064	-8.62876
31	34	0.775	0.85	-0.526095	0.0671786	15.2042
31	35	0.775	0.875	0.800336	0.128929	-9.42054
31	36	0.775	0.9	-0.572364	-0.0820717	12.2426
31	37	0.775	0.925	0.937081	0.279316	-4.01506
31	38	0.775	0.95	0.200029	-0.0420387	4.64339
31	39	0.775	0.975	0.91188	0.266717	1.66766
31	40	0.775	1	1	0	0
32	0	0.8	0	0	0	3.05146
32	1	0.8	0.025	0.00417927	-0.00212339	3.05146
32	2	0.8	0.05	0.00429236	-0.00170587	3.09855
32	3	0.8	0.075	0.00800788	-0.00464392	3.00415
32	4	0.8	0.1	0.00305634	-0.0111458	3.08381
32	5	0.8	0.125	0.00706162	-0.00709989	3.11788
32	6	0.8	0.15	0.00458341	-0.0207955	2.90052
32	7	0.8	0.175	0.00132374	-0.0167527	3.33533
32	8	0.8	0.2	0.0100579	-0.0219372	2.78949
32	9	0.8	0.225	-0.00494119	-0.0357377	3.28654
32	10	0.8	0.25	0.0128143	-0.0188588	3.11355
32	11	0.8	0.275	-0.00286591	-0.0511384	2.78253
32	12	0.8	0.3	0.00478548	-0.0288444	3.7355
32	13	0.8	0.325	0.0123737	-0.0460912	2.34091
32	14	0.8	0.35	-0.012245	-0.06019	3.84453
32	15	0.8	0.375	0.0314869	-0.0262453	2.83152
32	16	0.8	0.4	-0.0204834	-0.0907347	2.83831
32	17	0.8	0.425	0.0324403	-0.0255105	4.24851
32	18	0.8	0.45	0.00395934	-0.0822752	1.50204
32	19	0.8	0.475	-0.00120272	-0.0695274	5.09153
32	20	0.8	0.5	0.0632907	-0.0311449	1.71602
32	21	0.8	0.525	-0.0525226	-0.131	3.69301
32	22	0.8	0.55	0.114974	0.00709109	4.23679
32	23	0.8	0.575	-0.0559489	-0.136855	0.621762
32	24	0.8	0.6	0.087239	-0.0291764	6.96942
32	25	0.8	0.625	0.0551569	-0.0483583	-0.838744
32	26	0.8	0.65	-0.061836	-0.127759	6.3884
32	27	0.8	0.675	0.238688	0.0660399	2.02291
32	28	0.8	0.7	-0.23739	-0.185355	1.49576
32	29	0.8	0.725	0.331363	0.0882246	7.49302
32	30	0.8	0.75	-0.18097	-0.0958742	-3.66141
32	31	0.8	0.775	0.154695	-0.00824919	10.1506
32	32	0.8	0.8	0.202584	0.106677	-3.35132
32	33	0.8	0.825	-0.328903	-0.111438	6.15458
32	34	0.8	0.85	0.614732	0.226637	2.7265
32	35	0.8	0.875	-0.653611	-0.0600101	-1.18446
32	36	0.8	0.9	0.841323	0.157019	7.78447
32	37	0.8	0.925	-0.212588	0.151044	-3.56256
32	38	0.8	0.95	0.873374	0.0652928	5.98586
32	39	0.8	0.975	0.662984	0.290083	0.778482
32	40	0.8	1	1	0	0
33	0	0.825	0	0	0	3.30142
33	1	0.825	0.025	0.00465854	-0.000620084	3.30142
33	2	0.825	0.05	0.00862892	-0.00283591	3.27701
33	3	0.825	0.075	0.00683098	-0.00636307	3.30562
33	4	0.825	0.1	0.010591	-0.00593802	3.31793
33	5	0.825	0.125	0.00789864	-0.0150817	3.21378
33	6	0.825	0.15	0.00692624	-0.0129576	3.4549
33	7	0.825	0.175	0.0119591	-0.0192392	3.11971
33	8	0.825	0.2	0.00135548	-0.027241	3.47019
33	9	0.825	0.225	0.0147084	-0.0185453	3.29326
33	10	0.825	0.25	0.00156469	-0.0419277	3.15306
33	11	0.825	0.275	0.00933196	-0.0247716	3.75068
33	12	0.825	0.3	0.01194	-0.0425896	2.77099
33	13	0.825	0.325	-0.00314764	-0.0486622	3.9393
33	14	0.825	0.35	0.0255482	-0.0275761	3.0356
33	15	0.825	0.375	-0.00980503	-0.0779914	3.22862
33	16	0.825	0.4	0.0270489	-0.0223914	4.18489
33	17	0.825	0.425	0.00485565	-0.078005	2.01489
33	18	0.825	0.45	0.0072047	-0.0576332	5.09771
33	19	0.825	0.475	0.0413117	-0.0327423	1.97705
33	20	0.825	0.5	-0.0229872	-0.12076	4.00164
33	21	0.825	0.525	0.0750584	0.0128005	4.30024
33	22	0.825	0.55	-0.0292249	-0.139054	0.89615
33	23	0.825	0.575	0.0683086	-0.0182809	7.31634
33	24	0.825	0.6	0.0264446	-0.0486965	-0.933632
33	25	0.825	0.625	-0.00354354	-0.139012	6.88925
33	26	0.825	0.65	0.13328	0.0940154	2.33972
33	27	0.825	0.675	-0.112341	-0.231356	0.844877
33	28	0.825	0.7	0.20815	0.125477	9.57746
33	29	0.825	0.725	-0.131051	-0.124292	-6.1354
33	30	0.825	0.75	0.153988	-0.0443476	13.3181
33	31	0.825	0.775	0.0581524	0.171434	-5.00411
33	32	0.825	0.8	-0.0931347	-0.275561	6.2199
33	33	0.825	0.825	0.33153	0.369266	6.48215
33	34	0.825	0.85	-0.384392	-0.248877	-8.28316
33	35	0.825	0.875	0.521059	0.233935	18.0119
33	36	0.825	0.9	-0.268584	0.131641	-14.9856
33	37	0.825	0.925	0.658183	-0.0680829	16.6956
33	38	0.825	0.95	0.360625	0.446222	-6.31443
33	39	0.825	0.975	0.818468	0.0151458	5.23262
33	40	0.825	1	1	0	0
34	0	0.85	0	0	0	3.53097
34	1	0.85	0.025	0.00639797	-0.00110469	3.53097
34	2	0.85	0.05	0.00892575	-0.00342224	3.52756
34	3	0.85	0.075	0.0124314	-0.00423343	3.54765
34	4	0.85	0.1	0.0111885	-0.0102407	3.48151
34	5	0.85	0.125	0.0116543	-0.0100635	3.62375
34	6	0.85	0.15	0.0138431	-0.0154614	3.42404
34	7	0.85	0.175	0.00760704	-0.0205885	3.65013
34	8	0.85	0.2	0.0160945	-0.0170406	3.51515
34	9	0.85	0.225	0.00666278	-0.0330115	3.46711
34	10	0.85	0.25	0.0128062	-0.02132	3.8237
34	11	0.85	0.275	0.0131904	-0.0375432	3.17393
34	12	0.85	0.3	0.00402529	-0.0377933	4.03948
34	13	0.85	0.325	0.0222997	-0.0287581	3.25356
34	14	0.85	0.35	-0.000398955	-0.063027	3.63443
34	15	0.85	0.375	0.0222182	-0.0208347	4.06499
34	16	0.85	0.4	0.0104044	-0.0722771	2.64094
34	17	0.85	0.425	0.00825166	-0.0415683	5.01019
34	18	0.85	0.45	0.0331836	-0.0421841	2.23062
34	19	0.85	0.475	-0.00684215	-0.0960628	4.5687
34	20	0.85	0.5	0.047941	0.00635518	3.80886
34	21	0.85	0.525	-0.00109829	-0.133576	2.01142
34	22	0.85	0.55	0.0362615	0.00364764	6.80659
34	23	0.85	0.575	0.0351723	-0.0783213	-0.514139
34	24	0.85	0.6	0.00246191	-0.0975612	7.72617
34	25	0.85	0.625	0.0819651	0.0648798	1.13565
34	26	0.85	0.65	-0.0280459	-0.225919	3.0447
34	27	0.85	0.675	0.0955847	0.153253	8.10144
34	28	0.85	0.7	-0.0193146	-0.196275	-5.08235
34	29	0.85	0.725	0.0543956	0.0293043	14.4796
34	30	0.85	0.75	0.0576152	0.081488	-7.46235
34	31	0.85	0.775	-0.0243492	-0.264052	10.6978
34	32	0.85	0.8	0.150678	0.386022	2.71427
34	33	0.85	0.825	-0.105089	-0.395184	-5.09767
34	34	0.85	0.85	0.178979	0.370253	18.7966
34	35	0.85	0.875	-0.0533465	-0.0771678	-18.8214
34	36	0.85	0.9	0.250572	0.0087963	24.5698
34	37	0.85	0.925	0.272133	0.424672	-14.7883
34	38	0.85	0.95	0.515398	-0.197881	12.7226
34	39	0.85	0.975	0.745209	0.501399	0.0437675
34	40	0.85	1	1	0	0
35	0	0.875	0	0	0	3.7659
35	1	0.875	0.025	0.00739055	-0.00166228	3.7659
35	2	0.875	0.05	0.0122017	-0.00240608	3.7769
35	3	0.875	0.075	0.0137697	-0.00678469	3.73331
35	4	0.875	0.1	0.0148388	-0.00742764	3.82436
35	5	0.875	0.125	0.0161131	-0.0117952	3.69794
35	6	0.875	0.15	0.0128604	-0.0153857	3.84876
35	7	0.875	0.175	0.0174893	-0.0145857	3.74801
35	8	0.875	0.2	0.0117432	-0.0251149	3.74924
35	9	0.875	0.225	0.0154137	-0.0181271	3.94343
35	10	0.875	0.25	0.0155812	-0.0311411	3.55024
35	11	0.875	0.275	0.00931166	-0.0287437	4.1351
35	12	0.875	0.3	0.0216169	-0.0282173	3.5255
35	13	0.875	0.325	0.00621991	-0.0474301	3.9723
35	14	0.875	0.35	0.020573	-0.0216174	3.99273
35	15	0.875	0.375	0.0150744	-0.0609158	3.31165
35	16	0.875	0.4	0.00837601	-0.0298054	4.7677
35	17	0.875	0.425	0.0324607	-0.0486299	2.74861
35	18	0.875	0.45	-0.00212948	-0.0660417	4.87764
35	19	0.875	0.475	0.0386876	-0.0111127	3.42709
35	20	0.875	0.5	0.0106512	-0.107871	3.35413
35	21	0.875	0.525	0.0178325	0.00870144	5.64925
35	22	0.875	0.55	0.0486888	-0.0953709	0.94385
35	23	0.875	0.575	-0.0139808	-0.0450405	7.43391
35	24	0.875	0.6	0.0776073	0.00520782	0.688728
35	25	0.875	0.625	-0.0120821	-0.160475	5.38741
35	26	0.875	0.65	0.0510236	0.120425	5.13808
35	27	0.875	0.675	0.0461089	-0.207466	-1.12036
35	28	0.875	0.7	-0.0296562	0.0961076	11.8539
35	29	0.875	0.725	0.121133	-0.0449449	-6.25441
35	30	0.875	0.75	-0.0808306	-0.130762	12.91
35	31	0.875	0.775	0.128116	0.255795	-1.78379
35	32	0.875	0.8	-0.0207502	-0.355758	2.39463
35	33	0.875	0.825	0.00970889	0.393887	12.1079
35	34	0.875	0.85	0.132236	-0.237336	-12.7838
35	35	0.875	0.875	-0.102227	0.168818	23.0932
35	36	0.875	0.9	0.337925	0.212132	-16.5351
35	37	0.875	0.925	0.0862043	-0.155695	18.4815
35	38	0.875	0.95	0.592691	0.514728	-5.18923
35	39	0.875	0.975	0.647698	0.0505686	5.40357
35	40	0.875	1	1	0	0
36	0	0.9	0	0	0	4.00286
36	1	0.9	0.025	0.00901403	-0.00117786	4.00286
36	2	0.9	0.05	0.0142065	-0.00429219	3.98486
36	3	0.9	0.075	0.0164279	-0.00516795	4.03297
36	4	0.9	0.1	0.0183366	-0.00888025	3.95856
36	5	0.9	0.125	0.0166288	-0.011188	4.06029
36	6	0.9	0.15	0.0192342	-0.011879	3.9823
36	7	0.9	0.175	0.0159676	-0.0184336	4.01486
36	8	0.9	0.2	0.0176634	-0.0149236	4.09854
36	9	0.9	0.225	0.0181773	-0.0241724	3.89651
36	10	0.9	0.25	0.0134026	-0.0216437	4.24006
36	11	0.9	0.275	0.0221773	-0.0250328	3.84288
36	12	0.9	0.3	0.0108436	-0.0337556	4.21435
36	13	0.9	0.325	0.0214424	-0.0220395	4.05581
36	14	0.9	0.35	0.0171158	-0.0458688	3.87573
36	15	0.9	0.375	0.0113994	-0.0241431	4.53899
36	16	0.9	0.4	0.0314172	-0.0456234	3.42997
36	17	0.9	0.425	0.000670148	-0.0424494	4.84247
36	18	0.9	0.45	0.0378964	-0.0260426	3.52246
36	19	0.9	0.475	0.00962405	-0.072991	4.25659
36	20	0.9	0.5	0.0183704	-0.00347605	4.67575
36	21	0.9	0.525	0.0461091	-0.0840453	2.70786
36	22	0.9	0.55	-0.0184726	-0.0163899	6.25028
36	23	0.9	0.575	0.0801495	-0.0380448	1.64701
36	24	0.9	0.6	-0.0251056	-0.0841397	6.15505
36	25	0.9	0.625	0.057591	0.0517631	3.29696
36	26	0.9	0.65	0.0402635	-0.150496	2.72398
36	27	0.9	0.675	-0.0388311	0.0931404	7.79866
36	28	0.9	0.7	0.141646	-0.102466	-2.03055
36	29	0.9	0.725	-0.126894	-0.0106355	11.0004
36	30	0.9	0.75	0.166736	0.0909718	-2.32963
36	31	0.9	0.775	-0.0709615	-0.201516	7.11834
36	32	0.9	0.8	0.0230613	0.275622	5.20012
36	33	0.9	0.825	0.137878	-0.234261	-3.36303
36	34	0.9	0.85	-0.213413	0.231039	15.1839
36	35	0.9	0.875	0.354	0.0216557	-10.4154
36	36	0.9	0.9	-0.22785	-0.0137769	16.9046
36	37	0.9	0.925	0.50296	0.350843	-6.08786
36	38	0.9	0.95	0.229032	-0.0389245	8.28831
36	39	0.9	0.975	0.734521	0.446493	2.70398
36	40	0.9	1	1	0	0
37	0	0.925	0	0	0	4.23052
37	1	0.925	0.025	0.0108434	-0.00224794	4.23052
37	2	0.925	0.05	0.016242	-0.00356842	4.24373
37	3	0.925	0.075	0.01958	-0.00663869	4.21554
37	4	0.925	0.1	0.0190847	-0.00798054	4.27262
37	5	0.925	0.125	0.0210594	-0.00939548	4.2234
37	6	0.925	0.15	0.0189893	-0.0129054	4.26558
37	7	0.925	0.175	0.0198426	-0.0117263	4.28451
37	8	0.925	0.2	0.0202842	-0.0173906	4.21027
37	9	0.925	0.225	0.0168441	-0.0158763	4.37322
37	10	0.925	0.25	0.0228675	-0.0197108	4.17028
37	11	0.925	0.275	0.0146669	-0.0229875	4.39742
37	12	0.925	0.3	0.0228338	-0.0197809	4.24744
37	13	0.925	0.325	0.0180336	-0.0311827	4.27283
37	14	0.925	0.35	0.0162656	-0.0208537	4.47474
37	15	0.925	0.375	0.0280915	-0.0351058	4.04532
37	16	0.925	0.4	0.0067044	-0.0283425	4.70246
37	17	0.925	0.425	0.0358102	-0.0294287	3.96428
37	18	0.925	0.45	0.0081304	-0.0438471	4.60535
37	19	0.925	0.475	0.025747	-0.0167017	4.34935
37	20	0.925	0.5	0.0324517	-0.0567979	3.96521
37	21	0.925	0.525	-0.00463902	-0.0128173	5.16986
37	22	0.925	0.55	0.0664525	-0.0459666	3.16335
37	23	0.925	0.575	-0.0254849	-0.0364152	5.64268
37	24	0.925	0.6	0.0672703	-0.00188919	3.28365
37	25	0.925	0.625	0.00939241	-0.0778753	4.60822
37	26	0.925	0.65	-0.00019321	0.0445302	5.11033
37	27	0.925	0.675	0.0998748	-0.0833151	2.0696
37	28	0.925	0.7	-0.0994089	0.0294541	7.5044
37	29	0.925	0.725	0.162131	-0.00462475	0.404266
37	30	0.925	0.75	-0.109516	-0.0652747	7.34341
37	31	0.925	0.775	0.0879137	0.120522	2.55941
37	32	0.925	0.8	0.0423195	-0.133239	2.89402
37	33	0.925	0.825	-0.128543	0.165338	7.86585
37	34	0.925	0.85	0.249182	-0.0466023	-2.25337
37	35	0.925	0.875	-0.277158	0.0603291	10.9495
37	36	0.925	0.9	0.371604	0.154065	-2.21165
37	37	0.925	0.925	-0.0657154	0.00116598	7.96238
37	38	0.925	0.95	0.48937	0.312678	2.33667
37	39	0.925	0.975	0.558898	0.269972	4.1946
37	40	0.925	1	1	0	0
38	0	0.95	0	0	0	4.45644
38	1	0.95	0.025	0.0125978	-0.00216347	4.45644
38	2	0.95	0.05	0.0186403	-0.00470935	4.45724
38	3	0.95	0.075	0.0200646	-0.00579627	4.48084
38	4	0.95	0.1	0.0218817	-0.00711264	4.4671
38	5	0.95	0.125	0.0205695	-0.00849579	4.49667
38	6	0.95	0.15	0.0213069	-0.00853446	4.49583
38	7	0.95	0.175	0.0212375	-0.0111954	4.4868
38	8	0.95	0.2	0.019338	-0.0107759	4.54118
38	9	0.95	0.225	0.0227804	-0.0133343	4.47419
38	10	0.95	0.25	0.0176904	-0.0144909	4.56901
38	11	0.95	0.275	0.0231263	-0.0146804	4.50043
38	12	0.95	0.3	0.0189434	-0.0189716	4.54597
38	13	0.95	0.325	0.0198983	-0.0161478	4.58115
38	14	0.95	0.35	0.0242934	-0.0223739	4.48166
38	15	0.95	0.375	0.0138996	-0.0193053	4.67621
38	16	0.95	0.4	0.0301873	-0.0226759	4.44105
38	17	0.95	0.425	0.011597	-0.0250271	4.6972
38	18	0.95	0.45	0.0281906	-0.0193769	4.51618
38	19	0.95	0.475	0.0216277	-0.0312573	4.55814
38	20	0.95	0.5	0.0124675	-0.0157159	4.74665
38	21	0.95	0.525	0.043106	-0.0315527	4.28572
38	22	0.95	0.55	-0.00712675	-0.018623	4.9927
38	23	0.95	0.575	0.0558136	-0.0189268	4.13146
38	24	0.95	0.6	-0.00238869	-0.0308139	4.89748
38	25	0.95	0.625	0.0306247	0.00366531	4.45507
38	26	0.95	0.65	0.0450775	-0.0392062	4.19906
38	27	0.95	0.675	-0.0336563	0.0152953	5.23594
38	28	0.95	0.7	0.103585	-0.0212	3.31559
38	29	0.95	0.725	-0.0767534	-0.00626908	5.66059
38	30	0.95	0.75	0.0987109	0.0264555	3.33251
38	31	0.95	0.775	-0.0216341	-0.0408383	4.72368
38	32	0.95	0.8	-0.0139934	0.0660064	4.72805
38	33	0.95	0.825	0.108741	-0.030775	2.87718
38	34	0.95	0.85	-0.153192	0.0449598	6.14725
38	35	0.95	0.875	0.200954	0.0389351	2.31714
38	36	0.95	0.9	-0.123929	0.00884842	5.68215
38	37	0.95	0.925	0.245709	0.139944	3.9495
38	38	0.95	0.95	0.200662	0.132064	4.17377
38	39	0.95	0.975	0.544953	0.339628	5.2653
38	40	0.95	1	1	0	0
39	0	0.975	0	0	0	4.69237
39	1	0.975	0.025	0.0169891	-0.00234425	4.69237
39	2	0.975	0.05	0.0223106	-0.0040309	4.71704
39	3	0.975	0.075	0.0244683	-0.00466143	4.73307
39	4	0.975	0.1	0.0242668	-0.00487658	4.74931
39	5	0.975	0.125	0.0248844	-0.0050055	4.75744
39	6	0.975	0.15	0.0245418	-0.00563785	4.7655
39	7	0.975	0.175	0.0239886	-0.00575394	4.77756
39	8	0.975	0.2	0.0252266	-0.00668553	4.77647
39	9	0.975	0.225	0.0230582	-0.00716431	4.7942
39	10	0.975	0.25	0.025546	-0.00778574	4.79249
39	11	0.975	0.275	0.0232799	-0.008951	4.80448
39	12	0.975	0.3	0.0244658	-0.00898306	4.81566
39	13	0.975	0.325	0.025172	-0.0105995	4.81236
39	14	0.975	0.35	0.0221481	-0.0104391	4.83774
39	15	0.975	0.375	0.027664	-0.0116733	4.82618
39	16	0.975	0.4	0.0205272	-0.0121066	4.85
39	17	0.975	0.425	0.0281306	-0.0119711	4.84718
39	18	0.975	0.45	0.0225865	-0.013577	4.85232
39	19	0.975	0.475	0.0239192	-0.0115477	4.86659
39	20	0.975	0.5	0.0296738	-0.0139865	4.8479
39	21	0.975	0.525	0.0158846	-0.0109656	4.8749
39	22	0.975	0.55	0.0374785	-0.0120988	4.83604
39	23	0.975	0.575	0.0119879	-0.010997	4.86436
39	24	0.975	0.6	0.0353194	-0.0070931	4.8178
39	25	0.975	0.625	0.0231369	-0.0107453	4.81811
39	26	0.975	0.65	0.0152309	-0.000840436	4.79665
39	27	0.975	0.675	0.047492	-0.00724624	4.727
39	28	0.975	0.7	-0.0105683	0.00107601	4.75912
39	29	0.975	0.725	0.0606267	0.00131064	4.63736
39	30	0.975	0.75	-0.00866332	-0.00269597	4.66508
39	31	0.975	0.775	0.0336591	0.0116853	4.60774
39	32	0.975	0.8	0.0333876	-0.00333344	4.5272
39	33	0.975	0.825	-0.0237935	0.0113199	4.59525
39	34	0.975	0.85	0.0749412	0.0031324	4.56617
39	35	0.975	0.875	-0.0401129	-0.00315188	4.54815
39	36	0.975	0.9	0.0845879	0.0186003	5.05651
39	37	0.975	0.925	0.0586647	0.0249974	4.71761
39	38	0.975	0.95	0.17721	0.0948175	5.68336
39	39	0.975	0.975	0.412605	0.277588	5.80996
39	40	0.975	1	1	0	0
40	0	1	0	0	0	4.69237
40	1	1	0.025	0	0	4.69237
40	2	1	0.05	0	0	4.71704
40	3	1	0.075	0	0	4.73307
40	4	1	0.1	0	0	4.74931
40	5	1	0.125	0	0	4.75744
40	6	1	0.15	0	0	4.7655
40	7	1	0.175	0	0	4.77756
40	8	1	0.2	0	0	4.77647
40	9	1	0.225	0	0	4.7942
40	10	1	0.25	0	0	4.79249
40	11	1	0.275	0	0	4.80448
40	12	1	0.3	0	0	4.81566
40	13	1	0.325	0	0	4.81236
40	14	1	0.35	0	0	4.83774
40	15	1	0.375	0	0	4.82618
40	16	1	0.4	0	0	4.85
40	17	1	0.425	0	0	4.84718
40	18	1	0.45	0	0	4.85232
40	19	1	0.475	0	0	4.86659
40	20	1	0.5	0	0	4.8479
40	21	1	0.525	0	0	4.8749
40	22	1	0.55	0	0	4.83604
40	23	1	0.575	0	0	4.86436
40	24	1	0.6	0	0	4.8178
40	25	1	0.625	0	0	4.81811
40	26	1	0.65	0	0	4.79665
40	27	1	0.675	0	0	4.727
40	28	1	0.7	0	0	4.75912
40	29	1	0.725	0	0	4.63736
40	30	1	0.75	0	0	4.66508
40	31	1	0.775	0	0	4.60774
40	32	1	0.8	0	0	4.5272
40	33	1	0.825	0	0	4.59525
40	34	1	0.85	0	0	4.56617
40	35	1	0.875	0	0	4.54815
40	36	1	0.9	0	0	5.05651
40	37	1	0.925	0	0	4.71761
40	38	1	0.95	0	0	5.68336
40	39	1	0.975	0	0	5.80996
40	40	1	1	1	0	0
