# i		j		x		y		u		v		p
# nx		ny		
# 41		41
# =================================
0	0	0	0	0	0	0.483035
0	1	0	0.025	0	0	0.483035
0	2	0	0.05	0	0	0.498777
0	3	0	0.075	0	0	0.60197
0	4	0	0.1	0	0	0.55298
0	5	0	0.125	0	0	0.753069
0	6	0	0.15	0	0	0.729792
0	7	0	0.175	0	0	0.862068
0	8	0	0.2	0	0	1.04361
0	9	0	0.225	0	0	0.97147
0	10	0	0.25	0	0	1.3832
0	11	0	0.275	0	0	1.21544
0	12	0	0.3	0	0	1.60603
0	13	0	0.325	0	0	1.67168
0	14	0	0.35	0	0	1.70445
0	15	0	0.375	0	0	2.22285
0	16	0	0.4	0	0	1.85566
0	17	0	0.425	0	0	2.61431
0	18	0	0.45	0	0	2.25644
0	19	0	0.475	0	0	2.70819
0	20	0	0.5	0	0	2.87454
0	21	0	0.525	0	0	2.64489
0	22	0	0.55	0	0	3.39977
0	23	0	0.575	0	0	2.69014
0	24	0	0.6	0	0	3.54799
0	25	0	0.625	0	0	2.92542
0	26	0	0.65	0	0	3.37412
0	27	0	0.675	0	0	3.11291
0	28	0	0.7	0	0	3.11022
0	29	0	0.725	0	0	2.97444
0	30	0	0.75	0	0	2.74116
0	31	0	0.775	0	0	2.64081
0	32	0	0.8	0	0	1.97389
0	33	0	0.825	0	0	2.42271
0	34	0	0.85	0	0	0.706411
0	35	0	0.875	0	0	2.00809
0	36	0	0.9	0	0	-0.594919
0	37	0	0.925	0	0	0.546486
0	38	0	0.95	0	0	-1.51684
0	39	0	0.975	0	0	-1.9454
0	40	0	1	1	0	0
1	0	0.025	0	0	0	0.483035
1	1	0.025	0.025	0.0084869	-0.00856647	0.483035
1	2	0.025	0.05	0.00530993	-0.0205189	0.498777
1	3	0.025	0.075	0.0158324	-0.0261396	0.60197
1	4	0.025	0.1	9.82738e-05	-0.0361465	0.55298
1	5	0.025	0.125	0.0155557	-0.0452559	0.753069
1	6	0.025	0.15	0.00610097	-0.0484321	0.729792
1	7	0.025	0.175	0.00167796	-0.0634363	0.862068
1	8	0.025	0.2	0.0222737	-0.0620709	1.04361
1	9	0.025	0.225	-0.0149443	-0.07556	0.97147
1	10	0.025	0.25	0.029641	-0.0794908	1.3832
1	11	0.025	0.275	-0.0123688	-0.0808549	1.21544
1	12	0.025	0.3	0.0101395	-0.0968656	1.60603
1	13	0.025	0.325	0.0163186	-0.0848515	1.67168
1	14	0.025	0.35	-0.0282702	-0.105156	1.70445
1	15	0.025	0.375	0.0463582	-0.0931982	2.22285
1	16	0.025	0.4	-0.0488391	-0.0990507	1.85566
1	17	0.025	0.425	0.039482	-0.104367	2.61431
1	18	0.025	0.45	-0.0214969	-0.0848233	2.25644
1	19	0.025	0.475	-0.0152404	-0.10702	2.70819
1	20	0.025	0.5	0.0363827	-0.0725114	2.87454
1	21	0.025	0.525	-0.0772618	-0.0878281	2.64489
1	22	0.025	0.55	0.0690511	-0.0640288	3.39977
1	23	0.025	0.575	-0.0861625	-0.049886	2.69014
1	24	0.025	0.6	0.0366095	-0.0514967	3.54799
1	25	0.025	0.625	-0.0319113	-0.0104009	2.92542
1	26	0.025	0.65	-0.0386453	-0.0191941	3.37412
1	27	0.025	0.675	0.0283471	0.025108	3.11291
1	28	0.025	0.7	-0.0849996	0.0369764	3.11022
1	29	0.025	0.725	0.0389721	0.0643865	2.97444
1	30	0.025	0.75	-0.067754	0.0918509	2.74116
1	31	0.025	0.775	0.0125116	0.113591	2.64081
1	32	0.025	0.8	-0.0424527	0.126914	1.97389
1	33	0.025	0.825	0.0157868	0.168614	2.42271
1	34	0.025	0.85	-0.0674504	0.160004	0.706411
1	35	0.025	0.875	0.0734729	0.200949	2.00809
1	36	0.025	0.9	-0.0828273	0.198622	-0.594919
1	37	0.025	0.925	0.138913	0.171736	0.546486
1	38	0.025	0.95	0.0827181	0.16055	-1.51684
1	39	0.025	0.975	0.390472	-0.00661056	-1.9454
1	40	0.025	1	1	0	0
2	0	0.05	0	0	0	0.769877
2	1	0.05	0.025	-0.00569974	-0.0196902	0.769877
2	2	0.05	0.05	-4.52268e-05	-0.0262481	0.949943
2	3	0.05	0.075	-0.0170144	-0.0507327	0.622963
2	4	0.05	0.1	0.00343198	-0.0601218	1.24983
2	5	0.05	0.125	-0.0158791	-0.0669959	0.72352
2	6	0.05	0.15	-0.0104899	-0.0994161	1.18063
2	7	0.05	0.175	0.00406558	-0.0832954	1.37265
2	8	0.05	0.2	-0.0372626	-0.126063	0.761864
2	9	0.05	0.225	0.0221155	-0.115422	2.18349
2	10	0.05	0.25	-0.046474	-0.12904	0.669689
2	11	0.05	0.275	0.00608453	-0.160939	2.35043
2	12	0.05	0.3	-0.0147224	-0.12211	1.57332
2	13	0.05	0.325	-0.0495457	-0.193083	1.56498
2	14	0.05	0.35	0.0361094	-0.133519	3.19378
2	15	0.05	0.375	-0.0999134	-0.182973	0.674444
2	16	0.05	0.4	0.0470725	-0.173858	4.2196
2	17	0.05	0.425	-0.0827799	-0.137132	1.09063
2	18	0.05	0.45	-0.022623	-0.214824	3.51861
2	19	0.05	0.475	0.00404637	-0.0990413	3.20152
2	20	0.05	0.5	-0.138717	-0.203552	1.58107
2	21	0.05	0.525	0.081061	-0.101295	5.54022
2	22	0.05	0.55	-0.19491	-0.120583	0.427065
2	23	0.05	0.575	0.0582946	-0.12878	6.00405
2	24	0.05	0.6	-0.121527	-0.0173091	1.54676
2	25	0.05	0.625	-0.0790968	-0.121101	4.12386
2	26	0.05	0.65	0.0167094	0.0445836	4.02633
2	27	0.05	0.675	-0.225911	-0.0262748	1.82287
2	28	0.05	0.7	0.08994	0.0666255	5.37762
2	29	0.05	0.725	-0.240259	0.113412	1.20655
2	30	0.05	0.75	0.0365422	0.102089	4.53171
2	31	0.05	0.775	-0.125889	0.196433	1.73046
2	32	0.05	0.8	-0.0711051	0.197055	3.38096
2	33	0.05	0.825	-0.0351837	0.210198	0.901379
2	34	0.05	0.85	-0.0826794	0.302675	3.9642
2	35	0.05	0.875	-0.0446479	0.238381	-1.71905
2	36	0.05	0.9	0.0430985	0.288328	4.54766
2	37	0.05	0.925	0.00279123	0.276518	-2.91815
2	38	0.05	0.95	0.267526	0.121301	2.02691
2	39	0.05	0.975	0.446187	0.103415	-1.34246
2	40	0.05	1	1	0	0
3	0	0.075	0	0	0	1.11508
3	1	0.075	0.025	-0.0072221	-0.0129754	1.11508
3	2	0.075	0.05	-0.0180516	-0.0498971	0.851204
3	3	0.075	0.075	-0.00716984	-0.051614	1.6217
3	4	0.075	0.1	-0.0235193	-0.0737992	0.644443
3	5	0.075	0.125	-0.0150993	-0.107247	1.70167
3	6	0.075	0.15	-0.0114819	-0.0856202	1.32447
3	7	0.075	0.175	-0.037971	-0.155413	0.905896
3	8	0.075	0.2	0.00590347	-0.117676	2.70598
3	9	0.075	0.225	-0.0549397	-0.165749	0.100034
3	10	0.075	0.25	-0.000216807	-0.183755	3.39956
3	11	0.075	0.275	-0.0383371	-0.144033	0.822701
3	12	0.075	0.3	-0.0465433	-0.252108	2.19932
3	13	0.075	0.325	0.00601304	-0.138986	3.41209
3	14	0.075	0.35	-0.106543	-0.26277	-0.120704
3	15	0.075	0.375	0.0287955	-0.193228	5.9106
3	16	0.075	0.4	-0.116635	-0.194309	-0.810963
3	17	0.075	0.425	-0.0219638	-0.286327	5.49917
3	18	0.075	0.45	-0.0471009	-0.109189	2.13577
3	19	0.075	0.475	-0.144297	-0.327618	1.64654
3	20	0.075	0.5	0.0415971	-0.0960419	7.13456
3	21	0.075	0.525	-0.245545	-0.235361	-2.27262
3	22	0.075	0.55	0.0493821	-0.172842	9.71558
3	23	0.075	0.575	-0.20983	-0.0524207	-1.76114
3	24	0.075	0.6	-0.0828631	-0.252358	6.777
3	25	0.075	0.625	-0.0508501	0.0798854	3.66611
3	26	0.075	0.65	-0.300788	-0.19294	0.47165
3	27	0.075	0.675	0.0888118	0.0879374	9.21585
3	28	0.075	0.7	-0.414798	0.0328426	-3.19443
3	29	0.075	0.725	0.0840538	0.0343531	9.62547
3	30	0.075	0.75	-0.291951	0.249371	-1.21215
3	31	0.075	0.775	-0.0916243	0.0634125	5.24477
3	32	0.075	0.8	-0.0478625	0.294261	2.37498
3	33	0.075	0.825	-0.284075	0.24215	2.2094
3	34	0.075	0.85	0.107027	0.235546	1.68163
3	35	0.075	0.875	-0.252583	0.384155	3.91999
3	36	0.075	0.9	0.132979	0.240427	-2.34461
3	37	0.075	0.925	0.0496591	0.264994	5.18063
3	38	0.075	0.95	0.289616	0.250211	-2.69001
3	39	0.075	0.975	0.569564	0.0310834	1.57411
3	40	0.075	1	1	0	0
4	0	0.1	0	0	0	1.29094
4	1	0.1	0.025	-0.0119511	-0.0316286	1.29094
4	2	0.1	0.05	-0.0156073	-0.0328328	1.731
4	3	0.1	0.075	-0.0210517	-0.0724668	0.833211
4	4	0.1	0.1	-0.0236114	-0.0919445	2.14383
4	5	0.1	0.125	-0.0178537	-0.0855299	1.14152
4	6	0.1	0.15	-0.0358261	-0.158592	1.47585
4	7	0.1	0.175	-0.0129675	-0.107851	2.65713
4	8	0.1	0.2	-0.0453693	-0.190039	0.139433
4	9	0.1	0.225	-0.0208343	-0.17366	4.07778
4	10	0.1	0.25	-0.0399725	-0.169582	0.0596673
4	11	0.1	0.275	-0.0494803	-0.268034	3.38429
4	12	0.1	0.3	-0.021535	-0.142436	2.64192
4	13	0.1	0.325	-0.0887222	-0.319405	0.354077
4	14	0.1	0.35	-0.0154537	-0.180288	6.45824
4	15	0.1	0.375	-0.106031	-0.265127	-2.04384
4	16	0.1	0.4	-0.0505123	-0.298974	7.62255
4	17	0.1	0.425	-0.0755302	-0.143733	0.0203801
4	18	0.1	0.45	-0.133964	-0.40945	3.53794
4	19	0.1	0.475	-0.0263184	-0.0811124	6.6163
4	20	0.1	0.5	-0.224967	-0.370076	-3.12857
4	21	0.1	0.525	-0.0224828	-0.160553	12.4719
4	22	0.1	0.55	-0.234581	-0.151964	-5.47209
4	23	0.1	0.575	-0.11061	-0.327106	11.1473
4	24	0.1	0.6	-0.131114	0.0800747	0.653453
4	25	0.1	0.625	-0.296542	-0.386212	1.91231
4	26	0.1	0.65	-0.00628252	0.14252	11.1038
4	27	0.1	0.675	-0.469544	-0.171974	-7.47849
4	28	0.1	0.7	0.0363158	0.0222053	16.5243
4	29	0.1	0.725	-0.437962	0.197894	-7.8696
4	30	0.1	0.75	-0.0785815	-0.115279	11.3793
4	31	0.1	0.775	-0.177461	0.405488	0.571443
4	32	0.1	0.8	-0.352628	-0.0225435	1.00252
4	33	0.1	0.825	0.12579	0.334973	7.82438
4	34	0.1	0.85	-0.541353	0.292251	-3.17624
4	35	0.1	0.875	0.310987	0.180573	5.92812
4	36	0.1	0.9	-0.343231	0.439107	1.07727
4	37	0.1	0.925	0.377161	0.168437	-0.33707
4	38	0.1	0.95	0.229877	0.212849	3.58559
4	39	0.1	0.975	0.64948	0.176425	-0.502417
4	40	0.1	1	1	0	0
5	0	0.125	0	0	0	1.71241
5	1	0.125	0.025	-0.0132128	-0.0148781	1.71241
5	2	0.125	0.05	-0.0149951	-0.0579004	1.33472
5	3	0.125	0.075	-0.0314811	-0.0669934	2.24633
5	4	0.125	0.1	-0.0135982	-0.0841903	1.22942
5	5	0.125	0.125	-0.0402827	-0.1378	2.03804
5	6	0.125	0.15	-0.020688	-0.10305	2.30482
5	7	0.125	0.175	-0.0344322	-0.190535	0.82614
5	8	0.125	0.2	-0.0443478	-0.154456	3.9452
5	9	0.125	0.225	-0.0217319	-0.192562	0.0642033
5	10	0.125	0.25	-0.0702989	-0.247481	4.16954
5	11	0.125	0.275	-0.0230563	-0.163431	1.682
5	12	0.125	0.3	-0.079173	-0.32992	1.73807
5	13	0.125	0.325	-0.054989	-0.173221	5.52641
5	14	0.125	0.35	-0.0686381	-0.321528	-1.52715
5	15	0.125	0.375	-0.108682	-0.272833	8.25884
5	16	0.125	0.4	-0.0548341	-0.21151	-1.40487
5	17	0.125	0.425	-0.15581	-0.416498	5.91186
5	18	0.125	0.45	-0.0674434	-0.10591	4.34428
5	19	0.125	0.475	-0.181308	-0.45801	-1.21691
5	20	0.125	0.5	-0.126453	-0.133586	12.1632
5	21	0.125	0.525	-0.178091	-0.28919	-6.67034
5	22	0.125	0.55	-0.210345	-0.313095	14.3622
5	23	0.125	0.575	-0.144489	-0.00624693	-3.23128
5	24	0.125	0.6	-0.302261	-0.486638	6.17965
5	25	0.125	0.625	-0.122345	0.159295	8.84515
5	26	0.125	0.65	-0.401284	-0.400317	-7.35129
5	27	0.125	0.675	-0.139705	0.0781467	20.1804
5	28	0.125	0.7	-0.426926	-0.00329965	-13.8456
5	29	0.125	0.725	-0.186649	-0.174875	19.6836
5	30	0.125	0.75	-0.287293	0.403772	-5.99401
5	31	0.125	0.775	-0.336482	-0.3113	5.59199
5	32	0.125	0.8	-0.0344807	0.491167	9.42529
5	33	0.125	0.825	-0.588664	-0.0523844	-9.48774
5	34	0.125	0.85	0.242203	0.274437	17.6253
5	35	0.125	0.875	-0.638814	0.397583	-11.349
5	36	0.125	0.9	0.46383	0.0419949	11.677
5	37	0.125	0.925	-0.194286	0.492403	-2.44836
5	38	0.125	0.95	0.596261	0.0609915	1.99625
5	39	0.125	0.975	0.591117	0.202174	2.10241
5	40	0.125	1	1	0	0
6	0	0.15	0	0	0	1.86796
6	1	0.15	0.025	-0.00973604	-0.0295757	1.86796
6	2	0.15	0.05	-0.0294758	-0.0450059	2.14427
6	3	0.15	0.075	-0.00727064	-0.0724532	1.70428
6	4	0.15	0.1	-0.0474881	-0.107412	2.21079
6	5	0.15	0.125	-0.0146789	-0.102879	2.2126
6	6	0.15	0.15	-0.034974	-0.165581	1.59667
6	7	0.15	0.175	-0.0535536	-0.146408	3.3331
6	8	0.15	0.2	-0.00357423	-0.194055	0.939706
6	9	0.15	0.225	-0.0965458	-0.218464	3.92837
6	10	0.15	0.25	-4.83247e-05	-0.1916	1.6041
6	11	0.15	0.275	-0.0950262	-0.298399	2.76868
6	12	0.15	0.3	-0.0607254	-0.196199	4.15458
6	13	0.15	0.325	-0.0443392	-0.329919	0.315412
6	14	0.15	0.35	-0.160668	-0.256669	6.91376
6	15	0.15	0.375	-0.00476423	-0.276344	-0.674518
6	16	0.15	0.4	-0.216677	-0.373189	6.60655
6	17	0.15	0.425	-0.0490098	-0.183885	2.57278
6	18	0.15	0.45	-0.17898	-0.455901	1.75798
6	19	0.15	0.475	-0.193316	-0.158745	9.1997
6	20	0.15	0.5	-0.100078	-0.383161	-4.09901
6	21	0.15	0.525	-0.348922	-0.270128	13.621
6	22	0.15	0.55	-0.0722625	-0.154767	-4.24931
6	23	0.15	0.575	-0.394304	-0.456152	9.57853
6	24	0.15	0.6	-0.157613	0.0660854	4.64948
6	25	0.15	0.625	-0.339308	-0.502633	-2.63195
6	26	0.15	0.65	-0.334592	0.0994971	17.6121
6	27	0.15	0.675	-0.279293	-0.23702	-13.4523
6	28	0.15	0.7	-0.454193	-0.106352	23.4024
6	29	0.15	0.725	-0.232444	0.219061	-11.6951
6	30	0.15	0.75	-0.44658	-0.392868	13.5026
6	31	0.15	0.775	-0.179162	0.520934	4.18746
6	32	0.15	0.8	-0.473812	-0.395038	-7.21295
6	33	0.15	0.825	-0.0694194	0.455153	22.2961
6	34	0.15	0.85	-0.572581	0.0515469	-21.3537
6	35	0.15	0.875	0.202186	0.122508	26.8668
6	36	0.15	0.9	-0.427652	0.546975	-17.0549
6	37	0.15	0.925	0.527366	-0.125432	14.5183
6	38	0.15	0.95	0.193888	0.515444	-3.12264
6	39	0.15	0.975	0.77974	0.0397032	2.36872
6	40	0.15	1	1	0	0
7	0	0.175	0	0	0	2.20025
7	1	0.175	0.025	-0.0156134	-0.0262949	2.20025
7	2	0.175	0.05	-0.00608402	-0.0462968	2.24739
7	3	0.175	0.075	-0.0460906	-0.0827319	2.09909
7	4	0.175	0.1	-0.00514041	-0.0937187	2.60627
7	5	0.175	0.125	-0.0433724	-0.130469	1.89363
7	6	0.175	0.15	-0.0434968	-0.148817	2.99777
7	7	0.175	0.175	-0.0019885	-0.167192	1.97878
7	8	0.175	0.2	-0.105692	-0.206857	3.02067
7	9	0.175	0.225	0.0236623	-0.199566	2.64124
7	10	0.175	0.25	-0.121902	-0.257926	2.53446
7	11	0.175	0.275	-0.032946	-0.236073	3.79324
7	12	0.175	0.3	-0.0548589	-0.290066	1.85216
7	13	0.175	0.325	-0.168679	-0.283465	4.86311
7	14	0.175	0.35	0.027926	-0.292436	1.79647
7	15	0.175	0.375	-0.273905	-0.34268	4.82872
7	16	0.175	0.4	0.00623132	-0.271843	3.31597
7	17	0.175	0.425	-0.230304	-0.39249	2.94178
7	18	0.175	0.45	-0.180483	-0.259265	6.47242
7	19	0.175	0.475	-0.076991	-0.379718	0.136807
7	20	0.175	0.5	-0.43805	-0.292815	9.3255
7	21	0.175	0.525	0.0150059	-0.273286	-0.672379
7	22	0.175	0.55	-0.539177	-0.381197	8.38361
7	23	0.175	0.575	-0.0925486	-0.120785	3.33483
7	24	0.175	0.6	-0.387144	-0.443215	1.87889
7	25	0.175	0.625	-0.413815	-0.0213391	11.7067
7	26	0.175	0.65	-0.161059	-0.335398	-6.6321
7	27	0.175	0.675	-0.733874	-0.0683916	18.7526
7	28	0.175	0.7	-0.0604565	-0.0291738	-9.57078
7	29	0.175	0.725	-0.744404	-0.274289	16.1672
7	30	0.175	0.75	-0.144245	0.322677	-1.04062
7	31	0.175	0.775	-0.485918	-0.445363	0.748682
7	32	0.175	0.8	-0.343513	0.486603	16.7612
7	33	0.175	0.825	-0.293809	-0.275969	-18.6198
7	34	0.175	0.85	-0.357039	0.333306	31.4834
7	35	0.175	0.875	-0.227067	0.245073	-26.5068
7	36	0.175	0.9	0.0465536	-0.0427677	29.3101
7	37	0.175	0.925	0.0274103	0.656448	-15.7567
7	38	0.175	0.95	0.570597	-0.202184	11.5316
7	39	0.175	0.975	0.643936	0.452265	-0.0790192
7	40	0.175	1	1	0	0
8	0	0.2	0	0	0	2.51015
8	1	0.2	0.025	-0.006702	-0.016292	2.51015
8	2	0.2	0.05	-0.0315797	-0.0651875	2.15843
8	3	0.2	0.075	-0.00280034	-0.0669083	3.1361
8	4	0.2	0.1	-0.0455519	-0.104326	1.75976
8	5	0.2	0.125	-0.0262688	-0.143193	3.32498
8	6	0.2	0.15	-0.013928	-0.127654	2.40087
8	7	0.2	0.175	-0.0892618	-0.212997	2.42911
8	8	0.2	0.2	0.0267139	-0.173523	3.94553
8	9	0.2	0.225	-0.130867	-0.241573	1.38174
8	10	0.2	0.25	-0.000956533	-0.255602	4.88074
8	11	0.2	0.275	-0.0836495	-0.239006	1.8077
8	12	0.2	0.3	-0.130719	-0.338112	4.0107
8	13	0.2	0.325	0.0173455	-0.252118	3.99391
8	14	0.2	0.35	-0.278633	-0.36921	2.05228
8	15	0.2	0.375	0.0423509	-0.308618	6.27157
8	16	0.2	0.4	-0.285392	-0.343873	1.1115
8	17	0.2	0.425	-0.115181	-0.383009	6.70143
8	18	0.2	0.45	-0.121815	-0.307121	2.41168
8	19	0.2	0.475	-0.420611	-0.416362	5.07325
8	20	0.2	0.5	0.0336605	-0.29246	5.05836
8	21	0.2	0.525	-0.628687	-0.386884	2.86807
8	22	0.2	0.55	-0.0132135	-0.293737	7.32288
8	23	0.2	0.575	-0.508296	-0.333581	1.33809
8	24	0.2	0.6	-0.353458	-0.274099	8.68352
8	25	0.2	0.625	-0.183936	-0.2688	0.475825
8	26	0.2	0.65	-0.845894	-0.216692	9.55801
8	27	0.2	0.675	0.0368792	-0.160473	0.224964
8	28	0.2	0.7	-1.04977	-0.188624	8.96387
8	29	0.2	0.725	-0.00526215	0.00984684	2.20204
8	30	0.2	0.75	-0.719077	-0.248946	3.74531
8	31	0.2	0.775	-0.374006	0.218589	9.57597
8	32	0.2	0.8	-0.18723	-0.266168	-7.30513
8	33	0.2	0.825	-0.827027	0.347552	21.6559
8	34	0.2	0.85	0.141844	-0.0518331	-18.9061
8	35	0.2	0.875	-0.767706	0.229709	29.7038
8	36	0.2	0.9	0.280536	0.387486	-20.9797
8	37	0.2	0.925	-0.0457032	-0.0977794	22.3616
8	38	0.2	0.95	0.50102	0.618296	-8.32673
8	39	0.2	0.975	0.722666	-0.0466995	5.48116
8	40	0.2	1	1	0	0
9	0	0.225	0	0	0	2.61418
9	1	0.225	0.025	-0.0123599	-0.0413765	2.61418
9	2	0.225	0.05	-0.00648544	-0.0314149	3.31224
9	3	0.225	0.075	-0.0337966	-0.0911833	1.75237
9	4	0.225	0.1	-0.0169948	-0.115096	3.94999
9	5	0.225	0.125	-0.0222622	-0.0991524	2.14568
9	6	0.225	0.15	-0.0611624	-0.213278	2.75422
9	7	0.225	0.175	0.0110935	-0.128735	4.46567
9	8	0.225	0.2	-0.108719	-0.252174	0.542628
9	9	0.225	0.225	0.00698755	-0.23196	6.43649
9	10	0.225	0.25	-0.0951847	-0.217328	0.466096
9	11	0.225	0.275	-0.0829851	-0.371687	5.07333
9	12	0.225	0.3	-0.0173741	-0.193966	4.21805
9	13	0.225	0.325	-0.224796	-0.4364	0.675102
9	14	0.225	0.35	0.0280051	-0.275163	9.04908
9	15	0.225	0.375	-0.284505	-0.364453	-2.1321
9	16	0.225	0.4	-0.0676505	-0.447959	9.79319
9	17	0.225	0.425	-0.17688	-0.246786	0.997228
9	18	0.225	0.45	-0.328289	-0.575388	4.38019
9	19	0.225	0.475	-0.0236499	-0.230997	8.56222
9	20	0.225	0.5	-0.59036	-0.517008	-2.72434
9	21	0.225	0.525	-0.0143961	-0.356779	13.964
9	22	0.225	0.55	-0.579512	-0.315725	-4.25047
9	23	0.225	0.575	-0.263422	-0.519362	11.8579
9	24	0.225	0.6	-0.293926	-0.156061	1.8756
9	25	0.225	0.625	-0.757229	-0.531879	3.68672
9	26	0.225	0.65	-0.0343237	-0.135304	10.2261
9	27	0.225	0.675	-1.14091	-0.332925	-3.2515
9	28	0.225	0.7	0.0174747	-0.204076	13.8014
9	29	0.225	0.725	-0.972068	-0.104673	-3.76919
9	30	0.225	0.75	-0.26315	-0.21823	11.3088
9	31	0.225	0.775	-0.354247	-0.0226	-0.758051
9	32	0.225	0.8	-0.919892	-0.0365354	8.72629
9	33	0.225	0.825	0.214807	-0.022173	-1.00012
9	34	0.225	0.85	-1.39502	0.238905	11.8644
9	35	0.225	0.875	0.566228	0.0735916	-6.46083
9	36	0.225	0.9	-0.978971	0.263862	16.4361
9	37	0.225	0.925	0.706544	0.352263	-8.68541
9	38	0.225	0.95	0.141849	0.0281872	10.7725
9	39	0.225	0.975	0.82095	0.431645	-0.509332
9	40	0.225	1	1	0	0
10	0	0.25	0	0	0	3.12225
10	1	0.25	0.025	-0.00618153	-0.00635034	3.12225
10	2	0.25	0.05	-0.0154478	-0.0764	2.27107
10	3	0.25	0.075	-0.0173427	-0.0712811	4.21427
10	4	0.25	0.1	-0.0155104	-0.0899027	1.87201
10	5	0.25	0.125	-0.0418651	-0.18636	3.64289
10	6	0.25	0.15	-0.00276108	-0.0942837	3.98968
10	7	0.25	0.175	-0.0706545	-0.261525	0.890976
10	8	0.25	0.2	-0.0091262	-0.179473	7.08789
10	9	0.25	0.225	-0.0711461	-0.232249	-0.679706
10	10	0.25	0.25	-0.0633319	-0.350442	6.95149
10	11	0.25	0.275	-0.0344574	-0.166258	2.64161
10	12	0.25	0.3	-0.155405	-0.483415	1.75819
10	13	0.25	0.325	-0.0149125	-0.21065	9.46927
10	14	0.25	0.35	-0.21656	-0.438547	-3.89705
10	15	0.25	0.375	-0.079823	-0.420943	12.982
10	16	0.25	0.4	-0.174832	-0.260011	-2.44281
10	17	0.25	0.425	-0.25038	-0.663797	7.41366
10	18	0.25	0.45	-0.0894705	-0.169114	7.5982
10	19	0.25	0.475	-0.45855	-0.6924	-4.12716
10	20	0.25	0.5	-0.0988511	-0.313041	18.1661
10	21	0.25	0.525	-0.519043	-0.433931	-10.177
10	22	0.25	0.55	-0.265061	-0.623267	18.4466
10	23	0.25	0.575	-0.357065	-0.131623	-2.71702
10	24	0.25	0.6	-0.609597	-0.82735	5.34269
10	25	0.25	0.625	-0.184185	-0.05543	13.451
10	26	0.25	0.65	-0.983145	-0.660654	-11.1095
10	27	0.25	0.675	-0.152766	-0.239353	25.1636
10	28	0.25	0.7	-1.00633	-0.217756	-16.1985
10	29	0.25	0.725	-0.285757	-0.530344	22.2071
10	30	0.25	0.75	-0.563536	0.135092	-5.52572
10	31	0.25	0.775	-0.763891	-0.606826	6.19498
10	32	0.25	0.8	-0.0317262	0.190865	10.6548
10	33	0.25	0.825	-1.44903	-0.239223	-8.48839
10	34	0.25	0.85	0.401259	0.0604789	17.8675
10	35	0.25	0.875	-1.59556	0.304693	-8.82532
10	36	0.25	0.9	0.802824	-0.0285008	10.9402
10	37	0.25	0.925	-0.692834	0.460907	0.66863
10	38	0.25	0.95	0.914541	0.130674	1.58674
10	39	0.25	0.975	0.594524	0.245758	3.64183
10	40	0.25	1	1	0	0
11	0	0.275	0	0	0	3.07311
11	1	0.275	0.025	-0.00342475	-0.0445623	3.07311
11	2	0.275	0.05	-0.0160345	-0.0331114	3.93372
11	3	0.275	0.075	0.000127462	-0.0851559	2.18856
11	4	0.275	0.1	-0.0367739	-0.136069	4.24856
11	5	0.275	0.125	0.000935344	-0.0842736	3.26697
11	6	0.275	0.15	-0.0429196	-0.240738	2.12708
11	7	0.275	0.175	-0.0249989	-0.133908	6.41304
11	8	0.275	0.2	-0.0273788	-0.252855	-0.424851
11	9	0.275	0.225	-0.0753725	-0.287663	7.90202
11	10	0.275	0.25	-0.0109826	-0.183303	1.01829
11	11	0.275	0.275	-0.119399	-0.465085	4.11538
11	12	0.275	0.3	-0.0374645	-0.173477	7.53934
11	13	0.275	0.325	-0.129074	-0.497064	-2.71998
11	14	0.275	0.35	-0.128279	-0.344428	13.5413
11	15	0.275	0.375	-0.10137	-0.336398	-4.5375
11	16	0.275	0.4	-0.245647	-0.635551	11.0276
11	17	0.275	0.425	-0.0913677	-0.176323	3.87273
11	18	0.275	0.45	-0.339108	-0.788744	-0.920635
11	19	0.275	0.475	-0.186286	-0.247535	17.1741
11	20	0.275	0.5	-0.360814	-0.603166	-11.558
11	21	0.275	0.525	-0.368488	-0.579634	22.6266
11	22	0.275	0.55	-0.292848	-0.236767	-8.22294
11	23	0.275	0.575	-0.564575	-0.937997	11.5013
11	24	0.275	0.6	-0.266491	-0.0417207	9.50455
11	25	0.275	0.625	-0.748523	-0.944764	-9.91782
11	26	0.275	0.65	-0.388179	-0.183276	28.4824
11	27	0.275	0.675	-0.79482	-0.507983	-23.2582
11	28	0.275	0.7	-0.537018	-0.588138	32.6013
11	29	0.275	0.725	-0.579187	0.0389358	-15.572
11	30	0.275	0.75	-0.724865	-0.961292	14.6156
11	31	0.275	0.775	-0.29209	0.306011	8.87997
11	32	0.275	0.8	-1.12646	-0.853872	-14.6369
11	33	0.275	0.825	-0.0887981	0.217614	32.441
11	34	0.275	0.85	-1.47693	-0.192717	-32.6793
11	35	0.275	0.875	0.304704	-0.0844448	38.2325
11	36	0.275	0.9	-1.14538	0.551614	-26.3622
11	37	0.275	0.925	0.81851	-0.322855	21.9422
11	38	0.275	0.95	0.0104991	0.657127	-6.09368
11	39	0.275	0.975	0.947719	-0.016043	3.77308
11	40	0.275	1	1	0	0
12	0	0.3	0	0	0	3.58457
12	1	0.3	0.025	-0.00616407	-0.0131857	3.58457
12	2	0.3	0.05	0.009453	-0.0650173	2.98647
12	3	0.3	0.075	-0.0334419	-0.0863925	4.17647
12	4	0.3	0.1	0.0173834	-0.0851001	3.14276
12	5	0.3	0.125	-0.0354434	-0.189676	3.21164
12	6	0.3	0.15	-0.019426	-0.117064	5.2302
12	7	0.3	0.175	0.00442993	-0.242904	1.04022
12	8	0.3	0.2	-0.0902947	-0.227233	7.22764
12	9	0.3	0.225	0.0365274	-0.21427	0.932158
12	10	0.3	0.25	-0.125554	-0.393226	5.60753
12	11	0.3	0.275	-0.0116571	-0.188397	5.26273
12	12	0.3	0.3	-0.0803055	-0.485172	0.190551
12	13	0.3	0.325	-0.153906	-0.291874	11.2444
12	14	0.3	0.35	-0.00652592	-0.405593	-3.36732
12	15	0.3	0.375	-0.292148	-0.540298	11.8875
12	16	0.3	0.4	-0.0155846	-0.254241	1.23508
12	17	0.3	0.425	-0.307239	-0.753161	3.39718
12	18	0.3	0.45	-0.194242	-0.248208	12.7433
12	19	0.3	0.475	-0.216367	-0.695577	-7.7309
12	20	0.3	0.5	-0.479135	-0.495644	21.0766
12	21	0.3	0.525	-0.137665	-0.396742	-9.18646
12	22	0.3	0.55	-0.65182	-0.865814	15.5289
12	23	0.3	0.575	-0.209574	-0.14707	3.9572
12	24	0.3	0.6	-0.628925	-1.01741	-3.23249
12	25	0.3	0.625	-0.517904	-0.176424	23.4763
12	26	0.3	0.65	-0.520432	-0.736903	-20.2509
12	27	0.3	0.675	-0.863837	-0.507852	33.8064
12	28	0.3	0.7	-0.388218	-0.216742	-19.9996
12	29	0.3	0.725	-0.957494	-0.96194	22.9093
12	30	0.3	0.75	-0.338516	0.194816	0.557217
12	31	0.3	0.775	-0.912334	-1.13417	-6.91807
12	32	0.3	0.8	-0.501361	0.288627	30.1868
12	33	0.3	0.825	-0.951898	-0.733903	-36.5978
12	34	0.3	0.85	-0.539979	0.0768058	50.7884
12	35	0.3	0.875	-0.860351	0.0849244	-46.2369
12	36	0.3	0.9	0.00389361	-0.365596	47.0843
12	37	0.3	0.925	-0.257725	0.800734	-28.3726
12	38	0.3	0.95	0.70833	-0.54305	18.9235
12	39	0.3	0.975	0.671927	0.611176	-1.94388
12	40	0.3	1	1	0	0
13	0	0.325	0	0	0	3.64764
13	1	0.325	0.025	0.00667093	-0.029327	3.64764
13	2	0.325	0.05	-0.0197564	-0.05494	3.84748
13	3	0.325	0.075	0.028741	-0.0724279	3.67686
13	4	0.325	0.1	-0.0349617	-0.134559	3.50379
13	5	0.325	0.125	0.00473783	-0.117445	4.64073
13	6	0.325	0.15	0.0095574	-0.196962	2.49791
13	7	0.325	0.175	-0.0796418	-0.200087	5.7826
13	8	0.325	0.2	0.0712252	-0.216042	2.35858
13	9	0.325	0.225	-0.140681	-0.31961	5.20506
13	10	0.325	0.25	0.0447721	-0.226297	4.63477
13	11	0.325	0.275	-0.0842395	-0.411579	2.3218
13	12	0.325	0.3	-0.1201	-0.300898	8.32179
13	13	0.325	0.325	0.0459129	-0.405618	-0.0828161
13	14	0.325	0.35	-0.318371	-0.469197	9.46169
13	15	0.325	0.375	0.083274	-0.33605	2.0978
13	16	0.325	0.4	-0.344907	-0.642134	4.90277
13	17	0.325	0.425	-0.108557	-0.33232	9.2176
13	18	0.325	0.45	-0.167102	-0.65846	-2.45396
13	19	0.325	0.475	-0.493068	-0.488148	15.5998
13	20	0.325	0.5	-0.00176744	-0.493556	-4.66096
13	21	0.325	0.525	-0.765966	-0.750346	13.5003
13	22	0.325	0.55	-0.0642071	-0.319381	2.90539
13	23	0.325	0.575	-0.668223	-0.905011	1.51387
13	24	0.325	0.6	-0.467537	-0.303397	16.4704
13	25	0.325	0.625	-0.372178	-0.764815	-11.4499
13	26	0.325	0.65	-1.05004	-0.493911	25.8417
13	27	0.325	0.675	-0.173344	-0.419239	-14.1155
13	28	0.325	0.7	-1.30032	-0.80399	21.3559
13	29	0.325	0.725	-0.195803	-0.0774421	-2.40171
13	30	0.325	0.75	-1.01761	-1.01178	1.32465
13	31	0.325	0.775	-0.600588	0.121408	19.8958
13	32	0.325	0.8	-0.602285	-0.856032	-24.209
13	33	0.325	0.825	-1.1997	0.119686	42.1528
13	34	0.325	0.85	-0.313927	-0.352612	-41.0587
13	35	0.325	0.875	-1.20328	-0.108869	51.8112
13	36	0.325	0.9	0.0357333	0.368092	-39.4546
13	37	0.325	0.925	-0.264996	-0.534019	36.9599
13	38	0.325	0.95	0.531191	0.798107	-16.1282
13	39	0.325	0.975	0.751736	-0.316503	7.38079
13	40	0.325	1	1	0	0
14	0	0.35	0	0	0	3.88934
14	1	0.35	0.025	-0.00162948	-0.0340567	3.88934
14	2	0.35	0.05	0.0251747	-0.0400116	4.21021
14	3	0.35	0.075	-0.0240813	-0.0986932	3.34177
14	4	0.35	0.1	0.0266499	-0.106021	4.90561
14	5	0.35	0.125	0.00150707	-0.142178	3.03605
14	6	0.35	0.15	-0.0431413	-0.197315	4.93584
14	7	0.35	0.175	0.073675	-0.17632	3.92509
14	8	0.35	0.2	-0.127776	-0.284373	3.75625
14	9	0.35	0.225	0.0887662	-0.236367	5.83864
14	10	0.35	0.25	-0.104743	-0.332647	2.28524
14	11	0.35	0.275	-0.0451892	-0.34292	7.19672
14	12	0.35	0.3	0.0388727	-0.338902	2.4836
14	13	0.35	0.325	-0.274601	-0.471917	6.16529
14	14	0.35	0.35	0.136851	-0.351575	5.4214
14	15	0.35	0.375	-0.371234	-0.558651	2.72616
14	16	0.35	0.4	0.00696433	-0.432076	9.51111
14	17	0.35	0.425	-0.197323	-0.548187	-0.121404
14	18	0.35	0.45	-0.387275	-0.584894	11.0487
14	19	0.35	0.475	0.0398894	-0.473636	1.42764
14	20	0.35	0.5	-0.777582	-0.732808	7.24611
14	21	0.35	0.525	0.0521245	-0.445973	7.59884
14	22	0.35	0.55	-0.757679	-0.766671	-0.0662742
14	23	0.35	0.575	-0.308058	-0.521392	14.2852
14	24	0.35	0.6	-0.382954	-0.643386	-4.90453
14	25	0.35	0.625	-0.995294	-0.657876	16.1001
14	26	0.35	0.65	-0.0940554	-0.45955	-2.83585
14	27	0.35	0.675	-1.48754	-0.7622	10.4319
14	28	0.35	0.7	-0.0731423	-0.329549	4.96239
14	29	0.35	0.725	-1.27456	-0.771667	-0.549466
14	30	0.35	0.75	-0.462513	-0.248191	15.2603
14	31	0.35	0.775	-0.615034	-0.630759	-12.0467
14	32	0.35	0.8	-1.36201	-0.17135	24.8727
14	33	0.35	0.825	-0.0970226	-0.370412	-19.7862
14	34	0.35	0.85	-2.06816	-0.0737272	31.382
14	35	0.35	0.875	0.328409	-0.0478558	-23.5495
14	36	0.35	0.9	-1.61888	-0.13679	31.1668
14	37	0.35	0.925	0.742897	0.396657	-18.8493
14	38	0.35	0.95	-0.0964312	-0.334791	15.691
14	39	0.35	0.975	0.924969	0.466261	-2.7161
14	40	0.35	1	1	0	0
15	0	0.375	0	0	0	4.26387
15	1	0.375	0.025	0.0132167	-0.00814279	4.26387
15	2	0.375	0.05	-0.00304167	-0.0784071	3.49305
15	3	0.375	0.075	0.0316825	-0.0698059	5.34044
15	4	0.375	0.1	0.00252346	-0.107493	2.87793
15	5	0.375	0.125	-0.00487795	-0.18479	5.18126
15	6	0.375	0.15	0.0571744	-0.121538	4.43175
15	7	0.375	0.175	-0.0819024	-0.281543	2.89724
15	8	0.375	0.2	0.0954401	-0.197683	7.36361
15	9	0.375	0.225	-0.0973024	-0.29587	0.879561
15	10	0.375	0.25	0.0193377	-0.356925	8.28735
15	11	0.375	0.275	0.00995834	-0.261301	2.58641
15	12	0.375	0.3	-0.176957	-0.517976	4.84477
15	13	0.375	0.325	0.127308	-0.292729	8.09108
15	14	0.375	0.35	-0.323807	-0.559301	-0.60326
15	15	0.375	0.375	0.073658	-0.462439	12.7023
15	16	0.375	0.4	-0.224718	-0.465878	-1.91026
15	17	0.375	0.425	-0.236009	-0.705782	10.8156
15	18	0.375	0.45	0.00820944	-0.381646	4.33436
15	19	0.375	0.475	-0.648575	-0.839492	2.05656
15	20	0.375	0.5	0.0721765	-0.458641	13.962
15	21	0.375	0.525	-0.756801	-0.742884	-6.13736
15	22	0.375	0.55	-0.183251	-0.697192	18.3921
15	23	0.375	0.575	-0.444977	-0.519421	-5.15375
15	24	0.375	0.6	-0.787638	-0.930072	12.1145
15	25	0.375	0.625	-0.142838	-0.386193	5.373
15	26	0.375	0.65	-1.39239	-0.940376	-1.35128
15	27	0.375	0.675	-0.109157	-0.441818	17.1774
15	28	0.375	0.7	-1.39559	-0.705505	-11.4427
15	29	0.375	0.725	-0.367814	-0.608716	21.507
15	30	0.375	0.75	-0.787947	-0.39031	-10.9577
15	31	0.375	0.775	-1.15277	-0.694577	15.4624
15	32	0.375	0.8	-0.227371	-0.168998	-2.19782
15	33	0.375	0.825	-2.17548	-0.497465	4.74696
15	34	0.375	0.85	0.151051	-0.101678	5.28121
15	35	0.375	0.875	-2.44435	-0.0836328	0.0255274
15	36	0.375	0.9	0.725614	-0.0790975	4.06432
15	37	0.375	0.925	-1.26957	0.131754	2.63361
15	38	0.375	0.95	1.07041	0.0677927	-0.373969
15	39	0.375	0.975	0.528325	0.0681307	2.09162
15	40	0.375	1	1	0	0
16	0	0.4	0	0	0	4.16786
16	1	0.4	0.025	0.0101819	-0.0501814	4.16786
16	2	0.4	0.05	0.0245886	-0.0258408	5.24803
16	3	0.4	0.075	0.0177799	-0.0944887	2.92241
16	4	0.4	0.1	0.0147284	-0.142135	5.82955
16	5	0.4	0.125	0.0480638	-0.0860621	3.95395
16	6	0.4	0.15	-0.0298486	-0.272201	3.38707
16	7	0.4	0.175	0.0776848	-0.135155	7.70453
16	8	0.4	0.2	-0.0517372	-0.299176	-0.00699059
16	9	0.4	0.225	0.0405962	-0.312004	9.95259
16	10	0.4	0.25	0.00799143	-0.225536	0.93813
16	11	0.4	0.275	-0.0859292	-0.534817	6.17662
16	12	0.4	0.3	0.0943882	-0.212105	8.00583
16	13	0.4	0.325	-0.213281	-0.611753	-1.85811
16	14	0.4	0.35	0.0706731	-0.40233	15.392
16	15	0.4	0.375	-0.182376	-0.468349	-5.25394
16	16	0.4	0.4	-0.136372	-0.745467	14.0758
16	17	0.4	0.425	-0.0174242	-0.306062	2.63869
16	18	0.4	0.45	-0.457843	-0.973278	1.70391
16	19	0.4	0.475	0.0299834	-0.383719	16.9438
16	20	0.4	0.5	-0.617452	-0.847222	-11.1799
16	21	0.4	0.525	-0.170147	-0.736346	24.4958
16	22	0.4	0.55	-0.431138	-0.502591	-10.3009
16	23	0.4	0.575	-0.609859	-1.13868	15.3268
16	24	0.4	0.6	-0.204485	-0.307135	6.11121
16	25	0.4	0.625	-1.11762	-1.21773	-6.14075
16	26	0.4	0.65	-0.248016	-0.430108	25.4306
16	27	0.4	0.675	-1.25309	-0.865407	-22.168
16	28	0.4	0.7	-0.479395	-0.786888	32.3711
16	29	0.4	0.725	-0.855509	-0.353667	-18.8588
16	30	0.4	0.75	-0.96983	-1.13327	18.8239
16	31	0.4	0.775	-0.426402	-0.0281107	1.85774
16	32	0.4	0.8	-1.77397	-1.09655	-8.58824
16	33	0.4	0.825	-0.278227	-0.00159077	25.1805
16	34	0.4	0.85	-2.33202	-0.570724	-30.5993
16	35	0.4	0.875	0.109134	-0.199042	35.706
16	36	0.4	0.9	-1.87486	0.186255	-31.136
16	37	0.4	0.925	0.856453	-0.488856	24.4266
16	38	0.4	0.95	-0.238844	0.504095	-11.8388
16	39	0.4	0.975	1.0591	-0.287057	3.68305
16	40	0.4	1	1	0	0
17	0	0.425	0	0	0	4.75628
17	1	0.425	0.025	0.0163339	-0.00117195	4.75628
17	2	0.425	0.05	0.0313002	-0.0795574	3.63153
17	3	0.425	0.075	0.0179113	-0.0830445	5.96382
17	4	0.425	0.1	0.0564003	-0.0779058	3.50118
17	5	0.425	0.125	0.00157637	-0.228467	4.56433
17	6	0.425	0.15	0.0658742	-0.0890788	6.7558
17	7	0.425	0.175	0.00387471	-0.300907	0.679265
17	8	0.425	0.2	0.0303837	-0.232116	10.3604
17	9	0.425	0.225	0.0468611	-0.23568	-0.347565
17	10	0.425	0.25	-0.0450224	-0.481731	8.41177
17	11	0.425	0.275	0.0894501	-0.168448	5.76242
17	12	0.425	0.3	-0.105295	-0.635618	-0.0752585
17	13	0.425	0.325	0.0420466	-0.304197	15.1015
17	14	0.425	0.35	-0.0758043	-0.526304	-6.61438
17	15	0.425	0.375	-0.119768	-0.67249	17.1337
17	16	0.425	0.4	0.023951	-0.303388	-1.09153
17	17	0.425	0.425	-0.319337	-1.01452	5.43869
17	18	0.425	0.45	0.00924305	-0.3025	14.9304
17	19	0.425	0.475	-0.4125	-0.975328	-11.2203
17	20	0.425	0.5	-0.224538	-0.657553	27.2138
17	21	0.425	0.525	-0.299058	-0.593209	-14.7531
17	22	0.425	0.55	-0.568403	-1.175	21.0582
17	23	0.425	0.575	-0.176955	-0.301233	1.53415
17	24	0.425	0.6	-0.871615	-1.40108	-3.00711
17	25	0.425	0.625	-0.347375	-0.381569	25.6353
17	26	0.425	0.65	-0.952333	-1.08757	-25.2117
17	27	0.425	0.675	-0.712951	-0.789465	38.5441
17	28	0.425	0.7	-0.7193	-0.50328	-26.175
17	29	0.425	0.725	-1.04875	-1.2894	27.1128
17	30	0.425	0.75	-0.48402	-0.0586615	-3.78084
17	31	0.425	0.775	-1.40251	-1.46832	-6.03585
17	32	0.425	0.8	-0.614239	0.0478982	28.276
17	33	0.425	0.825	-1.71911	-1.09997	-40.6298
17	34	0.425	0.85	-0.724737	-0.125431	52.4648
17	35	0.425	0.875	-1.59149	-0.319492	-56.1554
17	36	0.425	0.9	-0.139346	-0.58638	53.8369
17	37	0.425	0.925	-0.628148	0.562213	-40.2592
17	38	0.425	0.95	0.747615	-0.944365	23.9426
17	39	0.425	0.975	0.673178	0.499289	-7.00958
17	40	0.425	1	1	0	0
18	0	0.45	0	0	0	4.56186
18	1	0.45	0.025	0.0257459	-0.0447559	4.56186
18	2	0.45	0.05	0.0192489	-0.0370085	5.47648
18	3	0.45	0.075	0.0679584	-0.075073	3.79358
18	4	0.45	0.1	0.0112461	-0.160262	5.3026
18	5	0.45	0.125	0.0747246	-0.0750136	5.61062
18	6	0.45	0.15	0.0370231	-0.266562	2.35242
18	7	0.45	0.175	0.0241378	-0.164822	9.18954
18	8	0.45	0.2	0.0981508	-0.250956	0.0946203
18	9	0.45	0.225	-0.0451638	-0.3825	9.38508
18	10	0.45	0.25	0.127713	-0.175165	3.668
18	11	0.45	0.275	-0.0529472	-0.583033	2.95686
18	12	0.45	0.3	0.0449944	-0.237363	12.2806
18	13	0.45	0.325	0.0301218	-0.560529	-4.71826
18	14	0.45	0.35	-0.138043	-0.545365	17.1059
18	15	0.45	0.375	0.125133	-0.355717	-3.0738
18	16	0.45	0.4	-0.27904	-0.928558	9.33178
18	17	0.45	0.425	0.0650335	-0.280188	10.5054
18	18	0.45	0.45	-0.257424	-1.01111	-6.93197
18	19	0.45	0.475	-0.244939	-0.554379	24.7661
18	20	0.45	0.5	-0.111946	-0.698719	-14.4668
18	21	0.45	0.525	-0.621455	-1.07195	23.5625
18	22	0.45	0.55	-0.0434509	-0.373934	-2.62733
18	23	0.45	0.575	-0.781832	-1.39953	2.82952
18	24	0.45	0.6	-0.310638	-0.380314	20.4848
18	25	0.45	0.625	-0.688085	-1.19525	-20.5606
18	26	0.45	0.65	-0.879002	-0.740334	36.3467
18	27	0.45	0.675	-0.477721	-0.672108	-25.8666
18	28	0.45	0.7	-1.30725	-1.22992	30.1429
18	29	0.45	0.725	-0.368294	-0.225215	-8.69742
18	30	0.45	0.75	-1.35112	-1.48744	1.5902
18	31	0.45	0.775	-0.686962	-0.0444269	21.0757
18	32	0.45	0.8	-1.22107	-1.26845	-32.7409
18	33	0.45	0.825	-1.32053	-0.113583	48.5016
18	34	0.45	0.85	-0.989913	-0.727746	-54.7381
18	35	0.45	0.875	-1.40936	-0.396841	61.5678
18	36	0.45	0.9	-0.40532	0.0511867	-54.7109
18	37	0.45	0.925	-0.426259	-0.968855	46.4641
18	38	0.45	0.95	0.461823	0.667088	-25.9597
18	39	0.45	0.975	0.749542	-0.791075	7.67648
18	40	0.45	1	1	0	0
19	0	0.475	0	0	0	5.0331
19	1	0.475	0.025	0.0205069	-0.0157534	5.0331
19	2	0.475	0.05	0.0632017	-0.0546253	4.55995
19	3	0.475	0.075	0.0167853	-0.0993784	5.25002
19	4	0.475	0.1	0.091482	-0.0736039	5.23765
19	5	0.475	0.125	0.0428014	-0.201565	3.70748
19	6	0.475	0.15	0.0422419	-0.133907	7.58783
19	7	0.475	0.175	0.12529	-0.231856	1.80184
19	8	0.475	0.2	-0.0450978	-0.292324	8.53008
19	9	0.475	0.225	0.179455	-0.195237	3.39275
19	10	0.475	0.25	-0.0513723	-0.476791	4.7878
19	11	0.475	0.275	0.0967065	-0.226466	9.39755
19	12	0.475	0.3	0.0780687	-0.520487	-1.2958
19	13	0.475	0.325	-0.122135	-0.447523	14.2649
19	14	0.475	0.35	0.222867	-0.393339	-1.74616
19	15	0.475	0.375	-0.288667	-0.781118	10.1571
19	16	0.475	0.4	0.180803	-0.314424	7.64194
19	17	0.475	0.425	-0.206267	-0.925765	-2.30233
19	18	0.475	0.45	-0.166916	-0.508859	19.8055
19	19	0.475	0.475	0.029031	-0.723245	-10.0655
19	20	0.475	0.5	-0.64455	-0.947602	20.9581
19	21	0.475	0.525	0.126237	-0.457413	-2.31473
19	22	0.475	0.55	-0.814739	-1.27209	5.42473
19	23	0.475	0.575	-0.148768	-0.450413	16.0187
19	24	0.475	0.6	-0.573629	-1.14246	-13.951
19	25	0.475	0.625	-0.84918	-0.756502	29.3673
19	26	0.475	0.65	-0.283174	-0.726127	-18.8174
19	27	0.475	0.675	-1.5063	-1.15466	24.6893
19	28	0.475	0.7	-0.204259	-0.400078	-5.96703
19	29	0.475	0.725	-1.53763	-1.32242	3.09726
19	30	0.475	0.75	-0.540628	-0.273595	15.5825
19	31	0.475	0.775	-1.08053	-1.11192	-21.6809
19	32	0.475	0.8	-1.4584	-0.314333	34.5609
19	33	0.475	0.825	-0.64587	-0.718429	-36.4335
19	34	0.475	0.85	-2.27705	-0.377887	44.4206
19	35	0.475	0.875	-0.140038	-0.331293	-40.5726
19	36	0.475	0.9	-1.91292	-0.576443	42.7103
19	37	0.475	0.925	0.558547	0.197824	-31.5522
19	38	0.475	0.95	-0.268485	-0.867068	19.9435
19	39	0.475	0.975	0.952181	0.286257	-7.68445
19	40	0.475	1	1	0	0
20	0	0.5	0	0	0	5.07581
20	1	0.5	0.025	0.0380463	-0.021214	5.07581
20	2	0.5	0.05	0.0275254	-0.0631359	5.00228
20	3	0.5	0.075	0.0941403	-0.0578642	5.54946
20	4	0.5	0.1	0.0409865	-0.138744	4.15022
20	5	0.5	0.125	0.073434	-0.122686	6.75538
20	6	0.5	0.15	0.120075	-0.178401	3.33431
20	7	0.5	0.175	-0.0171015	-0.242776	7.01689
20	8	0.5	0.2	0.204768	-0.184975	4.61919
20	9	0.5	0.225	-0.0548939	-0.376874	4.60368
20	10	0.5	0.25	0.164138	-0.237531	8.39699
20	11	0.5	0.275	0.069189	-0.425547	1.01792
20	12	0.5	0.3	-0.0480211	-0.41293	11.2053
20	13	0.5	0.325	0.261151	-0.365496	1.26284
20	14	0.5	0.35	-0.266512	-0.665173	8.01861
20	15	0.5	0.375	0.28725	-0.343491	8.0962
20	16	0.5	0.4	-0.21605	-0.786181	-0.687429
20	17	0.5	0.425	-0.0143432	-0.526297	16.4632
20	18	0.5	0.45	0.0757598	-0.648058	-5.4828
20	19	0.5	0.475	-0.548842	-0.894818	16.065
20	20	0.5	0.5	0.244475	-0.473443	1.75515
20	21	0.5	0.525	-0.834484	-1.14941	3.03329
20	22	0.5	0.55	0.0376936	-0.534923	16.2091
20	23	0.5	0.575	-0.578717	-1.00904	-11.1343
20	24	0.5	0.6	-0.6435	-0.859839	24.1629
20	25	0.5	0.625	-0.200209	-0.656732	-11.2212
20	26	0.5	0.65	-1.46992	-1.20038	15.5329
20	27	0.5	0.675	-0.117574	-0.475453	2.73342
20	28	0.5	0.7	-1.69326	-1.21781	-3.97534
20	29	0.5	0.725	-0.379661	-0.520961	18.6679
20	30	0.5	0.75	-1.17694	-0.883554	-18.758
20	31	0.5	0.775	-1.23779	-0.688083	25.3143
20	32	0.5	0.8	-0.616852	-0.497677	-19.6129
20	33	0.5	0.825	-2.42184	-0.722257	20.02
20	34	0.5	0.85	-0.235789	-0.331601	-13.0583
20	35	0.5	0.875	-2.82309	-0.506172	12.7169
20	36	0.5	0.9	0.458779	-0.259466	-9.78539
20	37	0.5	0.925	-1.61374	-0.391609	8.25043
20	38	0.5	0.95	1.04394	-0.083024	-7.09821
20	39	0.5	0.975	0.451837	-0.37192	-0.0318266
20	40	0.5	1	1	0	0
21	0	0.525	0	0	0	5.17781
21	1	0.525	0.025	0.0299015	-0.0383661	5.17781
21	2	0.525	0.05	0.0754881	-0.0255938	5.78093
21	3	0.525	0.075	0.0475384	-0.100537	4.19127
21	4	0.525	0.1	0.0926763	-0.100239	6.78574
21	5	0.525	0.125	0.103452	-0.12268	3.87242
21	6	0.525	0.15	0.0298363	-0.219265	6.25424
21	7	0.525	0.175	0.193082	-0.138186	5.80761
21	8	0.525	0.2	-0.0283296	-0.320401	3.56158
21	9	0.525	0.225	0.202178	-0.221583	9.09405
21	10	0.525	0.25	0.0502664	-0.334932	1.20308
21	11	0.525	0.275	0.0477213	-0.40683	10.0995
21	12	0.525	0.3	0.240963	-0.28531	3.21917
21	13	0.525	0.325	-0.177851	-0.617883	5.5923
21	14	0.525	0.35	0.328973	-0.313215	10.2806
21	15	0.525	0.375	-0.201678	-0.682184	-2.05886
21	16	0.525	0.4	0.127689	-0.541	16.5523
21	17	0.525	0.425	0.0648251	-0.533435	-3.99411
21	18	0.525	0.45	-0.355375	-0.909891	13.1631
21	19	0.525	0.475	0.282473	-0.404301	5.60203
21	20	0.525	0.5	-0.733244	-1.11551	-1.24255
21	21	0.525	0.525	0.152212	-0.552027	19.9888
21	22	0.525	0.55	-0.581789	-0.911694	-13.3434
21	23	0.525	0.575	-0.40426	-0.968982	24.4456
21	24	0.525	0.6	-0.187075	-0.541034	-8.43276
21	25	0.525	0.625	-1.21519	-1.34818	9.82539
21	26	0.525	0.65	-0.113614	-0.438344	10.6586
21	27	0.525	0.675	-1.61879	-1.28131	-13.6224
21	28	0.525	0.7	-0.358615	-0.653066	27.5513
21	29	0.525	0.725	-1.25831	-0.789442	-24.8431
21	30	0.525	0.75	-0.986775	-1.03308	27.0875
21	31	0.525	0.775	-0.705554	-0.309937	-14.3261
21	32	0.525	0.8	-2.04901	-1.22699	6.24248
21	33	0.525	0.825	-0.507959	-0.191296	7.26604
21	34	0.525	0.85	-2.81715	-0.932614	-18.4297
21	35	0.525	0.875	-0.102299	-0.358616	21.7847
21	36	0.525	0.9	-2.37519	-0.301307	-26.3076
21	37	0.525	0.925	0.780666	-0.64137	17.2007
21	38	0.525	0.95	-0.47966	0.0684443	-13.6597
21	39	0.525	0.975	1.08342	-0.569081	0.550759
21	40	0.525	1	1	0	0
22	0	0.55	0	0	0	5.56799
22	1	0.55	0.025	0.0436946	-0.000284182	5.56799
22	2	0.55	0.05	0.0553386	-0.0780505	4.58524
22	3	0.55	0.075	0.0890113	-0.0582107	6.88753
22	4	0.55	0.1	0.0965772	-0.0912626	3.83082
22	5	0.55	0.125	0.0673221	-0.187006	6.5102
22	6	0.55	0.15	0.166193	-0.0850922	5.93691
22	7	0.55	0.175	0.022706	-0.294593	3.24554
22	8	0.55	0.2	0.197662	-0.166083	9.86043
22	9	0.55	0.225	0.0610738	-0.287982	0.38017
22	10	0.55	0.25	0.11175	-0.373547	10.8587
22	11	0.55	0.275	0.208219	-0.207168	2.96482
22	12	0.55	0.3	-0.0598146	-0.600736	5.21061
22	13	0.55	0.325	0.310971	-0.229442	11.3775
22	14	0.55	0.35	-0.121094	-0.646437	-3.70467
22	15	0.55	0.375	0.19529	-0.49073	18.3946
22	16	0.55	0.4	0.0710286	-0.455688	-5.50416
22	17	0.55	0.425	-0.165838	-0.912553	13.9873
22	18	0.55	0.45	0.281326	-0.299087	6.07261
22	19	0.55	0.475	-0.523625	-1.14605	-3.02499
22	20	0.55	0.5	0.184119	-0.475865	23.1164
22	21	0.55	0.525	-0.482799	-0.907162	-17.1104
22	22	0.55	0.55	-0.263466	-0.984157	28.4743
22	23	0.55	0.575	-0.15447	-0.466556	-10.9403
22	24	0.55	0.6	-0.916652	-1.47338	10.7657
22	25	0.55	0.625	-0.113872	-0.345942	12.78
22	26	0.55	0.65	-1.33047	-1.43477	-18.4117
22	27	0.55	0.675	-0.447672	-0.639857	34.6329
22	28	0.55	0.7	-1.15347	-0.864216	-32.7158
22	29	0.55	0.725	-0.95143	-1.17632	35.1047
22	30	0.55	0.75	-0.730356	-0.262562	-19.0173
22	31	0.55	0.775	-1.63395	-1.57615	7.29256
22	32	0.55	0.8	-0.699491	-0.0763817	12.4099
22	33	0.55	0.825	-2.26079	-1.4286	-31.5244
22	34	0.55	0.85	-0.769972	-0.268662	40.9232
22	35	0.55	0.875	-2.24069	-0.759164	-54.8797
22	36	0.55	0.9	-0.151796	-0.763544	48.421
22	37	0.55	0.925	-1.06568	0.144924	-44.654
22	38	0.55	0.95	0.789715	-1.22163	22.5116
22	39	0.55	0.975	0.600772	0.157402	-11.647
22	40	0.55	1	1	0	0
23	0	0.575	0	0	0	5.36636
23	1	0.575	0.025	0.0435688	-0.0473249	5.36636
23	2	0.575	0.05	0.0707447	-0.0169943	6.49515
23	3	0.575	0.075	0.0977931	-0.0800197	4.08138
23	4	0.575	0.1	0.0799671	-0.13201	6.97708
23	5	0.575	0.125	0.149019	-0.0558918	5.32307
23	6	0.575	0.15	0.0673408	-0.261877	4.09105
23	7	0.575	0.175	0.173656	-0.0999768	9.49318
23	8	0.575	0.2	0.099453	-0.274323	0.268525
23	9	0.575	0.225	0.126278	-0.295562	11.7608
23	10	0.575	0.25	0.202916	-0.171119	1.59099
23	11	0.575	0.275	0.0262821	-0.552857	6.84014
23	12	0.575	0.3	0.280846	-0.143265	10.1498
23	13	0.575	0.325	-0.00800055	-0.637669	-3.21553
23	14	0.575	0.35	0.197111	-0.377948	19.0456
23	15	0.575	0.375	0.132638	-0.440306	-7.26708
23	16	0.575	0.4	-0.06	-0.834499	16.6402
23	17	0.575	0.425	0.302333	-0.2232	3.44042
23	18	0.575	0.45	-0.312855	-1.14905	-0.771962
23	19	0.575	0.475	0.19669	-0.351616	22.5124
23	20	0.575	0.5	-0.290255	-0.952811	-18.0818
23	21	0.575	0.525	-0.230166	-0.882762	31.5233
23	22	0.575	0.55	-0.0401866	-0.468157	-14.8175
23	23	0.575	0.575	-0.741474	-1.4706	15.6672
23	24	0.575	0.6	-0.0411134	-0.272657	9.42697
23	25	0.575	0.625	-1.00841	-1.52996	-16.0276
23	26	0.575	0.65	-0.507434	-0.551411	35.1131
23	27	0.575	0.675	-0.88193	-0.987172	-34.9443
23	28	0.575	0.7	-1.10917	-1.12492	40.3131
23	29	0.575	0.725	-0.605913	-0.347625	-24.9329
23	30	0.575	0.75	-1.50966	-1.62308	15.0542
23	31	0.575	0.775	-0.696927	-0.0580665	6.76546
23	32	0.575	0.8	-1.71204	-1.62564	-26.87
23	33	0.575	0.825	-1.19664	-0.170788	41.2708
23	34	0.575	0.85	-1.65738	-1.1535	-59.3584
23	35	0.575	0.875	-1.26704	-0.578695	61.5547
23	36	0.575	0.9	-0.99789	-0.325334	-64.9107
23	37	0.575	0.925	-0.317126	-1.31274	49.6102
23	38	0.575	0.95	0.220841	0.400519	-33.9061
23	39	0.575	0.975	0.773068	-1.24413	6.42156
23	40	0.575	1	1	0	0
24	0	0.6	0	0	0	5.89247
24	1	0.6	0.025	0.0453259	0.00118235	5.89247
24	2	0.6	0.05	0.0884313	-0.0651129	4.87538
24	3	0.6	0.075	0.0754453	-0.0720706	6.90556
24	4	0.6	0.1	0.144097	-0.0516327	4.93231
24	5	0.6	0.125	0.0858551	-0.203552	5.29391
24	6	0.6	0.15	0.158488	-0.0574954	8.21175
24	7	0.6	0.175	0.134041	-0.255949	1.46207
24	8	0.6	0.2	0.11577	-0.202403	11.435
24	9	0.6	0.225	0.224268	-0.170843	0.920825
24	10	0.6	0.25	0.0567241	-0.454601	8.67263
24	11	0.6	0.275	0.276929	-0.0976312	7.69129
24	12	0.6	0.3	0.074108	-0.595164	-0.593869
24	13	0.6	0.325	0.1878	-0.25677	17.223
24	14	0.6	0.35	0.21931	-0.448506	-6.86197
24	15	0.6	0.375	-0.0298477	-0.682482	18.0151
24	16	0.6	0.4	0.367591	-0.201369	0.528862
24	17	0.6	0.425	-0.190374	-1.06058	3.37098
24	18	0.6	0.45	0.25389	-0.245443	18.7258
24	19	0.6	0.475	-0.102311	-0.959943	-15.0431
24	20	0.6	0.5	-0.208715	-0.725646	30.5851
24	21	0.6	0.525	0.134991	-0.500737	-15.8039
24	22	0.6	0.55	-0.70698	-1.3429	19.2461
24	23	0.6	0.575	0.123726	-0.255752	5.11531
24	24	0.6	0.6	-0.824879	-1.48784	-10.2181
24	25	0.6	0.625	-0.421094	-0.482372	30.3795
24	26	0.6	0.65	-0.597898	-1.01917	-30.3738
24	27	0.6	0.675	-1.25163	-1.02319	38.0582
24	28	0.6	0.7	-0.384443	-0.456152	-24.4179
24	29	0.6	0.725	-1.67247	-1.47066	18.5405
24	30	0.6	0.75	-0.515757	-0.163854	1.01544
24	31	0.6	0.775	-1.50357	-1.4923	-16.7638
24	32	0.6	0.8	-1.24589	-0.204646	30.7123
24	33	0.6	0.825	-1.16897	-1.14395	-45.7263
24	34	0.6	0.85	-2.03065	-0.443163	51.4721
24	35	0.6	0.875	-0.673142	-0.676999	-57.8639
24	36	0.6	0.9	-1.73418	-0.915082	54.1327
24	37	0.6	0.925	0.171219	-0.00836941	-46.6029
24	38	0.6	0.95	-0.217771	-1.41925	25.2119
24	39	0.6	0.975	0.85684	0.0771026	-13.6854
24	40	0.6	1	1	0	0
25	0	0.625	0	0	0	5.69491
25	1	0.625	0.025	0.0553132	-0.0342928	5.69491
25	2	0.625	0.05	0.0659909	-0.0317469	6.39281
25	3	0.625	0.075	0.13452	-0.0499073	5.21934
25	4	0.625	0.1	0.0847398	-0.134627	5.94704
25	5	0.625	0.125	0.157833	-0.0450471	7.05121
25	6	0.625	0.15	0.142381	-0.210778	3.19159
25	7	0.625	0.175	0.112646	-0.132846	10.0057
25	8	0.625	0.2	0.241753	-0.170494	1.69052
25	9	0.625	0.225	0.0565706	-0.337082	9.19602
25	10	0.625	0.25	0.296291	-0.0919597	5.90477
25	11	0.625	0.275	0.098272	-0.50035	2.3201
25	12	0.625	0.3	0.206895	-0.175782	14.055
25	13	0.625	0.325	0.272593	-0.426403	-4.27578
25	14	0.625	0.35	-0.0109049	-0.517869	16.825
25	15	0.625	0.375	0.441146	-0.203074	-0.293647
25	16	0.625	0.4	-0.149649	-0.897073	6.24269
25	17	0.625	0.425	0.359591	-0.185391	14.7114
25	18	0.625	0.45	-0.00223748	-0.883294	-10.3583
25	19	0.625	0.475	-0.108748	-0.585888	26.6689
25	20	0.625	0.5	0.28725	-0.488777	-13.2082
25	21	0.625	0.525	-0.687897	-1.17848	18.7428
25	22	0.625	0.55	0.321321	-0.25706	3.99376
25	23	0.625	0.575	-0.800168	-1.35113	-6.5739
25	24	0.625	0.6	-0.183532	-0.471164	25.8476
25	25	0.625	0.625	-0.437411	-0.923577	-23.9726
25	26	0.625	0.65	-1.17989	-1.0011	31.3013
25	27	0.625	0.675	-0.188333	-0.467274	-17.4709
25	28	0.625	0.7	-1.85995	-1.34921	13.3351
25	29	0.625	0.725	-0.293225	-0.313834	3.21626
25	30	0.625	0.75	-1.62077	-1.23529	-13.4718
25	31	0.625	0.775	-0.984066	-0.42048	22.652
25	32	0.625	0.8	-0.999903	-0.86543	-30.4021
25	33	0.625	0.825	-2.18926	-0.605137	31.4005
25	34	0.625	0.85	-0.537542	-0.62062	-34.1385
25	35	0.625	0.875	-2.71421	-0.687845	31.5932
25	36	0.625	0.9	0.158068	-0.426203	-32.0532
25	37	0.625	0.925	-1.60301	-0.93361	22.7585
25	38	0.625	0.95	0.839998	-0.107259	-19.4402
25	39	0.625	0.975	0.411014	-0.938188	0.319252
25	40	0.625	1	1	0	0
26	0	0.65	0	0	0	6.04668
26	1	0.65	0.025	0.0475168	-0.0141961	6.04668
26	2	0.65	0.05	0.106107	-0.0342245	5.79466
26	3	0.65	0.075	0.0798599	-0.0810917	5.96834
26	4	0.65	0.1	0.155829	-0.0423364	6.639
26	5	0.65	0.125	0.129835	-0.150372	4.43754
26	6	0.65	0.15	0.125498	-0.0980961	8.54604
26	7	0.65	0.175	0.232638	-0.145886	3.19699
26	8	0.65	0.2	0.0623293	-0.24242	8.44082
26	9	0.65	0.225	0.308042	-0.0938848	5.63112
26	10	0.65	0.25	0.089359	-0.384237	3.94713
26	11	0.65	0.275	0.246962	-0.139386	11.4823
26	12	0.65	0.3	0.268596	-0.358982	-1.29185
26	13	0.65	0.325	0.0413339	-0.392575	14.2481
26	14	0.65	0.35	0.470597	-0.184871	0.926241
26	15	0.65	0.375	-0.118625	-0.722401	6.69858
26	16	0.65	0.4	0.457653	-0.146402	12.6521
26	17	0.65	0.425	0.0185345	-0.752408	-6.98348
26	18	0.65	0.45	0.0647913	-0.482646	22.9524
26	19	0.65	0.475	0.355146	-0.408702	-9.76832
26	20	0.65	0.5	-0.556699	-1.04807	15.9722
26	21	0.65	0.525	0.463953	-0.203918	5.95536
26	22	0.65	0.55	-0.796572	-1.22722	-7.17278
26	23	0.65	0.575	0.08748	-0.459807	25.5383
26	24	0.65	0.6	-0.412131	-0.774917	-21.4683
26	25	0.65	0.625	-0.867846	-1.05946	26.9384
26	26	0.65	0.65	-0.0802929	-0.350031	-10.5037
26	27	0.65	0.675	-1.79931	-1.40054	4.33793
26	28	0.65	0.7	-0.167776	-0.366175	12.1789
26	29	0.65	0.725	-1.79411	-1.10493	-20.4532
26	30	0.65	0.75	-0.66794	-0.682524	25.4565
26	31	0.65	0.775	-1.07511	-0.572952	-25.7032
26	32	0.65	0.8	-1.83456	-1.02135	18.6795
26	33	0.65	0.825	-0.614653	-0.37445	-13.4842
26	34	0.65	0.85	-2.88763	-0.959974	1.69841
26	35	0.65	0.875	-0.153651	-0.499074	-2.32298
26	36	0.65	0.9	-2.57151	-0.63733	-6.57776
26	37	0.65	0.925	0.688361	-0.628806	-2.1402
26	38	0.65	0.95	-0.640236	-0.521313	-5.735
26	39	0.65	0.975	1.01949	-0.611531	-5.6073
26	40	0.65	1	1	0	0
27	0	0.675	0	0	0	6.10634
27	1	0.675	0.025	0.0596333	-0.0116317	6.10634
27	2	0.675	0.05	0.0735208	-0.0507946	5.91833
27	3	0.675	0.075	0.137202	-0.0300621	6.71618
27	4	0.675	0.1	0.114742	-0.100315	4.95979
27	5	0.675	0.125	0.138856	-0.0799517	7.81104
27	6	0.675	0.15	0.202146	-0.104367	4.36975
27	7	0.675	0.175	0.0854942	-0.185057	7.47502
27	8	0.675	0.2	0.290689	-0.0781041	6.24455
27	9	0.675	0.225	0.0860592	-0.288107	4.24143
27	10	0.675	0.25	0.273531	-0.118355	10.372
27	11	0.675	0.275	0.232862	-0.273854	0.581548
27	12	0.675	0.3	0.114295	-0.311817	12.1735
27	13	0.675	0.325	0.441495	-0.137217	2.50979
27	14	0.675	0.35	-0.0489174	-0.5815	6.00123
27	15	0.675	0.375	0.492768	-0.09407	12.2266
27	16	0.675	0.4	0.0329739	-0.625002	-5.58686
27	17	0.675	0.425	0.223605	-0.382058	21.2114
27	18	0.675	0.45	0.35495	-0.30633	-8.12334
27	19	0.675	0.475	-0.3172	-0.937011	14.5305
27	20	0.675	0.5	0.517836	-0.0795176	7.49348
27	21	0.675	0.525	-0.662649	-1.16912	-8.95946
27	22	0.675	0.55	0.258395	-0.356021	28.1453
27	23	0.675	0.575	-0.405383	-0.68613	-23.9238
27	24	0.675	0.6	-0.491363	-1.07035	28.957
27	25	0.675	0.625	-0.0344486	-0.16864	-9.61249
27	26	0.675	0.65	-1.43763	-1.55838	0.252522
27	27	0.675	0.675	-0.138973	-0.250138	19.8591
27	28	0.675	0.7	-1.73529	-1.20231	-30.955
27	29	0.675	0.725	-0.538605	-0.772826	36.3093
27	30	0.675	0.75	-1.18561	-0.441316	-33.2695
27	31	0.675	0.775	-1.35819	-1.40279	21.4485
27	32	0.675	0.8	-0.730358	-0.126019	-7.51329
27	33	0.675	0.825	-2.42021	-1.4954	-14.577
27	34	0.675	0.85	-0.599099	-0.355612	20.6002
27	35	0.675	0.875	-2.70151	-0.947267	-39.5066
27	36	0.675	0.9	0.0411046	-0.827255	29.3331
27	37	0.675	0.925	-1.46954	-0.252076	-34.3569
27	38	0.675	0.95	0.862204	-1.16025	11.7374
27	39	0.675	0.975	0.480842	-0.293439	-11.9847
27	40	0.675	1	1	0	0
28	0	0.7	0	0	0	6.166
28	1	0.7	0.025	0.051725	-0.0291529	6.166
28	2	0.7	0.05	0.101779	-0.0101353	6.70757
28	3	0.7	0.075	0.104259	-0.0716052	5.25146
28	4	0.7	0.1	0.136096	-0.0574352	7.65373
28	5	0.7	0.125	0.170119	-0.069128	4.85448
28	6	0.7	0.15	0.110905	-0.148789	7.12027
28	7	0.7	0.175	0.250836	-0.0477881	6.68881
28	8	0.7	0.2	0.101753	-0.226867	4.20846
28	9	0.7	0.225	0.265987	-0.0878542	10.1518
28	10	0.7	0.25	0.203486	-0.205592	1.29524
28	11	0.7	0.275	0.16735	-0.24952	11.3532
28	12	0.7	0.3	0.383528	-0.0837652	3.1934
28	13	0.7	0.325	0.041013	-0.473552	5.83991
28	14	0.7	0.35	0.462924	-0.0284778	11.7968
28	15	0.7	0.375	0.0868215	-0.525629	-4.65439
28	16	0.7	0.4	0.295421	-0.258174	20.4723
28	17	0.7	0.425	0.351888	-0.237481	-8.10162
28	18	0.7	0.45	-0.0924391	-0.784051	15.5606
28	19	0.7	0.475	0.521647	0.053146	6.07836
28	20	0.7	0.5	-0.398977	-1.11406	-7.61445
28	21	0.7	0.525	0.307656	-0.148901	28.8326
28	22	0.7	0.55	-0.277322	-0.697976	-26.7303
28	23	0.7	0.575	-0.264222	-0.904456	34.4177
28	24	0.7	0.6	0.0296988	-0.0362307	-15.0152
28	25	0.7	0.625	-0.985038	-1.61585	5.23404
28	26	0.7	0.65	-0.108872	-0.0111975	19.4761
28	27	0.7	0.675	-1.36935	-1.40022	-34.8208
28	28	0.7	0.7	-0.600766	-0.601479	45.0205
28	29	0.7	0.725	-1.11171	-0.513979	-44.5519
28	30	0.7	0.75	-1.1489	-1.46596	34.4103
28	31	0.7	0.775	-0.756535	0.04226	-15.7515
28	32	0.7	0.8	-1.80062	-1.86957	-10.8641
28	33	0.7	0.825	-0.888071	-0.11617	25.5976
28	34	0.7	0.85	-2.20326	-1.44792	-53.6737
28	35	0.7	0.875	-0.814329	-0.681219	51.078
28	36	0.7	0.9	-1.64399	-0.55839	-63.2001
28	37	0.7	0.925	0.0597145	-1.4373	41.5312
28	38	0.7	0.95	-0.109774	0.100586	-33.7903
28	39	0.7	0.975	0.843518	-1.40155	2.79639
28	40	0.7	1	1	0	0
29	0	0.725	0	0	0	6.47577
29	1	0.725	0.025	0.0567209	0.0021905	6.47577
29	2	0.725	0.05	0.0885913	-0.0534605	5.75898
29	3	0.725	0.075	0.115868	-0.0286428	7.50238
29	4	0.725	0.1	0.146955	-0.0525372	5.07202
29	5	0.725	0.125	0.120773	-0.112316	7.31097
29	6	0.725	0.15	0.209415	-0.0226176	6.55934
29	7	0.725	0.175	0.12203	-0.186584	4.65454
29	8	0.725	0.2	0.233546	-0.048542	9.83709
29	9	0.725	0.225	0.193527	-0.165662	1.75246
29	10	0.725	0.25	0.18016	-0.185263	11.2051
29	11	0.725	0.275	0.332536	-0.0489899	3.08001
29	12	0.725	0.3	0.104788	-0.377405	6.63062
29	13	0.725	0.325	0.407926	0.0250964	10.5016
29	14	0.725	0.35	0.154666	-0.438428	-2.80298
29	15	0.725	0.375	0.290584	-0.131806	18.9471
29	16	0.725	0.4	0.379199	-0.205658	-7.58357
29	17	0.725	0.425	0.0203279	-0.575276	16.9503
29	18	0.725	0.45	0.535701	0.121063	2.88669
29	19	0.725	0.475	-0.155672	-0.96437	-2.65436
29	20	0.725	0.5	0.32075	0.0658467	24.8518
29	21	0.725	0.525	-0.0304772	-0.716849	-24.5356
29	22	0.725	0.55	-0.223123	-0.580968	36.4714
29	23	0.725	0.575	0.196332	-0.0228209	-20.5902
29	24	0.725	0.6	-0.723684	-1.41327	14.7791
29	25	0.725	0.625	0.016889	0.214874	11.4079
29	26	0.725	0.65	-0.901978	-1.46028	-27.8055
29	27	0.725	0.675	-0.668583	-0.265758	43.6762
29	28	0.725	0.7	-0.777407	-0.657015	-48.0965
29	29	0.725	0.725	-1.28726	-1.16977	44.4374
29	30	0.725	0.75	-0.604304	0.0652695	-27.7929
29	31	0.725	0.775	-1.49678	-1.82246	4.35844
29	32	0.725	0.8	-0.896955	0.124029	15.1532
29	33	0.725	0.825	-1.55793	-1.65408	-45.8658
29	34	0.725	0.85	-1.42262	-0.366834	51.621
29	35	0.725	0.875	-1.30035	-0.970757	-70.4449
29	36	0.725	0.9	-1.12107	-1.16314	59.4411
29	37	0.725	0.925	-0.35696	-0.127125	-56.2767
29	38	0.725	0.95	0.0821367	-1.76701	26.5083
29	39	0.725	0.975	0.702798	-0.114153	-17.1963
29	40	0.725	1	1	0	0
30	0	0.75	0	0	0	6.38217
30	1	0.75	0.025	0.0548713	-0.0301391	6.38217
30	2	0.75	0.05	0.0865356	-0.00653474	7.11596
30	3	0.75	0.075	0.126123	-0.046931	5.50661
30	4	0.75	0.1	0.112669	-0.0712069	7.49667
30	5	0.75	0.125	0.178419	-0.014866	6.21749
30	6	0.75	0.15	0.129133	-0.147619	5.55369
30	7	0.75	0.175	0.19832	-0.0165906	9.04684
30	8	0.75	0.2	0.189775	-0.142252	2.65243
30	9	0.75	0.225	0.165502	-0.120444	10.8653
30	10	0.75	0.25	0.298246	-0.0371578	2.99327
30	11	0.75	0.275	0.12433	-0.283567	7.66943
30	12	0.75	0.3	0.361757	0.0510329	8.80603
30	13	0.75	0.325	0.18868	-0.347056	-0.195251
30	14	0.75	0.35	0.266577	-0.0397024	16.298
30	15	0.75	0.375	0.402599	-0.172939	-5.40003
30	16	0.75	0.4	0.0442015	-0.368894	16.4553
30	17	0.75	0.425	0.570876	0.124956	1.0107
30	18	0.75	0.45	-0.0493054	-0.718469	2.34659
30	19	0.75	0.475	0.382155	0.183686	18.5062
30	20	0.75	0.5	0.172498	-0.618245	-17.3629
30	21	0.75	0.525	-0.213635	-0.263177	31.8296
30	22	0.75	0.55	0.434612	-0.0517413	-19.8516
30	23	0.75	0.575	-0.716337	-1.00948	19.8814
30	24	0.75	0.6	0.272227	0.303223	3.16838
30	25	0.75	0.625	-0.644244	-1.24091	-15.6055
30	26	0.75	0.65	-0.545077	0.0276278	33.4024
30	27	0.75	0.675	-0.356208	-0.6504	-39.8506
30	28	0.75	0.7	-1.51247	-0.739068	41.993
30	29	0.75	0.725	-0.277445	-0.00317896	-30.7882
30	30	0.75	0.75	-1.66182	-1.40018	15.2777
30	31	0.75	0.775	-0.625202	0.205215	1.67555
30	32	0.75	0.8	-1.2069	-1.42678	-27.848
30	33	0.75	0.825	-1.55885	-0.105103	35.9253
30	34	0.75	0.85	-0.835201	-1.0043	-55.563
30	35	0.75	0.875	-2.0676	-0.716088	52.3664
30	36	0.75	0.9	-0.270841	-0.498491	-57.0505
30	37	0.75	0.925	-1.16056	-1.44408	39.2088
30	38	0.75	0.95	0.504873	-0.0302999	-31.2869
30	39	0.75	0.975	0.463562	-1.4061	1.7607
30	40	0.75	1	1	0	0
31	0	0.775	0	0	0	6.74874
31	1	0.775	0.025	0.0507442	0.000867566	6.74874
31	2	0.775	0.05	0.0960431	-0.0376213	6.16466
31	3	0.775	0.075	0.0953917	-0.0361509	7.37002
31	4	0.775	0.1	0.153463	-0.0193602	6.15298
31	5	0.775	0.125	0.120276	-0.10443	6.39375
31	6	0.775	0.15	0.172469	-0.0030067	8.10436
31	7	0.775	0.175	0.176586	-0.119347	3.95568
31	8	0.775	0.2	0.146764	-0.0677979	10.0566
31	9	0.775	0.225	0.268086	-0.0371992	3.45119
31	10	0.775	0.25	0.117532	-0.198232	8.25483
31	11	0.775	0.275	0.32674	0.0548655	7.52724
31	12	0.775	0.3	0.178924	-0.257735	2.20058
31	13	0.775	0.325	0.257101	0.010274	13.5652
31	14	0.775	0.35	0.378638	-0.121611	-2.42331
31	15	0.775	0.375	0.0605657	-0.223096	14.3168
31	16	0.775	0.4	0.574686	0.12509	1.61855
31	17	0.775	0.425	-0.039193	-0.477241	4.41439
31	18	0.775	0.45	0.479083	0.207671	14.1471
31	19	0.775	0.475	0.212135	-0.409304	-10.2502
31	20	0.775	0.5	-0.0850821	-0.0901028	24.2259
31	21	0.775	0.525	0.582461	0.0157046	-13.2899
31	22	0.775	0.55	-0.737522	-0.642661	16.6586
31	23	0.775	0.575	0.55544	0.303995	2.20015
31	24	0.775	0.6	-0.682862	-0.84369	-8.5956
31	25	0.775	0.625	-0.177596	0.12345	23.5925
31	26	0.775	0.65	-0.126595	-0.400857	-27.0436
31	27	0.775	0.675	-1.45887	-0.473464	29.594
31	28	0.775	0.7	0.0522674	0.0302062	-21.1546
31	29	0.775	0.725	-1.99827	-0.935844	11.2506
31	30	0.775	0.75	-0.216365	0.105223	-0.765683
31	31	0.775	0.775	-1.32099	-0.92497	-16.5888
31	32	0.775	0.8	-1.20654	-0.126792	19.3555
31	33	0.775	0.825	-0.581832	-0.662454	-33.4558
31	34	0.775	0.85	-2.39126	-0.51148	28.405
31	35	0.775	0.875	-0.151869	-0.554774	-36.0326
31	36	0.775	0.9	-2.23908	-0.894042	25.5833
31	37	0.775	0.925	0.463643	-0.407432	-28.6056
31	38	0.775	0.95	-0.563224	-1.18407	8.67156
31	39	0.775	0.975	0.864144	-0.451979	-12.0111
31	40	0.775	1	1	0	0
32	0	0.8	0	0	0	6.71443
32	1	0.8	0.025	0.052929	-0.0194236	6.71443
32	2	0.8	0.05	0.0742647	-0.0161266	7.09949
32	3	0.8	0.075	0.124399	-0.0228788	6.44875
32	4	0.8	0.1	0.104211	-0.0652174	6.84012
32	5	0.8	0.125	0.152425	-0.00443348	7.47147
32	6	0.8	0.15	0.152355	-0.0916641	5.20479
32	7	0.8	0.175	0.134981	-0.035362	9.08652
32	8	0.8	0.2	0.230514	-0.0376879	4.34392
32	9	0.8	0.225	0.108547	-0.130043	8.29782
32	10	0.8	0.25	0.288266	0.0487573	6.9418
32	11	0.8	0.275	0.151359	-0.184212	3.87509
32	12	0.8	0.3	0.251641	0.0368968	11.6168
32	13	0.8	0.325	0.312999	-0.0720737	0.0133041
32	14	0.8	0.35	0.10269	-0.135431	12.3115
32	15	0.8	0.375	0.508116	0.148471	3.11041
32	16	0.8	0.4	-0.0165528	-0.321051	4.34629
32	17	0.8	0.425	0.518931	0.225882	12.998
32	18	0.8	0.45	0.151776	-0.219594	-6.87234
32	19	0.8	0.475	0.129988	-0.0284648	19.5689
32	20	0.8	0.5	0.545835	0.178921	-7.34498
32	21	0.8	0.525	-0.551772	-0.471872	10.5597
32	22	0.8	0.55	0.681745	0.386356	7.24411
32	23	0.8	0.575	-0.758469	-0.542006	-10.6735
32	24	0.8	0.6	0.23483	0.116367	22.6338
32	25	0.8	0.625	-0.174542	-0.0432531	-20.9564
32	26	0.8	0.65	-0.984293	-0.487504	19.6221
32	27	0.8	0.675	0.205247	0.275833	-8.29405
32	28	0.8	0.7	-2.01087	-0.779107	-3.23512
32	29	0.8	0.725	0.0675482	0.0603873	10.6268
32	30	0.8	0.75	-1.64206	-0.49584	-22.0786
32	31	0.8	0.775	-0.628591	-0.401731	17.1369
32	32	0.8	0.8	-0.637728	-0.176849	-21.4263
32	33	0.8	0.825	-2.01391	-0.750242	7.1025
32	34	0.8	0.85	-0.18833	-0.304006	-10.3213
32	35	0.8	0.875	-2.63746	-0.742918	-4.64582
32	36	0.8	0.9	0.292977	-0.628909	-5.15873
32	37	0.8	0.925	-1.5364	-0.699078	-7.09555
32	38	0.8	0.95	0.797997	-0.718955	-6.36577
32	39	0.8	0.975	0.386815	-0.783032	-7.5916
32	40	0.8	1	1	0	0
33	0	0.825	0	0	0	6.98427
33	1	0.825	0.025	0.0448899	-0.00735792	6.98427
33	2	0.825	0.05	0.0874387	-0.0185477	6.83727
33	3	0.825	0.075	0.087421	-0.0384783	6.98555
33	4	0.825	0.1	0.129382	-0.00981368	7.27219
33	5	0.825	0.125	0.125678	-0.0645033	6.08341
33	6	0.825	0.15	0.126148	-0.0206058	8.34839
33	7	0.825	0.175	0.187185	-0.0347207	5.28658
33	8	0.825	0.2	0.105485	-0.0815686	8.11155
33	9	0.825	0.225	0.239751	0.0388119	6.80915
33	10	0.825	0.25	0.13005	-0.129652	5.01167
33	11	0.825	0.275	0.229261	0.0544659	10.3978
33	12	0.825	0.3	0.243392	-0.0457025	1.64058
33	13	0.825	0.325	0.140732	-0.0687972	11.3492
33	14	0.825	0.35	0.397784	0.163828	3.76792
33	15	0.825	0.375	0.0500444	-0.231454	4.70965
33	16	0.825	0.4	0.455002	0.274472	12.592
33	17	0.825	0.425	0.125415	-0.139047	-5.77443
33	18	0.825	0.45	0.267331	0.0546097	18.913
33	19	0.825	0.475	0.413014	0.296281	-6.13248
33	20	0.825	0.5	-0.208753	-0.402441	9.14448
33	21	0.825	0.525	0.600567	0.574638	10.2552
33	22	0.825	0.55	-0.576274	-0.482628	-14.6086
33	23	0.825	0.575	0.409754	0.250816	27.9295
33	24	0.825	0.6	-0.280001	0.158321	-24.9103
33	25	0.825	0.625	-0.372765	-0.548876	21.6832
33	26	0.825	0.65	0.170848	0.637793	-4.70809
33	27	0.825	0.675	-1.48105	-0.960081	-12.4488
33	28	0.825	0.7	0.112469	0.286158	24.0867
33	29	0.825	0.725	-1.68534	-0.439874	-38.1382
33	30	0.825	0.75	-0.260523	-0.551296	30.9568
33	31	0.825	0.775	-0.840654	0.199092	-27.8059
33	32	0.825	0.8	-1.27288	-1.22492	4.70444
33	33	0.825	0.825	-0.32544	0.087643	2.44822
33	34	0.825	0.85	-2.26287	-1.10108	-28.6986
33	35	0.825	0.875	-0.0889034	-0.534419	21.6244
33	36	0.825	0.9	-1.93476	-0.588542	-36.9328
33	37	0.825	0.925	0.472996	-1.11239	16.1642
33	38	0.825	0.95	-0.339886	-0.32477	-20.5098
33	39	0.825	0.975	0.849916	-1.1008	-3.27462
33	40	0.825	1	1	0	0
34	0	0.85	0	0	0	7.09585
34	1	0.85	0.025	0.0454689	-0.00895302	7.09585
34	2	0.85	0.05	0.0676338	-0.0233811	7.09395
34	3	0.85	0.075	0.100276	-0.0117233	7.31122
34	4	0.85	0.1	0.102885	-0.044313	6.62547
34	5	0.85	0.125	0.112676	-0.0153329	7.96066
34	6	0.85	0.15	0.146984	-0.0302917	6.03877
34	7	0.85	0.175	0.102618	-0.0499043	7.97128
34	8	0.85	0.2	0.188138	0.0260919	6.83677
34	9	0.85	0.225	0.117859	-0.0883893	5.94429
34	10	0.85	0.25	0.188731	0.0615767	9.45912
34	11	0.85	0.275	0.193364	-0.0384948	3.01254
34	12	0.85	0.3	0.14368	-0.00727016	10.9005
34	13	0.85	0.325	0.296529	0.141305	3.67057
34	14	0.85	0.35	0.107293	-0.148712	6.36518
34	15	0.85	0.375	0.33776	0.30361	10.7876
34	16	0.85	0.4	0.162947	-0.125755	-3.5101
34	17	0.85	0.425	0.251963	0.191752	18.4775
34	18	0.85	0.45	0.329244	0.268056	-7.17332
34	19	0.85	0.475	0.0381278	-0.246546	12.8144
34	20	0.85	0.5	0.440696	0.704642	6.79771
34	21	0.85	0.525	-0.191963	-0.500657	-11.3183
34	22	0.85	0.55	0.315571	0.558467	29.1761
34	23	0.85	0.575	-0.153237	0.0689119	-29.8957
34	24	0.85	0.6	-0.063452	-0.315465	31.2598
34	25	0.85	0.625	0.106636	0.869268	-13.3068
34	26	0.85	0.65	-0.728568	-1.1125	-5.34402
34	27	0.85	0.675	0.0275006	0.741906	25.4757
34	28	0.85	0.7	-1.19349	-0.721135	-47.0774
34	29	0.85	0.725	-0.273235	-0.255788	46.542
34	30	0.85	0.75	-0.864511	0.266211	-45.4779
34	31	0.85	0.775	-0.738327	-1.42863	21.6474
34	32	0.85	0.8	-0.434662	0.485057	-4.70994
34	33	0.85	0.825	-1.47287	-1.61167	-30.643
34	34	0.85	0.85	-0.452801	-0.174245	33.8215
34	35	0.85	0.875	-1.66048	-0.924595	-58.731
34	36	0.85	0.9	-0.184825	-1.10669	41.4276
34	37	0.85	0.925	-0.738072	-0.245904	-45.0977
34	38	0.85	0.95	0.443677	-1.53837	15.5414
34	39	0.85	0.975	0.553366	-0.349368	-14.5268
34	40	0.85	1	1	0	0
35	0	0.875	0	0	0	7.27228
35	1	0.875	0.025	0.0390949	-0.0119813	7.27228
35	2	0.875	0.05	0.0682461	-0.00998661	7.38696
35	3	0.875	0.075	0.0824361	-0.0315707	7.02236
35	4	0.875	0.1	0.0928491	-0.0131955	7.79945
35	5	0.875	0.125	0.115164	-0.0270326	6.60874
35	6	0.875	0.15	0.0935118	-0.0304808	7.93129
35	7	0.875	0.175	0.143411	0.011812	6.932
35	8	0.875	0.2	0.105927	-0.0559565	6.76756
35	9	0.875	0.225	0.144418	0.0540617	8.61878
35	10	0.875	0.25	0.158721	-0.0335995	4.5064
35	11	0.875	0.275	0.1172	0.0363532	10.2144
35	12	0.875	0.3	0.227278	0.0927936	3.88754
35	13	0.875	0.325	0.11333	-0.0572619	8.12458
35	14	0.875	0.35	0.239661	0.268086	8.15947
35	15	0.875	0.375	0.190644	-0.0926294	0.669438
35	16	0.875	0.4	0.162792	0.293485	15.5249
35	17	0.875	0.425	0.319612	0.15652	-5.79904
35	18	0.875	0.45	0.0736505	0.00516524	15.8112
35	19	0.875	0.475	0.351893	0.634472	0.779039
35	20	0.875	0.5	0.0757797	-0.356431	-1.33745
35	21	0.875	0.525	0.160167	0.8039	21.4565
35	22	0.875	0.55	0.162485	-0.113429	-25.1158
35	23	0.875	0.575	-0.124736	0.19864	34.7927
35	24	0.875	0.6	0.221041	0.763852	-23.5072
35	25	0.875	0.625	-0.305422	-0.825759	11.9317
35	26	0.875	0.65	-0.00321855	1.13779	11.8861
35	27	0.875	0.675	-0.450417	-0.944062	-36.6144
35	28	0.875	0.7	-0.463192	0.406461	47.4062
35	29	0.875	0.725	-0.46962	0.0340139	-56.1728
35	30	0.875	0.75	-0.711122	-1.00888	41.4832
35	31	0.875	0.775	-0.362037	0.70842	-24.3599
35	32	0.875	0.8	-0.833246	-1.78253	-11.1991
35	33	0.875	0.825	-0.600757	0.340675	25.2624
35	34	0.875	0.85	-0.994691	-1.29624	-58.6778
35	35	0.875	0.875	-0.80488	-0.698478	51.4956
35	36	0.875	0.9	-0.667008	-0.498945	-61.8729
35	37	0.875	0.925	-0.328371	-1.61673	36.6004
35	38	0.875	0.95	0.17738	-0.0794026	-30.2823
35	39	0.875	0.975	0.558634	-1.39785	0.329981
35	40	0.875	1	1	0	0
36	0	0.9	0	0	0	7.47083
36	1	0.9	0.025	0.0357411	-0.00601186	7.47083
36	2	0.9	0.05	0.0594291	-0.0218646	7.37028
36	3	0.9	0.075	0.0704263	-0.0121792	7.73148
36	4	0.9	0.1	0.0898072	-0.0248451	7.09426
36	5	0.9	0.125	0.0782421	-0.0197059	7.92333
36	6	0.9	0.15	0.109183	-0.00128692	7.13392
36	7	0.9	0.175	0.0888627	-0.0321948	7.3949
36	8	0.9	0.2	0.108272	0.0357083	8.01027
36	9	0.9	0.225	0.126598	-0.0231108	5.97052
36	10	0.9	0.25	0.0855984	0.0500104	9.24031
36	11	0.9	0.275	0.177527	0.0496973	4.89626
36	12	0.9	0.3	0.0830934	0.0144503	8.82938
36	13	0.9	0.325	0.182214	0.186843	6.46441
36	14	0.9	0.35	0.160135	-0.023377	4.74651
36	15	0.9	0.375	0.100068	0.29031	11.2489
36	16	0.9	0.4	0.296635	0.0842508	-1.23391
36	17	0.9	0.425	0.0105342	0.202497	14.5051
36	18	0.9	0.45	0.340574	0.428713	-1.46845
36	19	0.9	0.475	0.0884477	-0.067335	7.21798
36	20	0.9	0.5	0.125919	0.775926	10.4372
36	21	0.9	0.525	0.335193	-0.106149	-11.5864
36	22	0.9	0.55	-0.246761	0.626557	26.4145
36	23	0.9	0.575	0.459229	0.461747	-22.4746
36	24	0.9	0.6	-0.336731	-0.164268	22.3805
36	25	0.9	0.625	0.167634	1.13862	-4.74172
36	26	0.9	0.65	-0.0399762	-0.716824	-13.311
36	27	0.9	0.675	-0.512984	1.01116	30.433
36	28	0.9	0.7	0.132517	-0.194242	-46.6905
36	29	0.9	0.725	-0.965419	-0.135706	45.0623
36	30	0.9	0.75	0.00768854	0.633117	-38.4088
36	31	0.9	0.775	-0.722848	-1.31594	12.865
36	32	0.9	0.8	-0.444984	0.748938	3.54157
36	33	0.9	0.825	-0.390333	-1.34298	-38.4863
36	34	0.9	0.85	-1.07315	-0.0572594	40.9942
36	35	0.9	0.875	-0.261869	-0.70818	-59.6539
36	36	0.9	0.9	-1.06766	-1.18277	43.9253
36	37	0.9	0.925	0.0771906	-0.234671	-42.2975
36	38	0.9	0.95	-0.184648	-1.55727	14.9441
36	39	0.9	0.975	0.615532	-0.32236	-12.821
36	40	0.9	1	1	0	0
37	0	0.925	0	0	0	7.63772
37	1	0.925	0.025	0.0319637	-0.0108822	7.63772
37	2	0.925	0.05	0.0486873	-0.011415	7.73953
37	3	0.925	0.075	0.0665173	-0.0216071	7.5201
37	4	0.925	0.1	0.0612055	-0.015117	7.91684
37	5	0.925	0.125	0.0824659	-0.010342	7.45396
37	6	0.925	0.15	0.0687906	-0.0179121	7.77404
37	7	0.925	0.175	0.0818817	0.0156278	7.77625
37	8	0.925	0.2	0.0929691	-0.0111989	7.08893
37	9	0.925	0.225	0.0634099	0.0394832	8.41561
37	10	0.925	0.25	0.130476	0.0265219	6.26328
37	11	0.925	0.275	0.0521657	0.0440358	8.56897
37	12	0.925	0.3	0.142201	0.108684	6.35768
37	13	0.925	0.325	0.0982073	0.0369745	7.03199
37	14	0.925	0.35	0.0831994	0.209362	8.23255
37	15	0.925	0.375	0.213919	0.0786864	3.62895
37	16	0.925	0.4	-0.016974	0.247989	10.7527
37	17	0.925	0.425	0.301012	0.253154	1.11238
37	18	0.925	0.45	-0.00257485	0.160045	9.57406
37	19	0.925	0.475	0.183277	0.540082	4.29525
37	20	0.925	0.5	0.242091	0.0739605	0.605035
37	21	0.925	0.525	-0.184307	0.688103	13.686
37	22	0.925	0.55	0.513447	0.284636	-10.8527
37	23	0.925	0.575	-0.434035	0.384134	18.5973
37	24	0.925	0.6	0.413689	0.799297	-9.8479
37	25	0.925	0.625	-0.116342	-0.133414	4.03119
37	26	0.925	0.65	-0.246986	1.11314	9.37279
37	27	0.925	0.675	0.40379	-0.109631	-23.291
37	28	0.925	0.7	-1.01019	0.619292	29.0384
37	29	0.925	0.725	0.460585	0.423463	-33.5013
37	30	0.925	0.75	-0.951744	-0.424283	21.6055
37	31	0.925	0.775	-0.0133992	0.782694	-13.8151
37	32	0.925	0.8	-0.232955	-0.914837	-13.1772
37	33	0.925	0.825	-0.880483	0.46601	17.9278
37	34	0.925	0.85	0.162634	-0.646198	-40.8203
37	35	0.925	0.875	-1.37833	-0.504978	32.6693
37	36	0.925	0.9	0.231774	-0.367512	-39.6205
37	37	0.925	0.925	-0.868939	-1.25421	19.7943
37	38	0.925	0.95	0.381727	-0.247342	-18.7825
37	39	0.925	0.975	0.309722	-1.03158	-2.19702
37	40	0.925	1	1	0	0
38	0	0.95	0	0	0	7.83799
38	1	0.95	0.025	0.0266353	-0.00733324	7.83799
38	2	0.95	0.05	0.0434427	-0.0158185	7.83624
38	3	0.95	0.075	0.045207	-0.0136092	7.95465
38	4	0.95	0.1	0.0587008	-0.0136865	7.80978
38	5	0.95	0.125	0.0498826	-0.0116206	7.97486
38	6	0.95	0.15	0.06025	0.00117273	7.87276
38	7	0.95	0.175	0.0618449	-0.00399554	7.75569
38	8	0.95	0.2	0.048976	0.0205837	8.05302
38	9	0.95	0.225	0.0841467	0.0164175	7.37365
38	10	0.95	0.25	0.0360276	0.0382235	8.12641
38	11	0.95	0.275	0.098542	0.0574301	7.12806
38	12	0.95	0.3	0.0498521	0.0543718	7.69786
38	13	0.95	0.325	0.0746205	0.118548	7.35102
38	14	0.95	0.35	0.113014	0.0841901	6.48507
38	15	0.95	0.375	0.0062228	0.180245	8.00647
38	16	0.95	0.4	0.194055	0.159714	4.87446
38	17	0.95	0.425	-0.0348329	0.207097	8.09126
38	18	0.95	0.45	0.18641	0.305139	4.33489
38	19	0.95	0.475	0.0744327	0.203218	5.66316
38	20	0.95	0.5	-0.0172808	0.471938	6.34049
38	21	0.95	0.525	0.315536	0.265109	0.320661
38	22	0.95	0.55	-0.303663	0.49575	9.26538
38	23	0.95	0.575	0.425459	0.480301	-3.56361
38	24	0.95	0.6	-0.257419	0.305791	6.82312
38	25	0.95	0.625	0.101415	0.765008	-0.11125
38	26	0.95	0.65	0.217659	0.18846	-4.59188
38	27	0.95	0.675	-0.610727	0.776567	9.05556
38	28	0.95	0.7	0.555591	0.338378	-15.7756
38	29	0.95	0.725	-0.942113	0.279339	11.9246
38	30	0.95	0.75	0.371775	0.542375	-14.4226
38	31	0.95	0.775	-0.406778	-0.236957	-0.474132
38	32	0.95	0.8	-0.348337	0.542758	-0.927622
38	33	0.95	0.825	0.254007	-0.316508	-18.3194
38	34	0.95	0.85	-1.11105	0.03825	11.4707
38	35	0.95	0.875	0.415883	-0.293038	-24.7861
38	36	0.95	0.9	-1.0854	-0.670065	10.9165
38	37	0.95	0.925	0.340487	-0.342764	-17.1349
38	38	0.95	0.95	-0.288771	-0.876209	0.865916
38	39	0.95	0.975	0.488299	-0.414804	-6.12984
38	40	0.95	1	1	0	0
39	0	0.975	0	0	0	8.04559
39	1	0.975	0.025	0.0243213	-0.00663297	8.04559
39	2	0.975	0.05	0.0330048	-0.0103527	8.10202
39	3	0.975	0.075	0.0401241	-0.0109562	8.13108
39	4	0.975	0.1	0.0375242	-0.00855623	8.168
39	5	0.975	0.125	0.0432967	-0.00459987	8.16109
39	6	0.975	0.15	0.0414109	-0.00216758	8.15041
39	7	0.975	0.175	0.0394947	0.00563806	8.1496
39	8	0.975	0.2	0.0500461	0.0085157	8.05814
39	9	0.975	0.225	0.0327775	0.0182601	8.06897
39	10	0.975	0.25	0.0582823	0.0256198	7.91463
39	11	0.975	0.275	0.032995	0.0342795	7.8789
39	12	0.975	0.3	0.0550626	0.0509768	7.7142
39	13	0.975	0.325	0.0513042	0.0568524	7.55007
39	14	0.975	0.35	0.0321084	0.0847387	7.41814
39	15	0.975	0.375	0.0865681	0.0910637	7.05008
39	16	0.975	0.4	0.00202319	0.122622	6.97582
39	17	0.975	0.425	0.109271	0.143832	6.368
39	18	0.975	0.45	0.0124979	0.160373	6.25621
39	19	0.975	0.475	0.0633061	0.21829	5.56581
39	20	0.975	0.5	0.102241	0.205373	4.99188
39	21	0.975	0.525	-0.0703486	0.288034	4.71674
39	22	0.975	0.55	0.210156	0.2707	3.20865
39	23	0.975	0.575	-0.154096	0.304739	3.55645
39	24	0.975	0.6	0.175396	0.364839	1.56458
39	25	0.975	0.625	-8.83407e-06	0.292796	1.19885
39	26	0.975	0.65	-0.124823	0.446181	0.570875
39	27	0.975	0.675	0.268018	0.306221	-2.32253
39	28	0.975	0.7	-0.470562	0.372081	-0.253818
39	29	0.975	0.725	0.338428	0.307781	-4.92017
39	30	0.975	0.75	-0.385157	0.165668	-2.45738
39	31	0.975	0.775	0.0601658	0.292153	-5.1544
39	32	0.975	0.8	0.0524993	0.0361847	-6.39802
39	33	0.975	0.825	-0.462967	0.161976	-4.03054
39	34	0.975	0.85	0.318756	-0.0676495	-9.33367
39	35	0.975	0.875	-0.707049	-0.172176	-3.42371
39	36	0.975	0.9	0.299639	-0.241268	-8.70833
39	37	0.975	0.925	-0.40599	-0.462329	-3.71548
39	38	0.975	0.95	0.225456	-0.348303	-4.79216
39	39	0.975	0.975	0.269242	-0.408875	-2.92651
39	40	0.975	1	1	0	0
40	0	1	0	0	0	8.04559
40	1	1	0.025	0	0	8.04559
40	2	1	0.05	0	0	8.10202
40	3	1	0.075	0	0	8.13108
40	4	1	0.1	0	0	8.168
40	5	1	0.125	0	0	8.16109
40	6	1	0.15	0	0	8.15041
40	7	1	0.175	0	0	8.1496
40	8	1	0.2	0	0	8.05814
40	9	1	0.225	0	0	8.06897
40	10	1	0.25	0	0	7.91463
40	11	1	0.275	0	0	7.8789
40	12	1	0.3	0	0	7.7142
40	13	1	0.325	0	0	7.55007
40	14	1	0.35	0	0	7.41814
40	15	1	0.375	0	0	7.05008
40	16	1	0.4	0	0	6.97582
40	17	1	0.425	0	0	6.368
40	18	1	0.45	0	0	6.25621
40	19	1	0.475	0	0	5.56581
40	20	1	0.5	0	0	4.99188
40	21	1	0.525	0	0	4.71674
40	22	1	0.55	0	0	3.20865
40	23	1	0.575	0	0	3.55645
40	24	1	0.6	0	0	1.56458
40	25	1	0.625	0	0	1.19885
40	26	1	0.65	0	0	0.570875
40	27	1	0.675	0	0	-2.32253
40	28	1	0.7	0	0	-0.253818
40	29	1	0.725	0	0	-4.92017
40	30	1	0.75	0	0	-2.45738
40	31	1	0.775	0	0	-5.1544
40	32	1	0.8	0	0	-6.39802
40	33	1	0.825	0	0	-4.03054
40	34	1	0.85	0	0	-9.33367
40	35	1	0.875	0	0	-3.42371
40	36	1	0.9	0	0	-8.70833
40	37	1	0.925	0	0	-3.71548
40	38	1	0.95	0	0	-4.79216
40	39	1	0.975	0	0	-2.92651
40	40	1	1	1	0	0
