# i		j		x		y		u		v		p
# nx		ny		
# 41		41
# =================================
0	0	0	0	0	0	-4.87492
0	1	0	0.025	0	0	-4.87492
0	2	0	0.05	0	0	-4.89513
0	3	0	0.075	0	0	-4.90797
0	4	0	0.1	0	0	-4.91893
0	5	0	0.125	0	0	-4.92053
0	6	0	0.15	0	0	-4.92631
0	7	0	0.175	0	0	-4.92454
0	8	0	0.2	0	0	-4.92389
0	9	0	0.225	0	0	-4.92609
0	10	0	0.25	0	0	-4.91813
0	11	0	0.275	0	0	-4.92474
0	12	0	0.3	0	0	-4.91563
0	13	0	0.325	0	0	-4.91899
0	14	0	0.35	0	0	-4.91901
0	15	0	0.375	0	0	-4.91228
0	16	0	0.4	0	0	-4.92449
0	17	0	0.425	0	0	-4.91243
0	18	0	0.45	0	0	-4.92737
0	19	0	0.475	0	0	-4.92378
0	20	0	0.5	0	0	-4.93054
0	21	0	0.525	0	0	-4.94241
0	22	0	0.55	0	0	-4.94363
0	23	0	0.575	0	0	-4.96385
0	24	0	0.6	0	0	-4.97175
0	25	0	0.625	0	0	-4.99456
0	26	0	0.65	0	0	-5.01036
0	27	0	0.675	0	0	-5.04869
0	28	0	0.7	0	0	-5.05987
0	29	0	0.725	0	0	-5.13101
0	30	0	0.75	0	0	-5.14316
0	31	0	0.775	0	0	-5.23547
0	32	0	0.8	0	0	-5.2973
0	33	0	0.825	0	0	-5.37808
0	34	0	0.85	0	0	-5.54843
0	35	0	0.875	0	0	-5.62947
0	36	0	0.9	0	0	-5.9121
0	37	0	0.925	0	0	-6.07289
0	38	0	0.95	0	0	-6.29363
0	39	0	0.975	0	0	-6.92092
0	40	0	1	1	0	0
1	0	0.025	0	0	0	-4.87492
1	1	0.025	0.025	0.0163865	0.00220895	-4.87492
1	2	0.025	0.05	0.021586	0.00379539	-4.89513
1	3	0.025	0.075	0.0235456	0.00433215	-4.90797
1	4	0.025	0.1	0.0236031	0.00431414	-4.91893
1	5	0.025	0.125	0.0242047	0.00428765	-4.92053
1	6	0.025	0.15	0.0236853	0.00433532	-4.92631
1	7	0.025	0.175	0.0237391	0.00419816	-4.92454
1	8	0.025	0.2	0.0239498	0.00458278	-4.92389
1	9	0.025	0.225	0.0229604	0.00456851	-4.92609
1	10	0.025	0.25	0.0241654	0.00506424	-4.91813
1	11	0.025	0.275	0.022645	0.00553253	-4.92474
1	12	0.025	0.3	0.0236193	0.00583414	-4.91563
1	13	0.025	0.325	0.0233005	0.0069211	-4.91899
1	14	0.025	0.35	0.0223029	0.00713443	-4.91901
1	15	0.025	0.375	0.024302	0.00843617	-4.91228
1	16	0.025	0.4	0.0213923	0.00913468	-4.92449
1	17	0.025	0.425	0.0242072	0.0100356	-4.91243
1	18	0.025	0.45	0.0221163	0.0116113	-4.92737
1	19	0.025	0.475	0.0224811	0.0120717	-4.92378
1	20	0.025	0.5	0.0239873	0.0140912	-4.93054
1	21	0.025	0.525	0.0206389	0.0148584	-4.94241
1	22	0.025	0.55	0.0248693	0.0164272	-4.94363
1	23	0.025	0.575	0.0207879	0.0181073	-4.96385
1	24	0.025	0.6	0.0235225	0.0190234	-4.97175
1	25	0.025	0.625	0.0228108	0.0210922	-4.99456
1	26	0.025	0.65	0.0215994	0.0221846	-5.01036
1	27	0.025	0.675	0.0241357	0.0235027	-5.04869
1	28	0.025	0.7	0.0218201	0.0252548	-5.05987
1	29	0.025	0.725	0.0233238	0.0256391	-5.13101
1	30	0.025	0.75	0.0241346	0.0267555	-5.14316
1	31	0.025	0.775	0.0229957	0.0270398	-5.23547
1	32	0.025	0.8	0.0260071	0.0251266	-5.2973
1	33	0.025	0.825	0.0279068	0.0242577	-5.37808
1	34	0.025	0.85	0.0295504	0.0168253	-5.54843
1	35	0.025	0.875	0.044176	0.00738016	-5.62947
1	36	0.025	0.9	0.0545871	-0.0138146	-5.9121
1	37	0.025	0.925	0.103362	-0.0549713	-6.07289
1	38	0.025	0.95	0.188884	-0.123872	-6.29363
1	39	0.025	0.975	0.414882	-0.327876	-6.92092
1	40	0.025	1	1	0	0
2	0	0.05	0	0	0	-4.63387
2	1	0.05	0.025	0.0113182	0.00215809	-4.63387
2	2	0.05	0.05	0.0167838	0.00443006	-4.63322
2	3	0.05	0.075	0.01853	0.00556677	-4.64572
2	4	0.05	0.1	0.0200169	0.00673274	-4.63403
2	5	0.05	0.125	0.0193932	0.00731657	-4.65552
2	6	0.05	0.15	0.0199126	0.00740069	-4.63944
2	7	0.05	0.175	0.0196836	0.00860867	-4.64651
2	8	0.05	0.2	0.0186878	0.00811577	-4.65605
2	9	0.05	0.225	0.020108	0.00967595	-4.62483
2	10	0.05	0.25	0.0176049	0.00993434	-4.66986
2	11	0.05	0.275	0.0196667	0.0105707	-4.61731
2	12	0.05	0.3	0.017964	0.012827	-4.65587
2	13	0.05	0.325	0.0176398	0.0120963	-4.64406
2	14	0.05	0.35	0.0196695	0.0157284	-4.61415
2	15	0.05	0.375	0.0152596	0.0154033	-4.68518
2	16	0.05	0.4	0.0205189	0.0178204	-4.58712
2	17	0.05	0.425	0.0151831	0.0204871	-4.69092
2	18	0.05	0.45	0.0182558	0.0199362	-4.61994
2	19	0.05	0.475	0.0183751	0.0255787	-4.64293
2	20	0.05	0.5	0.0138714	0.0239988	-4.69776
2	21	0.05	0.525	0.0218541	0.0289175	-4.59506
2	22	0.05	0.55	0.0117877	0.0304447	-4.74766
2	23	0.05	0.575	0.0211877	0.0311403	-4.62188
2	24	0.05	0.6	0.015144	0.0367937	-4.72892
2	25	0.05	0.625	0.016087	0.0347253	-4.72011
2	26	0.05	0.65	0.021224	0.0400428	-4.70262
2	27	0.05	0.675	0.012121	0.0401184	-4.80232
2	28	0.05	0.7	0.0239685	0.0401923	-4.76379
2	29	0.05	0.725	0.0148319	0.0432142	-4.82398
2	30	0.05	0.75	0.0221986	0.0390514	-4.90367
2	31	0.05	0.775	0.0232402	0.0380877	-4.87745
2	32	0.05	0.8	0.0237284	0.0335115	-5.01143
2	33	0.05	0.825	0.034328	0.0199982	-5.08244
2	34	0.05	0.85	0.0417984	0.00933173	-5.05824
2	35	0.05	0.875	0.0610043	-0.0223217	-5.39091
2	36	0.05	0.9	0.102173	-0.0622887	-5.18033
2	37	0.05	0.925	0.165768	-0.128448	-5.59273
2	38	0.05	0.95	0.307302	-0.226326	-5.3164
2	39	0.05	0.975	0.558071	-0.41526	-5.89286
2	40	0.05	1	1	0	0
3	0	0.075	0	0	0	-4.40121
3	1	0.075	0.025	0.00872536	0.00208323	-4.40121
3	2	0.075	0.05	0.0135357	0.00367495	-4.40387
3	3	0.075	0.075	0.0166076	0.0063649	-4.38467
3	4	0.075	0.1	0.0171485	0.00763718	-4.41646
3	5	0.075	0.125	0.018295	0.00888716	-4.37924
3	6	0.075	0.15	0.0179182	0.0108285	-4.40937
3	7	0.075	0.175	0.0175695	0.0102961	-4.4017
3	8	0.075	0.2	0.0182921	0.0132656	-4.37129
3	9	0.075	0.225	0.0160875	0.0126264	-4.44004
3	10	0.075	0.25	0.0180784	0.014637	-4.33869
3	11	0.075	0.275	0.0154689	0.0168324	-4.4422
3	12	0.075	0.3	0.0162872	0.0157349	-4.36788
3	13	0.075	0.325	0.0165965	0.0216193	-4.37265
3	14	0.075	0.35	0.0132123	0.0189005	-4.45827
3	15	0.075	0.375	0.0181026	0.0246522	-4.28316
3	16	0.075	0.4	0.0114119	0.0257308	-4.51618
3	17	0.075	0.425	0.0169567	0.0257917	-4.29031
3	18	0.075	0.45	0.0135791	0.0342276	-4.44304
3	19	0.075	0.475	0.0119905	0.0285134	-4.43943
3	20	0.075	0.5	0.0186425	0.0398013	-4.27966
3	21	0.075	0.525	0.0069249	0.0363361	-4.60591
3	22	0.075	0.55	0.0211303	0.0405487	-4.21181
3	23	0.075	0.575	0.00800261	0.047309	-4.60396
3	24	0.075	0.6	0.0165848	0.0405206	-4.36646
3	25	0.075	0.625	0.016823	0.0542015	-4.42658
3	26	0.075	0.65	0.00824233	0.0450302	-4.62266
3	27	0.075	0.675	0.0268271	0.0521597	-4.30372
3	28	0.075	0.7	0.00621358	0.0517712	-4.72698
3	29	0.075	0.725	0.0301628	0.0440321	-4.43239
3	30	0.075	0.75	0.0177652	0.0493955	-4.63323
3	31	0.075	0.775	0.0294574	0.0334186	-4.69638
3	32	0.075	0.8	0.0413311	0.0267405	-4.60114
3	33	0.075	0.825	0.0422462	0.0105606	-4.80744
3	34	0.075	0.85	0.0787193	-0.0226082	-4.83412
3	35	0.075	0.875	0.0984265	-0.0523226	-4.73429
3	36	0.075	0.9	0.165753	-0.114166	-5.12246
3	37	0.075	0.925	0.257157	-0.188938	-4.73532
3	38	0.075	0.95	0.41424	-0.274049	-4.99247
3	39	0.075	0.975	0.659958	-0.438274	-5.19647
3	40	0.075	1	1	0	0
4	0	0.1	0	0	0	-4.16052
4	1	0.1	0.025	0.00602496	0.00131114	-4.16052
4	2	0.1	0.05	0.0103582	0.0039132	-4.14346
4	3	0.1	0.075	0.0127734	0.00554162	-4.16778
4	4	0.1	0.1	0.0145497	0.00829136	-4.1222
4	5	0.1	0.125	0.0150548	0.0105217	-4.17036
4	6	0.1	0.15	0.0153068	0.0110322	-4.13236
4	7	0.1	0.175	0.0155369	0.0148437	-4.13283
4	8	0.1	0.2	0.0144653	0.0137336	-4.18208
4	9	0.1	0.225	0.0152015	0.0176354	-4.07394
4	10	0.1	0.25	0.0133381	0.0184692	-4.21855
4	11	0.1	0.275	0.0139282	0.0188646	-4.07071
4	12	0.1	0.3	0.0130251	0.0249601	-4.16359
4	13	0.1	0.325	0.0115389	0.0209479	-4.17498
4	14	0.1	0.35	0.0135902	0.0300975	-4.02375
4	15	0.1	0.375	0.0090854	0.0274099	-4.30867
4	16	0.1	0.4	0.0133898	0.0314249	-3.94542
4	17	0.1	0.425	0.00890362	0.0383398	-4.29417
4	18	0.1	0.45	0.0103724	0.0315397	-4.08548
4	19	0.1	0.475	0.0122403	0.0480421	-4.06136
4	20	0.1	0.5	0.0052343	0.0370259	-4.38523
4	21	0.1	0.525	0.0164575	0.050029	-3.81273
4	22	0.1	0.55	0.00297381	0.0504262	-4.54201
4	23	0.1	0.575	0.0161331	0.045433	-3.87194
4	24	0.1	0.6	0.00902341	0.0639683	-4.32347
4	25	0.1	0.625	0.00924288	0.0436079	-4.29187
4	26	0.1	0.65	0.0223583	0.0653613	-3.91021
4	27	0.1	0.675	0.00286019	0.0503463	-4.69715
4	28	0.1	0.7	0.034573	0.0512276	-3.77512
4	29	0.1	0.725	0.0099792	0.0558461	-4.67754
4	30	0.1	0.75	0.0397676	0.0299527	-4.12418
4	31	0.1	0.775	0.0384753	0.0397802	-4.32603
4	32	0.1	0.8	0.0481359	0.00530222	-4.58901
4	33	0.1	0.825	0.0884156	-0.0109264	-4.16074
4	34	0.1	0.85	0.0907596	-0.0417582	-4.68115
4	35	0.1	0.875	0.17201	-0.098095	-4.41302
4	36	0.1	0.9	0.216645	-0.144618	-4.45169
4	37	0.1	0.925	0.348385	-0.227066	-4.65627
4	38	0.1	0.95	0.499568	-0.301452	-4.25279
4	39	0.1	0.975	0.725641	-0.423993	-4.85076
4	40	0.1	1	1	0	0
5	0	0.125	0	0	0	-3.90883
5	1	0.125	0.025	0.00367018	0.00154682	-3.90883
5	2	0.125	0.05	0.00691787	0.00266073	-3.91244
5	3	0.125	0.075	0.00908285	0.00595994	-3.87896
5	4	0.125	0.1	0.0110631	0.00814519	-3.9202
5	5	0.125	0.125	0.0115227	0.0102649	-3.8691
5	6	0.125	0.15	0.0123787	0.0139253	-3.89971
5	7	0.125	0.175	0.0121327	0.0137263	-3.90363
5	8	0.125	0.2	0.0117989	0.0185869	-3.83986
5	9	0.125	0.225	0.011705	0.0183315	-3.95901
5	10	0.125	0.25	0.010458	0.0212134	-3.79742
5	11	0.125	0.275	0.0105365	0.025274	-3.95203
5	12	0.125	0.3	0.00913717	0.022923	-3.85906
5	13	0.125	0.325	0.00901559	0.0325278	-3.8265
5	14	0.125	0.35	0.00792077	0.0275035	-4.01907
5	15	0.125	0.375	0.00767928	0.0361698	-3.67299
5	16	0.125	0.4	0.00681682	0.0378673	-4.10917
5	17	0.125	0.425	0.00650028	0.0356071	-3.704
5	18	0.125	0.45	0.00659117	0.0508143	-3.93949
5	19	0.125	0.475	0.00480057	0.0368801	-4.01505
5	20	0.125	0.5	0.00805549	0.0575809	-3.57452
5	21	0.125	0.525	0.00306357	0.0474074	-4.3647
5	22	0.125	0.55	0.010102	0.0529573	-3.39864
5	23	0.125	0.575	0.00463784	0.0650505	-4.32641
5	24	0.125	0.6	0.00978519	0.0436683	-3.74959
5	25	0.125	0.625	0.0133892	0.0751784	-3.78892
5	26	0.125	0.65	0.00701602	0.0428541	-4.43925
5	27	0.125	0.675	0.0284625	0.0637948	-3.23576
5	28	0.125	0.7	0.0099933	0.0517757	-4.80751
5	29	0.125	0.725	0.0438791	0.0332468	-3.3107
5	30	0.125	0.75	0.0325217	0.0499865	-4.44195
5	31	0.125	0.775	0.0585807	-0.00209092	-4.03576
5	32	0.125	0.8	0.0841998	0.0111829	-3.74727
5	33	0.125	0.825	0.0914213	-0.0411943	-4.68435
5	34	0.125	0.85	0.17054	-0.072228	-3.50638
5	35	0.125	0.875	0.18582	-0.110753	-4.64776
5	36	0.125	0.9	0.314814	-0.187624	-3.856
5	37	0.125	0.925	0.398198	-0.23481	-4.19932
5	38	0.125	0.95	0.578857	-0.308619	-4.05255
5	39	0.125	0.975	0.767958	-0.407694	-4.35093
5	40	0.125	1	1	0	0
6	0	0.15	0	0	0	-3.65851
6	1	0.15	0.025	0.00156709	0.000881707	-3.65851
6	2	0.15	0.05	0.00325843	0.00297853	-3.64209
6	3	0.15	0.075	0.00591139	0.00502696	-3.65714
6	4	0.15	0.1	0.00634148	0.00803609	-3.62299
6	5	0.15	0.125	0.00858006	0.0111168	-3.65087
6	6	0.15	0.15	0.00832413	0.0127588	-3.62961
6	7	0.15	0.175	0.00835475	0.0170065	-3.61672
6	8	0.15	0.2	0.0094053	0.017448	-3.66674
6	9	0.15	0.225	0.00645915	0.0216167	-3.56878
6	10	0.15	0.25	0.00889087	0.0236124	-3.69213
6	11	0.15	0.275	0.00525627	0.0246849	-3.57071
6	12	0.15	0.3	0.00601238	0.0312773	-3.63563
6	13	0.15	0.325	0.00578233	0.0281574	-3.67343
6	14	0.15	0.35	0.00195452	0.0376689	-3.49609
6	15	0.15	0.375	0.00633026	0.0355909	-3.80776
6	16	0.15	0.4	-0.000186293	0.0397877	-3.41738
6	17	0.15	0.425	0.00445697	0.0477773	-3.78326
6	18	0.15	0.45	0.00142076	0.0394572	-3.58491
6	19	0.15	0.475	0.000730162	0.0588614	-3.49384
6	20	0.15	0.5	0.00480207	0.0440972	-3.96232
6	21	0.15	0.525	-0.000754002	0.0599622	-3.15563
6	22	0.15	0.55	0.00678315	0.0585139	-4.17716
6	23	0.15	0.575	0.00311162	0.0496918	-3.21649
6	24	0.15	0.6	0.00846841	0.0746817	-3.84321
6	25	0.15	0.625	0.0105836	0.0393057	-3.85874
6	26	0.15	0.65	0.0158756	0.0742464	-3.09744
6	27	0.15	0.675	0.0193546	0.0410103	-4.60501
6	28	0.15	0.7	0.0336086	0.0462861	-2.66981
6	29	0.15	0.725	0.0356786	0.0476291	-4.66289
6	30	0.15	0.75	0.0605849	0.000539491	-3.16392
6	31	0.15	0.775	0.0751763	0.0300676	-3.83643
6	32	0.15	0.8	0.0992193	-0.0453219	-4.25108
6	33	0.15	0.825	0.153444	-0.0365703	-2.90794
6	34	0.15	0.85	0.173497	-0.0951501	-4.89121
6	35	0.15	0.875	0.283504	-0.146176	-2.78828
6	36	0.15	0.9	0.331364	-0.177062	-4.55142
6	37	0.15	0.925	0.490266	-0.265452	-3.35918
6	38	0.15	0.95	0.614786	-0.287672	-3.80714
6	39	0.15	0.975	0.805857	-0.388157	-4.04773
6	40	0.15	1	1	0	0
7	0	0.175	0	0	0	-3.39984
7	1	0.175	0.025	-0.000609981	0.000919343	-3.39984
7	2	0.175	0.05	0.000705508	0.00242088	-3.39301
7	3	0.175	0.075	0.000886389	0.00485064	-3.38625
7	4	0.175	0.1	0.00388842	0.00771967	-3.38231
7	5	0.175	0.125	0.00327275	0.0106078	-3.37884
7	6	0.175	0.15	0.00481697	0.0136077	-3.37332
7	7	0.175	0.175	0.00561478	0.0161927	-3.37729
7	8	0.175	0.2	0.00285066	0.0193862	-3.35968
7	9	0.175	0.225	0.00671708	0.0216203	-3.38446
7	10	0.175	0.25	0.000783664	0.0247163	-3.34462
7	11	0.175	0.275	0.00442753	0.0278115	-3.38318
7	12	0.175	0.3	0.00164882	0.0294114	-3.35788
7	13	0.175	0.325	-0.00150613	0.0348195	-3.33964
7	14	0.175	0.35	0.00458614	0.0346473	-3.42083
7	15	0.175	0.375	-0.00688169	0.0407148	-3.26614
7	16	0.175	0.4	0.00457657	0.0426032	-3.47431
7	17	0.175	0.425	-0.00576887	0.0435692	-3.26923
7	18	0.175	0.45	-0.00178827	0.05296	-3.3907
7	19	0.175	0.475	0.00252128	0.0453959	-3.45405
7	20	0.175	0.5	-0.01002	0.0601313	-3.14586
7	21	0.175	0.525	0.0107952	0.0518901	-3.71936
7	22	0.175	0.55	-0.00968994	0.0572609	-2.98142
7	23	0.175	0.575	0.0116055	0.0644793	-3.72448
7	24	0.175	0.6	0.00482111	0.0454619	-3.24836
7	25	0.175	0.625	0.00820319	0.0725296	-3.23824
7	26	0.175	0.65	0.0274576	0.0359966	-3.93786
7	27	0.175	0.675	0.0151085	0.058757	-2.57886
7	28	0.175	0.7	0.0495373	0.0362996	-4.44474
7	29	0.175	0.725	0.0450798	0.0170985	-2.50121
7	30	0.175	0.75	0.0765158	0.0322949	-4.08068
7	31	0.175	0.775	0.0986155	-0.0380657	-3.37965
7	32	0.175	0.8	0.131401	-0.00678136	-2.95716
7	33	0.175	0.825	0.175586	-0.0896014	-4.55959
7	34	0.175	0.85	0.239977	-0.0970206	-2.09429
7	35	0.175	0.875	0.299004	-0.144942	-4.91235
7	36	0.175	0.9	0.417963	-0.214658	-2.29653
7	37	0.175	0.925	0.511447	-0.226521	-4.20254
7	38	0.175	0.95	0.674383	-0.303481	-3.02774
7	39	0.175	0.975	0.823101	-0.3494	-3.78351
7	40	0.175	1	1	0	0
8	0	0.2	0	0	0	-3.13901
8	1	0.2	0.025	-0.00223697	0.00102368	-3.13901
8	2	0.2	0.05	-0.00322407	0.00178517	-3.14081
8	3	0.2	0.075	-0.00124947	0.00479584	-3.11064
8	4	0.2	0.1	-0.00200457	0.00729721	-3.14322
8	5	0.2	0.125	0.000665458	0.00982984	-3.10052
8	6	0.2	0.15	0.000607106	0.0140894	-3.12007
8	7	0.2	0.175	-0.000279282	0.0152827	-3.12512
8	8	0.2	0.2	0.0029713	0.0199504	-3.07653
8	9	0.2	0.225	-0.0029077	0.0219291	-3.15066
8	10	0.2	0.25	0.00252357	0.0244716	-3.06274
8	11	0.2	0.275	-0.00330382	0.0292651	-3.12697
8	12	0.2	0.3	-0.00280507	0.0294222	-3.10593
8	13	0.2	0.325	0.000150547	0.0353601	-3.0654
8	14	0.2	0.35	-0.0105553	0.0365564	-3.1541
8	15	0.2	0.375	0.00316239	0.0396527	-3.04351
8	16	0.2	0.4	-0.0131941	0.0445825	-3.13528
8	17	0.2	0.425	-0.00111215	0.0444673	-3.0949
8	18	0.2	0.45	-0.0050302	0.0499392	-3.0787
8	19	0.2	0.475	-0.0128357	0.0516247	-3.1311
8	20	0.2	0.5	0.00932906	0.0517834	-3.10204
8	21	0.2	0.525	-0.0203949	0.0576287	-3.06121
8	22	0.2	0.55	0.0168685	0.0539866	-3.21382
8	23	0.2	0.575	-0.00891015	0.0555604	-2.99467
8	24	0.2	0.6	0.0106728	0.0585346	-3.20232
8	25	0.2	0.625	0.0232892	0.0441618	-3.17988
8	26	0.2	0.65	0.00310815	0.057117	-2.88974
8	27	0.2	0.675	0.0608058	0.0312337	-3.61094
8	28	0.2	0.7	0.0202663	0.034775	-2.52858
8	29	0.2	0.725	0.0900197	0.0213826	-3.80554
8	30	0.2	0.75	0.0785736	-0.0133267	-2.70816
8	31	0.2	0.775	0.122393	0.000666944	-3.26165
8	32	0.2	0.8	0.171692	-0.0729977	-3.61615
8	33	0.2	0.825	0.19454	-0.0566188	-2.23016
8	34	0.2	0.85	0.291022	-0.128193	-4.52775
8	35	0.2	0.875	0.340397	-0.155867	-1.6969
8	36	0.2	0.9	0.45523	-0.184318	-4.47837
8	37	0.2	0.925	0.565204	-0.259661	-2.20866
8	38	0.2	0.95	0.696422	-0.249408	-3.53687
8	39	0.2	0.975	0.846137	-0.343132	-3.29129
8	40	0.2	1	1	0	0
9	0	0.225	0	0	0	-2.88041
9	1	0.225	0.025	-0.0041979	0.000200834	-2.88041
9	2	0.225	0.05	-0.00522593	0.00264631	-2.85306
9	3	0.225	0.075	-0.00630908	0.00360732	-2.89808
9	4	0.225	0.1	-0.00419098	0.00672695	-2.81947
9	5	0.225	0.125	-0.00456552	0.0107017	-2.88814
9	6	0.225	0.15	-0.0037057	0.0109861	-2.84785
9	7	0.225	0.175	-0.00203467	0.0178826	-2.81205
9	8	0.225	0.2	-0.00553856	0.0170505	-2.92701
9	9	0.225	0.225	-0.00107087	0.0222798	-2.73506
9	10	0.225	0.25	-0.00714805	0.0260424	-2.94739
9	11	0.225	0.275	-0.00415144	0.024597	-2.77681
9	12	0.225	0.3	-0.00547061	0.0351627	-2.82273
9	13	0.225	0.325	-0.0112215	0.0293353	-2.9471
9	14	0.225	0.35	-0.0017359	0.0396828	-2.6429
9	15	0.225	0.375	-0.0168851	0.0396405	-3.06655
9	16	0.225	0.4	-0.00214159	0.0391882	-2.63102
9	17	0.225	0.425	-0.0133291	0.0516507	-2.94122
9	18	0.225	0.45	-0.0112108	0.039909	-2.87665
9	19	0.225	0.475	0.000769745	0.0568422	-2.63884
9	20	0.225	0.5	-0.0228217	0.0476379	-3.15496
9	21	0.225	0.525	0.0150958	0.0519174	-2.48619
9	22	0.225	0.55	-0.0203406	0.0580807	-3.14071
9	23	0.225	0.575	0.0160282	0.0437565	-2.68986
9	24	0.225	0.6	0.00855801	0.0585303	-2.8346
9	25	0.225	0.625	0.00433019	0.0403131	-3.02355
9	26	0.225	0.65	0.0560791	0.042072	-2.62436
9	27	0.225	0.675	0.00443965	0.0363088	-3.07338
9	28	0.225	0.7	0.099574	0.0159043	-2.78166
9	29	0.225	0.725	0.0487662	0.0140024	-2.83331
9	30	0.225	0.75	0.12854	-0.0104764	-3.00788
9	31	0.225	0.775	0.147132	-0.0362891	-2.8141
9	32	0.225	0.8	0.167805	-0.0443101	-2.7625
9	33	0.225	0.825	0.280043	-0.101558	-3.32948
9	34	0.225	0.85	0.267287	-0.106135	-2.113
9	35	0.225	0.875	0.431074	-0.161272	-3.86359
9	36	0.225	0.9	0.457535	-0.19592	-1.85184
9	37	0.225	0.925	0.616734	-0.213238	-3.64929
9	38	0.225	0.95	0.718016	-0.266519	-2.32175
9	39	0.225	0.975	0.859549	-0.292962	-3.24327
9	40	0.225	1	1	0	0
10	0	0.25	0	0	0	-2.60842
10	1	0.25	0.025	-0.00561297	0.00125818	-2.60842
10	2	0.25	0.05	-0.00849264	0.000787642	-2.6298
10	3	0.25	0.075	-0.00870854	0.00440411	-2.55641
10	4	0.25	0.1	-0.00892652	0.00651663	-2.64887
10	5	0.25	0.125	-0.00800312	0.00769709	-2.55312
10	6	0.25	0.15	-0.00709971	0.014493	-2.58736
10	7	0.25	0.175	-0.00812679	0.0120673	-2.64473
10	8	0.25	0.2	-0.00602235	0.0202906	-2.46213
10	9	0.25	0.225	-0.00934488	0.0203363	-2.73748
10	10	0.25	0.25	-0.00736634	0.0218473	-2.42693
10	11	0.25	0.275	-0.00968947	0.0316178	-2.65877
10	12	0.25	0.3	-0.0116625	0.0230198	-2.61003
10	13	0.25	0.325	-0.00825641	0.039521	-2.38704
10	14	0.25	0.35	-0.016709	0.0308519	-2.88669
10	15	0.25	0.375	-0.00748736	0.03848	-2.18882
10	16	0.25	0.4	-0.0172588	0.0463997	-2.90673
10	17	0.25	0.425	-0.0113836	0.0324059	-2.39414
10	18	0.25	0.45	-0.00920197	0.0594804	-2.48183
10	19	0.25	0.475	-0.0194414	0.0335283	-2.95385
10	20	0.25	0.5	0.00432321	0.0571871	-1.93605
10	21	0.25	0.525	-0.0217879	0.0482293	-3.32329
10	22	0.25	0.55	0.0130335	0.0394108	-1.89418
10	23	0.25	0.575	-0.00412088	0.0646897	-2.98503
10	24	0.25	0.6	0.0099594	0.0220891	-2.58222
10	25	0.25	0.625	0.037652	0.0609701	-2.1211
10	26	0.25	0.65	0.00581612	0.0195346	-3.42305
10	27	0.25	0.675	0.0892699	0.028426	-1.563
10	28	0.25	0.7	0.0308798	0.0228377	-3.56541
10	29	0.25	0.725	0.130588	-0.017603	-1.89802
10	30	0.25	0.75	0.112259	0.00380165	-2.8854
10	31	0.25	0.775	0.162166	-0.0559746	-2.71877
10	32	0.25	0.8	0.246465	-0.0531266	-2.20388
10	33	0.25	0.825	0.222003	-0.0884009	-3.05555
10	34	0.25	0.85	0.404734	-0.129291	-2.27274
10	35	0.25	0.875	0.362303	-0.138247	-2.63563
10	36	0.25	0.9	0.570298	-0.191398	-2.76239
10	37	0.25	0.925	0.594046	-0.208303	-2.24739
10	38	0.25	0.95	0.76165	-0.225854	-2.76967
10	39	0.25	0.975	0.864962	-0.281749	-2.69569
10	40	0.25	1	1	0	0
11	0	0.275	0	0	0	-2.35031
11	1	0.275	0.025	-0.00710139	-0.000171908	-2.35031
11	2	0.275	0.05	-0.0108848	0.00247087	-2.31417
11	3	0.275	0.075	-0.0118661	0.0028074	-2.38025
11	4	0.275	0.1	-0.012586	0.00539024	-2.27779
11	5	0.275	0.125	-0.0113031	0.00995561	-2.36106
11	6	0.275	0.15	-0.0117039	0.00845718	-2.3321
11	7	0.275	0.175	-0.0108854	0.0170438	-2.24636
11	8	0.275	0.2	-0.0111383	0.0144779	-2.45256
11	9	0.275	0.225	-0.0121224	0.0200359	-2.14068
11	10	0.275	0.25	-0.0116289	0.0250674	-2.46941
11	11	0.275	0.275	-0.014268	0.0197178	-2.23149
11	12	0.275	0.3	-0.013048	0.035814	-2.24416
11	13	0.275	0.325	-0.0160928	0.0230832	-2.53821
11	14	0.275	0.35	-0.014928	0.0385498	-1.92239
11	15	0.275	0.375	-0.0164521	0.0362443	-2.75184
11	16	0.275	0.4	-0.0168023	0.0312194	-1.91314
11	17	0.275	0.425	-0.0141022	0.0541121	-2.47958
11	18	0.275	0.45	-0.0180506	0.0244388	-2.45173
11	19	0.275	0.475	-0.00840935	0.0606882	-1.76888
11	20	0.275	0.5	-0.0162183	0.0329028	-3.15447
11	21	0.275	0.525	-0.000721144	0.0448829	-1.29302
11	22	0.275	0.55	-0.00533829	0.0560593	-3.20819
11	23	0.275	0.575	0.00622505	0.0164258	-1.77131
11	24	0.275	0.6	0.020952	0.0707181	-2.23286
11	25	0.275	0.625	0.0135481	0.000527327	-3.07233
11	26	0.275	0.65	0.0623315	0.05064	-0.924888
11	27	0.275	0.675	0.0343039	0.00981142	-4.05785
11	28	0.275	0.7	0.109766	-0.00452654	-0.571509
11	29	0.275	0.725	0.0919158	0.0223526	-3.63761
11	30	0.275	0.75	0.154524	-0.0643876	-1.71107
11	31	0.275	0.775	0.201212	-0.00145244	-2.04292
11	32	0.275	0.8	0.206864	-0.0984341	-3.36661
11	33	0.275	0.825	0.352057	-0.0742703	-0.748432
11	34	0.275	0.85	0.305882	-0.11335	-3.98273
11	35	0.275	0.875	0.518905	-0.161412	-0.8649
11	36	0.275	0.9	0.489208	-0.1446	-3.23795
11	37	0.275	0.925	0.690369	-0.215087	-1.8297
11	38	0.275	0.95	0.741344	-0.195409	-2.33562
11	39	0.275	0.975	0.884373	-0.252048	-2.54096
11	40	0.275	1	1	0	0
12	0	0.3	0	0	0	-2.0729
12	1	0.3	0.025	-0.00855264	0.000994782	-2.0729
12	2	0.3	0.05	-0.0125845	0.000634315	-2.09152
12	3	0.3	0.075	-0.0157924	0.00337848	-2.03167
12	4	0.3	0.1	-0.0144515	0.00556953	-2.10033
12	5	0.3	0.125	-0.016064	0.00615219	-2.03824
12	6	0.3	0.15	-0.0146509	0.0123488	-2.03732
12	7	0.3	0.175	-0.0140085	0.0103361	-2.12221
12	8	0.3	0.2	-0.0166505	0.0171167	-1.92997
12	9	0.3	0.225	-0.0127457	0.0181951	-2.18987
12	10	0.3	0.25	-0.0187487	0.0181565	-1.92213
12	11	0.3	0.275	-0.0148225	0.028525	-2.08566
12	12	0.3	0.3	-0.0180921	0.0191713	-2.12291
12	13	0.3	0.325	-0.0202592	0.0349907	-1.80577
12	14	0.3	0.35	-0.0150199	0.0269771	-2.39118
12	15	0.3	0.375	-0.0249029	0.0319306	-1.63333
12	16	0.3	0.4	-0.0132422	0.0426271	-2.35691
12	17	0.3	0.425	-0.0230945	0.0233237	-1.92048
12	18	0.3	0.45	-0.0150528	0.0552434	-1.81676
12	19	0.3	0.475	-0.0131249	0.0229949	-2.60824
12	20	0.3	0.5	-0.0167087	0.0494843	-1.14859
12	21	0.3	0.525	0.00146617	0.0401414	-3.03445
12	22	0.3	0.55	-0.00997848	0.0231969	-1.15491
12	23	0.3	0.575	0.0174165	0.0629807	-2.47489
12	24	0.3	0.6	0.0107436	-0.00394994	-2.24187
12	25	0.3	0.625	0.0375995	0.0626348	-1.04476
12	26	0.3	0.65	0.0455371	-0.00668813	-3.70362
12	27	0.3	0.675	0.0704217	0.0201027	0.0607145
12	28	0.3	0.7	0.0962856	0.0148424	-4.09791
12	29	0.3	0.725	0.122414	-0.0494694	-0.457396
12	30	0.3	0.75	0.172699	0.0247382	-2.66213
12	31	0.3	0.775	0.193663	-0.104347	-2.55554
12	32	0.3	0.8	0.285839	-0.0167524	-0.355444
12	33	0.3	0.825	0.289488	-0.117688	-4.54064
12	34	0.3	0.85	0.436154	-0.106657	0.849627
12	35	0.3	0.875	0.432197	-0.112355	-4.68584
12	36	0.3	0.9	0.609379	-0.191145	0.0418794
12	37	0.3	0.925	0.638025	-0.134964	-3.22883
12	38	0.3	0.95	0.793381	-0.215737	-1.47159
12	39	0.3	0.975	0.878614	-0.206646	-2.29425
12	40	0.3	1	1	0	0
13	0	0.325	0	0	0	-1.80862
13	1	0.325	0.025	-0.00943254	0.000138041	-1.80862
13	2	0.325	0.05	-0.0157236	0.00140249	-1.79231
13	3	0.325	0.075	-0.0163892	0.00260945	-1.81131
13	4	0.325	0.1	-0.0197776	0.00415435	-1.78193
13	5	0.325	0.125	-0.0174214	0.00752784	-1.78928
13	6	0.325	0.15	-0.0180741	0.00789261	-1.8089
13	7	0.325	0.175	-0.0197259	0.0124685	-1.7359
13	8	0.325	0.2	-0.0149793	0.0133543	-1.84862
13	9	0.325	0.225	-0.0229427	0.0156733	-1.70715
13	10	0.325	0.25	-0.0152494	0.020671	-1.82259
13	11	0.325	0.275	-0.0224795	0.0177896	-1.78076
13	12	0.325	0.3	-0.0217187	0.0272609	-1.68496
13	13	0.325	0.325	-0.0167506	0.0222792	-1.9379
13	14	0.325	0.35	-0.030547	0.0289735	-1.53867
13	15	0.325	0.375	-0.0114539	0.0317564	-1.99509
13	16	0.325	0.4	-0.0316678	0.0251554	-1.61095
13	17	0.325	0.425	-0.0145541	0.0424852	-1.74819
13	18	0.325	0.45	-0.0180028	0.0223856	-2.00143
13	19	0.325	0.475	-0.0251775	0.0443204	-1.27538
13	20	0.325	0.5	0.00507251	0.0296207	-2.41726
13	21	0.325	0.525	-0.0286021	0.0299727	-1.05475
13	22	0.325	0.55	0.0231417	0.0459614	-2.29099
13	23	0.325	0.575	-0.00664477	0.00624994	-1.59071
13	24	0.325	0.6	0.0288485	0.0544485	-1.36336
13	25	0.325	0.625	0.0441396	-0.0073273	-2.75505
13	26	0.325	0.65	0.0353478	0.0334789	-0.20821
13	27	0.325	0.675	0.108683	0.00202114	-3.57418
13	28	0.325	0.7	0.0711445	-0.0207493	0.00256449
13	29	0.325	0.725	0.171917	0.0200611	-2.96366
13	30	0.325	0.75	0.155015	-0.0827633	-1.42825
13	31	0.325	0.775	0.239602	0.0107023	-0.903028
13	32	0.325	0.8	0.278064	-0.115483	-3.73834
13	33	0.325	0.825	0.339177	-0.0499731	1.16646
13	34	0.325	0.85	0.421437	-0.109107	-5.0747
13	35	0.325	0.875	0.493148	-0.140066	1.49176
13	36	0.325	0.9	0.585259	-0.0993218	-4.31147
13	37	0.325	0.925	0.688649	-0.199816	-0.0578964
13	38	0.325	0.95	0.781029	-0.125073	-2.47265
13	39	0.325	0.975	0.892675	-0.212317	-1.76517
13	40	0.325	1	1	0	0
14	0	0.35	0	0	0	-1.53541
14	1	0.35	0.025	-0.010868	0.000142846	-1.53541
14	2	0.35	0.05	-0.0160536	0.00127485	-1.52467
14	3	0.35	0.075	-0.0211644	0.00191112	-1.53974
14	4	0.35	0.1	-0.0196267	0.00410092	-1.50344
14	5	0.35	0.125	-0.0220299	0.00585902	-1.54248
14	6	0.35	0.15	-0.0216342	0.00741542	-1.49802
14	7	0.35	0.175	-0.0187443	0.0106657	-1.52197
14	8	0.35	0.2	-0.0252944	0.0111569	-1.52021
14	9	0.35	0.225	-0.0167603	0.0151556	-1.47976
14	10	0.35	0.25	-0.0266391	0.0156628	-1.55357
14	11	0.35	0.275	-0.0212007	0.0186746	-1.44378
14	12	0.35	0.3	-0.0214939	0.02087	-1.56284
14	13	0.35	0.325	-0.0314362	0.0212017	-1.4502
14	14	0.35	0.35	-0.0133216	0.0261176	-1.51596
14	15	0.35	0.375	-0.0376126	0.0231707	-1.52119
14	16	0.35	0.4	-0.0125544	0.0300901	-1.40643
14	17	0.35	0.425	-0.0275366	0.0255089	-1.63999
14	18	0.35	0.45	-0.0247405	0.030721	-1.2823
14	19	0.35	0.475	-0.000978567	0.0293822	-1.71979
14	20	0.35	0.5	-0.0381302	0.0260557	-1.26721
14	21	0.35	0.525	0.025133	0.0342492	-1.61258
14	22	0.35	0.55	-0.0269939	0.016776	-1.50428
14	23	0.35	0.575	0.0315333	0.0352716	-1.22801
14	24	0.35	0.6	0.0252363	0.00799019	-1.98113
14	25	0.35	0.625	0.0207862	0.0241528	-0.721416
14	26	0.35	0.65	0.105129	0.00561758	-2.37641
14	27	0.35	0.675	0.027689	-0.00451624	-0.544435
14	28	0.35	0.7	0.178653	0.00808692	-2.18302
14	29	0.35	0.725	0.0968369	-0.0453934	-1.15759
14	30	0.35	0.75	0.225665	0.00246515	-1.14087
14	31	0.35	0.775	0.238338	-0.0815721	-2.51652
14	32	0.35	0.8	0.268776	-0.0279355	0.341309
14	33	0.35	0.825	0.413539	-0.0965582	-3.8296
14	34	0.35	0.85	0.365525	-0.0866216	1.2357
14	35	0.35	0.875	0.577249	-0.0928515	-4.04632
14	36	0.35	0.9	0.549347	-0.149262	0.717481
14	37	0.35	0.925	0.727201	-0.0969478	-2.9255
14	38	0.35	0.95	0.780505	-0.172161	-0.711571
14	39	0.35	0.975	0.897121	-0.145693	-1.82354
14	40	0.35	1	1	0	0
15	0	0.375	0	0	0	-1.25835
15	1	0.375	0.025	-0.0113494	0.000817678	-1.25835
15	2	0.375	0.05	-0.0190157	-4.98638e-05	-1.27872
15	3	0.375	0.075	-0.0208095	0.00245332	-1.21589
15	4	0.375	0.1	-0.0243104	0.00334485	-1.29952
15	5	0.375	0.125	-0.0233154	0.00375362	-1.21087
15	6	0.375	0.15	-0.0227718	0.00858086	-1.25267
15	7	0.375	0.175	-0.0261675	0.00590502	-1.28494
15	8	0.375	0.2	-0.0200678	0.0123144	-1.14741
15	9	0.375	0.225	-0.0285855	0.0111501	-1.36872
15	10	0.375	0.25	-0.0216776	0.0127273	-1.1013
15	11	0.375	0.275	-0.0261361	0.0188953	-1.32669
15	12	0.375	0.3	-0.0296941	0.0121924	-1.22295
15	13	0.375	0.325	-0.0187943	0.0245662	-1.12139
15	14	0.375	0.35	-0.0380255	0.0155795	-1.44852
15	15	0.375	0.375	-0.0145325	0.0236652	-0.919874
15	16	0.375	0.4	-0.0344538	0.0244699	-1.53834
15	17	0.375	0.425	-0.0220028	0.0173182	-0.972953
15	18	0.375	0.45	-0.0128053	0.0334427	-1.30323
15	19	0.375	0.475	-0.0369347	0.01251	-1.34171
15	20	0.375	0.5	0.0160795	0.0338076	-0.848624
15	21	0.375	0.525	-0.0370059	0.015206	-1.76122
15	22	0.375	0.55	0.0305844	0.0218051	-0.547078
15	23	0.375	0.575	0.00234135	0.0229665	-1.83379
15	24	0.375	0.6	0.0210005	0.00277349	-0.719272
15	25	0.375	0.625	0.0806766	0.025462	-1.39877
15	26	0.375	0.65	0.0104594	-0.0134994	-1.3193
15	27	0.375	0.675	0.165662	0.0131417	-0.711656
15	28	0.375	0.7	0.0502021	-0.0227454	-1.9453
15	29	0.375	0.725	0.219756	-0.0139074	-0.226371
15	30	0.375	0.75	0.177146	-0.0314931	-2.20908
15	31	0.375	0.775	0.239032	-0.0453973	-0.158382
15	32	0.375	0.8	0.369857	-0.0494027	-2.11263
15	33	0.375	0.825	0.275953	-0.0716351	-0.305462
15	34	0.375	0.85	0.56243	-0.0751256	-1.95991
15	35	0.375	0.875	0.406434	-0.0949197	-0.427648
15	36	0.375	0.9	0.70879	-0.0959632	-1.83799
15	37	0.375	0.925	0.639393	-0.11945	-0.664138
15	38	0.375	0.95	0.832471	-0.106473	-1.50647
15	39	0.375	0.975	0.888264	-0.14345	-1.23927
15	40	0.375	1	1	0	0
16	0	0.4	0	0	0	-0.993881
16	1	0.4	0.025	-0.0123961	-0.000689719	-0.993881
16	2	0.4	0.05	-0.019277	0.00176218	-0.953139
16	3	0.4	0.075	-0.0239992	0.000756529	-1.03876
16	4	0.4	0.1	-0.0248781	0.00208973	-0.915435
16	5	0.4	0.125	-0.0254953	0.00585008	-1.01853
16	6	0.4	0.15	-0.0269318	0.00201117	-0.987442
16	7	0.4	0.175	-0.0238808	0.0103685	-0.882843
16	8	0.4	0.2	-0.0286665	0.00549628	-1.13284
16	9	0.4	0.225	-0.024183	0.0100275	-0.761884
16	10	0.4	0.25	-0.0281945	0.0141647	-1.15132
16	11	0.4	0.275	-0.028872	0.00605795	-0.86896
16	12	0.4	0.3	-0.0242492	0.0227069	-0.89205
16	13	0.4	0.325	-0.0352361	0.00620385	-1.2187
16	14	0.4	0.35	-0.0205849	0.0222462	-0.521259
16	15	0.4	0.375	-0.0351889	0.0168707	-1.47079
16	16	0.4	0.4	-0.0234702	0.0107033	-0.482496
16	17	0.4	0.425	-0.0219362	0.0329167	-1.19688
16	18	0.4	0.45	-0.0327453	-0.00106654	-1.04533
16	19	0.4	0.475	0.000608511	0.0383125	-0.411497
16	20	0.4	0.5	-0.03493	0.00251382	-1.85502
16	21	0.4	0.525	0.0177902	0.0210466	0.224467
16	22	0.4	0.55	-0.0094053	0.0238128	-2.07066
16	23	0.4	0.575	0.0181698	-0.0116665	-0.0936328
16	24	0.4	0.6	0.0515072	0.0434853	-1.15221
16	25	0.4	0.625	0.0115321	-0.0350054	-1.45628
16	26	0.4	0.65	0.129113	0.0346731	0.425067
16	27	0.4	0.675	0.0348863	-0.0283565	-2.87573
16	28	0.4	0.7	0.191184	-0.0109254	1.35191
16	29	0.4	0.725	0.129897	-0.00034076	-2.99766
16	30	0.4	0.75	0.220187	-0.0690362	0.607655
16	31	0.4	0.775	0.300428	0.0118367	-1.45936
16	32	0.4	0.8	0.239322	-0.0978395	-1.36689
16	33	0.4	0.825	0.499596	-0.0213244	0.474969
16	34	0.4	0.85	0.316568	-0.0814028	-2.79931
16	35	0.4	0.875	0.668504	-0.0828882	1.03951
16	36	0.4	0.9	0.505654	-0.0574763	-2.47385
16	37	0.4	0.925	0.788947	-0.119314	0.0249845
16	38	0.4	0.95	0.765401	-0.0690113	-1.29892
16	39	0.4	0.975	0.911532	-0.118819	-1.02522
16	40	0.4	1	1	0	0
17	0	0.425	0	0	0	-0.706337
17	1	0.425	0.025	-0.0128651	0.00107923	-0.706337
17	2	0.425	0.05	-0.0206013	-0.000803428	-0.746383
17	3	0.425	0.075	-0.0250481	0.00160514	-0.648043
17	4	0.425	0.1	-0.02621	0.00271885	-0.769806
17	5	0.425	0.125	-0.0281963	0.000345827	-0.672921
17	6	0.425	0.15	-0.0265312	0.0076902	-0.666517
17	7	0.425	0.175	-0.0286056	0.00110301	-0.821804
17	8	0.425	0.2	-0.0273703	0.00859338	-0.499037
17	9	0.425	0.225	-0.0279374	0.00783697	-0.925359
17	10	0.425	0.25	-0.0303425	0.00372873	-0.506937
17	11	0.425	0.275	-0.0266883	0.0177808	-0.744951
17	12	0.425	0.3	-0.0333696	-0.000214643	-0.835826
17	13	0.425	0.325	-0.0265996	0.0209108	-0.312057
17	14	0.425	0.35	-0.0322417	0.00677142	-1.23343
17	15	0.425	0.375	-0.029439	0.0100723	-0.0753161
17	16	0.425	0.4	-0.0241573	0.024881	-1.15072
17	17	0.425	0.425	-0.0331666	-0.0071793	-0.523569
17	18	0.425	0.45	-0.011577	0.0379979	-0.339562
17	19	0.425	0.475	-0.029685	-0.0107342	-1.52382
17	20	0.425	0.5	-0.00136199	0.0261949	0.628772
17	21	0.425	0.525	-0.00827693	0.0117624	-2.13197
17	22	0.425	0.55	0.00294428	-0.0115024	0.646976
17	23	0.425	0.575	0.0347347	0.0451004	-1.35746
17	24	0.425	0.6	0.00949271	-0.0478388	-0.855598
17	25	0.425	0.625	0.088968	0.0528849	0.683066
17	26	0.425	0.65	0.0395388	-0.0468656	-2.99939
17	27	0.425	0.675	0.138199	0.00992748	2.4411
17	28	0.425	0.7	0.11686	-0.00149779	-3.8242
17	29	0.425	0.725	0.176859	-0.0679391	2.03229
17	30	0.425	0.75	0.246649	0.0478018	-2.01153
17	31	0.425	0.775	0.217479	-0.124561	-0.912508
17	32	0.425	0.8	0.40657	0.0427508	1.50822
17	33	0.425	0.825	0.291716	-0.108331	-4.29805
17	34	0.425	0.85	0.566708	-0.0321733	3.89656
17	35	0.425	0.875	0.437907	-0.0377741	-5.17323
17	36	0.425	0.9	0.709185	-0.116757	3.07819
17	37	0.425	0.925	0.657407	-0.000691355	-3.07261
17	38	0.425	0.95	0.839297	-0.125791	0.427853
17	39	0.425	0.975	0.891237	-0.0509013	-0.997257
17	40	0.425	1	1	0	0
18	0	0.45	0	0	0	-0.444599
18	1	0.45	0.025	-0.0131812	-0.000777659	-0.444599
18	2	0.45	0.05	-0.0218745	0.00116312	-0.405508
18	3	0.45	0.075	-0.0248822	0.000391357	-0.483723
18	4	0.45	0.1	-0.029057	0.000114893	-0.387824
18	5	0.45	0.125	-0.0274252	0.00433096	-0.440533
18	6	0.45	0.15	-0.029439	-0.000856543	-0.48391
18	7	0.45	0.175	-0.0293903	0.0064069	-0.297562
18	8	0.45	0.2	-0.0273825	0.00261504	-0.612589
18	9	0.45	0.225	-0.0326786	0.00305837	-0.228014
18	10	0.45	0.25	-0.0262817	0.0108144	-0.550184
18	11	0.45	0.275	-0.0341233	-0.00237709	-0.432402
18	12	0.45	0.3	-0.0290868	0.0163093	-0.205556
18	13	0.45	0.325	-0.0302626	-0.00046952	-0.82098
18	14	0.45	0.35	-0.0353283	0.00997589	0.125219
18	15	0.45	0.375	-0.0221559	0.0136153	-0.930486
18	16	0.45	0.4	-0.0386687	-0.00653411	-0.073741
18	17	0.45	0.425	-0.0157512	0.0294908	-0.355683
18	18	0.45	0.45	-0.0298473	-0.0162936	-0.92877
18	19	0.45	0.475	-0.01597	0.026593	0.626212
18	20	0.45	0.5	-0.00434865	-0.00164605	-1.73557
18	21	0.45	0.525	-0.018245	-0.00445601	1.00273
18	22	0.45	0.55	0.0317473	0.0322847	-1.3969
18	23	0.45	0.575	-0.00621863	-0.0444978	-0.0995536
18	24	0.45	0.6	0.0644096	0.0528838	0.413334
18	25	0.45	0.625	0.0387248	-0.0553334	-2.27281
18	26	0.45	0.65	0.0856599	0.0264594	2.50758
18	27	0.45	0.675	0.122229	-0.0161664	-3.69234
18	28	0.45	0.7	0.109743	-0.0463217	2.83489
18	29	0.45	0.725	0.228998	0.0467439	-2.5433
18	30	0.45	0.75	0.168303	-0.118618	0.271064
18	31	0.45	0.775	0.334132	0.0739431	1.10901
18	32	0.45	0.8	0.281189	-0.127499	-3.87067
18	33	0.45	0.825	0.434177	0.0247504	4.82462
18	34	0.45	0.85	0.439273	-0.0566519	-6.39547
18	35	0.45	0.875	0.558475	-0.0736931	5.54797
18	36	0.45	0.9	0.619427	0.025768	-5.1914
18	37	0.45	0.925	0.723176	-0.130424	2.79072
18	38	0.45	0.95	0.806298	0.0269223	-1.90117
18	39	0.45	0.975	0.903407	-0.0918957	-0.168702
18	40	0.45	1	1	0	0
19	0	0.475	0	0	0	-0.158067
19	1	0.475	0.025	-0.0137823	0.000463313	-0.158067
19	2	0.475	0.05	-0.0210934	-0.000379638	-0.17958
19	3	0.475	0.075	-0.0277941	2.82248e-05	-0.13562
19	4	0.475	0.1	-0.0269323	0.00157326	-0.172626
19	5	0.475	0.125	-0.0305592	-0.00111636	-0.175627
19	6	0.475	0.15	-0.0296621	0.00329321	-0.0922469
19	7	0.475	0.175	-0.0279323	-5.1786e-07	-0.262813
19	8	0.475	0.2	-0.0337856	0.00164851	-0.0231156
19	9	0.475	0.225	-0.0253167	0.00477599	-0.258086
19	10	0.475	0.25	-0.0359597	-0.00252912	-0.117498
19	11	0.475	0.275	-0.0281413	0.00928219	-0.0542962
19	12	0.475	0.3	-0.031224	-0.00314938	-0.377572
19	13	0.475	0.325	-0.0371886	0.00648088	0.2073
19	14	0.475	0.35	-0.0210695	0.0050325	-0.519869
19	15	0.475	0.375	-0.0441752	-0.00505747	0.158548
19	16	0.475	0.4	-0.0149329	0.017248	-0.196037
19	17	0.475	0.425	-0.0358599	-0.0148284	-0.399003
19	18	0.475	0.45	-0.0210496	0.0184946	0.522505
19	19	0.475	0.475	-0.00682515	-0.00763032	-1.06195
19	20	0.475	0.5	-0.0333446	-0.00212948	0.939946
19	21	0.475	0.525	0.0312074	0.0175719	-0.975031
19	22	0.475	0.55	-0.0279135	-0.0342417	0.271132
19	23	0.475	0.575	0.0557533	0.0379667	0.30402
19	24	0.475	0.6	0.0214144	-0.0475607	-1.38179
19	25	0.475	0.625	0.0546992	0.023739	2.02367
19	26	0.475	0.65	0.117007	-0.020175	-2.67438
19	27	0.475	0.675	0.0494481	-0.0303738	2.54204
19	28	0.475	0.7	0.226372	0.0321618	-2.03501
19	29	0.475	0.725	0.0951552	-0.0903307	0.748579
19	30	0.475	0.75	0.303198	0.0639338	0.752115
19	31	0.475	0.775	0.234952	-0.10639	-2.6173
19	32	0.475	0.8	0.335088	0.0405165	4.05087
19	33	0.475	0.825	0.443385	-0.0597266	-5.25057
19	34	0.475	0.85	0.383824	-0.0281815	5.50583
19	35	0.475	0.875	0.641414	0.0141008	-5.21885
19	36	0.475	0.9	0.536238	-0.0884266	4.01759
19	37	0.475	0.925	0.782846	0.0493609	-2.78791
19	38	0.475	0.95	0.775599	-0.0832764	1.11496
19	39	0.475	0.975	0.911705	0.00844207	-0.507732
19	40	0.475	1	1	0	0
20	0	0.5	0	0	0	0.112055
20	1	0.5	0.025	-0.0134272	-8.5109e-05	0.112055
20	2	0.5	0.05	-0.022978	-0.000389114	0.114625
20	3	0.5	0.075	-0.0251809	0.000392139	0.120987
20	4	0.5	0.1	-0.0304264	-0.00111221	0.0925127
20	5	0.5	0.125	-0.0288694	0.000588337	0.158686
20	6	0.5	0.15	-0.0292064	-0.000647943	0.0581166
20	7	0.5	0.175	-0.0330059	-0.000917586	0.179037
20	8	0.5	0.2	-0.0255252	0.00149218	0.0815421
20	9	0.5	0.225	-0.0364916	-0.00340034	0.110773
20	10	0.5	0.25	-0.0263219	0.00300604	0.20473
20	11	0.5	0.275	-0.0334526	-0.00352702	-0.0284815
20	12	0.5	0.3	-0.035067	0.000216411	0.333012
20	13	0.5	0.325	-0.0230955	0.00123029	-0.0711132
20	14	0.5	0.35	-0.0452898	-0.00716079	0.260737
20	15	0.5	0.375	-0.0147834	0.00760923	0.1664
20	16	0.5	0.4	-0.0420569	-0.0125738	-0.0987084
20	17	0.5	0.425	-0.0202152	0.0065028	0.605352
20	18	0.5	0.45	-0.0157518	-0.00685657	-0.465289
20	19	0.5	0.475	-0.0374122	-0.00842772	0.790393
20	20	0.5	0.5	0.0236195	0.00999441	-0.293788
20	21	0.5	0.525	-0.0423412	-0.0294329	0.237355
20	22	0.5	0.55	0.0498016	0.021733	0.653882
20	23	0.5	0.575	-0.00253138	-0.034793	-0.900537
20	24	0.5	0.6	0.0432412	0.0071929	1.75893
20	25	0.5	0.625	0.0915518	-0.00965831	-1.58494
20	26	0.5	0.65	0.0185509	-0.0346743	1.79843
20	27	0.5	0.675	0.206973	0.029454	-0.726339
20	28	0.5	0.7	0.0350674	-0.0718171	0.148098
20	29	0.5	0.725	0.285626	0.043216	1.49076
20	30	0.5	0.75	0.160728	-0.0653236	-2.19218
20	31	0.5	0.775	0.290657	0.0125566	3.4436
20	32	0.5	0.8	0.394795	-0.0181373	-3.34375
20	33	0.5	0.825	0.265155	-0.0330813	3.64218
20	34	0.5	0.85	0.64226	0.0242175	-2.63638
20	35	0.5	0.875	0.340368	-0.0474738	2.32494
20	36	0.5	0.9	0.800556	0.0323516	-1.20163
20	37	0.5	0.925	0.5875	-0.0285199	0.898066
20	38	0.5	0.95	0.875813	0.0193507	-0.239416
20	39	0.5	0.975	0.880533	-0.00594838	0.148011
20	40	0.5	1	1	0	0
21	0	0.525	0	0	0	0.386768
21	1	0.525	0.025	-0.0138676	-0.000620919	0.386768
21	2	0.525	0.05	-0.0212006	0.000487392	0.405594
21	3	0.525	0.075	-0.0277895	-0.00148666	0.352041
21	4	0.525	0.1	-0.0276368	-0.000521633	0.442533
21	5	0.525	0.125	-0.0297753	-0.00088841	0.332448
21	6	0.525	0.15	-0.031238	-0.00327312	0.429393
21	7	0.525	0.175	-0.0267068	0.000443228	0.39436
21	8	0.525	0.2	-0.0349131	-0.00563884	0.328622
21	9	0.525	0.225	-0.025672	-0.000394858	0.522446
21	10	0.525	0.25	-0.0342597	-0.00458144	0.221324
21	11	0.525	0.275	-0.0317889	-0.00548942	0.576734
21	12	0.525	0.3	-0.0264286	7.10365e-06	0.277865
21	13	0.525	0.325	-0.0420145	-0.0123815	0.405486
21	14	0.525	0.35	-0.0177063	0.00297819	0.574015
21	15	0.525	0.375	-0.0436158	-0.0141717	0.0592499
21	16	0.525	0.4	-0.0197459	-0.00279991	0.906867
21	17	0.525	0.425	-0.0247676	-0.00560849	-0.117556
21	18	0.525	0.45	-0.0349289	-0.0185391	0.852584
21	19	0.525	0.475	0.00972418	0.00873756	0.279614
21	20	0.525	0.5	-0.0448717	-0.0335703	0.152371
21	21	0.525	0.525	0.0368135	0.012998	1.23195
21	22	0.525	0.55	-0.0184506	-0.0294632	-0.813494
21	23	0.525	0.575	0.0350252	-0.00838601	1.98852
21	24	0.525	0.6	0.059447	0.00203223	-1.00365
21	25	0.525	0.625	0.010731	-0.050353	1.44768
21	26	0.525	0.65	0.164807	0.0393432	0.428343
21	27	0.525	0.675	0.0111258	-0.0761683	-0.673241
21	28	0.525	0.7	0.24624	0.0390968	2.8734
21	29	0.525	0.725	0.103183	-0.0433619	-2.83222
21	30	0.525	0.75	0.261871	-0.0178458	4.11698
21	31	0.525	0.775	0.310716	0.0356214	-2.61857
21	32	0.525	0.8	0.221838	-0.0820957	2.38277
21	33	0.525	0.825	0.568038	0.0811957	0.288239
21	34	0.525	0.85	0.228023	-0.0672185	-0.954169
21	35	0.525	0.875	0.768558	0.0423684	2.89776
21	36	0.525	0.9	0.408805	0.0236286	-2.25721
21	37	0.525	0.925	0.860515	-0.0179449	2.43951
21	38	0.525	0.95	0.727389	0.0697113	-0.731141
21	39	0.525	0.975	0.92515	0.00147443	0.590813
21	40	0.525	1	1	0	0
22	0	0.55	0	0	0	0.66985
22	1	0.55	0.025	-0.0132594	0.000632246	0.66985
22	2	0.55	0.05	-0.0221172	-0.00176119	0.633045
22	3	0.55	0.075	-0.0254699	-0.000145517	0.720766
22	4	0.55	0.1	-0.0285254	-0.00153598	0.591862
22	5	0.55	0.125	-0.0295135	-0.00403351	0.719102
22	6	0.55	0.15	-0.0274861	-3.89434e-05	0.655356
22	7	0.55	0.175	-0.0322426	-0.00786377	0.595788
22	8	0.55	0.2	-0.0261431	-0.00131399	0.816703
22	9	0.55	0.225	-0.0326627	-0.00716526	0.452353
22	10	0.55	0.25	-0.0296779	-0.00825508	0.889929
22	11	0.55	0.275	-0.0281313	-0.00178262	0.516708
22	12	0.55	0.3	-0.0373905	-0.0172788	0.67555
22	13	0.55	0.325	-0.0218004	0.00122611	0.880078
22	14	0.55	0.35	-0.0404989	-0.019205	0.254863
22	15	0.55	0.375	-0.0222297	-0.00688269	1.26381
22	16	0.55	0.4	-0.0287447	-0.00842007	0.0733495
22	17	0.55	0.425	-0.0328041	-0.025856	1.1516
22	18	0.55	0.45	-0.00340175	0.00766103	0.582548
22	19	0.55	0.475	-0.0409938	-0.0414019	0.307288
22	20	0.55	0.5	0.0185925	0.0103457	1.66856
22	21	0.55	0.525	-0.0223046	-0.0336645	-0.743586
22	22	0.55	0.55	0.0198403	-0.0152326	2.42741
22	23	0.55	0.575	0.0369717	0.00342268	-0.836059
22	24	0.55	0.6	0.00526377	-0.0613201	1.6839
22	25	0.55	0.625	0.118852	0.0460583	0.897251
22	26	0.55	0.65	0.0108832	-0.0891494	-0.830526
22	27	0.55	0.675	0.184167	0.0477834	3.79658
22	28	0.55	0.7	0.085069	-0.049959	-3.42834
22	29	0.55	0.725	0.207207	-0.0208435	5.33806
22	30	0.55	0.75	0.246096	0.0560738	-3.11627
22	31	0.55	0.775	0.197834	-0.11886	2.8915
22	32	0.55	0.8	0.453461	0.140792	1.31203
22	33	0.55	0.825	0.210454	-0.130401	-2.76338
22	34	0.55	0.85	0.641305	0.104275	6.56069
22	35	0.55	0.875	0.333596	0.00451706	-6.38504
22	36	0.55	0.9	0.773269	-0.0221181	7.24922
22	37	0.55	0.925	0.594453	0.145332	-4.16293
22	38	0.55	0.95	0.862685	-0.0617779	3.0368
22	39	0.55	0.975	0.880201	0.119817	0.032752
22	40	0.55	1	1	0	0
23	0	0.575	0	0	0	0.932644
23	1	0.575	0.025	-0.0130864	-0.00128258	0.932644
23	2	0.575	0.05	-0.0209132	0.000587994	0.974848
23	3	0.575	0.075	-0.0251766	-0.00217214	0.872334
23	4	0.575	0.1	-0.0277642	-0.00311812	1.00634
23	5	0.575	0.125	-0.0268269	-0.000944663	0.895737
23	6	0.575	0.15	-0.0298151	-0.00850687	0.907812
23	7	0.575	0.175	-0.0263777	-0.00150919	1.05502
23	8	0.575	0.2	-0.0297308	-0.00990691	0.732865
23	9	0.575	0.225	-0.0288075	-0.00834039	1.18322
23	10	0.575	0.25	-0.027082	-0.00517657	0.729599
23	11	0.575	0.275	-0.0339443	-0.019256	1.02282
23	12	0.575	0.3	-0.0239848	-0.000898317	1.07017
23	13	0.575	0.325	-0.0358775	-0.0241565	0.576673
23	14	0.575	0.35	-0.0256899	-0.00783602	1.52344
23	15	0.575	0.375	-0.0277118	-0.0147784	0.293158
23	16	0.575	0.4	-0.0336654	-0.0279619	1.51567
23	17	0.575	0.425	-0.0106311	0.00264014	0.720768
23	18	0.575	0.45	-0.0380124	-0.0465243	0.704769
23	19	0.575	0.475	0.00285931	0.0077434	1.82878
23	20	0.575	0.5	-0.02063	-0.0413103	-0.423338
23	21	0.575	0.525	0.000848621	-0.0162613	2.70526
23	22	0.575	0.55	0.0269914	-0.00498305	-0.663001
23	23	0.575	0.575	-0.00846138	-0.0621725	2.11952
23	24	0.575	0.6	0.0868477	0.03979	0.923257
23	25	0.575	0.625	0.00854675	-0.0933187	-0.295417
23	26	0.575	0.65	0.125205	0.0495697	3.83945
23	27	0.575	0.675	0.0867124	-0.063175	-3.08933
23	28	0.575	0.7	0.131307	-0.00799024	5.81499
23	29	0.575	0.725	0.222835	0.0397892	-3.39576
23	30	0.575	0.75	0.141024	-0.111996	4.01604
23	31	0.575	0.775	0.367474	0.151598	0.719174
23	32	0.575	0.8	0.20823	-0.163915	-2.01329
23	33	0.575	0.825	0.477976	0.162377	7.32823
23	34	0.575	0.85	0.3564	-0.0594926	-7.93679
23	35	0.575	0.875	0.578985	0.0365855	10.7179
23	36	0.575	0.9	0.566012	0.139986	-7.84842
23	37	0.575	0.925	0.720097	-0.0835249	7.16488
23	38	0.575	0.95	0.789333	0.207545	-2.29859
23	39	0.575	0.975	0.897545	-0.00153068	1.64437
23	40	0.575	1	1	0	0
24	0	0.6	0	0	0	1.22128
24	1	0.6	0.025	-0.0125749	0.000594804	1.22128
24	2	0.6	0.05	-0.0197109	-0.0020042	1.17711
24	3	0.6	0.075	-0.0248513	-0.00157967	1.26595
24	4	0.6	0.1	-0.0246609	-0.00193694	1.15672
24	5	0.6	0.125	-0.0279041	-0.00729703	1.22049
24	6	0.6	0.15	-0.025363	-0.00215075	1.26709
24	7	0.6	0.175	-0.0270091	-0.0110834	1.06365
24	8	0.6	0.2	-0.0278115	-0.00755951	1.41646
24	9	0.6	0.225	-0.0243789	-0.00886103	0.992583
24	10	0.6	0.25	-0.0318192	-0.0184162	1.35226
24	11	0.6	0.275	-0.0230934	-0.00461114	1.23034
24	12	0.6	0.3	-0.0323606	-0.0262755	0.978272
24	13	0.6	0.325	-0.0270081	-0.00894841	1.66765
24	14	0.6	0.35	-0.0249264	-0.0211745	0.634016
24	15	0.6	0.375	-0.0353841	-0.026929	1.78911
24	16	0.6	0.4	-0.0123496	-0.00562376	0.883488
24	17	0.6	0.425	-0.0382089	-0.0468927	1.16318
24	18	0.6	0.45	-0.00571446	0.00169504	1.83944
24	19	0.6	0.475	-0.0206667	-0.0464476	0.114685
24	20	0.6	0.5	-0.0135922	-0.0176016	2.72989
24	21	0.6	0.525	0.0216449	-0.015849	-0.250429
24	22	0.6	0.55	-0.0251759	-0.0585054	2.37702
24	23	0.6	0.575	0.0692126	0.0246518	0.99818
24	24	0.6	0.6	-0.00565119	-0.0871168	0.38233
24	25	0.6	0.625	0.0880174	0.0363063	3.47185
24	26	0.6	0.65	0.0781995	-0.0639395	-2.03344
24	27	0.6	0.675	0.0682127	-0.00603427	5.28613
24	28	0.6	0.7	0.213309	0.0187298	-2.55351
24	29	0.6	0.725	0.0619617	-0.0861304	4.18337
24	30	0.6	0.75	0.330024	0.117508	0.432899
24	31	0.6	0.775	0.157204	-0.13809	-0.492717
24	32	0.6	0.8	0.36561	0.157278	6.00647
24	33	0.6	0.825	0.37329	-0.081213	-6.14375
24	34	0.6	0.85	0.364053	0.0891344	10.3311
24	35	0.6	0.875	0.615636	0.0837198	-8.06625
24	36	0.6	0.9	0.472319	-0.0296457	9.26974
24	37	0.6	0.925	0.785638	0.2163	-4.35355
24	38	0.6	0.95	0.732392	-0.0386796	3.84294
24	39	0.6	0.975	0.910857	0.181726	0.524735
24	40	0.6	1	1	0	0
25	0	0.625	0	0	0	1.48203
25	1	0.625	0.025	-0.0116315	-0.0010649	1.48203
25	2	0.625	0.05	-0.0195074	-0.000491249	1.50933
25	3	0.625	0.075	-0.0213057	-0.00214326	1.44772
25	4	0.625	0.1	-0.0256521	-0.00519904	1.50262
25	5	0.625	0.125	-0.0231747	-0.00301377	1.49829
25	6	0.625	0.15	-0.0250247	-0.0102358	1.39958
25	7	0.625	0.175	-0.0256586	-0.00724834	1.61646
25	8	0.625	0.2	-0.0217104	-0.0110176	1.31236
25	9	0.625	0.225	-0.0296219	-0.0165599	1.61674
25	10	0.625	0.25	-0.0202724	-0.00872908	1.44207
25	11	0.625	0.275	-0.0300962	-0.0254792	1.36263
25	12	0.625	0.3	-0.0250792	-0.0115804	1.78071
25	13	0.625	0.325	-0.0229646	-0.0248291	1.05353
25	14	0.625	0.35	-0.0348625	-0.0259258	1.95103
25	15	0.625	0.375	-0.0119678	-0.0138006	1.1618
25	16	0.625	0.4	-0.0390983	-0.0444981	1.53157
25	17	0.625	0.425	-0.0083105	-0.00684212	1.88575
25	18	0.625	0.45	-0.0237841	-0.0476829	0.683934
25	19	0.625	0.475	-0.0197165	-0.0218134	2.65216
25	20	0.625	0.5	0.0141259	-0.0240176	0.324247
25	21	0.625	0.525	-0.035589	-0.056573	2.42231
25	22	0.625	0.55	0.0558268	0.00952685	1.31103
25	23	0.625	0.575	-0.0227451	-0.0797694	0.818786
25	24	0.625	0.6	0.0685334	0.016662	3.28236
25	25	0.625	0.625	0.0531894	-0.0555425	-1.01405
25	26	0.625	0.65	0.0369076	-0.0215711	4.51365
25	27	0.625	0.675	0.184922	0.0143941	-1.09961
25	28	0.625	0.7	0.00473784	-0.0784816	3.30971
25	29	0.625	0.725	0.302872	0.0828646	1.42331
25	30	0.625	0.75	0.0766703	-0.0953275	-0.178384
25	31	0.625	0.775	0.320105	0.101218	5.19497
25	32	0.625	0.8	0.314713	-0.0355725	-3.64735
25	33	0.625	0.825	0.236766	0.0645816	7.63183
25	34	0.625	0.85	0.622584	0.0736292	-4.5989
25	35	0.625	0.875	0.227893	0.0178367	7.00206
25	36	0.625	0.9	0.828444	0.163282	-2.65154
25	37	0.625	0.925	0.476787	0.0213064	4.00647
25	38	0.625	0.95	0.892434	0.175601	0.18835
25	39	0.625	0.975	0.849629	0.102308	1.65602
25	40	0.625	1	1	0	0
26	0	0.65	0	0	0	1.76351
26	1	0.65	0.025	-0.0111555	-0.000216626	1.76351
26	2	0.65	0.05	-0.0165896	-0.00132372	1.74651
26	3	0.65	0.075	-0.0219734	-0.00331335	1.7609
26	4	0.65	0.1	-0.020414	-0.00318295	1.76371
26	5	0.65	0.125	-0.0231409	-0.00822568	1.70446
26	6	0.65	0.15	-0.022496	-0.00731833	1.83115
26	7	0.65	0.175	-0.0197854	-0.0110217	1.64463
26	8	0.65	0.2	-0.0262792	-0.0151386	1.8391
26	9	0.65	0.225	-0.0173079	-0.0114301	1.71754
26	10	0.65	0.25	-0.0276713	-0.0234521	1.6782
26	11	0.65	0.275	-0.0211179	-0.0147428	1.94497
26	12	0.65	0.3	-0.0219341	-0.0254805	1.45828
26	13	0.65	0.325	-0.0311332	-0.0263295	2.07959
26	14	0.65	0.35	-0.0119569	-0.0193088	1.51804
26	15	0.65	0.375	-0.0376329	-0.0420842	1.79126
26	16	0.65	0.4	-0.00863059	-0.0149436	2.04659
26	17	0.65	0.425	-0.0269043	-0.0468126	1.15404
26	18	0.65	0.45	-0.0199334	-0.0274922	2.63824
26	19	0.65	0.475	0.00448348	-0.0291675	0.879298
26	20	0.65	0.5	-0.0371335	-0.0573001	2.43293
26	21	0.65	0.525	0.0402899	-0.00179211	1.72283
26	22	0.65	0.55	-0.0318716	-0.0771418	1.06783
26	23	0.65	0.575	0.0527159	0.00131565	3.38238
26	24	0.65	0.6	0.0263981	-0.0512199	-0.39213
26	25	0.65	0.625	0.0263546	-0.0398911	4.17961
26	26	0.65	0.65	0.13737	0.018203	-0.00059346
26	27	0.65	0.675	-0.0116731	-0.0931391	2.49003
26	28	0.65	0.7	0.250048	0.0728122	2.8608
26	29	0.65	0.725	0.0233265	-0.0843681	-0.964583
26	30	0.65	0.75	0.286216	0.0546772	5.97815
26	31	0.65	0.775	0.215752	0.0172208	-2.88702
26	32	0.65	0.8	0.20546	-0.0136062	6.05616
26	33	0.65	0.825	0.525744	0.13185	-1.00847
26	34	0.65	0.85	0.111999	-0.0255911	2.76117
26	35	0.65	0.875	0.791134	0.156856	2.47213
26	36	0.65	0.9	0.245713	0.0725569	-0.0553304
26	37	0.65	0.925	0.894891	0.112714	3.44921
26	38	0.65	0.95	0.640078	0.166462	0.382111
26	39	0.65	0.975	0.926068	0.132931	2.07007
26	40	0.65	1	1	0	0
27	0	0.675	0	0	0	2.03149
27	1	0.675	0.025	-0.00971234	-0.000370807	2.03149
27	2	0.675	0.05	-0.016352	-0.00200302	2.02177
27	3	0.675	0.075	-0.0172516	-0.00224021	2.04397
27	4	0.675	0.1	-0.0204376	-0.00616203	1.98034
27	5	0.675	0.125	-0.0191227	-0.00685979	2.08056
27	6	0.675	0.15	-0.0181345	-0.00961775	1.94965
27	7	0.675	0.175	-0.0219498	-0.0142071	2.06803
27	8	0.675	0.2	-0.0150347	-0.0119694	2.01477
27	9	0.675	0.225	-0.0239895	-0.0216784	1.94359
27	10	0.675	0.25	-0.0169541	-0.0167139	2.17624
27	11	0.675	0.275	-0.020458	-0.024597	1.79655
27	12	0.675	0.3	-0.0254666	-0.0273608	2.25223
27	13	0.675	0.325	-0.0123628	-0.0217911	1.86794
27	14	0.675	0.35	-0.033065	-0.0407976	2.01186
27	15	0.675	0.375	-0.00896229	-0.0205392	2.28523
27	16	0.675	0.4	-0.0271451	-0.0457651	1.52005
27	17	0.675	0.425	-0.0182942	-0.0323143	2.7362
27	18	0.675	0.45	-0.00350222	-0.0329053	1.32676
27	19	0.675	0.475	-0.0337206	-0.0583516	2.53787
27	20	0.675	0.5	0.0243922	-0.0107886	2.06167
27	21	0.675	0.525	-0.0318481	-0.0773169	1.34806
27	22	0.675	0.55	0.0342566	-0.0082003	3.53271
27	23	0.675	0.575	0.0107318	-0.0555891	0.0322429
27	24	0.675	0.6	0.0167515	-0.0481757	4.25044
27	25	0.675	0.625	0.0925616	0.0124641	0.463361
27	26	0.675	0.65	-0.00718873	-0.10698	2.46844
27	27	0.675	0.675	0.178469	0.0724487	3.55752
27	28	0.675	0.7	0.0165249	-0.104247	-1.38348
27	29	0.675	0.725	0.220288	0.0472122	7.13209
27	30	0.675	0.75	0.148253	0.019383	-3.4959
27	31	0.675	0.775	0.188677	-0.0641153	6.76068
27	32	0.675	0.8	0.384579	0.185274	-0.110907
27	33	0.675	0.825	0.118842	-0.122859	0.802154
27	34	0.675	0.85	0.631257	0.222495	6.68266
27	35	0.675	0.875	0.165109	0.0192638	-5.2285
27	36	0.675	0.9	0.79468	0.0979587	9.50091
27	37	0.675	0.925	0.457991	0.241952	-4.26969
27	38	0.675	0.95	0.865674	0.0232511	5.23922
27	39	0.675	0.975	0.84363	0.27226	1.0234
27	40	0.675	1	1	0	0
28	0	0.7	0	0	0	2.29916
28	1	0.7	0.025	-0.00890786	-0.00111684	2.29916
28	2	0.7	0.05	-0.0131283	-0.000763447	2.31468
28	3	0.7	0.075	-0.0165169	-0.00447275	2.25291
28	4	0.7	0.1	-0.0159935	-0.00531773	2.34839
28	5	0.7	0.125	-0.0159654	-0.00790928	2.22505
28	6	0.7	0.15	-0.0175391	-0.012908	2.32752
28	7	0.7	0.175	-0.0131121	-0.0109686	2.29202
28	8	0.7	0.2	-0.0191937	-0.0203493	2.20655
28	9	0.7	0.225	-0.0134884	-0.0166863	2.43588
28	10	0.7	0.25	-0.0174967	-0.023604	2.08312
28	11	0.7	0.275	-0.0196479	-0.0274926	2.48575
28	12	0.7	0.3	-0.0119403	-0.0224319	2.16417
28	13	0.7	0.325	-0.0266986	-0.0400336	2.26052
28	14	0.7	0.35	-0.00923647	-0.0233241	2.53016
28	15	0.7	0.375	-0.0241682	-0.0451504	1.84373
28	16	0.7	0.4	-0.0166936	-0.0350609	2.90209
28	17	0.7	0.425	-0.00741198	-0.0360216	1.69105
28	18	0.7	0.45	-0.0296019	-0.0580851	2.73293
28	19	0.7	0.475	0.0126142	-0.0191484	2.30215
28	20	0.7	0.5	-0.0282632	-0.0762498	1.73979
28	21	0.7	0.525	0.0170748	-0.016289	3.56207
28	22	0.7	0.55	0.00549675	-0.0625581	0.553459
28	23	0.7	0.575	0.00189011	-0.0483537	4.32165
28	24	0.7	0.6	0.0650763	-0.00588123	0.717673
28	25	0.7	0.625	-0.00816342	-0.104458	2.9778
28	26	0.7	0.65	0.1179	0.0578107	3.36922
28	27	0.7	0.675	0.0273404	-0.120598	-0.64821
28	28	0.7	0.7	0.136359	0.0542022	7.18899
28	29	0.7	0.725	0.13207	-0.0205119	-3.53855
28	30	0.7	0.75	0.129017	-0.0544785	7.95243
28	31	0.7	0.775	0.286374	0.169366	-1.11426
28	32	0.7	0.8	0.134771	-0.170712	2.15949
28	33	0.7	0.825	0.437602	0.277762	6.97784
28	34	0.7	0.85	0.209705	-0.0915079	-6.75259
28	35	0.7	0.875	0.566641	0.170023	13.5793
28	36	0.7	0.9	0.413165	0.197747	-9.22346
28	37	0.7	0.925	0.702996	-0.0122852	10.9029
28	38	0.7	0.95	0.712944	0.360915	-2.66536
28	39	0.7	0.975	0.877965	0.0847773	3.48045
28	40	0.7	1	1	0	0
29	0	0.725	0	0	0	2.57414
29	1	0.725	0.025	-0.00735609	2.91823e-05	2.57414
29	2	0.725	0.05	-0.0115691	-0.0029189	2.53875
29	3	0.725	0.075	-0.0128121	-0.00307216	2.60929
29	4	0.725	0.1	-0.0129785	-0.00638528	2.49497
29	5	0.725	0.125	-0.0137008	-0.0106031	2.60464
29	6	0.725	0.15	-0.0108452	-0.00951026	2.54291
29	7	0.725	0.175	-0.0142217	-0.0187088	2.49386
29	8	0.725	0.2	-0.0104802	-0.0151522	2.68192
29	9	0.725	0.225	-0.0131994	-0.022823	2.36281
29	10	0.725	0.25	-0.0145619	-0.025912	2.74618
29	11	0.725	0.275	-0.00983417	-0.0225125	2.41786
29	12	0.725	0.3	-0.0201634	-0.0385573	2.55286
29	13	0.725	0.325	-0.00841575	-0.0241486	2.74252
29	14	0.725	0.35	-0.019362	-0.044507	2.17723
29	15	0.725	0.375	-0.0147729	-0.0356375	3.07994
29	16	0.725	0.4	-0.00768252	-0.0383242	2.02758
29	17	0.725	0.425	-0.0258693	-0.0564477	2.95886
29	18	0.725	0.45	0.00650214	-0.0263373	2.51226
29	19	0.725	0.475	-0.0253091	-0.0729522	2.16917
29	20	0.725	0.5	0.00650086	-0.0251794	3.52078
29	21	0.725	0.525	0.00301383	-0.0655513	1.20284
29	22	0.725	0.55	-0.0112588	-0.049042	4.20106
29	23	0.725	0.575	0.0511302	-0.0257035	1.17846
29	24	0.725	0.6	-0.0196048	-0.091999	3.37709
29	25	0.725	0.625	0.0836226	0.0266173	3.01994
29	26	0.725	0.65	0.0240726	-0.114096	0.67918
29	27	0.725	0.675	0.0730595	0.0417794	6.15761
29	28	0.725	0.7	0.130073	-0.0548544	-2.13967
29	29	0.725	0.725	0.0477416	-0.0248009	7.75217
29	30	0.725	0.75	0.24878	0.099754	-1.4579
29	31	0.725	0.775	0.0877886	-0.137484	4.23483
29	32	0.725	0.8	0.31195	0.248639	4.76284
29	33	0.725	0.825	0.240674	-0.139736	-3.98511
29	34	0.725	0.85	0.328443	0.235162	12.6814
29	35	0.725	0.875	0.463625	0.0836939	-9.66665
29	36	0.725	0.9	0.423897	0.0573699	14.0642
29	37	0.725	0.925	0.68107	0.349798	-6.18145
29	38	0.725	0.95	0.679592	-0.00539054	6.89269
29	39	0.725	0.975	0.87766	0.356276	1.38738
29	40	0.725	1	1	0	0
30	0	0.75	0	0	0	2.83147
30	1	0.75	0.025	-0.0059548	-0.00147962	2.83147
30	2	0.75	0.05	-0.00898709	-0.00106951	2.85658
30	3	0.75	0.075	-0.00945833	-0.00482863	2.77842
30	4	0.75	0.1	-0.0103607	-0.00750699	2.87389
30	5	0.75	0.125	-0.00799144	-0.00815533	2.78929
30	6	0.75	0.15	-0.00984236	-0.016091	2.79625
30	7	0.75	0.175	-0.00731843	-0.0131478	2.90447
30	8	0.75	0.2	-0.00848946	-0.0216594	2.66375
30	9	0.75	0.225	-0.0100437	-0.0229606	2.99375
30	10	0.75	0.25	-0.00625985	-0.0224838	2.66806
30	11	0.75	0.275	-0.0142367	-0.0356175	2.86191
30	12	0.75	0.3	-0.00595888	-0.0240474	2.92927
30	13	0.75	0.325	-0.0141233	-0.0430355	2.53284
30	14	0.75	0.35	-0.011704	-0.0344687	3.24423
30	15	0.75	0.375	-0.00595793	-0.0395118	2.36695
30	16	0.75	0.4	-0.0215676	-0.0536824	3.18095
30	17	0.75	0.425	0.00437924	-0.0311309	2.7393
30	18	0.75	0.45	-0.0228096	-0.0688465	2.55786
30	19	0.75	0.475	0.0029033	-0.0328174	3.5307
30	20	0.75	0.5	-0.000796723	-0.0642142	1.82425
30	21	0.75	0.525	-0.0159274	-0.0533722	4.02514
30	22	0.75	0.55	0.0400285	-0.0372737	1.82947
30	23	0.75	0.575	-0.0298872	-0.0833393	3.43671
30	24	0.75	0.6	0.0669662	-0.0045409	3.08155
30	25	0.75	0.625	0.00497825	-0.0957474	1.68171
30	26	0.75	0.65	0.0457731	0.00733149	5.10069
30	27	0.75	0.675	0.107245	-0.0590425	-0.151875
30	28	0.75	0.7	-0.00556709	-0.0225292	6.28809
30	29	0.75	0.725	0.225023	0.037622	-0.0819542
30	30	0.75	0.75	0.00927282	-0.0823474	4.5982
30	31	0.75	0.775	0.264417	0.154866	3.363
30	32	0.75	0.8	0.182646	-0.0965329	-0.44029
30	33	0.75	0.825	0.196145	0.20454	8.9328
30	34	0.75	0.85	0.465479	0.0275245	-5.47574
30	35	0.75	0.875	0.165154	0.13113	11.911
30	36	0.75	0.9	0.700616	0.246609	-5.37998
30	37	0.75	0.925	0.387791	0.0502967	8.54333
30	38	0.75	0.95	0.824801	0.350222	-0.291491
30	39	0.75	0.975	0.803079	0.180167	3.42884
30	40	0.75	1	1	0	0
31	0	0.775	0	0	0	3.10511
31	1	0.775	0.025	-0.00443	-0.000222813	3.10511
31	2	0.775	0.05	-0.00584562	-0.00297475	3.07169
31	3	0.775	0.075	-0.00705956	-0.00442666	3.12545
31	4	0.775	0.1	-0.00488141	-0.00673678	3.05156
31	5	0.775	0.125	-0.00614706	-0.0125869	3.08902
31	6	0.775	0.15	-0.00378784	-0.0113134	3.12238
31	7	0.775	0.175	-0.00418029	-0.0194825	2.98047
31	8	0.775	0.2	-0.00557764	-0.0195808	3.21597
31	9	0.775	0.225	-0.00209885	-0.0219854	2.9419
31	10	0.775	0.25	-0.00881845	-0.0313769	3.15369
31	11	0.775	0.275	-0.00221297	-0.0235815	3.11982
31	12	0.775	0.3	-0.00904828	-0.0401657	2.89338
31	13	0.775	0.325	-0.00735315	-0.0321733	3.39803
31	14	0.775	0.35	-0.00338429	-0.0394391	2.71362
31	15	0.775	0.375	-0.01602	-0.0496363	3.39584
31	16	0.775	0.4	0.00412095	-0.0334169	2.98114
31	17	0.775	0.425	-0.0189207	-0.0646786	2.90305
31	18	0.775	0.45	0.0029747	-0.0366161	3.62571
31	19	0.775	0.475	-0.00424515	-0.0618498	2.31778
31	20	0.775	0.5	-0.0129459	-0.0573453	3.98126
31	21	0.775	0.525	0.0275017	-0.0409355	2.41499
31	22	0.775	0.55	-0.0299091	-0.0824934	3.39893
31	23	0.775	0.575	0.0529141	-0.0222583	3.47724
31	24	0.775	0.6	-0.0122191	-0.084481	2.09978
31	25	0.775	0.625	0.0391717	-0.0264324	4.75002
31	26	0.775	0.65	0.0667192	-0.0476343	1.23948
31	27	0.775	0.675	-0.0149812	-0.0505922	4.9599
31	28	0.775	0.7	0.177185	0.0144503	1.91165
31	29	0.775	0.725	-0.0375826	-0.0661122	3.45144
31	30	0.775	0.75	0.233045	0.0713336	4.07462
31	31	0.775	0.775	0.083403	-0.0357631	0.916588
31	32	0.775	0.8	0.166194	0.100978	6.42555
31	33	0.775	0.825	0.358767	0.0585865	-0.880441
31	34	0.775	0.85	0.0504974	0.103468	7.18195
31	35	0.775	0.875	0.640619	0.184048	-0.462152
31	36	0.775	0.9	0.137693	0.116979	5.54831
31	37	0.775	0.925	0.790717	0.270514	1.62734
31	38	0.775	0.95	0.543408	0.190832	3.18748
31	39	0.775	0.975	0.883663	0.306772	3.1661
31	40	0.775	1	1	0	0
32	0	0.8	0	0	0	3.35953
32	1	0.8	0.025	-0.00249136	-0.00132412	3.35953
32	2	0.8	0.05	-0.00366023	-0.00207043	3.37008
32	3	0.8	0.075	-0.00200872	-0.0049091	3.3295
32	4	0.8	0.1	-0.00279543	-0.00888599	3.35955
32	5	0.8	0.125	-0.000209971	-0.00958551	3.35663
32	6	0.8	0.15	-0.00047678	-0.0162915	3.29007
32	7	0.8	0.175	-0.000978928	-0.0164837	3.42791
32	8	0.8	0.2	0.0018565	-0.0204943	3.23766
32	9	0.8	0.225	-0.00353314	-0.026613	3.41474
32	10	0.8	0.25	0.00201043	-0.0226981	3.33696
32	11	0.8	0.275	-0.00411096	-0.0358788	3.2352
32	12	0.8	0.3	-0.00225053	-0.0293504	3.55703
32	13	0.8	0.325	-0.000319327	-0.037917	3.06159
32	14	0.8	0.35	-0.00958241	-0.0442664	3.60604
32	15	0.8	0.375	0.00484802	-0.0339557	3.22538
32	16	0.8	0.4	-0.0131129	-0.0596021	3.2373
32	17	0.8	0.425	0.00396513	-0.0365795	3.7562
32	18	0.8	0.45	-0.00450737	-0.0600579	2.72346
32	19	0.8	0.475	-0.00744847	-0.0564606	4.08759
32	20	0.8	0.5	0.0167416	-0.0424159	2.80318
32	21	0.8	0.525	-0.0215585	-0.0828997	3.53932
32	22	0.8	0.55	0.036605	-0.0276731	3.82107
32	23	0.8	0.575	-0.0157045	-0.0850055	2.31525
32	24	0.8	0.6	0.0327424	-0.0418361	4.93588
32	25	0.8	0.625	0.032388	-0.0443583	1.77053
32	26	0.8	0.65	-0.00318418	-0.0789788	4.63762
32	27	0.8	0.675	0.113548	0.0133318	3.09323
32	28	0.8	0.7	-0.0350236	-0.0900719	2.51029
32	29	0.8	0.725	0.174696	0.0371869	5.54911
32	30	0.8	0.75	0.0204996	-0.0253278	0.389388
32	31	0.8	0.775	0.153771	0.0132268	6.59541
32	32	0.8	0.8	0.212813	0.0994605	0.883869
32	33	0.8	0.825	0.0568371	0.000309537	4.45954
32	34	0.8	0.85	0.468356	0.197549	4.08147
32	35	0.8	0.875	0.0452204	0.0830795	0.898214
32	36	0.8	0.9	0.663955	0.210096	6.53887
32	37	0.8	0.925	0.317829	0.248977	0.0219507
32	38	0.8	0.95	0.779641	0.200797	5.19591
32	39	0.8	0.975	0.779669	0.363619	2.64013
32	40	0.8	1	1	0	0
33	0	0.825	0	0	0	3.6238
33	1	0.825	0.025	-0.000813806	-0.000867201	3.6238
33	2	0.825	0.05	0.000267546	-0.00277285	3.60814
33	3	0.825	0.075	0.000369563	-0.00565557	3.61528
33	4	0.825	0.1	0.00293476	-0.00760692	3.61041
33	5	0.825	0.125	0.00286153	-0.0126765	3.5777
33	6	0.825	0.15	0.00346387	-0.0137609	3.65009
33	7	0.825	0.175	0.00533877	-0.0179413	3.53571
33	8	0.825	0.2	0.00172936	-0.022073	3.65538
33	9	0.825	0.225	0.00601263	-0.0210672	3.58246
33	10	0.825	0.25	0.00085263	-0.0307072	3.54603
33	11	0.825	0.275	0.00289688	-0.0263095	3.73589
33	12	0.825	0.3	0.00318191	-0.0347983	3.40178
33	13	0.825	0.325	-0.00303093	-0.038074	3.81101
33	14	0.825	0.35	0.00653162	-0.0331986	3.47562
33	15	0.825	0.375	-0.00637853	-0.0526737	3.56978
33	16	0.825	0.4	0.00536572	-0.034565	3.88066
33	17	0.825	0.425	-0.00133902	-0.0573804	3.12415
33	18	0.825	0.45	-0.00281143	-0.0505832	4.23509
33	19	0.825	0.475	0.0114864	-0.0447407	3.07966
33	20	0.825	0.5	-0.0118898	-0.0775059	3.86942
33	21	0.825	0.525	0.0227879	-0.0294992	3.92668
33	22	0.825	0.55	-0.00862584	-0.0879018	2.72467
33	23	0.825	0.575	0.0209921	-0.0408633	5.10369
33	24	0.825	0.6	0.0179093	-0.0549123	1.9936
33	25	0.825	0.625	0.00369095	-0.0851722	5.02628
33	26	0.825	0.65	0.0631174	0.00571175	3.21145
33	27	0.825	0.675	-0.0120183	-0.115944	2.76598
33	28	0.825	0.7	0.102414	0.0329518	6.11275
33	29	0.825	0.725	0.0134643	-0.0621094	0.00978531
33	30	0.825	0.75	0.107413	-0.0139769	7.76176
33	31	0.825	0.775	0.115465	0.0832419	0.362158
33	32	0.825	0.8	0.0748511	-0.0793099	5.03219
33	33	0.825	0.825	0.274694	0.214849	5.14402
33	34	0.825	0.85	0.0693914	-0.0246925	-0.903818
33	35	0.825	0.875	0.436885	0.218315	10.2332
33	36	0.825	0.9	0.223601	0.200916	-3.8238
33	37	0.825	0.925	0.592953	0.145808	9.62672
33	38	0.825	0.95	0.576668	0.394465	-0.251304
33	39	0.825	0.975	0.817328	0.249963	4.78881
33	40	0.825	1	1	0	0
34	0	0.85	0	0	0	3.87806
34	1	0.85	0.025	0.00142758	-0.00117277	3.87806
34	2	0.85	0.05	0.00288247	-0.00313685	3.87015
34	3	0.85	0.075	0.00534242	-0.00530736	3.87144
34	4	0.85	0.1	0.00600699	-0.00928556	3.84656
34	5	0.85	0.125	0.00731948	-0.0111421	3.88899
34	6	0.85	0.15	0.00850476	-0.0147987	3.82009
34	7	0.85	0.175	0.00669363	-0.0180393	3.89375
34	8	0.85	0.2	0.00952316	-0.0185784	3.84207
34	9	0.85	0.225	0.00580637	-0.0253711	3.83025
34	10	0.85	0.25	0.00755921	-0.0230147	3.93934
34	11	0.85	0.275	0.00701131	-0.0303014	3.72574
34	12	0.85	0.3	0.0030453	-0.0317606	4.01343
34	13	0.85	0.325	0.00907991	-0.0309792	3.74073
34	14	0.85	0.35	0.000136284	-0.0441427	3.88309
34	15	0.85	0.375	0.00764817	-0.031916	4.00846
34	16	0.85	0.4	0.00340277	-0.0518628	3.54393
34	17	0.85	0.425	0.0010212	-0.04272	4.34252
34	18	0.85	0.45	0.0115092	-0.0461547	3.38595
34	19	0.85	0.475	-0.0048852	-0.0656784	4.21892
34	20	0.85	0.5	0.0161723	-0.0327929	3.91679
34	21	0.85	0.525	-0.000227094	-0.0832751	3.35266
34	22	0.85	0.55	0.0106842	-0.035555	4.98688
34	23	0.85	0.575	0.0180185	-0.0675721	2.4505
34	24	0.85	0.6	0.000187472	-0.0718478	5.38142
34	25	0.85	0.625	0.0397853	-0.0160662	2.99223
34	26	0.85	0.65	0.00102609	-0.116262	3.80206
34	27	0.85	0.675	0.0495894	0.0244812	5.51793
34	28	0.85	0.7	0.0285033	-0.100169	0.899535
34	29	0.85	0.725	0.0451163	-0.00475194	7.97805
34	30	0.85	0.75	0.0841852	0.0184362	-0.077281
34	31	0.85	0.775	0.0472908	-0.0900599	6.76215
34	32	0.85	0.8	0.150801	0.173284	3.67701
34	33	0.85	0.825	0.0907071	-0.104352	0.951813
34	34	0.85	0.85	0.217706	0.228295	10.051
34	35	0.85	0.875	0.215889	0.076824	-4.4066
34	36	0.85	0.9	0.332346	0.152499	12.4018
34	37	0.85	0.925	0.450473	0.355471	-2.99133
34	38	0.85	0.95	0.580078	0.136695	7.56993
34	39	0.85	0.975	0.785678	0.466861	2.95627
34	40	0.85	1	1	0	0
35	0	0.875	0	0	0	4.13059
35	1	0.875	0.025	0.00352193	-0.00150842	4.13059
35	2	0.875	0.05	0.00670739	-0.00305098	4.12794
35	3	0.875	0.075	0.00868574	-0.00640474	4.10808
35	4	0.875	0.1	0.0103677	-0.00849529	4.1363
35	5	0.875	0.125	0.0115243	-0.0116788	4.08963
35	6	0.875	0.15	0.0109664	-0.0144135	4.13863
35	7	0.875	0.175	0.0126385	-0.0155454	4.10127
35	8	0.875	0.2	0.0104468	-0.0203447	4.10055
35	9	0.875	0.225	0.0115248	-0.0193741	4.16115
35	10	0.875	0.25	0.010931	-0.0250255	4.03086
35	11	0.875	0.275	0.0083349	-0.0257056	4.21972
35	12	0.875	0.3	0.0121088	-0.0271568	4.01945
35	13	0.875	0.325	0.00591574	-0.0351127	4.1638
35	14	0.875	0.35	0.0107982	-0.02859	4.16939
35	15	0.875	0.375	0.00802903	-0.0433805	3.94851
35	16	0.875	0.4	0.00523424	-0.0352895	4.42171
35	17	0.875	0.425	0.0138914	-0.043734	3.76661
35	18	0.875	0.45	0.000203801	-0.051503	4.4623
35	19	0.875	0.475	0.0160243	-0.0358833	3.99175
35	20	0.875	0.5	0.00474617	-0.0697724	3.97482
35	21	0.875	0.525	0.00786401	-0.0333195	4.73293
35	22	0.875	0.55	0.020791	-0.0699529	3.19403
35	23	0.875	0.575	-0.0041803	-0.0541638	5.34741
35	24	0.875	0.6	0.0350788	-0.0391199	3.11707
35	25	0.875	0.625	-0.00036327	-0.093971	4.70737
35	26	0.875	0.65	0.0291884	0.00128634	4.63236
35	27	0.875	0.675	0.0325992	-0.108021	2.56777
35	28	0.875	0.7	0.00493353	0.000871795	6.97673
35	29	0.875	0.725	0.0799313	-0.0438491	0.823433
35	30	0.875	0.75	-0.000728074	-0.0615325	7.43483
35	31	0.875	0.775	0.10533	0.085469	2.36281
35	32	0.875	0.8	0.0585459	-0.113379	3.87926
35	33	0.875	0.825	0.0942709	0.180929	7.4014
35	34	0.875	0.85	0.191232	-0.0246192	-1.49479
35	35	0.875	0.875	0.112726	0.163468	11.4847
35	36	0.875	0.9	0.370854	0.220279	-2.93936
35	37	0.875	0.925	0.29793	0.127411	9.69404
35	38	0.875	0.95	0.604442	0.41776	1.12995
35	39	0.875	0.975	0.719185	0.308437	5.07467
35	40	0.875	1	1	0	0
36	0	0.9	0	0	0	4.37994
36	1	0.9	0.025	0.00597812	-0.0015025	4.37994
36	2	0.9	0.05	0.0100851	-0.00398908	4.36713
36	3	0.9	0.075	0.0125478	-0.00602151	4.3816
36	4	0.9	0.1	0.0142616	-0.00892485	4.35153
36	5	0.9	0.125	0.0143641	-0.0111062	4.38611
36	6	0.9	0.15	0.0155013	-0.0124624	4.35589
36	7	0.9	0.175	0.0143859	-0.015754	4.36515
36	8	0.9	0.2	0.0148526	-0.0155262	4.39206
36	9	0.9	0.225	0.0145844	-0.0195856	4.32084
36	10	0.9	0.25	0.0127153	-0.0199521	4.43361
36	11	0.9	0.275	0.0151727	-0.0220941	4.30279
36	12	0.9	0.3	0.0108567	-0.0265078	4.41677
36	13	0.9	0.325	0.0142054	-0.024084	4.37429
36	14	0.9	0.35	0.0120114	-0.0334178	4.30335
36	15	0.9	0.375	0.0100079	-0.0285343	4.52636
36	16	0.9	0.4	0.0162887	-0.0368868	4.17024
36	17	0.9	0.425	0.00536432	-0.0385875	4.61182
36	18	0.9	0.45	0.018337	-0.0349918	4.21913
36	19	0.9	0.475	0.00762123	-0.0524673	4.42129
36	20	0.9	0.5	0.0114695	-0.0328119	4.59746
36	21	0.9	0.525	0.0204611	-0.0600352	3.95288
36	22	0.9	0.55	-0.00163819	-0.0417088	5.09207
36	23	0.9	0.575	0.0340527	-0.0493305	3.66381
36	24	0.9	0.6	-0.00375781	-0.0665543	5.058
36	25	0.9	0.625	0.0288778	-0.0235507	4.2391
36	26	0.9	0.65	0.0224926	-0.0885415	3.99851
36	27	0.9	0.675	-0.00132801	-0.0100818	5.71478
36	28	0.9	0.7	0.0678481	-0.0699078	2.54722
36	29	0.9	0.725	-0.0262843	-0.0370221	6.76444
36	30	0.9	0.75	0.0913702	0.0048341	2.53675
36	31	0.9	0.775	0.00790379	-0.0825141	5.53926
36	32	0.9	0.8	0.0595633	0.0919263	5.12237
36	33	0.9	0.825	0.121031	-0.0609556	2.16001
36	34	0.9	0.85	0.0107399	0.123411	8.53226
36	35	0.9	0.875	0.271637	0.0892161	-0.13101
36	36	0.9	0.9	0.080705	0.117849	9.02574
36	37	0.9	0.925	0.436013	0.300949	1.41751
36	38	0.9	0.95	0.408477	0.21292	5.92212
36	39	0.9	0.975	0.730639	0.45816	4.50978
36	40	0.9	1	1	0	0
37	0	0.925	0	0	0	4.62074
37	1	0.925	0.025	0.00866008	-0.0021052	4.62074
37	2	0.925	0.05	0.0134933	-0.00396932	4.62167
37	3	0.925	0.075	0.0163168	-0.00657523	4.60905
37	4	0.925	0.1	0.0170031	-0.00823997	4.62958
37	5	0.925	0.125	0.0180859	-0.00963517	4.60938
37	6	0.925	0.15	0.0174775	-0.0116105	4.62382
37	7	0.925	0.175	0.0177115	-0.0117623	4.62869
37	8	0.925	0.2	0.0176492	-0.0143345	4.59982
37	9	0.925	0.225	0.0162745	-0.0145243	4.65539
37	10	0.925	0.25	0.0179482	-0.0164406	4.58397
37	11	0.925	0.275	0.0149683	-0.0186735	4.65544
37	12	0.925	0.3	0.0173191	-0.0184249	4.61213
37	13	0.925	0.325	0.0154725	-0.0235279	4.60626
37	14	0.925	0.35	0.0146113	-0.0216641	4.68617
37	15	0.925	0.375	0.0181958	-0.0273764	4.53713
37	16	0.925	0.4	0.0110271	-0.0276549	4.74721
37	17	0.925	0.425	0.0202341	-0.028973	4.53284
37	18	0.925	0.45	0.0110936	-0.0362287	4.70175
37	19	0.925	0.475	0.016624	-0.0295359	4.67431
37	20	0.925	0.5	0.0187726	-0.043786	4.51293
37	21	0.925	0.525	0.0066415	-0.0335405	4.92483
37	22	0.925	0.55	0.0300312	-0.0442125	4.31709
37	23	0.925	0.575	9.47647e-05	-0.0452972	5.04799
37	24	0.925	0.6	0.030974	-0.0349856	4.42288
37	25	0.925	0.625	0.0125078	-0.0606281	4.73774
37	26	0.925	0.65	0.0103944	-0.0247439	5.02339
37	27	0.925	0.675	0.0455362	-0.0625843	4.03945
37	28	0.925	0.7	-0.0189225	-0.0300594	5.75048
37	29	0.925	0.725	0.0724096	-0.0348227	3.66386
37	30	0.925	0.75	-0.0162435	-0.052342	5.69302
37	31	0.925	0.775	0.0563301	0.014319	4.4651
37	32	0.925	0.8	0.0492237	-0.0550995	4.39713
37	33	0.925	0.825	0.00078337	0.051703	6.17761
37	34	0.925	0.85	0.154796	0.0116192	2.98435
37	35	0.925	0.875	-0.00930744	0.0710983	7.07005
37	36	0.925	0.9	0.263185	0.151638	3.22798
37	37	0.925	0.925	0.161028	0.153537	6.0163
37	38	0.925	0.95	0.452946	0.313269	4.5965
37	39	0.925	0.975	0.624818	0.408309	5.10568
37	40	0.925	1	1	0	0
38	0	0.95	0	0	0	4.85288
38	1	0.95	0.025	0.011313	-0.00223315	4.85288
38	2	0.95	0.05	0.0166724	-0.0045169	4.85264
38	3	0.95	0.075	0.0185411	-0.00592754	4.863
38	4	0.95	0.1	0.0197518	-0.0070599	4.858
38	5	0.95	0.125	0.019426	-0.00795806	4.86975
38	6	0.95	0.15	0.019693	-0.00821101	4.86804
38	7	0.95	0.175	0.0195667	-0.00941489	4.86348
38	8	0.95	0.2	0.0187509	-0.00951207	4.88182
38	9	0.95	0.225	0.0197753	-0.0107192	4.85504
38	10	0.95	0.25	0.0178836	-0.0116705	4.88635
38	11	0.95	0.275	0.0194551	-0.0121669	4.86264
38	12	0.95	0.3	0.0180557	-0.0145077	4.871
38	13	0.95	0.325	0.01797	-0.0143534	4.89011
38	14	0.95	0.35	0.0195085	-0.0173309	4.8467
38	15	0.95	0.375	0.0158413	-0.0178243	4.91664
38	16	0.95	0.4	0.0208995	-0.0196608	4.8435
38	17	0.95	0.425	0.0151993	-0.0224811	4.91273
38	18	0.95	0.45	0.0196977	-0.0217627	4.8856
38	19	0.95	0.475	0.0184065	-0.0272779	4.86869
38	20	0.95	0.5	0.0146286	-0.0247093	4.96535
38	21	0.95	0.525	0.0247654	-0.0303961	4.8152
38	22	0.95	0.55	0.00913978	-0.0298319	5.03069
38	23	0.95	0.575	0.028082	-0.0303229	4.82545
38	24	0.95	0.6	0.0115753	-0.0368559	5.0007
38	25	0.95	0.625	0.0201815	-0.0280855	4.97201
38	26	0.95	0.65	0.0271716	-0.0414714	4.84435
38	27	0.95	0.675	0.00196892	-0.0284519	5.21739
38	28	0.95	0.7	0.0464112	-0.0368369	4.70005
38	29	0.95	0.725	-0.0078232	-0.0348731	5.34074
38	30	0.95	0.75	0.0465964	-0.0211338	4.84326
38	31	0.95	0.775	0.0145455	-0.0384995	5.12497
38	32	0.95	0.8	0.016779	-0.00262043	5.34264
38	33	0.95	0.825	0.0662673	-0.0179055	4.77483
38	34	0.95	0.85	-0.0102034	0.0138223	5.75553
38	35	0.95	0.875	0.119713	0.0429121	4.90719
38	36	0.95	0.9	0.0425277	0.0631856	5.58345
38	37	0.95	0.925	0.203355	0.155999	5.58071
38	38	0.95	0.95	0.282297	0.223787	5.14971
38	39	0.95	0.975	0.55469	0.41072	6.00684
38	40	0.95	1	1	0	0
39	0	0.975	0	0	0	5.09352
39	1	0.975	0.025	0.0163989	-0.00224469	5.09352
39	2	0.975	0.05	0.0216126	-0.00390335	5.11398
39	3	0.975	0.075	0.0234852	-0.00447512	5.12719
39	4	0.975	0.1	0.0237153	-0.00461817	5.13762
39	5	0.975	0.125	0.0240304	-0.00463256	5.14217
39	6	0.975	0.15	0.023863	-0.00482261	5.14543
39	7	0.975	0.175	0.0236035	-0.00483577	5.14879
39	8	0.975	0.2	0.0239852	-0.00521594	5.14637
39	9	0.975	0.225	0.0231168	-0.00550387	5.15098
39	10	0.975	0.25	0.0239035	-0.00589151	5.14767
39	11	0.975	0.275	0.0231067	-0.00662911	5.14943
39	12	0.975	0.3	0.0232878	-0.00696538	5.15223
39	13	0.975	0.325	0.0236876	-0.00801176	5.14752
39	14	0.975	0.35	0.0223763	-0.00854726	5.15729
39	15	0.975	0.375	0.0242792	-0.00950172	5.1514
39	16	0.975	0.4	0.0219935	-0.0105622	5.15941
39	17	0.975	0.425	0.0239807	-0.0111468	5.16344
39	18	0.975	0.45	0.0229059	-0.0127346	5.16146
39	19	0.975	0.475	0.02238	-0.0130864	5.17862
39	20	0.975	0.5	0.0249818	-0.014756	5.17157
39	21	0.975	0.525	0.0203051	-0.0153713	5.19094
39	22	0.975	0.55	0.0266394	-0.0164183	5.19411
39	23	0.975	0.575	0.0200466	-0.0178565	5.20245
39	24	0.975	0.6	0.0252824	-0.0176683	5.22494
39	25	0.975	0.625	0.0239342	-0.0200035	5.22274
39	26	0.975	0.65	0.0197913	-0.0188069	5.25691
39	27	0.975	0.675	0.0307501	-0.0208475	5.26235
39	28	0.975	0.7	0.0143168	-0.0203708	5.28847
39	29	0.975	0.725	0.0337224	-0.0196467	5.3301
39	30	0.975	0.75	0.0174805	-0.0214491	5.33161
39	31	0.975	0.775	0.0263259	-0.0167353	5.42488
39	32	0.975	0.8	0.0319344	-0.0181916	5.42862
39	33	0.975	0.825	0.0151088	-0.0125323	5.52788
39	34	0.975	0.85	0.0476863	-0.00541974	5.66247
39	35	0.975	0.875	0.0255818	0.0010906	5.65492
39	36	0.975	0.9	0.0672146	0.0282417	6.08092
39	37	0.975	0.925	0.0995321	0.0623897	5.94963
39	38	0.975	0.95	0.188862	0.134161	6.44636
39	39	0.975	0.975	0.421933	0.334215	6.78528
39	40	0.975	1	1	0	0
40	0	1	0	0	0	5.09352
40	1	1	0.025	0	0	5.09352
40	2	1	0.05	0	0	5.11398
40	3	1	0.075	0	0	5.12719
40	4	1	0.1	0	0	5.13762
40	5	1	0.125	0	0	5.14217
40	6	1	0.15	0	0	5.14543
40	7	1	0.175	0	0	5.14879
40	8	1	0.2	0	0	5.14637
40	9	1	0.225	0	0	5.15098
40	10	1	0.25	0	0	5.14767
40	11	1	0.275	0	0	5.14943
40	12	1	0.3	0	0	5.15223
40	13	1	0.325	0	0	5.14752
40	14	1	0.35	0	0	5.15729
40	15	1	0.375	0	0	5.1514
40	16	1	0.4	0	0	5.15941
40	17	1	0.425	0	0	5.16344
40	18	1	0.45	0	0	5.16146
40	19	1	0.475	0	0	5.17862
40	20	1	0.5	0	0	5.17157
40	21	1	0.525	0	0	5.19094
40	22	1	0.55	0	0	5.19411
40	23	1	0.575	0	0	5.20245
40	24	1	0.6	0	0	5.22494
40	25	1	0.625	0	0	5.22274
40	26	1	0.65	0	0	5.25691
40	27	1	0.675	0	0	5.26235
40	28	1	0.7	0	0	5.28847
40	29	1	0.725	0	0	5.3301
40	30	1	0.75	0	0	5.33161
40	31	1	0.775	0	0	5.42488
40	32	1	0.8	0	0	5.42862
40	33	1	0.825	0	0	5.52788
40	34	1	0.85	0	0	5.66247
40	35	1	0.875	0	0	5.65492
40	36	1	0.9	0	0	6.08092
40	37	1	0.925	0	0	5.94963
40	38	1	0.95	0	0	6.44636
40	39	1	0.975	0	0	6.78528
40	40	1	1	1	0	0
