# i		j		x		y		u		v		p
# nx		ny		
# 41		41
# =================================
0	0	0	0	0	0	-4.6559
0	1	0	0.025	0	0	-4.6559
0	2	0	0.05	0	0	-4.67444
0	3	0	0.075	0	0	-4.68497
0	4	0	0.1	0	0	-4.69638
0	5	0	0.125	0	0	-4.69507
0	6	0	0.15	0	0	-4.7029
0	7	0	0.175	0	0	-4.70016
0	8	0	0.2	0	0	-4.69989
0	9	0	0.225	0	0	-4.70578
0	10	0	0.25	0	0	-4.69493
0	11	0	0.275	0	0	-4.70876
0	12	0	0.3	0	0	-4.69683
0	13	0	0.325	0	0	-4.70539
0	14	0	0.35	0	0	-4.70856
0	15	0	0.375	0	0	-4.70029
0	16	0	0.4	0	0	-4.72333
0	17	0	0.425	0	0	-4.70521
0	18	0	0.45	0	0	-4.73281
0	19	0	0.475	0	0	-4.72677
0	20	0	0.5	0	0	-4.74006
0	21	0	0.525	0	0	-4.75871
0	22	0	0.55	0	0	-4.75894
0	23	0	0.575	0	0	-4.79266
0	24	0	0.6	0	0	-4.79741
0	25	0	0.625	0	0	-4.83519
0	26	0	0.65	0	0	-4.84882
0	27	0	0.675	0	0	-4.90407
0	28	0	0.7	0	0	-4.9113
0	29	0	0.725	0	0	-5.00406
0	30	0	0.75	0	0	-5.01204
0	31	0	0.775	0	0	-5.12243
0	32	0	0.8	0	0	-5.19473
0	33	0	0.825	0	0	-5.27214
0	34	0	0.85	0	0	-5.48144
0	35	0	0.875	0	0	-5.53459
0	36	0	0.9	0	0	-5.87176
0	37	0	0.925	0	0	-6.00648
0	38	0	0.95	0	0	-6.26409
0	39	0	0.975	0	0	-6.89043
0	40	0	1	1	0	0
1	0	0.025	0	0	0	-4.6559
1	1	0.025	0.025	0.0160359	0.00169865	-4.6559
1	2	0.025	0.05	0.0209109	0.00282929	-4.67444
1	3	0.025	0.075	0.0228677	0.00321071	-4.68497
1	4	0.025	0.1	0.0225299	0.003085	-4.69638
1	5	0.025	0.125	0.0233939	0.00309711	-4.69507
1	6	0.025	0.15	0.0225952	0.00330075	-4.7029
1	7	0.025	0.175	0.0226897	0.00316558	-4.70016
1	8	0.025	0.2	0.023179	0.00384281	-4.69989
1	9	0.025	0.225	0.0216068	0.00380893	-4.70578
1	10	0.025	0.25	0.0236678	0.00451118	-4.69493
1	11	0.025	0.275	0.0212976	0.00512162	-4.70876
1	12	0.025	0.3	0.0228988	0.00536498	-4.69683
1	13	0.025	0.325	0.0225033	0.00682902	-4.70539
1	14	0.025	0.35	0.0208955	0.00680955	-4.70856
1	15	0.025	0.375	0.0242021	0.00849767	-4.70029
1	16	0.025	0.4	0.0195282	0.0091396	-4.72333
1	17	0.025	0.425	0.0241389	0.0100924	-4.70521
1	18	0.025	0.45	0.0207211	0.0120378	-4.73281
1	19	0.025	0.475	0.0214711	0.012178	-4.72677
1	20	0.025	0.5	0.0237468	0.0148	-4.74006
1	21	0.025	0.525	0.0185088	0.0152816	-4.75871
1	22	0.025	0.55	0.0253174	0.017207	-4.75894
1	23	0.025	0.575	0.0185408	0.0190411	-4.79266
1	24	0.025	0.6	0.0234028	0.0198839	-4.79741
1	25	0.025	0.625	0.0215654	0.0224315	-4.83519
1	26	0.025	0.65	0.0203035	0.0233943	-4.84882
1	27	0.025	0.675	0.0237919	0.0250442	-4.90407
1	28	0.025	0.7	0.0201076	0.0269873	-4.9113
1	29	0.025	0.725	0.0228354	0.0274496	-5.00406
1	30	0.025	0.75	0.022951	0.0287922	-5.01204
1	31	0.025	0.775	0.0220679	0.0293994	-5.12243
1	32	0.025	0.8	0.0249385	0.0271678	-5.19473
1	33	0.025	0.825	0.0276388	0.0271321	-5.27214
1	34	0.025	0.85	0.0274686	0.0190084	-5.48144
1	35	0.025	0.875	0.045323	0.0101469	-5.53459
1	36	0.025	0.9	0.0518664	-0.0111868	-5.87176
1	37	0.025	0.925	0.10474	-0.052907	-6.00648
1	38	0.025	0.95	0.187373	-0.12127	-6.26409
1	39	0.025	0.975	0.415096	-0.326095	-6.89043
1	40	0.025	1	1	0	0
2	0	0.05	0	0	0	-4.41429
2	1	0.05	0.025	0.0107077	0.00129066	-4.41429
2	2	0.05	0.05	0.0158174	0.00305335	-4.41066
2	3	0.05	0.075	0.0168931	0.00358312	-4.42829
2	4	0.05	0.1	0.0185578	0.00470417	-4.40588
2	5	0.05	0.125	0.0173202	0.00531244	-4.43908
2	6	0.05	0.15	0.0180495	0.00520832	-4.4134
2	7	0.05	0.175	0.0178881	0.00707537	-4.42338
2	8	0.05	0.2	0.0163098	0.00614311	-4.44242
2	9	0.05	0.225	0.018856	0.00842407	-4.39159
2	10	0.05	0.25	0.0149954	0.00862088	-4.46787
2	11	0.05	0.275	0.0184016	0.00917989	-4.38562
2	12	0.05	0.3	0.015975	0.0123692	-4.44939
2	13	0.05	0.325	0.0154175	0.0105772	-4.43499
2	14	0.05	0.35	0.0189411	0.0157018	-4.38776
2	15	0.05	0.375	0.0119191	0.0144203	-4.50628
2	16	0.05	0.4	0.0204104	0.017424	-4.34955
2	17	0.05	0.425	0.0120376	0.0207181	-4.52077
2	18	0.05	0.45	0.0169491	0.0188926	-4.40483
2	19	0.05	0.475	0.0171881	0.0267962	-4.44857
2	20	0.05	0.5	0.0101467	0.0231343	-4.53117
2	21	0.05	0.525	0.0227292	0.0300144	-4.37088
2	22	0.05	0.55	0.00681026	0.0309796	-4.61575
2	23	0.05	0.575	0.0218259	0.0313702	-4.40327
2	24	0.05	0.6	0.011791	0.0388905	-4.59037
2	25	0.05	0.625	0.013871	0.0347761	-4.54668
2	26	0.05	0.65	0.0210243	0.042526	-4.5389
2	27	0.05	0.675	0.00714121	0.0414363	-4.67186
2	28	0.05	0.7	0.0251921	0.042111	-4.60266
2	29	0.05	0.725	0.0100312	0.046072	-4.7029
2	30	0.05	0.75	0.0218619	0.0410801	-4.77635
2	31	0.05	0.775	0.0208712	0.0411077	-4.76055
2	32	0.05	0.8	0.0213603	0.0369786	-4.90017
2	33	0.05	0.825	0.0332599	0.0222524	-5.01196
2	34	0.05	0.85	0.0398927	0.013848	-4.92263
2	35	0.05	0.875	0.0589307	-0.0197319	-5.39023
2	36	0.05	0.9	0.102341	-0.0588735	-5.03672
2	37	0.05	0.925	0.163152	-0.124447	-5.61123
2	38	0.05	0.95	0.307954	-0.224708	-5.23424
2	39	0.05	0.975	0.557103	-0.411602	-5.87609
2	40	0.05	1	1	0	0
3	0	0.075	0	0	0	-4.18185
3	1	0.075	0.025	0.00813403	0.00125143	-4.18185
3	2	0.075	0.05	0.0121171	0.00172703	-4.18892
3	3	0.075	0.075	0.0148621	0.00423081	-4.15662
3	4	0.075	0.1	0.0145584	0.00500329	-4.20822
3	5	0.075	0.125	0.0157547	0.00600859	-4.14882
3	6	0.075	0.15	0.0150825	0.0086001	-4.19484
3	7	0.075	0.175	0.0144068	0.0071935	-4.18825
3	8	0.075	0.2	0.0158883	0.0114964	-4.13524
3	9	0.075	0.225	0.0125313	0.0100989	-4.25211
3	10	0.075	0.25	0.0159516	0.0125864	-4.08984
3	11	0.075	0.275	0.012241	0.0156285	-4.25647
3	12	0.075	0.3	0.0135285	0.0129657	-4.14504
3	13	0.075	0.325	0.0145804	0.0215124	-4.14857
3	14	0.075	0.35	0.00916614	0.0162542	-4.29439
3	15	0.075	0.375	0.0172156	0.0241877	-4.01293
3	16	0.075	0.4	0.0068873	0.0248549	-4.38884
3	17	0.075	0.425	0.0155087	0.02363	-4.03038
3	18	0.075	0.45	0.0106822	0.0356637	-4.27647
3	19	0.075	0.475	0.00788263	0.0253189	-4.26849
3	20	0.075	0.5	0.018635	0.0417649	-4.0212
3	21	0.075	0.525	0.000183424	0.0347785	-4.53417
3	22	0.075	0.55	0.0222795	0.0404367	-3.90827
3	23	0.075	0.575	0.00185177	0.0493091	-4.53955
3	24	0.075	0.6	0.0148874	0.0380431	-4.13618
3	25	0.075	0.625	0.0150141	0.058334	-4.265
3	26	0.075	0.65	0.00133641	0.0432004	-4.52886
3	27	0.075	0.675	0.0293741	0.0549801	-4.05201
3	28	0.075	0.7	-0.00330407	0.0536339	-4.70031
3	29	0.075	0.725	0.0325695	0.0443322	-4.2059
3	30	0.075	0.75	0.0112163	0.0540233	-4.56122
3	31	0.075	0.775	0.0271829	0.0339592	-4.57068
3	32	0.075	0.8	0.0403323	0.0304051	-4.48187
3	33	0.075	0.825	0.0358657	0.0142264	-4.72006
3	34	0.075	0.85	0.0803021	-0.021049	-4.77214
3	35	0.075	0.875	0.0928135	-0.0471438	-4.59439
3	36	0.075	0.9	0.165861	-0.111769	-5.15503
3	37	0.075	0.925	0.255175	-0.186086	-4.58575
3	38	0.075	0.95	0.41305	-0.269587	-5.02032
3	39	0.075	0.975	0.659732	-0.436868	-5.13916
3	40	0.075	1	1	0	0
4	0	0.1	0	0	0	-3.94542
4	1	0.1	0.025	0.00543585	0.000141821	-3.94542
4	2	0.1	0.05	0.00897431	0.0022983	-3.92128
4	3	0.1	0.075	0.010427	0.00284088	-3.96344
4	4	0.1	0.1	0.0116436	0.00541128	-3.89119
4	5	0.1	0.125	0.0116413	0.00776419	-3.96728
4	6	0.1	0.15	0.0114997	0.00736378	-3.9131
4	7	0.1	0.175	0.0119515	0.0126514	-3.90703
4	8	0.1	0.2	0.0102903	0.0101337	-3.99645
4	9	0.1	0.225	0.0117798	0.0153514	-3.81913
4	10	0.1	0.25	0.0092927	0.0161474	-4.05342
4	11	0.1	0.275	0.0103473	0.0155025	-3.82557
4	12	0.1	0.3	0.00966198	0.0243868	-3.96444
4	13	0.1	0.325	0.00726499	0.0168304	-3.99953
4	14	0.1	0.35	0.011099	0.0299028	-3.74858
4	15	0.1	0.375	0.00422479	0.0246632	-4.21076
4	16	0.1	0.4	0.0109612	0.0291854	-3.63696
4	17	0.1	0.425	0.00469335	0.038924	-4.18451
4	18	0.1	0.45	0.00634113	0.0265658	-3.86582
4	19	0.1	0.475	0.0101562	0.0508918	-3.82073
4	20	0.1	0.5	-0.00136668	0.0322783	-4.3361
4	21	0.1	0.525	0.0162264	0.0510358	-3.43565
4	22	0.1	0.55	-0.00454507	0.0503087	-4.58071
4	23	0.1	0.575	0.0147432	0.0415694	-3.52363
4	24	0.1	0.6	0.00446924	0.0691838	-4.24472
4	25	0.1	0.625	0.00292087	0.0372442	-4.16582
4	26	0.1	0.65	0.0232071	0.0710267	-3.60002
4	27	0.1	0.675	-0.0086424	0.0478948	-4.79342
4	28	0.1	0.7	0.0383065	0.0518467	-3.36354
4	29	0.1	0.725	-0.00137268	0.0605142	-4.77655
4	30	0.1	0.75	0.0399872	0.0261405	-3.85992
4	31	0.1	0.775	0.0338768	0.0471942	-4.23766
4	32	0.1	0.8	0.0405961	0.00353687	-4.55019
4	33	0.1	0.825	0.0915816	-0.00722647	-3.95105
4	34	0.1	0.85	0.0786191	-0.0376005	-4.69704
4	35	0.1	0.875	0.177348	-0.0981045	-4.29081
4	36	0.1	0.9	0.207447	-0.138693	-4.3678
4	37	0.1	0.925	0.350423	-0.225363	-4.6652
4	38	0.1	0.95	0.496511	-0.298954	-4.14878
4	39	0.1	0.975	0.725269	-0.41998	-4.84805
4	40	0.1	1	1	0	0
5	0	0.125	0	0	0	-3.69572
5	1	0.125	0.025	0.00317631	0.000721299	-3.69572
5	2	0.125	0.05	0.0054857	0.000538519	-3.70727
5	3	0.125	0.075	0.00642225	0.00357736	-3.6557
5	4	0.125	0.1	0.0077972	0.00520131	-3.72321
5	5	0.125	0.125	0.00724957	0.00670628	-3.64742
5	6	0.125	0.15	0.00807011	0.0112862	-3.69008
5	7	0.125	0.175	0.00741139	0.00967119	-3.7092
5	8	0.125	0.2	0.00701541	0.0161589	-3.59851
5	9	0.125	0.225	0.00724619	0.0149645	-3.79724
5	10	0.125	0.25	0.00551515	0.01795	-3.54351
5	11	0.125	0.275	0.00638965	0.023656	-3.7806
5	12	0.125	0.3	0.00429912	0.0183448	-3.65471
5	13	0.125	0.325	0.0048692	0.0321647	-3.58256
5	14	0.125	0.35	0.00336584	0.0231329	-3.90919
5	15	0.125	0.375	0.00323644	0.0346103	-3.35511
5	16	0.125	0.4	0.00262085	0.0364618	-4.04027
5	17	0.125	0.425	0.0015412	0.0306359	-3.42298
5	18	0.125	0.45	0.00286056	0.0531488	-3.7667
5	19	0.125	0.475	-0.00091819	0.0298705	-3.91551
5	20	0.125	0.5	0.00478707	0.0601237	-3.20498
5	21	0.125	0.525	-0.0032535	0.0436225	-4.44921
5	22	0.125	0.55	0.00655244	0.0503213	-2.94673
5	23	0.125	0.575	-0.000905918	0.0686115	-4.37715
5	24	0.125	0.6	0.00405466	0.0348308	-3.49471
5	25	0.125	0.625	0.0106961	0.0832793	-3.54466
5	26	0.125	0.65	-0.00264028	0.0344027	-4.55057
5	27	0.125	0.675	0.0290158	0.0680006	-2.69256
5	28	0.125	0.7	-0.00204955	0.0522218	-5.11022
5	29	0.125	0.725	0.0443148	0.0283786	-2.79369
5	30	0.125	0.75	0.0237713	0.0596502	-4.55163
5	31	0.125	0.775	0.0531199	-0.0110148	-3.88349
5	32	0.125	0.8	0.0838708	0.0208637	-3.48645
5	33	0.125	0.825	0.077772	-0.0438313	-4.86998
5	34	0.125	0.85	0.177418	-0.0702622	-3.10209
5	35	0.125	0.875	0.169725	-0.104387	-4.83504
5	36	0.125	0.9	0.321723	-0.190239	-3.63299
5	37	0.125	0.925	0.388308	-0.227438	-4.1949
5	38	0.125	0.95	0.580673	-0.307948	-4.0231
5	39	0.125	0.975	0.765856	-0.404672	-4.29642
5	40	0.125	1	1	0	0
6	0	0.15	0	0	0	-3.45329
6	1	0.15	0.025	0.00122485	-0.000209281	-3.45329
6	2	0.15	0.05	0.00159395	0.00129191	-3.43177
6	3	0.15	0.075	0.00346271	0.00243545	-3.45936
6	4	0.15	0.1	0.00209371	0.00498575	-3.40956
6	5	0.15	0.125	0.00425919	0.0081647	-3.45115
6	6	0.15	0.15	0.00303181	0.00894796	-3.42866
6	7	0.15	0.175	0.00269079	0.0142144	-3.39875
6	8	0.15	0.2	0.0045226	0.0136824	-3.49105
6	9	0.15	0.225	1.50375e-05	0.0185466	-3.33251
6	10	0.15	0.25	0.00450149	0.0208587	-3.52607
6	11	0.15	0.275	-0.000889208	0.0206211	-3.35163
6	12	0.15	0.3	0.00100362	0.0298637	-3.43157
6	13	0.15	0.325	0.00106839	0.023467	-3.52193
6	14	0.15	0.35	-0.00453026	0.0363004	-3.22148
6	15	0.15	0.375	0.00297538	0.0323019	-3.72246
6	16	0.15	0.4	-0.00741836	0.0360955	-3.1234
6	17	0.15	0.425	0.00080933	0.047854	-3.66513
6	18	0.15	0.45	-0.00473149	0.0327273	-3.40481
6	19	0.15	0.475	-0.00499651	0.0611461	-3.21237
6	20	0.15	0.5	0.000612527	0.0376958	-3.9831
6	21	0.15	0.525	-0.008569	0.0595665	-2.71352
6	22	0.15	0.55	0.00344991	0.0579773	-4.28392
6	23	0.15	0.575	-0.00509578	0.0423947	-2.83935
6	24	0.15	0.6	0.00431742	0.0814634	-3.74604
6	25	0.15	0.625	0.00302003	0.0277464	-3.83354
6	26	0.15	0.65	0.010685	0.0818505	-2.60875
6	27	0.15	0.675	0.0116971	0.0347967	-4.95212
6	28	0.15	0.7	0.0283627	0.0452565	-1.97938
6	29	0.15	0.725	0.0279374	0.0539143	-5.01051
6	30	0.15	0.75	0.0545512	-0.010904	-2.7465
6	31	0.15	0.775	0.0702939	0.0441198	-3.74356
6	32	0.15	0.8	0.0888633	-0.0569855	-4.39625
6	33	0.15	0.825	0.154754	-0.0274644	-2.34418
6	34	0.15	0.85	0.157692	-0.0952431	-5.36648
6	35	0.15	0.875	0.289702	-0.148104	-2.18176
6	36	0.15	0.9	0.316147	-0.166841	-4.87626
6	37	0.15	0.925	0.494975	-0.270746	-3.08523
6	38	0.15	0.95	0.607569	-0.279165	-3.83511
6	39	0.15	0.975	0.806096	-0.387383	-4.01087
6	40	0.15	1	1	0	0
7	0	0.175	0	0	0	-3.20049
7	1	0.175	0.025	-0.000966315	-8.19018e-06	-3.20049
7	2	0.175	0.05	-0.000535635	0.00068819	-3.19472
7	3	0.175	0.075	-0.00250608	0.00237073	-3.18838
7	4	0.175	0.1	0.000192618	0.00490705	-3.18273
7	5	0.175	0.125	-0.00230377	0.00736782	-3.1851
7	6	0.175	0.15	-0.000991391	0.0103748	-3.17108
7	7	0.175	0.175	4.47559e-05	0.0128013	-3.18865
7	8	0.175	0.2	-0.00457777	0.0160725	-3.1558
7	9	0.175	0.225	0.00202916	0.0184081	-3.19903
7	10	0.175	0.25	-0.00694942	0.0212756	-3.14534
7	11	0.175	0.275	-0.000662312	0.0250235	-3.19114
7	12	0.175	0.3	-0.0042773	0.0256846	-3.17887
7	13	0.175	0.325	-0.00892766	0.0323814	-3.12464
7	14	0.175	0.35	0.00144382	0.0310263	-3.27487
7	15	0.175	0.375	-0.0164419	0.0377728	-3.03023
7	16	0.175	0.4	0.00213521	0.040235	-3.33784
7	17	0.175	0.425	-0.0142004	0.0389809	-3.06393
7	18	0.175	0.45	-0.00762519	0.0524881	-3.19187
7	19	0.175	0.475	-0.00137051	0.0396157	-3.35744
7	20	0.175	0.5	-0.0212349	0.0598121	-2.83006
7	21	0.175	0.525	0.010702	0.0481312	-3.73415
7	22	0.175	0.55	-0.0230031	0.0533231	-2.62463
7	23	0.175	0.575	0.00996331	0.0662445	-3.69427
7	24	0.175	0.6	-0.00452599	0.0363027	-3.07057
7	25	0.175	0.625	-4.93758e-05	0.0786394	-2.93699
7	26	0.175	0.65	0.0243923	0.0265223	-4.1074
7	27	0.175	0.675	0.00109281	0.0618712	-1.97271
7	28	0.175	0.7	0.0487845	0.0354482	-4.81938
7	29	0.175	0.725	0.0314343	0.0100575	-1.91417
7	30	0.175	0.75	0.0729433	0.0433336	-4.22104
7	31	0.175	0.775	0.0890179	-0.0527343	-3.27222
7	32	0.175	0.8	0.125168	0.00768344	-2.52856
7	33	0.175	0.825	0.166823	-0.0990883	-5.04304
7	34	0.175	0.85	0.236075	-0.0918027	-1.27155
7	35	0.175	0.875	0.287667	-0.139733	-5.56496
7	36	0.175	0.9	0.41847	-0.220818	-1.62939
7	37	0.175	0.925	0.501289	-0.213073	-4.52429
7	38	0.175	0.95	0.67506	-0.30938	-2.81308
7	39	0.175	0.975	0.819779	-0.341783	-3.77716
7	40	0.175	1	1	0	0
8	0	0.2	0	0	0	-2.94753
8	1	0.2	0.025	-0.0023523	0.000293959	-2.94753
8	2	0.2	0.05	-0.00500743	-0.000120118	-2.95582
8	3	0.2	0.075	-0.00387152	0.00268287	-2.91023
8	4	0.2	0.1	-0.00708464	0.00452341	-2.96751
8	5	0.2	0.125	-0.00469033	0.0065385	-2.89953
8	6	0.2	0.15	-0.00561903	0.0113821	-2.93667
8	7	0.2	0.175	-0.00789515	0.0114088	-2.94404
8	8	0.2	0.2	-0.00251066	0.017201	-2.87066
8	9	0.2	0.225	-0.0116856	0.0184247	-2.99264
8	10	0.2	0.25	-0.00267877	0.0210316	-2.84802
8	11	0.2	0.275	-0.0109383	0.0266501	-2.96546
8	12	0.2	0.3	-0.0100408	0.0252858	-2.91574
8	13	0.2	0.325	-0.0042109	0.0330579	-2.87277
8	14	0.2	0.35	-0.0209983	0.0326436	-3.00191
8	15	0.2	0.375	0.00117471	0.0366394	-2.82729
8	16	0.2	0.4	-0.0241147	0.0415678	-2.99674
8	17	0.2	0.425	-0.00544373	0.0406634	-2.88823
8	18	0.2	0.45	-0.0111864	0.047261	-2.92701
8	19	0.2	0.475	-0.0242516	0.0480274	-2.94541
8	20	0.2	0.5	0.00998339	0.0486572	-2.94589
8	21	0.2	0.525	-0.0376423	0.0545477	-2.87821
8	22	0.2	0.55	0.0189705	0.051222	-3.06593
8	23	0.2	0.575	-0.0234536	0.0515146	-2.83074
8	24	0.2	0.6	0.00452294	0.0579991	-3.01011
8	25	0.2	0.625	0.0197058	0.0382729	-3.12368
8	26	0.2	0.65	-0.0159433	0.0583817	-2.56098
8	27	0.2	0.675	0.0667526	0.0266722	-3.7182
8	28	0.2	0.7	-0.00440807	0.03327	-2.09616
8	29	0.2	0.725	0.0944438	0.0237988	-3.93166
8	30	0.2	0.75	0.0616553	-0.0218149	-2.43657
8	31	0.2	0.775	0.115273	0.0110854	-3.08761
8	32	0.2	0.8	0.167521	-0.0846937	-3.80634
8	33	0.2	0.825	0.177754	-0.0460621	-1.58739
8	34	0.2	0.85	0.291765	-0.131979	-5.13954
8	35	0.2	0.875	0.325578	-0.154981	-0.862427
8	36	0.2	0.9	0.452265	-0.174679	-5.06102
8	37	0.2	0.925	0.558999	-0.267073	-1.68675
8	38	0.2	0.95	0.691635	-0.236334	-3.71813
8	39	0.2	0.975	0.844678	-0.345465	-3.19347
8	40	0.2	1	1	0	0
9	0	0.225	0	0	0	-2.70112
9	1	0.225	0.025	-0.00438051	-0.000928923	-2.70112
9	2	0.225	0.05	-0.00648844	0.00150299	-2.66152
9	3	0.225	0.075	-0.00992342	0.00113828	-2.73788
9	4	0.225	0.1	-0.00870216	0.00401707	-2.61563
9	5	0.225	0.125	-0.0107942	0.00841625	-2.7266
9	6	0.225	0.15	-0.010951	0.00685244	-2.66832
9	7	0.225	0.175	-0.00854412	0.0159782	-2.60938
9	8	0.225	0.2	-0.0144775	0.0128686	-2.7992
9	9	0.225	0.225	-0.00708518	0.0193473	-2.49236
9	10	0.225	0.25	-0.0159345	0.0235794	-2.83491
9	11	0.225	0.275	-0.0111462	0.019528	-2.56296
9	12	0.225	0.3	-0.011805	0.0344375	-2.64192
9	13	0.225	0.325	-0.0210289	0.0234155	-2.83564
9	14	0.225	0.35	-0.00508999	0.0381571	-2.35971
9	15	0.225	0.375	-0.0285487	0.035927	-3.03309
9	16	0.225	0.4	-0.00575265	0.0341487	-2.33302
9	17	0.225	0.425	-0.0222503	0.0514824	-2.8525
9	18	0.225	0.45	-0.0205248	0.0319969	-2.70858
9	19	0.225	0.475	-0.00123565	0.0575161	-2.38384
9	20	0.225	0.5	-0.0398513	0.0411001	-3.15782
9	21	0.225	0.525	0.0178018	0.0491294	-2.11593
9	22	0.225	0.55	-0.0387826	0.0562811	-3.18184
9	23	0.225	0.575	0.0137779	0.0366406	-2.38411
9	24	0.225	0.6	-0.000126691	0.0597602	-2.74348
9	25	0.225	0.625	-0.0127883	0.033072	-2.89446
9	26	0.225	0.65	0.0619085	0.0417262	-2.38716
9	27	0.225	0.675	-0.0261315	0.0333378	-3.04312
9	28	0.225	0.7	0.110975	0.0128067	-2.53754
9	29	0.225	0.725	0.020695	0.0138137	-2.77149
9	30	0.225	0.75	0.128366	-0.0118701	-2.82506
9	31	0.225	0.775	0.137983	-0.0389342	-2.769
9	32	0.225	0.8	0.146359	-0.0398734	-2.49634
9	33	0.225	0.825	0.289516	-0.106585	-3.4948
9	34	0.225	0.85	0.234379	-0.099618	-1.61656
9	35	0.225	0.875	0.443525	-0.161004	-4.25549
9	36	0.225	0.9	0.433102	-0.195343	-1.2954
9	37	0.225	0.925	0.619798	-0.203751	-3.96396
9	38	0.225	0.95	0.709461	-0.270518	-2.04965
9	39	0.225	0.975	0.857616	-0.283979	-3.26686
9	40	0.225	1	1	0	0
10	0	0.25	0	0	0	-2.43518
10	1	0.25	0.025	-0.00561813	0.000882948	-2.43518
10	2	0.25	0.05	-0.010083	-0.00121917	-2.47428
10	3	0.25	0.075	-0.0119717	0.00267415	-2.3607
10	4	0.25	0.1	-0.0141201	0.00428035	-2.50873
10	5	0.25	0.125	-0.0146288	0.00403588	-2.36549
10	6	0.25	0.15	-0.0141308	0.0130629	-2.41246
10	7	0.25	0.175	-0.0166989	0.00738507	-2.51787
10	8	0.25	0.2	-0.0133361	0.0184261	-2.22016
10	9	0.25	0.225	-0.0182796	0.0170553	-2.66372
10	10	0.25	0.25	-0.0150122	0.017314	-2.17626
10	11	0.25	0.275	-0.017408	0.0312586	-2.53565
10	12	0.25	0.3	-0.0206737	0.0158534	-2.47335
10	13	0.25	0.325	-0.0139828	0.0399813	-2.11068
10	14	0.25	0.35	-0.0272028	0.0248681	-2.90808
10	15	0.25	0.375	-0.0125767	0.0349713	-1.80718
10	16	0.25	0.4	-0.0269433	0.0458623	-2.93827
10	17	0.25	0.425	-0.0193524	0.0226141	-2.13057
10	18	0.25	0.45	-0.0146895	0.0634276	-2.27906
10	19	0.25	0.475	-0.0332002	0.0219283	-3.00292
10	20	0.25	0.5	0.00339838	0.0584193	-1.42743
10	21	0.25	0.525	-0.0391356	0.0432802	-3.59109
10	22	0.25	0.55	0.0110577	0.0310885	-1.33951
10	23	0.25	0.575	-0.0167372	0.0697408	-3.09499
10	24	0.25	0.6	-0.00241676	0.00610675	-2.382
10	25	0.25	0.625	0.0373412	0.0691157	-1.76598
10	26	0.25	0.65	-0.0214811	0.00696013	-3.70518
10	27	0.25	0.675	0.0988978	0.0288197	-0.855618
10	28	0.25	0.7	-0.00192046	0.02295	-4.00108
10	29	0.25	0.725	0.135968	-0.0279227	-1.2997
10	30	0.25	0.75	0.0933205	0.0131028	-3.01675
10	31	0.25	0.775	0.14623	-0.0675025	-2.5569
10	32	0.25	0.8	0.252458	-0.0466552	-1.94964
10	33	0.25	0.825	0.182112	-0.0894252	-3.16528
10	34	0.25	0.85	0.426728	-0.130845	-1.98442
10	35	0.25	0.875	0.318296	-0.130064	-2.62557
10	36	0.25	0.9	0.587869	-0.193201	-2.72309
10	37	0.25	0.925	0.568777	-0.202445	-2.06336
10	38	0.25	0.95	0.764699	-0.22088	-2.8265
10	39	0.25	0.975	0.859672	-0.279828	-2.59714
10	40	0.25	1	1	0	0
11	0	0.275	0	0	0	-2.1944
11	1	0.275	0.025	-0.0070516	-0.00130195	-2.1944
11	2	0.275	0.05	-0.0124624	0.00161674	-2.14057
11	3	0.275	0.075	-0.0151733	0.000650811	-2.24785
11	4	0.275	0.1	-0.0182739	0.00274115	-2.09281
11	5	0.275	0.125	-0.0178124	0.00841401	-2.21746
11	6	0.275	0.15	-0.0198591	0.00409153	-2.18918
11	7	0.275	0.175	-0.0191288	0.0158375	-2.03874
11	8	0.275	0.2	-0.0196925	0.010381	-2.38044
11	9	0.275	0.225	-0.0211681	0.0168679	-1.88524
11	10	0.275	0.25	-0.0195435	0.0237204	-2.39749
11	11	0.275	0.275	-0.0235983	0.0130992	-2.04483
11	12	0.275	0.3	-0.0204672	0.0368716	-2.03803
11	13	0.275	0.325	-0.0251715	0.0154872	-2.52959
11	14	0.275	0.35	-0.0227468	0.0374627	-1.54517
11	15	0.275	0.375	-0.0245938	0.033128	-2.85028
11	16	0.275	0.4	-0.026054	0.0230618	-1.55034
11	17	0.275	0.425	-0.0207547	0.0578818	-2.41267
11	18	0.275	0.45	-0.0293288	0.0105032	-2.39736
11	19	0.275	0.475	-0.0139949	0.0656676	-1.31064
11	20	0.275	0.5	-0.0287998	0.0224712	-3.48153
11	21	0.275	0.525	-0.00741437	0.0405736	-0.582013
11	22	0.275	0.55	-0.0162313	0.0583596	-3.55844
11	23	0.275	0.575	-0.00539105	-0.00176594	-1.32145
11	24	0.275	0.6	0.0155381	0.0836253	-2.05551
11	25	0.275	0.625	-0.00649441	-0.0220636	-3.3306
11	26	0.275	0.65	0.0627755	0.0597102	-0.0335987
11	27	0.275	0.675	0.00791375	0.000587392	-4.87367
11	28	0.275	0.7	0.110167	-0.0131698	0.541975
11	29	0.275	0.725	0.0703145	0.0344187	-4.26798
11	30	0.275	0.75	0.143249	-0.0885852	-1.18929
11	31	0.275	0.775	0.197139	0.0197006	-1.83346
11	32	0.275	0.8	0.173909	-0.118378	-3.77554
11	33	0.275	0.825	0.367446	-0.0639967	0.187333
11	34	0.275	0.85	0.257414	-0.111731	-4.80803
11	35	0.275	0.875	0.541426	-0.167705	0.0415445
11	36	0.275	0.9	0.448368	-0.127721	-3.72058
11	37	0.275	0.925	0.702682	-0.223589	-1.47433
11	38	0.275	0.95	0.724377	-0.183281	-2.35297
11	39	0.275	0.975	0.884371	-0.250107	-2.50105
11	40	0.275	1	1	0	0
12	0	0.3	0	0	0	-1.92409
12	1	0.3	0.025	-0.00852775	0.000641059	-1.92409
12	2	0.3	0.05	-0.0137882	-0.000992875	-1.95719
12	3	0.3	0.075	-0.0198925	0.00170664	-1.86724
12	4	0.3	0.1	-0.0194565	0.00379182	-1.97242
12	5	0.3	0.125	-0.0237168	0.00279165	-1.88861
12	6	0.3	0.15	-0.0227805	0.0110204	-1.87275
12	7	0.3	0.175	-0.0223439	0.00630919	-2.02649
12	8	0.3	0.2	-0.0268573	0.0149237	-1.71251
12	9	0.3	0.225	-0.0202585	0.0156532	-2.12523
12	10	0.3	0.25	-0.0294532	0.0132294	-1.71901
12	11	0.3	0.275	-0.0224648	0.028456	-1.94938
12	12	0.3	0.3	-0.0271476	0.0120448	-2.04604
12	13	0.3	0.325	-0.0299833	0.0348454	-1.51452
12	14	0.3	0.35	-0.0212947	0.021742	-2.45428
12	15	0.3	0.375	-0.0370018	0.0267858	-1.27023
12	16	0.3	0.4	-0.0182717	0.0433512	-2.37438
12	17	0.3	0.425	-0.0351044	0.0112979	-1.74231
12	18	0.3	0.45	-0.0224633	0.060058	-1.52285
12	19	0.3	0.475	-0.0219484	0.00993551	-2.80742
12	20	0.3	0.5	-0.0292213	0.0493672	-0.505736
12	21	0.3	0.525	-0.00359143	0.0364916	-3.43662
12	22	0.3	0.55	-0.0266497	0.0094127	-0.546986
12	23	0.3	0.575	0.0133363	0.072899	-2.54459
12	24	0.3	0.6	-0.00656139	-0.0287733	-2.24061
12	25	0.3	0.625	0.0302201	0.0763233	-0.339629
12	26	0.3	0.65	0.0302046	-0.0259077	-4.48588
12	27	0.3	0.675	0.057331	0.01967	1.3474
12	28	0.3	0.7	0.0843402	0.0183678	-5.08036
12	29	0.3	0.725	0.103853	-0.0732636	0.538609
12	30	0.3	0.75	0.165999	0.0498381	-2.87467
12	31	0.3	0.775	0.168151	-0.138602	-2.70802
12	32	0.3	0.8	0.285951	0.0084084	0.663908
12	33	0.3	0.825	0.254631	-0.134775	-5.7993
12	34	0.3	0.85	0.443029	-0.102982	2.52026
12	35	0.3	0.875	0.394629	-0.0989226	-6.06354
12	36	0.3	0.9	0.618112	-0.207253	1.26511
12	37	0.3	0.925	0.612631	-0.109096	-3.84042
12	38	0.3	0.95	0.795697	-0.227843	-1.12719
12	39	0.3	0.975	0.871858	-0.193982	-2.28395
12	40	0.3	1	1	0	0
13	0	0.325	0	0	0	-1.67691
13	1	0.325	0.025	-0.00915547	-0.000592891	-1.67691
13	2	0.325	0.05	-0.017598	0.000326334	-1.65491
13	3	0.325	0.075	-0.0193821	0.00104631	-1.68487
13	4	0.325	0.1	-0.0263197	0.0018226	-1.64735
13	5	0.325	0.125	-0.0243985	0.00578833	-1.6504
13	6	0.325	0.15	-0.0264161	0.00478621	-1.69711
13	7	0.325	0.175	-0.030039	0.0102874	-1.57073
13	8	0.325	0.2	-0.0224263	0.0105685	-1.75746
13	9	0.325	0.225	-0.0349361	0.0120947	-1.53942
13	10	0.325	0.25	-0.0223504	0.0190536	-1.7058
13	11	0.325	0.275	-0.032931	0.0125916	-1.67004
13	12	0.325	0.3	-0.0315071	0.0259869	-1.48566
13	13	0.325	0.325	-0.0228458	0.0172462	-1.91441
13	14	0.325	0.35	-0.0445454	0.0253039	-1.27364
13	15	0.325	0.375	-0.0143858	0.029672	-1.97957
13	16	0.325	0.4	-0.0464467	0.0168762	-1.41649
13	17	0.325	0.425	-0.0203131	0.0436685	-1.5703
13	18	0.325	0.45	-0.0270534	0.0115178	-2.03646
13	19	0.325	0.475	-0.0399275	0.0441032	-0.841895
13	20	0.325	0.5	0.00446669	0.0228358	-2.65343
13	21	0.325	0.525	-0.0515477	0.0212519	-0.541385
13	22	0.325	0.55	0.0250365	0.0488228	-2.40729
13	23	0.325	0.575	-0.0281805	-0.0129229	-1.41263
13	24	0.325	0.6	0.0215243	0.0638767	-0.949527
13	25	0.325	0.625	0.0341834	-0.0278139	-3.20952
13	26	0.325	0.65	0.0111777	0.0369223	0.805797
13	27	0.325	0.675	0.110708	-0.00418313	-4.42422
13	28	0.325	0.7	0.0359132	-0.0358997	1.076
13	29	0.325	0.725	0.1757	0.0358322	-3.43911
13	30	0.325	0.75	0.123658	-0.11519	-1.16983
13	31	0.325	0.775	0.232948	0.03797	-0.270171
13	32	0.325	0.8	0.258062	-0.144833	-4.73615
13	33	0.325	0.825	0.320314	-0.0335613	2.88087
13	34	0.325	0.85	0.40746	-0.11167	-6.78812
13	35	0.325	0.875	0.474344	-0.148161	3.35019
13	36	0.325	0.9	0.571717	-0.0743412	-5.62433
13	37	0.325	0.925	0.679602	-0.220227	0.933208
13	38	0.325	0.95	0.771284	-0.0994663	-2.82482
13	39	0.325	0.975	0.890028	-0.218019	-1.61907
13	40	0.325	1	1	0	0
14	0	0.35	0	0	0	-1.41707
14	1	0.35	0.025	-0.0107714	-0.00053102	-1.41707
14	2	0.35	0.05	-0.0170465	0.000433543	-1.40197
14	3	0.35	0.075	-0.0256158	0.00016222	-1.43086
14	4	0.35	0.1	-0.0248529	0.0023938	-1.3708
14	5	0.35	0.125	-0.0299708	0.00376604	-1.44083
14	6	0.35	0.15	-0.0309848	0.00477681	-1.36585
14	7	0.35	0.175	-0.0266709	0.00867782	-1.40972
14	8	0.35	0.2	-0.0375072	0.00777306	-1.40852
14	9	0.35	0.225	-0.0237616	0.0130213	-1.33914
14	10	0.35	0.25	-0.0385853	0.0121039	-1.47092
14	11	0.35	0.275	-0.0300361	0.0156378	-1.27856
14	12	0.35	0.3	-0.0292062	0.0178142	-1.48901
14	13	0.35	0.325	-0.0451002	0.016578	-1.29462
14	14	0.35	0.35	-0.0160856	0.0237966	-1.40403
14	15	0.35	0.375	-0.0542028	0.0169961	-1.42533
14	16	0.35	0.4	-0.0158949	0.0277244	-1.21103
14	17	0.35	0.425	-0.0394696	0.0190044	-1.62952
14	18	0.35	0.45	-0.0373485	0.0264036	-1.00785
14	19	0.35	0.475	-0.00195066	0.0247092	-1.74523
14	20	0.35	0.5	-0.0629894	0.0176621	-1.00858
14	21	0.35	0.525	0.0313027	0.0328701	-1.53464
14	22	0.35	0.55	-0.0543965	0.00409388	-1.42511
14	23	0.35	0.575	0.0299637	0.0356931	-0.891499
14	24	0.35	0.6	0.0120668	-0.00517074	-2.18946
14	25	0.35	0.625	-0.00415775	0.021444	-0.107736
14	26	0.35	0.65	0.113489	-0.00113722	-2.76249
14	27	0.35	0.675	-0.0202164	-0.0158858	0.103787
14	28	0.35	0.7	0.196309	0.0126401	-2.38763
14	29	0.35	0.725	0.0492098	-0.0663504	-0.920371
14	30	0.35	0.75	0.227264	0.0162714	-0.741316
14	31	0.35	0.775	0.217511	-0.104415	-3.04174
14	32	0.35	0.8	0.235866	-0.0142597	1.51093
14	33	0.35	0.825	0.422157	-0.107305	-5.02854
14	34	0.35	0.85	0.309521	-0.0842061	2.82577
14	35	0.35	0.875	0.594319	-0.0821784	-5.33442
14	36	0.35	0.9	0.504834	-0.160804	1.98325
14	37	0.35	0.925	0.732875	-0.0727248	-3.62794
14	38	0.35	0.95	0.764495	-0.18425	-0.249855
14	39	0.35	0.975	0.894642	-0.13014	-1.86242
14	40	0.35	1	1	0	0
15	0	0.375	0	0	0	-1.15208
15	1	0.375	0.025	-0.0109487	0.000676023	-1.15208
15	2	0.375	0.05	-0.0207819	-0.00150463	-1.18773
15	3	0.375	0.075	-0.0240414	0.00142116	-1.08863
15	4	0.375	0.1	-0.0307923	0.00173801	-1.22401
15	5	0.375	0.125	-0.0311344	0.00107747	-1.08592
15	6	0.375	0.15	-0.0310361	0.0075903	-1.15053
15	7	0.375	0.175	-0.0375042	0.00203561	-1.2082
15	8	0.375	0.2	-0.0278025	0.0109397	-0.985293
15	9	0.375	0.225	-0.0409388	0.0078749	-1.34276
15	10	0.375	0.25	-0.030051	0.00905537	-0.915347
15	11	0.375	0.275	-0.0357411	0.0176057	-1.27636
15	12	0.375	0.3	-0.0417277	0.00574365	-1.10987
15	13	0.375	0.325	-0.0235114	0.0241541	-0.951825
15	14	0.375	0.35	-0.0538692	0.00866815	-1.46846
15	15	0.375	0.375	-0.017546	0.0206698	-0.629495
15	16	0.375	0.4	-0.0484057	0.0205158	-1.61722
15	17	0.375	0.425	-0.031305	0.00893342	-0.701973
15	18	0.375	0.45	-0.0173724	0.0333251	-1.25491
15	19	0.375	0.475	-0.058412	-9.71189e-05	-1.27683
15	20	0.375	0.5	0.0210172	0.0339612	-0.531069
15	21	0.375	0.525	-0.0654065	0.00361206	-1.95497
15	22	0.375	0.55	0.0330294	0.0164262	-0.0218793
15	23	0.375	0.575	-0.0163797	0.0176521	-2.10392
15	24	0.375	0.6	0.00275894	-0.0111585	-0.257073
15	25	0.375	0.625	0.0849927	0.0269131	-1.43109
15	26	0.375	0.65	-0.0367598	-0.0324158	-1.21187
15	27	0.375	0.675	0.187242	0.0161346	-0.309761
15	28	0.375	0.7	-0.00831179	-0.0383564	-2.2602
15	29	0.375	0.725	0.23271	-0.0156854	0.513854
15	30	0.375	0.75	0.143216	-0.0380805	-2.72919
15	31	0.375	0.775	0.211655	-0.0524461	0.630602
15	32	0.375	0.8	0.380672	-0.0483851	-2.56198
15	33	0.375	0.825	0.200486	-0.0773721	0.33722
15	34	0.375	0.85	0.602841	-0.0706694	-2.26784
15	35	0.375	0.875	0.320213	-0.095044	0.0759349
15	36	0.375	0.9	0.74387	-0.0884047	-2.07121
15	37	0.375	0.925	0.590127	-0.118211	-0.310951
15	38	0.375	0.95	0.841287	-0.0960027	-1.60565
15	39	0.375	0.975	0.879014	-0.141352	-1.11705
15	40	0.375	1	1	0	0
16	0	0.4	0	0	0	-0.908929
16	1	0.4	0.025	-0.012105	-0.00163794	-0.908929
16	2	0.4	0.05	-0.0204531	0.00156509	-0.845903
16	3	0.4	0.075	-0.027982	-0.000802675	-0.982789
16	4	0.4	0.1	-0.0309214	0.000147388	-0.792325
16	5	0.4	0.125	-0.0331065	0.00526711	-0.949058
16	6	0.4	0.15	-0.0369125	-0.00197927	-0.912916
16	7	0.4	0.175	-0.0324782	0.0101112	-0.73519
16	8	0.4	0.2	-0.0402895	0.00158189	-1.14191
16	9	0.4	0.225	-0.0331876	0.0072671	-0.552523
16	10	0.4	0.25	-0.0385574	0.0131009	-1.16328
16	11	0.4	0.275	-0.0398074	-0.00100903	-0.730134
16	12	0.4	0.3	-0.0313105	0.024143	-0.751632
16	13	0.4	0.325	-0.0488041	-0.00261019	-1.27877
16	14	0.4	0.35	-0.0256565	0.0212416	-0.175357
16	15	0.4	0.375	-0.048363	0.0121837	-1.66559
16	16	0.4	0.4	-0.0317191	0.00162729	-0.118402
16	17	0.4	0.425	-0.0292599	0.0354047	-1.23531
16	18	0.4	0.45	-0.0493666	-0.0178614	-0.990006
16	19	0.4	0.475	0.000776834	0.0428574	-0.0153016
16	20	0.4	0.5	-0.0584276	-0.0131462	-2.24648
16	21	0.4	0.525	0.0182392	0.0165818	0.985098
16	22	0.4	0.55	-0.0286041	0.0200671	-2.5971
16	23	0.4	0.575	0.00505583	-0.0325841	0.525721
16	24	0.4	0.6	0.0490272	0.0530554	-1.19606
16	25	0.4	0.625	-0.0255638	-0.0664591	-1.56975
16	26	0.4	0.65	0.142855	0.0451991	1.257
16	27	0.4	0.675	-0.0186443	-0.0515218	-3.8088
16	28	0.4	0.7	0.203441	-0.0169632	2.75519
16	29	0.4	0.725	0.0887543	0.000857518	-4.06737
16	30	0.4	0.75	0.202812	-0.097687	1.66398
16	31	0.4	0.775	0.298589	0.0328723	-1.71819
16	32	0.4	0.8	0.171363	-0.131563	-1.4159
16	33	0.4	0.825	0.536096	-0.00303636	1.30752
16	34	0.4	0.85	0.214545	-0.0916589	-3.71721
16	35	0.4	0.875	0.717211	-0.0841292	2.22729
16	36	0.4	0.9	0.422709	-0.0397577	-3.26173
16	37	0.4	0.925	0.817366	-0.130977	0.648838
16	38	0.4	0.95	0.734249	-0.0498774	-1.44441
16	39	0.4	0.975	0.913863	-0.119109	-0.941292
16	40	0.4	1	1	0	0
17	0	0.425	0	0	0	-0.62938
17	1	0.425	0.025	-0.0124562	0.00125594	-0.62938
17	2	0.425	0.05	-0.0218358	-0.00219095	-0.694254
17	3	0.425	0.075	-0.0289918	0.000727768	-0.542192
17	4	0.425	0.1	-0.0319454	0.00194821	-0.728918
17	5	0.425	0.125	-0.036737	-0.0028867	-0.58965
17	6	0.425	0.15	-0.0351259	0.0079356	-0.56295
17	7	0.425	0.175	-0.0391145	-0.00317736	-0.8265
17	8	0.425	0.2	-0.0373987	0.00730176	-0.305861
17	9	0.425	0.225	-0.0378355	0.00582702	-0.979117
17	10	0.425	0.25	-0.0415378	-0.00214445	-0.332843
17	11	0.425	0.275	-0.0348478	0.0193981	-0.683791
17	12	0.425	0.3	-0.0452664	-0.00970892	-0.854379
17	13	0.425	0.325	-0.0341742	0.0220773	-0.00875518
17	14	0.425	0.35	-0.0429353	-0.000151289	-1.46324
17	15	0.425	0.375	-0.0393163	0.00346684	0.345993
17	16	0.425	0.4	-0.0311696	0.0263247	-1.3164
17	17	0.425	0.425	-0.0475003	-0.0243384	-0.358228
17	18	0.425	0.45	-0.0150791	0.0450185	-0.0529914
17	19	0.425	0.475	-0.0468226	-0.0305067	-1.90097
17	20	0.425	0.5	-0.00649247	0.0261941	1.44243
17	21	0.425	0.525	-0.0218546	0.00381423	-2.83272
17	22	0.425	0.55	-0.0116296	-0.0312879	1.48239
17	23	0.425	0.575	0.0310029	0.0557021	-1.64307
17	24	0.425	0.6	-0.0192621	-0.0860559	-0.817058
17	25	0.425	0.625	0.0927916	0.0704849	1.49752
17	26	0.425	0.65	0.0012793	-0.082269	-4.13385
17	27	0.425	0.675	0.137186	0.0100997	4.24402
17	28	0.425	0.7	0.085327	-0.00728852	-5.45259
17	29	0.425	0.725	0.155656	-0.103019	3.6846
17	30	0.425	0.75	0.238513	0.0772453	-2.70352
17	31	0.425	0.775	0.164027	-0.183657	-0.846867
17	32	0.425	0.8	0.422502	0.0810932	2.7253
17	33	0.425	0.825	0.208375	-0.149077	-6.15356
17	34	0.425	0.85	0.594391	-0.0214143	6.46994
17	35	0.425	0.875	0.354081	-0.0270225	-7.5836
17	36	0.425	0.9	0.733934	-0.14261	5.24876
17	37	0.425	0.925	0.609003	0.0408459	-4.34364
17	38	0.425	0.95	0.847451	-0.152556	1.11134
17	39	0.425	0.975	0.881316	-0.028719	-1.05755
17	40	0.425	1	1	0	0
18	0	0.45	0	0	0	-0.392
18	1	0.45	0.025	-0.0126287	-0.00154591	-0.392
18	2	0.45	0.05	-0.0234006	0.00100358	-0.332087
18	3	0.45	0.075	-0.0280295	-0.000560778	-0.452836
18	4	0.45	0.1	-0.0358644	-0.0018724	-0.31099
18	5	0.45	0.125	-0.034757	0.00434067	-0.380232
18	6	0.45	0.15	-0.0389792	-0.00454235	-0.467316
18	7	0.45	0.175	-0.0397205	0.0059741	-0.157017
18	8	0.45	0.2	-0.0364902	-0.000182131	-0.66294
18	9	0.45	0.225	-0.0447955	-0.000858673	-0.0606902
18	10	0.45	0.25	-0.0341703	0.0112177	-0.550036
18	11	0.45	0.275	-0.0459873	-0.0105302	-0.392807
18	12	0.45	0.3	-0.0377506	0.0179193	-0.00519599
18	13	0.45	0.325	-0.0391687	-0.00846305	-0.993563
18	14	0.45	0.35	-0.0473548	0.00628894	0.497948
18	15	0.45	0.375	-0.0269716	0.0122171	-1.14141
18	16	0.45	0.4	-0.0538424	-0.0204477	0.17192
18	17	0.45	0.425	-0.0193934	0.035143	-0.233013
18	18	0.45	0.45	-0.0437552	-0.0361039	-1.15323
18	19	0.45	0.475	-0.0250102	0.0293314	1.28388
18	20	0.45	0.5	-0.0112252	-0.0139777	-2.38251
18	21	0.45	0.525	-0.0379415	-0.0188003	1.86084
18	22	0.45	0.55	0.0330668	0.0377648	-1.84639
18	23	0.45	0.575	-0.03434	-0.0799931	0.169775
18	24	0.45	0.6	0.0654679	0.0699662	0.939506
18	25	0.45	0.625	0.0125018	-0.095754	-3.17262
18	26	0.45	0.65	0.0712996	0.0323568	4.17846
18	27	0.45	0.675	0.109426	-0.0333519	-5.37722
18	28	0.45	0.7	0.0714292	-0.0749541	4.74287
18	29	0.45	0.725	0.231768	0.0678692	-3.65069
18	30	0.45	0.75	0.113273	-0.182269	0.832785
18	31	0.45	0.775	0.338897	0.11738	1.94927
18	32	0.45	0.8	0.223991	-0.191076	-5.60787
18	33	0.45	0.825	0.424324	0.0521885	7.73101
18	34	0.45	0.85	0.391263	-0.0729068	-9.60261
18	35	0.45	0.875	0.538843	-0.0905117	8.94615
18	36	0.45	0.9	0.588108	0.0650143	-7.79532
18	37	0.45	0.925	0.710905	-0.174421	4.6855
18	38	0.45	0.95	0.792915	0.0725095	-2.68304
18	39	0.45	0.975	0.900292	-0.109264	0.0752524
18	40	0.45	1	1	0	0
19	0	0.475	0	0	0	-0.115758
19	1	0.475	0.025	-0.0133753	0.00045771	-0.115758
19	2	0.475	0.05	-0.021787	-0.00105657	-0.149191
19	3	0.475	0.075	-0.0322043	-0.000969786	-0.0845017
19	4	0.475	0.1	-0.0320999	0.00123268	-0.134823
19	5	0.475	0.125	-0.0390363	-0.0035776	-0.152135
19	6	0.475	0.15	-0.039067	0.00284971	-0.00708486
19	7	0.475	0.175	-0.0366176	-0.0025626	-0.286889
19	8	0.475	0.2	-0.046252	-0.000908158	0.094515
19	9	0.475	0.225	-0.0326093	0.004007	-0.268464
19	10	0.475	0.25	-0.0487209	-0.00840365	-0.0639122
19	11	0.475	0.275	-0.0363344	0.00975237	0.059646
19	12	0.475	0.3	-0.0402315	-0.0100582	-0.470799
19	13	0.475	0.325	-0.049796	0.00393986	0.463647
19	14	0.475	0.35	-0.0244298	0.00188294	-0.676688
19	15	0.475	0.375	-0.0608997	-0.0151163	0.373674
19	16	0.475	0.4	-0.016563	0.0195739	-0.154172
19	17	0.475	0.425	-0.0502398	-0.0308962	-0.498184
19	18	0.475	0.45	-0.0297961	0.0200794	0.965063
19	19	0.475	0.475	-0.0108163	-0.0202599	-1.51196
19	20	0.475	0.5	-0.0558664	-0.0126753	1.60557
19	21	0.475	0.525	0.0381992	0.0177829	-1.35784
19	22	0.475	0.55	-0.0595377	-0.0624876	0.573267
19	23	0.475	0.575	0.0612227	0.0484519	0.620864
19	24	0.475	0.6	-0.00239724	-0.0830047	-1.96721
19	25	0.475	0.625	0.0373601	0.0273629	3.27726
19	26	0.475	0.65	0.11681	-0.0406254	-3.95862
19	27	0.475	0.675	-0.00320668	-0.0535034	4.1205
19	28	0.475	0.7	0.246917	0.0409513	-3.00713
19	29	0.475	0.725	0.0237963	-0.143749	1.41327
19	30	0.475	0.75	0.316854	0.0938038	1.23937
19	31	0.475	0.775	0.183101	-0.166936	-3.78877
19	32	0.475	0.8	0.30483	0.0654456	6.36166
19	33	0.475	0.825	0.432534	-0.0911008	-7.94367
19	34	0.475	0.85	0.305878	-0.0327891	8.74618
19	35	0.475	0.875	0.657506	0.0305372	-8.00134
19	36	0.475	0.9	0.461444	-0.123017	6.51921
19	37	0.475	0.925	0.79627	0.0932847	-4.26245
19	38	0.475	0.95	0.746976	-0.115185	1.93635
19	39	0.475	0.975	0.912004	0.0330069	-0.632449
19	40	0.475	1	1	0	0
20	0	0.5	0	0	0	0.13455
20	1	0.5	0.025	-0.0126892	-0.000240935	0.13455
20	2	0.5	0.05	-0.0245567	-0.000971427	0.137022
20	3	0.5	0.075	-0.0279172	0.000152948	0.150545
20	4	0.5	0.1	-0.0371326	-0.00252158	0.0999629
20	5	0.5	0.125	-0.0364216	-0.000104611	0.211
20	6	0.5	0.15	-0.0376337	-0.0022076	0.047193
20	7	0.5	0.175	-0.0446548	-0.00311068	0.240298
20	8	0.5	0.2	-0.032769	0.0006224	0.0896645
20	9	0.5	0.225	-0.049718	-0.00757864	0.128915
20	10	0.5	0.25	-0.0336836	0.00226466	0.28818
20	11	0.5	0.275	-0.0437085	-0.0082738	-0.0890152
20	12	0.5	0.3	-0.0465207	-0.0029377	0.489021
20	13	0.5	0.325	-0.0270493	-0.00142037	-0.147964
20	14	0.5	0.35	-0.0619354	-0.0152324	0.371968
20	15	0.5	0.375	-0.0151377	0.00769112	0.233182
20	16	0.5	0.4	-0.0578777	-0.0243292	-0.19006
20	17	0.5	0.425	-0.0262047	0.00497538	0.923303
20	18	0.5	0.45	-0.0210223	-0.0161233	-0.75408
20	19	0.5	0.475	-0.0578968	-0.0191168	1.21436
20	20	0.5	0.5	0.0319048	0.00903712	-0.477488
20	21	0.5	0.525	-0.0748313	-0.0524965	0.362413
20	22	0.5	0.55	0.0600525	0.0260453	0.995496
20	23	0.5	0.575	-0.0288693	-0.0616513	-1.38989
20	24	0.5	0.6	0.0319543	0.00307703	2.71209
20	25	0.5	0.625	0.0922134	-0.0239455	-2.44317
20	26	0.5	0.65	-0.033709	-0.0611715	2.80865
20	27	0.5	0.675	0.235809	0.034999	-1.1442
20	28	0.5	0.7	-0.0473542	-0.118255	0.319377
20	29	0.5	0.725	0.31391	0.0567811	2.21906
20	30	0.5	0.75	0.0964268	-0.108987	-3.26574
20	31	0.5	0.775	0.268204	0.0140614	5.2429
20	32	0.5	0.8	0.392014	-0.0368786	-5.10672
20	33	0.5	0.825	0.158983	-0.0509312	5.69448
20	34	0.5	0.85	0.693688	0.0313672	-4.15995
20	35	0.5	0.875	0.195381	-0.0713309	3.8047
20	36	0.5	0.9	0.860012	0.0518242	-2.03756
20	37	0.5	0.925	0.497279	-0.0441779	1.55608
20	38	0.5	0.95	0.899262	0.0360981	-0.46134
20	39	0.5	0.975	0.864979	-0.00901445	0.258368
20	40	0.5	1	1	0	0
21	0	0.525	0	0	0	0.391334
21	1	0.525	0.025	-0.0133601	-0.00103788	0.391334
21	2	0.525	0.05	-0.0217588	0.000706086	0.42236
21	3	0.525	0.075	-0.0318294	-0.00243871	0.336394
21	4	0.525	0.1	-0.0329599	-0.00102787	0.480692
21	5	0.525	0.125	-0.0373576	-0.00152901	0.308592
21	6	0.525	0.15	-0.0411943	-0.00547197	0.457933
21	7	0.525	0.175	-0.0343214	0.000373097	0.409882
21	8	0.525	0.2	-0.047489	-0.00923358	0.300111
21	9	0.525	0.225	-0.0328962	-0.00124253	0.610925
21	10	0.525	0.25	-0.0454225	-0.00771946	0.137618
21	11	0.525	0.275	-0.0417054	-0.00944884	0.69367
21	12	0.525	0.3	-0.0322326	-0.000934675	0.232126
21	13	0.525	0.325	-0.0567514	-0.0204046	0.428338
21	14	0.525	0.35	-0.0189136	0.00317374	0.695419
21	15	0.525	0.375	-0.0592605	-0.0236238	-0.103745
21	16	0.525	0.4	-0.023756	-0.00626256	1.21482
21	17	0.525	0.425	-0.032375	-0.011123	-0.373477
21	18	0.525	0.45	-0.0507725	-0.0312123	1.14131
21	19	0.525	0.475	0.0150467	0.0100886	0.240783
21	20	0.525	0.5	-0.0730683	-0.0555761	0.0721573
21	21	0.525	0.525	0.0470472	0.0156566	1.71489
21	22	0.525	0.55	-0.0445912	-0.0509186	-1.4151
21	23	0.525	0.575	0.0300137	-0.0183436	2.90272
21	24	0.525	0.6	0.0557942	-0.00435612	-1.71527
21	25	0.525	0.625	-0.029888	-0.0844998	2.10777
21	26	0.525	0.65	0.188934	0.0505307	0.470091
21	27	0.525	0.675	-0.0637723	-0.126423	-1.12124
21	28	0.525	0.7	0.276605	0.0481914	4.19908
21	29	0.525	0.725	0.0327469	-0.0784942	-4.42015
21	30	0.525	0.75	0.254532	-0.0387356	6.1215
21	31	0.525	0.775	0.295011	0.0391691	-4.11687
21	32	0.525	0.8	0.129445	-0.136133	3.55792
21	33	0.525	0.825	0.616196	0.106392	0.215682
21	34	0.525	0.85	0.0585933	-0.1132	-1.43674
21	35	0.525	0.875	0.84643	0.051638	4.08428
21	36	0.525	0.9	0.257754	0.024141	-3.40755
21	37	0.525	0.925	0.917092	-0.035	3.4282
21	38	0.525	0.95	0.671457	0.0923812	-1.1841
21	39	0.525	0.975	0.934802	-0.00894299	0.726347
21	40	0.525	1	1	0	0
22	0	0.55	0	0	0	0.662304
22	1	0.55	0.025	-0.0124929	0.00106638	0.662304
22	2	0.55	0.05	-0.0232553	-0.00259368	0.604571
22	3	0.55	0.075	-0.0284857	-1.25256e-05	0.743029
22	4	0.55	0.1	-0.0342106	-0.00186395	0.544258
22	5	0.55	0.125	-0.037459	-0.00583179	0.737505
22	6	0.55	0.15	-0.0350769	0.000703767	0.649904
22	7	0.55	0.175	-0.0433546	-0.0113709	0.544452
22	8	0.55	0.2	-0.0338883	-0.00125118	0.901863
22	9	0.55	0.225	-0.0436272	-0.00988573	0.329519
22	10	0.55	0.25	-0.038896	-0.011913	1.00933
22	11	0.55	0.275	-0.0354547	-0.00149921	0.441199
22	12	0.55	0.3	-0.0498598	-0.0255793	0.674714
22	13	0.55	0.325	-0.0251363	0.00288451	1.00717
22	14	0.55	0.35	-0.0541194	-0.0284296	0.0332209
22	15	0.55	0.375	-0.0265052	-0.00981217	1.59669
22	16	0.55	0.4	-0.0370023	-0.0122731	-0.23585
22	17	0.55	0.425	-0.0450578	-0.0391897	1.42965
22	18	0.55	0.45	-0.00178109	0.0115507	0.548422
22	19	0.55	0.475	-0.0625933	-0.0639914	0.146195
22	20	0.55	0.5	0.0247844	0.0148087	2.21777
22	21	0.55	0.525	-0.0432128	-0.0540955	-1.46493
22	22	0.55	0.55	0.0156374	-0.0254673	3.41027
22	23	0.55	0.575	0.0323059	0.000294834	-1.62407
22	24	0.55	0.6	-0.0243008	-0.0987386	2.3167
22	25	0.55	0.625	0.134514	0.062819	1.01624
22	26	0.55	0.65	-0.0443932	-0.145973	-1.52464
22	27	0.55	0.675	0.203169	0.0623548	5.46785
22	28	0.55	0.7	0.0287169	-0.0905057	-5.52885
22	29	0.55	0.725	0.19921	-0.045737	7.88185
22	30	0.55	0.75	0.224925	0.0670007	-5.0678
22	31	0.55	0.775	0.130151	-0.200115	4.19742
22	32	0.55	0.8	0.478022	0.18966	1.6488
22	33	0.55	0.825	0.0723584	-0.222189	-4.43427
22	34	0.55	0.85	0.69062	0.132541	9.57308
22	35	0.55	0.875	0.177556	-0.0179695	-9.96436
22	36	0.55	0.9	0.823304	-0.0562886	10.6582
22	37	0.55	0.925	0.504298	0.195191	-6.59746
22	38	0.55	0.95	0.885066	-0.118488	4.31867
22	39	0.55	0.975	0.865252	0.15254	-0.259148
22	40	0.55	1	1	0	0
23	0	0.575	0	0	0	0.900911
23	1	0.575	0.025	-0.0123843	-0.00183647	0.900911
23	2	0.575	0.05	-0.0217142	0.00124767	0.968256
23	3	0.575	0.075	-0.0282072	-0.0026064	0.810626
23	4	0.575	0.1	-0.0335825	-0.0039815	1.01546
23	5	0.575	0.125	-0.0333673	2.99145e-06	0.855254
23	6	0.575	0.15	-0.0392607	-0.0115575	0.859393
23	7	0.575	0.175	-0.0344699	-0.000433413	1.10698
23	8	0.575	0.2	-0.0397096	-0.0128083	0.594365
23	9	0.575	0.225	-0.0382137	-0.0106016	1.29936
23	10	0.575	0.25	-0.0347829	-0.00488066	0.604771
23	11	0.575	0.275	-0.0451291	-0.0267723	1.04358
23	12	0.575	0.3	-0.0290738	0.00184112	1.14027
23	13	0.575	0.325	-0.0471654	-0.0335906	0.360798
23	14	0.575	0.35	-0.0315332	-0.00879236	1.83492
23	15	0.575	0.375	-0.0347495	-0.0190345	-0.0598602
23	16	0.575	0.4	-0.0448592	-0.0394821	1.82143
23	17	0.575	0.425	-0.0107193	0.00705904	0.603414
23	18	0.575	0.45	-0.0546864	-0.0682571	0.590055
23	19	0.575	0.475	0.00497267	0.0141343	2.29941
23	20	0.575	0.5	-0.034749	-0.0619856	-1.12992
23	21	0.575	0.525	-0.00642167	-0.0232768	3.66487
23	22	0.575	0.55	0.0262951	-0.0092516	-1.51783
23	23	0.575	0.575	-0.0340294	-0.0959228	2.82759
23	24	0.575	0.6	0.0993627	0.0562202	0.875477
23	25	0.575	0.625	-0.0302805	-0.149373	-0.841529
23	26	0.575	0.65	0.13223	0.0683427	5.35641
23	27	0.575	0.675	0.0547904	-0.110498	-5.17486
23	28	0.575	0.7	0.108203	-0.0238339	8.49458
23	29	0.575	0.725	0.216855	0.0405737	-5.72365
23	30	0.575	0.75	0.0774655	-0.191537	5.85374
23	31	0.575	0.775	0.381516	0.20396	0.526243
23	32	0.575	0.8	0.112897	-0.282032	-3.4113
23	33	0.575	0.825	0.483427	0.214273	10.6239
23	34	0.575	0.85	0.254048	-0.128882	-12.5787
23	35	0.575	0.875	0.567693	0.0215366	15.9149
23	36	0.575	0.9	0.494801	0.174061	-12.4958
23	37	0.575	0.925	0.711408	-0.16704	10.5873
23	38	0.575	0.95	0.765714	0.277371	-3.99444
23	39	0.575	0.975	0.895745	-0.0498417	2.0513
23	40	0.575	1	1	0	0
24	0	0.6	0	0	0	1.18121
24	1	0.6	0.025	-0.0118784	0.00117713	1.18121
24	2	0.6	0.05	-0.0202105	-0.00245849	1.11439
24	3	0.6	0.075	-0.0283116	-0.00149641	1.25152
24	4	0.6	0.1	-0.0291886	-0.00127881	1.09025
24	5	0.6	0.125	-0.0356724	-0.0092834	1.17827
24	6	0.6	0.15	-0.0329049	-0.000672993	1.26883
24	7	0.6	0.175	-0.0358941	-0.0138331	0.938108
24	8	0.6	0.2	-0.0374571	-0.00825432	1.49801
24	9	0.6	0.225	-0.0316604	-0.00922266	0.841987
24	10	0.6	0.25	-0.042798	-0.0240261	1.39019
24	11	0.6	0.275	-0.0287523	-0.0019826	1.22277
24	12	0.6	0.3	-0.042389	-0.0349357	0.813721
24	13	0.6	0.325	-0.0340243	-0.00824228	1.89684
24	14	0.6	0.35	-0.0304628	-0.0262856	0.298586
24	15	0.6	0.375	-0.0469401	-0.0352776	2.07874
24	16	0.6	0.4	-0.0122032	-0.00251339	0.693202
24	17	0.6	0.425	-0.052918	-0.0655216	1.12734
24	18	0.6	0.45	-0.00517748	0.00819052	2.15471
24	19	0.6	0.475	-0.030484	-0.0657985	-0.463037
24	20	0.6	0.5	-0.0231805	-0.0216094	3.52854
24	21	0.6	0.525	0.0256212	-0.0217442	-1.03451
24	22	0.6	0.55	-0.0510251	-0.0855769	3.04783
24	23	0.6	0.575	0.0841999	0.036767	0.823982
24	24	0.6	0.6	-0.0379378	-0.13455	0.0565282
24	25	0.6	0.625	0.0922595	0.0521348	4.59488
24	26	0.6	0.65	0.0632	-0.108025	-3.67769
24	27	0.6	0.675	0.0334151	-0.015687	7.50455
24	28	0.6	0.7	0.229676	0.00908071	-4.61935
24	29	0.6	0.725	-0.0150263	-0.147532	6.02617
24	30	0.6	0.75	0.35735	0.152514	-0.183128
24	31	0.6	0.775	0.075472	-0.243384	-1.10727
24	32	0.6	0.8	0.353042	0.207598	8.3829
24	33	0.6	0.825	0.327142	-0.170322	-9.96163
24	34	0.6	0.85	0.28265	0.0982917	15.2618
24	35	0.6	0.875	0.608843	0.0758653	-13.1066
24	36	0.6	0.9	0.374468	-0.0940351	13.8725
24	37	0.6	0.925	0.794983	0.278958	-7.46566
24	38	0.6	0.95	0.69021	-0.118624	5.45277
24	39	0.6	0.975	0.913311	0.219198	0.112572
24	40	0.6	1	1	0	0
25	0	0.625	0	0	0	1.41846
25	1	0.625	0.025	-0.0107677	-0.0012643	1.41846
25	2	0.625	0.05	-0.0205216	-2.65224e-06	1.46214
25	3	0.625	0.075	-0.0234606	-0.00176211	1.37163
25	4	0.625	0.1	-0.0314604	-0.00597984	1.45141
25	5	0.625	0.125	-0.0292042	-0.00171069	1.45781
25	6	0.625	0.15	-0.0329387	-0.0121587	1.29326
25	7	0.625	0.175	-0.0348225	-0.00699575	1.64296
25	8	0.625	0.2	-0.0285208	-0.0117491	1.16795
25	9	0.625	0.225	-0.0406316	-0.0200447	1.63851
25	10	0.625	0.25	-0.0257094	-0.00694139	1.38137
25	11	0.625	0.275	-0.0400293	-0.0322584	1.24481
25	12	0.625	0.3	-0.0321093	-0.0103835	1.90796
25	13	0.625	0.325	-0.0280579	-0.0298872	0.779205
25	14	0.625	0.35	-0.0464453	-0.0314529	2.16678
25	15	0.625	0.375	-0.0113347	-0.0123293	0.95819
25	16	0.625	0.4	-0.05339	-0.059011	1.52795
25	17	0.625	0.425	-0.00737994	-0.00168886	2.06722
25	18	0.625	0.45	-0.0325623	-0.0638937	0.246713
25	19	0.625	0.475	-0.0286465	-0.0245734	3.24067
25	20	0.625	0.5	0.0195707	-0.0296105	-0.301685
25	21	0.625	0.525	-0.0604164	-0.0782301	2.93009
25	22	0.625	0.55	0.0732497	0.0182251	1.16154
25	23	0.625	0.575	-0.0536357	-0.117201	0.551795
25	24	0.625	0.6	0.0771649	0.02633	4.12727
25	25	0.625	0.625	0.0420844	-0.0884664	-2.23594
25	26	0.625	0.65	0.00505854	-0.0342501	6.09462
25	27	0.625	0.675	0.211692	0.00679705	-2.50275
25	28	0.625	0.7	-0.0788621	-0.128453	4.49709
25	29	0.625	0.725	0.348387	0.101393	1.12403
25	30	0.625	0.75	-0.0148438	-0.17137	-0.676894
25	31	0.625	0.775	0.323279	0.125044	6.84308
25	32	0.625	0.8	0.284017	-0.101241	-6.15063
25	33	0.625	0.825	0.13142	0.0644732	10.9201
25	34	0.625	0.85	0.664914	0.0517107	-7.98674
25	35	0.625	0.875	0.0409427	-0.022073	10.4057
25	36	0.625	0.9	0.896044	0.187064	-5.24547
25	37	0.625	0.925	0.342616	-0.0385752	5.81195
25	38	0.625	0.95	0.926877	0.209223	-0.691113
25	39	0.625	0.975	0.824659	0.0722613	1.78864
25	40	0.625	1	1	0	0
26	0	0.65	0	0	0	1.6889
26	1	0.65	0.025	-0.0105092	0.000101888	1.6889
26	2	0.65	0.05	-0.0167208	-0.000951383	1.66617
26	3	0.65	0.075	-0.0253492	-0.00333496	1.6874
26	4	0.65	0.1	-0.0244094	-0.00213342	1.69968
26	5	0.65	0.125	-0.0298733	-0.00904212	1.60259
26	6	0.65	0.15	-0.0303261	-0.00678048	1.80812
26	7	0.65	0.175	-0.0263617	-0.0114078	1.51694
26	8	0.65	0.2	-0.0367576	-0.0171051	1.82006
26	9	0.65	0.225	-0.0225313	-0.0102792	1.63914
26	10	0.65	0.25	-0.0378223	-0.0280755	1.57223
26	11	0.65	0.275	-0.0274541	-0.0138581	1.99538
26	12	0.65	0.3	-0.0276751	-0.0294214	1.24075
26	13	0.65	0.325	-0.0417099	-0.0302076	2.20285
26	14	0.65	0.35	-0.011827	-0.0186361	1.34288
26	15	0.65	0.375	-0.0512233	-0.0529873	1.76391
26	16	0.65	0.4	-0.00724153	-0.0112442	2.15605
26	17	0.65	0.425	-0.036036	-0.0594183	0.800991
26	18	0.65	0.45	-0.0264866	-0.0300122	3.06023
26	19	0.65	0.475	0.00822998	-0.0330799	0.391136
26	20	0.65	0.5	-0.0577711	-0.0755853	2.76595
26	21	0.65	0.525	0.0562786	0.00622545	1.65855
26	22	0.65	0.55	-0.059591	-0.107834	0.733412
26	23	0.65	0.575	0.0647926	0.00785159	4.14589
26	24	0.65	0.6	0.0138181	-0.0741458	-1.45131
26	25	0.65	0.625	0.00665754	-0.0577506	5.38268
26	26	0.65	0.65	0.159817	0.0207721	-0.913573
26	27	0.65	0.675	-0.0817935	-0.144569	2.97084
26	28	0.65	0.7	0.297968	0.0910519	3.23709
26	29	0.65	0.725	-0.0698197	-0.145002	-2.08297
26	30	0.65	0.75	0.31046	0.0560128	7.82657
26	31	0.65	0.775	0.172048	-0.0134025	-5.01321
26	32	0.65	0.8	0.128692	-0.0521745	8.17651
26	33	0.65	0.825	0.568032	0.13695	-2.53605
26	34	0.65	0.85	-0.0944168	-0.0844903	3.6865
26	35	0.65	0.875	0.882972	0.165985	2.29128
26	36	0.65	0.9	0.0279365	0.038011	-0.362093
26	37	0.65	0.925	0.973317	0.103139	3.8279
26	38	0.65	0.95	0.551661	0.162512	-0.0236112
26	39	0.65	0.975	0.942908	0.116775	2.09961
26	40	0.65	1	1	0	0
27	0	0.675	0	0	0	1.94006
27	1	0.675	0.025	-0.00883651	1.56566e-05	1.94006
27	2	0.675	0.05	-0.017231	-0.00185984	1.92686
27	3	0.675	0.075	-0.0191827	-0.00120621	1.96615
27	4	0.675	0.1	-0.0253888	-0.00618783	1.86714
27	5	0.675	0.125	-0.0251265	-0.00622221	2.02688
27	6	0.675	0.15	-0.0243804	-0.00925803	1.82659
27	7	0.675	0.175	-0.0311724	-0.01537	2.00946
27	8	0.675	0.2	-0.0203918	-0.0107707	1.93415
27	9	0.675	0.225	-0.0338732	-0.0246765	1.82134
27	10	0.675	0.25	-0.0227173	-0.0160828	2.18667
27	11	0.675	0.275	-0.0270908	-0.0270727	1.60252
27	12	0.675	0.3	-0.0345095	-0.0304631	2.30552
27	13	0.675	0.325	-0.0136487	-0.0209551	1.71977
27	14	0.675	0.35	-0.0450757	-0.0492178	1.94175
27	15	0.675	0.375	-0.00814903	-0.0175726	2.36305
27	16	0.675	0.4	-0.0361648	-0.0554339	1.19748
27	17	0.675	0.425	-0.0229649	-0.0344633	3.05626
27	18	0.675	0.45	-0.00219592	-0.0352803	0.909568
27	19	0.675	0.475	-0.0491606	-0.0738282	2.76468
27	20	0.675	0.5	0.0361338	-0.00240287	2.02862
27	21	0.675	0.525	-0.0531802	-0.103877	0.97039
27	22	0.675	0.55	0.044718	-0.000737475	4.25797
27	23	0.675	0.575	-0.000355532	-0.0742625	-1.01124
27	24	0.675	0.6	0.00638483	-0.0651492	5.35571
27	25	0.675	0.625	0.106915	0.0217376	-0.357137
27	26	0.675	0.65	-0.0535318	-0.160779	2.70114
27	27	0.675	0.675	0.213583	0.100407	4.25673
27	28	0.675	0.7	-0.0547544	-0.167445	-3.0416
27	29	0.675	0.725	0.24508	0.0497998	9.54666
27	30	0.675	0.75	0.100566	0.00173689	-6.149
27	31	0.675	0.775	0.149155	-0.128648	9.02141
27	32	0.675	0.8	0.401166	0.224567	-1.16482
27	33	0.675	0.825	-0.0345924	-0.231766	0.294298
27	34	0.675	0.85	0.695056	0.258029	8.65143
27	35	0.675	0.875	-0.0548315	-0.0407903	-8.51167
27	36	0.675	0.9	0.869628	0.0684093	12.7395
27	37	0.675	0.925	0.314843	0.268941	-7.12522
27	38	0.675	0.95	0.904627	-0.048415	6.6816
27	39	0.675	0.975	0.819136	0.297427	0.46999
27	40	0.675	1	1	0	0
28	0	0.7	0	0	0	2.19149
28	1	0.7	0.025	-0.00825012	-0.0010779	2.19149
28	2	0.7	0.05	-0.0133261	0.000313991	2.21966
28	3	0.7	0.075	-0.0191734	-0.00425087	2.12595
28	4	0.7	0.1	-0.0200519	-0.00439948	2.27612
28	5	0.7	0.125	-0.0213017	-0.00698054	2.09102
28	6	0.7	0.15	-0.0251048	-0.0135398	2.24595
28	7	0.7	0.175	-0.0186473	-0.00926856	2.20151
28	8	0.7	0.2	-0.0281568	-0.0224058	2.06484
28	9	0.7	0.225	-0.0191561	-0.0157558	2.42496
28	10	0.7	0.25	-0.0245148	-0.0249912	1.88483
28	11	0.7	0.275	-0.0274349	-0.0299458	2.50227
28	12	0.7	0.3	-0.0147287	-0.0210482	2.0167
28	13	0.7	0.325	-0.0368055	-0.0468184	2.16335
28	14	0.7	0.35	-0.00977039	-0.0203841	2.57921
28	15	0.7	0.375	-0.0322291	-0.0527801	1.53424
28	16	0.7	0.4	-0.0208346	-0.0363812	3.15382
28	17	0.7	0.425	-0.007536	-0.0376134	1.30193
28	18	0.7	0.45	-0.0413475	-0.0703581	2.91198
28	19	0.7	0.475	0.020369	-0.011251	2.2304
28	20	0.7	0.5	-0.0431733	-0.0986064	1.40713
28	21	0.7	0.525	0.0231801	-0.00725189	4.16211
28	22	0.7	0.55	-0.000400793	-0.0800423	-0.413945
28	23	0.7	0.575	-0.00674681	-0.0587269	5.35582
28	24	0.7	0.6	0.076846	0.00198976	-0.181692
28	25	0.7	0.625	-0.0372529	-0.15088	3.33782
28	26	0.7	0.65	0.139599	0.0905475	3.84527
28	27	0.7	0.675	-0.0125932	-0.186129	-2.1895
28	28	0.7	0.7	0.144834	0.0723123	9.64484
28	29	0.7	0.725	0.105488	-0.0481757	-6.5687
28	30	0.7	0.75	0.0987067	-0.108371	10.8221
28	31	0.7	0.775	0.29151	0.216094	-2.87571
28	32	0.7	0.8	0.044089	-0.304326	2.08878
28	33	0.7	0.825	0.458257	0.348605	9.16818
28	34	0.7	0.85	0.0651483	-0.207658	-11.2827
28	35	0.7	0.875	0.581596	0.169627	18.9378
28	36	0.7	0.9	0.286171	0.202108	-14.9244
28	37	0.7	0.925	0.714127	-0.115552	15.0931
28	38	0.7	0.95	0.66683	0.431228	-5.12751
28	39	0.7	0.975	0.879279	0.00531867	3.97078
28	40	0.7	1	1	0	0
29	0	0.725	0	0	0	2.45662
29	1	0.725	0.025	-0.00661973	0.000812531	2.45662
29	2	0.725	0.05	-0.0120615	-0.0027714	2.40538
29	3	0.725	0.075	-0.0149709	-0.00179787	2.51698
29	4	0.725	0.1	-0.0167149	-0.00534451	2.34647
29	5	0.725	0.125	-0.0195294	-0.0105762	2.5119
29	6	0.725	0.15	-0.0160971	-0.00739026	2.42925
29	7	0.725	0.175	-0.021918	-0.0201175	2.3458
29	8	0.725	0.2	-0.0162585	-0.0135172	2.64573
29	9	0.725	0.225	-0.0199568	-0.0236775	2.15544
29	10	0.725	0.25	-0.0216895	-0.0273773	2.74293
29	11	0.725	0.275	-0.0135689	-0.0207856	2.24983
29	12	0.725	0.3	-0.0287614	-0.0439699	2.45199
29	13	0.725	0.325	-0.0102566	-0.0209611	2.74756
29	14	0.725	0.35	-0.0262604	-0.0506867	1.88919
29	15	0.725	0.375	-0.0191523	-0.0359405	3.26575
29	16	0.725	0.4	-0.00825459	-0.0395654	1.66142
29	17	0.725	0.425	-0.0358385	-0.0654821	3.10194
29	18	0.725	0.45	0.0120349	-0.0198365	2.38589
29	19	0.725	0.475	-0.0364717	-0.0902128	1.91894
29	20	0.725	0.5	0.00947433	-0.0165771	3.92898
29	21	0.725	0.525	0.00161203	-0.0806275	0.422229
29	22	0.725	0.55	-0.0216816	-0.0531044	5.02979
29	23	0.725	0.575	0.0652133	-0.0225548	0.319304
29	24	0.725	0.6	-0.0431731	-0.123813	3.84596
29	25	0.725	0.625	0.101189	0.0534304	3.09974
29	26	0.725	0.65	0.00411325	-0.168542	-0.303073
29	27	0.725	0.675	0.0680834	0.0687345	7.9696
29	28	0.725	0.7	0.132284	-0.0916556	-4.7314
29	29	0.725	0.725	0.00458804	-0.048616	10.553
29	30	0.725	0.75	0.269857	0.126687	-3.76441
29	31	0.725	0.775	0.0204796	-0.245596	5.22929
29	32	0.725	0.8	0.316205	0.326349	5.68755
29	33	0.725	0.825	0.174019	-0.277049	-7.39141
29	34	0.725	0.85	0.279594	0.278272	17.7221
29	35	0.725	0.875	0.414249	0.0339086	-16.0624
29	36	0.725	0.9	0.348984	-0.0140698	19.9967
29	37	0.725	0.925	0.661	0.410909	-10.7952
29	38	0.725	0.95	0.640149	-0.131391	9.22775
29	39	0.725	0.975	0.874872	0.398897	0.596715
29	40	0.725	1	1	0	0
30	0	0.75	0	0	0	2.69574
30	1	0.75	0.025	-0.00529926	-0.00141044	2.69574
30	2	0.75	0.05	-0.00945592	0.000244308	2.73851
30	3	0.75	0.075	-0.0112835	-0.00398801	2.62293
30	4	0.75	0.1	-0.0144355	-0.00672608	2.76859
30	5	0.75	0.125	-0.0122857	-0.00600697	2.64975
30	6	0.75	0.15	-0.0162259	-0.0167373	2.65223
30	7	0.75	0.175	-0.0129267	-0.0108709	2.83206
30	8	0.75	0.2	-0.0146379	-0.0222258	2.45852
30	9	0.75	0.225	-0.0168487	-0.0231635	2.96731
30	10	0.75	0.25	-0.0103168	-0.0208028	2.47767
30	11	0.75	0.275	-0.0219327	-0.0395408	2.76731
30	12	0.75	0.3	-0.00858058	-0.020728	2.88029
30	13	0.75	0.325	-0.0202454	-0.0480059	2.27718
30	14	0.75	0.35	-0.0162416	-0.0338321	3.35847
30	15	0.75	0.375	-0.00683376	-0.040464	2.032
30	16	0.75	0.4	-0.0305674	-0.0600822	3.27703
30	17	0.75	0.425	0.00878866	-0.0259176	2.58271
30	18	0.75	0.45	-0.0326239	-0.081344	2.36091
30	19	0.75	0.475	0.00517648	-0.0261094	3.77218
30	20	0.75	0.5	-0.00125326	-0.074914	1.24238
30	21	0.75	0.525	-0.0262911	-0.0551617	4.57556
30	22	0.75	0.55	0.0553398	-0.0359858	1.1704
30	23	0.75	0.575	-0.0529729	-0.102611	3.79112
30	24	0.75	0.6	0.0869224	0.0124174	2.98754
30	25	0.75	0.625	-0.0109475	-0.130615	1.14546
30	26	0.75	0.65	0.0413174	0.0285213	6.12852
30	27	0.75	0.675	0.122981	-0.0883938	-1.82503
30	28	0.75	0.7	-0.0565656	-0.0268416	8.20124
30	29	0.75	0.725	0.267996	0.0448196	-1.97085
30	30	0.75	0.75	-0.0653435	-0.143072	5.81781
30	31	0.75	0.775	0.286302	0.206824	3.21994
30	32	0.75	0.8	0.142775	-0.19887	-2.03689
30	33	0.75	0.825	0.130559	0.258486	11.9545
30	34	0.75	0.85	0.482514	-0.0417411	-10.0512
30	35	0.75	0.875	0.0119617	0.112335	16.8857
30	36	0.75	0.9	0.742578	0.261764	-10.0736
30	37	0.75	0.925	0.258272	-0.0518523	11.8753
30	38	0.75	0.95	0.848101	0.402978	-2.17761
30	39	0.75	0.975	0.772361	0.110471	3.66796
30	40	0.75	1	1	0	0
31	0	0.775	0	0	0	2.96252
31	1	0.775	0.025	-0.00390472	0.000611034	2.96252
31	2	0.775	0.05	-0.00606133	-0.00238053	2.91593
31	3	0.775	0.075	-0.00933838	-0.00315187	3.00015
31	4	0.775	0.1	-0.00775412	-0.00486959	2.8949
31	5	0.775	0.125	-0.0111988	-0.01232	2.94718
31	6	0.775	0.15	-0.00869621	-0.00877367	3.01147
31	7	0.775	0.175	-0.00965495	-0.0196253	2.78765
31	8	0.775	0.2	-0.0119535	-0.0186144	3.15555
31	9	0.775	0.225	-0.00614226	-0.0205369	2.7413
31	10	0.775	0.25	-0.0159464	-0.0336783	3.05928
31	11	0.775	0.275	-0.0051322	-0.0203998	3.02087
31	12	0.775	0.3	-0.0148243	-0.0439589	2.67117
31	13	0.775	0.325	-0.0116678	-0.0307649	3.44168
31	14	0.775	0.35	-0.00487023	-0.0401444	2.41193
31	15	0.775	0.375	-0.0238959	-0.0540527	3.44122
31	16	0.775	0.4	0.00733864	-0.0288934	2.81429
31	17	0.775	0.425	-0.0279615	-0.0738812	2.72
31	18	0.775	0.45	0.00547125	-0.0313319	3.76839
31	19	0.775	0.475	-0.00619938	-0.06846	1.85619
31	20	0.775	0.5	-0.0204046	-0.0595428	4.31858
31	21	0.775	0.525	0.0398749	-0.0378223	1.9604
31	22	0.775	0.55	-0.0501799	-0.0961698	3.52714
31	23	0.775	0.575	0.0735402	-0.0105652	3.46159
31	24	0.775	0.6	-0.0300861	-0.103772	1.64787
31	25	0.775	0.625	0.0434251	-0.016328	5.36429
31	26	0.775	0.65	0.0779667	-0.0593948	0.255664
31	27	0.775	0.675	-0.0553241	-0.0558702	5.89337
31	28	0.775	0.7	0.224093	0.0210188	0.973999
31	29	0.775	0.725	-0.114695	-0.09648	3.91758
31	30	0.775	0.75	0.27742	0.0955544	4.01844
31	31	0.775	0.775	0.0329202	-0.0840541	0.0701997
31	32	0.775	0.8	0.132225	0.126577	7.79545
31	33	0.775	0.825	0.386537	0.0214504	-3.12177
31	34	0.775	0.85	-0.110599	0.0991061	9.55334
31	35	0.775	0.875	0.720246	0.17891	-2.99172
31	36	0.775	0.9	-0.0647458	0.066092	7.44657
31	37	0.775	0.925	0.8586	0.286235	0.179268
31	38	0.775	0.95	0.446204	0.134674	3.57439
31	39	0.775	0.975	0.896599	0.304248	2.88891
31	40	0.775	1	1	0	0
32	0	0.8	0	0	0	3.20186
32	1	0.8	0.025	-0.00195815	-0.000947257	3.20186
32	2	0.8	0.05	-0.00430739	-0.00084299	3.22241
32	3	0.8	0.075	-0.00341545	-0.00339886	3.16571
32	4	0.8	0.1	-0.00637996	-0.00785133	3.2108
32	5	0.8	0.125	-0.00399935	-0.00713545	3.21619
32	6	0.8	0.15	-0.00523315	-0.0157822	3.10926
32	7	0.8	0.175	-0.0065795	-0.0147351	3.32926
32	8	0.8	0.2	-0.00208448	-0.0191589	3.03929
32	9	0.8	0.225	-0.0100501	-0.0273868	3.30823
32	10	0.8	0.25	-0.000994683	-0.0198515	3.20172
32	11	0.8	0.275	-0.00966796	-0.0384544	3.03829
32	12	0.8	0.3	-0.0061455	-0.0273884	3.53828
32	13	0.8	0.325	-0.0025481	-0.0384995	2.78844
32	14	0.8	0.35	-0.0160916	-0.0469991	3.60832
32	15	0.8	0.375	0.00649781	-0.0299161	3.04734
32	16	0.8	0.4	-0.020846	-0.0667737	3.05911
32	17	0.8	0.425	0.00599868	-0.0315233	3.83887
32	18	0.8	0.45	-0.00780012	-0.0646869	2.30966
32	19	0.8	0.475	-0.0116398	-0.0585593	4.32348
32	20	0.8	0.5	0.0239844	-0.0372121	2.43553
32	21	0.8	0.525	-0.0357376	-0.0954091	3.52676
32	22	0.8	0.55	0.0526852	-0.0155316	3.90943
32	23	0.8	0.575	-0.0319573	-0.0985081	1.76161
32	24	0.8	0.6	0.0423757	-0.0366472	5.51322
32	25	0.8	0.625	0.0341878	-0.0432753	0.964495
32	26	0.8	0.65	-0.0237248	-0.0926357	5.11929
32	27	0.8	0.675	0.146296	0.0320476	2.79226
32	28	0.8	0.7	-0.0931978	-0.117099	2.14254
32	29	0.8	0.725	0.220053	0.0558699	6.21169
32	30	0.8	0.75	-0.0360668	-0.0428194	-0.882559
32	31	0.8	0.775	0.156743	0.00896023	7.75169
32	32	0.8	0.8	0.216243	0.108209	-0.360467
32	33	0.8	0.825	-0.0481738	-0.0321299	4.96748
32	34	0.8	0.85	0.533718	0.216529	3.87301
32	35	0.8	0.875	-0.149091	0.0445265	0.136706
32	36	0.8	0.9	0.743197	0.204859	7.25826
32	37	0.8	0.925	0.169911	0.232411	-1.19018
32	38	0.8	0.95	0.817456	0.166671	5.69021
32	39	0.8	0.975	0.747912	0.357383	2.15259
32	40	0.8	1	1	0	0
33	0	0.825	0	0	0	3.45903
33	1	0.825	0.025	-0.000515611	-0.000152062	3.45903
33	2	0.825	0.05	-5.54653e-06	-0.00162023	3.44032
33	3	0.825	0.075	-0.00165062	-0.00430339	3.45359
33	4	0.825	0.1	0.000393913	-0.00539988	3.45232
33	5	0.825	0.125	-0.000990912	-0.0115029	3.40075
33	6	0.825	0.15	-0.00107495	-0.0116434	3.51912
33	7	0.825	0.175	0.00157907	-0.0164698	3.34358
33	8	0.825	0.2	-0.0039474	-0.0216483	3.52882
33	9	0.825	0.225	0.00296043	-0.0185702	3.42523
33	10	0.825	0.25	-0.00433169	-0.0320747	3.3631
33	11	0.825	0.275	-0.000623214	-0.0240722	3.6657
33	12	0.825	0.3	0.000430539	-0.0353048	3.15217
33	13	0.825	0.325	-0.00829444	-0.0392598	3.77753
33	14	0.825	0.35	0.00669343	-0.0299372	3.27959
33	15	0.825	0.375	-0.0124622	-0.0581536	3.40848
33	16	0.825	0.4	0.00612676	-0.0293853	3.89936
33	17	0.825	0.425	-0.00460902	-0.0617555	2.74618
33	18	0.825	0.45	-0.00548031	-0.0509224	4.42213
33	19	0.825	0.475	0.0147738	-0.0399535	2.70275
33	20	0.825	0.5	-0.0202226	-0.0884672	3.85807
33	21	0.825	0.525	0.032038	-0.0159306	3.97891
33	22	0.825	0.55	-0.0188977	-0.10158	2.15533
33	23	0.825	0.575	0.0285283	-0.032954	5.70419
33	24	0.825	0.6	0.0162812	-0.0524078	1.10404
33	25	0.825	0.625	-0.00333482	-0.0997724	5.54747
33	26	0.825	0.65	0.0792389	0.032611	2.9249
33	27	0.825	0.675	-0.0421629	-0.149057	2.19711
33	28	0.825	0.7	0.130049	0.062578	7.14176
33	29	0.825	0.725	-0.0260292	-0.0798057	-1.81383
33	30	0.825	0.75	0.119783	-0.0203752	9.47122
33	31	0.825	0.775	0.10236	0.112373	-1.24724
33	32	0.825	0.8	0.029927	-0.13661	5.45456
33	33	0.825	0.825	0.301769	0.270039	5.6437
33	34	0.825	0.85	-0.0507507	-0.09058	-3.13825
33	35	0.825	0.875	0.480137	0.23459	12.8786
33	36	0.825	0.9	0.0935758	0.189043	-7.29401
33	37	0.825	0.925	0.623558	0.0888675	12.0651
33	38	0.825	0.95	0.520554	0.426114	-2.0751
33	39	0.825	0.975	0.819534	0.188426	5.07137
33	40	0.825	1	1	0	0
34	0	0.85	0	0	0	3.70376
34	1	0.85	0.025	0.0016876	-0.000479935	3.70376
34	2	0.85	0.05	0.00220827	-0.00197465	3.69662
34	3	0.85	0.075	0.00393095	-0.00340133	3.70262
34	4	0.85	0.1	0.00328538	-0.00772087	3.66629
34	5	0.85	0.125	0.00392575	-0.00892073	3.73581
34	6	0.85	0.15	0.00514136	-0.0130598	3.6309
34	7	0.85	0.175	0.00203849	-0.016821	3.74712
34	8	0.85	0.2	0.00649074	-0.01631	3.67179
34	9	0.85	0.225	0.00123432	-0.0256696	3.65204
34	10	0.85	0.25	0.0043133	-0.0207687	3.82856
34	11	0.85	0.275	0.00411738	-0.0306248	3.49637
34	12	0.85	0.3	-0.0013022	-0.0317059	3.94538
34	13	0.85	0.325	0.00827908	-0.028778	3.52975
34	14	0.85	0.35	-0.0045734	-0.0477783	3.74371
34	15	0.85	0.375	0.00717122	-0.0272839	3.95109
34	16	0.85	0.4	0.000927722	-0.0561648	3.22584
34	17	0.85	0.425	-0.00171445	-0.0409153	4.46286
34	18	0.85	0.45	0.0132292	-0.0439183	2.99775
34	19	0.85	0.475	-0.0102339	-0.07292	4.2615
34	20	0.85	0.5	0.020527	-0.0208141	3.82416
34	21	0.85	0.525	-0.00480076	-0.0965686	2.93072
34	22	0.85	0.55	0.0128257	-0.023564	5.44835
34	23	0.85	0.575	0.0191978	-0.070369	1.57243
34	24	0.85	0.6	-0.00431388	-0.0783594	6.01376
34	25	0.85	0.625	0.0482837	0.00693981	2.42294
34	26	0.85	0.65	-0.010592	-0.147069	3.5811
34	27	0.85	0.675	0.0593077	0.0622305	6.23211
34	28	0.85	0.7	0.0151695	-0.127997	-0.806975
34	29	0.85	0.725	0.0448051	0.00700273	9.8722
34	30	0.85	0.75	0.0793885	0.0368992	-2.22411
34	31	0.85	0.775	0.0261981	-0.138806	7.96991
34	32	0.85	0.8	0.155449	0.240715	3.41393
34	33	0.85	0.825	0.0419239	-0.188866	-0.76725
34	34	0.85	0.85	0.214895	0.281036	12.8133
34	35	0.85	0.875	0.154069	0.0357754	-8.70585
34	36	0.85	0.9	0.31588	0.119034	16.2863
34	37	0.85	0.925	0.41239	0.390069	-6.52151
34	38	0.85	0.95	0.563555	0.0447083	9.2623
34	39	0.85	0.975	0.777872	0.492282	2.20436
34	40	0.85	1	1	0	0
35	0	0.875	0	0	0	3.9493
35	1	0.875	0.025	0.00356993	-0.000853223	3.9493
35	2	0.875	0.05	0.00615304	-0.00158901	3.94997
35	3	0.875	0.075	0.00712977	-0.00484787	3.92287
35	4	0.875	0.1	0.00803962	-0.00633386	3.96829
35	5	0.875	0.125	0.00883943	-0.00976284	3.89921
35	6	0.875	0.15	0.00736642	-0.0127379	3.97634
35	7	0.875	0.175	0.00982213	-0.0133931	3.92151
35	8	0.875	0.2	0.00665455	-0.0198255	3.92195
35	9	0.875	0.225	0.00855333	-0.0172854	4.01935
35	10	0.875	0.25	0.00822225	-0.0250254	3.8183
35	11	0.875	0.275	0.00466495	-0.0249167	4.11625
35	12	0.875	0.3	0.0109092	-0.0259218	3.80518
35	13	0.875	0.325	0.00210013	-0.036993	4.03441
35	14	0.875	0.35	0.00972875	-0.0252936	4.04462
35	15	0.875	0.375	0.00615271	-0.0468814	3.70146
35	16	0.875	0.4	0.00220859	-0.0325506	4.44465
35	17	0.875	0.425	0.0153455	-0.0440424	3.41903
35	18	0.875	0.45	-0.00450857	-0.0544818	4.51155
35	19	0.875	0.475	0.0186359	-0.0283252	3.77268
35	20	0.875	0.5	0.00242072	-0.0795924	3.74873
35	21	0.875	0.525	0.00667342	-0.0212502	4.92903
35	22	0.875	0.55	0.0250947	-0.0768328	2.52694
35	23	0.875	0.575	-0.0112466	-0.0514339	5.88012
35	24	0.875	0.6	0.0439776	-0.0272322	2.40373
35	25	0.875	0.625	-0.00761811	-0.112542	4.87121
35	26	0.875	0.65	0.032409	0.0340993	4.74215
35	27	0.875	0.675	0.0345144	-0.136452	1.53557
35	28	0.875	0.7	-0.00779535	0.0278382	8.33791
35	29	0.875	0.725	0.092744	-0.0451832	-1.16729
35	30	0.875	0.75	-0.0258044	-0.0802274	9.01071
35	31	0.875	0.775	0.114661	0.135117	1.18619
35	32	0.875	0.8	0.0379721	-0.181912	3.51317
35	33	0.875	0.825	0.0734864	0.248321	8.83198
35	34	0.875	0.85	0.186137	-0.08454	-4.72121
35	35	0.875	0.875	0.053779	0.173331	15.0251
35	36	0.875	0.9	0.378489	0.226776	-6.89537
35	37	0.875	0.925	0.23817	0.0525842	12.3968
35	38	0.875	0.95	0.610886	0.459999	-0.634084
35	39	0.875	0.975	0.699549	0.243589	5.26666
35	40	0.875	1	1	0	0
36	0	0.9	0	0	0	4.19384
36	1	0.9	0.025	0.005896	-0.000700048	4.19384
36	2	0.9	0.05	0.00942372	-0.00278305	4.17872
36	3	0.9	0.075	0.0111275	-0.00412466	4.20222
36	4	0.9	0.1	0.0124144	-0.00706591	4.15897
36	5	0.9	0.125	0.0117458	-0.00923768	4.2121
36	6	0.9	0.15	0.0131651	-0.0104299	4.16845
36	7	0.9	0.175	0.0114244	-0.0147023	4.18407
36	8	0.9	0.2	0.0122846	-0.0136656	4.22725
36	9	0.9	0.225	0.012267	-0.0192296	4.12046
36	10	0.9	0.25	0.00967809	-0.0189207	4.29719
36	11	0.9	0.275	0.0139329	-0.0214649	4.09527
36	12	0.9	0.3	0.00769303	-0.0271616	4.27965
36	13	0.9	0.325	0.0131283	-0.0223005	4.20866
36	14	0.9	0.35	0.0102904	-0.0356497	4.10864
36	15	0.9	0.375	0.0073219	-0.0263534	4.45394
36	16	0.9	0.4	0.0173968	-0.038338	3.89667
36	17	0.9	0.425	0.000906087	-0.0389091	4.60226
36	18	0.9	0.45	0.0207402	-0.0319824	3.96446
36	19	0.9	0.475	0.00494166	-0.0576051	4.31101
36	20	0.9	0.5	0.0103383	-0.0246961	4.55972
36	21	0.9	0.525	0.024466	-0.0665315	3.56009
36	22	0.9	0.55	-0.00950743	-0.0351257	5.35445
36	23	0.9	0.575	0.044083	-0.046792	3.07309
36	24	0.9	0.6	-0.0129834	-0.072021	5.31471
36	25	0.9	0.625	0.0343769	-0.00406395	3.95176
36	26	0.9	0.65	0.0247418	-0.106569	3.62753
36	27	0.9	0.675	-0.0140911	0.0169294	6.26868
36	28	0.9	0.7	0.087664	-0.080457	1.28758
36	29	0.9	0.725	-0.0565149	-0.0306726	7.932
36	30	0.9	0.75	0.113736	0.0275329	1.20003
36	31	0.9	0.775	-0.0150457	-0.115996	6.00486
36	32	0.9	0.8	0.0510895	0.144337	5.18274
36	33	0.9	0.825	0.130762	-0.109748	0.659615
36	34	0.9	0.85	-0.0512889	0.157558	10.4934
36	35	0.9	0.875	0.308222	0.0737299	-2.99495
36	36	0.9	0.9	-0.00616111	0.0862273	11.3479
36	37	0.9	0.925	0.467834	0.325337	-0.630346
36	38	0.9	0.95	0.358745	0.149238	6.65008
36	39	0.9	0.975	0.735732	0.46529	4.11879
36	40	0.9	1	1	0	0
37	0	0.925	0	0	0	4.43025
37	1	0.925	0.025	0.00845921	-0.00146165	4.43025
37	2	0.925	0.05	0.0127655	-0.00261127	4.43376
37	3	0.925	0.075	0.0152297	-0.00502698	4.41567
37	4	0.925	0.1	0.0152584	-0.0064607	4.44602
37	5	0.925	0.125	0.0164105	-0.00783739	4.417
37	6	0.925	0.15	0.0153237	-0.0103111	4.43892
37	7	0.925	0.175	0.015727	-0.0101826	4.44801
37	8	0.925	0.2	0.0158321	-0.0137197	4.40642
37	9	0.925	0.225	0.0139445	-0.0135697	4.49258
37	10	0.925	0.25	0.0168526	-0.0160865	4.38591
37	11	0.925	0.275	0.0124908	-0.0187524	4.50031
37	12	0.925	0.3	0.0164655	-0.0177656	4.43099
37	13	0.925	0.325	0.0138281	-0.0246981	4.43298
37	14	0.925	0.35	0.0127492	-0.0206877	4.5502
37	15	0.925	0.375	0.0185775	-0.0287594	4.32638
37	16	0.925	0.4	0.0075442	-0.0273879	4.65892
37	17	0.925	0.425	0.0221859	-0.0286906	4.3096
37	18	0.925	0.45	0.00796025	-0.0381219	4.60338
37	19	0.925	0.475	0.0168282	-0.0261305	4.52468
37	20	0.925	0.5	0.0201802	-0.0474494	4.30213
37	21	0.925	0.525	0.00128294	-0.0285635	4.93383
37	22	0.925	0.55	0.0377472	-0.0453094	3.95804
37	23	0.925	0.575	-0.00917535	-0.0439841	5.15621
37	24	0.925	0.6	0.0388157	-0.0273509	4.08314
37	25	0.925	0.625	0.00946287	-0.0667291	4.66412
37	26	0.925	0.65	0.00562986	-0.00804994	5.02509
37	27	0.925	0.675	0.0589168	-0.0700788	3.49323
37	28	0.925	0.7	-0.0424937	-0.0162553	6.21043
37	29	0.925	0.725	0.0968472	-0.0287644	2.79192
37	30	0.925	0.75	-0.0429907	-0.0577169	6.14111
37	31	0.925	0.775	0.0656125	0.0415525	3.9783
37	32	0.925	0.8	0.0481671	-0.0777466	4.01807
37	33	0.925	0.825	-0.0341479	0.082262	6.68716
37	34	0.925	0.85	0.187155	-0.00392093	1.61275
37	35	0.925	0.875	-0.0825745	0.0699232	8.17767
37	36	0.925	0.9	0.302829	0.157423	1.83586
37	37	0.925	0.925	0.0995532	0.116836	6.57192
37	38	0.925	0.95	0.468649	0.320287	4.1011
37	39	0.925	0.975	0.608196	0.379069	4.91006
37	40	0.925	1	1	0	0
38	0	0.95	0	0	0	4.66079
38	1	0.95	0.025	0.0110262	-0.0016108	4.66079
38	2	0.95	0.05	0.0161137	-0.00349394	4.65938
38	3	0.95	0.075	0.0175408	-0.00456616	4.67244
38	4	0.95	0.1	0.0187391	-0.00566674	4.66382
38	5	0.95	0.125	0.0180398	-0.00672975	4.68002
38	6	0.95	0.15	0.0184064	-0.00699812	4.6782
38	7	0.95	0.175	0.0183073	-0.00872444	4.67215
38	8	0.95	0.2	0.0172115	-0.00879495	4.70112
38	9	0.95	0.225	0.0189406	-0.0104782	4.66346
38	10	0.95	0.25	0.0162068	-0.0116194	4.71317
38	11	0.95	0.275	0.0188482	-0.0121048	4.67883
38	12	0.95	0.3	0.0167427	-0.01511	4.69756
38	13	0.95	0.325	0.0169188	-0.0143298	4.72448
38	14	0.95	0.35	0.0192822	-0.018276	4.66621
38	15	0.95	0.375	0.0137868	-0.0179944	4.77299
38	16	0.95	0.4	0.0218726	-0.02029	4.65959
38	17	0.95	0.425	0.0127543	-0.0232258	4.7793
38	18	0.95	0.45	0.0204275	-0.0212942	4.71877
38	19	0.95	0.475	0.0178257	-0.0286908	4.71622
38	20	0.95	0.5	0.0125207	-0.0229526	4.84583
38	21	0.95	0.525	0.0282322	-0.0314045	4.61609
38	22	0.95	0.55	0.00335153	-0.0279824	4.96488
38	23	0.95	0.575	0.0340452	-0.028493	4.59798
38	24	0.95	0.6	0.00651138	-0.0367965	4.92627
38	25	0.95	0.625	0.0215592	-0.0215207	4.80555
38	26	0.95	0.65	0.0308168	-0.0428017	4.64388
38	27	0.95	0.675	-0.00870777	-0.0193159	5.20254
38	28	0.95	0.7	0.0610253	-0.0349476	4.32909
38	29	0.95	0.725	-0.0270304	-0.0298497	5.41506
38	30	0.95	0.75	0.0602887	-0.0108727	4.46309
38	31	0.95	0.775	0.00461653	-0.0412889	5.02828
38	32	0.95	0.8	0.00854588	0.0133366	5.21435
38	33	0.95	0.825	0.0792447	-0.0225225	4.31781
38	34	0.95	0.85	-0.0478407	0.0208851	5.88889
38	35	0.95	0.875	0.14533	0.0432502	4.31363
38	36	0.95	0.9	-0.000478792	0.0504149	5.61791
38	37	0.95	0.925	0.217841	0.155704	5.27298
38	38	0.95	0.95	0.262651	0.204757	4.90575
38	39	0.95	0.975	0.553301	0.397108	5.90256
38	40	0.95	1	1	0	0
39	0	0.975	0	0	0	4.90104
39	1	0.975	0.025	0.0162022	-0.00187178	4.90104
39	2	0.975	0.05	0.0212047	-0.00322423	4.92075
39	3	0.975	0.075	0.0230127	-0.00368423	4.93303
39	4	0.975	0.1	0.0230332	-0.00382809	4.94379
39	5	0.975	0.125	0.0233977	-0.00391819	4.94838
39	6	0.975	0.15	0.0231717	-0.00431194	4.95248
39	7	0.975	0.175	0.0228314	-0.00444007	4.9582
39	8	0.975	0.2	0.0234743	-0.00506312	4.9563
39	9	0.975	0.225	0.0222557	-0.00549184	4.96523
39	10	0.975	0.25	0.023527	-0.006016	4.9632
39	11	0.975	0.275	0.0223571	-0.00695798	4.96883
39	12	0.975	0.3	0.0227921	-0.00727741	4.97565
39	13	0.975	0.325	0.0233299	-0.00855946	4.97264
39	14	0.975	0.35	0.0215199	-0.00899684	4.98911
39	15	0.975	0.375	0.0244265	-0.0100933	4.98381
39	16	0.975	0.4	0.020861	-0.011112	4.99854
39	17	0.975	0.425	0.0242899	-0.0115773	5.00449
39	18	0.975	0.45	0.0221382	-0.0133054	5.00659
39	19	0.975	0.475	0.0219817	-0.0131556	5.02815
39	20	0.975	0.5	0.0255413	-0.0151348	5.02122
39	21	0.975	0.525	0.0184094	-0.014999	5.04748
39	22	0.975	0.55	0.0287513	-0.0161544	5.04585
39	23	0.975	0.575	0.0173249	-0.0171576	5.06281
39	24	0.975	0.6	0.0271247	-0.0161437	5.0767
39	25	0.975	0.625	0.0231997	-0.0189884	5.079
39	26	0.975	0.65	0.0179099	-0.015783	5.10813
39	27	0.975	0.675	0.0346422	-0.0189845	5.10294
39	28	0.975	0.7	0.00743173	-0.016725	5.13547
39	29	0.975	0.725	0.0402929	-0.0160494	5.1509
39	30	0.975	0.75	0.0105621	-0.0184922	5.15975
39	31	0.975	0.775	0.027881	-0.0113063	5.23238
39	32	0.975	0.8	0.032479	-0.0159383	5.22048
39	33	0.975	0.825	0.00523545	-0.00807102	5.31757
39	34	0.975	0.85	0.0552038	-0.00379962	5.43555
39	35	0.975	0.875	0.00993711	-0.00043528	5.40232
39	36	0.975	0.9	0.0717253	0.0268055	5.89711
39	37	0.975	0.925	0.0911704	0.0546064	5.66685
39	38	0.975	0.95	0.185532	0.126345	6.32406
39	39	0.975	0.975	0.420852	0.323881	6.58248
39	40	0.975	1	1	0	0
40	0	1	0	0	0	4.90104
40	1	1	0.025	0	0	4.90104
40	2	1	0.05	0	0	4.92075
40	3	1	0.075	0	0	4.93303
40	4	1	0.1	0	0	4.94379
40	5	1	0.125	0	0	4.94838
40	6	1	0.15	0	0	4.95248
40	7	1	0.175	0	0	4.9582
40	8	1	0.2	0	0	4.9563
40	9	1	0.225	0	0	4.96523
40	10	1	0.25	0	0	4.9632
40	11	1	0.275	0	0	4.96883
40	12	1	0.3	0	0	4.97565
40	13	1	0.325	0	0	4.97264
40	14	1	0.35	0	0	4.98911
40	15	1	0.375	0	0	4.98381
40	16	1	0.4	0	0	4.99854
40	17	1	0.425	0	0	5.00449
40	18	1	0.45	0	0	5.00659
40	19	1	0.475	0	0	5.02815
40	20	1	0.5	0	0	5.02122
40	21	1	0.525	0	0	5.04748
40	22	1	0.55	0	0	5.04585
40	23	1	0.575	0	0	5.06281
40	24	1	0.6	0	0	5.0767
40	25	1	0.625	0	0	5.079
40	26	1	0.65	0	0	5.10813
40	27	1	0.675	0	0	5.10294
40	28	1	0.7	0	0	5.13547
40	29	1	0.725	0	0	5.1509
40	30	1	0.75	0	0	5.15975
40	31	1	0.775	0	0	5.23238
40	32	1	0.8	0	0	5.22048
40	33	1	0.825	0	0	5.31757
40	34	1	0.85	0	0	5.43555
40	35	1	0.875	0	0	5.40232
40	36	1	0.9	0	0	5.89711
40	37	1	0.925	0	0	5.66685
40	38	1	0.95	0	0	6.32406
40	39	1	0.975	0	0	6.58248
40	40	1	1	1	0	0
