# i		j		x		y		u		v		p
# nx		ny		
# 41		41
# =================================
0	0	0	0	0	0	-2.80318
0	1	0	0.025	0	0	-2.80318
0	2	0	0.05	0	0	-2.80634
0	3	0	0.075	0	0	-2.76391
0	4	0	0.1	0	0	-2.78719
0	5	0	0.125	0	0	-2.68257
0	6	0	0.15	0	0	-2.69046
0	7	0	0.175	0	0	-2.6039
0	8	0	0.2	0	0	-2.50858
0	9	0	0.225	0	0	-2.51649
0	10	0	0.25	0	0	-2.29474
0	11	0	0.275	0	0	-2.35731
0	12	0	0.3	0	0	-2.12373
0	13	0	0.325	0	0	-2.083
0	14	0	0.35	0	0	-2.00972
0	15	0	0.375	0	0	-1.74393
0	16	0	0.4	0	0	-1.87344
0	17	0	0.425	0	0	-1.46505
0	18	0	0.45	0	0	-1.61936
0	19	0	0.475	0	0	-1.32524
0	20	0	0.5	0	0	-1.25924
0	21	0	0.525	0	0	-1.27224
0	22	0	0.55	0	0	-0.936153
0	23	0	0.575	0	0	-1.194
0	24	0	0.6	0	0	-0.782552
0	25	0	0.625	0	0	-1.06905
0	26	0	0.65	0	0	-0.782254
0	27	0	0.675	0	0	-1.00914
0	28	0	0.7	0	0	-0.860335
0	29	0	0.725	0	0	-1.10638
0	30	0	0.75	0	0	-1.07762
0	31	0	0.775	0	0	-1.27156
0	32	0	0.8	0	0	-1.59467
0	33	0	0.825	0	0	-1.41506
0	34	0	0.85	0	0	-2.40718
0	35	0	0.875	0	0	-1.79018
0	36	0	0.9	0	0	-3.2528
0	37	0	0.925	0	0	-2.81902
0	38	0	0.95	0	0	-3.94127
0	39	0	0.975	0	0	-4.52758
0	40	0	1	1	0	0
1	0	0.025	0	0	0	-2.80318
1	1	0.025	0.025	0.0135407	-0.00215973	-2.80318
1	2	0.025	0.05	0.0153009	-0.00649901	-2.80634
1	3	0.025	0.075	0.0215985	-0.00867745	-2.76391
1	4	0.025	0.1	0.0138136	-0.0136544	-2.78719
1	5	0.025	0.125	0.0220878	-0.0179317	-2.68257
1	6	0.025	0.15	0.0161114	-0.0197304	-2.69046
1	7	0.025	0.175	0.0148623	-0.027161	-2.6039
1	8	0.025	0.2	0.0238665	-0.0263021	-2.50858
1	9	0.025	0.225	0.00519455	-0.0334432	-2.51649
1	10	0.025	0.25	0.0279738	-0.0348022	-2.29474
1	11	0.025	0.275	0.00461609	-0.0360466	-2.35731
1	12	0.025	0.3	0.0182363	-0.0436218	-2.12373
1	13	0.025	0.325	0.0181713	-0.0376385	-2.083
1	14	0.025	0.35	-0.00263968	-0.0482188	-2.00972
1	15	0.025	0.375	0.0340725	-0.0414656	-1.74393
1	16	0.025	0.4	-0.0159127	-0.0454396	-1.87344
1	17	0.025	0.425	0.0314864	-0.0469639	-1.46505
1	18	0.025	0.45	-0.00439329	-0.0378389	-1.61936
1	19	0.025	0.475	0.00316195	-0.0482352	-1.32524
1	20	0.025	0.5	0.0247162	-0.0307659	-1.25924
1	21	0.025	0.525	-0.0303306	-0.0385278	-1.27224
1	22	0.025	0.55	0.0419851	-0.025533	-0.936153
1	23	0.025	0.575	-0.0373342	-0.0189668	-1.194
1	24	0.025	0.6	0.0259411	-0.0173894	-0.782552
1	25	0.025	0.625	-0.0122186	0.0021491	-1.06905
1	26	0.025	0.65	-0.0104466	0.00109382	-0.782254
1	27	0.025	0.675	0.0154495	0.0215661	-1.00914
1	28	0.025	0.7	-0.0307285	0.0299565	-0.860335
1	29	0.025	0.725	0.0184115	0.0436144	-1.10638
1	30	0.025	0.75	-0.0215803	0.0568108	-1.07762
1	31	0.025	0.775	0.00788983	0.0710801	-1.27156
1	32	0.025	0.8	-0.0128797	0.0738969	-1.59467
1	33	0.025	0.825	0.0186393	0.0971561	-1.41506
1	34	0.025	0.85	-0.0266036	0.0878783	-2.40718
1	35	0.025	0.875	0.0580787	0.102052	-1.79018
1	36	0.025	0.9	-0.0181603	0.0915647	-3.2528
1	37	0.025	0.925	0.117879	0.0546902	-2.81902
1	38	0.025	0.95	0.135962	0.0142666	-3.94127
1	39	0.025	0.975	0.40117	-0.17291	-4.52758
1	40	0.025	1	1	0	0
2	0	0.05	0	0	0	-2.54195
2	1	0.05	0.025	0.00486761	-0.00694326	-2.54195
2	2	0.05	0.05	0.011462	-0.00784274	-2.45821
2	3	0.05	0.075	0.00430695	-0.0187714	-2.61718
2	4	0.05	0.1	0.0157679	-0.0217417	-2.29721
2	5	0.05	0.125	0.00458139	-0.0252309	-2.5734
2	6	0.05	0.15	0.00874825	-0.0403617	-2.29927
2	7	0.05	0.175	0.0138182	-0.0316352	-2.23588
2	8	0.05	0.2	-0.00671154	-0.0536795	-2.48491
2	9	0.05	0.225	0.0233355	-0.0460671	-1.77206
2	10	0.05	0.25	-0.0147004	-0.0547017	-2.52816
2	11	0.05	0.275	0.0154175	-0.0685445	-1.60026
2	12	0.05	0.3	-0.000666249	-0.0492702	-2.0569
2	13	0.05	0.325	-0.015418	-0.085735	-1.92792
2	14	0.05	0.35	0.0265795	-0.0527562	-1.16142
2	15	0.05	0.375	-0.0466659	-0.0813955	-2.36026
2	16	0.05	0.4	0.0343638	-0.0726638	-0.509223
2	17	0.05	0.425	-0.0426807	-0.0566993	-2.15017
2	18	0.05	0.45	-0.00331179	-0.0946034	-0.738029
2	19	0.05	0.475	0.00285647	-0.0343508	-1.03619
2	20	0.05	0.5	-0.0696218	-0.0899003	-1.64932
2	21	0.05	0.525	0.0473324	-0.0340467	0.249499
2	22	0.05	0.55	-0.105501	-0.0470298	-2.21075
2	23	0.05	0.575	0.0360402	-0.0475745	0.598196
2	24	0.05	0.6	-0.0693763	0.00770361	-1.65007
2	25	0.05	0.625	-0.0395058	-0.0412356	-0.230484
2	26	0.05	0.65	0.00571828	0.0401831	-0.458249
2	27	0.05	0.675	-0.117409	0.00908986	-1.24159
2	28	0.05	0.7	0.0444442	0.051433	0.110142
2	29	0.05	0.725	-0.122156	0.0773316	-1.46371
2	30	0.05	0.75	0.0137856	0.0726997	-0.342408
2	31	0.05	0.775	-0.0607962	0.112511	-1.34269
2	32	0.05	0.8	-0.0360581	0.120905	-0.767697
2	33	0.05	0.825	-0.013525	0.11078	-2.0982
2	34	0.05	0.85	-0.0236574	0.155852	-0.370464
2	35	0.05	0.875	-0.00638761	0.107116	-3.6327
2	36	0.05	0.9	0.0719488	0.104844	-0.273685
2	37	0.05	0.925	0.0762008	0.0707416	-4.23622
2	38	0.05	0.95	0.283731	-0.0597332	-1.75127
2	39	0.05	0.975	0.501043	-0.165942	-3.66872
2	40	0.05	1	1	0	0
3	0	0.075	0	0	0	-2.25907
3	1	0.075	0.025	0.00315548	-0.00347871	-2.25907
3	2	0.075	0.05	0.00155482	-0.0193659	-2.38434
3	3	0.075	0.075	0.00968668	-0.0170255	-1.993
3	4	0.075	0.1	0.00099412	-0.027546	-2.50036
3	5	0.075	0.125	0.00705952	-0.0414748	-1.90885
3	6	0.075	0.15	0.00646629	-0.0298151	-2.167
3	7	0.075	0.175	-0.00618024	-0.0647395	-2.27751
3	8	0.075	0.2	0.0153177	-0.0419655	-1.41381
3	9	0.075	0.225	-0.0187032	-0.0692983	-2.70977
3	10	0.075	0.25	0.0125124	-0.0733328	-0.937542
3	11	0.075	0.275	-0.0137006	-0.0550233	-2.37913
3	12	0.075	0.3	-0.0137181	-0.109308	-1.44806
3	13	0.075	0.325	0.00974766	-0.0470522	-0.98915
3	14	0.075	0.35	-0.0514976	-0.11689	-2.65411
3	15	0.075	0.375	0.0250882	-0.0721436	0.496764
3	16	0.075	0.4	-0.0645144	-0.0799315	-3.10486
3	17	0.075	0.425	-0.00219476	-0.122712	0.488264
3	18	0.075	0.45	-0.0288838	-0.0291611	-1.5765
3	19	0.075	0.475	-0.0756528	-0.14855	-1.46008
3	20	0.075	0.5	0.0266824	-0.0175484	1.21544
3	21	0.075	0.525	-0.142416	-0.101168	-3.59288
3	22	0.075	0.55	0.0370164	-0.0598617	2.79498
3	23	0.075	0.575	-0.130067	-0.000312356	-3.39297
3	24	0.075	0.6	-0.0404881	-0.104428	1.36883
3	25	0.075	0.625	-0.036097	0.0735173	-0.514903
3	26	0.075	0.65	-0.169651	-0.0718642	-1.86878
3	27	0.075	0.675	0.0539585	0.0735211	2.37963
3	28	0.075	0.7	-0.235889	0.0468006	-3.65121
3	29	0.075	0.725	0.0522526	0.0403284	2.45796
3	30	0.075	0.75	-0.16375	0.151719	-2.55683
3	31	0.075	0.775	-0.0472428	0.0566655	0.205446
3	32	0.075	0.8	-0.0199224	0.157147	-0.966613
3	33	0.075	0.825	-0.13556	0.136428	-1.0623
3	34	0.075	0.85	0.0768654	0.102202	-1.76743
3	35	0.075	0.875	-0.0793154	0.162199	-0.0598222
3	36	0.075	0.9	0.129302	0.0630412	-3.91203
3	37	0.075	0.925	0.154214	0.0249958	0.295032
3	38	0.075	0.95	0.339713	-0.0164242	-3.83204
3	39	0.075	0.975	0.612039	-0.211741	-1.9199
3	40	0.075	1	1	0	0
4	0	0.1	0	0	0	-2.04756
4	1	0.1	0.025	-0.00052683	-0.0129101	-2.04756
4	2	0.1	0.05	0.00184555	-0.00999544	-1.82117
4	3	0.1	0.075	0.00060184	-0.0283516	-2.28232
4	4	0.1	0.1	0.00158084	-0.0337343	-1.56629
4	5	0.1	0.125	0.00310661	-0.0298048	-2.15235
4	6	0.1	0.15	-0.00512796	-0.0645678	-1.85153
4	7	0.1	0.175	0.00534853	-0.0349497	-1.3522
4	8	0.1	0.2	-0.0132977	-0.0796203	-2.55343
4	9	0.1	0.225	0.00113016	-0.0636733	-0.486266
4	10	0.1	0.25	-0.0144957	-0.0658864	-2.68183
4	11	0.1	0.275	-0.0157672	-0.112042	-0.682434
4	12	0.1	0.3	-0.00609206	-0.0441228	-1.34308
4	13	0.1	0.325	-0.042317	-0.142236	-2.2481
4	14	0.1	0.35	-0.000157793	-0.0568285	0.874949
4	15	0.1	0.375	-0.0600955	-0.11429	-3.68719
4	16	0.1	0.4	-0.0178467	-0.120255	1.81681
4	17	0.1	0.425	-0.0481297	-0.0415076	-2.72573
4	18	0.1	0.45	-0.070377	-0.187131	-0.2223
4	19	0.1	0.475	-0.0142264	0.00328795	1.00375
4	20	0.1	0.5	-0.135468	-0.172364	-3.99891
4	21	0.1	0.525	-0.000307294	-0.0391016	4.60154
4	22	0.1	0.55	-0.154485	-0.0494059	-5.55364
4	23	0.1	0.575	-0.0502245	-0.139177	4.1559
4	24	0.1	0.6	-0.0925802	0.0894847	-2.209
4	25	0.1	0.625	-0.170587	-0.178315	-0.927134
4	26	0.1	0.65	0.00309959	0.124421	3.77146
4	27	0.1	0.675	-0.285182	-0.0604658	-6.16155
4	28	0.1	0.7	0.0461585	0.0431628	6.79508
4	29	0.1	0.725	-0.269963	0.14076	-6.28734
4	30	0.1	0.75	-0.0239726	-0.0408157	3.81308
4	31	0.1	0.775	-0.102847	0.237502	-1.65124
4	32	0.1	0.8	-0.17783	0.00529563	-1.67989
4	33	0.1	0.825	0.0997796	0.163294	1.89574
4	34	0.1	0.85	-0.246334	0.139199	-3.48778
4	35	0.1	0.875	0.230842	0.0373035	0.412396
4	36	0.1	0.9	-0.0659902	0.140878	-1.16947
4	37	0.1	0.925	0.338903	-0.0261468	-2.75708
4	38	0.1	0.95	0.364053	-0.0580472	-0.208471
4	39	0.1	0.975	0.675671	-0.126177	-2.70738
4	40	0.1	1	1	0	0
5	0	0.125	0	0	0	-1.71272
5	1	0.125	0.025	-0.00228025	-0.00430975	-1.71272
5	2	0.125	0.05	3.46827e-05	-0.0238594	-1.90223
5	3	0.125	0.075	-0.00543661	-0.0236096	-1.405
5	4	0.125	0.1	0.00412319	-0.0313603	-1.98125
5	5	0.125	0.125	-0.00877311	-0.0543718	-1.44515
5	6	0.125	0.15	0.000950419	-0.0337602	-1.43436
5	7	0.125	0.175	-0.0078249	-0.0792033	-2.05473
5	8	0.125	0.2	-0.0121856	-0.0528283	-0.478388
5	9	0.125	0.225	-0.00426283	-0.0776371	-2.54199
5	10	0.125	0.25	-0.0282963	-0.0979014	-0.163654
5	11	0.125	0.275	-0.0069431	-0.0548117	-1.77143
5	12	0.125	0.3	-0.0379724	-0.14407	-1.34962
5	13	0.125	0.325	-0.0236109	-0.049537	0.420452
5	14	0.125	0.35	-0.0389772	-0.143131	-3.26173
5	15	0.125	0.375	-0.0524533	-0.0989841	2.2823
5	16	0.125	0.4	-0.0365579	-0.0778838	-3.47065
5	17	0.125	0.425	-0.0839202	-0.184935	1.31539
5	18	0.125	0.45	-0.0409908	-0.00457077	-0.26696
5	19	0.125	0.475	-0.111025	-0.220858	-2.75751
5	20	0.125	0.5	-0.0635129	-0.0112764	4.61525
5	21	0.125	0.525	-0.123959	-0.128806	-6.31684
5	22	0.125	0.55	-0.106584	-0.121635	6.44335
5	23	0.125	0.575	-0.107989	0.047176	-4.64676
5	24	0.125	0.6	-0.172451	-0.237916	1.90601
5	25	0.125	0.625	-0.0727742	0.15576	2.60516
5	26	0.125	0.65	-0.253469	-0.198189	-6.20728
5	27	0.125	0.675	-0.0484377	0.0966227	9.629
5	28	0.125	0.7	-0.283954	0.0333189	-10.2264
5	29	0.125	0.725	-0.0647646	-0.0725424	9.36659
5	30	0.125	0.75	-0.18828	0.265268	-5.59602
5	31	0.125	0.775	-0.162447	-0.159099	1.15483
5	32	0.125	0.8	0.0101178	0.283439	3.25254
5	33	0.125	0.825	-0.294668	-0.0264062	-7.04629
5	34	0.125	0.85	0.222938	0.102115	7.31133
5	35	0.125	0.875	-0.258601	0.164584	-7.49349
5	36	0.125	0.9	0.38529	-0.0762858	3.51209
5	37	0.125	0.925	0.0928528	0.123398	-2.69332
5	38	0.125	0.95	0.563104	-0.112764	-1.28442
5	39	0.125	0.975	0.6737	-0.112096	-1.01964
5	40	0.125	1	1	0	0
6	0	0.15	0	0	0	-1.506
6	1	0.15	0.025	-0.00189498	-0.0124104	-1.506
6	2	0.15	0.05	-0.00876699	-0.0162856	-1.34766
6	3	0.15	0.075	0.00467411	-0.0285494	-1.60054
6	4	0.15	0.1	-0.0151122	-0.0413904	-1.25604
6	5	0.15	0.125	0.00313816	-0.0368903	-1.35501
6	6	0.15	0.15	-0.00954572	-0.0670385	-1.53144
6	7	0.15	0.175	-0.0177686	-0.051129	-0.713175
6	8	0.15	0.2	0.00522481	-0.078866	-1.92342
6	9	0.15	0.225	-0.0439457	-0.0826525	-0.228688
6	10	0.15	0.25	0.00620811	-0.0715578	-1.67099
6	11	0.15	0.275	-0.0486171	-0.124658	-0.686376
6	12	0.15	0.3	-0.0272802	-0.0635651	-0.255732
6	13	0.15	0.325	-0.0257061	-0.145484	-2.0783
6	14	0.15	0.35	-0.0844132	-0.0881518	1.57866
6	15	0.15	0.375	-0.00569153	-0.114877	-2.91511
6	16	0.15	0.4	-0.122358	-0.155509	1.83366
6	17	0.15	0.425	-0.0296661	-0.0500794	-1.23436
6	18	0.15	0.45	-0.111242	-0.216522	-0.840485
6	19	0.15	0.475	-0.107529	-0.0209188	2.95309
6	20	0.15	0.5	-0.0742476	-0.186332	-4.72374
6	21	0.15	0.525	-0.194982	-0.087177	6.30754
6	22	0.15	0.55	-0.0609434	-0.0434278	-5.40063
6	23	0.15	0.575	-0.231148	-0.217643	4.4052
6	24	0.15	0.6	-0.100286	0.110052	-0.00329177
6	25	0.15	0.625	-0.217573	-0.269839	-3.21853
6	26	0.15	0.65	-0.175293	0.132419	8.58495
6	27	0.15	0.675	-0.198069	-0.115814	-10.5146
6	28	0.15	0.7	-0.220607	-0.0186803	12.6938
6	29	0.15	0.725	-0.168022	0.171011	-9.72342
6	30	0.15	0.75	-0.218053	-0.21692	6.66207
6	31	0.15	0.775	-0.0912148	0.343625	0.196436
6	32	0.15	0.8	-0.242513	-0.227521	-5.85296
6	33	0.15	0.825	0.056654	0.246544	10.9567
6	34	0.15	0.85	-0.267806	0.0119092	-13.6234
6	35	0.15	0.875	0.277544	-0.0203328	12.6848
6	36	0.15	0.9	-0.0936008	0.21792	-10.3958
6	37	0.15	0.925	0.505247	-0.193327	5.22838
6	38	0.15	0.95	0.384315	0.112677	-2.88255
6	39	0.15	0.975	0.774157	-0.154886	-0.916225
6	40	0.15	1	1	0	0
7	0	0.175	0	0	0	-1.2038
7	1	0.175	0.025	-0.00603808	-0.010345	-1.2038
7	2	0.175	0.05	0.00138245	-0.0184603	-1.18441
7	3	0.175	0.075	-0.0178313	-0.0327385	-1.21622
7	4	0.175	0.1	0.00597509	-0.0358556	-1.00482
7	5	0.175	0.125	-0.0162722	-0.0513673	-1.28122
7	6	0.175	0.15	-0.0132382	-0.0565882	-0.768094
7	7	0.175	0.175	0.00453321	-0.0657259	-1.24014
7	8	0.175	0.2	-0.0496825	-0.0799455	-0.645951
7	9	0.175	0.225	0.018913	-0.0773742	-0.939406
7	10	0.175	0.25	-0.0653212	-0.103341	-0.76446
7	11	0.175	0.275	-0.0114079	-0.0888533	-0.31086
7	12	0.175	0.3	-0.0337593	-0.12115	-1.11117
7	13	0.175	0.325	-0.0899042	-0.106307	0.484292
7	14	0.175	0.35	0.014122	-0.122566	-1.3195
7	15	0.175	0.375	-0.158928	-0.137467	0.837737
7	16	0.175	0.4	0.00629957	-0.103385	-0.63373
7	17	0.175	0.425	-0.146098	-0.175093	-0.0421105
7	18	0.175	0.45	-0.100477	-0.0827039	1.41401
7	19	0.175	0.475	-0.0588942	-0.181445	-2.01112
7	20	0.175	0.5	-0.256486	-0.0978497	3.82718
7	21	0.175	0.525	0.00366069	-0.118352	-3.1409
7	22	0.175	0.55	-0.331072	-0.166754	3.97333
7	23	0.175	0.575	-0.0537754	-0.00636477	-0.868542
7	24	0.175	0.6	-0.253778	-0.235135	-0.106789
7	25	0.175	0.625	-0.23606	0.0696133	5.09049
7	26	0.175	0.65	-0.115631	-0.189472	-6.41166
7	27	0.175	0.675	-0.412043	0.0236749	10.6656
7	28	0.175	0.7	-0.0465005	0.0121793	-9.13305
7	29	0.175	0.725	-0.411018	-0.143508	9.5102
7	30	0.175	0.75	-0.0769245	0.248328	-3.53716
7	31	0.175	0.775	-0.257405	-0.279467	-0.607188
7	32	0.175	0.8	-0.127212	0.31913	8.32043
7	33	0.175	0.825	-0.130527	-0.183988	-12.9726
7	34	0.175	0.85	-0.0332563	0.140546	17.0878
7	35	0.175	0.875	-0.039089	0.105452	-16.937
7	36	0.175	0.9	0.266828	-0.146733	14.4664
7	37	0.175	0.925	0.21474	0.259034	-9.71708
7	38	0.175	0.95	0.615366	-0.239393	4.10543
7	39	0.175	0.975	0.711083	0.0604016	-1.55616
7	40	0.175	1	1	0	0
8	0	0.2	0	0	0	-0.915943
8	1	0.2	0.025	-0.00260891	-0.00591078	-0.915943
8	2	0.2	0.05	-0.0139813	-0.027882	-1.07738
8	3	0.2	0.075	0.0037664	-0.0255606	-0.584963
8	4	0.2	0.1	-0.020043	-0.0419012	-1.26182
8	5	0.2	0.125	-0.00586427	-0.0578382	-0.448044
8	6	0.2	0.15	-0.00415877	-0.0473901	-0.920884
8	7	0.2	0.175	-0.0412804	-0.0881584	-0.8506
8	8	0.2	0.2	0.0186961	-0.0646344	-0.0907817
8	9	0.2	0.225	-0.0708937	-0.0984941	-1.34247
8	10	0.2	0.25	0.00584816	-0.102007	0.470696
8	11	0.2	0.275	-0.0523859	-0.0931691	-1.09353
8	12	0.2	0.3	-0.0681074	-0.141643	0.139913
8	13	0.2	0.325	0.00584094	-0.096669	0.0686711
8	14	0.2	0.35	-0.162476	-0.156934	-0.736679
8	15	0.2	0.375	0.0294245	-0.12365	1.32484
8	16	0.2	0.4	-0.183	-0.145455	-1.14053
8	17	0.2	0.425	-0.0585186	-0.159846	1.75081
8	18	0.2	0.45	-0.0902895	-0.130256	-0.53835
8	19	0.2	0.475	-0.248753	-0.176773	1.30604
8	20	0.2	0.5	0.0225232	-0.124244	0.6431
8	21	0.2	0.525	-0.398137	-0.168826	0.577865
8	22	0.2	0.55	0.0111827	-0.116112	1.85499
8	23	0.2	0.575	-0.345458	-0.158597	-0.303328
8	24	0.2	0.6	-0.197823	-0.0903373	3.29601
8	25	0.2	0.625	-0.128527	-0.142171	-1.68177
8	26	0.2	0.65	-0.508114	-0.0587521	5.14135
8	27	0.2	0.675	0.0478374	-0.0768845	-2.98175
8	28	0.2	0.7	-0.641224	-0.0742741	5.76851
8	29	0.2	0.725	0.037092	0.0532027	-1.93422
8	30	0.2	0.75	-0.430067	-0.158455	2.12285
8	31	0.2	0.775	-0.166947	0.190246	3.86615
8	32	0.2	0.8	-0.0675833	-0.201863	-6.28016
8	33	0.2	0.825	-0.356033	0.212544	12.6741
8	34	0.2	0.85	0.176336	-0.0695742	-14.2342
8	35	0.2	0.875	-0.206623	0.0412729	17.1052
8	36	0.2	0.9	0.30781	0.176485	-14.2604
8	37	0.2	0.925	0.279615	-0.19363	11.1895
8	38	0.2	0.95	0.544784	0.233845	-5.74398
8	39	0.2	0.975	0.773401	-0.169834	1.28514
8	40	0.2	1	1	0	0
9	0	0.225	0	0	0	-0.722741
9	1	0.225	0.025	-0.0067875	-0.0188126	-0.722741
9	2	0.225	0.05	-0.00201753	-0.0106586	-0.358723
9	3	0.225	0.075	-0.0165554	-0.0395789	-1.15955
9	4	0.225	0.1	-0.00402721	-0.04685	0.0253254
9	5	0.225	0.125	-0.0107979	-0.036742	-0.970839
9	6	0.225	0.15	-0.0274386	-0.0927805	-0.529364
9	7	0.225	0.175	0.00744924	-0.0431725	0.282937
9	8	0.225	0.2	-0.0585431	-0.109763	-1.69249
9	9	0.225	0.225	0.00778289	-0.0904595	1.47416
9	10	0.225	0.25	-0.059576	-0.0855295	-1.80068
9	11	0.225	0.275	-0.0419361	-0.163351	0.922034
9	12	0.225	0.3	-0.0176569	-0.063246	0.238641
9	13	0.225	0.325	-0.130337	-0.201064	-1.40817
9	14	0.225	0.35	0.0182845	-0.100356	3.1094
9	15	0.225	0.375	-0.182526	-0.162243	-3.07488
9	16	0.225	0.4	-0.0290032	-0.197698	3.87048
9	17	0.225	0.425	-0.129068	-0.0897369	-1.44521
9	18	0.225	0.45	-0.191096	-0.278717	1.07897
9	19	0.225	0.475	-0.01614	-0.0733688	2.98857
9	20	0.225	0.5	-0.378075	-0.256005	-2.96773
9	21	0.225	0.525	0.0203261	-0.14747	6.49021
9	22	0.225	0.55	-0.404363	-0.142558	-4.05564
9	23	0.225	0.575	-0.130485	-0.249673	5.73654
9	24	0.225	0.6	-0.212839	-0.0482318	-0.710493
9	25	0.225	0.625	-0.464211	-0.265808	1.44711
9	26	0.225	0.65	0.0187424	-0.0410278	4.01654
9	27	0.225	0.675	-0.743164	-0.157642	-2.18214
9	28	0.225	0.7	0.0965189	-0.0835108	6.03668
9	29	0.225	0.725	-0.646024	-0.0404698	-2.46479
9	30	0.225	0.75	-0.0842072	-0.0810232	5.03493
9	31	0.225	0.775	-0.194061	-0.0287796	-1.65987
9	32	0.225	0.8	-0.47187	0.0225948	5.00136
9	33	0.225	0.825	0.267011	-0.0627926	-3.57727
9	34	0.225	0.85	-0.665198	0.122776	8.30046
9	35	0.225	0.875	0.52589	-0.00281975	-7.54353
9	36	0.225	0.9	-0.29021	0.0418327	10.3368
9	37	0.225	0.925	0.619165	0.151244	-7.35374
9	38	0.225	0.95	0.426466	-0.119174	5.36232
9	39	0.225	0.975	0.800427	0.126255	-1.58558
9	40	0.225	1	1	0	0
10	0	0.25	0	0	0	-0.327002
10	1	0.25	0.025	-0.00446408	-0.000712086	-0.327002
10	2	0.25	0.05	-0.00940726	-0.0355904	-0.763383
10	3	0.25	0.075	-0.00798339	-0.0276287	0.289405
10	4	0.25	0.1	-0.00908385	-0.0369969	-1.00595
10	5	0.25	0.125	-0.0197273	-0.0820733	0.0868318
10	6	0.25	0.15	-0.00236603	-0.0296396	0.10263
10	7	0.25	0.175	-0.0382904	-0.11947	-1.34689
10	8	0.25	0.2	-0.00450389	-0.0644521	1.90974
10	9	0.25	0.225	-0.0453832	-0.100216	-2.32414
10	10	0.25	0.25	-0.0338669	-0.152728	2.11657
10	11	0.25	0.275	-0.0291671	-0.0525679	-0.628967
10	12	0.25	0.3	-0.0907396	-0.231049	-0.594256
10	13	0.25	0.325	-0.0120125	-0.0621271	3.38628
10	14	0.25	0.35	-0.139387	-0.212678	-3.99897
10	15	0.25	0.375	-0.0402298	-0.177656	5.94696
10	16	0.25	0.4	-0.127811	-0.102569	-3.57971
10	17	0.25	0.425	-0.144078	-0.332739	3.21854
10	18	0.25	0.45	-0.0646626	-0.0276183	2.35567
10	19	0.25	0.475	-0.293171	-0.374041	-3.71948
10	20	0.25	0.5	-0.0369455	-0.104851	9.46895
10	21	0.25	0.525	-0.366075	-0.225742	-8.11019
10	22	0.25	0.55	-0.126714	-0.311064	10.6135
10	23	0.25	0.575	-0.266838	-0.0184299	-4.02673
10	24	0.25	0.6	-0.369225	-0.469875	2.91647
10	25	0.25	0.625	-0.0903903	0.046863	6.50429
10	26	0.25	0.65	-0.661778	-0.387187	-7.7699
10	27	0.25	0.675	0.00448959	-0.0827968	14.7384
10	28	0.25	0.7	-0.715692	-0.0990119	-11.5221
10	29	0.25	0.725	-0.0689047	-0.289616	13.2821
10	30	0.25	0.75	-0.379396	0.12971	-4.94749
10	31	0.25	0.775	-0.398982	-0.344817	3.49369
10	32	0.25	0.8	0.11724	0.126771	4.86011
10	33	0.25	0.825	-0.814774	-0.118648	-4.58768
10	34	0.25	0.85	0.524339	-0.0113466	8.07222
10	35	0.25	0.875	-0.790763	0.163423	-3.47583
10	36	0.25	0.9	0.756226	-0.0702857	3.02156
10	37	0.25	0.925	-0.113424	0.164467	1.64964
10	38	0.25	0.95	0.799895	0.0351125	-1.14363
10	39	0.25	0.975	0.708471	0.00981109	1.43327
10	40	0.25	1	1	0	0
11	0	0.275	0	0	0	-0.21203
11	1	0.275	0.025	-0.00428298	-0.0214185	-0.21203
11	2	0.275	0.05	-0.0105373	-0.0115163	0.257367
11	3	0.275	0.075	-0.00265632	-0.038808	-0.699096
11	4	0.275	0.1	-0.020399	-0.0589526	0.520567
11	5	0.275	0.125	-0.00191214	-0.0304419	-0.177416
11	6	0.275	0.15	-0.0252817	-0.111483	-0.527124
11	7	0.275	0.175	-0.015805	-0.0451649	1.59133
11	8	0.275	0.2	-0.020904	-0.116855	-2.00238
11	9	0.275	0.225	-0.0443379	-0.120268	2.69903
11	10	0.275	0.25	-0.0153393	-0.0703956	-1.43132
11	11	0.275	0.275	-0.0731598	-0.22121	0.899403
11	12	0.275	0.3	-0.0285091	-0.0468422	2.26205
11	13	0.275	0.325	-0.0866462	-0.250765	-3.08081
11	14	0.275	0.35	-0.0753168	-0.131829	6.27315
11	15	0.275	0.375	-0.0786455	-0.158135	-4.71514
11	16	0.275	0.4	-0.14645	-0.311814	5.58727
11	17	0.275	0.425	-0.0682552	-0.0381227	-0.0244706
11	18	0.275	0.45	-0.218157	-0.436677	-1.42768
11	19	0.275	0.475	-0.102776	-0.056176	8.83667
11	20	0.275	0.5	-0.255014	-0.347689	-8.95664
11	21	0.275	0.525	-0.201101	-0.271883	13.7363
11	22	0.275	0.55	-0.220414	-0.0950063	-7.99806
11	23	0.275	0.575	-0.34414	-0.546544	7.61211
11	24	0.275	0.6	-0.161273	0.0752242	3.72232
11	25	0.275	0.625	-0.508354	-0.603548	-6.96567
11	26	0.275	0.65	-0.169236	-0.0116882	17.8904
11	27	0.275	0.675	-0.582557	-0.315028	-17.4301
11	28	0.275	0.7	-0.234337	-0.319232	22.0887
11	29	0.275	0.725	-0.421721	0.0967066	-12.9917
11	30	0.275	0.75	-0.379451	-0.610718	10.2338
11	31	0.275	0.775	-0.0984356	0.286629	4.08819
11	32	0.275	0.8	-0.675412	-0.5445	-9.59278
11	33	0.275	0.825	0.224981	0.158037	20.0273
11	34	0.275	0.85	-0.870556	-0.0807505	-20.4217
11	35	0.275	0.875	0.566453	-0.119341	21.9413
11	36	0.275	0.9	-0.52854	0.345908	-14.4329
11	37	0.275	0.925	0.80977	-0.240943	10.2442
11	38	0.275	0.95	0.29921	0.302524	-2.50776
11	39	0.275	0.975	0.885261	-0.0413903	0.828422
11	40	0.275	1	1	0	0
12	0	0.3	0	0	0	0.194889
12	1	0.3	0.025	-0.00649891	-0.00434403	0.194889
12	2	0.3	0.05	0.000665219	-0.0311246	-0.127823
12	3	0.3	0.075	-0.0216739	-0.0366987	0.574782
12	4	0.3	0.1	0.00545707	-0.0362037	-0.0930274
12	5	0.3	0.125	-0.0240971	-0.0869933	0.164847
12	6	0.3	0.15	-0.0141135	-0.0432171	1.03655
12	7	0.3	0.175	-0.00499608	-0.114489	-1.01933
12	8	0.3	0.2	-0.0549877	-0.0924805	2.33689
12	9	0.3	0.225	0.011719	-0.0946105	-1.27372
12	10	0.3	0.25	-0.0803123	-0.18196	1.78331
12	11	0.3	0.275	-0.014124	-0.0658182	1.04135
12	12	0.3	0.3	-0.0607361	-0.243719	-1.19402
12	13	0.3	0.325	-0.0942544	-0.108051	4.84304
12	14	0.3	0.35	-0.018581	-0.205641	-3.72385
12	15	0.3	0.375	-0.180716	-0.253393	6.05021
12	16	0.3	0.4	-0.0176527	-0.0995568	-1.5216
12	17	0.3	0.425	-0.203665	-0.410306	1.44648
12	18	0.3	0.45	-0.1133	-0.0650637	5.91433
12	19	0.3	0.475	-0.156356	-0.41262	-6.1771
12	20	0.3	0.5	-0.284303	-0.213824	12.7089
12	21	0.3	0.525	-0.100872	-0.218069	-8.57909
12	22	0.3	0.55	-0.415409	-0.493994	10.6606
12	23	0.3	0.575	-0.121997	-0.00495334	-0.255751
12	24	0.3	0.6	-0.433737	-0.666532	-2.01408
12	25	0.3	0.625	-0.281826	0.00671554	14.6507
12	26	0.3	0.65	-0.377279	-0.508543	-15.7766
12	27	0.3	0.675	-0.489634	-0.247278	24.2453
12	28	0.3	0.7	-0.272921	-0.097943	-17.3714
12	29	0.3	0.725	-0.568933	-0.628603	17.7129
12	30	0.3	0.75	-0.162089	0.250248	-2.36204
12	31	0.3	0.775	-0.562758	-0.799762	-4.24136
12	32	0.3	0.8	-0.117566	0.292175	20.3097
12	33	0.3	0.825	-0.588401	-0.487459	-26.0908
12	34	0.3	0.85	0.0153723	0.036248	34.4671
12	35	0.3	0.875	-0.470419	0.1401	-30.8434
12	36	0.3	0.9	0.407192	-0.318464	28.708
12	37	0.3	0.925	0.0284838	0.531978	-16.438
12	38	0.3	0.95	0.767067	-0.344888	9.45469
12	39	0.3	0.975	0.72243	0.298164	-0.885117
12	40	0.3	1	1	0	0
13	0	0.325	0	0	0	0.365893
13	1	0.325	0.025	-0.000754903	-0.0140892	0.365893
13	2	0.325	0.05	-0.0161816	-0.0240386	0.500123
13	3	0.325	0.075	0.00975879	-0.0330622	0.358497
13	4	0.325	0.1	-0.0262465	-0.0611588	0.398829
13	5	0.325	0.125	-0.00215926	-0.0497181	0.86331
13	6	0.325	0.15	-0.00481283	-0.0917712	-0.10176
13	7	0.325	0.175	-0.0497582	-0.0851101	1.59662
13	8	0.325	0.2	0.0293154	-0.0992097	-0.269887
13	9	0.325	0.225	-0.090413	-0.14534	1.5394
13	10	0.325	0.25	0.0177847	-0.0960144	0.884228
13	11	0.325	0.275	-0.0668605	-0.200909	0.0975334
13	12	0.325	0.3	-0.0749623	-0.124728	3.16008
13	13	0.325	0.325	0.0102205	-0.205527	-1.50695
13	14	0.325	0.35	-0.198358	-0.217105	4.44207
13	15	0.325	0.375	0.0457499	-0.158586	-0.668133
13	16	0.325	0.4	-0.232637	-0.338118	2.31025
13	17	0.325	0.425	-0.0581599	-0.13384	3.76765
13	18	0.325	0.45	-0.128862	-0.383146	-2.5372
13	19	0.325	0.475	-0.298088	-0.218802	8.95567
13	20	0.325	0.5	0.00102761	-0.28947	-5.1715
13	21	0.325	0.525	-0.50312	-0.415778	9.18859
13	22	0.325	0.55	-0.00796558	-0.141155	-0.798818
13	23	0.325	0.575	-0.47702	-0.586111	1.46008
13	24	0.325	0.6	-0.255165	-0.0935583	9.73582
13	25	0.325	0.625	-0.265819	-0.542713	-9.3565
13	26	0.325	0.65	-0.654826	-0.234962	19.0044
13	27	0.325	0.675	-0.0777038	-0.273354	-13.5038
13	28	0.325	0.7	-0.867289	-0.517753	17.7239
13	29	0.325	0.725	-0.0441052	0.0429523	-5.13895
13	30	0.325	0.75	-0.687518	-0.74598	2.50246
13	31	0.325	0.775	-0.2493	0.212547	13.3847
13	32	0.325	0.8	-0.348409	-0.65672	-18.7516
13	33	0.325	0.825	-0.541401	0.143006	31.7973
13	34	0.325	0.85	-0.0850538	-0.205987	-31.8669
13	35	0.325	0.875	-0.421295	-0.1339	37.242
13	36	0.325	0.9	0.182635	0.363082	-27.6557
13	37	0.325	0.925	0.221861	-0.414007	23.2147
13	38	0.325	0.95	0.563071	0.5382	-9.56052
13	39	0.325	0.975	0.81326	-0.195473	3.77451
13	40	0.325	1	1	0	0
14	0	0.35	0	0	0	0.639124
14	1	0.35	0.025	-0.00597515	-0.0158856	0.639124
14	2	0.35	0.05	0.00656611	-0.0182466	0.799413
14	3	0.35	0.075	-0.0217501	-0.0460283	0.39623
14	4	0.35	0.1	0.00782907	-0.0478203	1.17439
14	5	0.35	0.125	-0.0112112	-0.0652778	0.268362
14	6	0.35	0.15	-0.0302441	-0.0901432	1.26097
14	7	0.35	0.175	0.0275189	-0.0794111	0.735384
14	8	0.35	0.2	-0.0824952	-0.132622	0.762994
14	9	0.35	0.225	0.0400952	-0.105938	1.77526
14	10	0.35	0.25	-0.0799794	-0.158844	0.0634436
14	11	0.35	0.275	-0.0321246	-0.157809	2.66951
14	12	0.35	0.3	0.000629443	-0.164371	0.111311
14	13	0.35	0.325	-0.170274	-0.228713	2.4476
14	14	0.35	0.35	0.0746016	-0.168314	1.64585
14	15	0.35	0.375	-0.248185	-0.289999	0.801867
14	16	0.35	0.4	0.0145326	-0.205532	4.2326
14	17	0.35	0.425	-0.155296	-0.305007	-1.06145
14	18	0.35	0.45	-0.228223	-0.295363	6.00303
14	19	0.35	0.475	0.0254944	-0.268136	-0.79843
14	20	0.35	0.5	-0.510806	-0.412549	4.72048
14	21	0.35	0.525	0.0826931	-0.233148	2.89935
14	22	0.35	0.55	-0.550807	-0.485641	0.12857
14	23	0.35	0.575	-0.137961	-0.263345	8.47197
14	24	0.35	0.6	-0.285875	-0.44445	-4.54667
14	25	0.35	0.625	-0.631553	-0.368376	12.0132
14	26	0.35	0.65	0.00480543	-0.305891	-4.85678
14	27	0.35	0.675	-1.05171	-0.494548	9.80266
14	28	0.35	0.7	0.087087	-0.163249	0.602789
14	29	0.35	0.725	-0.946567	-0.568427	1.39343
14	30	0.35	0.75	-0.163035	-0.0690265	10.1333
14	31	0.35	0.775	-0.387216	-0.510862	-9.7344
14	32	0.35	0.8	-0.76966	-0.0298749	20.394
14	33	0.35	0.825	0.148918	-0.291273	-18.1919
14	34	0.35	0.85	-1.19407	-0.0381187	26.8015
14	35	0.35	0.875	0.50949	0.0411095	-20.692
14	36	0.35	0.9	-0.757852	-0.155837	24.245
14	37	0.35	0.925	0.727145	0.379178	-14.0964
14	38	0.35	0.95	0.293666	-0.247398	10.5375
14	39	0.35	0.975	0.87122	0.325851	-1.56972
14	40	0.35	1	1	0	0
15	0	0.375	0	0	0	0.973378
15	1	0.375	0.025	0.00119501	-0.00301356	0.973378
15	2	0.375	0.05	-0.0105556	-0.0384514	0.5858
15	3	0.375	0.075	0.00845947	-0.0313429	1.56184
15	4	0.375	0.1	-0.0114041	-0.050578	0.267237
15	5	0.375	0.125	-0.0110141	-0.0875685	1.55138
15	6	0.375	0.15	0.0159598	-0.0525766	1.09442
15	7	0.375	0.175	-0.0563148	-0.136975	0.407342
15	8	0.375	0.2	0.0396155	-0.0865226	2.75735
15	9	0.375	0.225	-0.0740549	-0.143986	-0.692118
15	10	0.375	0.25	0.00155711	-0.169392	3.47184
15	11	0.375	0.275	-0.019559	-0.121144	0.178994
15	12	0.375	0.3	-0.111749	-0.262348	1.80161
15	13	0.375	0.325	0.06054	-0.130499	3.35324
15	14	0.375	0.35	-0.213328	-0.29738	-1.24431
15	15	0.375	0.375	0.0498866	-0.223395	6.44282
15	16	0.375	0.4	-0.17304	-0.252478	-2.31007
15	17	0.375	0.425	-0.131817	-0.377963	6.05314
15	18	0.375	0.45	-0.00687846	-0.196097	1.14834
15	19	0.375	0.475	-0.416961	-0.49346	1.2196
15	20	0.375	0.5	0.0922714	-0.230489	7.58406
15	21	0.375	0.525	-0.544952	-0.473643	-4.40371
15	22	0.375	0.55	-0.0465836	-0.388027	11.8574
15	23	0.375	0.575	-0.344064	-0.340593	-4.99141
15	24	0.375	0.6	-0.482928	-0.581896	9.37251
15	25	0.375	0.625	-0.0376092	-0.227592	1.52648
15	26	0.375	0.65	-0.99921	-0.650072	0.709173
15	27	0.375	0.675	0.0833178	-0.241062	10.7429
15	28	0.375	0.7	-1.08884	-0.521064	-7.59621
15	29	0.375	0.725	-0.0788746	-0.359631	15.8554
15	30	0.375	0.75	-0.579043	-0.296672	-9.20747
15	31	0.375	0.775	-0.672855	-0.444443	13.6684
15	32	0.375	0.8	0.0590649	-0.121634	-4.33557
15	33	0.375	0.825	-1.4552	-0.321334	7.57008
15	34	0.375	0.85	0.5156	-0.0456072	0.410898
15	35	0.375	0.875	-1.57538	-0.0378636	4.59725
15	36	0.375	0.9	0.890939	0.018563	-0.136249
15	37	0.375	0.925	-0.589848	0.0845384	4.77818
15	38	0.375	0.95	0.979864	0.137577	-1.30043
15	39	0.375	0.975	0.664452	0.0490688	2.18179
15	40	0.375	1	1	0	0
16	0	0.4	0	0	0	1.07039
16	1	0.4	0.025	-0.00130711	-0.025332	1.07039
16	2	0.4	0.05	0.00378873	-0.0104123	1.64905
16	3	0.4	0.075	-0.00301708	-0.0470145	0.408634
16	4	0.4	0.1	-0.00272988	-0.0674261	2.03843
16	5	0.4	0.125	0.0101819	-0.037887	0.921543
16	6	0.4	0.15	-0.0286326	-0.135255	0.830982
16	7	0.4	0.175	0.0262977	-0.0555524	3.00373
16	8	0.4	0.2	-0.0464955	-0.151169	-1.04389
16	9	0.4	0.225	0.00857357	-0.145533	4.49772
16	10	0.4	0.25	-0.0200735	-0.106943	-0.705759
16	11	0.4	0.275	-0.0618226	-0.273057	2.73065
16	12	0.4	0.3	0.0339772	-0.0852881	3.27856
16	13	0.4	0.325	-0.142532	-0.332442	-1.81496
16	14	0.4	0.35	0.0375385	-0.183351	8.08593
16	15	0.4	0.375	-0.139535	-0.259962	-4.32929
16	16	0.4	0.4	-0.0759339	-0.397477	8.24299
16	17	0.4	0.425	-0.0307557	-0.145909	-0.0530395
16	18	0.4	0.45	-0.286957	-0.580819	1.20029
16	19	0.4	0.475	0.0487994	-0.167145	9.54239
16	20	0.4	0.5	-0.431367	-0.553256	-7.83986
16	21	0.4	0.525	-0.0443372	-0.401164	16.3626
16	22	0.4	0.55	-0.329363	-0.329034	-8.97836
16	23	0.4	0.575	-0.356586	-0.732258	12.1367
16	24	0.4	0.6	-0.10061	-0.14783	1.90827
16	25	0.4	0.625	-0.789122	-0.882201	-2.85288
16	26	0.4	0.65	-0.028952	-0.206874	17.6604
16	27	0.4	0.675	-0.983582	-0.670735	-16.7837
16	28	0.4	0.7	-0.16317	-0.495333	25.6903
16	29	0.4	0.725	-0.670201	-0.250946	-16.5635
16	30	0.4	0.75	-0.556791	-0.82455	17.3457
16	31	0.4	0.775	-0.149864	0.0469599	-0.903462
16	32	0.4	0.8	-1.24381	-0.841889	-3.62063
16	33	0.4	0.825	0.189787	0.0655645	18.1068
16	34	0.4	0.85	-1.7035	-0.381331	-20.5709
16	35	0.4	0.875	0.571931	-0.118035	25.6199
16	36	0.4	0.9	-1.23638	0.23859	-19.555
16	37	0.4	0.925	0.983808	-0.297319	15.6993
16	38	0.4	0.95	0.0736131	0.40084	-5.7153
16	39	0.4	0.975	0.99677	-0.0982438	2.23467
16	40	0.4	1	1	0	0
17	0	0.425	0	0	0	1.52143
17	1	0.425	0.025	0.00146369	0.000726653	1.52143
17	2	0.425	0.05	0.00534083	-0.0410298	0.926978
17	3	0.425	0.075	-0.00265965	-0.0385369	2.221
17	4	0.425	0.1	0.0149624	-0.0377692	0.809356
17	5	0.425	0.125	-0.013598	-0.113517	1.59675
17	6	0.425	0.15	0.0184678	-0.0361022	2.54912
17	7	0.425	0.175	-0.0157617	-0.154732	-0.477231
17	8	0.425	0.2	-0.00101933	-0.104599	4.72592
17	9	0.425	0.225	0.00379411	-0.119279	-1.24766
17	10	0.425	0.25	-0.0434548	-0.241993	4.0552
17	11	0.425	0.275	0.0285182	-0.0688426	2.0029
17	12	0.425	0.3	-0.080163	-0.344236	-0.544913
17	13	0.425	0.325	0.0111608	-0.127928	7.75205
17	14	0.425	0.35	-0.0677864	-0.299652	-4.84483
17	15	0.425	0.375	-0.0758587	-0.345432	9.99271
17	16	0.425	0.4	-0.00290829	-0.154484	-2.33583
17	17	0.425	0.425	-0.201662	-0.594956	3.76622
17	18	0.425	0.45	0.0213899	-0.114886	7.9389
17	19	0.425	0.475	-0.278597	-0.638132	-7.45438
17	20	0.425	0.5	-0.0951759	-0.333616	17.9446
17	21	0.425	0.525	-0.214287	-0.404824	-11.9735
17	22	0.425	0.55	-0.335258	-0.741485	16.3665
17	23	0.425	0.575	-0.0840599	-0.146099	-1.74176
17	24	0.425	0.6	-0.600969	-1.02343	-0.120792
17	25	0.425	0.625	-0.122649	-0.154337	17.7345
17	26	0.425	0.65	-0.723432	-0.876356	-19.3721
17	27	0.425	0.675	-0.361338	-0.482988	31.3694
17	28	0.425	0.7	-0.54702	-0.39141	-23.474
17	29	0.425	0.725	-0.650087	-0.967646	25.3536
17	30	0.425	0.75	-0.237718	0.0458307	-6.11604
17	31	0.425	0.775	-0.988626	-1.21898	-1.54526
17	32	0.425	0.8	-0.150288	0.15627	22.1808
17	33	0.425	0.825	-1.29183	-0.896511	-31.8205
17	34	0.425	0.85	-0.100893	-0.0427201	43.151
17	35	0.425	0.875	-1.16254	-0.112205	-43.4345
17	36	0.425	0.9	0.357674	-0.455056	41.4431
17	37	0.425	0.925	-0.319126	0.59287	-27.6388
17	38	0.425	0.95	0.860562	-0.616106	16.2837
17	39	0.425	0.975	0.717004	0.431962	-3.18133
17	40	0.425	1	1	0	0
18	0	0.45	0	0	0	1.56371
18	1	0.45	0.025	0.00573791	-0.0232848	1.56371
18	2	0.45	0.05	-0.00159946	-0.0167576	2.06935
18	3	0.45	0.075	0.0218082	-0.0387815	1.12928
18	4	0.45	0.1	-0.00995613	-0.0790306	2.08078
18	5	0.45	0.125	0.0233631	-0.0342477	2.05415
18	6	0.45	0.15	0.000677668	-0.136846	0.583939
18	7	0.45	0.175	-0.00572411	-0.0740612	4.09236
18	8	0.45	0.2	0.0323245	-0.131227	-0.760069
18	9	0.45	0.225	-0.0468576	-0.188394	4.54929
18	10	0.45	0.25	0.0501636	-0.0828072	0.984745
18	11	0.45	0.275	-0.0545127	-0.309746	1.29765
18	12	0.45	0.3	0.00838637	-0.100196	5.99219
18	13	0.45	0.325	-0.00493985	-0.317932	-3.33279
18	14	0.45	0.35	-0.0940417	-0.269797	9.63876
18	15	0.45	0.375	0.0630214	-0.198112	-3.17939
18	16	0.45	0.4	-0.183503	-0.526534	6.06853
18	17	0.45	0.425	0.0513387	-0.117039	4.9725
18	18	0.45	0.45	-0.175154	-0.646041	-4.1914
18	19	0.45	0.475	-0.119516	-0.26604	15.69
18	20	0.45	0.5	-0.0659351	-0.483554	-11.122
18	21	0.45	0.525	-0.379361	-0.651225	17.6482
18	22	0.45	0.55	0.0255791	-0.217854	-4.6212
18	23	0.45	0.575	-0.538265	-1.00344	4.37988
18	24	0.45	0.6	-0.103734	-0.161767	13.4462
18	25	0.45	0.625	-0.497029	-0.97049	-15.3223
18	26	0.45	0.65	-0.50654	-0.437621	29.5382
18	27	0.45	0.675	-0.307198	-0.55865	-23.3789
18	28	0.45	0.7	-0.893853	-0.919075	28.4893
18	29	0.45	0.725	-0.137013	-0.110436	-10.7412
18	30	0.45	0.75	-0.991306	-1.27248	5.41002
18	31	0.45	0.775	-0.271715	0.0936349	16.4604
18	32	0.45	0.8	-0.884548	-1.14326	-26.7515
18	33	0.45	0.825	-0.685045	0.00293512	42.9702
18	34	0.45	0.85	-0.654645	-0.550067	-47.2568
18	35	0.45	0.875	-0.704182	-0.321494	53.3771
18	36	0.45	0.9	-0.158078	0.258134	-43.9022
18	37	0.45	0.925	0.0447989	-0.756243	36.4965
18	38	0.45	0.95	0.529963	0.678673	-17.6732
18	39	0.45	0.975	0.825171	-0.470257	5.79042
18	40	0.45	1	1	0	0
19	0	0.475	0	0	0	1.95749
19	1	0.475	0.025	0.00254877	-0.00734425	1.95749
19	2	0.475	0.05	0.0207984	-0.0288248	1.69988
19	3	0.475	0.075	-0.00693163	-0.0491885	2.13229
19	4	0.475	0.1	0.032659	-0.0371386	2.02584
19	5	0.475	0.125	0.00250145	-0.102845	1.4039
19	6	0.475	0.15	0.00452529	-0.0639997	3.3114
19	7	0.475	0.175	0.0452367	-0.121471	0.369865
19	8	0.475	0.2	-0.0468827	-0.144246	4.03322
19	9	0.475	0.225	0.0777448	-0.100202	1.08749
19	10	0.475	0.25	-0.0564046	-0.24866	2.29401
19	11	0.475	0.275	0.0362732	-0.106934	4.41363
19	12	0.475	0.3	0.0173361	-0.288872	-1.1048
19	13	0.475	0.325	-0.0864966	-0.222105	7.68481
19	14	0.475	0.35	0.1185	-0.224315	-1.89178
19	15	0.475	0.375	-0.191553	-0.430139	6.19926
19	16	0.475	0.4	0.120238	-0.156891	3.39057
19	17	0.475	0.425	-0.14829	-0.570421	-1.09579
19	18	0.475	0.45	-0.0733489	-0.252225	11.9627
19	19	0.475	0.475	0.0297931	-0.490287	-7.4078
19	20	0.475	0.5	-0.392245	-0.559764	15.0325
19	21	0.475	0.525	0.157156	-0.290644	-3.78788
19	22	0.475	0.55	-0.561147	-0.885235	5.91774
19	23	0.475	0.575	0.0190247	-0.234374	9.99728
19	24	0.475	0.6	-0.40733	-0.912232	-9.80951
19	25	0.475	0.625	-0.485064	-0.458579	23.5303
19	26	0.475	0.65	-0.117998	-0.609951	-17.1377
19	27	0.475	0.675	-1.07188	-0.856813	23.7809
19	28	0.475	0.7	0.0327054	-0.278323	-8.26313
19	29	0.475	0.725	-1.19509	-1.13555	6.8142
19	30	0.475	0.75	-0.168355	-0.118073	11.8143
19	31	0.475	0.775	-0.789022	-1.04674	-17.422
19	32	0.475	0.8	-0.885995	-0.156731	32.1989
19	33	0.475	0.825	-0.295842	-0.643173	-33.7238
19	34	0.475	0.85	-1.57556	-0.281653	42.9625
19	35	0.475	0.875	0.178023	-0.143422	-36.6499
19	36	0.475	0.9	-1.24902	-0.490728	38.6312
19	37	0.475	0.925	0.674019	0.380375	-25.0868
19	38	0.475	0.95	0.0700454	-0.619439	16.31
19	39	0.475	0.975	0.933476	0.364943	-4.26172
19	40	0.475	1	1	0	0
20	0	0.5	0	0	0	2.12231
20	1	0.5	0.025	0.0114756	-0.0112016	2.12231
20	2	0.5	0.05	0.000864704	-0.032144	2.10289
20	3	0.5	0.075	0.0344881	-0.0302261	2.36568
20	4	0.5	0.1	0.00189473	-0.0711986	1.71019
20	5	0.5	0.125	0.0216665	-0.0623204	3.01873
20	6	0.5	0.15	0.0407201	-0.0929474	1.31237
20	7	0.5	0.175	-0.0299907	-0.123501	3.25888
20	8	0.5	0.2	0.0884739	-0.0965277	1.97531
20	9	0.5	0.225	-0.0571955	-0.196382	2.14381
20	10	0.5	0.25	0.0714132	-0.121214	4.04434
20	11	0.5	0.275	0.00772213	-0.231209	0.268947
20	12	0.5	0.3	-0.0439081	-0.213631	5.86283
20	13	0.5	0.325	0.13103	-0.205042	0.210762
20	14	0.5	0.35	-0.174151	-0.363967	4.60733
20	15	0.5	0.375	0.175837	-0.183641	4.01957
20	16	0.5	0.4	-0.155485	-0.469048	-0.231686
20	17	0.5	0.425	0.0179827	-0.279348	9.70024
20	18	0.5	0.45	0.0474819	-0.422713	-3.96327
20	19	0.5	0.475	-0.319002	-0.528103	11.0884
20	20	0.5	0.5	0.231699	-0.299001	-0.319759
20	21	0.5	0.525	-0.55756	-0.77983	3.63877
20	22	0.5	0.55	0.154397	-0.30628	10.3337
20	23	0.5	0.575	-0.412055	-0.783974	-7.62347
20	24	0.5	0.6	-0.321719	-0.548578	19.1196
20	25	0.5	0.625	-0.0506954	-0.53654	-10.5318
20	26	0.5	0.65	-1.0303	-0.89905	15.7669
20	27	0.5	0.675	0.12865	-0.337416	-0.394329
20	28	0.5	0.7	-1.34403	-1.04478	0.286825
20	29	0.5	0.725	-0.0262192	-0.342874	14.9444
20	30	0.5	0.75	-0.917378	-0.835871	-15.1546
20	31	0.5	0.775	-0.735173	-0.499307	24.4969
20	32	0.5	0.8	-0.263122	-0.462408	-19.1018
20	33	0.5	0.825	-1.8256	-0.580116	22.8083
20	34	0.5	0.85	0.195235	-0.216158	-13.873
20	35	0.5	0.875	-2.21565	-0.413878	16.0035
20	36	0.5	0.9	0.740723	-0.0599934	-9.17362
20	37	0.5	0.925	-1.12352	-0.267398	9.40749
20	38	0.5	0.95	1.06405	0.10187	-4.80389
20	39	0.5	0.975	0.572494	-0.164869	1.35463
20	40	0.5	1	1	0	0
21	0	0.525	0	0	0	2.32213
21	1	0.525	0.025	0.00685195	-0.020014	2.32213
21	2	0.525	0.05	0.0262952	-0.0135545	2.64156
21	3	0.525	0.075	0.00732911	-0.0528182	1.82531
21	4	0.525	0.1	0.031855	-0.0521594	3.19908
21	5	0.525	0.125	0.0320349	-0.0645427	1.67862
21	6	0.525	0.15	-0.0036586	-0.114723	2.98024
21	7	0.525	0.175	0.0792734	-0.0719507	2.7406
21	8	0.525	0.2	-0.0396314	-0.169933	1.62082
21	9	0.525	0.225	0.0880451	-0.115223	4.59748
21	10	0.525	0.25	-0.00274575	-0.181498	0.382263
21	11	0.525	0.275	0.00758128	-0.216435	5.33617
21	12	0.525	0.3	0.109777	-0.156445	1.45708
21	13	0.525	0.325	-0.11822	-0.341185	3.11491
21	14	0.525	0.35	0.185459	-0.166538	5.53207
21	15	0.525	0.375	-0.140018	-0.400639	-1.17405
21	16	0.525	0.4	0.0931915	-0.294254	9.77451
21	17	0.525	0.425	0.029598	-0.335985	-2.8638
21	18	0.525	0.45	-0.190223	-0.538372	8.88318
21	19	0.525	0.475	0.233404	-0.241908	2.58485
21	20	0.525	0.5	-0.460485	-0.74298	0.367371
21	21	0.525	0.525	0.221162	-0.311808	13.098
21	22	0.525	0.55	-0.397577	-0.691399	-9.2549
21	23	0.525	0.575	-0.143842	-0.624708	19.0789
21	24	0.525	0.6	-0.0539663	-0.424277	-8.14189
21	25	0.525	0.625	-0.801801	-1.01488	10.8852
21	26	0.525	0.65	0.12986	-0.283704	6.44337
21	27	0.525	0.675	-1.25442	-1.10409	-8.31165
21	28	0.525	0.7	-0.00441446	-0.44382	23.1073
21	29	0.525	0.725	-1.00716	-0.744426	-21.1563
21	30	0.525	0.75	-0.530583	-0.81823	26.6353
21	31	0.525	0.775	-0.381012	-0.268615	-14.5587
21	32	0.525	0.8	-1.5454	-1.07267	10.4627
21	33	0.525	0.825	-0.0378043	-0.0913212	4.97705
21	34	0.525	0.85	-2.34697	-0.807987	-12.0996
21	35	0.525	0.875	0.34392	-0.205222	19.1108
21	36	0.525	0.9	-1.9422	-0.161838	-19.8646
21	37	0.525	0.925	0.977038	-0.419726	15.3552
21	38	0.525	0.95	-0.238361	0.202141	-9.3142
21	39	0.525	0.975	1.07254	-0.308881	1.65306
21	40	0.525	1	1	0	0
22	0	0.55	0	0	0	2.66959
22	1	0.55	0.025	0.0140423	-0.000236426	2.66959
22	2	0.55	0.05	0.0147396	-0.0418065	2.15767
22	3	0.55	0.075	0.0304048	-0.0305416	3.39399
22	4	0.55	0.1	0.0303094	-0.0496234	1.7562
22	5	0.55	0.125	0.0163426	-0.0988541	3.26406
22	6	0.55	0.15	0.0642306	-0.045293	2.88619
22	7	0.55	0.175	-0.0101413	-0.158513	1.5843
22	8	0.55	0.2	0.0818554	-0.086339	5.09577
22	9	0.55	0.225	0.00603647	-0.158663	0.0195919
22	10	0.55	0.25	0.0383392	-0.199296	5.8506
22	11	0.55	0.275	0.0869921	-0.114267	1.36639
22	12	0.55	0.3	-0.0518916	-0.331957	2.97771
22	13	0.55	0.325	0.160328	-0.118803	6.18737
22	14	0.55	0.35	-0.0856057	-0.376756	-2.04456
22	15	0.55	0.375	0.116626	-0.263085	10.7851
22	16	0.55	0.4	0.0317956	-0.282992	-3.626
22	17	0.55	0.425	-0.079797	-0.530928	9.19991
22	18	0.55	0.45	0.207	-0.169296	2.95051
22	19	0.55	0.475	-0.3027	-0.743384	-0.787308
22	20	0.55	0.5	0.216384	-0.248794	14.9183
22	21	0.55	0.525	-0.2963	-0.671342	-11.547
22	22	0.55	0.55	-0.054133	-0.612405	21.4586
22	23	0.55	0.575	-0.0313721	-0.359656	-9.82018
22	24	0.55	0.6	-0.553619	-1.08537	11.4483
22	25	0.55	0.625	0.111741	-0.191615	7.93149
22	26	0.55	0.65	-0.965426	-1.22811	-12.0907
22	27	0.55	0.675	-0.0840818	-0.404733	28.9815
22	28	0.55	0.7	-0.883503	-0.81999	-28.2866
22	29	0.55	0.725	-0.512536	-0.932986	34.1494
22	30	0.55	0.75	-0.430261	-0.219173	-19.3338
22	31	0.55	0.775	-1.18397	-1.42862	11.7359
22	32	0.55	0.8	-0.247661	0.0302533	9.97521
22	33	0.55	0.825	-1.86822	-1.33895	-25.3871
22	34	0.55	0.85	-0.256368	-0.13456	38.298
22	35	0.55	0.875	-1.90559	-0.594024	-47.9977
22	36	0.55	0.9	0.23949	-0.598116	44.9256
22	37	0.55	0.925	-0.81498	0.327274	-37.1522
22	38	0.55	0.95	0.901262	-0.945027	20.2574
22	39	0.55	0.975	0.651581	0.321324	-7.57615
22	40	0.55	1	1	0	0
23	0	0.575	0	0	0	2.70738
23	1	0.575	0.025	0.0138799	-0.0254124	2.70738
23	2	0.575	0.05	0.0230963	-0.00921785	3.31292
23	3	0.575	0.075	0.0336969	-0.0444962	2.0232
23	4	0.575	0.1	0.0231686	-0.0700838	3.63269
23	5	0.575	0.125	0.0565899	-0.0321767	2.65971
23	6	0.575	0.15	0.0139915	-0.141331	2.18307
23	7	0.575	0.175	0.0678009	-0.0533365	4.9414
23	8	0.575	0.2	0.0288177	-0.152924	0.1291
23	9	0.575	0.225	0.0425136	-0.157397	6.36298
23	10	0.575	0.25	0.083903	-0.0986703	0.730932
23	11	0.575	0.275	-0.00851093	-0.302687	3.95498
23	12	0.575	0.3	0.134094	-0.0754905	5.46684
23	13	0.575	0.325	-0.0206583	-0.366333	-1.54466
23	14	0.575	0.35	0.102454	-0.198581	10.9263
23	15	0.575	0.375	0.069691	-0.271828	-4.32334
23	16	0.575	0.4	-0.0296629	-0.471691	10.4722
23	17	0.575	0.425	0.202602	-0.12822	1.42986
23	18	0.575	0.45	-0.167459	-0.716152	0.727747
23	19	0.575	0.475	0.195565	-0.167622	13.9656
23	20	0.575	0.5	-0.142359	-0.678022	-11.4249
23	21	0.575	0.525	-0.0473346	-0.517499	22.5235
23	22	0.575	0.55	0.0650768	-0.36152	-11.9447
23	23	0.575	0.575	-0.418888	-1.03426	14.5639
23	24	0.575	0.6	0.153777	-0.13829	5.02197
23	25	0.575	0.625	-0.667302	-1.27071	-9.54475
23	26	0.575	0.65	-0.140943	-0.310118	28.4388
23	27	0.575	0.675	-0.590644	-0.931232	-29.4911
23	28	0.575	0.7	-0.65667	-0.854669	38.261
23	29	0.575	0.725	-0.301387	-0.313157	-24.7862
23	30	0.575	0.75	-1.08438	-1.46792	19.1917
23	31	0.575	0.775	-0.275455	0.0455268	4.41764
23	32	0.575	0.8	-1.34437	-1.59218	-21.3452
23	33	0.575	0.825	-0.681017	-0.0366569	39.7207
23	34	0.575	0.85	-1.33959	-1.0548	-54.7525
23	35	0.575	0.875	-0.790344	-0.457295	59.9334
23	36	0.575	0.9	-0.753213	-0.101862	-58.5298
23	37	0.575	0.925	-0.0297001	-1.12116	46.3768
23	38	0.575	0.95	0.320168	0.579043	-27.6586
23	39	0.575	0.975	0.820481	-0.916214	6.74497
23	40	0.575	1	1	0	0
24	0	0.6	0	0	0	3.12606
24	1	0.6	0.025	0.0148657	0.000259938	3.12606
24	2	0.6	0.05	0.0323306	-0.03622	2.58954
24	3	0.6	0.075	0.0222637	-0.0388952	3.6987
24	4	0.6	0.1	0.0563418	-0.031316	2.59581
24	5	0.6	0.125	0.0239573	-0.110054	2.93317
24	6	0.6	0.15	0.0609698	-0.0340527	4.3372
24	7	0.6	0.175	0.0475565	-0.14275	0.940797
24	8	0.6	0.2	0.0361089	-0.10981	6.18473
24	9	0.6	0.225	0.0957979	-0.10164	0.567335
24	10	0.6	0.25	0.00452653	-0.247507	4.95119
24	11	0.6	0.275	0.127808	-0.0583283	4.17537
24	12	0.6	0.3	0.0200206	-0.335946	0.0863579
24	13	0.6	0.325	0.0874688	-0.137239	9.67709
24	14	0.6	0.35	0.115385	-0.272394	-3.65927
24	15	0.6	0.375	-0.0227825	-0.37747	10.8295
24	16	0.6	0.4	0.229171	-0.124982	0.0250168
24	17	0.6	0.425	-0.100997	-0.633242	3.11552
24	18	0.6	0.45	0.206706	-0.11553	11.1782
24	19	0.6	0.475	-0.0195056	-0.6482	-8.66801
24	20	0.6	0.5	-0.0467805	-0.403635	20.6218
24	21	0.6	0.525	0.194064	-0.378076	-11.4858
24	22	0.6	0.55	-0.388809	-0.892542	15.9811
24	23	0.6	0.575	0.270459	-0.141949	1.96157
24	24	0.6	0.6	-0.507555	-1.17505	-4.68621
24	25	0.6	0.625	-0.077061	-0.254132	23.4591
24	26	0.6	0.65	-0.311385	-0.93335	-24.3151
24	27	0.6	0.675	-0.768412	-0.732645	34.9682
24	28	0.6	0.7	-0.0610164	-0.418496	-23.5811
24	29	0.6	0.725	-1.23643	-1.28967	22.0095
24	30	0.6	0.75	-0.109721	-0.0668702	-1.13941
24	31	0.6	0.775	-1.14872	-1.47484	-11.4914
24	32	0.6	0.8	-0.748599	-0.0612063	29.8211
24	33	0.6	0.825	-0.823512	-1.12168	-42.773
24	34	0.6	0.85	-1.54872	-0.325605	52.4645
24	35	0.6	0.875	-0.376521	-0.507058	-54.678
24	36	0.6	0.9	-1.37341	-0.805071	53.5261
24	37	0.6	0.925	0.325147	0.226836	-40.9837
24	38	0.6	0.95	-0.0524268	-1.17228	23.8789
24	39	0.6	0.975	0.872004	0.286346	-9.59329
24	40	0.6	1	1	0	0
25	0	0.625	0	0	0	3.16412
25	1	0.625	0.025	0.0203558	-0.0189673	3.16412
25	2	0.625	0.05	0.0206646	-0.0179687	3.54079
25	3	0.625	0.075	0.0539532	-0.0301444	2.90617
25	4	0.625	0.1	0.0247625	-0.073721	3.36538
25	5	0.625	0.125	0.0628239	-0.0296792	3.8571
25	6	0.625	0.15	0.0520685	-0.117799	1.98258
25	7	0.625	0.175	0.0361474	-0.076381	5.47078
25	8	0.625	0.2	0.104489	-0.102095	1.17787
25	9	0.625	0.225	0.00426979	-0.185761	5.20919
25	10	0.625	0.25	0.136038	-0.061608	3.37115
25	11	0.625	0.275	0.0286516	-0.279996	1.73545
25	12	0.625	0.3	0.0926357	-0.102636	7.86155
25	13	0.625	0.325	0.135889	-0.25444	-1.88301
25	14	0.625	0.35	-0.0175271	-0.287595	9.79153
25	15	0.625	0.375	0.256822	-0.132411	-0.0169532
25	16	0.625	0.4	-0.0826729	-0.518856	4.49041
25	17	0.625	0.425	0.247537	-0.0983082	8.66809
25	18	0.625	0.45	0.0297169	-0.566317	-5.30244
25	19	0.625	0.475	0.00354796	-0.321231	17.1132
25	20	0.625	0.5	0.278163	-0.353604	-8.64283
25	21	0.625	0.525	-0.359889	-0.745234	14.3247
25	22	0.625	0.55	0.396942	-0.151363	1.7285
25	23	0.625	0.575	-0.471126	-1.00663	-2.17386
25	24	0.625	0.6	0.0974448	-0.255487	19.1504
25	25	0.625	0.625	-0.17609	-0.805879	-17.9332
25	26	0.625	0.65	-0.684555	-0.691408	27.7488
25	27	0.625	0.675	0.135189	-0.406309	-16.3624
25	28	0.625	0.7	-1.37575	-1.13319	16.3863
25	29	0.625	0.725	0.111075	-0.202873	1.13371
25	30	0.625	0.75	-1.26326	-1.19415	-8.30597
25	31	0.625	0.775	-0.504572	-0.260638	21.8768
25	32	0.625	0.8	-0.64268	-0.859728	-27.9231
25	33	0.625	0.825	-1.71988	-0.462505	33.8557
25	34	0.625	0.85	-0.170659	-0.503746	-33.0591
25	35	0.625	0.875	-2.36367	-0.592904	34.1814
25	36	0.625	0.9	0.396045	-0.208061	-29.0096
25	37	0.625	0.925	-1.37958	-0.773917	23.0276
25	38	0.625	0.95	0.899432	0.108742	-15.2559
25	39	0.625	0.975	0.463403	-0.641431	1.8737
25	40	0.625	1	1	0	0
26	0	0.65	0	0	0	3.48878
26	1	0.65	0.025	0.0165371	-0.00838583	3.48878
26	2	0.65	0.05	0.0425398	-0.0206164	3.35859
26	3	0.65	0.075	0.025074	-0.0456909	3.4717
26	4	0.65	0.1	0.0640726	-0.0284162	3.79858
26	5	0.65	0.125	0.0469187	-0.0853615	2.72678
26	6	0.65	0.15	0.0454236	-0.0604776	4.81399
26	7	0.65	0.175	0.0992948	-0.0883114	2.11842
26	8	0.65	0.2	0.00961337	-0.13838	4.83855
26	9	0.65	0.225	0.140392	-0.0654708	3.40428
26	10	0.65	0.25	0.0230943	-0.21718	2.62129
26	11	0.65	0.275	0.110648	-0.0909157	6.54044
26	12	0.65	0.3	0.125426	-0.213675	-0.0778081
26	13	0.65	0.325	0.00763323	-0.225755	8.2058
26	14	0.65	0.35	0.25613	-0.125136	1.007
26	15	0.65	0.375	-0.0661817	-0.412803	4.49522
26	16	0.65	0.4	0.279857	-0.0906626	7.54552
26	17	0.65	0.425	0.0316551	-0.464309	-3.09561
26	18	0.65	0.45	0.0886559	-0.269514	14.2345
26	19	0.65	0.475	0.287567	-0.287045	-5.68816
26	20	0.65	0.5	-0.260412	-0.638496	11.5586
26	21	0.65	0.525	0.456692	-0.113852	3.52168
26	22	0.65	0.55	-0.432707	-0.865043	-2.82918
26	23	0.65	0.575	0.271767	-0.246261	18.3541
26	24	0.65	0.6	-0.15949	-0.643232	-15.1601
26	25	0.65	0.625	-0.417964	-0.716476	22.979
26	26	0.65	0.65	0.210181	-0.270744	-9.61508
26	27	0.65	0.675	-1.26165	-1.13482	7.76208
26	28	0.65	0.7	0.231162	-0.217996	9.41626
26	29	0.65	0.725	-1.39205	-1.0297	-14.8094
26	30	0.65	0.75	-0.205264	-0.489327	24.2164
26	31	0.65	0.775	-0.7246	-0.546464	-23.1276
26	32	0.65	0.8	-1.36797	-0.849758	21.498
26	33	0.65	0.825	-0.210329	-0.258391	-13.1445
26	34	0.65	0.85	-2.54489	-0.847165	5.92459
26	35	0.65	0.875	0.170481	-0.307554	-1.15034
26	36	0.65	0.9	-2.3484	-0.505225	-3.94615
26	37	0.65	0.925	0.826259	-0.403059	0.708011
26	38	0.65	0.95	-0.530185	-0.294603	-4.08662
26	39	0.65	0.975	1.01982	-0.357947	-2.56569
26	40	0.65	1	1	0	0
27	0	0.675	0	0	0	3.66066
27	1	0.675	0.025	0.0234429	-0.00729062	3.66066
27	2	0.675	0.05	0.0258618	-0.029318	3.56321
27	3	0.675	0.075	0.0569409	-0.0206752	3.98968
27	4	0.675	0.1	0.0419079	-0.0587162	3.08917
27	5	0.675	0.125	0.0548328	-0.051218	4.5752
27	6	0.675	0.15	0.084556	-0.0655687	2.8315
27	7	0.675	0.175	0.0246101	-0.110167	4.42911
27	8	0.675	0.2	0.130448	-0.0574385	3.86452
27	9	0.675	0.225	0.0232869	-0.167672	2.82096
27	10	0.675	0.25	0.122303	-0.083688	6.06773
27	11	0.675	0.275	0.102651	-0.166716	1.01666
27	12	0.675	0.3	0.0429057	-0.188283	7.079
27	13	0.675	0.325	0.22618	-0.100993	2.07824
27	14	0.675	0.35	-0.0302524	-0.334208	4.01129
27	15	0.675	0.375	0.276169	-0.0726847	7.36873
27	16	0.675	0.4	0.0348997	-0.377196	-2.12762
27	17	0.675	0.425	0.154043	-0.220605	12.7927
27	18	0.675	0.45	0.256931	-0.21815	-4.12566
27	19	0.675	0.475	-0.118378	-0.551571	10.0421
27	20	0.675	0.5	0.43806	-0.0397568	4.66242
27	21	0.675	0.525	-0.3077	-0.778049	-3.82951
27	22	0.675	0.55	0.34635	-0.164792	19.2947
27	23	0.675	0.575	-0.135542	-0.547632	-15.9073
27	24	0.675	0.6	-0.142742	-0.686349	23.2261
27	25	0.675	0.625	0.209629	-0.10993	-8.33688
27	26	0.675	0.65	-0.898498	-1.2113	4.10844
27	27	0.675	0.675	0.235807	-0.0770329	15.6446
27	28	0.675	0.7	-1.25792	-1.0858	-23.5748
27	29	0.675	0.725	-0.088976	-0.530391	33.4026
27	30	0.675	0.75	-0.816793	-0.404927	-29.7902
27	31	0.675	0.775	-0.896038	-1.1929	23.8206
27	32	0.675	0.8	-0.324718	0.00241535	-7.34207
27	33	0.675	0.825	-2.04883	-1.37457	-9.78585
27	34	0.675	0.85	-0.217425	-0.163815	20.9438
27	35	0.675	0.875	-2.45788	-0.814008	-35.7119
27	36	0.675	0.9	0.267052	-0.617546	30.875
27	37	0.675	0.925	-1.32528	-0.0446928	-31.3613
27	38	0.675	0.95	0.900152	-0.933509	13.8465
27	39	0.675	0.975	0.502384	-0.0112617	-8.93878
27	40	0.675	1	1	0	0
28	0	0.7	0	0	0	3.82786
28	1	0.7	0.025	0.0198822	-0.0168033	3.82786
28	2	0.7	0.05	0.0419567	-0.00841878	4.12049
28	3	0.7	0.075	0.040128	-0.0428718	3.35216
28	4	0.7	0.1	0.0558619	-0.0380504	4.63684
28	5	0.7	0.125	0.0707014	-0.0462815	3.17407
28	6	0.7	0.15	0.0404545	-0.0912293	4.37824
28	7	0.7	0.175	0.110773	-0.0407927	4.1937
28	8	0.7	0.2	0.0340505	-0.136645	2.89747
28	9	0.7	0.225	0.117886	-0.0685575	6.06075
28	10	0.7	0.25	0.0871056	-0.130718	1.47272
28	11	0.7	0.275	0.0680141	-0.158688	6.706
28	12	0.7	0.3	0.187303	-0.073782	2.57786
28	13	0.7	0.325	0.0123423	-0.277303	3.9159
28	14	0.7	0.35	0.242836	-0.0465115	7.18804
28	15	0.7	0.375	0.0575219	-0.313353	-1.43731
28	16	0.7	0.4	0.170301	-0.162657	12.0225
28	17	0.7	0.425	0.233922	-0.175318	-3.53891
28	18	0.7	0.45	-0.0100744	-0.449153	10.0386
28	19	0.7	0.475	0.389884	0.0182505	3.96591
28	20	0.7	0.5	-0.137096	-0.692627	-2.65143
28	21	0.7	0.525	0.325821	-0.0377579	18.5415
28	22	0.7	0.55	-0.0221643	-0.525922	-16.1681
28	23	0.7	0.575	-0.0119781	-0.525281	25.1895
28	24	0.7	0.6	0.235926	-0.0337407	-11.4232
28	25	0.7	0.625	-0.516988	-1.16958	7.66205
28	26	0.7	0.65	0.218641	0.126304	14.3511
28	27	0.7	0.675	-0.853158	-1.21207	-25.1535
28	28	0.7	0.7	-0.15343	-0.328963	39.2349
28	29	0.7	0.725	-0.68416	-0.484823	-38.66
28	30	0.7	0.75	-0.691055	-1.20006	34.9
28	31	0.7	0.775	-0.351927	0.151999	-15.0752
28	32	0.7	0.8	-1.39871	-1.7338	-5.88751
28	33	0.7	0.825	-0.482133	0.0788977	25.4261
28	34	0.7	0.85	-1.89606	-1.33253	-49.3398
28	35	0.7	0.875	-0.522507	-0.475871	51.9643
28	36	0.7	0.9	-1.44502	-0.355945	-59.377
28	37	0.7	0.925	0.158045	-1.22345	42.702
28	38	0.7	0.95	-0.0420887	0.34214	-30.0034
28	39	0.7	0.975	0.827676	-1.10711	4.98751
28	40	0.7	1	1	0	0
29	0	0.725	0	0	0	4.12876
29	1	0.725	0.025	0.0232771	-0.000266743	4.12876
29	2	0.725	0.05	0.0361053	-0.0318522	3.74739
29	3	0.725	0.075	0.0482558	-0.0209012	4.6869
29	4	0.725	0.1	0.0622684	-0.0364265	3.39415
29	5	0.725	0.125	0.0481933	-0.070682	4.61374
29	6	0.725	0.15	0.0920714	-0.0265273	4.21328
29	7	0.725	0.175	0.0470723	-0.115446	3.25237
29	8	0.725	0.2	0.102736	-0.0472491	5.98928
29	9	0.725	0.225	0.0832828	-0.110005	1.8032
29	10	0.725	0.25	0.0745818	-0.126179	6.71882
29	11	0.725	0.275	0.157419	-0.0558678	2.62116
29	12	0.725	0.3	0.0410265	-0.228812	4.36287
29	13	0.725	0.325	0.203844	-0.0242335	6.59217
29	14	0.725	0.35	0.0830033	-0.262236	-0.354544
29	15	0.725	0.375	0.15329	-0.10762	11.0126
29	16	0.725	0.4	0.229501	-0.152185	-2.76469
29	17	0.725	0.425	0.031253	-0.33374	10.2056
29	18	0.725	0.45	0.359001	0.0315783	2.581
29	19	0.725	0.475	-0.0177739	-0.562776	0.2099
29	20	0.725	0.5	0.286961	0.0548809	15.1947
29	21	0.725	0.525	0.127404	-0.493017	-13.0635
29	22	0.725	0.55	-0.0125606	-0.298355	24.1742
29	23	0.725	0.575	0.343086	-0.0582262	-13.4238
29	24	0.725	0.6	-0.328971	-0.924814	13.2431
29	25	0.725	0.625	0.277135	0.247735	7.55181
29	26	0.725	0.65	-0.433223	-1.17309	-17.5648
29	27	0.725	0.675	-0.224825	-0.029673	35.3722
29	28	0.725	0.7	-0.31244	-0.620321	-38.9513
29	29	0.725	0.725	-0.798196	-0.861672	41.5725
29	30	0.725	0.75	-0.17802	0.125813	-25.3189
29	31	0.725	0.775	-1.07901	-1.63973	8.49146
29	32	0.725	0.8	-0.48435	0.295283	14.7846
29	33	0.725	0.825	-1.19592	-1.55421	-40.8274
29	34	0.725	0.85	-1.08764	-0.1568	51.9611
29	35	0.725	0.875	-1.02393	-0.786689	-66.1606
29	36	0.725	0.9	-0.968569	-0.963204	59.9952
29	37	0.725	0.925	-0.225474	0.118789	-51.3568
29	38	0.725	0.95	0.0797927	-1.5084	27.1627
29	39	0.725	0.975	0.702572	0.167952	-13.1942
29	40	0.725	1	1	0	0
30	0	0.75	0	0	0	4.2115
30	1	0.75	0.025	0.0232226	-0.0177345	4.2115
30	2	0.75	0.05	0.036551	-0.00712364	4.60617
30	3	0.75	0.075	0.0551916	-0.0316489	3.74664
30	4	0.75	0.1	0.0469359	-0.0469114	4.83437
30	5	0.75	0.125	0.0796336	-0.0209655	4.13557
30	6	0.75	0.15	0.0535007	-0.093715	3.84696
30	7	0.75	0.175	0.0876826	-0.0289819	5.66747
30	8	0.75	0.2	0.0834212	-0.0974788	2.37362
30	9	0.75	0.225	0.0693483	-0.0916742	6.64934
30	10	0.75	0.25	0.139224	-0.049412	2.65465
30	11	0.75	0.275	0.050182	-0.18198	4.98317
30	12	0.75	0.3	0.174887	-0.012432	5.80746
30	13	0.75	0.325	0.0921321	-0.21521	1.03333
30	14	0.75	0.35	0.133446	-0.0683826	9.65406
30	15	0.75	0.375	0.222203	-0.129905	-1.38086
30	16	0.75	0.4	0.0341774	-0.235179	9.61106
30	17	0.75	0.425	0.344997	0.0212389	2.06601
30	18	0.75	0.45	0.0165937	-0.41042	2.57598
30	19	0.75	0.475	0.284225	0.0755482	11.3721
30	20	0.75	0.5	0.204312	-0.389317	-7.90173
30	21	0.75	0.525	-0.0215322	-0.133522	19.4857
30	22	0.75	0.55	0.460117	-0.0838602	-10.8142
30	23	0.75	0.575	-0.317645	-0.595651	14.499
30	24	0.75	0.6	0.42765	0.23126	2.25578
30	25	0.75	0.625	-0.245227	-0.895297	-7.66939
30	26	0.75	0.65	-0.140443	0.15484	24.8928
30	27	0.75	0.675	0.0543769	-0.583369	-28.8925
30	28	0.75	0.7	-0.950061	-0.441766	36.2086
30	29	0.75	0.725	0.158201	0.0203107	-25.9487
30	30	0.75	0.75	-1.19117	-1.16711	17.3682
30	31	0.75	0.775	-0.211025	0.328983	1.9462
30	32	0.75	0.8	-0.829577	-1.30935	-22.496
30	33	0.75	0.825	-1.18961	0.101568	35.815
30	34	0.75	0.85	-0.504328	-0.837635	-50.8165
30	35	0.75	0.875	-1.85794	-0.514492	52.6204
30	36	0.75	0.9	-0.0741246	-0.250052	-51.5514
30	37	0.75	0.925	-1.12592	-1.20132	38.8045
30	38	0.75	0.95	0.540586	0.211804	-26.1241
30	39	0.75	0.975	0.431393	-1.05565	3.65797
30	40	0.75	1	1	0	0
31	0	0.775	0	0	0	4.53808
31	1	0.775	0.025	0.0220554	-0.00128223	4.53808
31	2	0.775	0.05	0.0432603	-0.0243769	4.22531
31	3	0.775	0.075	0.0412368	-0.0259786	4.88324
31	4	0.775	0.1	0.0704512	-0.0211942	4.21998
31	5	0.775	0.125	0.0521175	-0.068837	4.40394
31	6	0.775	0.15	0.0781292	-0.0197883	5.27362
31	7	0.775	0.175	0.0795219	-0.0843146	3.16085
31	8	0.775	0.2	0.0631542	-0.0621022	6.34026
31	9	0.775	0.225	0.125245	-0.0488969	2.96167
31	10	0.775	0.25	0.0486883	-0.137869	5.41476
31	11	0.775	0.275	0.155168	-0.00959821	5.20647
31	12	0.775	0.3	0.0842155	-0.172213	2.32903
31	13	0.775	0.325	0.123975	-0.0443306	8.36751
31	14	0.775	0.35	0.19591	-0.103983	0.178743
31	15	0.775	0.375	0.0385404	-0.169374	8.55091
31	16	0.775	0.4	0.317964	0.0189501	2.60112
31	17	0.775	0.425	0.0115083	-0.288793	3.4175
31	18	0.775	0.45	0.300682	0.0621239	9.22619
31	19	0.775	0.475	0.182902	-0.252419	-3.85557
31	20	0.775	0.5	0.0373441	-0.0781035	14.4582
31	21	0.775	0.525	0.476507	-0.0302311	-5.62349
31	22	0.775	0.55	-0.305233	-0.366148	10.8385
31	23	0.775	0.575	0.55919	0.183357	2.76158
31	24	0.775	0.6	-0.269064	-0.541038	-3.29069
31	25	0.775	0.625	0.106032	0.147835	16.6935
31	26	0.775	0.65	0.178664	-0.32847	-16.8349
31	27	0.775	0.675	-0.849514	-0.228342	23.456
31	28	0.775	0.7	0.428111	0.043989	-15.5532
31	29	0.775	0.725	-1.40043	-0.684323	12.2002
31	30	0.775	0.75	0.17645	0.207136	0.170172
31	31	0.775	0.775	-0.915662	-0.778821	-11.487
31	32	0.775	0.8	-0.820417	0.0733882	19.3093
31	33	0.775	0.825	-0.246771	-0.492571	-28.5975
31	34	0.775	0.85	-2.10169	-0.293721	28.9172
31	35	0.775	0.875	0.0885355	-0.296315	-30.7963
31	36	0.775	0.9	-2.12833	-0.668047	25.0826
31	37	0.775	0.925	0.538064	-0.142314	-22.4859
31	38	0.775	0.95	-0.572351	-0.862255	8.79489
31	39	0.775	0.975	0.840228	-0.16738	-7.64302
31	40	0.775	1	1	0	0
32	0	0.8	0	0	0	4.64841
32	1	0.8	0.025	0.0244164	-0.0123895	4.64841
32	2	0.8	0.05	0.0336347	-0.0128758	4.8566
32	3	0.8	0.075	0.0589114	-0.0203071	4.50347
32	4	0.8	0.1	0.0472334	-0.0454297	4.74822
32	5	0.8	0.125	0.0717013	-0.0179869	5.05226
32	6	0.8	0.15	0.0705821	-0.0675064	3.92407
32	7	0.8	0.175	0.0608757	-0.0422803	5.94057
32	8	0.8	0.2	0.109118	-0.0479219	3.5089
32	9	0.8	0.225	0.0470062	-0.100294	5.5754
32	10	0.8	0.25	0.136806	-0.0114609	4.93915
32	11	0.8	0.275	0.071088	-0.135581	3.32132
32	12	0.8	0.3	0.118665	-0.0281073	7.44639
32	13	0.8	0.325	0.157224	-0.0826661	1.44304
32	14	0.8	0.35	0.0544909	-0.12569	7.73745
32	15	0.8	0.375	0.265107	0.0276555	3.30732
32	16	0.8	0.4	0.01801	-0.217496	3.52843
32	17	0.8	0.425	0.289119	0.0644023	8.67894
32	18	0.8	0.45	0.12883	-0.156458	-2.10379
32	19	0.8	0.475	0.124441	-0.0667439	11.9837
32	20	0.8	0.5	0.385258	0.0636316	-2.04905
32	21	0.8	0.525	-0.185757	-0.28596	6.9441
32	22	0.8	0.55	0.552105	0.21817	6.31679
32	23	0.8	0.575	-0.285479	-0.325976	-4.89297
32	24	0.8	0.6	0.330305	0.100124	15.7842
32	25	0.8	0.625	0.0894478	-0.0335813	-11.5954
32	26	0.8	0.65	-0.464819	-0.259242	14.6587
32	27	0.8	0.675	0.463527	0.257406	-4.12627
32	28	0.8	0.7	-1.28936	-0.511132	-0.427259
32	29	0.8	0.725	0.398388	0.180893	10.1026
32	30	0.8	0.75	-1.12971	-0.34272	-15.7682
32	31	0.8	0.775	-0.276997	-0.16436	16.6432
32	32	0.8	0.8	-0.317294	-0.00368021	-16.6111
32	33	0.8	0.825	-1.6522	-0.488044	8.66217
32	34	0.8	0.85	0.0664098	-0.0222141	-6.32962
32	35	0.8	0.875	-2.40086	-0.506779	-3.51364
32	36	0.8	0.9	0.398851	-0.32032	0.137421
32	37	0.8	0.925	-1.45885	-0.400024	-6.94093
32	38	0.8	0.95	0.769117	-0.458669	-1.32219
32	39	0.8	0.975	0.364052	-0.393195	-5.05139
32	40	0.8	1	1	0	0
33	0	0.825	0	0	0	4.91812
33	1	0.825	0.025	0.0214352	-0.00597289	4.91812
33	2	0.825	0.05	0.0427976	-0.0149526	4.83782
33	3	0.825	0.075	0.0418761	-0.028317	4.93237
33	4	0.825	0.1	0.0635215	-0.0177711	5.0681
33	5	0.825	0.125	0.0605472	-0.0500097	4.49193
33	6	0.825	0.15	0.0602918	-0.0314012	5.65829
33	7	0.825	0.175	0.0908562	-0.043747	4.10346
33	8	0.825	0.2	0.0485766	-0.0715979	5.59319
33	9	0.825	0.225	0.115715	-0.0148559	4.92904
33	10	0.825	0.25	0.0621236	-0.105244	4.0548
33	11	0.825	0.275	0.108358	-0.0161939	6.8496
33	12	0.825	0.3	0.12192	-0.0707978	2.38578
33	13	0.825	0.325	0.06836	-0.0879785	7.38473
33	14	0.825	0.35	0.202478	0.0299272	3.58476
33	15	0.825	0.375	0.0419318	-0.173009	4.01205
33	16	0.825	0.4	0.237299	0.084374	8.28509
33	17	0.825	0.425	0.103702	-0.124011	-1.27813
33	18	0.825	0.45	0.162685	-0.026821	11.6166
33	19	0.825	0.475	0.273112	0.10891	-1.39967
33	20	0.825	0.5	-0.0253252	-0.251608	6.47224
33	21	0.825	0.525	0.424249	0.303844	7.6731
33	22	0.825	0.55	-0.16323	-0.2885	-6.52094
33	23	0.825	0.575	0.365611	0.171095	18.3543
33	24	0.825	0.6	0.0100274	0.0909373	-13.2649
33	25	0.825	0.625	-0.0764768	-0.291602	15.3321
33	26	0.825	0.65	0.330623	0.506642	-1.26581
33	27	0.825	0.675	-0.799926	-0.606279	-6.76666
33	28	0.825	0.7	0.355778	0.386197	19.8759
33	29	0.825	0.725	-1.03873	-0.271147	-27.1688
33	30	0.825	0.75	0.0166422	-0.239264	27.0767
33	31	0.825	0.775	-0.483475	0.336529	-21.176
33	32	0.825	0.8	-0.917563	-0.854015	6.54669
33	33	0.825	0.825	-0.08434	0.378743	4.9371
33	34	0.825	0.85	-1.90193	-0.805851	-24.3508
33	35	0.825	0.875	0.0482311	-0.168465	24.2291
33	36	0.825	0.9	-1.71189	-0.298319	-34.0605
33	37	0.825	0.925	0.446691	-0.777554	20.1758
33	38	0.825	0.95	-0.294335	0.0180507	-18.1259
33	39	0.825	0.975	0.789971	-0.764202	0.571389
33	40	0.825	1	1	0	0
34	0	0.85	0	0	0	5.10131
34	1	0.85	0.025	0.0232081	-0.00707239	5.10131
34	2	0.85	0.05	0.034485	-0.0173868	5.10095
34	3	0.85	0.075	0.0516598	-0.0153056	5.21378
34	4	0.85	0.1	0.0523162	-0.0357588	4.87901
34	5	0.85	0.125	0.0572903	-0.025223	5.56554
34	6	0.85	0.15	0.0741795	-0.0374624	4.60556
34	7	0.85	0.175	0.0506995	-0.0513396	5.61447
34	8	0.85	0.2	0.093859	-0.0181445	5.04229
34	9	0.85	0.225	0.0581117	-0.0797393	4.64635
34	10	0.85	0.25	0.0919216	-0.0096455	6.4191
34	11	0.85	0.275	0.0977338	-0.0640427	3.22958
34	12	0.85	0.3	0.0690574	-0.0529931	7.20323
34	13	0.85	0.325	0.151181	0.016841	3.62004
34	14	0.85	0.35	0.0602392	-0.127922	5.01076
34	15	0.85	0.375	0.172939	0.0925361	7.25543
34	16	0.85	0.4	0.107575	-0.117826	0.205923
34	17	0.85	0.425	0.136607	0.0385006	11.1704
34	18	0.85	0.45	0.208965	0.077887	-1.63473
34	19	0.85	0.475	0.0621672	-0.166969	8.44491
34	20	0.85	0.5	0.287433	0.332026	5.46514
34	21	0.85	0.525	0.0116684	-0.286429	-3.81824
34	22	0.85	0.55	0.249806	0.318457	17.8716
34	23	0.85	0.575	0.0780067	0.0191714	-14.6282
34	24	0.85	0.6	0.0615719	-0.129392	20.0238
34	25	0.85	0.625	0.22585	0.581263	-6.4648
34	26	0.85	0.65	-0.285282	-0.638561	-1.14094
34	27	0.85	0.675	0.192524	0.685363	19.0368
34	28	0.85	0.7	-0.567928	-0.45864	-30.5451
34	29	0.85	0.725	-0.0464119	0.0434384	36.5058
34	30	0.85	0.75	-0.421713	0.33888	-33.1357
34	31	0.85	0.775	-0.461623	-0.919609	19.8791
34	32	0.85	0.8	-0.197705	0.70819	-1.7788
34	33	0.85	0.825	-1.08822	-1.1894	-23.6582
34	34	0.85	0.85	-0.298846	0.216621	33.0535
34	35	0.85	0.875	-1.30098	-0.592647	-50.9855
34	36	0.85	0.9	-0.174466	-0.686808	41.7243
34	37	0.85	0.925	-0.567864	0.0862252	-39.6378
34	38	0.85	0.95	0.35215	-1.164	17.738
34	39	0.85	0.975	0.551688	0.0292677	-10.3364
34	40	0.85	1	1	0	0
35	0	0.875	0	0	0	5.31435
35	1	0.875	0.025	0.0213403	-0.00876199	5.31435
35	2	0.875	0.05	0.0373564	-0.0108192	5.37597
35	3	0.875	0.075	0.0448266	-0.0255021	5.1904
35	4	0.875	0.1	0.0505348	-0.0202939	5.59908
35	5	0.875	0.125	0.0614347	-0.0312325	5.00595
35	6	0.875	0.15	0.0499215	-0.0372969	5.69048
35	7	0.875	0.175	0.0751003	-0.0205467	5.20653
35	8	0.875	0.2	0.0550815	-0.058362	5.14981
35	9	0.875	0.225	0.0742861	-0.00901208	6.09056
35	10	0.875	0.25	0.0817652	-0.0558371	4.09197
35	11	0.875	0.275	0.0592677	-0.027138	6.91503
35	12	0.875	0.3	0.117258	-0.00304647	3.86768
35	13	0.875	0.325	0.0594305	-0.0790425	5.93479
35	14	0.875	0.35	0.124589	0.0735351	6.01956
35	15	0.875	0.375	0.107176	-0.0979153	2.42993
35	16	0.875	0.4	0.0891342	0.0822625	9.60218
35	17	0.875	0.425	0.185436	0.0198064	-0.590935
35	18	0.875	0.45	0.0573741	-0.0465847	9.7645
35	19	0.875	0.475	0.215787	0.261369	2.54406
35	20	0.875	0.5	0.0964596	-0.203922	1.62807
35	21	0.875	0.525	0.132762	0.393139	12.9407
35	22	0.875	0.55	0.200894	-0.0809084	-10.5361
35	23	0.875	0.575	-0.00558212	0.140351	20.4786
35	24	0.875	0.6	0.261376	0.428445	-11.1111
35	25	0.875	0.625	-0.0732167	-0.400754	9.11145
35	26	0.875	0.65	0.111131	0.817284	8.78283
35	27	0.875	0.675	-0.0767269	-0.546388	-20.1769
35	28	0.875	0.7	-0.229196	0.489425	33.3433
35	29	0.875	0.725	-0.0597451	0.094379	-36.7777
35	30	0.875	0.75	-0.459109	-0.501519	32.2675
35	31	0.875	0.775	-0.100372	0.771782	-16.7449
35	32	0.875	0.8	-0.540923	-1.20858	-5.99644
35	33	0.875	0.825	-0.435064	0.636757	23.07
35	34	0.875	0.85	-0.621671	-0.883597	-46.5488
35	35	0.875	0.875	-0.730102	-0.249145	47.1517
35	36	0.875	0.9	-0.390322	-0.150077	-51.4018
35	37	0.875	0.925	-0.380109	-1.1425	34.8729
35	38	0.875	0.95	0.251503	0.237295	-23.8671
35	39	0.875	0.975	0.504891	-0.944159	2.91523
35	40	0.875	1	1	0	0
36	0	0.9	0	0	0	5.53765
36	1	0.9	0.025	0.0212237	-0.00567238	5.53765
36	2	0.9	0.05	0.035032	-0.0170974	5.48237
36	3	0.9	0.075	0.0415703	-0.0157369	5.68078
36	4	0.9	0.1	0.0515412	-0.0257413	5.35777
36	5	0.9	0.125	0.0455971	-0.0273272	5.79497
36	6	0.9	0.15	0.0610089	-0.0216005	5.41688
36	7	0.9	0.175	0.0500297	-0.0412378	5.55543
36	8	0.9	0.2	0.0598567	-0.011939	5.9001
36	9	0.9	0.225	0.068183	-0.0442347	4.90263
36	10	0.9	0.25	0.047804	-0.0143182	6.53424
36	11	0.9	0.275	0.0935547	-0.016752	4.46851
36	12	0.9	0.3	0.0465476	-0.0392143	6.34582
36	13	0.9	0.325	0.0967884	0.0399435	5.32141
36	14	0.9	0.35	0.0866402	-0.0605741	4.45214
36	15	0.9	0.375	0.0594145	0.0808047	7.62164
36	16	0.9	0.4	0.159449	-0.0109627	1.77247
36	17	0.9	0.425	0.022088	0.0410997	9.09183
36	18	0.9	0.45	0.190739	0.150864	1.75073
36	19	0.9	0.475	0.0725013	-0.0685817	5.74311
36	20	0.9	0.5	0.0981133	0.332547	7.34315
36	21	0.9	0.525	0.22639	-0.0744381	-3.04333
36	22	0.9	0.55	-0.0766726	0.308692	15.1813
36	23	0.9	0.575	0.335995	0.219681	-9.03012
36	24	0.9	0.6	-0.116321	-0.0340658	13.8495
36	25	0.9	0.625	0.186284	0.667835	-0.804793
36	26	0.9	0.65	0.0914094	-0.343484	-4.6248
36	27	0.9	0.675	-0.258379	0.744853	19.5806
36	28	0.9	0.7	0.291848	-0.0820275	-26.0799
36	29	0.9	0.725	-0.614147	0.111272	30.8107
36	30	0.9	0.75	0.206744	0.55922	-24.1314
36	31	0.9	0.775	-0.474915	-0.739621	11.4003
36	32	0.9	0.8	-0.269016	0.820715	4.56576
36	33	0.9	0.825	-0.155008	-0.854948	-26.4542
36	34	0.9	0.85	-0.915018	0.272914	34.4092
36	35	0.9	0.875	-0.00730064	-0.345594	-45.1808
36	36	0.9	0.9	-0.99797	-0.69542	37.8122
36	37	0.9	0.925	0.210556	0.0851371	-31.8173
36	38	0.9	0.95	-0.196915	-1.05289	13.9082
36	39	0.9	0.975	0.628835	0.0152722	-7.42039
36	40	0.9	1	1	0	0
37	0	0.925	0	0	0	5.73715
37	1	0.925	0.025	0.0209311	-0.00838585	5.73715
37	2	0.925	0.05	0.0317833	-0.0115805	5.79548
37	3	0.925	0.075	0.041955	-0.020106	5.68252
37	4	0.925	0.1	0.0394789	-0.0202364	5.90331
37	5	0.925	0.125	0.0501845	-0.0207408	5.67905
37	6	0.925	0.15	0.0430383	-0.0283663	5.85105
37	7	0.925	0.175	0.0493219	-0.0147937	5.88798
37	8	0.925	0.2	0.054489	-0.0315304	5.54474
37	9	0.925	0.225	0.0398119	-0.0111595	6.24407
37	10	0.925	0.25	0.0723784	-0.0196517	5.21242
37	11	0.925	0.275	0.0345494	-0.0168771	6.33284
37	12	0.925	0.3	0.0777825	0.0122615	5.36128
37	13	0.925	0.325	0.0575518	-0.0254524	5.62037
37	14	0.925	0.35	0.0508198	0.0511307	6.31802
37	15	0.925	0.375	0.114285	-0.00778415	4.12329
37	16	0.925	0.4	0.00809245	0.0641972	7.45733
37	17	0.925	0.425	0.158688	0.0721169	3.1118
37	18	0.925	0.45	0.0207287	0.0312292	6.87185
37	19	0.925	0.475	0.110209	0.206401	4.61953
37	20	0.925	0.5	0.145568	0.00691624	2.88622
37	21	0.925	0.525	-0.0510113	0.295075	8.85772
37	22	0.925	0.55	0.302719	0.117746	-2.46607
37	23	0.925	0.575	-0.165735	0.201592	11.2848
37	24	0.925	0.6	0.278936	0.404719	-2.58979
37	25	0.925	0.625	-0.00436251	-0.0148247	4.73659
37	26	0.925	0.65	-0.0822289	0.653344	6.71461
37	27	0.925	0.675	0.333049	-0.0192214	-9.78908
37	28	0.925	0.7	-0.565945	0.485231	18.1005
37	29	0.925	0.725	0.441562	0.319835	-17.6539
37	30	0.925	0.75	-0.594067	-0.103701	15.2571
37	31	0.925	0.775	0.0811013	0.669771	-7.04607
37	32	0.925	0.8	-0.106805	-0.4741	-6.45286
37	33	0.925	0.825	-0.666489	0.552173	14.3852
37	34	0.925	0.85	0.251177	-0.31404	-26.8438
37	35	0.925	0.875	-1.14758	-0.152419	25.6389
37	36	0.925	0.9	0.315483	-0.0698107	-26.9137
37	37	0.925	0.925	-0.744375	-0.761666	15.9913
37	38	0.925	0.95	0.408176	0.023835	-11.215
37	39	0.925	0.975	0.338951	-0.549763	-0.0206968
37	40	0.925	1	1	0	0
38	0	0.95	0	0	0	5.95027
38	1	0.95	0.025	0.0196794	-0.00631417	5.95027
38	2	0.95	0.05	0.0309804	-0.0135032	5.95223
38	3	0.95	0.075	0.0326907	-0.0149097	6.02685
38	4	0.95	0.1	0.0399252	-0.017317	5.95991
38	5	0.95	0.125	0.0353428	-0.0189853	6.06008
38	6	0.95	0.15	0.0402839	-0.0147614	6.03002
38	7	0.95	0.175	0.0411821	-0.0202457	5.97853
38	8	0.95	0.2	0.0342715	-0.0108804	6.16563
38	9	0.95	0.225	0.0517596	-0.0152942	5.8382
38	10	0.95	0.25	0.0282645	-0.00859792	6.23734
38	11	0.95	0.275	0.0578862	-0.000912781	5.79683
38	12	0.95	0.3	0.0358712	-0.00637442	6.0579
38	13	0.95	0.325	0.0460817	0.0217764	5.98605
38	14	0.95	0.35	0.0663756	0.00431824	5.54122
38	15	0.95	0.375	0.0163624	0.0447119	6.32652
38	16	0.95	0.4	0.103943	0.0379596	4.9062
38	17	0.95	0.425	0.00206188	0.0568344	6.34486
38	18	0.95	0.45	0.101142	0.104104	4.75839
38	19	0.95	0.475	0.0552538	0.0634838	5.2805
38	20	0.95	0.5	0.0150204	0.184382	5.63308
38	21	0.95	0.525	0.17305	0.10381	2.97913
38	22	0.95	0.55	-0.1064	0.219393	6.85318
38	23	0.95	0.575	0.240447	0.222331	1.08999
38	24	0.95	0.6	-0.0897659	0.173531	5.8621
38	25	0.95	0.625	0.0922479	0.395347	2.25718
38	26	0.95	0.65	0.14821	0.138726	0.638488
38	27	0.95	0.675	-0.280804	0.463598	6.43285
38	28	0.95	0.7	0.378679	0.231574	-5.59998
38	29	0.95	0.725	-0.507941	0.265285	8.2314
38	30	0.95	0.75	0.293466	0.405759	-5.99327
38	31	0.95	0.775	-0.234931	-0.0185461	1.73426
38	32	0.95	0.8	-0.215446	0.470376	1.25012
38	33	0.95	0.825	0.211196	-0.091933	-9.37148
38	34	0.95	0.85	-0.80366	0.170147	8.90797
38	35	0.95	0.875	0.361384	-0.0732161	-14.1669
38	36	0.95	0.9	-0.817355	-0.335225	8.36952
38	37	0.95	0.925	0.304276	-0.0993576	-8.93047
38	38	0.95	0.95	-0.164667	-0.471457	1.49702
38	39	0.95	0.975	0.492721	-0.118994	-1.59449
38	40	0.95	1	1	0	0
39	0	0.975	0	0	0	6.16873
39	1	0.975	0.025	0.0208232	-0.00546017	6.16873
39	2	0.975	0.05	0.0278501	-0.00925887	6.21254
39	3	0.975	0.075	0.0324195	-0.0109729	6.24017
39	4	0.975	0.1	0.0311476	-0.0110676	6.27457
39	5	0.975	0.125	0.0340949	-0.0103133	6.28602
39	6	0.975	0.15	0.0331937	-0.0106167	6.29677
39	7	0.975	0.175	0.0318337	-0.008143	6.31873
39	8	0.975	0.2	0.0374556	-0.008327	6.29004
39	9	0.975	0.225	0.0285136	-0.00534627	6.32379
39	10	0.975	0.25	0.0410248	-0.00316345	6.27161
39	11	0.975	0.275	0.0292611	-0.00110053	6.27927
39	12	0.975	0.3	0.0387073	0.00559834	6.23814
39	13	0.975	0.325	0.0386833	0.00665367	6.17585
39	14	0.975	0.35	0.0281185	0.0181102	6.16104
39	15	0.975	0.375	0.0548841	0.0207693	6.00787
39	16	0.975	0.4	0.0165266	0.0336934	6.00388
39	17	0.975	0.425	0.0641802	0.0444931	5.76483
39	18	0.975	0.45	0.0236169	0.0524026	5.7137
39	19	0.975	0.475	0.0445848	0.0793324	5.44413
39	20	0.975	0.5	0.0645682	0.0782891	5.19832
39	21	0.975	0.525	-0.00899035	0.117733	5.04491
39	22	0.975	0.55	0.11623	0.118592	4.42491
39	23	0.975	0.575	-0.0446785	0.144658	4.46594
39	24	0.975	0.6	0.107395	0.178895	3.55273
39	25	0.975	0.625	0.0176032	0.162933	3.37703
39	26	0.975	0.65	-0.0259463	0.240875	2.77832
39	27	0.975	0.675	0.153377	0.188611	1.64117
39	28	0.975	0.7	-0.203015	0.240639	2.02107
39	29	0.975	0.725	0.210602	0.216781	-0.0150653
39	30	0.975	0.75	-0.189904	0.165469	0.680532
39	31	0.975	0.775	0.0525249	0.236231	-0.7541
39	32	0.975	0.8	0.0408711	0.0984398	-1.61505
39	33	0.975	0.825	-0.280128	0.172667	-0.761877
39	34	0.975	0.85	0.216602	0.02687	-3.54267
39	35	0.975	0.875	-0.453591	-0.0436011	-0.816574
39	36	0.975	0.9	0.206211	-0.0950041	-3.22923
39	37	0.975	0.925	-0.239421	-0.242648	-1.0174
39	38	0.975	0.95	0.185769	-0.165502	-0.704583
39	39	0.975	0.975	0.318865	-0.13811	0.184683
39	40	0.975	1	1	0	0
40	0	1	0	0	0	6.16873
40	1	1	0.025	0	0	6.16873
40	2	1	0.05	0	0	6.21254
40	3	1	0.075	0	0	6.24017
40	4	1	0.1	0	0	6.27457
40	5	1	0.125	0	0	6.28602
40	6	1	0.15	0	0	6.29677
40	7	1	0.175	0	0	6.31873
40	8	1	0.2	0	0	6.29004
40	9	1	0.225	0	0	6.32379
40	10	1	0.25	0	0	6.27161
40	11	1	0.275	0	0	6.27927
40	12	1	0.3	0	0	6.23814
40	13	1	0.325	0	0	6.17585
40	14	1	0.35	0	0	6.16104
40	15	1	0.375	0	0	6.00787
40	16	1	0.4	0	0	6.00388
40	17	1	0.425	0	0	5.76483
40	18	1	0.45	0	0	5.7137
40	19	1	0.475	0	0	5.44413
40	20	1	0.5	0	0	5.19832
40	21	1	0.525	0	0	5.04491
40	22	1	0.55	0	0	4.42491
40	23	1	0.575	0	0	4.46594
40	24	1	0.6	0	0	3.55273
40	25	1	0.625	0	0	3.37703
40	26	1	0.65	0	0	2.77832
40	27	1	0.675	0	0	1.64117
40	28	1	0.7	0	0	2.02107
40	29	1	0.725	0	0	-0.0150653
40	30	1	0.75	0	0	0.680532
40	31	1	0.775	0	0	-0.7541
40	32	1	0.8	0	0	-1.61505
40	33	1	0.825	0	0	-0.761877
40	34	1	0.85	0	0	-3.54267
40	35	1	0.875	0	0	-0.816574
40	36	1	0.9	0	0	-3.22923
40	37	1	0.925	0	0	-1.0174
40	38	1	0.95	0	0	-0.704583
40	39	1	0.975	0	0	0.184683
40	40	1	1	1	0	0
