# i		j		x		y		u		v		p
# nx		ny		
# 41		41
# =================================
0	0	0	0	0	0	4.01289
0	1	0	0.025	0	0	4.01289
0	2	0	0.05	0	0	4.02114
0	3	0	0.075	0	0	4.16327
0	4	0	0.1	0	0	4.04618
0	5	0	0.125	0	0	4.30395
0	6	0	0.15	0	0	4.22285
0	7	0	0.175	0	0	4.33375
0	8	0	0.2	0	0	4.56462
0	9	0	0.225	0	0	4.34232
0	10	0	0.25	0	0	4.89195
0	11	0	0.275	0	0	4.54723
0	12	0	0.3	0	0	5.00148
0	13	0	0.325	0	0	5.05443
0	14	0	0.35	0	0	4.91929
0	15	0	0.375	0	0	5.66193
0	16	0	0.4	0	0	4.94623
0	17	0	0.425	0	0	5.98417
0	18	0	0.45	0	0	5.38303
0	19	0	0.475	0	0	5.85554
0	20	0	0.5	0	0	6.15623
0	21	0	0.525	0	0	5.54447
0	22	0	0.55	0	0	6.76581
0	23	0	0.575	0	0	5.49173
0	24	0	0.6	0	0	6.78064
0	25	0	0.625	0	0	5.84134
0	26	0	0.65	0	0	6.32648
0	27	0	0.675	0	0	6.20479
0	28	0	0.7	0	0	5.83512
0	29	0	0.725	0	0	6.05785
0	30	0	0.75	0	0	5.37733
0	31	0	0.775	0	0	5.5397
0	32	0	0.8	0	0	4.51893
0	33	0	0.825	0	0	5.26263
0	34	0	0.85	0	0	2.93618
0	35	0	0.875	0	0	4.97144
0	36	0	0.9	0	0	1.22997
0	37	0	0.925	0	0	3.30016
0	38	0	0.95	0	0	0.224608
0	39	0	0.975	0	0	0.121695
0	40	0	1	1	0	0
1	0	0.025	0	0	0	4.01289
1	1	0.025	0.025	0.0062761	-0.0112464	4.01289
1	2	0.025	0.05	-0.000912735	-0.0273455	4.02114
1	3	0.025	0.075	0.015032	-0.0334779	4.16327
1	4	0.025	0.1	-0.0087836	-0.0457102	4.04618
1	5	0.025	0.125	0.013784	-0.0576141	4.30395
1	6	0.025	0.15	0.00221506	-0.0592139	4.22285
1	7	0.025	0.175	-0.00739146	-0.0798983	4.33375
1	8	0.025	0.2	0.0274271	-0.0757144	4.56462
1	9	0.025	0.225	-0.0301227	-0.0930165	4.34232
1	10	0.025	0.25	0.0369902	-0.0985017	4.89195
1	11	0.025	0.275	-0.0218365	-0.0971087	4.54723
1	12	0.025	0.3	0.00613306	-0.121216	5.00148
1	13	0.025	0.325	0.0237731	-0.101341	5.05443
1	14	0.025	0.35	-0.0493326	-0.130276	4.91929
1	15	0.025	0.375	0.0668069	-0.113544	5.66193
1	16	0.025	0.4	-0.0734401	-0.11932	4.94623
1	17	0.025	0.425	0.0527608	-0.130949	5.98417
1	18	0.025	0.45	-0.0259912	-0.0998686	5.38303
1	19	0.025	0.475	-0.0299568	-0.136534	5.85554
1	20	0.025	0.5	0.0613773	-0.0862991	6.15623
1	21	0.025	0.525	-0.118496	-0.110389	5.54447
1	22	0.025	0.55	0.106731	-0.0802973	6.76581
1	23	0.025	0.575	-0.123944	-0.0590815	5.49173
1	24	0.025	0.6	0.0539851	-0.0712841	6.78064
1	25	0.025	0.625	-0.0351074	-0.00939459	5.84134
1	26	0.025	0.65	-0.0648895	-0.0339046	6.32648
1	27	0.025	0.675	0.0609164	0.0327696	6.20479
1	28	0.025	0.7	-0.14091	0.0425901	5.83512
1	29	0.025	0.725	0.0792995	0.079092	6.05785
1	30	0.025	0.75	-0.113017	0.119479	5.37733
1	31	0.025	0.775	0.030089	0.139354	5.5397
1	32	0.025	0.8	-0.0623539	0.164702	4.51893
1	33	0.025	0.825	0.0146187	0.217423	5.26263
1	34	0.025	0.85	-0.0940865	0.207758	2.93618
1	35	0.025	0.875	0.0891227	0.276961	4.97144
1	36	0.025	0.9	-0.141194	0.275993	1.22997
1	37	0.025	0.925	0.169924	0.261738	3.30016
1	38	0.025	0.95	0.0303862	0.277246	0.224608
1	39	0.025	0.975	0.38911	0.120307	0.121695
1	40	0.025	1	1	0	0
2	0	0.05	0	0	0	4.30193
2	1	0.05	0.025	-0.0112151	-0.0273508	4.30193
2	2	0.05	0.05	-0.00365782	-0.0337454	4.57081
2	3	0.05	0.075	-0.0296571	-0.0673213	4.02462
2	4	0.05	0.1	0.000300816	-0.0798605	4.94407
2	5	0.05	0.125	-0.0256973	-0.0846843	4.13237
2	6	0.05	0.15	-0.0210888	-0.132335	4.68378
2	7	0.05	0.175	0.00615913	-0.104137	5.03036
2	8	0.05	0.2	-0.0583903	-0.163749	3.90523
2	9	0.05	0.225	0.0318517	-0.148754	6.05217
2	10	0.05	0.25	-0.0654687	-0.160887	3.68757
2	11	0.05	0.275	0.00601696	-0.211914	6.00058
2	12	0.05	0.3	-0.0130954	-0.148261	4.9614
2	13	0.05	0.325	-0.0735818	-0.252513	4.55309
2	14	0.05	0.35	0.0600393	-0.166788	7.16093
2	15	0.05	0.375	-0.13772	-0.231145	3.10699
2	16	0.05	0.4	0.0709025	-0.227706	8.29995
2	17	0.05	0.425	-0.101	-0.16422	3.7227
2	18	0.05	0.45	-0.0310338	-0.287687	6.84836
2	19	0.05	0.475	0.0272684	-0.116802	6.78484
2	20	0.05	0.5	-0.191868	-0.270549	3.72634
2	21	0.05	0.525	0.131286	-0.130486	10.0067
2	22	0.05	0.55	-0.259679	-0.152544	1.99129
2	23	0.05	0.575	0.0942581	-0.182413	10.3369
2	24	0.05	0.6	-0.14344	-0.0127597	3.78677
2	25	0.05	0.625	-0.104093	-0.186378	7.15642
2	26	0.05	0.65	0.0552914	0.0630325	7.69658
2	27	0.05	0.675	-0.319746	-0.059532	3.37923
2	28	0.05	0.7	0.159409	0.0794789	9.94166
2	29	0.05	0.725	-0.343659	0.142594	2.36526
2	30	0.05	0.75	0.0824786	0.108565	8.64151
2	31	0.05	0.775	-0.172303	0.265012	3.6029
2	32	0.05	0.8	-0.092592	0.233256	6.47489
2	33	0.05	0.825	-0.0304993	0.280515	3.16033
2	34	0.05	0.85	-0.143632	0.410652	7.1259
2	35	0.05	0.875	-0.0530918	0.323073	-0.447728
2	36	0.05	0.9	0.0122295	0.438916	8.59954
2	37	0.05	0.925	-0.0510642	0.432356	-2.47577
2	38	0.05	0.95	0.263601	0.257299	5.40286
2	39	0.05	0.975	0.401438	0.32399	0.27662
2	40	0.05	1	1	0	0
3	0	0.075	0	0	0	4.69837
3	1	0.075	0.025	-0.0110153	-0.016023	4.69837
3	2	0.075	0.05	-0.0275999	-0.0684197	4.25647
3	3	0.075	0.075	-0.0124266	-0.0693321	5.41096
3	4	0.075	0.1	-0.0345316	-0.0966734	3.91865
3	5	0.075	0.125	-0.0250444	-0.14765	5.36707
3	6	0.075	0.15	-0.0144016	-0.109256	4.92273
3	7	0.075	0.175	-0.0566009	-0.210374	3.99934
3	8	0.075	0.2	0.0109989	-0.155256	6.82722
3	9	0.075	0.225	-0.07472	-0.215559	2.76007
3	10	0.075	0.25	0.000448812	-0.249882	7.49931
3	11	0.075	0.275	-0.0431856	-0.179829	3.87875
3	12	0.075	0.3	-0.0642365	-0.341629	5.35382
3	13	0.075	0.325	0.0210397	-0.176784	7.55895
3	14	0.075	0.35	-0.140011	-0.34565	1.83339
3	15	0.075	0.375	0.0479926	-0.260028	10.7528
3	16	0.075	0.4	-0.139337	-0.242766	0.992444
3	17	0.075	0.425	-0.0243895	-0.392853	9.56486
3	18	0.075	0.45	-0.0355851	-0.130992	5.36903
3	19	0.075	0.475	-0.186035	-0.445964	3.63999
3	20	0.075	0.5	0.0778132	-0.127358	12.3136
3	21	0.075	0.525	-0.308241	-0.311581	-1.94067
3	22	0.075	0.55	0.079473	-0.247332	15.5043
3	23	0.075	0.575	-0.24209	-0.0618992	-0.911001
3	24	0.075	0.6	-0.0988859	-0.371994	10.7761
3	25	0.075	0.625	-0.0277813	0.106808	7.12092
3	26	0.075	0.65	-0.392255	-0.300609	1.29159
3	27	0.075	0.675	0.144467	0.104834	15.3031
3	28	0.075	0.7	-0.546403	0.0146544	-4.27577
3	29	0.075	0.725	0.13428	0.0111976	16.0709
3	30	0.075	0.75	-0.375985	0.328358	-1.23508
3	31	0.075	0.775	-0.110778	0.0246961	9.36085
3	32	0.075	0.8	-0.0422912	0.402004	4.88654
3	33	0.075	0.825	-0.416331	0.287286	4.05186
3	34	0.075	0.85	0.171286	0.324692	4.91155
3	35	0.075	0.875	-0.431295	0.559746	6.40033
3	36	0.075	0.9	0.18233	0.353504	-1.09058
3	37	0.075	0.925	-0.0610077	0.46733	9.25031
3	38	0.075	0.95	0.273789	0.456689	-2.30071
3	39	0.075	0.975	0.537066	0.212717	4.55611
3	40	0.075	1	1	0	0
4	0	0.1	0	0	0	4.81068
4	1	0.1	0.025	-0.0156276	-0.0443346	4.81068
4	2	0.1	0.05	-0.0213193	-0.04313	5.46382
4	3	0.1	0.075	-0.0276003	-0.0975455	4.08672
4	4	0.1	0.1	-0.0340121	-0.128383	5.94502
4	5	0.1	0.125	-0.0214281	-0.111626	4.56806
4	6	0.1	0.15	-0.0500975	-0.220293	4.74323
4	7	0.1	0.175	-0.0141545	-0.144305	6.73684
4	8	0.1	0.2	-0.0580319	-0.255495	2.70042
4	9	0.1	0.225	-0.0262555	-0.241066	8.48629
4	10	0.1	0.25	-0.0430084	-0.219145	2.71045
4	11	0.1	0.275	-0.0641142	-0.371472	7.00143
4	12	0.1	0.3	-0.0149413	-0.184852	6.48358
4	13	0.1	0.325	-0.109162	-0.430906	2.3997
4	14	0.1	0.35	-0.0113806	-0.247974	11.5612
4	15	0.1	0.375	-0.117879	-0.343243	-0.797923
4	16	0.1	0.4	-0.0608984	-0.416826	12.4815
4	17	0.1	0.425	-0.067088	-0.180427	2.46164
4	18	0.1	0.45	-0.162975	-0.561542	6.1576
4	19	0.1	0.475	-0.0102756	-0.113534	11.579
4	20	0.1	0.5	-0.262911	-0.494658	-3.12101
4	21	0.1	0.525	-0.02117	-0.236819	19.0722
4	22	0.1	0.55	-0.252768	-0.197931	-5.86499
4	23	0.1	0.575	-0.136414	-0.471838	16.505
4	24	0.1	0.6	-0.116692	0.096633	2.98357
4	25	0.1	0.625	-0.364433	-0.558556	3.27017
4	26	0.1	0.65	0.0132024	0.163167	17.4287
4	27	0.1	0.675	-0.5741	-0.271208	-9.89997
4	28	0.1	0.7	0.041283	-0.00825145	24.9848
4	29	0.1	0.725	-0.523974	0.234251	-10.4115
4	30	0.1	0.75	-0.107638	-0.220503	17.8023
4	31	0.1	0.775	-0.196451	0.529885	1.87583
4	32	0.1	0.8	-0.485818	-0.114578	2.41009
4	33	0.1	0.825	0.171791	0.45962	13.307
4	34	0.1	0.85	-0.807669	0.368327	-4.72412
4	35	0.1	0.875	0.415295	0.268852	11.7246
4	36	0.1	0.9	-0.623969	0.686808	1.4347
4	37	0.1	0.925	0.468519	0.283767	2.12169
4	38	0.1	0.95	0.094227	0.444803	6.40786
4	39	0.1	0.975	0.6538	0.402972	1.03056
4	40	0.1	1	1	0	0
5	0	0.125	0	0	0	5.30844
5	1	0.125	0.025	-0.0156031	-0.0190459	5.30844
5	2	0.125	0.05	-0.0155739	-0.0787709	4.71865
5	3	0.125	0.075	-0.0414951	-0.0931586	6.01313
5	4	0.125	0.1	-0.01219	-0.112026	4.57916
5	5	0.125	0.125	-0.0527028	-0.193717	5.50499
5	6	0.125	0.15	-0.0230678	-0.139231	6.15183
5	7	0.125	0.175	-0.0390056	-0.261539	3.60049
5	8	0.125	0.2	-0.057512	-0.216698	8.29453
5	9	0.125	0.225	-0.0150577	-0.255898	2.60149
5	10	0.125	0.25	-0.0901311	-0.347963	8.13023
5	11	0.125	0.275	-0.0152954	-0.216532	5.06536
5	12	0.125	0.3	-0.0913365	-0.451969	4.30138
5	13	0.125	0.325	-0.0636497	-0.241383	10.2642
5	14	0.125	0.35	-0.0626704	-0.424722	-0.148566
5	15	0.125	0.375	-0.13787	-0.385577	13.3435
5	16	0.125	0.4	-0.0354324	-0.27361	0.489542
5	17	0.125	0.425	-0.187402	-0.57341	9.33696
5	18	0.125	0.45	-0.0597785	-0.150149	8.46135
5	19	0.125	0.475	-0.195194	-0.609864	-0.504728
5	20	0.125	0.5	-0.156297	-0.206257	18.4046
5	21	0.125	0.525	-0.165948	-0.376047	-7.23025
5	22	0.125	0.55	-0.268402	-0.450433	20.3716
5	23	0.125	0.575	-0.118228	-0.0214762	-1.99638
5	24	0.125	0.6	-0.361746	-0.676118	8.79532
5	25	0.125	0.625	-0.125189	0.16872	14.0461
5	26	0.125	0.65	-0.453612	-0.558008	-9.20318
5	27	0.125	0.675	-0.198625	0.0541623	28.7515
5	28	0.125	0.7	-0.463966	-0.0418349	-17.5259
5	29	0.125	0.725	-0.274081	-0.287375	27.9612
5	30	0.125	0.75	-0.300826	0.489259	-6.76334
5	31	0.125	0.775	-0.453692	-0.496372	8.63881
5	32	0.125	0.8	-0.0464924	0.627813	14.6434
5	33	0.125	0.825	-0.806479	-0.155463	-13.1412
5	34	0.125	0.85	0.247379	0.392363	27.4248
5	35	0.125	0.875	-0.965855	0.536397	-17.2005
5	36	0.125	0.9	0.549209	0.0982345	20.4043
5	37	0.125	0.925	-0.466434	0.806816	-4.29849
5	38	0.125	0.95	0.675944	0.139207	5.40146
5	39	0.125	0.975	0.519439	0.464253	4.24249
5	40	0.125	1	1	0	0
6	0	0.15	0	0	0	5.39136
6	1	0.15	0.025	-0.00767233	-0.0401341	5.39136
6	2	0.15	0.05	-0.0350499	-0.0617838	5.76001
6	3	0.15	0.075	0.000473438	-0.096994	5.14925
6	4	0.15	0.1	-0.0590127	-0.15084	5.70317
6	5	0.15	0.125	-0.0113719	-0.140173	5.8981
6	6	0.15	0.15	-0.0359275	-0.229375	4.66016
6	7	0.15	0.175	-0.0684876	-0.205791	7.36289
6	8	0.15	0.2	0.0134243	-0.262545	3.74539
6	9	0.15	0.225	-0.124769	-0.309046	7.8121
6	10	0.15	0.25	0.0182031	-0.258293	4.83156
6	11	0.15	0.275	-0.109755	-0.412726	5.76887
6	12	0.15	0.3	-0.0699074	-0.273494	8.29384
6	13	0.15	0.325	-0.0267451	-0.441139	2.35673
6	14	0.15	0.35	-0.206112	-0.364319	11.4929
6	15	0.15	0.375	0.0316463	-0.362733	1.41711
6	16	0.15	0.4	-0.265036	-0.515859	10.2669
6	17	0.15	0.425	-0.033464	-0.253457	6.01765
6	18	0.15	0.45	-0.187019	-0.604821	3.48737
6	19	0.15	0.475	-0.237773	-0.240256	14.2872
6	20	0.15	0.5	-0.0631417	-0.49243	-3.6571
6	21	0.15	0.525	-0.442388	-0.391249	18.9799
6	22	0.15	0.55	-0.0234713	-0.209123	-3.05667
6	23	0.15	0.575	-0.471908	-0.620382	12.8683
6	24	0.15	0.6	-0.156247	0.0428763	8.49777
6	25	0.15	0.625	-0.359882	-0.661907	-2.78845
6	26	0.15	0.65	-0.432167	0.0698273	24.4345
6	27	0.15	0.675	-0.257042	-0.323381	-15.8895
6	28	0.15	0.7	-0.618423	-0.190387	31.1919
6	29	0.15	0.725	-0.203015	0.234095	-13.1508
6	30	0.15	0.75	-0.594449	-0.565173	18.1663
6	31	0.15	0.775	-0.204094	0.616127	7.39046
6	32	0.15	0.8	-0.605708	-0.5884	-9.2613
6	33	0.15	0.825	-0.189168	0.584916	31.7725
6	34	0.15	0.85	-0.766669	-0.00171589	-29.4441
6	35	0.15	0.875	0.0883984	0.217324	40.0723
6	36	0.15	0.9	-0.679989	0.763813	-25.357
6	37	0.15	0.925	0.544703	-0.131697	24.2699
6	38	0.15	0.95	0.0432769	0.85889	-5.12697
6	39	0.15	0.975	0.812144	0.124256	5.25609
6	40	0.15	1	1	0	0
7	0	0.175	0	0	0	5.7319
7	1	0.175	0.025	-0.014698	-0.0365307	5.7319
7	2	0.175	0.05	0.00419058	-0.0607022	5.81505
7	3	0.175	0.075	-0.0532162	-0.115216	5.46758
7	4	0.175	0.1	0.0063314	-0.128106	6.33451
7	5	0.175	0.125	-0.0441145	-0.18015	5.05286
7	6	0.175	0.15	-0.0513083	-0.209252	6.77122
7	7	0.175	0.175	0.0194364	-0.227929	5.16956
7	8	0.175	0.2	-0.136275	-0.292007	6.49839
7	9	0.175	0.225	0.0537423	-0.272906	6.16938
7	10	0.175	0.25	-0.145024	-0.357652	5.49196
7	11	0.175	0.275	-0.0303733	-0.32912	7.66083
7	12	0.175	0.3	-0.0381426	-0.391192	4.501
7	13	0.175	0.325	-0.215827	-0.398948	8.63499
7	14	0.175	0.35	0.0748395	-0.388801	4.69954
7	15	0.175	0.375	-0.339111	-0.472974	7.90478
7	16	0.175	0.4	0.0369978	-0.370309	6.88355
7	17	0.175	0.425	-0.249986	-0.52065	5.11738
7	18	0.175	0.45	-0.217763	-0.369312	10.5412
7	19	0.175	0.475	-0.0350245	-0.486266	1.95287
7	20	0.175	0.5	-0.548015	-0.415993	13.1394
7	21	0.175	0.525	0.0765956	-0.355471	1.68112
7	22	0.175	0.55	-0.643367	-0.5132	11.0227
7	23	0.175	0.575	-0.0742227	-0.191033	6.82513
7	24	0.175	0.6	-0.408978	-0.565766	2.9426
7	25	0.175	0.625	-0.509533	-0.0873965	16.3767
7	26	0.175	0.65	-0.113714	-0.41927	-6.56751
7	27	0.175	0.675	-0.941119	-0.141743	23.878
7	28	0.175	0.7	0.00221462	-0.0650921	-9.29441
7	29	0.175	0.725	-0.947476	-0.383975	20.0754
7	30	0.175	0.75	-0.137819	0.340463	1.1712
7	31	0.175	0.775	-0.594243	-0.59316	1.04317
7	32	0.175	0.8	-0.500783	0.567448	23.0247
7	33	0.175	0.825	-0.347476	-0.394692	-23.3835
7	34	0.175	0.85	-0.673247	0.457968	42.7692
7	35	0.175	0.875	-0.301841	0.271243	-35.2282
7	36	0.175	0.9	-0.215505	0.0193263	42.601
7	37	0.175	0.925	-0.0669657	0.92866	-22.753
7	38	0.175	0.95	0.517125	-0.24949	18.8189
7	39	0.175	0.975	0.614046	0.763992	0.188716
7	40	0.175	1	1	0	0
8	0	0.2	0	0	0	6.05499
8	1	0.2	0.025	0.000853353	-0.0197403	6.05499
8	2	0.2	0.05	-0.0302925	-0.090715	5.46466
8	3	0.2	0.075	0.0133855	-0.0902179	6.97275
8	4	0.2	0.1	-0.0439849	-0.142364	4.80126
8	5	0.2	0.125	-0.0224856	-0.201831	7.11277
8	6	0.2	0.15	0.00638792	-0.17274	5.74427
8	7	0.2	0.175	-0.111344	-0.300019	5.55883
8	8	0.2	0.2	0.0620854	-0.239655	7.94831
8	9	0.2	0.225	-0.157441	-0.333264	3.87127
8	10	0.2	0.25	0.0164275	-0.358983	9.04325
8	11	0.2	0.275	-0.0754124	-0.32268	4.50711
8	12	0.2	0.3	-0.163501	-0.472851	7.33988
8	13	0.2	0.325	0.0624688	-0.34039	7.68481
8	14	0.2	0.35	-0.346061	-0.504635	4.15582
8	15	0.2	0.375	0.0821304	-0.423776	10.6928
8	16	0.2	0.4	-0.320067	-0.454721	2.81219
8	17	0.2	0.425	-0.133794	-0.530337	10.643
8	18	0.2	0.45	-0.0910208	-0.396662	5.00012
8	19	0.2	0.475	-0.519957	-0.569222	7.48257
8	20	0.2	0.5	0.0887417	-0.383311	8.97102
8	21	0.2	0.525	-0.743689	-0.511431	3.91628
8	22	0.2	0.55	0.0112892	-0.406266	11.7192
8	23	0.2	0.575	-0.544604	-0.421152	2.2727
8	24	0.2	0.6	-0.423779	-0.40062	12.2822
8	25	0.2	0.625	-0.145443	-0.328419	2.44294
8	26	0.2	0.65	-1.03989	-0.325659	11.701
8	27	0.2	0.675	0.0880909	-0.21231	3.32156
8	28	0.2	0.7	-1.27309	-0.268137	9.98923
8	29	0.2	0.725	0.0161695	-0.044702	5.73311
8	30	0.2	0.75	-0.843804	-0.31577	4.1187
8	31	0.2	0.775	-0.491795	0.194864	13.496
8	32	0.2	0.8	-0.20837	-0.319217	-7.89275
8	33	0.2	0.825	-1.19971	0.405665	27.2005
8	34	0.2	0.85	0.16251	-0.0758697	-21.5927
8	35	0.2	0.875	-1.28813	0.356211	38.3733
8	36	0.2	0.9	0.326642	0.469954	-26.1784
8	37	0.2	0.925	-0.396541	-0.0480129	31.4428
8	38	0.2	0.95	0.531132	0.874632	-11.3461
8	39	0.2	0.975	0.670936	-0.0133359	8.78313
8	40	0.2	1	1	0	0
9	0	0.225	0	0	0	6.03739
9	1	0.225	0.025	-0.00556487	-0.0584559	6.03739
9	2	0.225	0.05	0.00912535	-0.039539	7.08895
9	3	0.225	0.075	-0.0250081	-0.123941	4.69982
9	4	0.225	0.1	-0.00432331	-0.162054	7.90276
9	5	0.225	0.125	-0.00246028	-0.130991	5.32404
9	6	0.225	0.15	-0.0679792	-0.301324	5.89655
9	7	0.225	0.175	0.0447178	-0.177155	8.67755
9	8	0.225	0.2	-0.126796	-0.346723	2.58387
9	9	0.225	0.225	0.0321085	-0.329591	11.1717
9	10	0.225	0.25	-0.0917348	-0.290232	2.65634
9	11	0.225	0.275	-0.0957953	-0.52185	8.66767
9	12	0.225	0.3	0.0187252	-0.264122	8.07079
9	13	0.225	0.325	-0.275826	-0.593024	2.17358
9	14	0.225	0.35	0.0644113	-0.386394	14.3842
9	15	0.225	0.375	-0.322152	-0.476462	-1.43109
9	16	0.225	0.4	-0.0731461	-0.61997	14.5148
9	17	0.225	0.425	-0.159839	-0.320706	3.32996
9	18	0.225	0.45	-0.400677	-0.77044	6.38595
9	19	0.225	0.475	0.0137943	-0.315747	13.4251
9	20	0.225	0.5	-0.690557	-0.665173	-3.14913
9	21	0.225	0.525	-0.00409886	-0.490917	19.7614
9	22	0.225	0.55	-0.621265	-0.393829	-4.45604
9	23	0.225	0.575	-0.315746	-0.700693	15.829
9	24	0.225	0.6	-0.271365	-0.199996	4.26748
9	25	0.225	0.625	-0.903168	-0.703236	4.22663
9	26	0.225	0.65	-0.0189125	-0.190018	15.2921
9	27	0.225	0.675	-1.32693	-0.43839	-5.08674
9	28	0.225	0.7	0.00443139	-0.299775	19.598
9	29	0.225	0.725	-1.09051	-0.143169	-5.27312
9	30	0.225	0.75	-0.347514	-0.345183	15.4198
9	31	0.225	0.775	-0.391116	-0.0191998	0.0541457
9	32	0.225	0.8	-1.2125	-0.12215	10.095
9	33	0.225	0.825	0.182276	0.00167809	1.94719
9	34	0.225	0.85	-1.94237	0.277237	12.1248
9	35	0.225	0.875	0.579097	0.0940333	-3.91729
9	36	0.225	0.9	-1.57469	0.40744	18.7508
9	37	0.225	0.925	0.819311	0.423321	-8.76711
9	38	0.225	0.95	-0.135875	0.1216	13.9827
9	39	0.225	0.975	0.879942	0.603059	-0.0525707
9	40	0.225	1	1	0	0
10	0	0.25	0	0	0	6.65427
10	1	0.25	0.025	0.00502924	-0.00544879	6.65427
10	2	0.25	0.05	0.000651535	-0.104693	5.34984
10	3	0.25	0.075	-0.00129206	-0.0986558	8.18532
10	4	0.25	0.1	0.00908665	-0.116938	4.818
10	5	0.25	0.125	-0.0354695	-0.264391	7.07835
10	6	0.25	0.15	0.0286679	-0.125634	7.97224
10	7	0.25	0.175	-0.0715193	-0.361143	2.91871
10	8	0.25	0.2	0.0148083	-0.256623	12.1343
10	9	0.25	0.225	-0.0604247	-0.307424	0.92734
10	10	0.25	0.25	-0.0640073	-0.497121	11.242
10	11	0.25	0.275	-0.00358931	-0.22204	5.95166
10	12	0.25	0.3	-0.181811	-0.659694	3.47731
10	13	0.25	0.325	0.01117	-0.302617	15.0722
10	14	0.25	0.35	-0.239082	-0.569499	-3.91248
10	15	0.25	0.375	-0.0873542	-0.591412	18.698
10	16	0.25	0.4	-0.161364	-0.331257	-1.05215
10	17	0.25	0.425	-0.300153	-0.887042	10.1005
10	18	0.25	0.45	-0.066925	-0.241875	12.3314
10	19	0.25	0.475	-0.527441	-0.876919	-5.02431
10	20	0.25	0.5	-0.113374	-0.445771	24.8416
10	21	0.25	0.525	-0.549392	-0.526933	-11.5438
10	22	0.25	0.55	-0.323346	-0.828645	23.4802
10	23	0.25	0.575	-0.340932	-0.174542	-1.02784
10	24	0.25	0.6	-0.712311	-1.04672	5.95756
10	25	0.25	0.625	-0.195307	-0.112821	18.8969
10	26	0.25	0.65	-1.10398	-0.810083	-14.1543
10	27	0.25	0.675	-0.219227	-0.349197	32.2662
10	28	0.25	0.7	-1.08253	-0.278166	-19.3864
10	29	0.25	0.725	-0.389251	-0.706694	27.5878
10	30	0.25	0.75	-0.595862	0.133567	-5.46905
10	31	0.25	0.775	-0.962294	-0.802767	6.87386
10	32	0.25	0.8	-0.121409	0.220053	15.2074
10	33	0.25	0.825	-1.82965	-0.3628	-12.9519
10	34	0.25	0.85	0.248589	0.098018	25.8073
10	35	0.25	0.875	-2.14042	0.338097	-15.4996
10	36	0.25	0.9	0.776559	-0.0368301	18.6548
10	37	0.25	0.925	-1.14493	0.644894	-3.01548
10	38	0.25	0.95	1.03145	0.10532	4.74359
10	39	0.25	0.975	0.505556	0.401694	4.15122
10	40	0.25	1	1	0	0
11	0	0.275	0	0	0	6.41051
11	1	0.275	0.025	0.0111873	-0.0617688	6.41051
11	2	0.275	0.05	0.000353436	-0.0433099	7.66125
11	3	0.275	0.075	0.0318876	-0.111516	5.12853
11	4	0.275	0.1	-0.0237105	-0.192587	7.90157
11	5	0.275	0.125	0.0361197	-0.108019	6.82626
11	6	0.275	0.15	-0.0281356	-0.334757	4.56424
11	7	0.275	0.175	-0.00382586	-0.188353	11.226
11	8	0.275	0.2	0.000540647	-0.33607	1.05835
11	9	0.275	0.225	-0.0760109	-0.411397	12.6805
11	10	0.275	0.25	0.0269781	-0.237892	3.58275
11	11	0.275	0.275	-0.129262	-0.641032	6.64846
11	12	0.275	0.3	-0.0168722	-0.24586	12.5894
11	13	0.275	0.325	-0.126625	-0.64841	-2.59406
11	14	0.275	0.35	-0.14831	-0.49192	19.6461
11	15	0.275	0.375	-0.0756818	-0.420337	-3.94979
11	16	0.275	0.4	-0.291923	-0.856588	14.7837
11	17	0.275	0.425	-0.0712881	-0.241916	7.68322
11	18	0.275	0.45	-0.37954	-0.99667	-1.15907
11	19	0.275	0.475	-0.220694	-0.365066	23.685
11	20	0.275	0.5	-0.368185	-0.719557	-13.2552
11	21	0.275	0.525	-0.451253	-0.775939	28.3642
11	22	0.275	0.55	-0.272223	-0.288533	-7.43731
11	23	0.275	0.575	-0.652005	-1.16768	13.0421
11	24	0.275	0.6	-0.284853	-0.100364	14.1796
11	25	0.275	0.625	-0.814985	-1.11556	-12.5062
11	26	0.275	0.65	-0.491276	-0.290233	35.3419
11	27	0.275	0.675	-0.822712	-0.591136	-26.6264
11	28	0.275	0.7	-0.685157	-0.76106	38.4034
11	29	0.275	0.725	-0.587074	0.00900532	-16.3089
11	30	0.275	0.75	-0.887528	-1.17729	16.1155
11	31	0.275	0.775	-0.382354	0.302486	12.5057
11	32	0.275	0.8	-1.3427	-1.04741	-18.8751
11	33	0.275	0.825	-0.335315	0.238969	40.542
11	34	0.275	0.85	-1.78968	-0.317773	-41.9219
11	35	0.275	0.875	0.0263233	-0.0702923	49.8292
11	36	0.275	0.9	-1.50785	0.5993	-37.1116
11	37	0.275	0.925	0.757661	-0.433058	31.9911
11	38	0.275	0.95	-0.168863	0.872662	-11.0802
11	39	0.275	0.975	1.00591	-0.107331	6.1557
11	40	0.275	1	1	0	0
12	0	0.3	0	0	0	7.01625
12	1	0.3	0.025	0.00787547	-0.0163153	7.01625
12	2	0.3	0.05	0.0421452	-0.0856321	6.13867
12	3	0.3	0.075	-0.0172059	-0.120356	7.7479
12	4	0.3	0.1	0.0610566	-0.10848	6.4668
12	5	0.3	0.125	-0.0132554	-0.264232	6.08294
12	6	0.3	0.15	0.00609605	-0.15882	9.48422
12	7	0.3	0.175	0.0484703	-0.325718	2.94182
12	8	0.3	0.2	-0.0948033	-0.323001	11.8736
12	9	0.3	0.225	0.0923281	-0.276986	3.19148
12	10	0.3	0.25	-0.134416	-0.546417	8.83314
12	11	0.3	0.275	0.0176023	-0.254744	9.4336
12	12	0.3	0.3	-0.0596398	-0.639528	1.16772
12	13	0.3	0.325	-0.182362	-0.414123	16.8398
12	14	0.3	0.35	0.0411735	-0.507065	-2.76224
12	15	0.3	0.375	-0.352238	-0.734657	16.1802
12	16	0.3	0.4	0.0174103	-0.326061	4.15191
12	17	0.3	0.425	-0.338558	-0.957033	4.29589
12	18	0.3	0.45	-0.232193	-0.353387	18.2753
12	19	0.3	0.475	-0.201573	-0.826458	-8.73536
12	20	0.3	0.5	-0.58804	-0.667054	26.5569
12	21	0.3	0.525	-0.106545	-0.461999	-8.65798
12	22	0.3	0.55	-0.752064	-1.0726	17.7634
12	23	0.3	0.575	-0.22163	-0.209453	7.62052
12	24	0.3	0.6	-0.668872	-1.17817	-4.624
12	25	0.3	0.625	-0.631168	-0.27506	29.0723
12	26	0.3	0.65	-0.517615	-0.818158	-22.5094
12	27	0.3	0.675	-1.04639	-0.653607	38.6567
12	28	0.3	0.7	-0.37902	-0.260403	-20.4354
12	29	0.3	0.725	-1.12427	-1.13772	24.5959
12	30	0.3	0.75	-0.400954	0.162464	3.08453
12	31	0.3	0.775	-1.04752	-1.29275	-9.33973
12	32	0.3	0.8	-0.743731	0.276781	35.8551
12	33	0.3	0.825	-1.10034	-0.868528	-42.7579
12	34	0.3	0.85	-0.952453	0.095837	59.9758
12	35	0.3	0.875	-1.03074	-0.0229747	-56.0635
12	36	0.3	0.9	-0.367152	-0.401891	59.1762
12	37	0.3	0.925	-0.381827	0.875484	-37.9759
12	38	0.3	0.95	0.611841	-0.751685	26.3522
12	39	0.3	0.975	0.665768	0.777102	-3.95834
12	40	0.3	1	1	0	0
13	0	0.325	0	0	0	6.95452
13	1	0.325	0.025	0.0284124	-0.0380704	6.95452
13	2	0.325	0.05	-0.000195651	-0.0751941	7.18784
13	3	0.325	0.075	0.0772409	-0.0924292	7.0493
13	4	0.325	0.1	-0.0107207	-0.185761	6.49648
13	5	0.325	0.125	0.0424898	-0.156644	8.47557
13	6	0.325	0.15	0.0599645	-0.264764	4.94332
13	7	0.325	0.175	-0.0798793	-0.27886	9.85114
13	8	0.325	0.2	0.14428	-0.281804	4.9444
13	9	0.325	0.225	-0.156041	-0.44313	8.45778
13	10	0.325	0.25	0.0954302	-0.299972	8.33938
13	11	0.325	0.275	-0.0620227	-0.547112	4.11743
13	12	0.325	0.3	-0.139704	-0.414546	12.9795
13	13	0.325	0.325	0.110941	-0.51285	1.31775
13	14	0.325	0.35	-0.392586	-0.635674	13.3395
13	15	0.325	0.375	0.137943	-0.423767	4.914
13	16	0.325	0.4	-0.38837	-0.820541	6.46651
13	17	0.325	0.425	-0.130562	-0.442911	13.7657
13	18	0.325	0.45	-0.143365	-0.785822	-2.29644
13	19	0.325	0.475	-0.612008	-0.643877	20.0192
13	20	0.325	0.5	0.038491	-0.570427	-3.4647
13	21	0.325	0.525	-0.891505	-0.924136	15.5257
13	22	0.325	0.55	-0.0662807	-0.394772	6.16268
13	23	0.325	0.575	-0.709056	-1.0366	1.05473
13	24	0.325	0.6	-0.56987	-0.404262	20.6899
13	25	0.325	0.625	-0.358274	-0.828616	-12.1844
13	26	0.325	0.65	-1.24181	-0.617963	28.9496
13	27	0.325	0.675	-0.166946	-0.459842	-13.3403
13	28	0.325	0.7	-1.47566	-0.928946	22.0803
13	29	0.325	0.725	-0.240367	-0.125336	-0.0182648
13	30	0.325	0.75	-1.12312	-1.10474	-0.129969
13	31	0.325	0.775	-0.792357	0.0782524	23.3456
13	32	0.325	0.8	-0.694531	-0.910679	-26.7897
13	33	0.325	0.825	-1.60389	0.108396	46.5642
13	34	0.325	0.85	-0.425231	-0.433498	-45.0601
13	35	0.325	0.875	-1.73191	-0.0911563	58.7012
13	36	0.325	0.9	-0.0236949	0.286039	-46.0847
13	37	0.325	0.925	-0.658645	-0.625049	45.1578
13	38	0.325	0.95	0.550865	0.872396	-21.1458
13	39	0.325	0.975	0.683802	-0.469516	9.51835
13	40	0.325	1	1	0	0
14	0	0.35	0	0	0	7.14271
14	1	0.35	0.025	0.0166575	-0.0473003	7.14271
14	2	0.35	0.05	0.0678468	-0.0489134	7.65019
14	3	0.35	0.075	0.00338587	-0.13472	6.2186
14	4	0.35	0.1	0.0761184	-0.141358	8.66839
14	5	0.35	0.125	0.0505298	-0.188704	5.70138
14	6	0.35	0.15	-0.0272903	-0.272348	8.52583
14	7	0.35	0.175	0.15335	-0.230445	7.05234
14	8	0.35	0.2	-0.141823	-0.390187	6.48161
14	9	0.35	0.225	0.161116	-0.315418	9.79193
14	10	0.35	0.25	-0.0914362	-0.441361	4.2095
14	11	0.35	0.275	-0.0385292	-0.466289	11.3158
14	12	0.35	0.3	0.106694	-0.432856	4.7234
14	13	0.35	0.325	-0.344317	-0.631665	9.10438
14	14	0.35	0.35	0.208733	-0.449078	8.98468
14	15	0.35	0.375	-0.432818	-0.712359	3.96796
14	16	0.35	0.4	0.0114457	-0.564102	13.8926
14	17	0.35	0.425	-0.181345	-0.657685	0.767032
14	18	0.35	0.45	-0.491506	-0.751401	14.3963
14	19	0.35	0.475	0.0820177	-0.553777	3.76512
14	20	0.35	0.5	-0.919386	-0.890199	8.24345
14	21	0.35	0.525	0.05396	-0.540595	11.3888
14	22	0.35	0.55	-0.815837	-0.868621	-0.468215
14	23	0.35	0.575	-0.39155	-0.643313	17.8158
14	24	0.35	0.6	-0.371437	-0.688556	-4.49497
14	25	0.35	0.625	-1.17181	-0.782687	17.563
14	26	0.35	0.65	-0.102276	-0.495453	-0.651997
14	27	0.35	0.675	-1.6573	-0.855526	9.64748
14	28	0.35	0.7	-0.125216	-0.387893	8.00486
14	29	0.35	0.725	-1.36352	-0.81647	-2.13622
14	30	0.35	0.75	-0.609878	-0.318837	17.7591
14	31	0.35	0.775	-0.686994	-0.627859	-12.8117
14	32	0.35	0.8	-1.68039	-0.227002	25.8361
14	33	0.35	0.825	-0.238824	-0.371486	-19.4079
14	34	0.35	0.85	-2.54642	-0.0864058	31.603
14	35	0.35	0.875	0.191386	-0.111334	-23.7706
14	36	0.35	0.9	-2.13966	-0.132693	33.0602
14	37	0.35	0.925	0.744045	0.325908	-21.0486
14	38	0.35	0.95	-0.375905	-0.418148	17.881
14	39	0.35	0.975	0.971163	0.473014	-3.92369
14	40	0.35	1	1	0	0
15	0	0.375	0	0	0	7.55664
15	1	0.375	0.025	0.0393769	-0.00679226	7.55664
15	2	0.375	0.05	0.0281539	-0.107873	6.35384
15	3	0.375	0.075	0.083645	-0.0915427	9.13852
15	4	0.375	0.1	0.0507541	-0.140045	5.42302
15	5	0.375	0.125	0.0304689	-0.256338	8.72254
15	6	0.375	0.15	0.133801	-0.154868	7.75796
15	7	0.375	0.175	-0.0794193	-0.385982	5.15077
15	8	0.375	0.2	0.17803	-0.266104	11.874
15	9	0.375	0.225	-0.0871806	-0.389162	2.26725
15	10	0.375	0.25	0.0551814	-0.489937	12.6853
15	11	0.375	0.275	0.0701627	-0.331999	4.96061
15	12	0.375	0.3	-0.219242	-0.693961	7.22352
15	13	0.375	0.325	0.203994	-0.381721	12.531
15	14	0.375	0.35	-0.388269	-0.710654	-0.319241
15	15	0.375	0.375	0.0991179	-0.612156	17.8737
15	16	0.375	0.4	-0.223856	-0.557495	-1.28693
15	17	0.375	0.425	-0.309346	-0.90444	13.9439
15	18	0.375	0.45	0.0449474	-0.454427	7.45187
15	19	0.375	0.475	-0.783638	-1.01139	1.94494
15	20	0.375	0.5	0.0682186	-0.567274	18.846
15	21	0.375	0.525	-0.832666	-0.831662	-7.32873
15	22	0.375	0.55	-0.256366	-0.849527	22.2436
15	23	0.375	0.575	-0.444071	-0.550531	-4.42758
15	24	0.375	0.6	-0.937542	-1.07765	12.7062
15	25	0.375	0.625	-0.165774	-0.421082	8.57746
15	26	0.375	0.65	-1.5428	-1.02602	-3.42083
15	27	0.375	0.675	-0.184731	-0.50975	21.0688
15	28	0.375	0.7	-1.46852	-0.725712	-13.5823
15	29	0.375	0.725	-0.50147	-0.699811	23.9459
15	30	0.375	0.75	-0.839846	-0.370273	-11.1878
15	31	0.375	0.775	-1.38744	-0.777858	15.0545
15	32	0.375	0.8	-0.378491	-0.145727	-0.226797
15	33	0.375	0.825	-2.50885	-0.555453	1.58502
15	34	0.375	0.85	-0.0816046	-0.113494	8.54742
15	35	0.375	0.875	-2.85586	-0.115551	-4.29382
15	36	0.375	0.9	0.577492	-0.155526	7.091
15	37	0.375	0.925	-1.63587	0.125547	-0.318563
15	38	0.375	0.95	1.10345	-0.0420173	0.479762
15	39	0.375	0.975	0.44374	0.0344652	1.10573
15	40	0.375	1	1	0	0
16	0	0.4	0	0	0	7.23822
16	1	0.4	0.025	0.0354641	-0.0705644	7.23822
16	2	0.4	0.05	0.0686692	-0.0300135	8.85516
16	3	0.4	0.075	0.0687706	-0.124173	5.37419
16	4	0.4	0.1	0.0618245	-0.197953	9.55267
16	5	0.4	0.125	0.121074	-0.103833	7.01189
16	6	0.4	0.15	-0.0032895	-0.377551	5.69091
16	7	0.4	0.175	0.159135	-0.179167	12.4155
16	8	0.4	0.2	-0.0285985	-0.395193	0.825159
16	9	0.4	0.225	0.0931474	-0.435058	15.0636
16	10	0.4	0.25	0.0643039	-0.280565	2.66147
16	11	0.4	0.275	-0.0930488	-0.728189	8.92117
16	12	0.4	0.3	0.16783	-0.277535	12.6189
16	13	0.4	0.325	-0.256055	-0.78534	-2.23821
16	14	0.4	0.35	0.102921	-0.547363	21.6123
16	15	0.4	0.375	-0.18727	-0.558333	-5.65357
16	16	0.4	0.4	-0.182989	-0.972225	18.0648
16	17	0.4	0.425	0.0125534	-0.365334	5.58414
16	18	0.4	0.45	-0.566813	-1.18273	1.25863
16	19	0.4	0.475	0.0159906	-0.492131	22.7005
16	20	0.4	0.5	-0.6979	-0.947197	-13.3998
16	21	0.4	0.525	-0.250186	-0.910161	29.3555
16	22	0.4	0.55	-0.444199	-0.526704	-10.0778
16	23	0.4	0.575	-0.740629	-1.31661	16.0514
16	24	0.4	0.6	-0.238191	-0.339562	9.65065
16	25	0.4	0.625	-1.24514	-1.31153	-8.83651
16	26	0.4	0.65	-0.348807	-0.502875	29.9125
16	27	0.4	0.675	-1.31497	-0.872964	-24.7266
16	28	0.4	0.7	-0.624547	-0.886883	34.9927
16	29	0.4	0.725	-0.892509	-0.328831	-18.9756
16	30	0.4	0.75	-1.15772	-1.21952	18.1044
16	31	0.4	0.775	-0.557814	-0.00993156	4.05757
16	32	0.4	0.8	-1.99331	-1.15016	-12.175
16	33	0.4	0.825	-0.532949	-0.00223513	28.7598
16	34	0.4	0.85	-2.5749	-0.637092	-36.1905
16	35	0.4	0.875	-0.171394	-0.232666	40.5454
16	36	0.4	0.9	-2.13854	0.122864	-37.96
16	37	0.4	0.925	0.730682	-0.613454	29.1498
16	38	0.4	0.95	-0.383365	0.507959	-16.2686
16	39	0.4	0.975	1.07827	-0.456993	4.30645
16	40	0.4	1	1	0	0
17	0	0.425	0	0	0	7.97216
17	1	0.425	0.025	0.0447089	0.00276388	7.97216
17	2	0.425	0.05	0.0808376	-0.107441	6.2759
17	3	0.425	0.075	0.0661242	-0.113876	9.67289
17	4	0.425	0.1	0.130828	-0.0931133	6.19698
17	5	0.425	0.125	0.045934	-0.320731	7.30917
17	6	0.425	0.15	0.144677	-0.110318	11.062
17	7	0.425	0.175	0.0504774	-0.404904	1.54141
17	8	0.425	0.2	0.0854377	-0.325008	15.846
17	9	0.425	0.225	0.114032	-0.29268	0.581997
17	10	0.425	0.25	-0.0294132	-0.669139	12.1224
17	11	0.425	0.275	0.163963	-0.211332	9.64584
17	12	0.425	0.3	-0.113809	-0.83464	-0.148055
17	13	0.425	0.325	0.0729127	-0.421925	21.7089
17	14	0.425	0.35	-0.0657127	-0.635537	-7.90987
17	15	0.425	0.375	-0.157986	-0.899733	22.415
17	16	0.425	0.4	0.0553892	-0.354165	0.848898
17	17	0.425	0.425	-0.401968	-1.25923	5.75051
17	18	0.425	0.45	-0.0092697	-0.396903	20.7289
17	19	0.425	0.475	-0.480852	-1.10494	-13.9373
17	20	0.425	0.5	-0.323304	-0.833253	33.0359
17	21	0.425	0.525	-0.322222	-0.620904	-15.3858
17	22	0.425	0.55	-0.701689	-1.37344	22.6338
17	23	0.425	0.575	-0.218328	-0.327982	4.73802
17	24	0.425	0.6	-0.983368	-1.50932	-5.58739
17	25	0.425	0.625	-0.466805	-0.45129	30.2542
17	26	0.425	0.65	-1.01113	-1.08737	-27.8631
17	27	0.425	0.675	-0.881664	-0.887352	41.2353
17	28	0.425	0.7	-0.757018	-0.469605	-26.1923
17	29	0.425	0.725	-1.22124	-1.36434	26.3029
17	30	0.425	0.75	-0.593505	-0.0411598	-1.63886
17	31	0.425	0.775	-1.56224	-1.48514	-9.20089
17	32	0.425	0.8	-0.847538	0.0469499	31.0532
17	33	0.425	0.825	-1.86812	-1.12091	-44.5729
17	34	0.425	0.85	-1.04108	-0.135561	55.8448
17	35	0.425	0.875	-1.73934	-0.413376	-61.6631
17	36	0.425	0.9	-0.423159	-0.642923	58.8758
17	37	0.425	0.925	-0.739758	0.487799	-46.7273
17	38	0.425	0.95	0.647845	-1.13352	27.5735
17	39	0.425	0.975	0.660124	0.472116	-9.71642
17	40	0.425	1	1	0	0
18	0	0.45	0	0	0	7.51385
18	1	0.45	0.025	0.0591206	-0.0617356	7.51385
18	2	0.45	0.05	0.0620382	-0.0478455	8.85888
18	3	0.45	0.075	0.143388	-0.0934711	6.4217
18	4	0.45	0.1	0.0616832	-0.225292	8.37719
18	5	0.45	0.125	0.157194	-0.0873095	9.26223
18	6	0.45	0.15	0.102119	-0.365279	3.80142
18	7	0.45	0.175	0.0789261	-0.224826	14.3232
18	8	0.45	0.2	0.187102	-0.318994	0.813785
18	9	0.45	0.225	-0.0247751	-0.537505	13.8024
18	10	0.45	0.25	0.21727	-0.211192	6.52308
18	11	0.45	0.275	-0.0371326	-0.784547	3.95175
18	12	0.45	0.3	0.0809874	-0.322919	18.2846
18	13	0.45	0.325	0.0696969	-0.694951	-6.00705
18	14	0.45	0.35	-0.181228	-0.744448	23.1177
18	15	0.45	0.375	0.174169	-0.412308	-2.17734
18	16	0.45	0.4	-0.354146	-1.18255	10.9584
18	17	0.45	0.425	0.0563648	-0.358298	15.5385
18	18	0.45	0.45	-0.30733	-1.17147	-9.24417
18	19	0.45	0.475	-0.358391	-0.716189	30.8833
18	20	0.45	0.5	-0.134357	-0.740653	-15.6432
18	21	0.45	0.525	-0.779251	-1.27358	26.039
18	22	0.45	0.55	-0.0892382	-0.398432	-0.0520753
18	23	0.45	0.575	-0.895058	-1.51963	0.87424
18	24	0.45	0.6	-0.438429	-0.443565	24.8199
18	25	0.45	0.625	-0.748325	-1.19294	-22.9734
18	26	0.45	0.65	-1.07193	-0.831599	38.8754
18	27	0.45	0.675	-0.530304	-0.629352	-25.697
18	28	0.45	0.7	-1.48439	-1.29069	29.1866
18	29	0.45	0.725	-0.470956	-0.201623	-6.55513
18	30	0.45	0.75	-1.48234	-1.47139	-1.30645
18	31	0.45	0.775	-0.890497	-0.043822	23.168
18	32	0.45	0.8	-1.33817	-1.22113	-35.1091
18	33	0.45	0.825	-1.61411	-0.116855	49.6892
18	34	0.45	0.85	-1.11097	-0.755871	-56.9546
18	35	0.45	0.875	-1.73103	-0.403376	63.512
18	36	0.45	0.9	-0.496049	-0.0627492	-58.8524
18	37	0.45	0.925	-0.667232	-1.06249	49.9559
18	38	0.45	0.95	0.441512	0.597541	-30.059
18	39	0.45	0.975	0.697313	-0.982815	8.13227
18	40	0.45	1	1	0	0
19	0	0.475	0	0	0	8.06825
19	1	0.475	0.025	0.0509718	-0.019437	8.06825
19	2	0.475	0.05	0.128402	-0.0697171	7.36811
19	3	0.475	0.075	0.0667314	-0.137699	8.28029
19	4	0.475	0.1	0.180399	-0.0870638	8.48475
19	5	0.475	0.125	0.113184	-0.278127	5.75809
19	6	0.475	0.15	0.105102	-0.175192	11.9613
19	7	0.475	0.175	0.231484	-0.301563	2.99055
19	8	0.475	0.2	-0.0251494	-0.40805	12.8602
19	9	0.475	0.225	0.294245	-0.237514	5.73677
19	10	0.475	0.25	-0.0314927	-0.652181	6.72988
19	11	0.475	0.275	0.154956	-0.294862	14.3552
19	12	0.475	0.3	0.141298	-0.663253	-1.73993
19	13	0.475	0.325	-0.163823	-0.6111	19.9872
19	14	0.475	0.35	0.301934	-0.464366	-1.12173
19	15	0.475	0.375	-0.375412	-1.01657	12.6715
19	16	0.475	0.4	0.19983	-0.388007	11.8017
19	17	0.475	0.425	-0.249243	-1.10039	-3.6836
19	18	0.475	0.45	-0.274363	-0.656509	25.5166
19	19	0.475	0.475	0.0175668	-0.782517	-11.1052
19	20	0.475	0.5	-0.832551	-1.14309	23.7734
19	21	0.475	0.525	0.0812902	-0.489345	-0.0767165
19	22	0.475	0.55	-0.951973	-1.39715	4.06842
19	23	0.475	0.575	-0.274661	-0.514535	19.9672
19	24	0.475	0.6	-0.639607	-1.1434	-15.9301
19	25	0.475	0.625	-1.05726	-0.845923	31.5477
19	26	0.475	0.65	-0.353832	-0.682121	-18.338
19	27	0.475	0.675	-1.69887	-1.20613	23.4681
19	28	0.475	0.7	-0.317159	-0.37519	-3.72934
19	29	0.475	0.725	-1.657	-1.2895	0.285521
19	30	0.475	0.75	-0.724982	-0.272813	17.3535
19	31	0.475	0.775	-1.18247	-1.02698	-23.3052
19	32	0.475	0.8	-1.71349	-0.320394	34.3433
19	33	0.475	0.825	-0.782107	-0.678463	-36.5432
19	34	0.475	0.85	-2.55216	-0.371875	43.1848
19	35	0.475	0.875	-0.267838	-0.391137	-41.3303
19	36	0.475	0.9	-2.17109	-0.595515	42.8707
19	37	0.475	0.925	0.50781	0.0829679	-34.0825
19	38	0.475	0.95	-0.415678	-0.989126	20.7575
19	39	0.475	0.975	0.959451	0.189211	-9.6654
19	40	0.475	1	1	0	0
20	0	0.5	0	0	0	7.97558
20	1	0.5	0.025	0.0772049	-0.0263477	7.97558
20	2	0.5	0.05	0.074408	-0.0864738	7.83395
20	3	0.5	0.075	0.181171	-0.0693149	8.72479
20	4	0.5	0.1	0.108709	-0.189962	6.41793
20	5	0.5	0.125	0.151172	-0.158772	10.5539
20	6	0.5	0.15	0.22881	-0.233255	5.12905
20	7	0.5	0.175	0.0128917	-0.333379	10.7278
20	8	0.5	0.2	0.339458	-0.229253	7.18417
20	9	0.5	0.225	-0.0395416	-0.516595	6.71628
20	10	0.5	0.25	0.256774	-0.305389	12.7418
20	11	0.5	0.275	0.136682	-0.552066	1.42728
20	12	0.5	0.3	-0.0650202	-0.557333	16.1095
20	13	0.5	0.325	0.366719	-0.44184	2.4263
20	14	0.5	0.35	-0.362343	-0.87594	10.4542
20	15	0.5	0.375	0.344277	-0.423844	12.0659
20	16	0.5	0.4	-0.270786	-0.95595	-1.47776
20	17	0.5	0.425	-0.0891175	-0.674956	21.7081
20	18	0.5	0.45	0.0752933	-0.716995	-5.99269
20	19	0.5	0.475	-0.748254	-1.09236	18.6145
20	20	0.5	0.5	0.20648	-0.518756	4.27691
20	21	0.5	0.525	-1.00927	-1.27908	1.70994
20	22	0.5	0.55	-0.0809584	-0.614264	20.1803
20	23	0.5	0.575	-0.660812	-1.01522	-12.8466
20	24	0.5	0.6	-0.852882	-0.961535	26.0749
20	25	0.5	0.625	-0.284092	-0.619266	-10.3551
20	26	0.5	0.65	-1.67996	-1.25284	13.9374
20	27	0.5	0.675	-0.249675	-0.459678	5.21086
20	28	0.5	0.7	-1.81541	-1.17839	-6.80485
20	29	0.5	0.725	-0.560813	-0.526429	20.3333
20	30	0.5	0.75	-1.26512	-0.790788	-20.034
20	31	0.5	0.775	-1.46481	-0.696294	24.5195
20	32	0.5	0.8	-0.759323	-0.433311	-18.9604
20	33	0.5	0.825	-2.63578	-0.714973	17.2934
20	34	0.5	0.85	-0.401147	-0.340689	-12.1328
20	35	0.5	0.875	-3.00936	-0.508338	10.1155
20	36	0.5	0.9	0.347264	-0.344101	-9.95888
20	37	0.5	0.925	-1.76848	-0.449795	6.979
20	38	0.5	0.95	1.02805	-0.198493	-8.33512
20	39	0.5	0.975	0.409831	-0.503095	-1.15437
20	40	0.5	1	1	0	0
21	0	0.525	0	0	0	7.97264
21	1	0.525	0.025	0.0643178	-0.0534991	7.97264
21	2	0.525	0.05	0.145901	-0.0274647	8.89224
21	3	0.525	0.075	0.112463	-0.136925	6.42592
21	4	0.525	0.1	0.180109	-0.130201	10.3983
21	5	0.525	0.125	0.20462	-0.15728	5.89844
21	6	0.525	0.15	0.081778	-0.300451	9.48344
21	7	0.525	0.175	0.331323	-0.169428	8.79887
21	8	0.525	0.2	-0.00666476	-0.437726	5.25557
21	9	0.525	0.225	0.323369	-0.287446	13.5654
21	10	0.525	0.25	0.110425	-0.43569	1.75194
21	11	0.525	0.275	0.0745226	-0.550382	14.5814
21	12	0.525	0.3	0.356881	-0.347958	4.96143
21	13	0.525	0.325	-0.256111	-0.821479	7.4287
21	14	0.525	0.35	0.41894	-0.394491	14.8097
21	15	0.525	0.375	-0.271253	-0.844733	-3.1345
21	16	0.525	0.4	0.099873	-0.703303	22.0339
21	17	0.525	0.425	0.0660646	-0.600614	-4.33449
21	18	0.525	0.45	-0.532948	-1.1302	15.4835
21	19	0.525	0.475	0.25619	-0.457786	8.73748
21	20	0.525	0.5	-0.936286	-1.26418	-3.13485
21	21	0.525	0.525	0.0392977	-0.654658	24.6796
21	22	0.525	0.55	-0.692402	-0.926058	-15.3826
21	23	0.525	0.575	-0.606518	-1.10037	26.61
21	24	0.525	0.6	-0.281033	-0.511307	-7.35317
21	25	0.525	0.625	-1.43746	-1.41762	7.91202
21	26	0.525	0.65	-0.265451	-0.437378	13.5383
21	27	0.525	0.675	-1.75795	-1.24109	-16.6341
21	28	0.525	0.7	-0.550844	-0.672141	29.3056
21	29	0.525	0.725	-1.34281	-0.696668	-25.8748
21	30	0.525	0.75	-1.20254	-1.04185	26.0412
21	31	0.525	0.775	-0.841193	-0.24422	-13.3837
21	32	0.525	0.8	-2.22938	-1.20431	3.21915
21	33	0.525	0.825	-0.686715	-0.179301	8.48541
21	34	0.525	0.85	-2.93641	-0.921968	-21.5904
21	35	0.525	0.875	-0.256297	-0.401627	22.4439
21	36	0.525	0.9	-2.47084	-0.344738	-28.9652
21	37	0.525	0.925	0.706728	-0.741365	17.1935
21	38	0.525	0.95	-0.536683	-0.0223834	-15.5665
21	39	0.525	0.975	1.08313	-0.711687	-0.448453
21	40	0.525	1	1	0	0
22	0	0.55	0	0	0	8.41362
22	1	0.55	0.025	0.0848373	0.00483737	8.41362
22	2	0.55	0.05	0.114803	-0.108237	6.90473
22	3	0.55	0.075	0.172251	-0.0730817	10.3962
22	4	0.55	0.1	0.190359	-0.115158	5.76
22	5	0.55	0.125	0.139922	-0.25854	9.7095
22	6	0.55	0.15	0.295718	-0.0961854	8.96072
22	7	0.55	0.175	0.066791	-0.405868	4.6506
22	8	0.55	0.2	0.328863	-0.213762	14.679
22	9	0.55	0.225	0.121821	-0.374835	0.467659
22	10	0.55	0.25	0.179052	-0.513102	15.6882
22	11	0.55	0.275	0.32253	-0.246708	4.57296
22	12	0.55	0.3	-0.0930966	-0.814469	6.89177
22	13	0.55	0.325	0.419697	-0.291968	16.4479
22	14	0.55	0.35	-0.183087	-0.818957	-5.53519
22	15	0.55	0.375	0.20742	-0.657295	24.8693
22	16	0.55	0.4	0.0696635	-0.519392	-6.53693
22	17	0.55	0.425	-0.298917	-1.16797	16.8913
22	18	0.55	0.45	0.269709	-0.347359	9.42316
22	19	0.55	0.475	-0.725518	-1.33705	-5.45725
22	20	0.55	0.5	0.0750349	-0.594556	28.9142
22	21	0.55	0.525	-0.622393	-0.941192	-20.1189
22	22	0.55	0.55	-0.463888	-1.15333	31.6748
22	23	0.55	0.575	-0.261435	-0.442293	-10.1713
22	24	0.55	0.6	-1.14514	-1.57852	8.9478
22	25	0.55	0.625	-0.281183	-0.35738	16.0463
22	26	0.55	0.65	-1.49409	-1.40356	-21.7661
22	27	0.55	0.675	-0.661894	-0.677094	36.7344
22	28	0.55	0.7	-1.25395	-0.76939	-33.6911
22	29	0.55	0.725	-1.17066	-1.1918	33.9598
22	30	0.55	0.75	-0.861187	-0.196745	-17.8087
22	31	0.55	0.775	-1.80673	-1.53236	4.17193
22	32	0.55	0.8	-0.879345	-0.0563402	13.5728
22	33	0.55	0.825	-2.35816	-1.38069	-34.1687
22	34	0.55	0.85	-0.939202	-0.283061	41.1937
22	35	0.55	0.875	-2.29373	-0.78298	-57.0063
22	36	0.55	0.9	-0.266789	-0.820291	48.4361
22	37	0.55	0.925	-1.10147	0.0560327	-46.9797
22	38	0.55	0.95	0.75608	-1.33474	22.3161
22	39	0.55	0.975	0.598102	0.0335551	-13.4957
22	40	0.55	1	1	0	0
23	0	0.575	0	0	0	7.94983
23	1	0.575	0.025	0.0837714	-0.0673001	7.94983
23	2	0.575	0.05	0.137295	-0.0159234	9.6699
23	3	0.575	0.075	0.185753	-0.104171	5.99431
23	4	0.575	0.1	0.160043	-0.182309	10.3086
23	5	0.575	0.125	0.2691	-0.0555461	7.95343
23	6	0.575	0.15	0.136568	-0.366643	5.75106
23	7	0.575	0.175	0.300432	-0.11902	14.2002
23	8	0.575	0.2	0.177154	-0.363636	0.0361526
23	9	0.575	0.225	0.213396	-0.40944	17.1773
23	10	0.575	0.25	0.319468	-0.197278	2.4088
23	11	0.575	0.275	0.040656	-0.76899	9.24693
23	12	0.575	0.3	0.399263	-0.172959	14.9487
23	13	0.575	0.325	-0.0330001	-0.835613	-5.2888
23	14	0.575	0.35	0.232943	-0.521109	26.4547
23	15	0.575	0.375	0.142259	-0.513771	-9.49528
23	16	0.575	0.4	-0.153029	-1.10983	21.0091
23	17	0.575	0.425	0.310238	-0.256642	6.10303
23	18	0.575	0.45	-0.486972	-1.39561	-2.92143
23	19	0.575	0.475	0.0981926	-0.467275	29.0714
23	20	0.575	0.5	-0.439898	-1.02444	-22.1641
23	21	0.575	0.525	-0.441052	-1.08152	36.2455
23	22	0.575	0.55	-0.161817	-0.452501	-14.9485
23	23	0.575	0.575	-0.981288	-1.62311	14.624
23	24	0.575	0.6	-0.21798	-0.290472	12.7673
23	25	0.575	0.625	-1.19471	-1.52421	-19.658
23	26	0.575	0.65	-0.747176	-0.607703	37.7261
23	27	0.575	0.675	-1.01395	-0.894939	-36.1545
23	28	0.575	0.7	-1.34669	-1.1583	39.3164
23	29	0.575	0.725	-0.74764	-0.280275	-23.5406
23	30	0.575	0.75	-1.68671	-1.57352	11.7378
23	31	0.575	0.775	-0.87758	-0.0370259	8.04046
23	32	0.575	0.8	-1.81723	-1.53908	-29.1963
23	33	0.575	0.825	-1.37162	-0.1728	40.9536
23	34	0.575	0.85	-1.71123	-1.13394	-60.3345
23	35	0.575	0.875	-1.38827	-0.599479	60.5619
23	36	0.575	0.9	-1.02381	-0.398256	-66.3606
23	37	0.575	0.925	-0.373266	-1.38201	49.1367
23	38	0.575	0.95	0.220165	0.290287	-35.8711
23	39	0.575	0.975	0.770864	-1.38601	5.50794
23	40	0.575	1	1	0	0
24	0	0.6	0	0	0	8.6068
24	1	0.6	0.025	0.085991	0.00692733	8.6068
24	2	0.6	0.05	0.162817	-0.0885614	7.04053
24	3	0.6	0.075	0.149976	-0.096166	10.1194
24	4	0.6	0.1	0.258135	-0.0536651	7.18485
24	5	0.6	0.125	0.167878	-0.287363	7.48651
24	6	0.6	0.15	0.279352	-0.0551861	12.2461
24	7	0.6	0.175	0.233344	-0.348226	1.55944
24	8	0.6	0.2	0.205441	-0.274422	16.9066
24	9	0.6	0.225	0.355375	-0.200805	1.05016
24	10	0.6	0.25	0.0980727	-0.64414	12.1453
24	11	0.6	0.275	0.408684	-0.100008	11.4165
24	12	0.6	0.3	0.0938321	-0.809014	-1.88641
24	13	0.6	0.325	0.240873	-0.353782	24.6371
24	14	0.6	0.35	0.262617	-0.5455	-9.8302
24	15	0.6	0.375	-0.101628	-0.941277	23.883
24	16	0.6	0.4	0.407366	-0.223795	1.89262
24	17	0.6	0.425	-0.335742	-1.34924	2.47399
24	18	0.6	0.45	0.184204	-0.340168	25.1866
24	19	0.6	0.475	-0.236701	-1.08013	-19.5984
24	20	0.6	0.5	-0.429789	-0.935426	36.6064
24	21	0.6	0.525	0.00946929	-0.503249	-16.9885
24	22	0.6	0.55	-0.97618	-1.5412	19.4197
24	23	0.6	0.575	-0.0557895	-0.279623	8.15582
24	24	0.6	0.6	-1.03385	-1.52271	-13.8183
24	25	0.6	0.625	-0.678711	-0.556302	33.4568
24	26	0.6	0.65	-0.761558	-0.942949	-31.9923
24	27	0.6	0.675	-1.5192	-1.08499	37.4422
24	28	0.6	0.7	-0.554108	-0.395516	-23.0687
24	29	0.6	0.725	-1.86265	-1.43812	15.1218
24	30	0.6	0.75	-0.705491	-0.148805	2.53253
24	31	0.6	0.775	-1.62191	-1.39316	-19.2281
24	32	0.6	0.8	-1.42888	-0.213518	30.201
24	33	0.6	0.825	-1.2484	-1.09001	-46.0779
24	34	0.6	0.85	-2.14708	-0.449664	49.4754
24	35	0.6	0.875	-0.713127	-0.718015	-58.2085
24	36	0.6	0.9	-1.77736	-0.945813	52.6591
24	37	0.6	0.925	0.16777	-0.112174	-48.1311
24	38	0.6	0.95	-0.218122	-1.51639	24.4768
24	39	0.6	0.975	0.870411	-0.0599927	-15.4307
24	40	0.6	1	1	0	0
25	0	0.625	0	0	0	8.1458
25	1	0.625	0.025	0.100175	-0.0478207	8.1458
25	2	0.625	0.05	0.12753	-0.0387046	9.22599
25	3	0.625	0.075	0.238434	-0.0581057	7.42327
25	4	0.625	0.1	0.165622	-0.188045	8.44575
25	5	0.625	0.125	0.277293	-0.0379172	10.32
25	6	0.625	0.15	0.251443	-0.291003	4.04773
25	7	0.625	0.175	0.202987	-0.167993	14.8242
25	8	0.625	0.2	0.389947	-0.209032	1.83367
25	9	0.625	0.225	0.105085	-0.476982	13.2094
25	10	0.625	0.25	0.450055	-0.0851562	8.52286
25	11	0.625	0.275	0.144197	-0.698987	2.33868
25	12	0.625	0.3	0.28602	-0.226656	20.5034
25	13	0.625	0.325	0.356597	-0.541705	-6.95845
25	14	0.625	0.35	-0.066758	-0.729292	23.2832
25	15	0.625	0.375	0.527612	-0.223998	0.0371392
25	16	0.625	0.4	-0.284445	-1.19357	6.8145
25	17	0.625	0.425	0.342726	-0.254247	20.4563
25	18	0.625	0.45	-0.113755	-1.04479	-14.6264
25	19	0.625	0.475	-0.313795	-0.789821	33.3157
25	20	0.625	0.5	0.179632	-0.513445	-15.0611
25	21	0.625	0.525	-0.996954	-1.41511	19.9415
25	22	0.625	0.55	0.149508	-0.294648	6.7508
25	23	0.625	0.575	-1.04655	-1.43294	-10.0067
25	24	0.625	0.6	-0.442383	-0.564868	29.3344
25	25	0.625	0.625	-0.623125	-0.874858	-26.0098
25	26	0.625	0.65	-1.47833	-1.099	31.1567
25	27	0.625	0.675	-0.389731	-0.427949	-16.3039
25	28	0.625	0.7	-2.07777	-1.34932	9.978
25	29	0.625	0.725	-0.503526	-0.31441	4.91328
25	30	0.625	0.75	-1.75033	-1.15189	-16.1867
25	31	0.625	0.775	-1.18176	-0.446469	22.3147
25	32	0.625	0.8	-1.1055	-0.805999	-30.7531
25	33	0.625	0.825	-2.3105	-0.619468	28.9871
25	34	0.625	0.85	-0.606085	-0.642147	-33.9265
25	35	0.625	0.875	-2.73779	-0.700278	29.3084
25	36	0.625	0.9	0.145734	-0.511629	-33.0026
25	37	0.625	0.925	-1.57905	-1.00236	21.6367
25	38	0.625	0.95	0.858698	-0.22101	-21.0861
25	39	0.625	0.975	0.43384	-1.08312	-0.90024
25	40	0.625	1	1	0	0
26	0	0.65	0	0	0	8.54554
26	1	0.65	0.025	0.0873457	-0.0164711	8.54554
26	2	0.65	0.05	0.187199	-0.0417113	8.13805
26	3	0.65	0.075	0.153116	-0.109994	8.41071
26	4	0.65	0.1	0.271936	-0.0393433	9.47432
26	5	0.65	0.125	0.233787	-0.206184	5.91498
26	6	0.65	0.15	0.222767	-0.114739	12.4861
26	7	0.65	0.175	0.384779	-0.182	3.90993
26	8	0.65	0.2	0.115855	-0.333955	12.204
26	9	0.65	0.225	0.481666	-0.088633	7.78181
26	10	0.65	0.25	0.140529	-0.541403	4.91
26	11	0.65	0.275	0.362766	-0.161389	16.758
26	12	0.65	0.3	0.375982	-0.469692	-3.04993
26	13	0.65	0.325	0.0187677	-0.55016	20.3053
26	14	0.65	0.35	0.604458	-0.202895	1.01605
26	15	0.65	0.375	-0.247353	-0.996484	8.08772
26	16	0.65	0.4	0.508795	-0.19158	17.816
26	17	0.65	0.425	-0.08383	-0.935136	-10.7936
26	18	0.65	0.45	-0.0816408	-0.672257	29.85
26	19	0.65	0.475	0.281373	-0.444467	-11.9224
26	20	0.65	0.5	-0.881939	-1.32025	17.7233
26	21	0.65	0.525	0.31514	-0.256023	8.86065
26	22	0.65	0.55	-1.09855	-1.35988	-10.8516
26	23	0.65	0.575	-0.155806	-0.580955	29.7932
26	24	0.65	0.6	-0.620815	-0.754558	-24.1251
26	25	0.65	0.625	-1.1827	-1.20257	27.4244
26	26	0.65	0.65	-0.302193	-0.338425	-9.50881
26	27	0.65	0.675	-2.05955	-1.44175	1.01062
26	28	0.65	0.7	-0.405236	-0.393782	14.0815
26	29	0.65	0.725	-1.94681	-1.04832	-23.3775
26	30	0.65	0.75	-0.886583	-0.728467	25.4053
26	31	0.65	0.775	-1.19717	-0.527622	-26.266
26	32	0.65	0.8	-1.97776	-1.04862	16.3151
26	33	0.65	0.825	-0.715789	-0.39467	-13.222
26	34	0.65	0.85	-2.91427	-0.969087	-0.832316
26	35	0.65	0.875	-0.183297	-0.570651	-2.98021
26	36	0.65	0.9	-2.5287	-0.683452	-7.92598
26	37	0.65	0.925	0.711172	-0.731909	-3.8202
26	38	0.65	0.95	-0.59123	-0.639457	-6.63769
26	39	0.65	0.975	1.04417	-0.748747	-7.28262
26	40	0.65	1	1	0	0
27	0	0.675	0	0	0	8.47774
27	1	0.675	0.025	0.10484	-0.0132673	8.47774
27	2	0.675	0.05	0.135151	-0.0678412	8.20929
27	3	0.675	0.075	0.238929	-0.028179	9.40759
27	4	0.675	0.1	0.207469	-0.134162	6.67325
27	5	0.675	0.125	0.243001	-0.0910496	11.1561
27	6	0.675	0.15	0.342074	-0.126607	5.63182
27	7	0.675	0.175	0.152535	-0.246045	10.6606
27	8	0.675	0.2	0.467431	-0.0702596	8.49958
27	9	0.675	0.225	0.139637	-0.40104	5.44203
27	10	0.675	0.25	0.420692	-0.125048	14.9571
27	11	0.675	0.275	0.341765	-0.360317	-0.417085
27	12	0.675	0.3	0.143966	-0.426459	17.5659
27	13	0.675	0.325	0.603615	-0.140217	2.80891
27	14	0.675	0.35	-0.146393	-0.821825	7.54203
27	15	0.675	0.375	0.604863	-0.109021	17.2697
27	16	0.675	0.4	-0.0656092	-0.814094	-9.35508
27	17	0.675	0.425	0.162465	-0.547524	28.643
27	18	0.675	0.45	0.312842	-0.336065	-10.8387
27	19	0.675	0.475	-0.602652	-1.2425	16.9379
27	20	0.675	0.5	0.409353	-0.124324	10.7082
27	21	0.675	0.525	-1.00703	-1.36585	-13.4177
27	22	0.675	0.55	0.0389523	-0.501848	33.8958
27	23	0.675	0.575	-0.653418	-0.69188	-27.9549
27	24	0.675	0.6	-0.801477	-1.26943	30.7712
27	25	0.675	0.625	-0.265088	-0.172824	-9.00706
27	26	0.675	0.65	-1.74008	-1.6534	-3.08289
27	27	0.675	0.675	-0.401241	-0.308225	22.1963
27	28	0.675	0.7	-1.93584	-1.1714	-34.3373
27	29	0.675	0.725	-0.783167	-0.844823	36.7371
27	30	0.675	0.75	-1.32698	-0.409727	-34.073
27	31	0.675	0.775	-1.5332	-1.44228	19.2423
27	32	0.675	0.8	-0.858781	-0.153784	-7.33293
27	33	0.675	0.825	-2.4786	-1.50251	-17.0705
27	34	0.675	0.85	-0.658575	-0.420675	19.9926
27	35	0.675	0.875	-2.66949	-0.979636	-40.8711
27	36	0.675	0.9	0.064388	-0.918622	27.6452
27	37	0.675	0.925	-1.40624	-0.351386	-35.1156
27	38	0.675	0.95	0.911411	-1.26488	9.88774
27	39	0.675	0.975	0.520511	-0.459471	-13.3874
27	40	0.675	1	1	0	0
28	0	0.7	0	0	0	8.43366
28	1	0.7	0.025	0.0912012	-0.0396352	8.43366
28	2	0.7	0.05	0.176983	-0.00488699	9.2485
28	3	0.7	0.075	0.185379	-0.0946655	7.02296
28	4	0.7	0.1	0.236832	-0.0634105	10.7241
28	5	0.7	0.125	0.291401	-0.0782971	6.32844
28	6	0.7	0.15	0.193496	-0.193485	9.94248
28	7	0.7	0.175	0.412553	-0.0301589	9.08464
28	8	0.7	0.2	0.167333	-0.309362	5.33694
28	9	0.7	0.225	0.423151	-0.0797143	14.4943
28	10	0.7	0.25	0.308441	-0.266031	0.580794
28	11	0.7	0.275	0.244683	-0.329405	16.4195
28	12	0.7	0.3	0.551051	-0.0651618	3.51204
28	13	0.7	0.325	0.00325896	-0.677813	7.55768
28	14	0.7	0.35	0.611721	-0.00094303	16.6909
28	15	0.7	0.375	0.0171886	-0.716827	-8.50661
28	16	0.7	0.4	0.307602	-0.375363	28.7049
28	17	0.7	0.425	0.337101	-0.259285	-12.0044
28	18	0.7	0.45	-0.294562	-1.09973	19.5016
28	19	0.7	0.475	0.465587	0.0513206	8.85464
28	20	0.7	0.5	-0.728073	-1.38815	-12.4343
28	21	0.7	0.525	0.117017	-0.287267	36.2972
28	22	0.7	0.55	-0.563143	-0.742005	-32.9812
28	23	0.7	0.575	-0.564535	-1.15276	38.7279
28	24	0.7	0.6	-0.211005	-0.0333902	-15.6446
28	25	0.7	0.625	-1.31168	-1.78519	2.48729
28	26	0.7	0.65	-0.385341	-0.0851264	22.2754
28	27	0.7	0.675	-1.62978	-1.4013	-39.0959
28	28	0.7	0.7	-0.877432	-0.705612	46.3845
28	29	0.7	0.725	-1.29382	-0.486886	-45.9102
28	30	0.7	0.75	-1.35693	-1.52882	32.5326
28	31	0.7	0.775	-0.907861	0.00804909	-15.6073
28	32	0.7	0.8	-1.90344	-1.87687	-13.4488
28	33	0.7	0.825	-0.982055	-0.185938	25.031
28	34	0.7	0.85	-2.20963	-1.47387	-55.0541
28	35	0.7	0.875	-0.807088	-0.766042	49.4303
28	36	0.7	0.9	-1.5933	-0.640367	-64.017
28	37	0.7	0.925	0.136546	-1.53941	39.4671
28	38	0.7	0.95	-0.0481379	-0.0378406	-34.8464
28	39	0.7	0.975	0.893478	-1.5409	1.06593
28	40	0.7	1	1	0	0
29	0	0.725	0	0	0	8.75672
29	1	0.725	0.025	0.0977434	0.00815454	8.75672
29	2	0.725	0.05	0.153683	-0.0721133	7.66651
29	3	0.725	0.075	0.200883	-0.0264648	10.3368
29	4	0.725	0.1	0.251215	-0.0582371	6.57488
29	5	0.725	0.125	0.209127	-0.142925	10.0616
29	6	0.725	0.15	0.348942	0.00283608	8.81552
29	7	0.725	0.175	0.203008	-0.250216	5.89704
29	8	0.725	0.2	0.380148	-0.0228823	13.9134
29	9	0.725	0.225	0.301586	-0.209933	1.18843
29	10	0.725	0.25	0.279846	-0.229608	16.1782
29	11	0.725	0.275	0.496305	-0.0160748	3.1085
29	12	0.725	0.3	0.124714	-0.53795	8.92739
29	13	0.725	0.325	0.571509	0.0940895	14.682
29	14	0.725	0.35	0.143037	-0.621708	-6.07762
29	15	0.725	0.375	0.343803	-0.175814	27.378
29	16	0.725	0.4	0.407964	-0.234222	-12.5749
29	17	0.725	0.425	-0.108313	-0.84812	22.9503
29	18	0.725	0.45	0.540359	0.176596	4.02994
29	19	0.725	0.475	-0.414747	-1.29548	-6.24535
29	20	0.725	0.5	0.172999	-0.01212	32.9576
29	21	0.725	0.525	-0.302983	-0.820574	-32.6831
29	22	0.725	0.55	-0.528174	-0.836426	43.756
29	23	0.725	0.575	-0.0523256	-0.00497705	-23.485
29	24	0.725	0.6	-1.06883	-1.66111	13.9507
29	25	0.725	0.625	-0.260577	0.15547	14.0429
29	26	0.725	0.65	-1.20491	-1.51516	-32.8858
29	27	0.725	0.675	-0.977398	-0.39597	46.2826
29	28	0.725	0.7	-1.01678	-0.635598	-50.5702
29	29	0.725	0.725	-1.53592	-1.27327	43.3758
29	30	0.725	0.75	-0.786744	0.0295564	-27.8558
29	31	0.725	0.775	-1.63914	-1.84844	1.58805
29	32	0.725	0.8	-1.02217	0.0394712	14.7755
29	33	0.725	0.825	-1.61233	-1.68166	-47.4965
29	34	0.725	0.85	-1.44681	-0.461296	50.0888
29	35	0.725	0.875	-1.28179	-1.05658	-71.5105
29	36	0.725	0.9	-1.03603	-1.26635	57.5612
29	37	0.725	0.925	-0.294165	-0.253949	-57.6354
29	38	0.725	0.95	0.186169	-1.89071	24.8264
29	39	0.725	0.975	0.750757	-0.292358	-18.9445
29	40	0.725	1	1	0	0
30	0	0.75	0	0	0	8.47549
30	1	0.75	0.025	0.0930549	-0.0414919	8.47549
30	2	0.75	0.05	0.148484	0.000770124	9.60243
30	3	0.75	0.075	0.213185	-0.055663	7.12176
30	4	0.75	0.1	0.193986	-0.0858601	10.1969
30	5	0.75	0.125	0.297831	0.00880393	8.19066
30	6	0.75	0.15	0.216448	-0.193954	7.15543
30	7	0.75	0.175	0.326737	0.0216404	12.5847
30	8	0.75	0.2	0.302854	-0.17731	2.49412
30	9	0.75	0.225	0.264669	-0.129673	15.5497
30	10	0.75	0.25	0.45915	-0.00197276	2.82499
30	11	0.75	0.275	0.174204	-0.391182	10.6
30	12	0.75	0.3	0.531932	0.142933	11.894
30	13	0.75	0.325	0.229623	-0.49901	-2.12589
30	14	0.75	0.35	0.342784	-0.0120582	23.7702
30	15	0.75	0.375	0.490835	-0.210071	-10.2857
30	16	0.75	0.4	-0.0481388	-0.550347	23.5943
30	17	0.75	0.425	0.650195	0.214598	0.321491
30	18	0.75	0.45	-0.24553	-1.0396	1.19914
30	19	0.75	0.475	0.305518	0.195982	25.5101
30	20	0.75	0.5	-0.0269244	-0.774854	-25.5761
30	21	0.75	0.525	-0.52186	-0.46624	40.8475
30	22	0.75	0.55	0.2179	-0.0338632	-24.8801
30	23	0.75	0.575	-1.11015	-1.29986	21.6817
30	24	0.75	0.6	0.0112282	0.277153	4.75648
30	25	0.75	0.625	-0.97265	-1.36565	-20.5845
30	26	0.75	0.65	-0.86901	-0.106393	36.9248
30	27	0.75	0.675	-0.635459	-0.650998	-43.6372
30	28	0.75	0.7	-1.81632	-0.892432	42.1136
30	29	0.75	0.725	-0.503344	-0.0459355	-31.4181
30	30	0.75	0.75	-1.84494	-1.47051	12.5689
30	31	0.75	0.775	-0.780044	0.101801	1.49779
30	32	0.75	0.8	-1.29871	-1.4731	-29.9669
30	33	0.75	0.825	-1.62204	-0.229203	34.6286
30	34	0.75	0.85	-0.857097	-1.11039	-56.9036
30	35	0.75	0.875	-2.00366	-0.831362	50.7635
30	36	0.75	0.9	-0.221157	-0.639422	-58.9682
30	37	0.75	0.925	-1.02591	-1.58376	37.9629
30	38	0.75	0.95	0.575992	-0.179108	-33.2574
30	39	0.75	0.975	0.540457	-1.58637	0.131057
30	40	0.75	1	1	0	0
31	0	0.775	0	0	0	8.89615
31	1	0.775	0.025	0.0851975	0.00636068	8.89615
31	2	0.775	0.05	0.159946	-0.0475162	7.99951
31	3	0.775	0.075	0.162172	-0.0383254	9.86059
31	4	0.775	0.1	0.254386	-0.00484963	7.9701
31	5	0.775	0.125	0.201599	-0.131829	8.3295
31	6	0.775	0.15	0.284569	0.0365493	10.9975
31	7	0.775	0.175	0.28588	-0.144729	4.44048
31	8	0.775	0.2	0.237864	-0.0508908	14.1231
31	9	0.775	0.225	0.422419	-0.00534641	3.47674
31	10	0.775	0.25	0.17394	-0.254303	11.4133
31	11	0.775	0.275	0.499785	0.150234	9.75483
31	12	0.775	0.3	0.241023	-0.359622	1.66161
31	13	0.775	0.325	0.358319	0.0824919	19.4752
31	14	0.775	0.35	0.506985	-0.145298	-6.05018
31	15	0.775	0.375	-0.00331306	-0.309474	20.9614
31	16	0.775	0.4	0.728284	0.227533	0.326547
31	17	0.775	0.425	-0.213727	-0.723892	5.0428
31	18	0.775	0.45	0.50538	0.289273	19.4488
31	19	0.775	0.475	0.0801828	-0.567165	-16.9392
31	20	0.775	0.5	-0.344205	-0.211385	32.9248
31	21	0.775	0.525	0.452209	0.0339339	-18.8397
31	22	0.775	0.55	-1.19791	-0.926747	19.8561
31	23	0.775	0.575	0.345412	0.299486	2.95463
31	24	0.775	0.6	-1.06612	-1.02102	-12.9747
31	25	0.775	0.625	-0.477	-0.000560679	27.4699
31	26	0.775	0.65	-0.409422	-0.434726	-31.7322
31	27	0.775	0.675	-1.8165	-0.675026	30.6538
31	28	0.775	0.7	-0.205823	-0.0379727	-22.3541
31	29	0.775	0.725	-2.24729	-1.06738	8.70147
31	30	0.775	0.75	-0.401926	-0.0267798	-0.810348
31	31	0.775	0.775	-1.44199	-1.01039	-19.2251
31	32	0.775	0.8	-1.30953	-0.292597	18.3338
31	33	0.775	0.825	-0.638317	-0.800005	-35.0776
31	34	0.775	0.85	-2.37523	-0.658058	26.8869
31	35	0.775	0.875	-0.126453	-0.73217	-38.1957
31	36	0.775	0.9	-2.11997	-1.04261	24.8543
31	37	0.775	0.925	0.544378	-0.571651	-31.3723
31	38	0.775	0.95	-0.440087	-1.36781	7.80423
31	39	0.775	0.975	0.919211	-0.635109	-14.2532
31	40	0.775	1	1	0	0
32	0	0.8	0	0	0	8.70476
32	1	0.8	0.025	0.0865619	-0.0250169	8.70476
32	2	0.8	0.05	0.123311	-0.0139835	9.30434
32	3	0.8	0.075	0.203559	-0.0173339	8.29577
32	4	0.8	0.1	0.172868	-0.0768534	8.89208
32	5	0.8	0.125	0.249574	0.0272334	9.88377
32	6	0.8	0.15	0.247407	-0.105433	6.29074
32	7	0.8	0.175	0.219416	-0.00604315	12.435
32	8	0.8	0.2	0.367586	-0.00859908	4.83536
32	9	0.8	0.225	0.165581	-0.147251	11.2685
32	10	0.8	0.25	0.452576	0.139131	8.80097
32	11	0.8	0.275	0.212744	-0.237583	4.21015
32	12	0.8	0.3	0.375596	0.128854	16.2612
32	13	0.8	0.325	0.442109	-0.0651369	-2.24756
32	14	0.8	0.35	0.0896825	-0.156309	17.747
32	15	0.8	0.375	0.697391	0.271439	2.35368
32	16	0.8	0.4	-0.165902	-0.484586	5.20243
32	17	0.8	0.425	0.642665	0.35174	17.6167
32	18	0.8	0.45	0.0371428	-0.331016	-12.401
32	19	0.8	0.475	-0.00287584	-0.0844454	27.364
32	20	0.8	0.5	0.504023	0.235415	-12.2465
32	21	0.8	0.525	-1.00742	-0.737942	13.305
32	22	0.8	0.55	0.557897	0.406094	8.62315
32	23	0.8	0.575	-1.23261	-0.746662	-15.7613
32	24	0.8	0.6	0.00965794	-0.0107578	27.4716
32	25	0.8	0.625	-0.464608	-0.0926536	-26.5937
32	26	0.8	0.65	-1.3483	-0.744057	21.3429
32	27	0.8	0.675	-0.0455235	0.178448	-9.62706
32	28	0.8	0.7	-2.3512	-0.983466	-6.28084
32	29	0.8	0.725	-0.139947	-0.120676	11.1737
32	30	0.8	0.75	-1.82053	-0.628865	-25.5465
32	31	0.8	0.775	-0.760273	-0.622755	16.5476
32	32	0.8	0.8	-0.716735	-0.352531	-23.3886
32	33	0.8	0.825	-2.05994	-0.948051	5.37582
32	34	0.8	0.85	-0.197333	-0.52549	-12.2621
32	35	0.8	0.875	-2.58002	-0.911475	-5.5902
32	36	0.8	0.9	0.369921	-0.834132	-8.12108
32	37	0.8	0.925	-1.42349	-0.893722	-7.43328
32	38	0.8	0.95	0.888835	-0.882058	-9.13007
32	39	0.8	0.975	0.457251	-1.01301	-9.2082
32	40	0.8	1	1	0	0
33	0	0.825	0	0	0	8.98554
33	1	0.825	0.025	0.0721944	-0.00622102	8.98554
33	2	0.825	0.05	0.140356	-0.0175484	8.75958
33	3	0.825	0.075	0.141812	-0.0420182	8.98827
33	4	0.825	0.1	0.208573	0.0113311	9.44011
33	5	0.825	0.125	0.202392	-0.068685	7.54678
33	6	0.825	0.15	0.203457	0.00993459	11.1326
33	7	0.825	0.175	0.298522	-0.00776194	6.2365
33	8	0.825	0.2	0.164396	-0.0750081	10.7735
33	9	0.825	0.225	0.38006	0.121544	8.57511
33	10	0.825	0.25	0.189037	-0.148768	5.80585
33	11	0.825	0.275	0.355909	0.156162	14.2829
33	12	0.825	0.3	0.352682	-0.0155561	0.241313
33	13	0.825	0.325	0.182529	-0.0452396	15.9965
33	14	0.825	0.35	0.573232	0.311781	3.43845
33	15	0.825	0.375	-0.0293086	-0.335865	5.45632
33	16	0.825	0.4	0.618061	0.452505	17.2394
33	17	0.825	0.425	0.0278675	-0.212092	-11.2468
33	18	0.825	0.45	0.269892	0.0631624	26.945
33	19	0.825	0.475	0.41015	0.418864	-11.2616
33	20	0.825	0.5	-0.525093	-0.660495	11.8115
33	21	0.825	0.525	0.564504	0.675429	12.6912
33	22	0.825	0.55	-1.072	-0.732176	-21.8629
33	23	0.825	0.575	0.272855	0.14154	35.4247
33	24	0.825	0.6	-0.621395	0.11858	-33.2648
33	25	0.825	0.625	-0.660272	-0.876204	25.4161
33	26	0.825	0.65	-0.045878	0.554914	-6.46794
33	27	0.825	0.675	-1.87912	-1.26583	-16.5626
33	28	0.825	0.7	-0.0920517	0.0600521	26.1592
33	29	0.825	0.725	-1.97162	-0.62249	-43.7786
33	30	0.825	0.75	-0.400472	-0.846922	31.8597
33	31	0.825	0.775	-0.957917	-0.00266147	-30.7049
33	32	0.825	0.8	-1.36297	-1.49829	2.87274
33	33	0.825	0.825	-0.364643	-0.178241	0.911653
33	34	0.825	0.85	-2.29153	-1.31637	-30.7345
33	35	0.825	0.875	-0.0409071	-0.79379	19.4399
33	36	0.825	0.9	-1.8889	-0.792261	-37.898
33	37	0.825	0.925	0.588341	-1.32014	13.2689
33	38	0.825	0.95	-0.262913	-0.545196	-21.5906
33	39	0.825	0.975	0.917481	-1.29938	-5.65755
33	40	0.825	1	1	0	0
34	0	0.85	0	0	0	9.02159
34	1	0.85	0.025	0.0708998	-0.00876087	9.02159
34	2	0.85	0.05	0.106167	-0.0252285	9.02662
34	3	0.85	0.075	0.157771	0.000618168	9.36159
34	4	0.85	0.1	0.162337	-0.0441556	8.27545
34	5	0.85	0.125	0.178208	0.0105668	10.3881
34	6	0.85	0.15	0.23191	-0.00722622	7.30628
34	7	0.85	0.175	0.160412	-0.0311246	10.4042
34	8	0.85	0.2	0.296764	0.0971059	8.53429
34	9	0.85	0.225	0.177059	-0.0856722	7.11488
34	10	0.85	0.25	0.295633	0.165903	12.7448
34	11	0.85	0.275	0.286219	-0.00201294	2.25075
34	12	0.85	0.3	0.209365	0.0556552	15.1826
34	13	0.85	0.325	0.438081	0.290282	3.19634
34	14	0.85	0.35	0.107424	-0.197534	7.82301
34	15	0.85	0.375	0.481234	0.531259	14.6871
34	16	0.85	0.4	0.133806	-0.187878	-8.39105
34	17	0.85	0.425	0.309235	0.302664	26.974
34	18	0.85	0.45	0.348738	0.414583	-13.7658
34	19	0.85	0.475	-0.0967357	-0.443885	17.6606
34	20	0.85	0.5	0.458541	0.940614	8.15849
34	21	0.85	0.525	-0.541069	-0.81583	-18.8592
34	22	0.85	0.55	0.233568	0.568533	39.1666
34	23	0.85	0.575	-0.507332	0.00728009	-42.6267
34	24	0.85	0.6	-0.254148	-0.649645	39.6863
34	25	0.85	0.625	-0.0967991	0.879226	-17.838
34	26	0.85	0.65	-1.07414	-1.55562	-8.63907
34	27	0.85	0.675	-0.148111	0.543982	28.9686
34	28	0.85	0.7	-1.5701	-0.978223	-56.2784
34	29	0.85	0.725	-0.412253	-0.605219	50.7251
34	30	0.85	0.75	-1.07167	0.0684765	-51.1832
34	31	0.85	0.775	-0.830687	-1.80367	21.2477
34	32	0.85	0.8	-0.502561	0.204081	-6.42953
34	33	0.85	0.825	-1.56374	-1.90381	-33.9844
34	34	0.85	0.85	-0.443633	-0.486714	32.9648
34	35	0.85	0.875	-1.70796	-1.16852	-61.6323
34	36	0.85	0.9	-0.0818389	-1.37823	39.8142
34	37	0.85	0.925	-0.710243	-0.474846	-47.1644
34	38	0.85	0.95	0.562248	-1.74966	13.5155
34	39	0.85	0.975	0.596566	-0.592271	-16.7602
34	40	0.85	1	1	0	0
35	0	0.875	0	0	0	9.16668
35	1	0.875	0.025	0.0588116	-0.0133213	9.16668
35	2	0.875	0.05	0.103513	-0.0042071	9.34247
35	3	0.875	0.075	0.125802	-0.0314971	8.77792
35	4	0.875	0.1	0.142225	0.00574913	9.99318
35	5	0.875	0.125	0.177732	-0.0102402	8.08884
35	6	0.875	0.15	0.143338	-0.00760192	10.2101
35	7	0.875	0.175	0.222564	0.0665066	8.55599
35	8	0.875	0.2	0.160857	-0.0389277	8.31683
35	9	0.875	0.225	0.223198	0.148673	11.2712
35	10	0.875	0.25	0.239976	0.00236528	4.52844
35	11	0.875	0.275	0.173924	0.126966	13.9729
35	12	0.875	0.3	0.342279	0.214155	3.35511
35	13	0.875	0.325	0.148922	-0.0404388	10.6043
35	14	0.875	0.35	0.348928	0.499138	10.392
35	15	0.875	0.375	0.236004	-0.128416	-1.97623
35	16	0.875	0.4	0.202293	0.507185	22.7055
35	17	0.875	0.425	0.396766	0.262131	-12.6137
35	18	0.875	0.45	0.0192381	-0.0324386	23.0648
35	19	0.875	0.475	0.408372	0.949954	-1.25804
35	20	0.875	0.5	-0.0629674	-0.649082	-4.86756
35	21	0.875	0.525	0.0953837	1.02709	30.2426
35	22	0.875	0.55	-0.0410651	-0.2528	-39.4854
35	23	0.875	0.575	-0.301371	0.0332588	47.6746
35	24	0.875	0.6	0.0430974	0.873288	-33.4285
35	25	0.875	0.625	-0.54487	-1.32879	13.7614
35	26	0.875	0.65	-0.151406	1.10019	14.03
35	27	0.875	0.675	-0.776331	-1.32156	-47.6159
35	28	0.875	0.7	-0.610423	0.113127	55.1136
35	29	0.875	0.725	-0.757436	-0.151946	-66.7341
35	30	0.875	0.75	-0.804841	-1.45148	45.2114
35	31	0.875	0.775	-0.484275	0.477521	-28.2759
35	32	0.875	0.8	-0.922369	-2.17794	-14.2579
35	33	0.875	0.825	-0.625496	0.021297	25.2701
35	34	0.875	0.85	-1.10441	-1.60144	-63.8707
35	35	0.875	0.875	-0.748236	-1.02662	51.978
35	36	0.875	0.9	-0.711788	-0.759535	-66.2087
35	37	0.875	0.925	-0.206848	-1.89864	36.1181
35	38	0.875	0.95	0.203542	-0.29904	-33.2432
35	39	0.875	0.975	0.624214	-1.65161	-1.51548
35	40	0.875	1	1	0	0
36	0	0.9	0	0	0	9.34344
36	1	0.9	0.025	0.0513537	-0.00432535	9.34344
36	2	0.9	0.05	0.0864056	-0.0231135	9.19623
36	3	0.9	0.075	0.102935	-0.00105808	9.74742
36	4	0.9	0.1	0.133621	-0.0151418	8.74361
36	5	0.9	0.125	0.115233	0.000937961	10.0559
36	6	0.9	0.15	0.164874	0.0356409	8.75501
36	7	0.9	0.175	0.132087	-0.00792793	9.20987
36	8	0.9	0.2	0.162998	0.109136	10.1297
36	9	0.9	0.225	0.191698	0.0134506	6.82921
36	10	0.9	0.25	0.123246	0.143858	12.1969
36	11	0.9	0.275	0.271437	0.137819	4.89411
36	12	0.9	0.3	0.11144	0.083347	11.6469
36	13	0.9	0.325	0.27161	0.3703	7.38929
36	14	0.9	0.35	0.223589	-0.00160884	4.73033
36	15	0.9	0.375	0.119106	0.533983	15.5912
36	16	0.9	0.4	0.421654	0.155432	-5.60564
36	17	0.9	0.425	-0.053847	0.335969	21.3317
36	18	0.9	0.45	0.457872	0.695868	-5.69693
36	19	0.9	0.475	0.0367661	-0.186668	8.81137
36	20	0.9	0.5	0.0935993	1.14537	14.2048
36	21	0.9	0.525	0.337838	-0.261406	-21.5345
36	22	0.9	0.55	-0.469205	0.753912	38.4656
36	23	0.9	0.575	0.427849	0.567538	-35.5194
36	24	0.9	0.6	-0.5781	-0.490034	30.2556
36	25	0.9	0.625	0.0656853	1.30805	-7.67741
36	26	0.9	0.65	-0.218662	-1.15942	-20.5686
36	27	0.9	0.675	-0.686964	0.938892	38.145
36	28	0.9	0.7	-0.0789418	-0.400556	-60.5789
36	29	0.9	0.725	-1.12737	-0.503043	53.4204
36	30	0.9	0.75	-0.15289	0.494	-46.6999
36	31	0.9	0.775	-0.804146	-1.77574	13.1732
36	32	0.9	0.8	-0.507175	0.514505	2.34354
36	33	0.9	0.825	-0.479747	-1.70985	-44.452
36	34	0.9	0.85	-1.0767	-0.378536	42.999
36	35	0.9	0.875	-0.344606	-1.00351	-66.2982
36	36	0.9	0.9	-1.00596	-1.51036	45.6767
36	37	0.9	0.925	0.0658618	-0.475733	-47.2635
36	38	0.9	0.95	-0.110822	-1.8444	14.7689
36	39	0.9	0.975	0.632818	-0.547452	-15.8135
36	40	0.9	1	1	0	0
37	0	0.925	0	0	0	9.48261
37	1	0.925	0.025	0.0433023	-0.011899	9.48261
37	2	0.925	0.05	0.0666205	-0.00748672	9.63422
37	3	0.925	0.075	0.0935358	-0.0178423	9.29647
37	4	0.925	0.1	0.0849795	-0.00123026	9.90444
37	5	0.925	0.125	0.119172	0.0110131	9.15555
37	6	0.925	0.15	0.0971063	0.00538277	9.67824
37	7	0.925	0.175	0.11882	0.0641503	9.61847
37	8	0.925	0.2	0.13627	0.0242677	8.5493
37	9	0.925	0.225	0.0874052	0.114386	10.6495
37	10	0.925	0.25	0.197808	0.0909912	7.09076
37	11	0.925	0.275	0.0642971	0.127864	10.9879
37	12	0.925	0.3	0.215988	0.232033	7.09225
37	13	0.925	0.325	0.134915	0.107763	8.46413
37	14	0.925	0.35	0.108123	0.403804	10.2613
37	15	0.925	0.375	0.320685	0.158332	2.50579
37	16	0.925	0.4	-0.0814956	0.448909	14.8453
37	17	0.925	0.425	0.44954	0.432613	-1.91346
37	18	0.925	0.45	-0.0745658	0.237135	12.9044
37	19	0.925	0.475	0.230639	0.869836	3.88824
37	20	0.925	0.5	0.301517	0.0384614	-2.65254
37	21	0.925	0.525	-0.381062	1.0053	19.8346
37	22	0.925	0.55	0.647028	0.356717	-20.5821
37	23	0.925	0.575	-0.75068	0.385689	26.8644
37	24	0.925	0.6	0.448574	1.0298	-16.7667
37	25	0.925	0.625	-0.262382	-0.424977	3.21819
37	26	0.925	0.65	-0.401755	1.28962	12.1405
37	27	0.925	0.675	0.378003	-0.31559	-34.5922
37	28	0.925	0.7	-1.28907	0.497341	37.5402
37	29	0.925	0.725	0.392743	0.349381	-44.6314
37	30	0.925	0.75	-1.12456	-0.799189	25.7963
37	31	0.925	0.775	-0.0772699	0.676425	-18.3293
37	32	0.925	0.8	-0.280768	-1.29366	-16.9714
37	33	0.925	0.825	-0.941879	0.252825	19.0859
37	34	0.925	0.85	0.123266	-0.939994	-48.0306
37	35	0.925	0.875	-1.41497	-0.804962	35.4428
37	36	0.925	0.9	0.214033	-0.61739	-46.0453
37	37	0.925	0.925	-0.86028	-1.56513	21.1733
37	38	0.925	0.95	0.393508	-0.44488	-22.8284
37	39	0.925	0.975	0.321033	-1.31322	-3.60242
37	40	0.925	1	1	0	0
38	0	0.95	0	0	0	9.67487
38	1	0.95	0.025	0.0333596	-0.00713976	9.67487
38	2	0.95	0.05	0.0562033	-0.0157245	9.67106
38	3	0.95	0.075	0.0581285	-0.00785348	9.8403
38	4	0.95	0.1	0.079207	-0.00402361	9.60823
38	5	0.95	0.125	0.0652405	0.00400903	9.85768
38	6	0.95	0.15	0.0826349	0.0278275	9.66625
38	7	0.95	0.175	0.084453	0.0238048	9.49243
38	8	0.95	0.2	0.0646341	0.0676578	9.91485
38	9	0.95	0.225	0.12145	0.0624543	8.82626
38	10	0.95	0.25	0.0410471	0.103749	10.0357
38	11	0.95	0.275	0.146949	0.133828	8.32287
38	12	0.95	0.3	0.0600012	0.131727	9.36133
38	13	0.95	0.325	0.105792	0.239233	8.61695
38	14	0.95	0.35	0.16411	0.173334	7.2739
38	15	0.95	0.375	-0.0218456	0.340116	9.81868
38	16	0.95	0.4	0.299539	0.286161	4.37582
38	17	0.95	0.425	-0.107073	0.357142	10.1486
38	18	0.95	0.45	0.277238	0.512701	3.51137
38	19	0.95	0.475	0.0761324	0.29956	5.84267
38	20	0.95	0.5	-0.0893726	0.75107	7.42825
38	21	0.95	0.525	0.452982	0.364186	-3.38676
38	22	0.95	0.55	-0.573724	0.69255	12.6716
38	23	0.95	0.575	0.572829	0.654442	-8.91018
38	24	0.95	0.6	-0.462019	0.284334	8.1379
38	25	0.95	0.625	0.0760423	0.986656	-2.0449
38	26	0.95	0.65	0.252055	0.0943668	-9.80849
38	27	0.95	0.675	-0.892457	0.880116	12.16
38	28	0.95	0.7	0.642905	0.306623	-24.4047
38	29	0.95	0.725	-1.24325	0.128626	15.3985
38	30	0.95	0.75	0.398243	0.507457	-20.6818
38	31	0.95	0.775	-0.502539	-0.507534	-1.62043
38	32	0.95	0.8	-0.403413	0.455597	-2.67649
38	33	0.95	0.825	0.277401	-0.551625	-23.5298
38	34	0.95	0.85	-1.22804	-0.148885	12.5308
38	35	0.95	0.875	0.44464	-0.500865	-30.6486
38	36	0.95	0.9	-1.17395	-0.921284	12.0058
38	37	0.95	0.925	0.370625	-0.531624	-21.6753
38	38	0.95	0.95	-0.323752	-1.12548	0.402351
38	39	0.95	0.975	0.492856	-0.605046	-8.82156
38	40	0.95	1	1	0	0
39	0	0.975	0	0	0	9.87751
39	1	0.975	0.025	0.0275946	-0.00719736	9.87751
39	2	0.975	0.05	0.0380315	-0.0101106	9.94787
39	3	0.975	0.075	0.0480866	-0.00874907	9.98082
39	4	0.975	0.1	0.0440137	-0.00269972	10.0228
39	5	0.975	0.125	0.0533189	0.00560377	9.99817
39	6	0.975	0.15	0.0500479	0.0119215	9.96815
39	7	0.975	0.175	0.0479006	0.0264722	9.94318
39	8	0.975	0.2	0.064	0.0331576	9.78784
39	9	0.975	0.225	0.0366498	0.0512691	9.77445
39	10	0.975	0.25	0.0784974	0.064123	9.50908
39	11	0.975	0.275	0.0349876	0.0805249	9.43291
39	12	0.975	0.3	0.0746361	0.108067	9.12299
39	13	0.975	0.325	0.0637421	0.11773	8.85865
39	14	0.975	0.35	0.033545	0.164715	8.58979
39	15	0.975	0.375	0.124134	0.169983	7.97131
39	16	0.975	0.4	-0.0262526	0.221521	7.85901
39	17	0.975	0.425	0.163302	0.24869	6.78902
39	18	0.975	0.45	-0.0115252	0.265314	6.66795
39	19	0.975	0.475	0.0747091	0.358541	5.53494
39	20	0.975	0.5	0.145553	0.313349	4.47813
39	21	0.975	0.525	-0.173856	0.440892	4.39163
39	22	0.975	0.55	0.311616	0.385534	1.59007
39	23	0.975	0.575	-0.306693	0.403279	2.75299
39	24	0.975	0.6	0.23243	0.485628	-0.508763
39	25	0.975	0.625	-0.0249817	0.330055	-0.948023
39	26	0.975	0.65	-0.240401	0.554742	-1.13858
39	27	0.975	0.675	0.364771	0.327702	-6.00121
39	28	0.975	0.7	-0.716613	0.387118	-1.63307
39	29	0.975	0.725	0.428278	0.298483	-8.91629
39	30	0.975	0.75	-0.536621	0.0759519	-4.44066
39	31	0.975	0.775	0.0747545	0.252754	-8.29393
39	32	0.975	0.8	0.0572701	-0.0768497	-9.46794
39	33	0.975	0.825	-0.553314	0.0855673	-6.10081
39	34	0.975	0.85	0.373909	-0.180322	-12.8613
39	35	0.975	0.875	-0.827837	-0.299162	-4.95286
39	36	0.975	0.9	0.351949	-0.363395	-11.9111
39	37	0.975	0.925	-0.481197	-0.613631	-5.2371
39	38	0.975	0.95	0.252841	-0.46971	-7.1868
39	39	0.975	0.975	0.246571	-0.573616	-4.72554
39	40	0.975	1	1	0	0
40	0	1	0	0	0	9.87751
40	1	1	0.025	0	0	9.87751
40	2	1	0.05	0	0	9.94787
40	3	1	0.075	0	0	9.98082
40	4	1	0.1	0	0	10.0228
40	5	1	0.125	0	0	9.99817
40	6	1	0.15	0	0	9.96815
40	7	1	0.175	0	0	9.94318
40	8	1	0.2	0	0	9.78784
40	9	1	0.225	0	0	9.77445
40	10	1	0.25	0	0	9.50908
40	11	1	0.275	0	0	9.43291
40	12	1	0.3	0	0	9.12299
40	13	1	0.325	0	0	8.85865
40	14	1	0.35	0	0	8.58979
40	15	1	0.375	0	0	7.97131
40	16	1	0.4	0	0	7.85901
40	17	1	0.425	0	0	6.78902
40	18	1	0.45	0	0	6.66795
40	19	1	0.475	0	0	5.53494
40	20	1	0.5	0	0	4.47813
40	21	1	0.525	0	0	4.39163
40	22	1	0.55	0	0	1.59007
40	23	1	0.575	0	0	2.75299
40	24	1	0.6	0	0	-0.508763
40	25	1	0.625	0	0	-0.948023
40	26	1	0.65	0	0	-1.13858
40	27	1	0.675	0	0	-6.00121
40	28	1	0.7	0	0	-1.63307
40	29	1	0.725	0	0	-8.91629
40	30	1	0.75	0	0	-4.44066
40	31	1	0.775	0	0	-8.29393
40	32	1	0.8	0	0	-9.46794
40	33	1	0.825	0	0	-6.10081
40	34	1	0.85	0	0	-12.8613
40	35	1	0.875	0	0	-4.95286
40	36	1	0.9	0	0	-11.9111
40	37	1	0.925	0	0	-5.2371
40	38	1	0.95	0	0	-7.1868
40	39	1	0.975	0	0	-4.72554
40	40	1	1	1	0	0
