# i		j		x		y		u		v		p
# nx		ny		
# 41		41
# =================================
0	0	0	0	0	0	84.2929
0	1	0	0.025	0	0	84.2929
0	2	0	0.05	0	0	83.4441
0	3	0	0.075	0	0	85.3559
0	4	0	0.1	0	0	84.3404
0	5	0	0.125	0	0	83.6633
0	6	0	0.15	0	0	87.1122
0	7	0	0.175	0	0	80.7395
0	8	0	0.2	0	0	87.7892
0	9	0	0.225	0	0	80.4083
0	10	0	0.25	0	0	83.9174
0	11	0	0.275	0	0	83.7678
0	12	0	0.3	0	0	77.965
0	13	0	0.325	0	0	86.8257
0	14	0	0.35	0	0	74.3821
0	15	0	0.375	0	0	84.2887
0	16	0	0.4	0	0	75.63
0	17	0	0.425	0	0	76.822
0	18	0	0.45	0	0	80.4672
0	19	0	0.475	0	0	69.7235
0	20	0	0.5	0	0	82.7163
0	21	0	0.525	0	0	66.4324
0	22	0	0.55	0	0	77.6236
0	23	0	0.575	0	0	68.3047
0	24	0	0.6	0	0	68.8162
0	25	0	0.625	0	0	74.3817
0	26	0	0.65	0	0	61.8142
0	27	0	0.675	0	0	78.0371
0	28	0	0.7	0	0	57.4347
0	29	0	0.725	0	0	72.8399
0	30	0	0.75	0	0	56.3055
0	31	0	0.775	0	0	61.2647
0	32	0	0.8	0	0	61.101
0	33	0	0.825	0	0	51.2105
0	34	0	0.85	0	0	68.4553
0	35	0	0.875	0	0	44.338
0	36	0	0.9	0	0	65.977
0	37	0	0.925	0	0	38.8568
0	38	0	0.95	0	0	41.6263
0	39	0	0.975	0	0	33.1309
0	40	0	1	1	0	0
1	0	0.025	0	0	0	84.2929
1	1	0.025	0.025	0.00078184	-0.027332	84.2929
1	2	0.025	0.05	-0.10009	-0.104979	83.4441
1	3	0.025	0.075	-0.0253105	-0.155453	85.3559
1	4	0.025	0.1	-0.000214044	-0.0704292	84.3404
1	5	0.025	0.125	-0.329087	-0.232341	83.6633
1	6	0.025	0.15	0.292836	-0.0453526	87.1122
1	7	0.025	0.175	-0.619002	-0.127188	80.7395
1	8	0.025	0.2	0.399646	-0.120346	87.7892
1	9	0.025	0.225	-0.390381	0.0240448	80.4083
1	10	0.025	0.25	0.011523	-0.287535	83.9174
1	11	0.025	0.275	0.2243	0.0173315	83.7678
1	12	0.025	0.3	-0.691256	-0.288951	77.965
1	13	0.025	0.325	0.647197	-0.0617832	86.8257
1	14	0.025	0.35	-0.903216	-0.0436627	74.3821
1	15	0.025	0.375	0.573947	-0.235206	84.2887
1	16	0.025	0.4	-0.246692	0.0470624	75.63
1	17	0.025	0.425	-0.176705	-0.467821	76.822
1	18	0.025	0.45	0.523904	-0.0866635	80.4672
1	19	0.025	0.475	-1.05719	-0.355162	69.7235
1	20	0.025	0.5	0.883146	-0.149721	82.7163
1	21	0.025	0.525	-1.0706	-0.0159159	66.4324
1	22	0.025	0.55	0.714489	-0.359055	77.6236
1	23	0.025	0.575	-0.136561	-0.0435099	68.3047
1	24	0.025	0.6	-0.230795	-0.676195	68.8162
1	25	0.025	0.625	0.649183	-0.266752	74.3817
1	26	0.025	0.65	-1.33602	-0.519324	61.8142
1	27	0.025	0.675	0.985939	-0.148762	78.0371
1	28	0.025	0.7	-1.629	0.0626982	57.4347
1	29	0.025	0.725	1.05009	-0.0676978	72.8399
1	30	0.025	0.75	-0.632911	0.313975	56.3055
1	31	0.025	0.775	0.255112	-0.459364	61.2647
1	32	0.025	0.8	0.572326	0.0140358	61.101
1	33	0.025	0.825	-1.3353	-0.539289	51.2105
1	34	0.025	0.85	0.958329	0.197682	68.4553
1	35	0.025	0.875	-2.70004	0.41137	44.338
1	36	0.025	0.9	1.12381	1.18066	65.977
1	37	0.025	0.925	-2.46286	2.02898	38.8568
1	38	0.025	0.95	1.05065	1.7704	41.6263
1	39	0.025	0.975	-0.185386	2.54625	33.1309
1	40	0.025	1	1	0	0
2	0	0.05	0	0	0	83.6826
2	1	0.05	0.025	-0.0755991	-0.14215	83.6826
2	2	0.05	0.05	-0.073766	-0.160586	87.1953
2	3	0.05	0.075	-0.0782881	-0.0926139	83.0306
2	4	0.05	0.1	-0.373831	-0.513676	82.8806
2	5	0.05	0.125	0.187643	0.0128593	93.0397
2	6	0.05	0.15	-0.839199	-0.514025	69.8931
2	7	0.05	0.175	0.407343	-0.189864	103.025
2	8	0.05	0.2	-0.791357	-0.0702216	65.5781
2	9	0.05	0.225	0.230403	-0.703638	96.466
2	10	0.05	0.25	-0.0463701	0.201543	80.6986
2	11	0.05	0.275	-0.607652	-1.00841	72.1312
2	12	0.05	0.3	0.559536	-0.00623696	102.797
2	13	0.05	0.325	-1.32511	-0.557924	51.5278
2	14	0.05	0.35	0.760941	-0.541684	109.628
2	15	0.05	0.375	-0.780519	0.102466	56.4513
2	16	0.05	0.4	0.273287	-1.27157	88.7098
2	17	0.05	0.425	0.344038	0.0807104	83.3823
2	18	0.05	0.45	-1.05775	-1.36725	53.8404
2	19	0.05	0.475	0.830431	-0.305301	108.209
2	20	0.05	0.5	-1.7476	-0.580553	34.4565
2	21	0.05	0.525	1.04148	-0.900531	109.393
2	22	0.05	0.55	-0.716586	0.0769283	46.588
2	23	0.05	0.575	0.399229	-1.72223	80.0313
2	24	0.05	0.6	0.577985	-0.189518	79.1965
2	25	0.05	0.625	-1.3176	-1.77303	40.3653
2	26	0.05	0.65	0.842862	-0.481003	107.689
2	27	0.05	0.675	-2.46879	-0.827817	16.1475
2	28	0.05	0.7	1.10689	-0.656691	114.649
2	29	0.05	0.725	-1.68838	0.348617	21.1102
2	30	0.05	0.75	1.0651	-1.44126	87.7853
2	31	0.05	0.775	0.377588	0.43056	54.9881
2	32	0.05	0.8	-0.871783	-1.93249	36.9276
2	33	0.05	0.825	0.872314	0.115479	94.0282
2	34	0.05	0.85	-3.3885	-0.976398	-6.96557
2	35	0.05	0.875	0.440815	0.667347	118.249
2	36	0.05	0.9	-4.57322	1.49704	-25.663
2	37	0.05	0.925	1.16153	1.04901	102.586
2	38	0.05	0.95	-2.36181	3.87618	1.36431
2	39	0.05	0.975	1.36545	1.4224	38.865
2	40	0.05	1	1	0	0
3	0	0.075	0	0	0	86.1076
3	1	0.075	0.025	-0.0740944	-0.0503372	86.1076
3	2	0.075	0.05	-0.0511392	-0.145925	82.472
3	3	0.075	0.075	-0.335709	-0.549112	85.0937
3	4	0.075	0.1	0.0541332	0.0484036	92.5182
3	5	0.075	0.125	-0.711962	-0.875524	66.8046
3	6	0.075	0.15	0.11754	-0.103649	112.119
3	7	0.075	0.175	-0.783917	-0.45362	51.0362
3	8	0.075	0.2	0.0922627	-0.804615	115.028
3	9	0.075	0.225	-0.24976	0.194702	64.799
3	10	0.075	0.25	-0.277001	-1.59547	83.7014
3	11	0.075	0.275	0.241378	0.172813	102.548
3	12	0.075	0.3	-0.95584	-1.41052	40.1025
3	13	0.075	0.325	0.352573	-0.508375	130.738
3	14	0.075	0.35	-0.873766	-0.350615	28.9463
3	15	0.075	0.375	0.37141	-1.71074	117.524
3	16	0.075	0.4	0.0999908	0.190588	64.9353
3	17	0.075	0.425	-0.385246	-2.44067	61.3507
3	18	0.075	0.45	0.466717	-0.237102	115.64
3	19	0.075	0.475	-1.38667	-1.71307	10.802
3	20	0.075	0.5	0.549648	-1.07992	141.49
3	21	0.075	0.525	-0.988059	-0.3778	9.55741
3	22	0.075	0.55	0.709516	-2.44916	115.162
3	23	0.075	0.575	0.392333	-0.0439588	58.966
3	24	0.075	0.6	-0.402834	-3.10118	45.0399
3	25	0.075	0.625	0.543641	-0.584832	116.963
3	26	0.075	0.65	-1.94597	-2.23778	-13.4013
3	27	0.075	0.675	0.32188	-1.05688	150.72
3	28	0.075	0.7	-2.02058	-0.621042	-26.8889
3	29	0.075	0.725	0.876779	-2.13543	137.394
3	30	0.075	0.75	-0.110237	0.527671	18.6751
3	31	0.075	0.775	0.251299	-3.41562	59.4687
3	32	0.075	0.8	0.795609	0.192007	91.939
3	33	0.075	0.825	-2.24435	-2.73542	-32.7733
3	34	0.075	0.85	-0.28602	0.111303	148.811
3	35	0.075	0.875	-4.21567	-0.557549	-85.5692
3	36	0.075	0.9	-0.663064	0.27213	168.833
3	37	0.075	0.925	-3.65101	2.8213	-75.0805
3	38	0.075	0.95	0.92982	-0.828165	107.028
3	39	0.075	0.975	-0.277652	4.11568	7.53431
3	40	0.075	1	1	0	0
4	0	0.1	0	0	0	84.4023
4	1	0.1	0.025	-0.0143457	-0.112707	84.4023
4	2	0.1	0.05	-0.257799	-0.389492	85.7731
4	3	0.1	0.075	0.0429594	0.0106853	89.8643
4	4	0.1	0.1	-0.539958	-0.926632	70.815
4	5	0.1	0.125	-0.130068	-0.0228951	110.551
4	6	0.1	0.15	-0.513267	-0.79253	48.8544
4	7	0.1	0.175	-0.36587	-0.60769	124.083
4	8	0.1	0.2	-0.150435	-0.0899355	50.716
4	9	0.1	0.225	-0.370602	-1.60511	102.852
4	10	0.1	0.25	0.104629	0.252545	86.8849
4	11	0.1	0.275	-0.413045	-1.93836	51.3748
4	12	0.1	0.3	-0.154932	-0.22119	130.302
4	13	0.1	0.325	-0.398226	-1.05554	18.0775
4	14	0.1	0.35	-0.22696	-1.45579	139.808
4	15	0.1	0.375	0.134193	-0.0279696	38.6971
4	16	0.1	0.4	-0.0756825	-2.80604	89.8039
4	17	0.1	0.425	0.301796	-0.031788	98.2878
4	18	0.1	0.45	-0.490091	-2.64319	17.0866
4	19	0.1	0.475	-0.15903	-0.818953	149.142
4	20	0.1	0.5	-0.592664	-1.27557	-12.9143
4	21	0.1	0.525	0.0497408	-2.30196	149.773
4	22	0.1	0.55	0.32165	-0.153522	23.9333
4	23	0.1	0.575	0.233178	-3.75373	78.6543
4	24	0.1	0.6	0.507065	-0.352478	98.1698
4	25	0.1	0.625	-0.758418	-3.31683	-9.68245
4	26	0.1	0.65	-0.369877	-1.00035	158.349
4	27	0.1	0.675	-1.42339	-1.8392	-51.436
4	28	0.1	0.7	-0.332386	-2.02553	175.362
4	29	0.1	0.725	-0.445421	-0.085244	-27.155
4	30	0.1	0.75	0.413739	-3.92033	112.725
4	31	0.1	0.775	0.733525	0.480985	58.1827
4	32	0.1	0.8	-0.652567	-4.08981	-14.147
4	33	0.1	0.825	-0.407873	0.17134	145.079
4	34	0.1	0.85	-2.7468	-2.0612	-103.739
4	35	0.1	0.875	-2.07551	0.0168864	196.956
4	36	0.1	0.9	-3.40635	0.587179	-124.39
4	37	0.1	0.925	-1.62253	-0.985574	182.874
4	38	0.1	0.95	-1.43925	3.4114	-60.0509
4	39	0.1	0.975	0.468565	-1.2338	60.1434
4	40	0.1	1	1	0	0
5	0	0.125	0	0	0	85.4887
5	1	0.125	0.025	-0.0989627	-0.221996	85.4887
5	2	0.125	0.05	0.0661432	0.00585421	88.6112
5	3	0.125	0.075	-0.399429	-0.750838	75.1235
5	4	0.125	0.1	-0.180437	-0.043325	104.492
5	5	0.125	0.125	-0.2915	-0.813563	56.5569
5	6	0.125	0.15	-0.768335	-0.426603	119.153
5	7	0.125	0.175	0.0913812	-0.357994	51.2037
5	8	0.125	0.2	-0.90283	-1.19297	110.827
5	9	0.125	0.225	0.250518	0.080785	72.721
5	10	0.125	0.25	-0.344005	-1.77693	71.7916
5	11	0.125	0.275	-0.335621	-0.0192663	111.845
5	12	0.125	0.3	0.161626	-1.36798	32.3872
5	13	0.125	0.325	-1.02624	-0.859933	136.209
5	14	0.125	0.35	0.501777	-0.462555	29.9576
5	15	0.125	0.375	-0.619486	-2.2234	112.481
5	16	0.125	0.4	0.492221	0.0237631	71.7378
5	17	0.125	0.425	0.0865367	-2.73779	46.1059
5	18	0.125	0.45	-0.519253	-0.358871	128.341
5	19	0.125	0.475	0.195866	-1.81661	-2.32124
5	20	0.125	0.5	-1.09663	-1.50117	154.742
5	21	0.125	0.525	0.58078	-0.591423	3.6085
5	22	0.125	0.55	-0.25438	-3.19776	114.89
5	23	0.125	0.575	0.735608	-0.0361392	63.4164
5	24	0.125	0.6	0.218746	-3.56619	23.1889
5	25	0.125	0.625	-0.603773	-0.464369	135.244
5	26	0.125	0.65	-0.324866	-2.32854	-39.272
5	27	0.125	0.675	-1.65701	-1.29991	176.129
5	28	0.125	0.7	-0.196744	-0.857687	-46.0647
5	29	0.125	0.725	-0.885802	-2.95545	155.268
5	30	0.125	0.75	0.648829	0.60351	12.2949
5	31	0.125	0.775	0.0624338	-4.33057	40.5227
5	32	0.125	0.8	-0.204519	0.909129	109.2
5	33	0.125	0.825	-0.984397	-2.6545	-80.7029
5	34	0.125	0.85	-2.72855	0.613058	184.893
5	35	0.125	0.875	-2.3847	-0.248877	-125.949
5	36	0.125	0.9	-3.85888	-0.111506	207.084
5	37	0.125	0.925	-2.03475	1.94996	-102.681
5	38	0.125	0.95	-2.04715	-1.8982	132.628
5	39	0.125	0.975	-0.0215288	3.39259	-9.53007
5	40	0.125	1	1	0	0
6	0	0.15	0	0	0	86.6385
6	1	0.15	0.025	0.0353806	0.0663525	86.6385
6	2	0.15	0.05	-0.2128	-0.57023	78.4319
6	3	0.15	0.075	-0.113009	-0.0647528	99.6544
6	4	0.15	0.1	-0.184998	-0.633842	64.8328
6	5	0.15	0.125	-0.884067	-0.455076	108.599
6	6	0.15	0.15	0.201078	-0.365969	62.9598
6	7	0.15	0.175	-1.43469	-0.871821	102.016
6	8	0.15	0.2	0.446946	-0.182486	74.5096
6	9	0.15	0.225	-0.80118	-1.20536	80.1656
6	10	0.15	0.25	-0.0975562	-0.205548	94.9345
6	11	0.15	0.275	0.295323	-1.08272	55.8019
6	12	0.15	0.3	-1.40585	-0.566257	111.532
6	13	0.15	0.325	0.819779	-0.653406	47.7523
6	14	0.15	0.35	-1.5769	-1.30673	106.061
6	15	0.15	0.375	0.913215	-0.275355	62.5505
6	16	0.15	0.4	-0.181078	-1.95938	69.907
6	17	0.15	0.425	-0.263119	-0.218362	97.272
6	18	0.15	0.45	0.752258	-1.57836	30.621
6	19	0.15	0.475	-1.92162	-0.758113	125.032
6	20	0.15	0.5	1.00374	-0.857453	18.8737
6	21	0.15	0.525	-1.61673	-1.84994	117.733
6	22	0.15	0.55	1.19051	-0.122464	42.3914
6	23	0.15	0.575	0.136613	-2.73208	59.4094
6	24	0.15	0.6	-0.25622	0.0712232	95.9274
6	25	0.15	0.625	0.668301	-1.92035	-1.21015
6	26	0.15	0.65	-2.51532	-0.42685	139.34
6	27	0.15	0.675	0.41646	-0.89511	-22.8604
6	28	0.15	0.7	-2.78583	-1.32375	148.25
6	29	0.15	0.725	0.823441	0.320164	-6.72327
6	30	0.15	0.75	-0.995856	-2.8867	88.4544
6	31	0.15	0.775	0.258461	1.55541	60.0302
6	32	0.15	0.8	0.150873	-2.32352	-26.753
6	33	0.15	0.825	-2.84681	1.70239	139.176
6	34	0.15	0.85	-0.971879	0.112256	-88.7509
6	35	0.15	0.875	-5.37914	1.20104	177.715
6	36	0.15	0.9	-1.68866	1.50303	-94.8879
6	37	0.15	0.925	-4.70269	-0.146081	159.303
6	38	0.15	0.95	-0.794991	2.74098	-50.5277
6	39	0.15	0.975	-1.14861	-0.811074	53.8312
6	40	0.15	1	1	0	0
7	0	0.175	0	0	0	83.5544
7	1	0.175	0.025	-0.0260166	-0.38282	83.5544
7	2	0.175	0.05	-0.043153	0.0222293	94.8279
7	3	0.175	0.075	-0.0718395	-0.494911	70.3829
7	4	0.175	0.1	-0.754709	-0.556333	101.037
7	5	0.175	0.125	0.173944	-0.212273	74.4232
7	6	0.175	0.15	-1.61459	-0.926211	86.9279
7	7	0.175	0.175	0.419403	-0.274713	89.044
7	8	0.175	0.2	-1.34145	-0.81715	69.8512
7	9	0.175	0.225	0.220869	-0.638037	96.0609
7	10	0.175	0.25	-0.0155208	-0.561882	66.2997
7	11	0.175	0.275	-1.12475	-0.940117	89.3183
7	12	0.175	0.3	0.756052	-0.469558	74.4778
7	13	0.175	0.325	-2.1111	-0.968696	75.8298
7	14	0.175	0.35	1.06793	-0.621246	81.4625
7	15	0.175	0.375	-0.974411	-0.997415	64.6055
7	16	0.175	0.4	0.413577	-0.752242	84.6596
7	17	0.175	0.425	0.710815	-0.851185	57.0493
7	18	0.175	0.45	-1.81431	-0.817935	84.5031
7	19	0.175	0.475	1.09053	-0.6551	56.8567
7	20	0.175	0.5	-2.72089	-0.912061	79.637
7	21	0.175	0.525	1.45359	-0.512253	58.8705
7	22	0.175	0.55	-0.958614	-1.27323	63.1196
7	23	0.175	0.575	0.618007	-0.192935	71.3403
7	24	0.175	0.6	0.939916	-0.939401	35.9869
7	25	0.175	0.625	-2.40373	-0.171982	87.1257
7	26	0.175	0.65	0.784235	-0.312307	24.5564
7	27	0.175	0.675	-4.09427	-0.227932	92.9113
7	28	0.175	0.7	0.911788	0.147169	21.6821
7	29	0.175	0.725	-2.96754	-0.752619	80.0842
7	30	0.175	0.75	0.925848	1.20757	38.0438
7	31	0.175	0.775	-0.275752	-0.908758	20.9815
7	32	0.175	0.8	-2.10234	2.09896	81.913
7	33	0.175	0.825	0.0329858	0.925459	-29.9982
7	34	0.175	0.85	-6.00389	2.00838	109.714
7	35	0.175	0.875	-1.12699	1.76016	-44.5615
7	36	0.175	0.9	-6.61011	1.5639	114.908
7	37	0.175	0.925	-0.772759	2.07263	-43.5482
7	38	0.175	0.95	-3.74543	0.0865422	77.8203
7	39	0.175	0.975	0.328291	2.54415	-2.21234
7	40	0.175	1	1	0	0
8	0	0.2	0	0	0	87.9835
8	1	0.2	0.025	0.0141868	0.0997519	87.9835
8	2	0.2	0.05	0.0740561	-0.431893	76.2892
8	3	0.2	0.075	-0.521999	-0.500722	96.5187
8	4	0.2	0.1	0.182766	-0.0900916	80.0971
8	5	0.2	0.125	-1.44049	-1.15553	77.4626
8	6	0.2	0.15	0.235079	-0.184103	102.872
8	7	0.2	0.175	-1.56391	-0.901175	52.2617
8	8	0.2	0.2	0.225314	-0.886144	112.374
8	9	0.2	0.225	-0.435365	-0.262481	57.0111
8	10	0.2	0.25	-0.580815	-1.64094	88.3719
8	11	0.2	0.275	0.463427	-0.173293	87.3326
8	12	0.2	0.3	-1.85017	-1.49291	49.1742
8	13	0.2	0.325	0.726998	-0.685423	110.149
8	14	0.2	0.35	-1.50476	-0.719599	35.2918
8	15	0.2	0.375	0.746499	-1.47539	102.324
8	16	0.2	0.4	0.284099	-0.227176	55.8421
8	17	0.2	0.425	-0.922992	-1.76685	65.8626
8	18	0.2	0.45	0.851847	-0.301565	86.1501
8	19	0.2	0.475	-2.67479	-1.1797	32.1418
8	20	0.2	0.5	1.04976	-0.719512	98.9402
8	21	0.2	0.525	-1.91396	-0.439041	27.182
8	22	0.2	0.55	1.18788	-1.14064	85.6466
8	23	0.2	0.575	0.495725	0.0373746	43.3995
8	24	0.2	0.6	-1.24803	-1.07598	54.877
8	25	0.2	0.625	0.816031	0.244226	64.8014
8	26	0.2	0.65	-3.93071	-0.419103	27.2847
8	27	0.2	0.675	0.482648	0.147545	73.3487
8	28	0.2	0.7	-4.0335	0.287328	21.1119
8	29	0.2	0.725	0.962886	0.259752	65.4238
8	30	0.2	0.75	-1.50811	0.702067	20.1473
8	31	0.2	0.775	-0.650679	0.83485	54.2471
8	32	0.2	0.8	0.259202	1.64973	17.0779
8	33	0.2	0.825	-5.01246	1.40593	38.7202
8	34	0.2	0.85	-0.83544	1.89037	18.9727
8	35	0.2	0.875	-6.96446	1.88608	30.3868
8	36	0.2	0.9	-0.891129	1.52429	9.55435
8	37	0.2	0.925	-5.55992	1.70573	35.5151
8	38	0.2	0.95	0.256663	1.45318	-0.224618
8	39	0.2	0.975	-1.18276	0.953983	21.09
8	40	0.2	1	1	0	0
9	0	0.225	0	0	0	83.1398
9	1	0.225	0.025	0.114763	-0.279327	83.1398
9	2	0.225	0.05	-0.249466	-0.305068	91.2919
9	3	0.225	0.075	0.28611	-0.0558075	82.5516
9	4	0.225	0.1	-1.08822	-1.21671	75.4701
9	5	0.225	0.125	0.129521	-0.0349433	108.323
9	6	0.225	0.15	-1.4184	-1.21311	41.5147
9	7	0.225	0.175	-0.0504152	-0.793836	128.65
9	8	0.225	0.2	-0.665207	-0.348146	38.65
9	9	0.225	0.225	-0.34809	-2.01415	106.264
9	10	0.225	0.25	0.208162	0.0344771	79.3151
9	11	0.225	0.275	-1.18631	-2.30486	46.2493
9	12	0.225	0.3	0.255907	-0.494143	124.561
9	13	0.225	0.325	-1.39055	-1.24603	8.91327
9	14	0.225	0.35	0.349433	-1.68548	132.079
9	15	0.225	0.375	-0.107305	-0.116543	31.2903
9	16	0.225	0.4	-0.188401	-2.76084	80.8334
9	17	0.225	0.425	0.606218	-0.0260397	87.8578
9	18	0.225	0.45	-1.71868	-2.24266	10.5683
9	19	0.225	0.475	0.353767	-0.661446	128.746
9	20	0.225	0.5	-1.91821	-0.825538	-15.3784
9	21	0.225	0.525	0.672869	-1.72536	124.486
9	22	0.225	0.55	-0.0786657	0.376466	16.9657
9	23	0.225	0.575	-0.139078	-2.49062	64.1431
9	24	0.225	0.6	0.708424	0.581129	75.0474
9	25	0.225	0.625	-2.56926	-1.60919	-9.14276
9	26	0.225	0.65	-0.0620407	0.155376	112.883
9	27	0.225	0.675	-3.55553	-0.165308	-38.2374
9	28	0.225	0.7	0.00270386	-0.400149	114.301
9	29	0.225	0.725	-2.10189	1.12211	-21.1025
9	30	0.225	0.75	-0.0839529	-0.958024	74.5867
9	31	0.225	0.775	-0.0369975	1.95185	24.3877
9	32	0.225	0.8	-3.0127	-0.453944	4.86668
9	33	0.225	0.825	-0.713507	1.84483	63.6756
9	34	0.225	0.85	-5.63138	0.851012	-41.9835
9	35	0.225	0.875	-1.44799	1.19234	72.1863
9	36	0.225	0.9	-5.7294	1.77112	-41.8012
9	37	0.225	0.925	-0.422451	0.466336	50.502
9	38	0.225	0.95	-2.82786	1.88011	-12.0493
9	39	0.225	0.975	0.832616	0.424634	15.7646
9	40	0.225	1	1	0	0
10	0	0.25	0	0	0	86.3727
10	1	0.25	0.025	0.00304771	-0.150633	86.3727
10	2	0.25	0.05	0.349674	-0.0229572	84.6904
10	3	0.25	0.075	-0.666905	-1.03749	76.2479
10	4	0.25	0.1	0.195712	0.089106	106.97
10	5	0.25	0.125	-1.07048	-1.3687	41.4986
10	6	0.25	0.15	-0.323906	-0.515005	134.592
10	7	0.25	0.175	-0.613415	-0.614362	26.491
10	8	0.25	0.2	-0.584477	-1.81088	126.022
10	9	0.25	0.225	0.109353	0.0813586	60.1599
10	10	0.25	0.25	-0.740717	-2.68564	64.9688
10	11	0.25	0.275	0.00939479	-0.16893	117.033
10	12	0.25	0.3	-0.858913	-1.9181	5.20632
10	13	0.25	0.325	-0.356804	-1.31678	147.985
10	14	0.25	0.35	-0.179619	-0.483162	6.74077
10	15	0.25	0.375	-0.293073	-2.92162	111.916
10	16	0.25	0.4	0.500869	0.128185	65.9112
10	17	0.25	0.425	-0.745849	-3.12405	23.8273
10	18	0.25	0.45	-0.0803101	-0.354008	130.246
10	19	0.25	0.475	-1.19778	-1.66695	-32.1761
10	20	0.25	0.5	-0.433883	-1.56302	152.169
10	21	0.25	0.525	-0.282187	-0.0341281	-16.0943
10	22	0.25	0.55	-0.21201	-3.06937	100.391
10	23	0.25	0.575	0.582088	0.723237	54.0568
10	24	0.25	0.6	-1.13878	-2.84084	-2.3357
10	25	0.25	0.625	-0.368787	0.382123	121.396
10	26	0.25	0.65	-2.24671	-1.06307	-63.7488
10	27	0.25	0.675	-1.21369	-0.467671	146.391
10	28	0.25	0.7	-1.80889	0.527361	-58.6137
10	29	0.25	0.725	-1.01061	-1.64824	114.129
10	30	0.25	0.75	-0.382358	1.7232	-1.30483
10	31	0.25	0.775	-1.69571	-2.10195	19.3449
10	32	0.25	0.8	-0.692589	1.88581	71.2368
10	33	0.25	0.825	-3.5868	-0.586763	-70.184
10	34	0.25	0.85	-2.00689	1.21068	110.912
10	35	0.25	0.875	-4.53373	0.862371	-96.3738
10	36	0.25	0.9	-1.88113	0.236464	107.858
10	37	0.25	0.925	-3.3315	1.86077	-70.1905
10	38	0.25	0.95	-0.0844596	-0.919362	57.3345
10	39	0.25	0.975	-0.153738	1.7461	-9.13004
10	40	0.25	1	1	0	0
11	0	0.275	0	0	0	84.8024
11	1	0.275	0.025	0.236808	0.0554128	84.8024
11	2	0.275	0.05	-0.223325	-0.78235	77.9222
11	3	0.275	0.075	0.328294	0.19203	102.839
11	4	0.275	0.1	-0.661595	-1.26843	47.5523
11	5	0.275	0.125	-0.410085	-0.252657	130.688
11	6	0.275	0.15	-0.383122	-0.736783	27.0194
11	7	0.275	0.175	-1.0448	-1.30218	133.478
11	8	0.275	0.2	0.172893	-0.00213096	46.1919
11	9	0.275	0.225	-0.865107	-2.37785	87.6433
11	10	0.275	0.25	0.0650395	0.111021	96.8315
11	11	0.275	0.275	-0.386269	-2.12359	22.9526
11	12	0.275	0.3	-0.843287	-0.698753	140.235
11	13	0.275	0.325	0.0783219	-0.857666	2.47374
11	14	0.275	0.35	-1.07706	-2.22693	130.423
11	15	0.275	0.375	0.565041	0.0926798	41.3281
11	16	0.275	0.4	-0.511911	-3.13127	55.2082
11	17	0.275	0.425	-0.0724521	0.0880661	107.778
11	18	0.275	0.45	-0.338579	-2.07822	-17.8632
11	19	0.275	0.475	-1.32589	-0.918232	149.727
11	20	0.275	0.5	-0.0374575	-0.527368	-26.6489
11	21	0.275	0.525	-1.31518	-2.46272	126.406
11	22	0.275	0.55	0.554201	0.617678	24.5949
11	23	0.275	0.575	-0.697465	-3.13593	32.2872
11	24	0.275	0.6	-0.330189	0.822643	99.9531
11	25	0.275	0.625	-0.909962	-1.55191	-51.8194
11	26	0.275	0.65	-2.08928	0.0166316	145.429
11	27	0.275	0.675	-1.07601	0.104484	-65.7416
11	28	0.275	0.7	-2.52797	-1.18418	133.263
11	29	0.275	0.725	-0.446512	1.27258	-26.2619
11	30	0.275	0.75	-1.8928	-2.2804	54.1144
11	31	0.275	0.775	-0.613036	1.96169	48.1366
11	32	0.275	0.8	-1.99223	-1.45331	-53.1418
11	33	0.275	0.825	-2.33085	1.62429	111.945
11	34	0.275	0.85	-2.81741	0.215887	-105.472
11	35	0.275	0.875	-3.28844	0.681247	133.255
11	36	0.275	0.9	-2.76364	1.14955	-103.135
11	37	0.275	0.925	-2.04203	-0.789175	106.435
11	38	0.275	0.95	-0.947982	1.84793	-51.705
11	39	0.275	0.975	0.269878	-1.19527	26.8995
11	40	0.275	1	1	0	0
12	0	0.3	0	0	0	82.3785
12	1	0.3	0.025	0.0870426	-0.498135	82.3785
12	2	0.3	0.05	0.363857	0.307446	96.1868
12	3	0.3	0.075	-0.236346	-1.07835	55.7375
12	4	0.3	0.1	-0.31147	-0.0774287	122.325
12	5	0.3	0.125	-0.120061	-0.631525	35.8874
12	6	0.3	0.15	-1.3931	-0.89169	127.431
12	7	0.3	0.175	0.285964	-0.0448469	46.7652
12	8	0.3	0.2	-1.43404	-1.70811	96.5617
12	9	0.3	0.225	0.302418	0.166369	81.4467
12	10	0.3	0.25	-0.389887	-1.73205	45.3411
12	11	0.3	0.275	-0.845462	-0.259476	118.22
12	12	0.3	0.3	0.38386	-0.822748	19.3502
12	13	0.3	0.325	-1.89105	-1.33319	121.888
12	14	0.3	0.35	0.737328	-0.0516837	36.1688
12	15	0.3	0.375	-1.17266	-2.27644	75.5418
12	16	0.3	0.4	0.298656	0.292884	81.9234
12	17	0.3	0.425	0.0663555	-1.7779	11.7528
12	18	0.3	0.45	-1.58171	-0.263675	122.751
12	19	0.3	0.475	0.388935	-0.51791	-8.95922
12	20	0.3	0.5	-2.55146	-1.39475	118.612
12	21	0.3	0.525	0.655598	0.389042	15.5939
12	22	0.3	0.55	-1.47022	-2.26239	58.6595
12	23	0.3	0.575	0.0471339	1.02404	69.7699
12	24	0.3	0.6	-0.232613	-1.32613	-18.5207
12	25	0.3	0.625	-2.33959	0.639176	116.288
12	26	0.3	0.65	-0.308791	0.265313	-43.1295
12	27	0.3	0.675	-3.8111	-0.298193	116.226
12	28	0.3	0.7	-0.272219	1.05697	-24.5349
12	29	0.3	0.725	-3.06493	-1.24313	68.0373
12	30	0.3	0.75	-0.355865	1.79984	23.4804
12	31	0.3	0.775	-1.58233	-1.18966	-17.426
12	32	0.3	0.8	-2.22292	2.00561	83.3401
12	33	0.3	0.825	-1.38914	0.248298	-76.6375
12	34	0.3	0.85	-4.27635	1.35454	116.044
12	35	0.3	0.875	-1.73702	0.915057	-90.9971
12	36	0.3	0.9	-4.01239	0.233259	115.214
12	37	0.3	0.925	-1.00522	1.31759	-73.5915
12	38	0.3	0.95	-1.54307	-1.36278	64.0467
12	39	0.3	0.975	0.487382	1.36605	-15.5206
12	40	0.3	1	1	0	0
13	0	0.325	0	0	0	86.3162
13	1	0.325	0.025	0.25476	0.312554	86.3162
13	2	0.325	0.05	0.1308	-0.89298	66.6566
13	3	0.325	0.075	-0.134689	0.0856842	111.859
13	4	0.325	0.1	0.141269	-0.478067	46.6443
13	5	0.325	0.125	-1.44458	-0.730974	115.818
13	6	0.325	0.15	0.329442	0.0501377	57.6641
13	7	0.325	0.175	-1.98871	-1.22953	88.4847
13	8	0.325	0.2	0.457213	0.0705419	82.3834
13	9	0.325	0.225	-0.879486	-1.08799	54.0083
13	10	0.325	0.25	-0.432632	-0.298567	101.516
13	11	0.325	0.275	0.416034	-0.414036	40.7366
13	12	0.325	0.3	-2.12945	-0.936062	96.4908
13	13	0.325	0.325	0.785529	-0.0483591	53.3298
13	14	0.325	0.35	-2.09212	-1.32445	66.9001
13	15	0.325	0.375	0.70228	0.0661396	75.9156
13	16	0.325	0.4	-0.269194	-0.982811	31.0909
13	17	0.325	0.425	-1.10069	-0.184303	93.723
13	18	0.325	0.45	0.631161	-0.0826898	20.7491
13	19	0.325	0.475	-3.10232	-0.751067	84.2196
13	20	0.325	0.5	0.67253	0.313741	34.9759
13	21	0.325	0.525	-2.62034	-1.06415	50.2814
13	22	0.325	0.55	0.479433	0.674116	59.5921
13	23	0.325	0.575	-0.500478	-0.506307	6.90667
13	24	0.325	0.6	-1.80247	0.66676	81.5027
13	25	0.325	0.625	0.15363	0.725326	-7.63302
13	26	0.325	0.65	-4.25638	0.199083	73.5405
13	27	0.325	0.675	-0.15211	1.08387	3.81707
13	28	0.325	0.7	-4.1397	-0.123568	44.1593
13	29	0.325	0.725	-0.128835	1.33491	24.2669
13	30	0.325	0.75	-2.12084	-0.150033	0.0654713
13	31	0.325	0.775	-1.60141	1.67131	53.364
13	32	0.325	0.8	-0.755924	0.766975	-36.1727
13	33	0.325	0.825	-4.41947	1.50077	71.0815
13	34	0.325	0.85	-1.01837	1.13355	-47.6834
13	35	0.325	0.875	-5.30347	1.06489	75.0966
13	36	0.325	0.9	-0.670629	0.910281	-51.8984
13	37	0.325	0.925	-3.5422	-0.10106	64.558
13	38	0.325	0.95	0.338866	1.05029	-32.916
13	39	0.325	0.975	-0.203875	-0.821454	16.0262
13	40	0.325	1	1	0	0
14	0	0.35	0	0	0	78.937
14	1	0.35	0.025	0.240288	-0.559622	78.937
14	2	0.35	0.05	0.0431406	0.233026	98.3992
14	3	0.35	0.075	0.402896	-0.4218	57.8711
14	4	0.35	0.1	-1.21715	-0.65668	104.727
14	5	0.35	0.125	0.364408	0.177613	69.4572
14	6	0.35	0.15	-2.1755	-1.1624	73.9995
14	7	0.35	0.175	0.369523	0.0296027	95.3175
14	8	0.35	0.2	-1.4396	-0.707597	44.7642
14	9	0.35	0.225	-0.0416974	-0.639645	103.24
14	10	0.35	0.25	0.145751	0.0304075	48.6763
14	11	0.35	0.275	-1.68061	-1.25759	77.6434
14	12	0.35	0.3	0.617881	0.130627	75.0457
14	13	0.35	0.325	-2.45457	-1.07303	40.0193
14	14	0.35	0.35	0.6917	-0.251931	93.4315
14	15	0.35	0.375	-0.938505	-0.310885	24.3056
14	16	0.35	0.4	-0.342872	-0.798459	86.3383
14	17	0.35	0.425	0.547351	0.404958	39.3892
14	18	0.35	0.45	-2.64542	-1.01166	50.7215
14	19	0.35	0.475	0.489343	0.388422	64.9966
14	20	0.35	0.5	-3.10375	-0.567434	15.9477
14	21	0.35	0.525	0.457485	0.114883	77.8227
14	22	0.35	0.55	-1.16443	0.266447	3.43162
14	23	0.35	0.575	-0.93217	-0.164695	68.1586
14	24	0.35	0.6	0.206364	1.13167	17.4632
14	25	0.35	0.625	-3.61444	-0.187715	32.3959
14	26	0.35	0.65	-0.192721	1.1176	40.0473
14	27	0.35	0.675	-4.29164	0.21606	-0.538502
14	28	0.35	0.7	-0.288581	0.792296	50.8598
14	29	0.35	0.725	-2.65869	0.677723	-14.7635
14	30	0.35	0.75	-1.01827	0.624031	48.1267
14	31	0.35	0.775	-0.772256	1.28598	-12.7552
14	32	0.35	0.8	-3.58554	0.684536	30.5871
14	33	0.35	0.825	-0.7773	1.35604	-2.07365
14	34	0.35	0.85	-5.32908	0.922822	13.7205
14	35	0.35	0.875	-0.7092	0.784244	-2.20549
14	36	0.35	0.9	-4.73566	0.817223	15.392
14	37	0.35	0.925	0.34015	0.34252	-11.5859
14	38	0.35	0.95	-1.83176	-0.0612677	13.2744
14	39	0.35	0.975	1.01499	0.250203	-5.83466
14	40	0.35	1	1	0	0
15	0	0.375	0	0	0	84.9929
15	1	0.375	0.025	0.160656	0.199355	84.9929
15	2	0.375	0.05	0.531491	-0.374533	69.8806
15	3	0.375	0.075	-0.80001	-0.51773	94.2173
15	4	0.375	0.1	0.503545	0.23172	77.9588
15	5	0.375	0.125	-1.97067	-1.27717	63.2746
15	6	0.375	0.15	0.198709	0.0811761	108.421
15	7	0.375	0.175	-1.69328	-0.774642	28.8117
15	8	0.375	0.2	-0.0381247	-0.848052	118.754
15	9	0.375	0.225	-0.214298	0.214344	39.0036
15	10	0.375	0.25	-1.05482	-1.86587	80.0112
15	11	0.375	0.275	0.399693	0.34308	83.0089
15	12	0.375	0.3	-2.08056	-1.56805	20.4422
15	13	0.375	0.325	0.287541	-0.325796	115.697
15	14	0.375	0.35	-1.30291	-0.289801	0.944632
15	15	0.375	0.375	-0.099803	-1.43986	103.754
15	16	0.375	0.4	0.270646	0.651935	34.7542
15	17	0.375	0.425	-1.69283	-1.89074	41.8095
15	18	0.375	0.45	0.267788	0.519732	82.8981
15	19	0.375	0.475	-2.65588	-0.966373	-14.7272
15	20	0.375	0.5	-0.0570205	-0.204753	105.7
15	21	0.375	0.525	-1.48408	0.379504	-20.6754
15	22	0.375	0.55	-0.649864	-1.12092	82.5228
15	23	0.375	0.575	0.00848421	1.27249	18.2144
15	24	0.375	0.6	-2.48251	-1.21232	16.6595
15	25	0.375	0.625	-0.301871	1.14057	63.3602
15	26	0.375	0.65	-3.50932	-0.239014	-36.7636
15	27	0.375	0.675	-0.794871	0.439297	82.7409
15	28	0.375	0.7	-2.59209	0.757272	-44.3387
15	29	0.375	0.725	-1.12898	-0.343916	66.8233
15	30	0.375	0.75	-0.969279	1.43815	-15.6688
15	31	0.375	0.775	-2.57482	-0.584106	17.758
15	32	0.375	0.8	-0.783239	1.43798	23.2291
15	33	0.375	0.825	-4.25964	0.00208436	-31.2404
15	34	0.375	0.85	-1.09517	0.797027	43.6094
15	35	0.375	0.875	-4.58208	0.60244	-46.3671
15	36	0.375	0.9	-0.295952	-0.045689	37.4602
15	37	0.375	0.925	-2.87963	0.747198	-29.4165
15	38	0.375	0.95	0.981316	-0.616314	11.8893
15	39	0.375	0.975	0.188798	0.10296	-6.98839
15	40	0.375	1	1	0	0
16	0	0.4	0	0	0	78.6026
16	1	0.4	0.025	0.365844	-0.187343	78.6026
16	2	0.4	0.05	-0.285617	-0.387064	84.6192
16	3	0.4	0.075	0.684137	0.237855	83.6337
16	4	0.4	0.1	-1.49868	-1.31311	58.0764
16	5	0.4	0.125	0.173485	0.164244	115.414
16	6	0.4	0.15	-1.58868	-1.02561	18.1743
16	7	0.4	0.175	-0.312351	-0.779006	134.154
16	8	0.4	0.2	-0.445375	0.0849906	22.0598
16	9	0.4	0.225	-0.824079	-2.15693	98.7234
16	10	0.4	0.25	0.26387	0.490764	73.1807
16	11	0.4	0.275	-1.4436	-2.22983	22.6633
16	12	0.4	0.3	-0.0989951	-0.129899	123.922
16	13	0.4	0.325	-1.16291	-0.778135	-16.4731
16	14	0.4	0.35	-0.521645	-1.52823	126.848
16	15	0.4	0.375	0.0334118	0.54507	14.8312
16	16	0.4	0.4	-1.13735	-2.57672	59.1547
16	17	0.4	0.425	0.159979	0.678576	78.7244
16	18	0.4	0.45	-1.79076	-1.70462	-21.7638
16	19	0.4	0.475	-0.611539	-0.143299	120.899
16	20	0.4	0.5	-1.28379	-0.0258872	-41.1341
16	21	0.4	0.525	-1.16115	-1.46661	105.665
16	22	0.4	0.55	-0.178732	1.09785	1.81389
16	23	0.4	0.575	-1.82788	-2.04907	28.5346
16	24	0.4	0.6	-0.363062	1.19812	64.0228
16	25	0.4	0.625	-2.41841	-0.946432	-47.4845
16	26	0.4	0.65	-1.31284	0.417686	100.219
16	27	0.4	0.675	-2.02675	0.419587	-64.3653
16	28	0.4	0.7	-1.83734	-0.700061	88.3843
16	29	0.4	0.725	-1.00958	1.23464	-31.0555
16	30	0.4	0.75	-2.23081	-1.38765	28.9251
16	31	0.4	0.775	-0.823548	1.41672	23.46
16	32	0.4	0.8	-2.98543	-0.931051	-43.0809
16	33	0.4	0.825	-1.47519	0.912936	65.3443
16	34	0.4	0.85	-3.46976	-0.123551	-81.516
16	35	0.4	0.875	-1.37385	0.0202051	78.2803
16	36	0.4	0.9	-2.81228	0.518982	-78.4862
16	37	0.4	0.925	0.0477816	-1.12738	55.4206
16	38	0.4	0.95	-0.589079	0.729209	-37.781
16	39	0.4	0.975	1.07514	-1.28577	6.46507
16	40	0.4	1	1	0	0
17	0	0.425	0	0	0	80.2159
17	1	0.425	0.025	0.110288	-0.300346	80.2159
17	2	0.425	0.05	0.696696	0.288599	85.3081
17	3	0.425	0.075	-0.849899	-1.25982	57.1786
17	4	0.425	0.1	0.328357	0.264253	116.49
17	5	0.425	0.125	-1.24556	-1.18116	15.7802
17	6	0.425	0.15	-0.549438	-0.570251	141.237
17	7	0.425	0.175	-0.471955	-0.143899	10.5367
17	8	0.425	0.2	-1.07933	-1.96387	117.875
17	9	0.425	0.225	0.224341	0.514686	55.2787
17	10	0.425	0.25	-1.1177	-2.50685	42.049
17	11	0.425	0.275	-0.206098	0.200475	114.281
17	12	0.425	0.3	-0.763895	-1.23936	-15.4212
17	13	0.425	0.325	-1.10509	-1.11933	136.059
17	14	0.425	0.35	-0.00686536	0.243724	-1.28222
17	15	0.425	0.375	-1.36622	-2.53283	83.8129
17	16	0.425	0.4	0.195057	0.766549	59.9736
17	17	0.425	0.425	-1.19574	-2.16055	-5.72041
17	18	0.425	0.45	-0.840522	0.197369	115.434
17	19	0.425	0.475	-0.806213	-0.401993	-43.4523
17	20	0.425	0.5	-1.91585	-1.19943	116.197
17	21	0.425	0.525	-0.203235	0.802134	-12.3068
17	22	0.425	0.55	-2.02605	-2.13977	49.0629
17	23	0.425	0.575	-0.299992	1.2008	49.275
17	24	0.425	0.6	-1.69751	-1.35905	-35.0742
17	25	0.425	0.625	-1.55306	0.635367	96.7582
17	26	0.425	0.65	-1.32598	0.171524	-64.4319
17	27	0.425	0.675	-2.63115	-0.536555	94.7566
17	28	0.425	0.7	-0.842296	0.974873	-39.3357
17	29	0.425	0.725	-2.61942	-1.39685	42.6077
17	30	0.425	0.75	-0.747042	1.28255	11.4063
17	31	0.425	0.775	-2.25825	-1.2794	-30.9462
17	32	0.425	0.8	-1.63053	1.04599	61.3577
17	33	0.425	0.825	-2.21426	-0.539122	-81.0299
17	34	0.425	0.85	-2.33997	0.329918	89.097
17	35	0.425	0.875	-1.97648	-0.0412611	-96.0514
17	36	0.425	0.9	-1.54679	-0.814466	86.878
17	37	0.425	0.925	-0.764253	0.529754	-73.1006
17	38	0.425	0.95	0.258477	-1.95269	39.5777
17	39	0.425	0.975	0.785403	0.238589	-20.0638
17	40	0.425	1	1	0	0
18	0	0.45	0	0	0	80.454
18	1	0.45	0.025	0.439413	0.311954	80.454
18	2	0.45	0.05	-0.159551	-1.15737	62.4906
18	3	0.45	0.075	0.515767	0.433274	111.814
18	4	0.45	0.1	-0.745077	-1.24086	19.5656
18	5	0.45	0.125	-0.576982	-0.346174	140.443
18	6	0.45	0.15	-0.350001	-0.244379	8.55474
18	7	0.45	0.175	-1.51162	-1.56406	126.429
18	8	0.45	0.2	0.231311	0.4536	42.7188
18	9	0.45	0.225	-1.3448	-2.26722	62.6412
18	10	0.45	0.25	-0.0515826	0.448393	96.5152
18	11	0.45	0.275	-0.505782	-1.34226	0.155969
18	12	0.45	0.3	-1.37457	-0.570371	127.407
18	13	0.45	0.325	0.123165	0.0677885	-1.70567
18	14	0.45	0.35	-2.0259	-1.94602	94.7642
18	15	0.45	0.375	0.310021	0.708007	44.2755
18	16	0.45	0.4	-1.27968	-2.03225	16.9618
18	17	0.45	0.425	-0.660976	0.513256	97.2109
18	18	0.45	0.45	-0.393651	-0.465787	-29.5667
18	19	0.45	0.475	-2.35857	-0.705909	107.869
18	20	0.45	0.5	-0.0863268	0.655645	-11.6962
18	21	0.45	0.525	-2.6855	-1.66557	57.056
18	22	0.45	0.55	-0.15391	1.06739	36.6333
18	23	0.45	0.575	-1.66203	-1.24644	-16.3466
18	24	0.45	0.6	-1.39841	0.783916	80.6719
18	25	0.45	0.625	-0.807546	0.192007	-49.2394
18	26	0.45	0.65	-3.07054	-0.241847	82.722
18	27	0.45	0.675	-0.60117	0.872898	-31.9944
18	28	0.45	0.7	-3.26253	-0.977301	41.1229
18	29	0.45	0.725	-0.575315	1.04284	5.49471
18	30	0.45	0.75	-2.23915	-1.00162	-17.0296
18	31	0.45	0.775	-1.46449	0.959242	45.6526
18	32	0.45	0.8	-1.41504	-0.419637	-59.9689
18	33	0.45	0.825	-2.86631	0.518335	71.7267
18	34	0.45	0.85	-1.1145	-0.156018	-78.0383
18	35	0.45	0.875	-2.99739	-0.202004	81.0523
18	36	0.45	0.9	-0.414742	-0.00630664	-77.7629
18	37	0.45	0.925	-1.37119	-1.48803	61.6955
18	38	0.45	0.95	0.662628	0.346098	-43.4123
18	39	0.45	0.975	0.654388	-1.75577	6.19695
18	40	0.45	1	1	0	0
19	0	0.475	0	0	0	73.9611
19	1	0.475	0.025	0.241023	-0.80061	73.9611
19	2	0.475	0.05	0.573335	0.641158	99.1709
19	3	0.475	0.075	-0.136812	-1.31255	30.0729
19	4	0.475	0.1	-0.413069	-0.073833	133.844
19	5	0.475	0.125	-0.121815	-0.230919	12.8991
19	6	0.475	0.15	-1.78973	-1.2399	124.945
19	7	0.475	0.175	0.215457	0.443372	40.9669
19	8	0.475	0.2	-1.8947	-1.81875	71.4771
19	9	0.475	0.225	0.160183	0.494218	84.5571
19	10	0.475	0.25	-0.669757	-1.10161	16.4588
19	11	0.475	0.275	-1.17521	-0.243731	111.355
19	12	0.475	0.3	0.244899	0.156687	10.037
19	13	0.475	0.325	-2.49356	-1.37418	87.0326
19	14	0.475	0.35	0.387457	0.610793	43.5964
19	15	0.475	0.375	-1.86708	-1.51519	27.0713
19	16	0.475	0.4	-0.261564	0.517219	82.8563
19	17	0.475	0.425	-0.343487	-0.243105	-12.3882
19	18	0.475	0.45	-2.22445	-0.423883	89.8372
19	19	0.475	0.475	0.0579681	0.718941	1.3306
19	20	0.475	0.5	-3.16864	-1.17668	46.8349
19	21	0.475	0.525	-0.0614406	0.874478	37.9094
19	22	0.475	0.55	-2.07878	-0.818692	-9.09868
19	23	0.475	0.575	-1.00549	0.610998	68.1211
19	24	0.475	0.6	-0.643744	0.401797	-32.141
19	25	0.475	0.625	-2.94044	-0.204041	62.6163
19	26	0.475	0.65	-0.419961	0.911536	-14.2467
19	27	0.475	0.675	-3.61673	-0.662729	23.3473
19	28	0.475	0.7	-0.47533	0.786092	14.1508
19	29	0.475	0.725	-2.55082	-0.524706	-17.7156
19	30	0.475	0.75	-1.12588	0.542773	36.8933
19	31	0.475	0.775	-1.18271	-0.0233059	-40.4623
19	32	0.475	0.8	-2.77253	0.237617	44.9466
19	33	0.475	0.825	-0.695987	0.104023	-44.9353
19	34	0.475	0.85	-3.75718	0.0120059	44.7912
19	35	0.475	0.875	-0.148152	-0.195721	-48.1289
19	36	0.475	0.9	-2.91248	-0.598211	43.9352
19	37	0.475	0.925	0.793375	-0.19798	-43.625
19	38	0.475	0.95	-0.547409	-1.52738	19.4419
19	39	0.475	0.975	1.17504	-0.364167	-17.353
19	40	0.475	1	1	0	0
20	0	0.5	0	0	0	80.8834
20	1	0.5	0.025	0.435273	0.589402	80.8834
20	2	0.5	0.05	0.37507	-1.26558	48.9161
20	3	0.5	0.075	-0.151857	0.296125	119.974
20	4	0.5	0.1	0.237895	-0.271982	21.4551
20	5	0.5	0.125	-1.77888	-0.983863	118.806
20	6	0.5	0.15	0.19919	0.521434	45.8288
20	7	0.5	0.175	-2.34451	-1.52744	68.6782
20	8	0.5	0.2	0.207565	0.45415	84.4315
20	9	0.5	0.225	-1.15974	-0.788749	21.717
20	10	0.5	0.25	-0.726495	-0.269407	102.387
20	11	0.5	0.275	0.193048	0.390432	21.2052
20	12	0.5	0.3	-2.4007	-1.22168	72.6676
20	13	0.5	0.325	0.353685	0.613549	54.2903
20	14	0.5	0.35	-2.36671	-1.13017	19.5859
20	15	0.5	0.375	-0.00684217	0.277709	83.4801
20	16	0.5	0.4	-0.656946	0.0534995	-6.05498
20	17	0.5	0.425	-1.6586	-0.588093	77.9334
20	18	0.5	0.45	0.118341	0.877057	15.0536
20	19	0.5	0.475	-3.08606	-1.08356	29.2028
20	20	0.5	0.5	-0.0958934	0.74325	50.3082
20	21	0.5	0.525	-2.41581	-0.512435	-17.5061
20	22	0.5	0.55	-0.741635	0.214985	69.2532
20	23	0.5	0.575	-0.764738	0.609613	-25.3888
20	24	0.5	0.6	-2.41283	-0.553653	49.3102
20	25	0.5	0.625	-0.342235	0.991401	2.12928
20	26	0.5	0.65	-3.42107	-0.733618	1.59698
20	27	0.5	0.675	-0.530512	0.609203	31.5151
20	28	0.5	0.7	-2.69282	-0.288174	-32.3774
20	29	0.5	0.725	-0.953799	0.0179158	42.9297
20	30	0.5	0.75	-1.24107	0.288268	-35.6672
20	31	0.5	0.775	-2.27547	-0.445287	29.1014
20	32	0.5	0.8	-0.63571	0.377721	-19.1716
20	33	0.5	0.825	-3.60421	-0.439668	5.09998
20	34	0.5	0.85	-0.308248	-0.0912222	-7.81388
20	35	0.5	0.875	-3.61417	-0.311802	-3.47051
20	36	0.5	0.9	0.662501	-0.616863	-11.239
20	37	0.5	0.925	-1.83367	-0.692832	-0.610563
20	38	0.5	0.95	1.40659	-0.736382	-14.3662
20	39	0.5	0.975	0.593181	-1.17466	-8.084
20	40	0.5	1	1	0	0
21	0	0.525	0	0	0	69.1955
21	1	0.525	0.025	0.441455	-0.789227	69.1955
21	2	0.525	0.05	0.125754	0.569114	98.3407
21	3	0.525	0.075	0.650978	-0.41784	35.9716
21	4	0.525	0.1	-1.49905	-0.638864	109.241
21	5	0.525	0.125	0.312974	0.58972	52.2247
21	6	0.525	0.15	-2.46921	-1.42586	62.3796
21	7	0.525	0.175	0.0960469	0.469195	91.0735
21	8	0.525	0.2	-1.61685	-0.684557	16.0535
21	9	0.525	0.225	-0.442528	-0.425689	106.245
21	10	0.525	0.25	-0.0381774	0.560359	21.7911
21	11	0.525	0.275	-1.89354	-1.47234	67.3065
21	12	0.525	0.3	0.256501	0.716813	63.4766
21	13	0.525	0.325	-2.37252	-1.19758	6.54492
21	14	0.525	0.35	-0.0748024	0.0951838	94.8084
21	15	0.525	0.375	-1.00778	0.138775	-13.7077
21	16	0.525	0.4	-1.17203	-0.99342	81.3348
21	17	0.525	0.425	0.0605082	0.990464	18.4991
21	18	0.525	0.45	-2.5431	-1.41814	19.6552
21	19	0.525	0.475	-0.192902	0.725792	62.1843
21	20	0.525	0.5	-2.34302	-0.569264	-31.2066
21	21	0.525	0.525	-0.806495	-0.10441	80.306
21	22	0.525	0.55	-0.918995	0.634431	-30.7107
21	23	0.525	0.575	-1.96702	-1.04859	50.1154
21	24	0.525	0.6	-0.339711	1.03217	8.13325
21	25	0.525	0.625	-2.85388	-1.10983	-10.6068
21	26	0.525	0.65	-0.65937	0.555438	45.9304
21	27	0.525	0.675	-2.44992	-0.38949	-48.6319
21	28	0.525	0.7	-1.09952	-0.319653	56.8271
21	29	0.525	0.725	-1.26391	0.33845	-43.3755
21	30	0.525	0.75	-1.88889	-1.09458	30.335
21	31	0.525	0.775	-0.67182	0.503053	-10.5724
21	32	0.525	0.8	-2.90517	-1.17631	-15.9869
21	33	0.525	0.825	-0.640966	0.0597797	20.0049
21	34	0.525	0.85	-3.31232	-0.779088	-46.5728
21	35	0.525	0.875	-0.00899417	-0.673835	30.0564
21	36	0.525	0.9	-2.40406	-0.393827	-45.7909
21	37	0.525	0.925	1.19146	-1.37349	15.4126
21	38	0.525	0.95	-0.174127	-0.511249	-24.1425
21	39	0.525	0.975	1.35194	-1.47276	-7.46199
21	40	0.525	1	1	0	0
22	0	0.55	0	0	0	77.2728
22	1	0.55	0.025	0.280796	0.427337	77.2728
22	2	0.55	0.05	0.811529	-0.454367	54.811
22	3	0.55	0.075	-0.991726	-0.26092	94.4872
22	4	0.55	0.1	0.603369	0.559046	59.8017
22	5	0.55	0.125	-2.28387	-1.31525	57.0546
22	6	0.55	0.15	0.0339197	0.52942	97.4977
22	7	0.55	0.175	-1.80797	-0.786585	8.12534
22	8	0.55	0.2	-0.47627	-0.456483	116.674
22	9	0.55	0.225	-0.305901	0.528533	12.4823
22	10	0.55	0.25	-1.45444	-1.76704	76.2376
22	11	0.55	0.275	0.176642	0.837499	61.9737
22	12	0.55	0.3	-1.98968	-1.58807	2.75555
22	13	0.55	0.325	-0.286316	0.129604	103.937
22	14	0.55	0.35	-1.10433	-0.0841706	-25.4397
22	15	0.55	0.375	-1.12503	-1.22408	94.786
22	16	0.55	0.4	-0.0458147	0.953471	10.2584
22	17	0.55	0.425	-2.02083	-1.86686	25.3795
22	18	0.55	0.45	-0.242927	0.795468	64.1296
22	19	0.55	0.475	-1.94999	-0.887254	-37.4953
22	20	0.55	0.5	-1.0479	-0.182954	90.0065
22	21	0.55	0.525	-0.910446	0.459121	-39.509
22	22	0.55	0.55	-1.92482	-1.34597	59.714
22	23	0.55	0.575	-0.341813	0.972722	3.86658
22	24	0.55	0.6	-2.352	-1.49825	-8.91904
22	25	0.55	0.625	-0.730258	0.585874	49.9793
22	26	0.55	0.65	-1.96553	-0.636997	-55.4785
22	27	0.55	0.675	-1.40902	-0.392158	66.7217
22	28	0.55	0.7	-1.10057	0.192648	-52.1369
22	29	0.55	0.725	-1.9024	-1.37585	39.6616
22	30	0.55	0.75	-0.635091	0.46983	-14.9368
22	31	0.55	0.775	-2.26817	-1.68334	-16.1048
22	32	0.55	0.8	-0.850456	0.170388	27.707
22	33	0.55	0.825	-2.49053	-1.36804	-63.8075
22	34	0.55	0.85	-0.825539	-0.517814	54.721
22	35	0.55	0.875	-2.09149	-0.83521	-81.1991
22	36	0.55	0.9	0.191591	-1.48774	53.0804
22	37	0.55	0.925	-0.600102	-0.304294	-60.0017
22	38	0.55	0.95	1.2468	-2.12454	17.1423
22	39	0.55	0.975	0.92362	-0.758343	-21.833
22	40	0.55	1	1	0	0
23	0	0.575	0	0	0	68.2296
23	1	0.575	0.025	0.510498	-0.215097	68.2296
23	2	0.575	0.05	-0.350796	-0.122747	78.4485
23	3	0.575	0.075	0.876698	0.469719	68.8367
23	4	0.575	0.1	-1.83615	-1.14135	51.5804
23	5	0.575	0.125	0.16357	0.561927	101.937
23	6	0.575	0.15	-1.7479	-0.892683	3.65589
23	7	0.575	0.175	-0.621076	-0.359549	125.16
23	8	0.575	0.2	-0.47059	0.342567	1.71811
23	9	0.575	0.225	-1.38888	-1.80675	92.014
23	10	0.575	0.25	0.144255	0.876638	50.9074
23	11	0.575	0.275	-1.6322	-1.95189	12.7231
23	12	0.575	0.3	-0.383777	0.329964	102.543
23	13	0.575	0.325	-0.954176	-0.434868	-29.8557
23	14	0.575	0.35	-1.36614	-1.11906	105.721
23	15	0.575	0.375	-0.0968762	0.771117	-1.20762
23	16	0.575	0.4	-1.91088	-2.07116	40.449
23	17	0.575	0.425	-0.188615	0.850179	55.9478
23	18	0.575	0.45	-1.5801	-1.21502	-31.9271
23	19	0.575	0.475	-1.18222	-0.0665988	90.7855
23	20	0.575	0.5	-0.74289	0.234405	-42.7141
23	21	0.575	0.525	-2.16943	-1.35674	67.2436
23	22	0.575	0.55	-0.295719	0.814536	-2.72526
23	23	0.575	0.575	-2.22696	-1.66306	0.0177941
23	24	0.575	0.6	-0.662536	0.587289	45.1765
23	25	0.575	0.625	-1.54628	-0.811984	-51.3247
23	26	0.575	0.65	-1.62217	-0.335851	66.5856
23	27	0.575	0.675	-0.817325	0.0321683	-52.8242
23	28	0.575	0.7	-2.2007	-1.33018	44.2875
23	29	0.575	0.725	-0.484662	0.317107	-20.485
23	30	0.575	0.75	-2.04933	-1.75179	-7.62071
23	31	0.575	0.775	-0.82255	0.17198	21.6297
23	32	0.575	0.8	-1.7384	-1.58266	-57.9571
23	33	0.575	0.825	-1.38456	-0.338677	55.5866
23	34	0.575	0.85	-1.37114	-1.26298	-86.5833
23	35	0.575	0.875	-1.067	-1.18323	69.8357
23	36	0.575	0.9	-0.463038	-0.724571	-84.3449
23	37	0.575	0.925	0.250821	-2.28896	47.6455
23	38	0.575	0.95	0.765409	-0.343658	-44.7156
23	39	0.575	0.975	1.10625	-2.24709	-2.8247
23	40	0.575	1	1	0	0
24	0	0.6	0	0	0	70.3847
24	1	0.6	0.025	0.11825	-0.200199	70.3847
24	2	0.6	0.05	0.846895	0.448724	74.2524
24	3	0.6	0.075	-1.13778	-1.07435	47.077
24	4	0.6	0.1	0.422562	0.571478	105.051
24	5	0.6	0.125	-1.51317	-0.937526	1.91949
24	6	0.6	0.15	-0.640832	-0.261004	129.501
24	7	0.6	0.175	-0.520317	0.178184	-4.45482
24	8	0.6	0.2	-1.57827	-1.63784	104.471
24	9	0.6	0.225	0.136569	0.806589	38.5948
24	10	0.6	0.25	-1.6166	-2.05518	29.3708
24	11	0.6	0.275	-0.282528	0.531019	92.4011
24	12	0.6	0.3	-0.791005	-0.69653	-24.1211
24	13	0.6	0.325	-1.51379	-0.812453	107.022
24	14	0.6	0.35	-0.0605128	0.582914	-6.92983
24	15	0.6	0.375	-2.1541	-1.96217	52.9193
24	16	0.6	0.4	-0.0642476	0.806002	45.591
24	17	0.6	0.425	-1.52838	-1.37266	-20.0418
24	18	0.6	0.45	-1.04882	0.0791894	83.9922
24	19	0.6	0.475	-0.560272	0.0971633	-38.6437
24	20	0.6	0.5	-2.34729	-1.23741	67.1202
24	21	0.6	0.525	-0.214567	0.649994	-4.26458
24	22	0.6	0.55	-2.41859	-1.62371	5.88547
24	23	0.6	0.575	-0.490548	0.475796	39.5674
24	24	0.6	0.6	-1.41362	-0.83672	-43.2149
24	25	0.6	0.625	-1.56415	-0.347878	59.7798
24	26	0.6	0.65	-0.577616	-0.0256155	-45.5558
24	27	0.6	0.675	-2.45727	-1.23826	39.0581
24	28	0.6	0.7	-0.311724	0.137151	-18.2559
24	29	0.6	0.725	-2.19564	-1.55329	-4.69741
24	30	0.6	0.75	-0.608675	-0.00792166	14.9324
24	31	0.6	0.775	-1.38256	-1.40214	-44.9394
24	32	0.6	0.8	-1.52288	-0.35567	41.8716
24	33	0.6	0.825	-0.776879	-1.24304	-69.0568
24	34	0.6	0.85	-2.00182	-0.872674	58.1438
24	35	0.6	0.875	-0.0841514	-1.11965	-78.1358
24	36	0.6	0.9	-1.16044	-1.7773	55.7403
24	37	0.6	0.925	0.829327	-0.687263	-61.0815
24	38	0.6	0.95	0.423891	-2.44426	18.2943
24	39	0.6	0.975	1.18284	-0.957315	-24.2039
24	40	0.6	1	1	0	0
25	0	0.625	0	0	0	70.2952
25	1	0.625	0.025	0.477887	0.418213	70.2952
25	2	0.625	0.05	-0.336401	-1.13546	50.2418
25	3	0.625	0.075	0.627826	0.662215	103.768
25	4	0.625	0.1	-1.09496	-1.07402	2.34055
25	5	0.625	0.125	-0.481891	-0.178891	131.721
25	6	0.625	0.15	-0.506152	0.104354	-7.03232
25	7	0.625	0.175	-1.72823	-1.47693	110.984
25	8	0.625	0.2	0.100686	0.721458	31.3024
25	9	0.625	0.225	-1.89733	-1.95852	42.5743
25	10	0.625	0.25	-0.0965504	0.605539	81.7098
25	11	0.625	0.275	-0.85812	-0.800898	-14.0393
25	12	0.625	0.3	-1.351	-0.522023	101.5
25	13	0.625	0.325	0.000943941	0.510954	-5.67645
25	14	0.625	0.35	-2.37253	-1.7449	56.8136
25	15	0.625	0.375	0.0409976	0.712745	40.6816
25	16	0.625	0.4	-1.78717	-1.37115	-11.2637
25	17	0.625	0.425	-0.725134	0.114511	77.2386
25	18	0.625	0.45	-0.522127	0.0608445	-32.6416
25	19	0.625	0.475	-2.20307	-1.17446	62.7683
25	20	0.625	0.5	-0.138698	0.574873	-0.685889
25	21	0.625	0.525	-2.6023	-1.58388	4.58401
25	22	0.625	0.55	-0.343439	0.30512	39.665
25	23	0.625	0.575	-1.54593	-0.798262	-39.7514
25	24	0.625	0.6	-1.27655	-0.514202	54.9433
25	25	0.625	0.625	-0.484669	0.00906643	-37.6758
25	26	0.625	0.65	-2.41084	-1.3322	29.3507
25	27	0.625	0.675	-0.225352	0.0271954	-9.09034
25	28	0.625	0.7	-2.3842	-1.42636	-12.0074
25	29	0.625	0.725	-0.402409	-0.299189	17.1027
25	30	0.625	0.75	-1.38913	-1.10637	-39.408
25	31	0.625	0.775	-1.29693	-0.686556	29.6119
25	32	0.625	0.8	-0.543562	-0.938742	-47.8334
25	33	0.625	0.825	-2.32373	-0.9459	31.64
25	34	0.625	0.85	0.0887521	-1.1036	-50.2864
25	35	0.625	0.875	-2.24099	-1.29013	32.3406
25	36	0.625	0.9	0.936878	-1.13652	-49.5209
25	37	0.625	0.925	-0.759673	-1.9758	20.1504
25	38	0.625	0.95	1.38929	-0.922466	-31.5099
25	39	0.625	0.975	0.840196	-2.06971	-9.45161
25	40	0.625	1	1	0	0
26	0	0.65	0	0	0	63.0181
26	1	0.65	0.025	0.174528	-0.897029	63.0181
26	2	0.65	0.05	0.650467	0.837173	92.2178
26	3	0.65	0.075	-0.473562	-1.40311	10.1109
26	4	0.65	0.1	-0.224723	0.0323999	130.773
26	5	0.65	0.125	-0.404549	-0.00147049	-8.80629
26	6	0.65	0.15	-1.68334	-1.37954	115.668
26	7	0.65	0.175	0.0192789	0.71331	27.8676
26	8	0.65	0.2	-2.18185	-1.88745	49.4404
26	9	0.65	0.225	-0.00825334	0.597372	76.3415
26	10	0.65	0.25	-1.1799	-0.838155	-7.35256
26	11	0.65	0.275	-0.979352	-0.373381	97.0973
26	12	0.65	0.3	-0.0201916	0.538498	-3.09575
26	13	0.65	0.325	-2.27035	-1.62601	56.3475
26	14	0.65	0.35	0.0819334	0.686967	41.1662
26	15	0.65	0.375	-2.05496	-1.37718	-9.52596
26	16	0.65	0.4	-0.452114	0.0674246	76.4521
26	17	0.65	0.425	-0.674494	0.0378981	-31.2639
26	18	0.65	0.45	-1.78123	-1.22511	61.9222
26	19	0.65	0.475	-0.0923185	0.603056	2.12293
26	20	0.65	0.5	-2.50509	-1.69409	1.11253
26	21	0.65	0.525	-0.299417	0.208746	44.3221
26	22	0.65	0.55	-1.71278	-0.85213	-43.2363
26	23	0.65	0.575	-0.997732	-0.724683	57.6414
26	24	0.65	0.6	-0.52713	0.0489145	-36.3733
26	25	0.65	0.625	-2.07137	-1.61269	24.7966
26	26	0.65	0.65	-0.224489	0.0197327	-0.894627
26	27	0.65	0.675	-2.33048	-1.56402	-22.9145
26	28	0.65	0.7	-0.363495	-0.518882	26.7793
26	29	0.65	0.725	-1.49202	-0.985893	-45.1106
26	30	0.65	0.75	-0.990808	-1.15607	29.159
26	31	0.65	0.775	-0.566883	-0.665786	-37.5628
26	32	0.65	0.8	-2.07456	-1.44329	10.902
26	33	0.65	0.825	-0.0468246	-0.880513	-22.4761
26	34	0.65	0.85	-2.57489	-1.36075	-4.44021
26	35	0.65	0.875	0.71785	-1.28654	-17.5273
26	36	0.65	0.9	-1.72245	-1.42297	-7.08444
26	37	0.65	0.925	1.49679	-1.44974	-19.1706
26	38	0.65	0.95	0.139142	-1.64733	-10.457
26	39	0.65	0.975	1.31715	-1.61031	-17.5022
26	40	0.65	1	1	0	0
27	0	0.675	0	0	0	71.6452
27	1	0.675	0.025	0.463139	0.765842	71.6452
27	2	0.675	0.05	0.165898	-1.61494	30.8463
27	3	0.675	0.075	0.0505709	0.453718	120.485
27	4	0.675	0.1	-0.110051	-0.315469	-7.30023
27	5	0.675	0.125	-1.47715	-1.15568	120.591
27	6	0.675	0.15	-0.0315551	0.754161	23.9607
27	7	0.675	0.175	-2.27204	-1.9201	55.1579
27	8	0.675	0.2	-0.0675892	0.631853	74.6154
27	9	0.675	0.225	-1.53625	-0.958547	-5.81524
27	10	0.675	0.25	-0.697691	-0.305039	98.4067
27	11	0.675	0.275	-0.181781	0.543525	-5.04029
27	12	0.675	0.3	-1.89489	-1.63164	59.7442
27	13	0.675	0.325	0.0814696	0.763951	40.8943
27	14	0.675	0.35	-2.05035	-1.51671	-9.73743
27	15	0.675	0.375	-0.373185	0.0789869	79.8225
27	16	0.675	0.4	-0.872961	-0.0887103	-35.6362
27	17	0.675	0.425	-1.38813	-1.27741	68.5433
27	18	0.675	0.45	-0.0851253	0.661913	-1.29163
27	19	0.675	0.475	-2.1401	-1.91497	3.62826
27	20	0.675	0.5	-0.3052	0.255883	46.8513
27	21	0.675	0.525	-1.68096	-1.06549	-47.9228
27	22	0.675	0.55	-0.920294	-0.794477	65.1269
27	23	0.675	0.575	-0.600532	-0.00307399	-42.3417
27	24	0.675	0.6	-1.70705	-1.87436	30.1863
27	25	0.675	0.625	-0.234383	0.0780198	-0.491411
27	26	0.675	0.65	-2.01031	-1.88385	-27.3758
27	27	0.675	0.675	-0.452688	-0.556055	35.2294
27	28	0.675	0.7	-1.44733	-1.12813	-54.891
27	29	0.675	0.725	-0.883121	-1.45846	38.2437
27	30	0.675	0.75	-0.628495	-0.587547	-40.6123
27	31	0.675	0.775	-1.6278	-2.01645	6.88446
27	32	0.675	0.8	-0.266794	-0.695405	-9.26429
27	33	0.675	0.825	-2.24474	-1.8964	-29.9197
27	34	0.675	0.85	0.179218	-1.19607	12.1655
27	35	0.675	0.875	-1.98001	-1.47959	-44.9162
27	36	0.675	0.9	1.09444	-1.76411	12.1078
27	37	0.675	0.925	-0.536	-1.24075	-35.1964
27	38	0.675	0.95	1.51162	-1.94955	-3.98281
27	39	0.675	0.975	0.895039	-1.56886	-20.7341
27	40	0.675	1	1	0	0
28	0	0.7	0	0	0	57.2794
28	1	0.7	0.025	0.402704	-1.12978	57.2794
28	2	0.7	0.05	0.295075	0.85781	97.036
28	3	0.7	0.075	0.379858	-0.823305	5.07804
28	4	0.7	0.1	-1.17769	-0.620758	120.333
28	5	0.7	0.125	0.0852458	0.721963	19.3714
28	6	0.7	0.15	-2.20669	-1.88692	64.1907
28	7	0.7	0.175	-0.145863	0.741668	71.5033
28	8	0.7	0.2	-1.73035	-1.18695	-4.20675
28	9	0.7	0.225	-0.657422	-0.185843	102.41
28	10	0.7	0.25	-0.405469	0.403845	-11.4606
28	11	0.7	0.275	-1.57047	-1.62257	70.1598
28	12	0.7	0.3	0.0692868	0.86045	34.8196
28	13	0.7	0.325	-1.79992	-1.73991	-4.04081
28	14	0.7	0.35	-0.399133	0.211856	80.4439
28	15	0.7	0.375	-0.914929	-0.352291	-39.8526
28	16	0.7	0.4	-1.27664	-1.18549	78.3453
28	17	0.7	0.425	-0.0891258	0.63164	-10.3109
28	18	0.7	0.45	-1.79685	-2.06537	15.0593
28	19	0.7	0.475	-0.259739	0.389848	42.1035
28	20	0.7	0.5	-1.42748	-1.34747	-46.0203
28	21	0.7	0.525	-0.993493	-0.667334	69.4408
28	22	0.7	0.55	-0.570225	-0.180733	-49.0999
28	23	0.7	0.575	-1.59396	-1.90828	41.0956
28	24	0.7	0.6	-0.188769	0.110786	-7.7881
28	25	0.7	0.625	-1.64903	-2.14795	-21.1276
28	26	0.7	0.65	-0.510497	-0.44764	35.3637
28	27	0.7	0.675	-1.19722	-1.39917	-58.8302
28	28	0.7	0.7	-0.997724	-1.46483	46.7203
28	29	0.7	0.725	-0.573562	-0.702575	-49.0471
28	30	0.7	0.75	-1.37134	-2.30423	15.3968
28	31	0.7	0.775	-0.358591	-0.626394	-11.5077
28	32	0.7	0.8	-1.69141	-2.41083	-34.1078
28	33	0.7	0.825	-0.335483	-1.05064	24.5052
28	34	0.7	0.85	-1.63396	-1.97504	-67.3111
28	35	0.7	0.875	0.23809	-1.73513	39.5929
28	36	0.7	0.9	-0.746893	-1.32236	-66.8601
28	37	0.7	0.925	1.12855	-2.40379	23.1803
28	38	0.7	0.95	0.591449	-1.02721	-37.1822
28	39	0.7	0.975	1.21638	-2.33424	-10.5306
28	40	0.7	1	1	0	0
29	0	0.725	0	0	0	69.0461
29	1	0.725	0.025	0.387363	0.754975	69.0461
29	2	0.725	0.05	0.741307	-1.08786	30.3311
29	3	0.725	0.075	-0.765176	0.0731954	107.108
29	4	0.725	0.1	0.455403	0.494328	20.0377
29	5	0.725	0.125	-2.09665	-1.58236	73.122
29	6	0.725	0.15	-0.0763467	0.839688	65.9211
29	7	0.725	0.175	-1.79378	-1.37509	2.06999
29	8	0.725	0.2	-0.703778	-0.00564472	103.441
29	9	0.725	0.225	-0.560248	0.128656	-16.7111
29	10	0.725	0.25	-1.52955	-1.49123	82.4927
29	11	0.725	0.275	0.0637354	0.837334	24.3516
29	12	0.725	0.3	-1.60966	-1.89244	9.43726
29	13	0.725	0.325	-0.356246	0.380531	74.1233
29	14	0.725	0.35	-0.791417	-0.653705	-37.3015
29	15	0.725	0.375	-1.36173	-0.965224	83.1551
29	16	0.725	0.4	-0.0422185	0.451592	-18.0659
29	17	0.725	0.425	-1.76386	-2.0101	29.4012
29	18	0.725	0.45	-0.111196	0.456406	31.8136
29	19	0.725	0.475	-1.18226	-1.53795	-35.6108
29	20	0.725	0.5	-0.995777	-0.466796	65.4949
29	21	0.725	0.525	-0.399825	-0.40389	-49.1081
29	22	0.725	0.55	-1.74254	-1.72329	47.865
29	23	0.725	0.575	-0.0598396	0.0260925	-15.6018
29	24	0.725	0.6	-1.5318	-2.1739	-9.33682
29	25	0.725	0.625	-0.408747	-0.344245	27.6571
29	26	0.725	0.65	-0.887095	-1.59101	-53.0056
29	27	0.725	0.675	-1.14057	-1.29712	46.5593
29	28	0.725	0.7	-0.372366	-0.902353	-52.4225
29	29	0.725	0.725	-1.43072	-2.23032	24.0654
29	30	0.725	0.75	-0.252162	-0.689612	-20.0482
29	31	0.725	0.775	-1.32018	-2.57382	-24.1795
29	32	0.725	0.8	-0.560393	-0.956512	19.8421
29	33	0.725	0.825	-1.11319	-2.34743	-66.2764
29	34	0.725	0.85	-0.596131	-1.54551	47.1618
29	35	0.725	0.875	-0.532453	-1.78505	-81.6836
29	36	0.725	0.9	0.14696	-2.34823	46.0409
29	37	0.725	0.925	0.452592	-1.11743	-61.1548
29	38	0.725	0.95	0.956411	-2.67483	11.0255
29	39	0.725	0.975	1.0377	-1.41142	-26.3683
29	40	0.725	1	1	0	0
30	0	0.75	0	0	0	54.7143
30	1	0.75	0.025	0.571954	-0.681949	54.7143
30	2	0.75	0.05	-0.22196	0.449632	82.7691
30	3	0.75	0.075	0.907913	0.146976	31.5061
30	4	0.75	0.1	-1.8878	-1.05356	73.3846
30	5	0.75	0.125	0.2223	0.807736	62.6446
30	6	0.75	0.15	-1.87727	-1.38141	10.4809
30	7	0.75	0.175	-0.590465	0.124008	100.776
30	8	0.75	0.2	-0.641465	-0.134382	-16.8956
30	9	0.75	0.225	-1.63254	-1.32865	89.9422
30	10	0.75	0.25	0.0723508	0.645293	15.9196
30	11	0.75	0.275	-1.73281	-1.91238	24.2364
30	12	0.75	0.3	-0.172831	0.422234	64.0168
30	13	0.75	0.325	-0.734478	-0.877201	-28.2178
30	14	0.75	0.35	-1.32535	-0.786531	80.0078
30	15	0.75	0.375	0.0520856	0.207552	-18.6527
30	16	0.75	0.4	-1.99116	-1.85438	37.2103
30	17	0.75	0.425	0.0990798	0.3336	23.8551
30	18	0.75	0.45	-1.22992	-1.56721	-23.4083
30	19	0.75	0.475	-0.745022	-0.397166	56.4901
30	20	0.75	0.5	-0.224295	-0.551464	-41.7569
30	21	0.75	0.525	-1.86911	-1.55788	45.1995
30	22	0.75	0.55	0.108925	-0.159637	-16.0641
30	23	0.75	0.575	-1.73684	-2.0161	-2.51317
30	24	0.75	0.6	-0.141898	-0.407318	20.0595
30	25	0.75	0.625	-0.758216	-1.59032	-42.8374
30	26	0.75	0.65	-1.07489	-1.20268	38.5371
30	27	0.75	0.675	-0.131871	-1.03786	-46.6072
30	28	0.75	0.7	-1.638	-2.01865	23.2736
30	29	0.75	0.725	-0.0164593	-0.861419	-23.3759
30	30	0.75	0.75	-1.30162	-2.39518	-14.5798
30	31	0.75	0.775	-0.439713	-1.0073	8.99711
30	32	0.75	0.8	-0.759282	-2.34063	-51.9564
30	33	0.75	0.825	-1.03774	-1.42035	36.3341
30	34	0.75	0.85	-0.227921	-2.06924	-73.0706
30	35	0.75	0.875	-0.889236	-2.03734	46.9688
30	36	0.75	0.9	0.509126	-1.53866	-69.5334
30	37	0.75	0.925	0.0947776	-2.67521	27.7058
30	38	0.75	0.95	1.03876	-1.10823	-39.2563
30	39	0.75	0.975	0.92578	-2.49066	-10.4452
30	40	0.75	1	1	0	0
31	0	0.775	0	0	0	62.275
31	1	0.775	0.025	0.203755	0.252515	62.275
31	2	0.775	0.05	1.0115	-0.00279763	48.1598
31	3	0.775	0.075	-1.3562	-0.658736	62.7509
31	4	0.775	0.1	0.666435	0.664145	66.6237
31	5	0.775	0.125	-1.97693	-1.26565	13.5246
31	6	0.775	0.15	-0.229194	0.103946	99.8819
31	7	0.775	0.175	-0.770799	-0.277243	-15.3416
31	8	0.775	0.2	-1.53759	-1.31152	92.8419
31	9	0.775	0.225	0.0693201	0.407653	12.9531
31	10	0.775	0.25	-2.05008	-1.96108	32.7659
31	11	0.775	0.275	0.0498789	0.2631	57.7529
31	12	0.775	0.3	-0.990767	-1.03367	-20.0982
31	13	0.775	0.325	-0.954607	-0.799686	74.8775
31	14	0.775	0.35	0.0872617	0.0273359	-14.6114
31	15	0.775	0.375	-2.097	-1.87228	36.4909
31	16	0.775	0.4	0.249771	0.0878815	24.0807
31	17	0.775	0.425	-1.59408	-1.58049	-18.967
31	18	0.775	0.45	-0.289276	-0.564107	51.8814
31	19	0.775	0.475	-0.24798	-0.597508	-35.0359
31	20	0.775	0.5	-1.64515	-1.65934	38.4424
31	21	0.775	0.525	0.218606	-0.320206	-9.38523
31	22	0.775	0.55	-2.01051	-1.96927	-6.28667
31	23	0.775	0.575	0.135069	-0.637137	21.1614
31	24	0.775	0.6	-0.943363	-1.48129	-38.85
31	25	0.775	0.625	-0.708056	-1.3624	31.9492
31	26	0.775	0.65	-0.0143095	-1.02758	-37.5538
31	27	0.775	0.675	-1.6768	-1.99716	13.996
31	28	0.775	0.7	0.185106	-1.02833	-16.8026
31	29	0.775	0.725	-1.52239	-2.15038	-15.9527
31	30	0.775	0.75	-0.118975	-1.23399	4.83893
31	31	0.775	0.775	-0.713226	-2.06551	-40.1448
31	32	0.775	0.8	-0.981123	-1.53518	20.4535
31	33	0.775	0.825	-0.0785284	-1.98891	-53.0153
31	34	0.775	0.85	-1.49969	-1.86199	28.361
31	35	0.775	0.875	0.544435	-1.84549	-55.872
31	36	0.775	0.9	-0.916831	-2.28433	23.8412
31	37	0.775	0.925	1.08492	-1.46982	-43.6631
31	38	0.775	0.95	0.333192	-2.3947	0.744978
31	39	0.775	0.975	1.09232	-1.63229	-23.4887
31	40	0.775	1	1	0	0
32	0	0.8	0	0	0	56.1069
32	1	0.8	0.025	0.59318	0.102922	56.1069
32	2	0.8	0.05	-0.481958	-0.651635	52.3832
32	3	0.8	0.075	0.997108	0.614553	73.9435
32	4	0.8	0.1	-1.79662	-1.29923	8.83801
32	5	0.8	0.125	0.244183	0.0210827	105.828
32	6	0.8	0.15	-1.0164	-0.367035	-19.549
32	7	0.8	0.175	-1.07211	-1.46867	99.0582
32	8	0.8	0.2	0.0196414	0.283472	10.556
32	9	0.8	0.225	-2.15894	-2.25914	36.3665
32	10	0.8	0.25	0.146237	0.0396597	58.3865
32	11	0.8	0.275	-1.52531	-1.30471	-20.2837
32	12	0.8	0.3	-0.393797	-0.970902	77.2381
32	13	0.8	0.325	-0.078753	-0.0709826	-15.4037
32	14	0.8	0.35	-1.74209	-2.19748	36.636
32	15	0.8	0.375	0.268704	-0.0872761	28.3203
32	16	0.8	0.4	-1.93741	-1.86612	-23.8699
32	17	0.8	0.425	0.0787495	-0.820702	57.9781
32	18	0.8	0.45	-0.575645	-0.666995	-38.7026
32	19	0.8	0.475	-1.02016	-2.03176	39.8394
32	20	0.8	0.5	0.210949	-0.358721	-5.17455
32	21	0.8	0.525	-1.96659	-2.2999	-14.0162
32	22	0.8	0.55	0.234943	-0.836176	30.5754
32	23	0.8	0.575	-1.31169	-1.52533	-46.8877
32	24	0.8	0.6	-0.230994	-1.69513	36.7974
32	25	0.8	0.625	-0.115306	-0.924102	-36.3792
32	26	0.8	0.65	-1.33889	-2.32615	7.43139
32	27	0.8	0.675	0.234462	-1.05856	-6.87145
32	28	0.8	0.7	-1.6708	-2.17579	-27.3112
32	29	0.8	0.725	0.130592	-1.48674	12.673
32	30	0.8	0.75	-0.909001	-1.79634	-41.4902
32	31	0.8	0.775	-0.58665	-1.89437	14.2083
32	32	0.8	0.8	-0.13414	-1.70613	-38.1857
32	33	0.8	0.825	-1.51582	-2.05234	6.38835
32	34	0.8	0.85	0.397363	-1.84219	-32.116
32	35	0.8	0.875	-1.55216	-2.06995	0.658188
32	36	0.8	0.9	0.984927	-1.83845	-28.4618
32	37	0.8	0.925	-0.477956	-2.11149	-5.7351
32	38	0.8	0.95	1.17728	-1.62756	-21.5909
32	39	0.8	0.975	0.747628	-2.09252	-16.6483
32	40	0.8	1	1	0	0
33	0	0.825	0	0	0	53.8892
33	1	0.825	0.025	0.195118	-0.625146	53.8892
33	2	0.825	0.05	0.972586	0.750427	72.4591
33	3	0.825	0.075	-1.02296	-1.63714	7.31942
33	4	0.825	0.1	0.608162	0.158521	113.869
33	5	0.825	0.125	-1.16781	-0.645026	-31.8116
33	6	0.825	0.15	-0.428059	-1.54596	115.293
33	7	0.825	0.175	-0.107814	0.31781	-0.294608
33	8	0.825	0.2	-1.77749	-2.77478	46.1768
33	9	0.825	0.225	0.106467	-0.0165644	58.9718
33	10	0.825	0.25	-1.93804	-1.89821	-26.4408
33	11	0.825	0.275	-0.0495725	-1.05728	89.57
33	12	0.825	0.3	-0.536497	-0.228164	-28.8113
33	13	0.825	0.325	-0.990833	-2.62507	50.5112
33	14	0.825	0.35	0.189107	-0.0590843	24.8631
33	15	0.825	0.375	-1.83519	-2.54368	-26.8311
33	16	0.825	0.4	0.139484	-0.883747	69.1877
33	17	0.825	0.425	-1.06235	-1.00041	-54.4284
33	18	0.825	0.45	-0.352313	-2.34849	57.2306
33	19	0.825	0.475	0.0594346	-0.285932	-14.4708
33	20	0.825	0.5	-1.43462	-2.951	-10.724
33	21	0.825	0.525	0.159447	-0.80601	37.2334
33	22	0.825	0.55	-1.51826	-1.9577	-60.5873
33	23	0.825	0.575	0.0107989	-1.86989	53.1552
33	24	0.825	0.6	-0.413261	-0.891741	-49.6433
33	25	0.825	0.625	-0.74622	-2.81962	15.9387
33	26	0.825	0.65	0.148677	-0.909602	-5.81256
33	27	0.825	0.675	-1.47529	-2.59612	-36.3759
33	28	0.825	0.7	0.141167	-1.53238	25.459
33	29	0.825	0.725	-1.12057	-1.79609	-55.0513
33	30	0.825	0.75	-0.212012	-2.24521	23.5031
33	31	0.825	0.775	-0.31552	-1.42814	-38.8767
33	32	0.825	0.8	-1.0903	-2.52062	-2.52898
33	33	0.825	0.825	0.129196	-1.63738	-15.336
33	34	0.825	0.85	-1.60255	-2.28543	-24.3035
33	35	0.825	0.875	0.606847	-1.96287	-4.12437
33	36	0.825	0.9	-1.04233	-1.92923	-28.3919
33	37	0.825	0.925	1.05772	-2.0655	-6.99748
33	38	0.825	0.95	0.209772	-1.67032	-21.4904
33	39	0.825	0.975	1.02583	-2.05139	-16.3525
33	40	0.825	1	1	0	0
34	0	0.85	0	0	0	58.1166
34	1	0.85	0.025	0.60551	0.69383	58.1166
34	2	0.85	0.05	0.0710033	-1.81865	23.0423
34	3	0.85	0.075	0.755392	0.666959	109.42
34	4	0.85	0.1	-0.728636	-1.31221	-39.728
34	5	0.85	0.125	-0.0123268	-1.11211	135.432
34	6	0.85	0.15	-0.259556	0.358373	-23.2277
34	7	0.85	0.175	-1.06371	-3.10136	72.8279
34	8	0.85	0.2	0.0489544	0.250587	48.0838
34	9	0.85	0.225	-1.78287	-2.73789	-24.4647
34	10	0.85	0.25	-0.0992559	-0.80206	101.445
34	11	0.85	0.275	-1.07784	-0.700743	-51.7265
34	12	0.85	0.3	-0.378851	-2.67975	81.2718
34	13	0.85	0.325	0.00265183	0.152689	4.23811
34	14	0.85	0.35	-1.18602	-3.34192	-11.1055
34	15	0.85	0.375	0.00569579	-0.579752	70.7085
34	16	0.85	0.4	-1.27048	-1.74823	-70.1873
34	17	0.85	0.425	-0.12627	-2.1804	83.7019
34	18	0.85	0.45	-0.246382	-0.260374	-40.1739
34	19	0.85	0.475	-0.679839	-3.49412	14.815
34	20	0.85	0.5	0.0429957	-0.480676	28.1859
34	21	0.85	0.525	-1.25246	-2.71805	-63.6747
34	22	0.85	0.55	-0.100756	-1.61144	68.1411
34	23	0.85	0.575	-0.713059	-1.13245	-72.0214
34	24	0.85	0.6	-0.323788	-3.01444	41.2819
34	25	0.85	0.625	-0.0100277	-0.649992	-21.4272
34	26	0.85	0.65	-0.940534	-3.18563	-28.6867
34	27	0.85	0.675	-0.00779769	-1.24972	29.4785
34	28	0.85	0.7	-1.08188	-2.14648	-68.5655
34	29	0.85	0.725	-0.148804	-2.25097	40.8498
34	30	0.85	0.75	-0.492114	-1.30816	-54.1324
34	31	0.85	0.775	-0.6043	-2.91906	7.73643
34	32	0.85	0.8	-0.105576	-1.34001	-15.5054
34	33	0.85	0.825	-1.20462	-2.74665	-34.2323
34	34	0.85	0.85	0.11128	-1.8259	12.5809
34	35	0.85	0.875	-1.13107	-2.14431	-51.5588
34	36	0.85	0.9	0.562131	-2.27012	15.8009
34	37	0.85	0.925	-0.245744	-1.57357	-40.8604
34	38	0.85	0.95	0.876161	-2.26524	-1.64598
34	39	0.85	0.975	0.715416	-1.65776	-22.5074
34	40	0.85	1	1	0	0
35	0	0.875	0	0	0	47.7905
35	1	0.875	0.025	0.539541	-1.11456	47.7905
35	2	0.875	0.05	0.707587	1.18584	84.0738
35	3	0.875	0.075	0.381877	-1.97937	-22.1736
35	4	0.875	0.1	0.0133289	-0.0294563	138.703
35	5	0.875	0.125	-0.0139184	0.0330768	-45.5601
35	6	0.875	0.15	-0.628553	-2.58997	110.734
35	7	0.875	0.175	0.0497047	0.779483	20.426
35	8	0.875	0.2	-1.08181	-3.3505	1.21383
35	9	0.875	0.225	-0.283999	-0.0794857	96.7518
35	10	0.875	0.25	-1.11352	-1.49997	-66.2616
35	11	0.875	0.275	-0.444308	-1.99069	113.288
35	12	0.875	0.3	-0.266513	0.280362	-30.9352
35	13	0.875	0.325	-0.499697	-3.65206	30.4384
35	14	0.875	0.35	-0.109199	0.0861432	50.461
35	15	0.875	0.375	-0.836075	-2.65914	-65.3994
35	16	0.875	0.4	-0.396796	-1.38324	98.8637
35	17	0.875	0.425	-0.461938	-0.559259	-70.1443
35	18	0.875	0.45	-0.347439	-3.32618	56.9259
35	19	0.875	0.475	-0.0450386	0.0150262	-1.01032
35	20	0.875	0.5	-0.588006	-3.39075	-41.2178
35	21	0.875	0.525	-0.341323	-0.882169	65.174
35	22	0.875	0.55	-0.647486	-1.67559	-86.2769
35	23	0.875	0.575	-0.429561	-2.52977	68.8341
35	24	0.875	0.6	-0.148291	-0.475765	-49.5602
35	25	0.875	0.625	-0.451808	-3.45391	0.359717
35	26	0.875	0.65	-0.138267	-0.68735	15.1374
35	27	0.875	0.675	-0.675328	-2.64016	-66.2577
35	28	0.875	0.7	-0.375396	-1.75919	50.4502
35	29	0.875	0.725	-0.481455	-1.41957	-71.8842
35	30	0.875	0.75	-0.45016	-2.86352	29.3903
35	31	0.875	0.775	-0.203508	-1.03661	-31.5464
35	32	0.875	0.8	-0.692802	-3.06833	-23.671
35	33	0.875	0.825	-0.24301	-1.46711	11.9621
35	34	0.875	0.85	-0.828403	-2.50614	-59.6888
35	35	0.875	0.875	-0.102982	-2.13781	30.6136
35	36	0.875	0.9	-0.387797	-1.76583	-59.5399
35	37	0.875	0.925	0.346338	-2.53772	17.549
35	38	0.875	0.95	0.357838	-1.27406	-33.9068
35	39	0.875	0.975	0.760119	-2.28999	-11.0177
35	40	0.875	1	1	0	0
36	0	0.9	0	0	0	54.4375
36	1	0.9	0.025	0.549343	0.855669	54.4375
36	2	0.9	0.05	1.11113	-1.67612	18.532
36	3	0.9	0.075	-0.0732992	1.15137	110.281
36	4	0.9	0.1	0.960594	-0.644428	-39.2751
36	5	0.9	0.125	-0.888034	-1.00929	130.67
36	6	0.9	0.15	0.347667	1.1006	-11.6412
36	7	0.9	0.175	-0.611486	-3.00551	48.178
36	8	0.9	0.2	-0.302086	0.981249	68.0623
36	9	0.9	0.225	-0.398402	-2.10434	-50.8606
36	10	0.9	0.25	-0.997157	-0.625301	120.915
36	11	0.9	0.275	-0.190426	0.0264049	-58.9521
36	12	0.9	0.3	-0.643706	-2.87168	79.433
36	13	0.9	0.325	-0.0830365	0.791332	11.0642
36	14	0.9	0.35	-0.134148	-3.10097	-28.0812
36	15	0.9	0.375	-0.730126	-0.12672	84.9772
36	16	0.9	0.4	-0.11186	-1.12479	-79.4603
36	17	0.9	0.425	-0.827234	-2.1917	88.7745
36	18	0.9	0.45	0.0193636	0.298265	-37.9517
36	19	0.9	0.475	-0.220126	-3.34572	4.59032
36	20	0.9	0.5	-0.422329	0.105969	37.4377
36	21	0.9	0.525	-0.0834207	-2.17412	-73.9443
36	22	0.9	0.55	-0.916363	-1.3941	76.1126
36	23	0.9	0.575	-0.0159173	-0.572421	-71.8841
36	24	0.9	0.6	-0.556436	-2.93383	36.2061
36	25	0.9	0.625	-0.101513	-0.111643	-14.2952
36	26	0.9	0.65	-0.18349	-2.84579	-40.9219
36	27	0.9	0.675	-0.614348	-0.878064	39.8898
36	28	0.9	0.7	-0.134288	-1.63531	-75.2172
36	29	0.9	0.725	-0.73947	-2.19704	44.5171
36	30	0.9	0.75	-0.0787367	-0.857681	-51.352
36	31	0.9	0.775	-0.475178	-2.90841	-0.474333
36	32	0.9	0.8	-0.31387	-0.972097	-4.64981
36	33	0.9	0.825	-0.373849	-2.63503	-48.6011
36	34	0.9	0.85	-0.589778	-1.6827	28.1563
36	35	0.9	0.875	-0.213104	-2.0037	-64.3514
36	36	0.9	0.9	-0.378314	-2.36939	29.2749
36	37	0.9	0.925	0.178375	-1.41338	-47.7095
36	38	0.9	0.95	0.220931	-2.39303	4.47819
36	39	0.9	0.975	0.644257	-1.4395	-22.3685
36	40	0.9	1	1	0	0
37	0	0.925	0	0	0	46.2037
37	1	0.925	0.025	0.706804	-0.549753	46.2037
37	2	0.925	0.05	0.103009	1.30837	67.8811
37	3	0.925	0.075	1.60925	-0.78033	1.33121
37	4	0.925	0.1	-1.25387	0.747597	108.358
37	5	0.925	0.125	1.15514	0.808342	-17.0917
37	6	0.925	0.15	-1.06645	-1.39343	82.2493
37	7	0.925	0.175	0.0954609	1.68667	30.0715
37	8	0.925	0.2	0.191513	-1.81711	-5.52754
37	9	0.925	0.225	-1.33958	0.950037	92.7578
37	10	0.925	0.25	0.524214	-0.240504	-52.1895
37	11	0.925	0.275	-1.6292	-1.15213	98.2459
37	12	0.925	0.3	0.304993	0.97592	-21.8461
37	13	0.925	0.325	-0.254071	-2.42805	23.4325
37	14	0.925	0.35	-0.655889	1.03724	45.0753
37	15	0.925	0.375	0.587574	-1.35416	-52.2809
37	16	0.925	0.4	-1.58526	-0.515537	83.4982
37	17	0.925	0.425	0.484748	0.166221	-54.161
37	18	0.925	0.45	-0.811699	-2.22523	43.8578
37	19	0.925	0.475	-0.115272	0.772122	-1.04269
37	20	0.925	0.5	0.329249	-2.07613	-34.7376
37	21	0.925	0.525	-1.21912	-0.0314938	52.5742
37	22	0.925	0.55	0.506608	-0.73042	-67.1794
37	23	0.925	0.575	-1.25276	-1.65891	51.0205
37	24	0.925	0.6	0.241608	0.109307	-39.0784
37	25	0.925	0.625	-0.231112	-2.33969	-5.71522
37	26	0.925	0.65	-0.541527	-0.0114048	11.5954
37	27	0.925	0.675	0.337809	-1.61764	-55.5734
37	28	0.925	0.7	-1.14229	-1.1213	37.6794
37	29	0.925	0.725	0.307088	-0.80688	-57.2248
37	30	0.925	0.75	-0.760099	-2.14726	16.7458
37	31	0.925	0.775	-0.0614594	-0.574407	-24.9369
37	32	0.925	0.8	-0.133649	-2.29514	-26.1475
37	33	0.925	0.825	-0.687864	-1.03583	10.31
37	34	0.925	0.85	0.125082	-1.92426	-52.1897
37	35	0.925	0.875	-0.912863	-1.81694	24.1569
37	36	0.925	0.9	0.253676	-1.53035	-49.4853
37	37	0.925	0.925	-0.460613	-2.25039	12.1551
37	38	0.925	0.95	0.394204	-1.20969	-28.1995
37	39	0.925	0.975	0.393914	-1.98926	-10.2038
37	40	0.925	1	1	0	0
38	0	0.95	0	0	0	46.7769
38	1	0.95	0.025	0.267601	0.446576	46.7769
38	2	0.95	0.05	1.03309	-0.209518	37.8815
38	3	0.95	0.075	-0.812789	1.22471	65.8186
38	4	0.95	0.1	1.49724	0.470722	12.761
38	5	0.95	0.125	-1.57149	0.373182	73.0566
38	6	0.95	0.15	0.82217	1.41148	16.6102
38	7	0.95	0.175	-0.219864	-0.553759	33.9485
38	8	0.95	0.2	-0.857306	1.6842	49.9975
38	9	0.95	0.225	0.994494	0.0195971	-12.2902
38	10	0.95	0.25	-2.24026	0.517309	71.7209
38	11	0.95	0.275	0.919119	0.750729	-18.2678
38	12	0.95	0.3	-1.25736	-0.869198	45.9686
38	13	0.95	0.325	0.0344845	1.24793	10.8528
38	14	0.95	0.35	0.554931	-0.80368	-7.67419
38	15	0.95	0.375	-1.61338	0.767918	45.5928
38	16	0.95	0.4	1.00497	0.0878402	-33.5302
38	17	0.95	0.425	-1.71654	-0.613345	43.8458
38	18	0.95	0.45	0.532503	0.692972	-18.6264
38	19	0.95	0.475	-0.142765	-1.157	1.69262
38	20	0.95	0.5	-0.803857	0.739761	15.3258
38	21	0.95	0.525	0.83352	-0.525457	-35.8481
38	22	0.95	0.55	-1.7019	-0.283358	31.8208
38	23	0.95	0.575	0.731198	0.0463623	-37.2927
38	24	0.95	0.6	-0.865914	-1.19747	10.6576
38	25	0.95	0.625	-0.0246147	0.299398	-12.9218
38	26	0.95	0.65	0.345719	-1.10308	-25.5537
38	27	0.95	0.675	-1.09372	-0.176453	11.6746
38	28	0.95	0.7	0.670502	-0.638297	-41.3817
38	29	0.95	0.725	-1.16581	-1.06212	12.0088
38	30	0.95	0.75	0.377143	-0.402813	-31.4284
38	31	0.95	0.775	-0.336452	-1.48139	-9.73452
38	32	0.95	0.8	-0.353253	-0.514969	-10.0483
38	33	0.95	0.825	0.296621	-1.40813	-31.2939
38	34	0.95	0.85	-0.97448	-1.06736	5.22928
38	35	0.95	0.875	0.443832	-1.2994	-37.1922
38	36	0.95	0.9	-0.886371	-1.62622	5.47141
38	37	0.95	0.925	0.373819	-1.20306	-28.1892
38	38	0.95	0.95	-0.223307	-1.69011	-4.69415
38	39	0.95	0.975	0.456292	-1.24752	-15.5873
38	40	0.95	1	1	0	0
39	0	0.975	0	0	0	46.4453
39	1	0.975	0.025	0.230269	0.0869087	46.4453
39	2	0.975	0.05	-0.0515888	0.480267	45.7986
39	3	0.975	0.075	0.758517	0.367786	41.3832
39	4	0.975	0.1	-0.916503	0.743768	46.1239
39	5	0.975	0.125	0.837192	0.746082	33.6307
39	6	0.975	0.15	-0.654654	0.449216	38.5861
39	7	0.975	0.175	0.039839	1.04095	31.7522
39	8	0.975	0.2	0.495742	0.46281	23.2837
39	9	0.975	0.225	-1.38651	0.906545	32.7765
39	10	0.975	0.25	0.870313	0.573787	12.8856
39	11	0.975	0.275	-1.5192	0.279945	27.9009
39	12	0.975	0.3	0.557062	0.645698	11.2157
39	13	0.975	0.325	-0.180629	0.0439019	14.048
39	14	0.975	0.35	-0.614504	0.741177	14.3213
39	15	0.975	0.375	0.747521	0.26054	0.765046
39	16	0.975	0.4	-1.49053	0.311014	14.5226
39	17	0.975	0.425	0.736653	0.353776	-3.74799
39	18	0.975	0.45	-0.746606	-0.109834	5.84207
39	19	0.975	0.475	0.0130119	0.485724	-1.61152
39	20	0.975	0.5	0.40332	-0.0257066	-7.04016
39	21	0.975	0.525	-1.07918	0.297169	1.23495
39	22	0.975	0.55	0.715776	0.0829961	-13.9636
39	23	0.975	0.575	-1.06708	-0.174378	-1.7732
39	24	0.975	0.6	0.403005	0.127387	-13.4683
39	25	0.975	0.625	-0.110751	-0.320659	-10.7365
39	26	0.975	0.65	-0.427873	0.097547	-9.77566
39	27	0.975	0.675	0.513923	-0.23371	-18.3435
39	28	0.975	0.7	-0.943866	-0.236933	-8.37498
39	29	0.975	0.725	0.515862	-0.236633	-19.8799
39	30	0.975	0.75	-0.552864	-0.541232	-11.8291
39	31	0.975	0.775	0.0947324	-0.271098	-16.9563
39	32	0.975	0.8	0.0975008	-0.615779	-17.358
39	33	0.975	0.825	-0.508442	-0.450527	-13.1369
39	34	0.975	0.85	0.395482	-0.676351	-20.2747
39	35	0.975	0.875	-0.734265	-0.776642	-10.9377
39	36	0.975	0.9	0.38062	-0.78901	-18.635
39	37	0.975	0.925	-0.436723	-1.00748	-10.4821
39	38	0.975	0.95	0.261753	-0.843307	-13.1138
39	39	0.975	0.975	0.220716	-1.01628	-9.93361
39	40	0.975	1	1	0	0
40	0	1	0	0	0	46.4453
40	1	1	0.025	0	0	46.4453
40	2	1	0.05	0	0	45.7986
40	3	1	0.075	0	0	41.3832
40	4	1	0.1	0	0	46.1239
40	5	1	0.125	0	0	33.6307
40	6	1	0.15	0	0	38.5861
40	7	1	0.175	0	0	31.7522
40	8	1	0.2	0	0	23.2837
40	9	1	0.225	0	0	32.7765
40	10	1	0.25	0	0	12.8856
40	11	1	0.275	0	0	27.9009
40	12	1	0.3	0	0	11.2157
40	13	1	0.325	0	0	14.048
40	14	1	0.35	0	0	14.3213
40	15	1	0.375	0	0	0.765046
40	16	1	0.4	0	0	14.5226
40	17	1	0.425	0	0	-3.74799
40	18	1	0.45	0	0	5.84207
40	19	1	0.475	0	0	-1.61152
40	20	1	0.5	0	0	-7.04016
40	21	1	0.525	0	0	1.23495
40	22	1	0.55	0	0	-13.9636
40	23	1	0.575	0	0	-1.7732
40	24	1	0.6	0	0	-13.4683
40	25	1	0.625	0	0	-10.7365
40	26	1	0.65	0	0	-9.77566
40	27	1	0.675	0	0	-18.3435
40	28	1	0.7	0	0	-8.37498
40	29	1	0.725	0	0	-19.8799
40	30	1	0.75	0	0	-11.8291
40	31	1	0.775	0	0	-16.9563
40	32	1	0.8	0	0	-17.358
40	33	1	0.825	0	0	-13.1369
40	34	1	0.85	0	0	-20.2747
40	35	1	0.875	0	0	-10.9377
40	36	1	0.9	0	0	-18.635
40	37	1	0.925	0	0	-10.4821
40	38	1	0.95	0	0	-13.1138
40	39	1	0.975	0	0	-9.93361
40	40	1	1	1	0	0
