# i		j		x		y		u		v		p
# nx		ny		
# 41		41
# =================================
0	0	0	0	0	0	-3.70307
0	1	0	0.025	0	0	-3.70307
0	2	0	0.05	0	0	-3.71906
0	3	0	0.075	0	0	-3.70576
0	4	0	0.1	0	0	-3.72997
0	5	0	0.125	0	0	-3.67442
0	6	0	0.15	0	0	-3.68926
0	7	0	0.175	0	0	-3.64178
0	8	0	0.2	0	0	-3.59428
0	9	0	0.225	0	0	-3.60512
0	10	0	0.25	0	0	-3.47833
0	11	0	0.275	0	0	-3.52656
0	12	0	0.3	0	0	-3.38873
0	13	0	0.325	0	0	-3.37771
0	14	0	0.35	0	0	-3.33587
0	15	0	0.375	0	0	-3.18742
0	16	0	0.4	0	0	-3.27127
0	17	0	0.425	0	0	-3.03149
0	18	0	0.45	0	0	-3.13574
0	19	0	0.475	0	0	-2.9583
0	20	0	0.5	0	0	-2.93627
0	21	0	0.525	0	0	-2.93654
0	22	0	0.55	0	0	-2.75775
0	23	0	0.575	0	0	-2.90152
0	24	0	0.6	0	0	-2.67491
0	25	0	0.625	0	0	-2.84846
0	26	0	0.65	0	0	-2.6754
0	27	0	0.675	0	0	-2.84734
0	28	0	0.7	0	0	-2.72403
0	29	0	0.725	0	0	-2.93971
0	30	0	0.75	0	0	-2.88027
0	31	0	0.775	0	0	-3.06041
0	32	0	0.8	0	0	-3.25815
0	33	0	0.825	0	0	-3.17583
0	34	0	0.85	0	0	-3.84876
0	35	0	0.875	0	0	-3.48498
0	36	0	0.9	0	0	-4.48585
0	37	0	0.925	0	0	-4.27068
0	38	0	0.95	0	0	-5.02337
0	39	0	0.975	0	0	-5.62097
0	40	0	1	1	0	0
1	0	0.025	0	0	0	-3.70307
1	1	0.025	0.025	0.0157557	0.000596007	-3.70307
1	2	0.025	0.05	0.0194599	-0.000458514	-3.71906
1	3	0.025	0.075	0.0242361	-0.00096674	-3.70576
1	4	0.025	0.1	0.0196127	-0.00352799	-3.72997
1	5	0.025	0.125	0.0249682	-0.00559316	-3.67442
1	6	0.025	0.15	0.0208723	-0.00624399	-3.68926
1	7	0.025	0.175	0.020425	-0.0102591	-3.64178
1	8	0.025	0.2	0.0256066	-0.00907203	-3.59428
1	9	0.025	0.225	0.0140666	-0.0129879	-3.60512
1	10	0.025	0.25	0.0283606	-0.013023	-3.47833
1	11	0.025	0.275	0.0132559	-0.0133096	-3.52656
1	12	0.025	0.3	0.0224264	-0.0172739	-3.38873
1	13	0.025	0.325	0.0215867	-0.012956	-3.37771
1	14	0.025	0.35	0.0091179	-0.0190623	-3.33587
1	15	0.025	0.375	0.0318483	-0.0141641	-3.18742
1	16	0.025	0.4	0.00026284	-0.0163904	-3.27127
1	17	0.025	0.425	0.0305382	-0.0167071	-3.03149
1	18	0.025	0.45	0.00714361	-0.0108226	-3.13574
1	19	0.025	0.475	0.012723	-0.0168788	-2.9583
1	20	0.025	0.5	0.0254912	-0.0058897	-2.93627
1	21	0.025	0.525	-0.00846603	-0.0105734	-2.93654
1	22	0.025	0.55	0.0363561	-0.00254022	-2.75775
1	23	0.025	0.575	-0.0128996	0.00142317	-2.90152
1	24	0.025	0.6	0.0261011	0.00249823	-2.67491
1	25	0.025	0.625	0.00264609	0.0139657	-2.84846
1	26	0.025	0.65	0.00384095	0.0137345	-2.6754
1	27	0.025	0.675	0.0189784	0.0249955	-2.84734
1	28	0.025	0.7	-0.0073343	0.0304373	-2.72403
1	29	0.025	0.725	0.0193993	0.0375697	-2.93971
1	30	0.025	0.75	-0.000741543	0.044885	-2.88027
1	31	0.025	0.775	0.0131382	0.0534266	-3.06041
1	32	0.025	0.8	0.00390486	0.0525883	-3.25815
1	33	0.025	0.825	0.0232873	0.0663301	-3.17583
1	34	0.025	0.85	-0.00439347	0.0562106	-3.84876
1	35	0.025	0.875	0.0546231	0.0600812	-3.48498
1	36	0.025	0.9	0.0107974	0.0445816	-4.48585
1	37	0.025	0.925	0.113705	0.00442112	-4.27068
1	38	0.025	0.95	0.158081	-0.0479076	-5.02337
1	39	0.025	0.975	0.40781	-0.244234	-5.62097
1	40	0.025	1	1	0	0
2	0	0.05	0	0	0	-3.45567
2	1	0.05	0.025	0.00953701	-0.00177052	-3.45567
2	2	0.05	0.05	0.0167383	-3.53675e-05	-3.41195
2	3	0.05	0.075	0.0135381	-0.00522955	-3.51667
2	4	0.05	0.1	0.0213591	-0.0055224	-3.3252
2	5	0.05	0.125	0.0139921	-0.00677224	-3.51063
2	6	0.05	0.15	0.0171358	-0.0148468	-3.33727
2	7	0.05	0.175	0.0195037	-0.00824565	-3.32065
2	8	0.05	0.2	0.00696223	-0.0210786	-3.47047
2	9	0.05	0.225	0.025678	-0.0145866	-3.04284
2	10	0.05	0.25	0.00107267	-0.019409	-3.52596
2	11	0.05	0.275	0.0210625	-0.0262851	-2.94207
2	12	0.05	0.3	0.00940918	-0.013271	-3.26055
2	13	0.05	0.325	0.00131529	-0.0351587	-3.16233
2	14	0.05	0.35	0.0271956	-0.0127617	-2.7163
2	15	0.05	0.375	-0.0195788	-0.0306695	-3.46325
2	16	0.05	0.4	0.0331381	-0.0233689	-2.31301
2	17	0.05	0.425	-0.018029	-0.0131684	-3.36552
2	18	0.05	0.45	0.00923444	-0.0360916	-2.46532
2	19	0.05	0.475	0.0114555	0.00263882	-2.69076
2	20	0.05	0.5	-0.0340737	-0.0324541	-3.05308
2	21	0.05	0.525	0.041358	0.00330478	-1.9015
2	22	0.05	0.55	-0.05798	-0.00516145	-3.41904
2	23	0.05	0.575	0.0344438	-0.00571898	-1.70199
2	24	0.05	0.6	-0.0346794	0.0287445	-3.08223
2	25	0.05	0.625	-0.0147495	-0.00211483	-2.22569
2	26	0.05	0.65	0.0144793	0.0469398	-2.3777
2	27	0.05	0.675	-0.0641954	0.0282249	-2.82615
2	28	0.05	0.7	0.0389288	0.0505228	-2.09596
2	29	0.05	0.725	-0.065309	0.0668774	-2.92763
2	30	0.05	0.75	0.0178367	0.0608254	-2.42652
2	31	0.05	0.775	-0.0244879	0.0815957	-2.88607
2	32	0.05	0.8	-0.0117986	0.0859883	-2.66432
2	33	0.05	0.825	0.00729492	0.0698963	-3.47834
2	34	0.05	0.85	0.00506073	0.0934581	-2.37375
2	35	0.05	0.875	0.0208493	0.0487684	-4.54736
2	36	0.05	0.9	0.0876731	0.0292434	-2.35167
2	37	0.05	0.925	0.112886	-0.0177706	-4.95062
2	38	0.05	0.95	0.295802	-0.137639	-3.30903
2	39	0.05	0.975	0.525775	-0.278475	-4.70255
2	40	0.05	1	1	0	0
3	0	0.075	0	0	0	-3.19999
3	1	0.075	0.025	0.00815975	0.000476972	-3.19999
3	2	0.075	0.05	0.0105737	-0.00687298	-3.28004
3	3	0.075	0.075	0.0175506	-0.00293283	-3.04192
3	4	0.075	0.1	0.0124094	-0.00798643	-3.37101
3	5	0.075	0.125	0.0170125	-0.014414	-2.99269
3	6	0.075	0.15	0.0157796	-0.00569825	-3.18768
3	7	0.075	0.175	0.00835653	-0.0260123	-3.23423
3	8	0.075	0.2	0.021385	-0.00931525	-2.72677
3	9	0.075	0.225	-0.000592946	-0.0259537	-3.53942
3	10	0.075	0.25	0.020076	-0.0254281	-2.42034
3	11	0.075	0.275	0.00160492	-0.0132307	-3.37687
3	12	0.075	0.3	0.00339621	-0.0455211	-2.74287
3	13	0.075	0.325	0.0168733	-0.00380232	-2.52155
3	14	0.075	0.35	-0.0219522	-0.0482435	-3.54203
3	15	0.075	0.375	0.0283767	-0.0162341	-1.56694
3	16	0.075	0.4	-0.0320916	-0.0220352	-3.88945
3	17	0.075	0.425	0.0118662	-0.0468655	-1.55764
3	18	0.075	0.45	-0.00917236	0.0138807	-2.95665
3	19	0.075	0.475	-0.0367186	-0.0629321	-2.81948
3	20	0.075	0.5	0.029883	0.0234979	-1.17147
3	21	0.075	0.525	-0.0825268	-0.0321322	-4.22591
3	22	0.075	0.55	0.0396758	-0.00447058	-0.154635
3	23	0.075	0.575	-0.0757734	0.0331344	-4.12539
3	24	0.075	0.6	-0.011254	-0.0349494	-1.08715
3	25	0.075	0.625	-0.0116473	0.0791586	-2.29106
3	26	0.075	0.65	-0.0974778	-0.0156568	-3.15977
3	27	0.075	0.675	0.0519344	0.0734949	-0.486635
3	28	0.075	0.7	-0.140741	0.0564468	-4.2398
3	29	0.075	0.725	0.0515304	0.0449831	-0.534278
3	30	0.075	0.75	-0.0908428	0.114422	-3.48833
3	31	0.075	0.775	-0.0136691	0.0487995	-2.00255
3	32	0.075	0.8	0.00854529	0.102538	-2.54296
3	33	0.075	0.825	-0.0631487	0.085493	-2.71831
3	34	0.075	0.85	0.0817799	0.0450253	-3.20754
3	35	0.075	0.875	-0.00444729	0.0695492	-2.00246
3	36	0.075	0.9	0.145779	-0.0169714	-4.62546
3	37	0.075	0.925	0.200024	-0.0733081	-1.80761
3	38	0.075	0.95	0.371275	-0.130575	-4.45367
3	39	0.075	0.975	0.633659	-0.317122	-3.37408
3	40	0.075	1	1	0	0
4	0	0.1	0	0	0	-2.98276
4	1	0.1	0.025	0.00540641	-0.00542552	-2.98276
4	2	0.1	0.05	0.010544	-0.000769636	-2.84422
4	3	0.1	0.075	0.0114426	-0.0101286	-3.14007
4	4	0.1	0.1	0.013388	-0.0104687	-2.68298
4	5	0.1	0.125	0.0139924	-0.00642298	-3.08571
4	6	0.1	0.15	0.00940252	-0.0257789	-2.86178
4	7	0.1	0.175	0.0153685	-0.00459553	-2.60074
4	8	0.1	0.2	0.00335482	-0.0318625	-3.33205
4	9	0.1	0.225	0.01294	-0.0177476	-2.041
4	10	0.1	0.25	0.0014512	-0.0190949	-3.47312
4	11	0.1	0.275	0.00232094	-0.0447914	-2.14252
4	12	0.1	0.3	0.00661441	0.000312481	-2.66773
4	13	0.1	0.325	-0.0155674	-0.0618333	-3.16151
4	14	0.1	0.35	0.0119915	-0.00225729	-1.23389
4	15	0.1	0.375	-0.0289696	-0.0414012	-4.16863
4	16	0.1	0.4	0.0025133	-0.0400701	-0.573762
4	17	0.1	0.425	-0.0222568	0.0101516	-3.63705
4	18	0.1	0.45	-0.0318246	-0.0832168	-1.87745
4	19	0.1	0.475	0.00278182	0.0442941	-1.22642
4	20	0.1	0.5	-0.0773491	-0.0743	-4.39906
4	21	0.1	0.525	0.0177185	0.0177177	1.17964
4	22	0.1	0.55	-0.0932605	0.00680689	-5.51103
4	23	0.1	0.575	-0.0124984	-0.0510765	0.921592
4	24	0.1	0.6	-0.050779	0.0992928	-3.35383
4	25	0.1	0.625	-0.0945365	-0.0806682	-2.4334
4	26	0.1	0.65	0.0218821	0.118511	0.591694
4	27	0.1	0.675	-0.173985	-0.00751215	-5.87181
4	28	0.1	0.7	0.0586878	0.0542698	2.53149
4	29	0.1	0.725	-0.163678	0.116584	-5.89498
4	30	0.1	0.75	0.0128556	-0.0116996	0.485827
4	31	0.1	0.775	-0.0448339	0.16434	-2.82964
4	32	0.1	0.8	-0.0851896	0.00586946	-3.06843
4	33	0.1	0.825	0.105009	0.0901291	-0.627089
4	34	0.1	0.85	-0.11076	0.0650694	-4.09427
4	35	0.1	0.875	0.215915	-0.0267922	-1.73303
4	36	0.1	0.9	0.051292	0.017003	-2.52351
4	37	0.1	0.925	0.345675	-0.117139	-3.73556
4	38	0.1	0.95	0.422613	-0.169878	-1.91196
4	39	0.1	0.975	0.696934	-0.258695	-3.71773
4	40	0.1	1	1	0	0
5	0	0.125	0	0	0	-2.68876
5	1	0.125	0.025	0.00394196	-5.67506e-05	-2.68876
5	2	0.125	0.05	0.0087887	-0.00985933	-2.80977
5	3	0.125	0.075	0.00758485	-0.00643591	-2.49304
5	4	0.125	0.1	0.0142696	-0.00946455	-2.88156
5	5	0.125	0.125	0.00677856	-0.0206712	-2.51027
5	6	0.125	0.15	0.0126754	-0.00536661	-2.56276
5	7	0.125	0.175	0.0069032	-0.0322556	-2.90818
5	8	0.125	0.2	0.00425357	-0.011392	-1.95264
5	9	0.125	0.225	0.00828955	-0.0271371	-3.27487
5	10	0.125	0.25	-0.00615907	-0.0350511	-1.71533
5	11	0.125	0.275	0.00613492	-0.00680114	-2.8532
5	12	0.125	0.3	-0.0129299	-0.0617165	-2.46371
5	13	0.125	0.325	-0.00380964	0.00366425	-1.45335
5	14	0.125	0.35	-0.0147989	-0.0591368	-3.77383
5	15	0.125	0.375	-0.0207417	-0.0230634	-0.172304
5	16	0.125	0.4	-0.014341	-0.0125955	-4.04507
5	17	0.125	0.425	-0.0404758	-0.0781248	-0.726953
5	18	0.125	0.45	-0.0157297	0.0424959	-2.01133
5	19	0.125	0.475	-0.0599766	-0.103877	-3.44566
5	20	0.125	0.5	-0.0248316	0.0430157	1.29587
5	21	0.125	0.525	-0.0719737	-0.043991	-5.97199
5	22	0.125	0.55	-0.0476682	-0.0323667	2.64983
5	23	0.125	0.575	-0.0621016	0.0763027	-5.00285
5	24	0.125	0.6	-0.0914921	-0.116834	-0.338142
5	25	0.125	0.625	-0.0298492	0.150741	-0.122127
5	26	0.125	0.65	-0.150414	-0.0974349	-5.8521
5	27	0.125	0.675	0.00167392	0.102048	4.68641
5	28	0.125	0.7	-0.174581	0.0510312	-8.61754
5	29	0.125	0.725	-0.00122833	-0.0274492	4.4915
5	30	0.125	0.75	-0.104638	0.195351	-5.48047
5	31	0.125	0.775	-0.0654777	-0.0995799	-1.04307
5	32	0.125	0.8	0.0494715	0.183891	0.444731
5	33	0.125	0.825	-0.141682	-0.0323641	-6.38951
5	34	0.125	0.85	0.221055	0.0261151	2.99396
5	35	0.125	0.875	-0.0816074	0.0524745	-6.50589
5	36	0.125	0.9	0.36881	-0.133486	0.385203
5	37	0.125	0.925	0.218573	-0.0309374	-3.32936
5	38	0.125	0.95	0.571675	-0.201514	-2.57636
5	39	0.125	0.975	0.71364	-0.245837	-2.46663
5	40	0.125	1	1	0	0
6	0	0.15	0	0	0	-2.47226
6	1	0.15	0.025	0.00375915	-0.00534664	-2.47226
6	2	0.15	0.05	0.00285463	-0.00479599	-2.37106
6	3	0.15	0.075	0.0132556	-0.0103289	-2.54399
6	4	0.15	0.1	0.00172175	-0.0148988	-2.30501
6	5	0.15	0.125	0.0138249	-0.00988388	-2.41443
6	6	0.15	0.15	0.00530818	-0.0261396	-2.47904
6	7	0.15	0.175	0.000486607	-0.0124872	-2.01656
6	8	0.15	0.2	0.0142283	-0.0292002	-2.7666
6	9	0.15	0.225	-0.0169081	-0.0263984	-1.67832
6	10	0.15	0.25	0.0147622	-0.0191162	-2.67841
6	11	0.15	0.275	-0.0207752	-0.049045	-1.93771
6	12	0.15	0.3	-0.00648921	-0.00670249	-1.80898
6	13	0.15	0.325	-0.00645133	-0.0602369	-2.87752
6	14	0.15	0.35	-0.0429017	-0.0155219	-0.562687
6	15	0.15	0.375	0.00677833	-0.0372623	-3.56306
6	16	0.15	0.4	-0.0673075	-0.0563295	-0.279917
6	17	0.15	0.425	-0.00783365	0.0121613	-2.58495
6	18	0.15	0.45	-0.0603772	-0.0986014	-2.02171
6	19	0.15	0.475	-0.0558122	0.039516	0.239845
6	20	0.15	0.5	-0.0365497	-0.0819743	-4.79052
6	21	0.15	0.525	-0.108676	-0.00302124	2.70118
6	22	0.15	0.55	-0.0277085	0.0157549	-5.51024
6	23	0.15	0.575	-0.130251	-0.0983176	1.59128
6	24	0.15	0.6	-0.0490725	0.125796	-1.92042
6	25	0.15	0.625	-0.122974	-0.145586	-3.65888
6	26	0.15	0.65	-0.0850657	0.139121	4.13135
6	27	0.15	0.675	-0.113099	-0.0498649	-8.89175
6	28	0.15	0.7	-0.100056	0.0194987	7.13619
6	29	0.15	0.725	-0.0909738	0.139898	-8.48278
6	30	0.15	0.75	-0.0925814	-0.135994	3.02419
6	31	0.15	0.775	-0.0203861	0.242891	-1.62394
6	32	0.15	0.8	-0.103977	-0.161774	-5.50954
6	33	0.15	0.825	0.11662	0.142048	5.70513
6	34	0.15	0.85	-0.0965524	-0.0292453	-10.6095
6	35	0.15	0.875	0.305175	-0.082923	6.6659
6	36	0.15	0.9	0.0741315	0.0595316	-8.25321
6	37	0.15	0.925	0.509833	-0.236171	1.64983
6	38	0.15	0.95	0.47813	-0.0583539	-3.2889
6	39	0.15	0.975	0.787271	-0.258845	-2.32157
6	40	0.15	1	1	0	0
7	0	0.175	0	0	0	-2.19486
7	1	0.175	0.025	0.000815694	-0.00395361	-2.19486
7	2	0.175	0.05	0.00869191	-0.00669754	-2.18681
7	3	0.175	0.075	-0.00172312	-0.0124826	-2.1978
7	4	0.175	0.1	0.0147676	-0.0120716	-2.08957
7	5	0.175	0.125	0.00010599	-0.0186645	-2.23628
7	6	0.175	0.15	0.00311165	-0.0189721	-1.95403
7	7	0.175	0.175	0.0130807	-0.0225794	-2.22839
7	8	0.175	0.2	-0.0210917	-0.0273324	-1.86725
7	9	0.175	0.225	0.0226574	-0.0246585	-2.08688
7	10	0.175	0.25	-0.0327564	-0.0366759	-1.91491
7	11	0.175	0.275	0.00377057	-0.0254957	-1.73434
7	12	0.175	0.3	-0.0130692	-0.0443915	-2.14474
7	13	0.175	0.325	-0.0472292	-0.0294284	-1.20596
7	14	0.175	0.35	0.0197255	-0.0423788	-2.376
7	15	0.175	0.375	-0.0934339	-0.0443494	-0.877714
7	16	0.175	0.4	0.0172798	-0.024602	-2.06455
7	17	0.175	0.425	-0.0859712	-0.0686825	-1.38341
7	18	0.175	0.45	-0.0512148	-0.00281847	-0.729724
7	19	0.175	0.475	-0.0260163	-0.0765765	-2.8108
7	20	0.175	0.5	-0.153064	-0.00754983	1.08235
7	21	0.175	0.525	0.0207653	-0.0353464	-3.86965
7	22	0.175	0.55	-0.201787	-0.0581852	1.45446
7	23	0.175	0.575	-0.0133389	0.0466905	-2.51492
7	24	0.175	0.6	-0.148542	-0.118398	-1.30291
7	25	0.175	0.625	-0.128691	0.103537	1.7541
7	26	0.175	0.65	-0.0509043	-0.101582	-5.9966
7	27	0.175	0.675	-0.233997	0.061557	6.01865
7	28	0.175	0.7	0.00110622	0.0317509	-8.27413
7	29	0.175	0.725	-0.221695	-0.078373	5.44895
7	30	0.175	0.75	-0.00900173	0.190645	-4.3944
7	31	0.175	0.775	-0.110398	-0.197169	-1.6582
7	32	0.175	0.8	-0.0106942	0.216002	4.06423
7	33	0.175	0.825	-0.00898851	-0.153434	-10.3066
7	34	0.175	0.85	0.102499	0.0463053	10.083
7	35	0.175	0.875	0.0911269	0.0117559	-12.8187
7	36	0.175	0.9	0.351143	-0.1926	8.02172
7	37	0.175	0.925	0.330196	0.0661736	-7.70608
7	38	0.175	0.95	0.645289	-0.277325	1.13402
7	39	0.175	0.975	0.755251	-0.114761	-2.51588
7	40	0.175	1	1	0	0
8	0	0.2	0	0	0	-1.92687
8	1	0.2	0.025	0.00264075	-0.00136718	-1.92687
8	2	0.2	0.05	-0.00172163	-0.0125221	-2.02628
8	3	0.2	0.075	0.0116954	-0.00837225	-1.72339
8	4	0.2	0.1	-0.00345328	-0.0157806	-2.14533
8	5	0.2	0.125	0.0071678	-0.0228733	-1.64382
8	6	0.2	0.15	0.00651916	-0.0133482	-1.94019
8	7	0.2	0.175	-0.0160372	-0.0360127	-1.90424
8	8	0.2	0.2	0.0215312	-0.0183492	-1.43218
8	9	0.2	0.225	-0.03711	-0.0365191	-2.21821
8	10	0.2	0.25	0.0144426	-0.03628	-1.09955
8	11	0.2	0.275	-0.0268917	-0.0274901	-2.06378
8	12	0.2	0.3	-0.0332748	-0.0555929	-1.32447
8	13	0.2	0.325	0.0125837	-0.0250852	-1.34936
8	14	0.2	0.35	-0.0968715	-0.0596818	-1.86125
8	15	0.2	0.375	0.0327224	-0.0383399	-0.60697
8	16	0.2	0.4	-0.113362	-0.0485502	-2.07346
8	17	0.2	0.425	-0.0221071	-0.056584	-0.375299
8	18	0.2	0.45	-0.0501049	-0.0384931	-1.70855
8	19	0.2	0.475	-0.149001	-0.0622715	-0.576314
8	20	0.2	0.5	0.0355189	-0.036144	-1.11085
8	21	0.2	0.525	-0.252194	-0.0567449	-0.834682
8	22	0.2	0.55	0.0379356	-0.0286633	-0.504328
8	23	0.2	0.575	-0.217614	-0.058907	-1.31351
8	24	0.2	0.6	-0.0998546	-0.00562473	0.544995
8	25	0.2	0.625	-0.0589895	-0.063124	-2.52683
8	26	0.2	0.65	-0.306501	0.0135537	2.26549
8	27	0.2	0.675	0.0806752	-0.0291529	-3.95644
8	28	0.2	0.7	-0.389434	-0.0174109	3.17769
8	29	0.2	0.725	0.0838894	0.0596464	-3.46211
8	30	0.2	0.75	-0.233736	-0.107102	0.647078
8	31	0.2	0.775	-0.0404274	0.146418	0.919315
8	32	0.2	0.8	0.0347571	-0.165656	-5.65328
8	33	0.2	0.825	-0.125348	0.125171	7.48905
8	34	0.2	0.85	0.231697	-0.0950116	-11.4196
8	35	0.2	0.875	0.0335645	-0.0473937	10.4529
8	36	0.2	0.9	0.366437	0.0431972	-11.0752
8	37	0.2	0.925	0.410683	-0.240669	6.06898
8	38	0.2	0.95	0.601022	0.0418516	-4.99284
8	39	0.2	0.975	0.803918	-0.248964	-0.63876
8	40	0.2	1	1	0	0
9	0	0.225	0	0	0	-1.71596
9	1	0.225	0.025	-0.000393478	-0.00953797	-1.71596
9	2	0.225	0.05	0.00553994	-0.00169746	-1.48682
9	3	0.225	0.075	-0.00267684	-0.0175949	-1.99764
9	4	0.225	0.1	0.00709	-0.0188189	-1.23895
9	5	0.225	0.125	0.00134815	-0.00978277	-1.89521
9	6	0.225	0.15	-0.00773792	-0.0423226	-1.59081
9	7	0.225	0.175	0.0129968	-0.00704161	-1.10592
9	8	0.225	0.2	-0.0294948	-0.0475467	-2.35413
9	9	0.225	0.225	0.0143187	-0.0307917	-0.334024
9	10	0.225	0.25	-0.0326191	-0.0256411	-2.46176
9	11	0.225	0.275	-0.0170051	-0.0724053	-0.681222
9	12	0.225	0.3	-0.00522138	-0.00409351	-1.16776
9	13	0.225	0.325	-0.0760942	-0.0923486	-2.20629
9	14	0.225	0.35	0.0231572	-0.0222063	0.707974
9	15	0.225	0.375	-0.114366	-0.062338	-3.33017
9	16	0.225	0.4	-0.00265951	-0.0824196	1.22208
9	17	0.225	0.425	-0.080019	-0.00947437	-2.29233
9	18	0.225	0.45	-0.109848	-0.133826	-0.605382
9	19	0.225	0.475	0.00596999	0.00462927	0.625563
9	20	0.225	0.5	-0.240566	-0.117886	-3.25788
9	21	0.225	0.525	0.047325	-0.0455594	2.93487
9	22	0.225	0.55	-0.264685	-0.0431507	-3.9494
9	23	0.225	0.575	-0.0476654	-0.115807	2.43415
9	24	0.225	0.6	-0.124472	0.0147942	-1.75573
9	25	0.225	0.625	-0.278099	-0.128798	-0.279022
9	26	0.225	0.65	0.0673311	0.00807108	1.20766
9	27	0.225	0.675	-0.473306	-0.0649116	-2.37667
9	28	0.225	0.7	0.147287	-0.031312	2.30009
9	29	0.225	0.725	-0.400755	-0.00749653	-2.36618
9	30	0.225	0.75	0.0276322	-0.0340576	1.69622
9	31	0.225	0.775	-0.0594306	-0.032077	-2.15906
9	32	0.225	0.8	-0.219625	0.0209415	2.28909
9	33	0.225	0.825	0.305935	-0.0856402	-4.18381
9	34	0.225	0.85	-0.297923	0.0427153	5.09459
9	35	0.225	0.875	0.518143	-0.0629616	-7.10339
9	36	0.225	0.9	0.0187461	-0.0670401	6.25905
9	37	0.225	0.925	0.62007	0.0168759	-6.40908
9	38	0.225	0.95	0.550597	-0.194463	2.46109
9	39	0.225	0.975	0.81872	-0.041556	-2.31756
9	40	0.225	1	1	0	0
10	0	0.25	0	0	0	-1.37834
10	1	0.25	0.025	0.000799195	0.00196032	-1.37834
10	2	0.25	0.05	-0.000100753	-0.0180386	-1.65727
10	3	0.25	0.075	0.00275128	-0.00948147	-0.977958
10	4	0.25	0.1	0.0016207	-0.0134876	-1.83397
10	5	0.25	0.125	-0.00385821	-0.0384965	-1.09129
10	6	0.25	0.15	0.00566751	-0.00176579	-1.14655
10	7	0.25	0.175	-0.0169438	-0.057374	-2.02182
10	8	0.25	0.2	0.00462001	-0.0164959	0.0338419
10	9	0.25	0.225	-0.0237647	-0.0393255	-2.71446
10	10	0.25	0.25	-0.0135633	-0.0675594	0.217538
10	11	0.25	0.275	-0.0143754	-0.000361377	-1.68067
10	12	0.25	0.3	-0.0510406	-0.11504	-1.53592
10	13	0.25	0.325	-0.000223071	0.00247143	0.963403
10	14	0.25	0.35	-0.0858221	-0.100011	-3.85776
10	15	0.25	0.375	-0.013163	-0.0681709	2.75728
10	16	0.25	0.4	-0.0808899	-0.0206012	-3.71821
10	17	0.25	0.425	-0.0793571	-0.171194	1.02849
10	18	0.25	0.45	-0.0324402	0.0393659	0.224074
10	19	0.25	0.475	-0.182716	-0.202022	-3.67475
10	20	0.25	0.5	0.0038511	-0.00815422	5.1799
10	21	0.25	0.525	-0.240048	-0.102179	-6.83407
10	22	0.25	0.55	-0.0434486	-0.153755	6.14813
10	23	0.25	0.575	-0.169771	0.0448424	-4.18263
10	24	0.25	0.6	-0.210435	-0.272814	0.954107
10	25	0.25	0.625	-0.0156808	0.0907257	3.13794
10	26	0.25	0.65	-0.423262	-0.225645	-6.42782
10	27	0.25	0.675	0.0936013	-0.0136645	8.94697
10	28	0.25	0.7	-0.467445	-0.033838	-9.01912
10	29	0.25	0.725	0.057761	-0.175463	7.91192
10	30	0.25	0.75	-0.20886	0.109592	-4.45451
10	31	0.25	0.775	-0.1728	-0.224861	1.27194
10	32	0.25	0.8	0.205089	0.0742731	2.06616
10	33	0.25	0.825	-0.43522	-0.0891339	-3.73807
10	34	0.25	0.85	0.550088	-0.0593525	3.70187
10	35	0.25	0.875	-0.356452	0.0565099	-2.50613
10	36	0.25	0.9	0.723034	-0.117415	0.117058
10	37	0.25	0.925	0.167392	0.00830885	0.670483
10	38	0.25	0.95	0.781902	-0.0589856	-2.08093
10	39	0.25	0.975	0.77014	-0.115306	-0.12361
10	40	0.25	1	1	0	0
11	0	0.275	0	0	0	-1.21682
11	1	0.275	0.025	0.00048063	-0.0115061	-1.21682
11	2	0.275	0.05	-0.00114221	-0.00216345	-0.913429
11	3	0.275	0.075	0.00467834	-0.0178969	-1.54395
11	4	0.275	0.1	-0.00571012	-0.0266552	-0.723185
11	5	0.275	0.125	0.00536474	-0.00620242	-1.24213
11	6	0.275	0.15	-0.00953847	-0.0552918	-1.38572
11	7	0.275	0.175	-0.00399702	-0.00768534	-0.101745
11	8	0.275	0.2	-0.00830932	-0.0540108	-2.39042
11	9	0.275	0.225	-0.0225735	-0.0489768	0.679508
11	10	0.275	0.25	-0.00590934	-0.0167746	-2.11967
11	11	0.275	0.275	-0.0416783	-0.110673	-0.430941
11	12	0.275	0.3	-0.0135987	0.00897646	0.267602
11	13	0.275	0.325	-0.051627	-0.128673	-3.10684
11	14	0.275	0.35	-0.0408734	-0.0381963	3.04294
11	15	0.275	0.375	-0.0476512	-0.0629452	-4.3983
11	16	0.275	0.4	-0.085003	-0.156337	2.77866
11	17	0.275	0.425	-0.0379272	0.0295919	-1.3963
11	18	0.275	0.45	-0.13332	-0.246354	-1.92234
11	19	0.275	0.475	-0.0489996	0.0297913	4.78802
11	20	0.275	0.5	-0.161781	-0.191452	-7.36234
11	21	0.275	0.525	-0.101228	-0.118717	8.56376
11	22	0.275	0.55	-0.138052	-0.00972648	-7.10604
11	23	0.275	0.575	-0.195292	-0.32432	4.60143
11	24	0.275	0.6	-0.0757199	0.124783	1.0951
11	25	0.275	0.625	-0.316548	-0.384356	-5.77387
11	26	0.275	0.65	-0.0378199	0.0614953	11.5835
11	27	0.275	0.675	-0.378347	-0.18802	-13.6443
11	28	0.275	0.7	-0.0527591	-0.181988	14.9599
11	29	0.275	0.725	-0.254192	0.110051	-10.6922
11	30	0.275	0.75	-0.153841	-0.414098	6.53585
11	31	0.275	0.775	0.0355914	0.234579	1.6703
11	32	0.275	0.8	-0.362142	-0.379593	-7.4963
11	33	0.275	0.825	0.355759	0.09656	12.9208
11	34	0.275	0.85	-0.464266	-0.0684792	-14.5917
11	35	0.275	0.875	0.637541	-0.145997	13.5631
11	36	0.275	0.9	-0.159709	0.18109	-9.87391
11	37	0.275	0.925	0.792454	-0.234012	5.24415
11	38	0.275	0.95	0.465798	0.107001	-2.05221
11	39	0.275	0.975	0.878316	-0.113705	-0.595996
11	40	0.275	1	1	0	0
12	0	0.3	0	0	0	-0.869272
12	1	0.3	0.025	-0.00123917	-0.000361579	-0.869272
12	2	0.3	0.05	0.00518648	-0.0156946	-1.08164
12	3	0.3	0.075	-0.00808223	-0.0155159	-0.609609
12	4	0.3	0.1	0.00955213	-0.013557	-1.08837
12	5	0.3	0.125	-0.00998795	-0.0424345	-0.850603
12	6	0.3	0.15	-0.00352845	-0.0107822	-0.379263
12	7	0.3	0.175	0.00103647	-0.0556022	-1.63693
12	8	0.3	0.2	-0.0310667	-0.0347284	0.504843
12	9	0.3	0.225	0.0112732	-0.0370538	-1.89341
12	10	0.3	0.25	-0.048911	-0.0873492	0.228029
12	11	0.3	0.275	-0.0052131	-0.00908289	-0.457293
12	12	0.3	0.3	-0.0368362	-0.126027	-1.72161
12	13	0.3	0.325	-0.0566926	-0.0263643	2.11982
12	14	0.3	0.35	-0.00781155	-0.0989331	-3.57558
12	15	0.3	0.375	-0.113061	-0.117618	3.14522
12	16	0.3	0.4	-0.003842	-0.018524	-2.33005
12	17	0.3	0.425	-0.128367	-0.227532	0.193
12	18	0.3	0.45	-0.0614281	0.0203223	2.76308
12	19	0.3	0.475	-0.0943117	-0.238832	-5.24509
12	20	0.3	0.5	-0.168458	-0.074518	7.89103
12	21	0.3	0.525	-0.0499866	-0.102578	-7.46593
12	22	0.3	0.55	-0.254577	-0.28139	6.99334
12	23	0.3	0.575	-0.050222	0.0670492	-1.8554
12	24	0.3	0.6	-0.268856	-0.43048	-1.96176
12	25	0.3	0.625	-0.133219	0.0894354	9.31221
12	26	0.3	0.65	-0.227427	-0.336798	-12.5714
12	27	0.3	0.675	-0.249817	-0.109815	17.1213
12	28	0.3	0.7	-0.142058	-0.0289802	-14.459
12	29	0.3	0.725	-0.296237	-0.422723	12.7746
12	30	0.3	0.75	-0.0239931	0.240901	-3.36425
12	31	0.3	0.775	-0.29339	-0.575361	-3.50091
12	32	0.3	0.8	0.0902265	0.246955	13.8149
12	33	0.3	0.825	-0.298353	-0.351136	-19.5843
12	34	0.3	0.85	0.267205	-0.00550793	23.8689
12	35	0.3	0.875	-0.17096	0.093634	-22.2467
12	36	0.3	0.9	0.556815	-0.295314	18.6135
12	37	0.3	0.925	0.238685	0.315387	-11.3446
12	38	0.3	0.95	0.788756	-0.293056	5.08658
12	39	0.3	0.975	0.774143	0.1072	-1.19137
12	40	0.3	1	1	0	0
13	0	0.325	0	0	0	-0.672664
13	1	0.325	0.025	0.00203757	-0.0070399	-0.672664
13	2	0.325	0.05	-0.0062576	-0.0104992	-0.579541
13	3	0.325	0.075	0.0113843	-0.0145518	-0.693253
13	4	0.325	0.1	-0.012429	-0.0289398	-0.62591
13	5	0.325	0.125	0.00382165	-0.019078	-0.390016
13	6	0.325	0.15	-4.48842e-05	-0.043701	-0.948718
13	7	0.325	0.175	-0.0283318	-0.0346062	0.0964373
13	8	0.325	0.2	0.0216226	-0.0434089	-1.11075
13	9	0.325	0.225	-0.0572071	-0.0671266	0.11955
13	10	0.325	0.25	0.0149558	-0.0341201	-0.434583
13	11	0.325	0.275	-0.0437962	-0.0997263	-0.784068
13	12	0.325	0.3	-0.0454175	-0.0435979	1.06572
13	13	0.325	0.325	0.00888177	-0.100865	-1.93499
13	14	0.325	0.35	-0.128236	-0.0972742	2.06984
13	15	0.325	0.375	0.0384696	-0.0637371	-1.57622
13	16	0.325	0.4	-0.153627	-0.178301	0.825886
13	17	0.325	0.425	-0.025425	-0.0345426	1.35987
13	18	0.325	0.45	-0.080653	-0.216837	-2.55251
13	19	0.325	0.475	-0.184526	-0.0819156	5.23367
13	20	0.325	0.5	0.0227855	-0.155767	-4.84306
13	21	0.325	0.525	-0.326851	-0.223108	5.96464
13	22	0.325	0.55	0.0350636	-0.037615	-2.15789
13	23	0.325	0.575	-0.3118	-0.367555	0.720463
13	24	0.325	0.6	-0.121688	0.0157186	5.70688
13	25	0.325	0.625	-0.148605	-0.363858	-7.716
13	26	0.325	0.65	-0.39012	-0.0891457	13.4716
13	27	0.325	0.675	0.0176184	-0.166236	-11.7969
13	28	0.325	0.7	-0.538085	-0.329774	13.4095
13	29	0.325	0.725	0.0721902	0.0934303	-5.83112
13	30	0.325	0.75	-0.405054	-0.541717	1.99387
13	31	0.325	0.775	-0.0313674	0.223817	8.82931
13	32	0.325	0.8	-0.133956	-0.496407	-14.7492
13	33	0.325	0.825	-0.16677	0.122466	23.3222
13	34	0.325	0.85	0.0945173	-0.146153	-24.7098
13	35	0.325	0.875	-0.017522	-0.152162	26.5789
13	36	0.325	0.9	0.318764	0.261114	-20.3875
13	37	0.325	0.925	0.439417	-0.358896	15.1524
13	38	0.325	0.95	0.62837	0.324236	-6.76924
13	39	0.325	0.975	0.843946	-0.190149	1.67125
13	40	0.325	1	1	0	0
14	0	0.35	0	0	0	-0.407947
14	1	0.35	0.025	-0.00170384	-0.00796629	-0.407947
14	2	0.35	0.05	0.00787286	-0.00754774	-0.310326
14	3	0.35	0.075	-0.0103921	-0.0224522	-0.554579
14	4	0.35	0.1	0.00965415	-0.0212007	-0.0800529
14	5	0.35	0.125	-0.00502663	-0.0296484	-0.635129
14	6	0.35	0.15	-0.0159654	-0.0422765	-0.0236575
14	7	0.35	0.175	0.0189872	-0.0333245	-0.354261
14	8	0.35	0.2	-0.0525886	-0.063539	-0.324003
14	9	0.35	0.225	0.0280816	-0.0443303	0.284729
14	10	0.35	0.25	-0.0543258	-0.0753754	-0.758016
14	11	0.35	0.275	-0.018244	-0.0710932	0.859428
14	12	0.35	0.3	-0.00114838	-0.0749013	-0.757691
14	13	0.35	0.325	-0.110815	-0.111163	0.777533
14	14	0.35	0.35	0.0547181	-0.0724803	0.164634
14	15	0.35	0.375	-0.167272	-0.148835	-0.209665
14	16	0.35	0.4	0.0224469	-0.0894605	1.85082
14	17	0.35	0.425	-0.105573	-0.161029	-1.47763
14	18	0.35	0.45	-0.139059	-0.142625	3.22162
14	19	0.35	0.475	0.0341183	-0.137688	-1.55411
14	20	0.35	0.5	-0.338193	-0.224125	2.72288
14	21	0.35	0.525	0.100845	-0.105888	0.756726
14	22	0.35	0.55	-0.376278	-0.290608	-0.277591
14	23	0.35	0.575	-0.0375146	-0.114333	4.91433
14	24	0.35	0.6	-0.17581	-0.28275	-4.04297
14	25	0.35	0.625	-0.386146	-0.188684	8.31693
14	26	0.35	0.65	0.0857922	-0.187381	-5.15093
14	27	0.35	0.675	-0.70161	-0.304803	7.64705
14	28	0.35	0.7	0.193419	-0.0641678	-1.48421
14	29	0.35	0.725	-0.632952	-0.399835	1.49239
14	30	0.35	0.75	0.0299928	0.0208001	6.36219
14	31	0.35	0.775	-0.181072	-0.390929	-7.904
14	32	0.35	0.8	-0.382823	0.0309996	15.4342
14	33	0.35	0.825	0.295103	-0.228236	-15.5241
14	34	0.35	0.85	-0.631786	-0.0377722	20.8274
14	35	0.35	0.875	0.594951	0.0433797	-17.1694
14	36	0.35	0.9	-0.259165	-0.176809	17.7622
14	37	0.35	0.925	0.736369	0.270522	-10.8271
14	38	0.35	0.95	0.490851	-0.227167	6.82175
14	39	0.35	0.975	0.867916	0.177588	-1.4744
14	40	0.35	1	1	0	0
15	0	0.375	0	0	0	-0.106346
15	1	0.375	0.025	0.00257175	3.42577e-05	-0.106346
15	2	0.375	0.05	-0.0041554	-0.0205198	-0.351931
15	3	0.375	0.075	0.00906455	-0.0133557	0.272007
15	4	0.375	0.1	-0.00546267	-0.0235093	-0.562987
15	5	0.375	0.125	-0.00399399	-0.0441631	0.273076
15	6	0.375	0.15	0.0104636	-0.0190254	-0.0438213
15	7	0.375	0.175	-0.0356578	-0.070865	-0.461672
15	8	0.375	0.2	0.0258095	-0.0345617	1.03262
15	9	0.375	0.225	-0.0508938	-0.0702289	-1.19307
15	10	0.375	0.25	0.00201262	-0.0825679	1.52022
15	11	0.375	0.275	-0.0171931	-0.0492286	-0.659087
15	12	0.375	0.3	-0.0729859	-0.138973	0.454706
15	13	0.375	0.325	0.0403482	-0.048297	1.42034
15	14	0.375	0.35	-0.14437	-0.159265	-1.55795
15	15	0.375	0.375	0.0420363	-0.103779	3.53024
15	16	0.375	0.4	-0.121524	-0.126687	-2.341
15	17	0.375	0.425	-0.0756644	-0.204792	3.40289
15	18	0.375	0.45	0.00213815	-0.0833086	-0.108483
15	19	0.375	0.475	-0.274345	-0.287013	0.267215
15	20	0.375	0.5	0.100154	-0.0992769	4.34052
15	21	0.375	0.525	-0.376519	-0.283099	-3.65337
15	22	0.375	0.55	0.0259827	-0.205541	7.65493
15	23	0.375	0.575	-0.232148	-0.196487	-4.43264
15	24	0.375	0.6	-0.282892	-0.351406	6.48805
15	25	0.375	0.625	0.0426117	-0.11132	-0.161764
15	26	0.375	0.65	-0.678545	-0.42405	0.716472
15	27	0.375	0.675	0.201419	-0.112393	6.64937
15	28	0.375	0.7	-0.771983	-0.354944	-5.53116
15	29	0.375	0.725	0.106727	-0.199728	11.1168
15	30	0.375	0.75	-0.36259	-0.204244	-7.5256
15	31	0.375	0.775	-0.337465	-0.275759	10.5407
15	32	0.375	0.8	0.233216	-0.0826109	-4.84983
15	33	0.375	0.825	-0.908126	-0.21204	7.00004
15	34	0.375	0.85	0.678311	-0.0278441	-1.85275
15	35	0.375	0.875	-0.937426	-0.0439627	4.93894
15	36	0.375	0.9	0.928721	0.0236057	-1.84288
15	37	0.375	0.925	-0.155699	0.0148197	4.08088
15	38	0.375	0.95	0.93151	0.0945808	-1.61083
15	39	0.375	0.975	0.745742	-0.00868888	1.31798
15	40	0.375	1	1	0	0
16	0	0.4	0	0	0	0.0461959
16	1	0.4	0.025	0.000494516	-0.0144242	0.0461959
16	2	0.4	0.05	0.00480009	-0.00241881	0.420046
16	3	0.4	0.075	-0.000191471	-0.0243457	-0.387865
16	4	0.4	0.1	0.000614812	-0.0340642	0.688076
16	5	0.4	0.125	0.00652378	-0.0131155	-0.0806852
16	6	0.4	0.15	-0.0180302	-0.0733144	-0.0780084
16	7	0.4	0.175	0.0156708	-0.0177194	1.26863
16	8	0.4	0.2	-0.0327709	-0.0794753	-1.32564
16	9	0.4	0.225	0.0041878	-0.0698833	2.29356
16	10	0.4	0.25	-0.0183971	-0.0446501	-1.17835
16	11	0.4	0.275	-0.0420848	-0.149606	1.19689
16	12	0.4	0.3	0.0185007	-0.0212944	1.42154
16	13	0.4	0.325	-0.0974219	-0.187676	-1.8287
16	14	0.4	0.35	0.0273833	-0.077939	4.73322
16	15	0.4	0.375	-0.0990966	-0.136844	-3.66915
16	16	0.4	0.4	-0.0430772	-0.219477	5.05153
16	17	0.4	0.425	-0.021255	-0.0495912	-0.936789
16	18	0.4	0.45	-0.186523	-0.351218	0.386433
16	19	0.4	0.475	0.056402	-0.0496288	5.80239
16	20	0.4	0.5	-0.294557	-0.344397	-6.09267
16	21	0.4	0.525	0.0172435	-0.209048	11.1203
16	22	0.4	0.55	-0.226245	-0.186602	-7.46544
16	23	0.4	0.575	-0.197521	-0.460979	8.77647
16	24	0.4	0.6	-0.0229365	-0.0359804	0.101141
16	25	0.4	0.625	-0.527702	-0.604823	-1.92729
16	26	0.4	0.65	0.103083	-0.063601	12.292
16	27	0.4	0.675	-0.703325	-0.4734	-12.9594
16	28	0.4	0.7	0.0447385	-0.292014	19.4211
16	29	0.4	0.725	-0.460402	-0.148359	-13.7486
16	30	0.4	0.75	-0.257657	-0.574757	13.9383
16	31	0.4	0.775	0.0411577	0.0957693	-2.05754
16	32	0.4	0.8	-0.802927	-0.616538	-1.79687
16	33	0.4	0.825	0.450704	0.0937491	12.7674
16	34	0.4	0.85	-1.14339	-0.262329	-14.4927
16	35	0.4	0.875	0.789547	-0.0853335	18.1372
16	36	0.4	0.9	-0.714701	0.193713	-13.213
16	37	0.4	0.925	0.998788	-0.217973	10.2555
16	38	0.4	0.95	0.301018	0.269788	-3.3774
16	39	0.4	0.975	0.960571	-0.0657325	1.1423
16	40	0.4	1	1	0	0
17	0	0.425	0	0	0	0.425147
17	1	0.425	0.025	0.00197051	0.00243872	0.425147
17	2	0.425	0.05	0.00478729	-0.0230179	0.0388482
17	3	0.425	0.075	-0.00012932	-0.0181537	0.892267
17	4	0.425	0.1	0.00990205	-0.0165336	-0.0634073
17	5	0.425	0.125	-0.00886665	-0.0621007	0.516489
17	6	0.425	0.15	0.0101863	-0.00913292	1.04559
17	7	0.425	0.175	-0.0129496	-0.0853627	-0.840275
17	8	0.425	0.2	-0.00389044	-0.0466636	2.50735
17	9	0.425	0.225	-0.00271415	-0.0578067	-1.42681
17	10	0.425	0.25	-0.0326737	-0.131864	2.16197
17	11	0.425	0.275	0.0129214	-0.0160806	0.634598
17	12	0.425	0.3	-0.0579116	-0.198566	-0.843826
17	13	0.425	0.325	0.00428987	-0.0445587	4.53062
17	14	0.425	0.35	-0.050644	-0.168843	-3.87321
17	15	0.425	0.375	-0.0500591	-0.184935	6.2928
17	16	0.425	0.4	-0.00454905	-0.0620342	-2.4427
17	17	0.425	0.425	-0.133566	-0.360426	2.29919
17	18	0.425	0.45	0.0259463	-0.0156037	4.64453
17	19	0.425	0.475	-0.18709	-0.40647	-5.63474
17	20	0.425	0.5	-0.0341607	-0.156371	12.241
17	21	0.425	0.525	-0.140066	-0.247029	-9.56386
17	22	0.425	0.55	-0.194812	-0.460528	12.0086
17	23	0.425	0.575	-0.0211878	-0.0338585	-2.70679
17	24	0.425	0.6	-0.394844	-0.709714	0.3356
17	25	0.425	0.625	0.00784811	-0.00840693	12.3669
17	26	0.425	0.65	-0.50139	-0.641648	-15.041
17	27	0.425	0.675	-0.126005	-0.262997	24.3191
17	28	0.425	0.7	-0.363513	-0.260048	-19.7305
17	29	0.425	0.725	-0.345708	-0.684176	21.0206
17	30	0.425	0.75	-0.0550806	0.125851	-6.55928
17	31	0.425	0.775	-0.631889	-0.938924	-0.0265903
17	32	0.425	0.8	0.144935	0.221196	16.8488
17	33	0.425	0.825	-0.882584	-0.685651	-24.7286
17	34	0.425	0.85	0.28684	0.00493743	33.9486
17	35	0.425	0.875	-0.746316	-0.0167534	-33.2412
17	36	0.425	0.9	0.619821	-0.365555	31.0309
17	37	0.425	0.925	-0.0402403	0.497531	-19.5979
17	38	0.425	0.95	0.890727	-0.439172	11.052
17	39	0.425	0.975	0.764514	0.309932	-1.79017
17	40	0.425	1	1	0	0
18	0	0.45	0	0	0	0.542065
18	1	0.45	0.025	0.00429535	-0.0134783	0.542065
18	2	0.45	0.05	-0.000148977	-0.00676067	0.87524
18	3	0.45	0.075	0.0145219	-0.0200014	0.245016
18	4	0.45	0.1	-0.00692536	-0.0425208	0.910057
18	5	0.45	0.125	0.0137271	-0.0119641	0.815904
18	6	0.45	0.15	-0.00274924	-0.0764853	-0.0470516
18	7	0.45	0.175	-0.00748072	-0.0312185	2.15569
18	8	0.45	0.2	0.0156877	-0.0695711	-0.97708
18	9	0.45	0.225	-0.0367581	-0.100175	2.53793
18	10	0.45	0.25	0.0265781	-0.031537	0.0720083
18	11	0.45	0.275	-0.0437401	-0.177939	0.476316
18	12	0.45	0.3	-0.000453419	-0.0329691	3.3873
18	13	0.45	0.325	-0.0105184	-0.184307	-2.68037
18	14	0.45	0.35	-0.067732	-0.137935	6.02628
18	15	0.45	0.375	0.039139	-0.0992364	-2.84052
18	16	0.45	0.4	-0.12805	-0.312841	3.90844
18	17	0.45	0.425	0.040398	-0.0269614	2.60902
18	18	0.45	0.45	-0.120197	-0.409796	-3.14368
18	19	0.45	0.475	-0.0642286	-0.113016	10.4925
18	20	0.45	0.5	-0.0328495	-0.307711	-8.65397
18	21	0.45	0.525	-0.240574	-0.390186	12.8081
18	22	0.45	0.55	0.0579215	-0.0969123	-4.71331
18	23	0.45	0.575	-0.361046	-0.685747	3.80219
18	24	0.45	0.6	0.00395922	-0.0176595	8.98617
18	25	0.45	0.625	-0.329772	-0.715317	-11.6946
18	26	0.45	0.65	-0.263206	-0.217871	22.8897
18	27	0.45	0.675	-0.158826	-0.404076	-19.7463
18	28	0.45	0.7	-0.564081	-0.635676	23.9542
18	29	0.45	0.725	0.0274979	-0.000369714	-10.632
18	30	0.45	0.75	-0.664592	-0.993352	6.0123
18	31	0.45	0.775	0.00524234	0.19876	12.3785
18	32	0.45	0.8	-0.574289	-0.930492	-21.4418
18	33	0.45	0.825	-0.231513	0.0899594	35.615
18	34	0.45	0.85	-0.354722	-0.388984	-38.9919
18	35	0.45	0.875	-0.202094	-0.255897	43.4303
18	36	0.45	0.9	0.0649746	0.316288	-34.3872
18	37	0.45	0.925	0.336548	-0.596135	27.5152
18	38	0.45	0.95	0.604949	0.569589	-12.36
18	39	0.45	0.975	0.859982	-0.31157	4.00665
18	40	0.45	1	1	0	0
19	0	0.475	0	0	0	0.886894
19	1	0.475	0.025	0.00190415	-0.00296525	0.886894
19	2	0.475	0.05	0.0137185	-0.0156664	0.715021
19	3	0.475	0.075	-0.00503688	-0.0259941	1.01665
19	4	0.475	0.1	0.0202171	-0.017077	0.904974
19	5	0.475	0.125	-0.00174505	-0.0570139	0.565259
19	6	0.475	0.15	-0.000403361	-0.0291643	1.73292
19	7	0.475	0.175	0.0235138	-0.0660533	-0.124335
19	8	0.475	0.2	-0.0371122	-0.0758562	2.2487
19	9	0.475	0.225	0.0440253	-0.0478152	0.278225
19	10	0.475	0.25	-0.0468023	-0.14073	1.18448
19	11	0.475	0.275	0.0167727	-0.0448839	2.43082
19	12	0.475	0.3	0.00104747	-0.166942	-1.064
19	13	0.475	0.325	-0.0652606	-0.113284	4.7041
19	14	0.475	0.35	0.0734675	-0.121906	-1.75355
19	15	0.475	0.375	-0.137853	-0.250169	3.9442
19	16	0.475	0.4	0.0834928	-0.0652039	1.6712
19	17	0.475	0.425	-0.108786	-0.354584	-0.908981
19	18	0.475	0.45	-0.0400502	-0.115106	7.79047
19	19	0.475	0.475	0.0283181	-0.311512	-5.68514
19	20	0.475	0.5	-0.258856	-0.327952	10.6624
19	21	0.475	0.525	0.150492	-0.159146	-3.76005
19	22	0.475	0.55	-0.388465	-0.590138	4.79657
19	23	0.475	0.575	0.0857802	-0.0865129	6.4281
19	24	0.475	0.6	-0.273382	-0.660801	-7.26865
19	25	0.475	0.625	-0.265168	-0.240106	18.0043
19	26	0.475	0.65	-0.00523656	-0.447007	-14.5025
19	27	0.475	0.675	-0.727297	-0.58151	20.1242
19	28	0.475	0.7	0.181062	-0.146486	-8.52867
19	29	0.475	0.725	-0.863749	-0.878246	7.3241
19	30	0.475	0.75	0.0742186	0.0220168	8.57788
19	31	0.475	0.775	-0.521582	-0.867901	-13.831
19	32	0.475	0.8	-0.455561	-0.0165321	27.4929
19	33	0.475	0.825	-0.0292784	-0.515179	-29.3172
19	34	0.475	0.85	-0.980389	-0.187552	37.5472
19	35	0.475	0.875	0.404023	-0.0187473	-31.3457
19	36	0.475	0.9	-0.69759	-0.411537	32.0761
19	37	0.475	0.925	0.750777	0.413261	-19.5194
19	38	0.475	0.95	0.313367	-0.456551	12.4076
19	39	0.475	0.975	0.923245	0.322054	-2.53029
19	40	0.475	1	1	0	0
20	0	0.5	0	0	0	1.08281
20	1	0.5	0.025	0.00736608	-0.00588699	1.08281
20	2	0.5	0.05	9.39325e-05	-0.0174843	1.07616
20	3	0.5	0.075	0.0216236	-0.0149626	1.23234
20	4	0.5	0.1	-0.00170278	-0.039215	0.834217
20	5	0.5	0.125	0.0113346	-0.0316532	1.64894
20	6	0.5	0.15	0.0203606	-0.0500241	0.575722
20	7	0.5	0.175	-0.0254359	-0.066934	1.82009
20	8	0.5	0.2	0.0500967	-0.0487184	0.982869
20	9	0.5	0.225	-0.0473683	-0.110657	1.13063
20	10	0.5	0.25	0.0388276	-0.05996	2.31543
20	11	0.5	0.275	-0.0076088	-0.131364	-0.0829743
20	12	0.5	0.3	-0.038019	-0.115266	3.55044
20	13	0.5	0.325	0.0772274	-0.111865	-0.181449
20	14	0.5	0.35	-0.127284	-0.211672	2.83908
20	15	0.5	0.375	0.115888	-0.0907988	2.29488
20	16	0.5	0.4	-0.117831	-0.285585	-0.321967
20	17	0.5	0.425	0.0167569	-0.145696	6.27124
20	18	0.5	0.45	0.0302818	-0.261328	-3.06749
20	19	0.5	0.475	-0.211888	-0.314403	7.68198
20	20	0.5	0.5	0.192288	-0.168142	-0.905708
20	21	0.5	0.525	-0.388365	-0.5114	2.90046
20	22	0.5	0.55	0.174776	-0.150992	6.87839
20	23	0.5	0.575	-0.288122	-0.552553	-5.5913
20	24	0.5	0.6	-0.153627	-0.320581	14.488
20	25	0.5	0.625	0.0321672	-0.379729	-8.99813
20	26	0.5	0.65	-0.704117	-0.618849	13.494
20	27	0.5	0.675	0.261145	-0.192276	-1.7879
20	28	0.5	0.7	-1.00365	-0.800899	1.77873
20	29	0.5	0.725	0.191443	-0.169698	11.4568
20	30	0.5	0.75	-0.664384	-0.681904	-12.0598
20	31	0.5	0.775	-0.364896	-0.305259	21.3348
20	32	0.5	0.8	-0.00481609	-0.365792	-17.2203
20	33	0.5	0.825	-1.27362	-0.415788	21.7033
20	34	0.5	0.85	0.50157	-0.110551	-13.3699
20	35	0.5	0.875	-1.59328	-0.322807	15.7789
20	36	0.5	0.9	0.919168	0.0552552	-8.22875
20	37	0.5	0.925	-0.660529	-0.194343	8.56701
20	38	0.5	0.95	1.0531	0.159747	-3.32577
20	39	0.5	0.975	0.669689	-0.0740617	1.54262
20	40	0.5	1	1	0	0
21	0	0.525	0	0	0	1.30379
21	1	0.525	0.025	0.00404058	-0.0115551	1.30379
21	2	0.525	0.05	0.016351	-0.006006	1.50917
21	3	0.525	0.075	0.00260941	-0.0298572	0.985639
21	4	0.525	0.1	0.0183862	-0.0276223	1.87311
21	5	0.525	0.125	0.0153483	-0.0342549	0.886878
21	6	0.525	0.15	-0.00749301	-0.0648539	1.74032
21	7	0.525	0.175	0.0435905	-0.0354238	1.57302
21	8	0.525	0.2	-0.0348623	-0.0977489	0.862813
21	9	0.525	0.225	0.0484783	-0.0597634	2.79516
21	10	0.525	0.25	-0.0147465	-0.102476	0.0476372
21	11	0.525	0.275	-0.00513379	-0.122714	3.30892
21	12	0.525	0.3	0.0593995	-0.0825001	0.738553
21	13	0.525	0.325	-0.0900539	-0.202816	1.8883
21	14	0.525	0.35	0.115925	-0.083739	3.45695
21	15	0.525	0.375	-0.107745	-0.243013	-0.951992
21	16	0.525	0.4	0.0609505	-0.163601	6.42511
21	17	0.525	0.425	0.0103554	-0.201248	-2.21488
21	18	0.525	0.45	-0.127277	-0.329317	6.10152
21	19	0.525	0.475	0.176638	-0.12838	1.36572
21	20	0.525	0.5	-0.317037	-0.486585	0.437972
21	21	0.525	0.525	0.20551	-0.159538	9.04886
21	22	0.525	0.55	-0.278684	-0.478005	-6.80067
21	23	0.525	0.575	-0.035587	-0.383084	14.402
21	24	0.525	0.6	0.00859302	-0.283828	-6.97958
21	25	0.525	0.625	-0.53046	-0.711798	9.50579
21	26	0.525	0.65	0.240641	-0.137801	3.93112
21	27	0.525	0.675	-0.927111	-0.850916	-5.40007
21	28	0.525	0.7	0.201095	-0.244159	18.5137
21	29	0.525	0.725	-0.756694	-0.59783	-17.3919
21	30	0.525	0.75	-0.211848	-0.576768	23.5048
21	31	0.525	0.775	-0.143028	-0.174312	-13.4629
21	32	0.525	0.8	-1.08538	-0.847147	11.3674
21	33	0.525	0.825	0.310954	0.0143716	3.10064
21	34	0.525	0.85	-1.80858	-0.643921	-7.84114
21	35	0.525	0.875	0.684572	-0.0844592	15.7521
21	36	0.525	0.9	-1.43408	-0.0700315	-14.8057
21	37	0.525	0.925	1.08743	-0.271908	12.6967
21	38	0.525	0.95	0.00969568	0.234386	-6.35582
21	39	0.525	0.975	1.04564	-0.168564	1.79577
21	40	0.525	1	1	0	0
22	0	0.55	0	0	0	1.61893
22	1	0.55	0.025	0.00849981	0.00109682	1.61893
22	2	0.55	0.05	0.00813156	-0.0247311	1.28778
22	3	0.55	0.075	0.0177922	-0.015591	2.09578
22	4	0.55	0.1	0.0154645	-0.0271746	1.01725
22	5	0.55	0.125	0.00614137	-0.0570919	2.02846
22	6	0.55	0.15	0.0343136	-0.0209412	1.74256
22	7	0.55	0.175	-0.0145551	-0.093766	0.940475
22	8	0.55	0.2	0.0437247	-0.0438825	3.20535
22	9	0.55	0.225	-0.00791809	-0.0917128	-0.107823
22	10	0.55	0.25	0.0137941	-0.115082	3.74844
22	11	0.55	0.275	0.0430073	-0.0587944	0.745617
22	12	0.55	0.3	-0.0468978	-0.20129	1.89554
22	13	0.55	0.325	0.0939221	-0.0560545	3.96748
22	14	0.55	0.35	-0.0707485	-0.231518	-1.45556
22	15	0.55	0.375	0.0694376	-0.147453	7.17189
22	16	0.55	0.4	0.00892974	-0.168432	-2.64299
22	17	0.55	0.425	-0.05862	-0.328385	6.33279
22	18	0.55	0.45	0.143828	-0.0814521	1.72314
22	19	0.55	0.475	-0.207236	-0.486815	-0.349465
22	20	0.55	0.5	0.180621	-0.118397	10.344
22	21	0.55	0.525	-0.200821	-0.460575	-8.30366
22	22	0.55	0.55	0.0104634	-0.373265	15.9782
22	23	0.55	0.575	0.0137659	-0.234765	-8.04597
22	24	0.55	0.6	-0.350864	-0.757818	9.80906
22	25	0.55	0.625	0.194132	-0.0617385	5.10147
22	26	0.55	0.65	-0.68453	-0.94633	-8.31082
22	27	0.55	0.675	0.111346	-0.197919	23.2302
22	28	0.55	0.7	-0.640773	-0.665192	-23.3377
22	29	0.55	0.725	-0.217602	-0.660684	30.0142
22	30	0.55	0.75	-0.211971	-0.122368	-17.8122
22	31	0.55	0.775	-0.801197	-1.16604	12.717
22	32	0.55	0.8	0.0840959	0.151681	7.64341
22	33	0.55	0.825	-1.43508	-1.1398	-20.0098
22	34	0.55	0.85	0.173745	-0.00229288	33.6197
22	35	0.55	0.875	-1.47761	-0.424037	-40.2178
22	36	0.55	0.9	0.561483	-0.452497	38.8927
22	37	0.55	0.925	-0.509098	0.405438	-29.6832
22	38	0.55	0.95	0.963491	-0.716448	16.7607
22	39	0.55	0.975	0.708899	0.355001	-4.80157
22	40	0.55	1	1	0	0
23	0	0.575	0	0	0	1.73503
23	1	0.575	0.025	0.0081373	-0.0154887	1.73503
23	2	0.575	0.05	0.01345	-0.00349689	2.13141
23	3	0.575	0.075	0.0189451	-0.0259133	1.28249
23	4	0.575	0.1	0.0112191	-0.0403817	2.35906
23	5	0.575	0.125	0.030707	-0.0152548	1.67775
23	6	0.575	0.15	0.00199694	-0.0849744	1.43368
23	7	0.575	0.175	0.0349954	-0.0255006	3.17348
23	8	0.575	0.2	0.00817284	-0.0913869	0.0727565
23	9	0.575	0.225	0.0159411	-0.0906502	4.15648
23	10	0.575	0.25	0.0414139	-0.0532199	0.417287
23	11	0.575	0.275	-0.019499	-0.185079	2.63432
23	12	0.575	0.3	0.0739559	-0.032666	3.5422
23	13	0.575	0.325	-0.0282398	-0.228064	-1.00017
23	14	0.575	0.35	0.0545438	-0.10932	7.28023
23	15	0.575	0.375	0.0332938	-0.165412	-2.96714
23	16	0.575	0.4	-0.0315512	-0.291233	7.17941
23	17	0.575	0.425	0.131922	-0.0605753	0.78874
23	18	0.575	0.45	-0.119596	-0.465852	0.748997
23	19	0.575	0.475	0.147433	-0.0702585	9.59197
23	20	0.575	0.5	-0.0915744	-0.460693	-7.92538
23	21	0.575	0.525	-0.00410505	-0.306736	16.3888
23	22	0.575	0.55	0.0805763	-0.240362	-9.20156
23	23	0.575	0.575	-0.265337	-0.705945	11.8124
23	24	0.575	0.6	0.200367	-0.0331052	2.89447
23	25	0.575	0.625	-0.450663	-0.960775	-6.0775
23	26	0.575	0.65	0.0343709	-0.121397	22.3027
23	27	0.575	0.675	-0.379094	-0.757452	-23.7717
23	28	0.575	0.7	-0.361115	-0.577712	33.0043
23	29	0.575	0.725	-0.096952	-0.216309	-22.3223
23	30	0.575	0.75	-0.7414	-1.18854	19.2326
23	31	0.575	0.775	0.017566	0.167541	2.60965
23	32	0.575	0.8	-0.985502	-1.39762	-16.5628
23	33	0.575	0.825	-0.24525	0.111325	35.6012
23	34	0.575	0.85	-0.978013	-0.882185	-47.94
23	35	0.575	0.875	-0.327624	-0.324763	54.1678
23	36	0.575	0.9	-0.458272	0.0716894	-50.1503
23	37	0.575	0.925	0.245194	-0.925319	40.0852
23	38	0.575	0.95	0.438616	0.631131	-21.5742
23	39	0.575	0.975	0.858965	-0.656076	5.94352
23	40	0.575	1	1	0	0
24	0	0.6	0	0	0	2.09795
24	1	0.6	0.025	0.00865302	0.00122025	2.09795
24	2	0.6	0.05	0.0190666	-0.02194	1.74658
24	3	0.6	0.075	0.0114543	-0.0219008	2.48366
24	4	0.6	0.1	0.0321426	-0.016963	1.73314
24	5	0.6	0.125	0.00940649	-0.0664537	2.01008
24	6	0.6	0.15	0.0319679	-0.0160801	2.85884
24	7	0.6	0.175	0.0213751	-0.0870981	0.711557
24	8	0.6	0.2	0.0124282	-0.0627917	4.0998
24	9	0.6	0.225	0.050146	-0.0590988	0.425146
24	10	0.6	0.25	-0.0112924	-0.151657	3.35596
24	11	0.6	0.275	0.06939	-0.0271014	2.76893
24	12	0.6	0.3	-0.00266878	-0.210594	0.188486
24	13	0.6	0.325	0.0420045	-0.0748069	6.46469
24	14	0.6	0.35	0.0618761	-0.169688	-2.35665
24	15	0.6	0.375	-0.0310794	-0.232478	7.3797
24	16	0.6	0.4	0.144216	-0.0664315	-0.00219974
24	17	0.6	0.425	-0.0805492	-0.408515	2.37431
24	18	0.6	0.45	0.141888	-0.0469746	7.64694
24	19	0.6	0.475	-0.0132677	-0.434119	-5.74973
24	20	0.6	0.5	-0.0182421	-0.235547	14.6794
24	21	0.6	0.525	0.165222	-0.253678	-8.34596
24	22	0.6	0.55	-0.254199	-0.594692	12.3184
24	23	0.6	0.575	0.268901	-0.0541873	0.888704
24	24	0.6	0.6	-0.338441	-0.861179	-2.36734
24	25	0.6	0.625	0.0573068	-0.0961555	17.9211
24	26	0.6	0.65	-0.153085	-0.743264	-18.8307
24	27	0.6	0.675	-0.469045	-0.472793	29.373
24	28	0.6	0.7	0.119573	-0.31653	-20.5685
24	29	0.6	0.725	-0.88968	-1.01273	21.1202
24	30	0.6	0.75	0.146695	0.0471174	-2.17208
24	31	0.6	0.775	-0.833147	-1.28957	-7.71065
24	32	0.6	0.8	-0.350561	0.0914369	26.758
24	33	0.6	0.825	-0.494122	-0.995485	-37.8148
24	34	0.6	0.85	-1.04791	-0.184568	48.9821
24	35	0.6	0.875	-0.0642509	-0.332304	-48.9426
24	36	0.6	0.9	-0.935882	-0.676549	48.688
24	37	0.6	0.925	0.494203	0.376292	-34.3462
24	38	0.6	0.95	0.149831	-0.933608	20.5297
24	39	0.6	0.975	0.893206	0.366449	-6.39518
24	40	0.6	1	1	0	0
25	0	0.625	0	0	0	2.21389
25	1	0.625	0.025	0.0121179	-0.011648	2.21389
25	2	0.625	0.05	0.0113448	-0.00984774	2.46319
25	3	0.625	0.075	0.0319797	-0.0176761	2.03723
25	4	0.625	0.1	0.0111942	-0.0444756	2.36804
25	5	0.625	0.125	0.0349624	-0.0157444	2.64288
25	6	0.625	0.15	0.0254574	-0.0725318	1.48181
25	7	0.625	0.175	0.0141266	-0.0442142	3.70647
25	8	0.625	0.2	0.0567747	-0.0620898	0.939037
25	9	0.625	0.225	-0.0104153	-0.114352	3.5817
25	10	0.625	0.25	0.0753123	-0.0340533	2.34695
25	11	0.625	0.275	0.00265048	-0.176391	1.35259
25	12	0.625	0.3	0.0448737	-0.0583346	5.3182
25	13	0.625	0.325	0.0732544	-0.161004	-1.04038
25	14	0.625	0.35	-0.0289298	-0.178616	6.67792
25	15	0.625	0.375	0.15779	-0.0782	0.138047
25	16	0.625	0.4	-0.0711903	-0.333828	3.27906
25	17	0.625	0.425	0.159739	-0.0473723	6.00201
25	18	0.625	0.45	0.0119717	-0.374957	-3.30096
25	19	0.625	0.475	0.00569855	-0.191295	12.0357
25	20	0.625	0.5	0.208622	-0.235718	-5.92645
25	21	0.625	0.525	-0.236859	-0.49116	10.6752
25	22	0.625	0.55	0.339418	-0.0736702	1.1135
25	23	0.625	0.575	-0.315929	-0.716774	-0.733221
25	24	0.625	0.6	0.165297	-0.12021	14.455
25	25	0.625	0.625	-0.0656947	-0.618966	-13.311
25	26	0.625	0.65	-0.410279	-0.450046	22.7325
25	27	0.625	0.675	0.271595	-0.299564	-13.7392
25	28	0.625	0.7	-1.00215	-0.865865	15.5304
25	29	0.625	0.725	0.331686	-0.0839644	0.258085
25	30	0.625	0.75	-0.951363	-1.01596	-5.11247
25	31	0.625	0.775	-0.160396	-0.102161	19.5723
25	32	0.625	0.8	-0.344078	-0.760592	-24.2652
25	33	0.625	0.825	-1.24266	-0.296929	32.5228
25	34	0.625	0.85	0.177453	-0.373117	-30.1941
25	35	0.625	0.875	-1.87774	-0.474375	33.0956
25	36	0.625	0.9	0.64816	-0.0311713	-25.1773
25	37	0.625	0.925	-1.02759	-0.623826	20.9902
25	38	0.625	0.95	0.963318	0.233341	-11.4426
25	39	0.625	0.975	0.551389	-0.418451	2.35332
25	40	0.625	1	1	0	0
26	0	0.65	0	0	0	2.51665
26	1	0.65	0.025	0.00959769	-0.00474483	2.51665
26	2	0.65	0.05	0.0256546	-0.0123674	2.42986
26	3	0.65	0.075	0.0128621	-0.0277057	2.51428
26	4	0.65	0.1	0.037454	-0.0165124	2.70877
26	5	0.65	0.125	0.0237269	-0.0528567	2.04344
26	6	0.65	0.15	0.0222095	-0.0364071	3.3705
26	7	0.65	0.175	0.0546396	-0.0548706	1.649
26	8	0.65	0.2	-0.00489871	-0.0864652	3.40892
26	9	0.65	0.225	0.0790747	-0.0398468	2.47793
26	10	0.65	0.25	0.000204807	-0.13806	1.99838
26	11	0.65	0.275	0.0571832	-0.0557816	4.5352
26	12	0.65	0.3	0.0654473	-0.137085	0.249943
26	13	0.65	0.325	-0.0123011	-0.143612	5.6676
26	14	0.65	0.35	0.153399	-0.0788318	0.953218
26	15	0.65	0.375	-0.0605681	-0.267359	3.2978
26	16	0.65	0.4	0.173524	-0.0519466	5.3277
26	17	0.65	0.425	0.00868281	-0.306816	-1.71435
26	18	0.65	0.45	0.0531813	-0.167263	9.99151
26	19	0.65	0.475	0.198609	-0.191603	-3.63042
26	20	0.65	0.5	-0.170412	-0.421359	8.51551
26	21	0.65	0.525	0.35432	-0.0556663	2.62946
26	22	0.65	0.55	-0.282705	-0.605424	-1.33326
26	23	0.65	0.575	0.263809	-0.127189	13.7758
26	24	0.65	0.6	-0.0691721	-0.479634	-10.9248
26	25	0.65	0.625	-0.216748	-0.478351	18.5085
26	26	0.65	0.65	0.293561	-0.17809	-7.80623
26	27	0.65	0.675	-0.886354	-0.860093	7.90594
26	28	0.65	0.7	0.409808	-0.0878879	7.59193
26	29	0.65	0.725	-1.04927	-0.85431	-10.9714
26	30	0.65	0.75	0.0809269	-0.30614	21.6327
26	31	0.65	0.775	-0.450258	-0.454544	-19.8597
26	32	0.65	0.8	-0.944033	-0.649487	21.2744
26	33	0.65	0.825	0.137347	-0.139942	-11.9753
26	34	0.65	0.85	-2.07582	-0.694523	7.87672
26	35	0.65	0.875	0.512289	-0.142205	-0.354595
26	36	0.65	0.9	-1.94261	-0.379421	-2.25527
26	37	0.65	0.925	0.982401	-0.226949	2.41109
26	38	0.65	0.95	-0.316374	-0.133663	-2.96051
26	39	0.65	0.975	1.02539	-0.188541	-0.609327
26	40	0.65	1	1	0	0
27	0	0.675	0	0	0	2.71952
27	1	0.675	0.025	0.0141657	-0.00428816	2.71952
27	2	0.675	0.05	0.0147298	-0.0181308	2.65764
27	3	0.675	0.075	0.0342309	-0.0123454	2.9331
27	4	0.675	0.1	0.0224204	-0.0367634	2.35511
27	5	0.675	0.125	0.0303071	-0.0319491	3.31608
27	6	0.675	0.15	0.0468762	-0.0413602	2.19408
27	7	0.675	0.175	0.00721017	-0.070438	3.22962
27	8	0.675	0.2	0.074008	-0.0366073	2.87357
27	9	0.675	0.225	0.00255003	-0.10839	2.2009
27	10	0.675	0.25	0.0659767	-0.0545057	4.32032
27	11	0.675	0.275	0.0513948	-0.108986	1.04876
27	12	0.675	0.3	0.0114978	-0.123647	4.9966
27	13	0.675	0.325	0.131854	-0.0672346	1.76393
27	14	0.675	0.35	-0.0367095	-0.219682	3.03068
27	15	0.675	0.375	0.165984	-0.0478463	5.27714
27	16	0.675	0.4	0.00924453	-0.251033	-0.959416
27	17	0.675	0.425	0.0879478	-0.143485	8.97181
27	18	0.675	0.45	0.166975	-0.1496	-2.36437
27	19	0.675	0.475	-0.0817905	-0.365215	7.37252
27	20	0.675	0.5	0.31526	-0.0163551	3.51087
27	21	0.675	0.525	-0.191539	-0.537186	-1.92296
27	22	0.675	0.55	0.283574	-0.0789979	14.1656
27	23	0.675	0.575	-0.0539408	-0.404563	-11.0403
27	24	0.675	0.6	-0.0377219	-0.452986	18.1978
27	25	0.675	0.625	0.251037	-0.0576946	-6.53929
27	26	0.675	0.65	-0.58562	-0.903552	4.91051
27	27	0.675	0.675	0.365386	0.0377944	12.4617
27	28	0.675	0.7	-0.895403	-0.890888	-17.9273
27	29	0.675	0.725	0.148442	-0.32137	29.0968
27	30	0.675	0.75	-0.537724	-0.323357	-25.4721
27	31	0.675	0.775	-0.54071	-0.944458	23.1955
27	32	0.675	0.8	-0.01237	0.11886	-6.73714
27	33	0.675	0.825	-1.6155	-1.18324	-6.32836
27	34	0.675	0.85	0.162698	0.0087859	19.9146
27	35	0.675	0.875	-2.04977	-0.658182	-31.1721
27	36	0.675	0.9	0.545446	-0.432185	29.8735
27	37	0.675	0.925	-1.03413	0.106186	-27.3586
27	38	0.675	0.95	0.964758	-0.731453	13.9622
27	39	0.675	0.975	0.569611	0.157378	-6.38186
27	40	0.675	1	1	0	0
28	0	0.7	0	0	0	2.91945
28	1	0.7	0.025	0.0119332	-0.0106274	2.91945
28	2	0.7	0.05	0.0256255	-0.00486269	3.11134
28	3	0.7	0.075	0.0231422	-0.0273484	2.609
28	4	0.7	0.1	0.0327468	-0.0241525	3.45415
28	5	0.7	0.125	0.0401329	-0.0298297	2.49445
28	6	0.7	0.15	0.0198031	-0.0595082	3.2933
28	7	0.7	0.175	0.0632406	-0.0270066	3.16972
28	8	0.7	0.2	0.0121064	-0.0902065	2.33573
28	9	0.7	0.225	0.0649786	-0.0466434	4.40505
28	10	0.7	0.25	0.0433012	-0.0877242	1.42468
28	11	0.7	0.275	0.0293952	-0.107497	4.83481
28	12	0.7	0.3	0.106725	-0.0524803	2.18078
28	13	0.7	0.325	-0.00846228	-0.186031	3.0331
28	14	0.7	0.35	0.142248	-0.0365979	5.23106
28	15	0.7	0.375	0.0229285	-0.211189	-0.401541
28	16	0.7	0.4	0.0939091	-0.113431	8.43059
28	17	0.7	0.425	0.145547	-0.125044	-1.75959
28	18	0.7	0.45	-0.018986	-0.30068	7.24991
28	19	0.7	0.475	0.264469	0.00789966	3.16342
28	20	0.7	0.5	-0.0828674	-0.470601	-0.987262
28	21	0.7	0.525	0.241352	-0.00879354	13.2614
28	22	0.7	0.55	0.0241381	-0.383129	-10.5492
28	23	0.7	0.575	0.026	-0.335022	18.8278
28	24	0.7	0.6	0.244562	-0.0238329	-8.292
28	25	0.7	0.625	-0.308623	-0.838843	7.41975
28	26	0.7	0.65	0.297	0.178309	10.8985
28	27	0.7	0.675	-0.537783	-0.96856	-18.123
28	28	0.7	0.7	0.0521301	-0.137159	32.6714
28	29	0.7	0.725	-0.394052	-0.408154	-31.924
28	30	0.7	0.75	-0.390301	-0.914018	32.0492
28	31	0.7	0.775	-0.0718272	0.235636	-13.6019
28	32	0.7	0.8	-1.01909	-1.49892	-2.45566
28	33	0.7	0.825	-0.118792	0.248838	23.5992
28	34	0.7	0.85	-1.49181	-1.16206	-43.4762
28	35	0.7	0.875	-0.164214	-0.282764	49.3826
28	36	0.7	0.9	-1.10979	-0.173966	-53.2601
28	37	0.7	0.925	0.343873	-1.01359	40.3834
28	38	0.7	0.95	0.109911	0.486915	-25.3579
28	39	0.7	0.975	0.847617	-0.846377	5.69195
28	40	0.7	1	1	0	0
29	0	0.725	0	0	0	3.20647
29	1	0.725	0.025	0.0143666	9.09755e-05	3.20647
29	2	0.725	0.05	0.0220008	-0.0206388	2.95572
29	3	0.725	0.075	0.0293146	-0.0133223	3.57743
29	4	0.725	0.1	0.0369403	-0.0241025	2.721
29	5	0.725	0.125	0.0269802	-0.0467211	3.54145
29	6	0.725	0.15	0.0535624	-0.0185389	3.26027
29	7	0.725	0.175	0.0231338	-0.0775992	2.65933
29	8	0.725	0.2	0.0575921	-0.0337901	4.44022
29	9	0.725	0.225	0.0433665	-0.0759103	1.72135
29	10	0.725	0.25	0.0361102	-0.0881368	4.93045
29	11	0.725	0.275	0.0889286	-0.0427772	2.28838
29	12	0.725	0.3	0.0116669	-0.157382	3.3976
29	13	0.725	0.325	0.117318	-0.02562	4.92634
29	14	0.725	0.35	0.0387481	-0.180299	0.37594
29	15	0.725	0.375	0.0824162	-0.0841326	7.80271
29	16	0.725	0.4	0.138202	-0.111823	-1.08971
29	17	0.725	0.425	0.00368642	-0.231635	7.26316
29	18	0.725	0.45	0.232727	0.0056457	2.45419
29	19	0.725	0.475	-0.0157618	-0.380663	0.889717
29	20	0.725	0.5	0.197557	0.0297021	10.824
29	21	0.725	0.525	0.111422	-0.349594	-7.8667
29	22	0.725	0.55	0.00623652	-0.19159	17.2748
29	23	0.725	0.575	0.301571	-0.0604711	-8.7991
29	24	0.725	0.6	-0.194677	-0.634222	10.7591
29	25	0.725	0.625	0.300243	0.217239	5.64165
29	26	0.725	0.65	-0.222931	-0.891371	-11.334
29	27	0.725	0.675	-0.0443603	0.0801594	27.9157
29	28	0.725	0.7	-0.0677167	-0.526309	-30.1655
29	29	0.725	0.725	-0.502911	-0.595985	35.8088
29	30	0.725	0.75	0.0784073	0.157475	-21.595
29	31	0.725	0.775	-0.74915	-1.36844	10.0776
29	32	0.725	0.8	-0.161663	0.414661	13.3488
29	33	0.725	0.825	-0.823566	-1.38117	-34.704
29	34	0.725	0.85	-0.706911	0.0281383	48.7655
29	35	0.725	0.875	-0.657647	-0.607716	-59.4074
29	36	0.725	0.9	-0.675141	-0.771306	56.4447
29	37	0.725	0.925	0.00332854	0.298853	-44.8443
29	38	0.725	0.95	0.1886	-1.25119	25.2406
29	39	0.725	0.975	0.747036	0.329369	-9.61412
29	40	0.725	1	1	0	0
30	0	0.75	0	0	0	3.35016
30	1	0.75	0.025	0.0145736	-0.011589	3.35016
30	2	0.75	0.05	0.0228682	-0.00450009	3.61115
30	3	0.75	0.075	0.0342593	-0.0212626	3.04071
30	4	0.75	0.1	0.028114	-0.0313364	3.77315
30	5	0.75	0.125	0.048039	-0.0153947	3.29194
30	6	0.75	0.15	0.0298212	-0.0638536	3.13869
30	7	0.75	0.175	0.0505839	-0.0223523	4.30866
30	8	0.75	0.2	0.0462184	-0.0687677	2.17859
30	9	0.75	0.225	0.0357034	-0.0663411	4.97275
30	10	0.75	0.25	0.0795284	-0.0398734	2.38211
30	11	0.75	0.275	0.0203472	-0.128796	3.88909
30	12	0.75	0.3	0.100211	-0.0194623	4.49302
30	13	0.75	0.325	0.0456155	-0.152613	1.33711
30	14	0.75	0.35	0.0713146	-0.0620721	7.01007
30	15	0.75	0.375	0.130646	-0.0991759	-0.119433
30	16	0.75	0.4	0.00662792	-0.17451	6.89669
30	17	0.75	0.425	0.215612	-0.00566275	2.28556
30	18	0.75	0.45	0.000253239	-0.285506	2.34809
30	19	0.75	0.475	0.18484	0.0256162	8.38907
30	20	0.75	0.5	0.142212	-0.273872	-4.25439
30	21	0.75	0.525	-0.00665568	-0.105918	13.6698
30	22	0.75	0.55	0.353516	-0.0814457	-6.21422
30	23	0.75	0.575	-0.195385	-0.405122	10.7353
30	24	0.75	0.6	0.376412	0.155384	2.34447
30	25	0.75	0.625	-0.114013	-0.643918	-3.97238
30	26	0.75	0.65	-0.00618112	0.158804	18.8537
30	27	0.75	0.675	0.190809	-0.476122	-20.4368
30	28	0.75	0.7	-0.624695	-0.263335	29.2584
30	29	0.75	0.725	0.35483	0.0212386	-20.3722
30	30	0.75	0.75	-0.847901	-0.912963	16.4218
30	31	0.75	0.775	0.0594883	0.372844	2.06547
30	32	0.75	0.8	-0.511705	-1.13398	-17.4053
30	33	0.75	0.825	-0.819969	0.23874	32.9687
30	34	0.75	0.85	-0.151989	-0.693403	-44.3445
30	35	0.75	0.875	-1.49587	-0.345348	49.2206
30	36	0.75	0.9	0.209275	-0.0651793	-44.8799
30	37	0.75	0.925	-0.904859	-0.985812	35.6183
30	38	0.75	0.95	0.64904	0.360668	-20.9105
30	39	0.75	0.975	0.480645	-0.765444	4.25891
30	40	0.75	1	1	0	0
31	0	0.775	0	0	0	3.65356
31	1	0.775	0.025	0.0141503	-0.000803447	3.65356
31	2	0.775	0.05	0.0278023	-0.0164278	3.44577
31	3	0.775	0.075	0.0260298	-0.0175688	3.88793
31	4	0.775	0.1	0.0443541	-0.0156394	3.4359
31	5	0.775	0.125	0.0313017	-0.0474757	3.5886
31	6	0.775	0.15	0.04717	-0.016487	4.13163
31	7	0.775	0.175	0.0465321	-0.060452	2.77998
31	8	0.775	0.2	0.0347753	-0.0469866	4.85448
31	9	0.775	0.225	0.0733741	-0.0403195	2.65498
31	10	0.775	0.25	0.0227036	-0.100574	4.26732
31	11	0.775	0.275	0.0898935	-0.0181594	4.16234
31	12	0.775	0.3	0.0432773	-0.126865	2.25904
31	13	0.775	0.325	0.0673918	-0.0468595	6.26843
31	14	0.775	0.35	0.113828	-0.0851477	0.920309
31	15	0.775	0.375	0.0122106	-0.135158	6.33614
31	16	0.775	0.4	0.193365	-0.00898538	2.67259
31	17	0.775	0.425	-0.0023528	-0.214055	2.9241
31	18	0.775	0.45	0.186797	0.0107609	7.12459
31	19	0.775	0.475	0.116159	-0.187813	-1.65723
31	20	0.775	0.5	0.0274172	-0.087477	10.3912
31	21	0.775	0.525	0.333276	-0.044428	-2.48733
31	22	0.775	0.55	-0.182039	-0.269354	7.84212
31	23	0.775	0.575	0.4298	0.100312	3.25558
31	24	0.775	0.6	-0.14422	-0.383179	-1.318
31	25	0.775	0.625	0.147658	0.0957026	12.7803
31	26	0.775	0.65	0.225473	-0.258477	-10.6467
31	27	0.775	0.675	-0.530939	-0.143172	18.0655
31	28	0.775	0.7	0.520507	0.0261883	-10.5398
31	29	0.775	0.725	-0.98421	-0.502039	10.7294
31	30	0.775	0.75	0.364925	0.211164	1.25741
31	31	0.775	0.775	-0.605219	-0.632431	-7.8312
31	32	0.775	0.8	-0.498892	0.156736	17.6612
31	33	0.775	0.825	0.044082	-0.384744	-23.2575
31	34	0.775	0.85	-1.69481	-0.15222	26.8593
31	35	0.775	0.875	0.381279	-0.13739	-25.4051
31	36	0.775	0.9	-1.80408	-0.501414	22.8174
31	37	0.775	0.925	0.697343	0.0319219	-17.0436
31	38	0.775	0.95	-0.421467	-0.613468	7.89355
31	39	0.775	0.975	0.863125	0.00836534	-4.31783
31	40	0.775	1	1	0	0
32	0	0.8	0	0	0	3.81402
32	1	0.8	0.025	0.016105	-0.00835737	3.81402
32	2	0.8	0.05	0.0221867	-0.00882804	3.95294
32	3	0.8	0.075	0.0385813	-0.0147795	3.71356
32	4	0.8	0.1	0.0302169	-0.0317462	3.89464
32	5	0.8	0.125	0.0455648	-0.0151542	4.07194
32	6	0.8	0.15	0.0434793	-0.0490628	3.36494
32	7	0.8	0.175	0.0362732	-0.0336243	4.67244
32	8	0.8	0.2	0.0660778	-0.0397748	3.09267
32	9	0.8	0.225	0.0248588	-0.0754574	4.46387
32	10	0.8	0.25	0.0811692	-0.0195714	4.04469
32	11	0.8	0.275	0.0382682	-0.103466	3.00633
32	12	0.8	0.3	0.0665638	-0.0354648	5.73207
32	13	0.8	0.325	0.0916757	-0.0736451	1.79728
32	14	0.8	0.35	0.0245909	-0.106124	5.94284
32	15	0.8	0.375	0.159035	-0.00573244	3.10725
32	16	0.8	0.4	0.00423016	-0.17151	3.15974
32	17	0.8	0.425	0.17402	0.0116768	6.77331
32	18	0.8	0.45	0.07934	-0.133489	-0.49281
32	19	0.8	0.475	0.0757852	-0.0837104	8.94361
32	20	0.8	0.5	0.254146	0.0113884	-0.229057
32	21	0.8	0.525	-0.102984	-0.229763	5.43101
32	22	0.8	0.55	0.388384	0.117243	5.70047
32	23	0.8	0.575	-0.150719	-0.249303	-2.51296
32	24	0.8	0.6	0.268288	0.0397031	12.2971
32	25	0.8	0.625	0.121552	-0.0444788	-6.89909
32	26	0.8	0.65	-0.2499	-0.202286	11.3989
32	27	0.8	0.675	0.466328	0.188584	-1.37079
32	28	0.8	0.7	-0.845529	-0.382371	0.414232
32	29	0.8	0.725	0.490214	0.172239	9.68615
32	30	0.8	0.75	-0.76011	-0.258026	-11.4832
32	31	0.8	0.775	-0.0555941	-0.0804307	15.2399
32	32	0.8	0.8	-0.077644	0.0540544	-12.3653
32	33	0.8	0.825	-1.25436	-0.345981	8.60172
32	34	0.8	0.85	0.322526	0.108415	-3.13133
32	35	0.8	0.875	-1.99003	-0.360782	-2.93362
32	36	0.8	0.9	0.58561	-0.132334	3.64976
32	37	0.8	0.925	-1.19386	-0.205362	-6.67425
32	38	0.8	0.95	0.814905	-0.281969	2.02473
32	39	0.8	0.975	0.422522	-0.130927	-3.26643
32	40	0.8	1	1	0	0
33	0	0.825	0	0	0	4.07874
33	1	0.825	0.025	0.014608	-0.00415018	4.07874
33	2	0.825	0.05	0.0290672	-0.0107488	4.02402
33	3	0.825	0.075	0.0283419	-0.0200397	4.09422
33	4	0.825	0.1	0.0423691	-0.0145488	4.17173
33	5	0.825	0.125	0.0394224	-0.0367952	3.81824
33	6	0.825	0.15	0.038669	-0.0259452	4.56721
33	7	0.825	0.175	0.0572906	-0.0363333	3.56765
33	8	0.825	0.2	0.0288913	-0.0556302	4.5546
33	9	0.825	0.225	0.0710515	-0.0214735	4.10835
33	10	0.825	0.25	0.0357194	-0.0824998	3.58239
33	11	0.825	0.275	0.0633321	-0.0268291	5.39039
33	12	0.825	0.3	0.0725561	-0.0660963	2.50676
33	13	0.825	0.325	0.0356409	-0.0794328	5.79242
33	14	0.825	0.35	0.121905	-0.00628574	3.30855
33	15	0.825	0.375	0.0205665	-0.141387	3.63904
33	16	0.825	0.4	0.140973	0.0236168	6.45252
33	17	0.825	0.425	0.0642723	-0.116164	0.214691
33	18	0.825	0.45	0.0941388	-0.0556444	8.72191
33	19	0.825	0.475	0.176005	0.0312697	0.172093
33	20	0.825	0.5	-0.00951373	-0.206973	5.39402
33	21	0.825	0.525	0.28207	0.163764	6.32751
33	22	0.825	0.55	-0.0713508	-0.232983	-3.2
33	23	0.825	0.575	0.259131	0.0826503	13.7875
33	24	0.825	0.6	0.0556398	0.0236174	-7.88557
33	25	0.825	0.625	-0.00670397	-0.2289	11.9509
33	26	0.825	0.65	0.303231	0.349804	0.45691
33	27	0.825	0.675	-0.464875	-0.458112	-3.70403
33	28	0.825	0.7	0.381225	0.323858	16.633
33	29	0.825	0.725	-0.641287	-0.215501	-19.6307
33	30	0.825	0.75	0.137007	-0.135213	23.1676
33	31	0.825	0.775	-0.241658	0.320036	-15.8602
33	32	0.825	0.8	-0.615401	-0.649812	7.00287
33	33	0.825	0.825	0.116371	0.461228	6.2553
33	34	0.825	0.85	-1.46812	-0.63108	-20.2491
33	35	0.825	0.875	0.238856	0.0249152	24.5101
33	36	0.825	0.9	-1.34807	-0.131555	-30.2368
33	37	0.825	0.925	0.519948	-0.547777	21.448
33	38	0.825	0.95	-0.137696	0.22075	-15.5031
33	39	0.825	0.975	0.786465	-0.51897	2.83068
33	40	0.825	1	1	0	0
34	0	0.85	0	0	0	4.28566
34	1	0.85	0.025	0.0163391	-0.00507156	4.28566
34	2	0.85	0.05	0.0244285	-0.0123841	4.28575
34	3	0.85	0.075	0.0361083	-0.0122119	4.35744
34	4	0.85	0.1	0.036094	-0.0265532	4.14972
34	5	0.85	0.125	0.0391365	-0.0211737	4.59028
34	6	0.85	0.15	0.0491535	-0.0309408	3.98097
34	7	0.85	0.175	0.033116	-0.0412558	4.64139
34	8	0.85	0.2	0.0602395	-0.0224684	4.26763
34	9	0.85	0.225	0.0360519	-0.0639587	4.04667
34	10	0.85	0.25	0.0566259	-0.0214843	5.1719
34	11	0.85	0.275	0.0602004	-0.0596744	3.15619
34	12	0.85	0.3	0.0393432	-0.0547201	5.71895
34	13	0.85	0.325	0.0929435	-0.0142732	3.41817
34	14	0.85	0.35	0.0332759	-0.109084	4.37113
34	15	0.85	0.375	0.103855	0.0279303	5.78435
34	16	0.85	0.4	0.0664898	-0.110015	1.34437
34	17	0.85	0.425	0.0778691	-0.0127871	8.36587
34	18	0.85	0.45	0.134372	0.00725624	0.176227
34	19	0.85	0.475	0.0365361	-0.148448	6.72275
34	20	0.85	0.5	0.18658	0.169054	4.76883
34	21	0.85	0.525	0.0264366	-0.228483	-1.05563
34	22	0.85	0.55	0.166404	0.168956	13.0151
34	23	0.85	0.575	0.0918814	-0.0359344	-8.22981
34	24	0.85	0.6	0.0571741	-0.115299	14.7913
34	25	0.85	0.625	0.199948	0.361083	-3.15488
34	26	0.85	0.65	-0.13055	-0.461916	0.8326
34	27	0.85	0.675	0.198596	0.506653	14.9428
34	28	0.85	0.7	-0.277981	-0.358549	-20.4952
34	29	0.85	0.725	0.0371953	0.0870682	28.957
34	30	0.85	0.75	-0.178491	0.270017	-24.1125
34	31	0.85	0.775	-0.2734	-0.660013	17.4459
34	32	0.85	0.8	-0.0319796	0.691141	0.0356131
34	33	0.85	0.825	-0.741038	-0.932151	-17.9141
34	34	0.85	0.85	-0.124998	0.369473	30.4632
34	35	0.85	0.875	-0.907637	-0.409816	-42.9133
34	36	0.85	0.9	-0.0603482	-0.427658	39.2594
34	37	0.85	0.925	-0.320503	0.264495	-33.7089
34	38	0.85	0.95	0.368052	-0.877348	17.8049
34	39	0.85	0.975	0.599912	0.251001	-7.05498
34	40	0.85	1	1	0	0
35	0	0.875	0	0	0	4.51064
35	1	0.875	0.025	0.0157137	-0.00628755	4.51064
35	2	0.875	0.05	0.0274002	-0.0084511	4.55125
35	3	0.875	0.075	0.0326515	-0.0190197	4.43187
35	4	0.875	0.1	0.0365925	-0.0170253	4.69911
35	5	0.875	0.125	0.0430976	-0.0254616	4.32254
35	6	0.875	0.15	0.0351827	-0.0309254	4.76756
35	7	0.875	0.175	0.0508648	-0.0221879	4.46309
35	8	0.875	0.2	0.0368966	-0.0481027	4.44139
35	9	0.875	0.225	0.0488076	-0.0192135	5.04169
35	10	0.875	0.25	0.052704	-0.0513411	3.7946
35	11	0.875	0.275	0.0370519	-0.0359172	5.58865
35	12	0.875	0.3	0.0744543	-0.023968	3.67989
35	13	0.875	0.325	0.035429	-0.0745723	5.00605
35	14	0.875	0.35	0.0775336	0.0174303	5.06946
35	15	0.875	0.375	0.0662771	-0.092905	2.8529
35	16	0.875	0.4	0.0524674	0.0157863	7.36056
35	17	0.875	0.425	0.118423	-0.0267176	1.00974
35	18	0.875	0.45	0.03213	-0.070214	7.5143
35	19	0.875	0.475	0.139738	0.118226	3.00853
35	20	0.875	0.5	0.0659765	-0.171225	2.52236
35	21	0.875	0.525	0.0882459	0.20237	9.62305
35	22	0.875	0.55	0.152088	-0.0991218	-5.10402
35	23	0.875	0.575	0.00312193	0.0522837	14.6061
35	24	0.875	0.6	0.207117	0.229719	-5.75821
35	25	0.875	0.625	-0.0214202	-0.287512	7.65638
35	26	0.875	0.65	0.112747	0.534412	7.24274
35	27	0.875	0.675	0.0285928	-0.401465	-11.8621
35	28	0.875	0.7	-0.125336	0.374993	24.9103
35	29	0.875	0.725	0.0857034	0.0451214	-24.8131
35	30	0.875	0.75	-0.298254	-0.313759	25.4902
35	31	0.875	0.775	0.0349294	0.64411	-11.4338
35	32	0.875	0.8	-0.326406	-0.889025	-2.66635
35	33	0.875	0.825	-0.278678	0.66258	20.2314
35	34	0.875	0.85	-0.319008	-0.658127	-36.2257
35	35	0.875	0.875	-0.571706	-0.0325854	41.4548
35	36	0.875	0.9	-0.117176	0.0221041	-41.7325
35	37	0.875	0.925	-0.298866	-0.81618	31.4767
35	38	0.875	0.95	0.367091	0.401337	-18.3464
35	39	0.875	0.975	0.518873	-0.613926	4.21698
35	40	0.875	1	1	0	0
36	0	0.9	0	0	0	4.74181
36	1	0.9	0.025	0.0163604	-0.00438146	4.74181
36	2	0.9	0.05	0.0268633	-0.0127828	4.70427
36	3	0.9	0.075	0.0318939	-0.0130351	4.83803
36	4	0.9	0.1	0.0383811	-0.0206617	4.62989
36	5	0.9	0.125	0.034417	-0.0231471	4.91802
36	6	0.9	0.15	0.0439175	-0.0208549	4.68238
36	7	0.9	0.175	0.0362008	-0.0351149	4.77545
36	8	0.9	0.2	0.0422294	-0.0184877	5.00776
36	9	0.9	0.225	0.046621	-0.0408132	4.38304
36	10	0.9	0.25	0.0332664	-0.0247661	5.42387
36	11	0.9	0.275	0.0618937	-0.0284428	4.14591
36	12	0.9	0.3	0.0309745	-0.0457709	5.32162
36	13	0.9	0.325	0.0631325	0.000622875	4.72261
36	14	0.9	0.35	0.0554075	-0.0646695	4.17634
36	15	0.9	0.375	0.0384344	0.0184437	6.18379
36	16	0.9	0.4	0.101751	-0.040169	2.58483
36	17	0.9	0.425	0.0140873	-0.0128818	7.1037
36	18	0.9	0.45	0.122838	0.052299	2.65074
36	19	0.9	0.475	0.0471378	-0.083877	5.08511
36	20	0.9	0.5	0.0667444	0.158436	6.14707
36	21	0.9	0.525	0.15184	-0.0902598	-0.219531
36	22	0.9	0.55	-0.0401343	0.146105	11.031
36	23	0.9	0.575	0.235435	0.0890292	-3.95381
36	24	0.9	0.6	-0.0607227	-0.0551365	10.3859
36	25	0.9	0.625	0.148704	0.387527	1.04734
36	26	0.9	0.65	0.0952022	-0.250092	-1.07041
36	27	0.9	0.675	-0.147507	0.484262	14.4378
36	28	0.9	0.7	0.28095	-0.089133	-15.6466
36	29	0.9	0.725	-0.405701	0.104022	22.7971
36	30	0.9	0.75	0.247964	0.397943	-15.5446
36	31	0.9	0.775	-0.306959	-0.493321	10.1313
36	32	0.9	0.8	-0.146702	0.691833	4.89984
36	33	0.9	0.825	-0.00588319	-0.611136	-18.0176
36	34	0.9	0.85	-0.716942	0.345104	28.4903
36	35	0.9	0.875	0.178468	-0.183268	-33.8241
36	36	0.9	0.9	-0.821703	-0.422022	31.8263
36	37	0.9	0.925	0.343282	0.235693	-23.5168
36	38	0.9	0.95	-0.113541	-0.703085	12.426
36	39	0.9	0.975	0.66378	0.207464	-3.67249
36	40	0.9	1	1	0	0
37	0	0.925	0	0	0	4.95427
37	1	0.925	0.025	0.0169828	-0.00636465	4.95427
37	2	0.925	0.05	0.0258476	-0.00938525	4.99468
37	3	0.925	0.075	0.0332453	-0.0160003	4.92119
37	4	0.925	0.1	0.0318267	-0.0172022	5.07186
37	5	0.925	0.125	0.0385814	-0.018519	4.93078
37	6	0.925	0.15	0.0336941	-0.0248384	5.04624
37	7	0.925	0.175	0.0373991	-0.0174884	5.083
37	8	0.925	0.2	0.0402253	-0.0297343	4.86529
37	9	0.925	0.225	0.0306569	-0.0190087	5.3259
37	10	0.925	0.25	0.0507691	-0.0259233	4.6861
37	11	0.925	0.275	0.0266316	-0.027225	5.39252
37	12	0.925	0.3	0.0534424	-0.0109847	4.82503
37	13	0.925	0.325	0.0403707	-0.0374253	4.96776
37	14	0.925	0.35	0.0360333	0.00650818	5.45776
37	15	0.925	0.375	0.0752797	-0.031597	4.09767
37	16	0.925	0.4	0.00944076	0.00747393	6.16908
37	17	0.925	0.425	0.102714	0.0112808	3.56851
37	18	0.925	0.45	0.0176629	-0.0176983	5.818
37	19	0.925	0.475	0.0735423	0.0858137	4.56503
37	20	0.925	0.5	0.0964151	-0.0351085	3.46794
37	21	0.925	0.525	-0.022522	0.135019	7.15439
37	22	0.925	0.55	0.19954	0.0297612	0.321094
37	23	0.925	0.575	-0.0899597	0.083483	8.65239
37	24	0.925	0.6	0.192829	0.206944	0.228503
37	25	0.925	0.625	0.0138414	-0.0394015	4.82414
37	26	0.925	0.65	-0.0311761	0.378053	5.92153
37	27	0.925	0.675	0.252453	-0.043156	-4.17757
37	28	0.925	0.7	-0.350176	0.307515	13.3257
37	29	0.925	0.725	0.362564	0.190761	-9.76834
37	30	0.925	0.75	-0.386384	-0.0491251	12.0115
37	31	0.925	0.775	0.109426	0.482928	-3.20229
37	32	0.925	0.8	-0.0328929	-0.306808	-2.46555
37	33	0.925	0.825	-0.481284	0.462838	11.8808
37	34	0.925	0.85	0.291029	-0.185964	-17.5006
37	35	0.925	0.875	-0.892648	-0.0236833	20.3752
37	36	0.925	0.9	0.375296	0.0524188	-17.919
37	37	0.925	0.925	-0.564378	-0.466236	13.0452
37	38	0.925	0.95	0.446471	0.161876	-6.02919
37	39	0.925	0.975	0.395676	-0.235463	1.4292
37	40	0.925	1	1	0	0
38	0	0.95	0	0	0	5.17314
38	1	0.95	0.025	0.0169953	-0.00508328	5.17314
38	2	0.95	0.05	0.0262768	-0.0108001	5.17617
38	3	0.95	0.075	0.0280419	-0.0125224	5.2311
38	4	0.95	0.1	0.0329341	-0.0148031	5.19063
38	5	0.95	0.125	0.0298622	-0.0167645	5.26246
38	6	0.95	0.15	0.0328277	-0.0148322	5.2511
38	7	0.95	0.175	0.0332786	-0.0195143	5.22147
38	8	0.95	0.2	0.0285574	-0.0148246	5.3561
38	9	0.95	0.225	0.0395231	-0.0188829	5.15266
38	10	0.95	0.25	0.0245474	-0.0167084	5.41747
38	11	0.95	0.275	0.0427352	-0.0132242	5.16168
38	12	0.95	0.3	0.0292455	-0.0191372	5.32177
38	13	0.95	0.325	0.0348234	-0.00371476	5.32073
38	14	0.95	0.35	0.0479148	-0.0165494	5.03652
38	15	0.95	0.375	0.0166166	0.0048415	5.55923
38	16	0.95	0.4	0.0703298	-0.00042103	4.71376
38	17	0.95	0.425	0.00875768	0.00708152	5.58523
38	18	0.95	0.45	0.0679048	0.0342552	4.7036
38	19	0.95	0.475	0.0419035	0.00761919	4.98036
38	20	0.95	0.5	0.0168777	0.07694	5.27782
38	21	0.95	0.525	0.114487	0.0297414	3.68965
38	22	0.95	0.55	-0.0529444	0.0966491	6.01434
38	23	0.95	0.575	0.158118	0.100251	2.63794
38	24	0.95	0.6	-0.041866	0.075294	5.47483
38	25	0.95	0.625	0.0714876	0.207807	3.31966
38	26	0.95	0.65	0.107097	0.0605089	2.47084
38	27	0.95	0.675	-0.155554	0.263703	5.78932
38	28	0.95	0.7	0.270097	0.125468	-1.35911
38	29	0.95	0.725	-0.307361	0.16799	6.97851
38	30	0.95	0.75	0.227615	0.259991	-1.87235
38	31	0.95	0.775	-0.141798	0.00494145	3.0802
38	32	0.95	0.8	-0.129635	0.334162	2.55196
38	33	0.95	0.825	0.179071	-0.0382251	-4.16367
38	34	0.95	0.85	-0.567607	0.156791	7.5021
38	35	0.95	0.875	0.317027	-0.00123498	-7.47048
38	36	0.95	0.9	-0.584647	-0.177971	6.90372
38	37	0.95	0.925	0.286948	0.0149415	-3.65228
38	38	0.95	0.95	-0.0456344	-0.226935	2.1287
38	39	0.95	0.975	0.506024	0.0611183	1.24244
38	40	0.95	1	1	0	0
39	0	0.975	0	0	0	5.39816
39	1	0.975	0.025	0.0193955	-0.00449556	5.39816
39	2	0.975	0.05	0.0258212	-0.00774236	5.43585
39	3	0.975	0.075	0.0294231	-0.00925246	5.46088
39	4	0.975	0.1	0.0286651	-0.00964033	5.49054
39	5	0.975	0.125	0.0305649	-0.00949258	5.50414
39	6	0.975	0.15	0.0299395	-0.0102046	5.51757
39	7	0.975	0.175	0.0288662	-0.00917926	5.54033
39	8	0.975	0.2	0.0325253	-0.0100228	5.52875
39	9	0.975	0.225	0.0266346	-0.00904068	5.5618
39	10	0.975	0.25	0.0344668	-0.00851352	5.53944
39	11	0.975	0.275	0.027227	-0.00848407	5.55562
39	12	0.975	0.3	0.0325709	-0.00536477	5.54894
39	13	0.975	0.325	0.033196	-0.00609881	5.52018
39	14	0.975	0.35	0.02591	-0.000553961	5.53666
39	15	0.975	0.375	0.0428119	-0.000106923	5.45828
39	16	0.975	0.4	0.0194376	0.0058034	5.47751
39	17	0.975	0.425	0.0476386	0.0113212	5.364
39	18	0.975	0.45	0.0245584	0.0142848	5.34467
39	19	0.975	0.475	0.0355625	0.0290176	5.22687
39	20	0.975	0.5	0.0493443	0.0277281	5.09552
39	21	0.975	0.525	0.00520325	0.0496315	5.03489
39	22	0.975	0.55	0.0801318	0.050955	4.70619
39	23	0.975	0.575	-0.0142125	0.0665884	4.72988
39	24	0.975	0.6	0.0758079	0.0875823	4.23489
39	25	0.975	0.625	0.0220995	0.0813324	4.14531
39	26	0.975	0.65	-0.000367272	0.128001	3.76691
39	27	0.975	0.675	0.105654	0.102525	3.18605
39	28	0.975	0.7	-0.105256	0.138934	3.26247
39	29	0.975	0.725	0.147097	0.13052	2.17663
39	30	0.975	0.75	-0.104715	0.109014	2.42299
39	31	0.975	0.775	0.0487917	0.155534	1.56734
39	32	0.975	0.8	0.0354064	0.0769371	1.03645
39	33	0.975	0.825	-0.169939	0.12493	1.31123
39	34	0.975	0.85	0.15576	0.0370596	-0.133002
39	35	0.975	0.875	-0.286314	-0.00966425	1.05983
39	36	0.975	0.9	0.150922	-0.0352531	0.181659
39	37	0.975	0.925	-0.121241	-0.126246	0.954192
39	38	0.975	0.95	0.170518	-0.0598108	1.89039
39	39	0.975	0.975	0.355697	0.0297157	2.28451
39	40	0.975	1	1	0	0
40	0	1	0	0	0	5.39816
40	1	1	0.025	0	0	5.39816
40	2	1	0.05	0	0	5.43585
40	3	1	0.075	0	0	5.46088
40	4	1	0.1	0	0	5.49054
40	5	1	0.125	0	0	5.50414
40	6	1	0.15	0	0	5.51757
40	7	1	0.175	0	0	5.54033
40	8	1	0.2	0	0	5.52875
40	9	1	0.225	0	0	5.5618
40	10	1	0.25	0	0	5.53944
40	11	1	0.275	0	0	5.55562
40	12	1	0.3	0	0	5.54894
40	13	1	0.325	0	0	5.52018
40	14	1	0.35	0	0	5.53666
40	15	1	0.375	0	0	5.45828
40	16	1	0.4	0	0	5.47751
40	17	1	0.425	0	0	5.364
40	18	1	0.45	0	0	5.34467
40	19	1	0.475	0	0	5.22687
40	20	1	0.5	0	0	5.09552
40	21	1	0.525	0	0	5.03489
40	22	1	0.55	0	0	4.70619
40	23	1	0.575	0	0	4.72988
40	24	1	0.6	0	0	4.23489
40	25	1	0.625	0	0	4.14531
40	26	1	0.65	0	0	3.76691
40	27	1	0.675	0	0	3.18605
40	28	1	0.7	0	0	3.26247
40	29	1	0.725	0	0	2.17663
40	30	1	0.75	0	0	2.42299
40	31	1	0.775	0	0	1.56734
40	32	1	0.8	0	0	1.03645
40	33	1	0.825	0	0	1.31123
40	34	1	0.85	0	0	-0.133002
40	35	1	0.875	0	0	1.05983
40	36	1	0.9	0	0	0.181659
40	37	1	0.925	0	0	0.954192
40	38	1	0.95	0	0	1.89039
40	39	1	0.975	0	0	2.28451
40	40	1	1	1	0	0
