# i		j		x		y		u		v		p
# nx		ny		
# 41		41
# =================================
0	0	0	0	0	0	2.14972
0	1	0	0.025	0	0	2.14972
0	2	0	0.05	0	0	2.16463
0	3	0	0.075	0	0	2.28757
0	4	0	0.1	0	0	2.21069
0	5	0	0.125	0	0	2.44029
0	6	0	0.15	0	0	2.39302
0	7	0	0.175	0	0	2.52086
0	8	0	0.2	0	0	2.72679
0	9	0	0.225	0	0	2.59183
0	10	0	0.25	0	0	3.07044
0	11	0	0.275	0	0	2.82496
0	12	0	0.3	0	0	3.25236
0	13	0	0.325	0	0	3.31229
0	14	0	0.35	0	0	3.27747
0	15	0	0.375	0	0	3.89955
0	16	0	0.4	0	0	3.37801
0	17	0	0.425	0	0	4.27126
0	18	0	0.45	0	0	3.79969
0	19	0	0.475	0	0	4.27296
0	20	0	0.5	0	0	4.49415
0	21	0	0.525	0	0	4.10067
0	22	0	0.55	0	0	5.06539
0	23	0	0.575	0	0	4.10044
0	24	0	0.6	0	0	5.15989
0	25	0	0.625	0	0	4.38343
0	26	0	0.65	0	0	4.86216
0	27	0	0.675	0	0	4.64427
0	28	0	0.7	0	0	4.49378
0	29	0	0.725	0	0	4.49657
0	30	0	0.75	0	0	4.07584
0	31	0	0.775	0	0	4.07943
0	32	0	0.8	0	0	3.24933
0	33	0	0.825	0	0	3.83581
0	34	0	0.85	0	0	1.8219
0	35	0	0.875	0	0	3.46507
0	36	0	0.9	0	0	0.333287
0	37	0	0.925	0	0	1.88517
0	38	0	0.95	0	0	-0.635249
0	39	0	0.975	0	0	-0.929539
0	40	0	1	1	0	0
1	0	0.025	0	0	0	2.14972
1	1	0.025	0.025	0.00710016	-0.0102896	2.14972
1	2	0.025	0.05	0.00194258	-0.0245897	2.16463
1	3	0.025	0.075	0.0148324	-0.0307964	2.28757
1	4	0.025	0.1	-0.00461864	-0.0421548	2.21069
1	5	0.025	0.125	0.014159	-0.0527766	2.44029
1	6	0.025	0.15	0.00358491	-0.0555413	2.39302
1	7	0.025	0.175	-0.002969	-0.0733635	2.52086
1	8	0.025	0.2	0.0239334	-0.0709195	2.72679
1	9	0.025	0.225	-0.0224579	-0.0864262	2.59183
1	10	0.025	0.25	0.0325176	-0.0911413	3.07044
1	11	0.025	0.275	-0.0174647	-0.0915026	2.82496
1	12	0.025	0.3	0.00801587	-0.111249	3.25236
1	13	0.025	0.325	0.0189446	-0.0957296	3.31229
1	14	0.025	0.35	-0.0382853	-0.120107	3.27747
1	15	0.025	0.375	0.0552318	-0.105811	3.89955
1	16	0.025	0.4	-0.060863	-0.111788	3.37801
1	17	0.025	0.425	0.0454364	-0.119685	4.27126
1	18	0.025	0.45	-0.0246014	-0.0948369	3.79969
1	19	0.025	0.475	-0.0220374	-0.123422	4.27296
1	20	0.025	0.5	0.0469894	-0.0813875	4.49415
1	21	0.025	0.525	-0.096572	-0.100642	4.10067
1	22	0.025	0.55	0.0859473	-0.0733618	5.06539
1	23	0.025	0.575	-0.10447	-0.0558689	4.10044
1	24	0.025	0.6	0.0445633	-0.0615717	5.15989
1	25	0.025	0.625	-0.0347205	-0.0107029	4.38343
1	26	0.025	0.65	-0.0504267	-0.025973	4.86216
1	27	0.025	0.675	0.0419036	0.0288917	4.64427
1	28	0.025	0.7	-0.110205	0.0403329	4.49378
1	29	0.025	0.725	0.0561768	0.0724393	4.49657
1	30	0.025	0.75	-0.0883521	0.105968	4.07584
1	31	0.025	0.775	0.0199043	0.127841	4.07943
1	32	0.025	0.8	-0.0523505	0.146432	3.24933
1	33	0.025	0.825	0.0158128	0.194079	3.83581
1	34	0.025	0.85	-0.0811889	0.18499	1.8219
1	35	0.025	0.875	0.0815304	0.238812	3.46507
1	36	0.025	0.9	-0.110495	0.237858	0.333287
1	37	0.025	0.925	0.152719	0.216356	1.88517
1	38	0.025	0.95	0.0585007	0.217956	-0.635249
1	39	0.025	0.975	0.388867	0.0566934	-0.929539
1	40	0.025	1	1	0	0
2	0	0.05	0	0	0	2.44026
2	1	0.05	0.025	-0.00886976	-0.0239249	2.44026
2	2	0.05	0.05	-0.00268789	-0.0311548	2.66171
2	3	0.05	0.075	-0.0239278	-0.0604195	2.23825
2	4	0.05	0.1	0.000869903	-0.0716742	3.00093
2	5	0.05	0.125	-0.0216683	-0.0782461	2.34467
2	6	0.05	0.15	-0.0163642	-0.117942	2.8539
2	7	0.05	0.175	0.00374064	-0.0967549	3.11173
2	8	0.05	0.2	-0.0479792	-0.147735	2.27775
2	9	0.05	0.225	0.0255456	-0.135179	4.03044
2	10	0.05	0.25	-0.0564513	-0.148797	2.12938
2	11	0.05	0.275	0.00530567	-0.189354	4.11401
2	12	0.05	0.3	-0.0153417	-0.139545	3.20427
2	13	0.05	0.325	-0.0613472	-0.22599	3.03692
2	14	0.05	0.35	0.0460903	-0.15415	5.10249
2	15	0.05	0.375	-0.118519	-0.211083	1.89058
2	16	0.05	0.4	0.0574814	-0.203799	6.2027
2	17	0.05	0.425	-0.0928792	-0.155219	2.39113
2	18	0.05	0.45	-0.0269764	-0.253373	5.17626
2	19	0.05	0.475	0.0132561	-0.111848	4.94145
2	20	0.05	0.5	-0.164175	-0.239126	2.69705
2	21	0.05	0.525	0.103471	-0.11823	7.70364
2	22	0.05	0.55	-0.226597	-0.139175	1.26258
2	23	0.05	0.575	0.0744694	-0.155772	8.128
2	24	0.05	0.6	-0.133923	-0.0174569	2.67653
2	25	0.05	0.625	-0.0911722	-0.152034	5.66568
2	26	0.05	0.65	0.032752	0.0527029	5.80231
2	27	0.05	0.675	-0.269884	-0.041002	2.69359
2	28	0.05	0.7	0.120847	0.0738923	7.55641
2	29	0.05	0.725	-0.28878	0.128614	1.88935
2	30	0.05	0.75	0.0566444	0.108532	6.50624
2	31	0.05	0.775	-0.148525	0.230711	2.70945
2	32	0.05	0.8	-0.0812718	0.219107	4.91961
2	33	0.05	0.825	-0.0350594	0.246509	2.00657
2	34	0.05	0.85	-0.109374	0.357696	5.55676
2	35	0.05	0.875	-0.0513681	0.283168	-1.08376
2	36	0.05	0.9	0.0303915	0.361923	6.51295
2	37	0.05	0.925	-0.0241307	0.354721	-2.62874
2	38	0.05	0.95	0.265107	0.189265	3.63506
2	39	0.05	0.975	0.424412	0.211382	-0.5112
2	40	0.05	1	1	0	0
3	0	0.075	0	0	0	2.81007
3	1	0.075	0.025	-0.00972625	-0.0152657	2.81007
3	2	0.075	0.05	-0.0236357	-0.0600971	2.46766
3	3	0.075	0.075	-0.0109583	-0.0621041	3.41422
3	4	0.075	0.1	-0.03017	-0.0875034	2.20235
3	5	0.075	0.125	-0.0210828	-0.129333	3.44759
3	6	0.075	0.15	-0.0144776	-0.100769	3.03086
3	7	0.075	0.175	-0.0479492	-0.185454	2.39919
3	8	0.075	0.2	0.00680289	-0.139952	4.66132
3	9	0.075	0.225	-0.0656384	-0.194615	1.39338
3	10	0.075	0.25	-0.00109254	-0.219856	5.36596
3	11	0.075	0.275	-0.0423016	-0.167045	2.29186
3	12	0.075	0.3	-0.0559021	-0.299892	3.74963
3	13	0.075	0.325	0.0115233	-0.162861	5.39128
3	14	0.075	0.35	-0.12364	-0.308355	0.87501
3	15	0.075	0.375	0.0366868	-0.230322	8.2394
3	16	0.075	0.4	-0.129332	-0.224021	0.0966514
3	17	0.075	0.425	-0.0241456	-0.341826	7.5012
3	18	0.075	0.45	-0.0438134	-0.125441	3.69715
3	19	0.075	0.475	-0.165402	-0.388691	2.69824
3	20	0.075	0.5	0.0572291	-0.115229	9.61959
3	21	0.075	0.525	-0.277446	-0.276367	-2.01333
3	22	0.075	0.55	0.0625068	-0.2108	12.5199
3	23	0.075	0.575	-0.2282	-0.0606022	-1.29185
3	24	0.075	0.6	-0.0918595	-0.309923	8.77695
3	25	0.075	0.625	-0.0425619	0.0912074	5.33282
3	26	0.075	0.65	-0.345888	-0.243316	1.00366
3	27	0.075	0.675	0.113997	0.096738	12.1063
3	28	0.075	0.7	-0.479271	0.0258924	-3.54969
3	29	0.075	0.725	0.107059	0.0267064	12.6811
3	30	0.075	0.75	-0.334196	0.289148	-1.09923
3	31	0.075	0.775	-0.101517	0.0515521	7.24342
3	32	0.075	0.8	-0.0473323	0.34845	3.60458
3	33	0.075	0.825	-0.345635	0.270875	3.21636
3	34	0.075	0.85	0.134809	0.28232	3.17209
3	35	0.075	0.875	-0.333301	0.471531	5.24512
3	36	0.075	0.9	0.151884	0.300515	-1.76264
3	37	0.075	0.925	0.00057554	0.362998	7.16878
3	38	0.075	0.95	0.278826	0.353281	-2.43935
3	39	0.075	0.975	0.553994	0.122058	3.0159
3	40	0.075	1	1	0	0
4	0	0.1	0	0	0	2.95898
4	1	0.1	0.025	-0.0144604	-0.0383477	2.95898
4	2	0.1	0.05	-0.0195161	-0.0393212	3.49685
4	3	0.1	0.075	-0.0257434	-0.0866655	2.38109
4	4	0.1	0.1	-0.0300454	-0.11182	3.94896
4	5	0.1	0.125	-0.0213838	-0.101609	2.76667
4	6	0.1	0.15	-0.0441481	-0.191485	3.04734
4	7	0.1	0.175	-0.015237	-0.129597	4.58679
4	8	0.1	0.2	-0.0530995	-0.226141	1.38701
4	9	0.1	0.225	-0.0248404	-0.210418	6.17897
4	10	0.1	0.25	-0.0433477	-0.199322	1.33802
4	11	0.1	0.275	-0.057836	-0.322462	5.14503
4	12	0.1	0.3	-0.020184	-0.168981	4.47036
4	13	0.1	0.325	-0.10023	-0.378804	1.39197
4	14	0.1	0.35	-0.014854	-0.218365	8.89885
4	15	0.1	0.375	-0.114076	-0.309592	-1.39998
4	16	0.1	0.4	-0.0568304	-0.360511	9.99087
4	17	0.1	0.425	-0.0740745	-0.168029	1.20166
4	18	0.1	0.45	-0.149933	-0.487411	4.88197
4	19	0.1	0.475	-0.0204965	-0.101795	8.99348
4	20	0.1	0.5	-0.246342	-0.435222	-3.02877
4	21	0.1	0.525	-0.0231702	-0.200472	15.6623
4	22	0.1	0.55	-0.247418	-0.178718	-5.60256
4	23	0.1	0.575	-0.124982	-0.398044	13.7931
4	24	0.1	0.6	-0.127856	0.0856485	1.78466
4	25	0.1	0.625	-0.332432	-0.468888	2.68705
4	26	0.1	0.65	0.00149841	0.152703	14.1301
4	27	0.1	0.675	-0.524239	-0.218325	-8.49892
4	28	0.1	0.7	0.0386439	0.0102965	20.5679
4	29	0.1	0.725	-0.484249	0.217982	-8.96889
4	30	0.1	0.75	-0.0929699	-0.159569	14.4698
4	31	0.1	0.775	-0.190015	0.469107	1.24875
4	32	0.1	0.8	-0.417067	-0.0572618	1.78378
4	33	0.1	0.825	0.147535	0.398991	10.3925
4	34	0.1	0.85	-0.666622	0.337172	-3.69311
4	35	0.1	0.875	0.35964	0.227991	8.55421
4	36	0.1	0.9	-0.471659	0.560395	1.4669
4	37	0.1	0.925	0.41544	0.231257	0.763402
4	38	0.1	0.95	0.168421	0.324528	5.01525
4	39	0.1	0.975	0.648552	0.290571	0.276203
4	40	0.1	1	1	0	0
5	0	0.125	0	0	0	3.41579
5	1	0.125	0.025	-0.015128	-0.0176901	3.41579
5	2	0.125	0.05	-0.0167236	-0.0693473	2.94176
5	3	0.125	0.075	-0.0377562	-0.0815006	4.03293
5	4	0.125	0.1	-0.0149442	-0.100477	2.81887
5	5	0.125	0.125	-0.0479912	-0.167459	3.69737
5	6	0.125	0.15	-0.0237056	-0.124308	4.1238
5	7	0.125	0.175	-0.0387089	-0.228728	2.17057
5	8	0.125	0.2	-0.0521545	-0.188573	6.01126
5	9	0.125	0.225	-0.0208125	-0.228485	1.28954
5	10	0.125	0.25	-0.0813482	-0.300338	6.0815
5	11	0.125	0.275	-0.0213354	-0.195035	3.29327
5	12	0.125	0.3	-0.0871745	-0.394191	3.01249
5	13	0.125	0.325	-0.0605234	-0.211758	7.78857
5	14	0.125	0.35	-0.0686092	-0.378035	-0.824316
5	15	0.125	0.375	-0.124053	-0.332396	10.7256
5	16	0.125	0.4	-0.0484425	-0.248398	-0.485604
5	17	0.125	0.425	-0.173497	-0.497464	7.62872
5	18	0.125	0.45	-0.0659406	-0.13297	6.31933
5	19	0.125	0.475	-0.192011	-0.537174	-0.795385
5	20	0.125	0.5	-0.14231	-0.172847	15.19
5	21	0.125	0.525	-0.177156	-0.336687	-6.89807
5	22	0.125	0.55	-0.240635	-0.382165	17.3274
5	23	0.125	0.575	-0.136381	-0.0169888	-2.63073
5	24	0.125	0.6	-0.335392	-0.579747	7.54423
5	25	0.125	0.625	-0.126427	0.163237	11.3575
5	26	0.125	0.65	-0.432929	-0.477003	-8.14687
5	27	0.125	0.675	-0.168841	0.0682152	24.3371
5	28	0.125	0.7	-0.452003	-0.0201872	-15.5542
5	29	0.125	0.725	-0.229277	-0.224887	23.7128
5	30	0.125	0.75	-0.299506	0.449722	-6.32919
5	31	0.125	0.775	-0.394922	-0.39285	7.13758
5	32	0.125	0.8	-0.0408469	0.56315	11.9281
5	33	0.125	0.825	-0.696065	-0.0914032	-11.0707
5	34	0.125	0.85	0.249249	0.335926	22.2156
5	35	0.125	0.875	-0.795228	0.473381	-13.8588
5	36	0.125	0.9	0.506474	0.0749873	15.6418
5	37	0.125	0.925	-0.321164	0.64499	-3.06691
5	38	0.125	0.95	0.630182	0.108286	3.53653
5	39	0.125	0.975	0.557414	0.329239	3.2099
5	40	0.125	1	1	0	0
6	0	0.15	0	0	0	3.53863
6	1	0.15	0.025	-0.00965495	-0.0353576	3.53863
6	2	0.15	0.05	-0.0334561	-0.0543993	3.85974
6	3	0.15	0.075	-0.00562218	-0.0864224	3.33747
6	4	0.15	0.1	-0.0548664	-0.130619	3.87741
6	5	0.15	0.125	-0.0152132	-0.124041	3.95629
6	6	0.15	0.15	-0.037803	-0.199759	3.07054
6	7	0.15	0.175	-0.0623368	-0.178765	5.24631
6	8	0.15	0.2	0.00192755	-0.231805	2.2885
6	9	0.15	0.225	-0.11165	-0.266358	5.79537
6	10	0.15	0.25	0.00642616	-0.229256	3.14233
6	11	0.15	0.275	-0.104452	-0.358739	4.23818
6	12	0.15	0.3	-0.0666327	-0.239003	6.1325
6	13	0.15	0.325	-0.0390102	-0.390047	1.32409
6	14	0.15	0.35	-0.183806	-0.314055	9.13508
6	15	0.15	0.375	0.00965481	-0.324915	0.335141
6	16	0.15	0.4	-0.242537	-0.44791	8.42512
6	17	0.15	0.425	-0.0439509	-0.223528	4.22844
6	18	0.15	0.45	-0.187248	-0.534456	2.6503
6	19	0.15	0.475	-0.21657	-0.203137	11.6818
6	20	0.15	0.5	-0.087371	-0.442482	-3.8649
6	21	0.15	0.525	-0.396742	-0.332986	16.2846
6	22	0.15	0.55	-0.0534969	-0.185585	-3.68017
6	23	0.15	0.575	-0.437038	-0.539358	11.2638
6	24	0.15	0.6	-0.160754	0.0529092	6.52251
6	25	0.15	0.625	-0.356557	-0.582821	-2.64497
6	26	0.15	0.65	-0.384262	0.0851785	20.9742
6	27	0.15	0.675	-0.276169	-0.279704	-14.626
6	28	0.15	0.7	-0.535845	-0.145178	27.2684
6	29	0.15	0.725	-0.224815	0.229588	-12.4151
6	30	0.15	0.75	-0.52165	-0.472325	15.8563
6	31	0.15	0.775	-0.194303	0.573576	5.74423
6	32	0.15	0.8	-0.542921	-0.481952	-8.1131
6	33	0.15	0.825	-0.123429	0.524251	26.8759
6	34	0.15	0.85	-0.672108	0.0365459	-25.1031
6	35	0.15	0.875	0.156487	0.172247	33.1023
6	36	0.15	0.9	-0.552334	0.660671	-20.7614
6	37	0.15	0.925	0.539838	-0.120566	18.985
6	38	0.15	0.95	0.12055	0.681915	-3.86502
6	39	0.15	0.975	0.793476	0.0910246	3.74174
6	40	0.15	1	1	0	0
7	0	0.175	0	0	0	3.87542
7	1	0.175	0.025	-0.0160355	-0.0318008	3.87542
7	2	0.175	0.05	-0.0029107	-0.0547325	3.93709
7	3	0.175	0.075	-0.0513211	-0.10012	3.70518
7	4	0.175	0.1	-0.00195929	-0.112778	4.3695
7	5	0.175	0.125	-0.0462207	-0.157393	3.40665
7	6	0.175	0.15	-0.0491196	-0.181049	4.79044
7	7	0.175	0.175	0.00535031	-0.200616	3.50246
7	8	0.175	0.2	-0.121956	-0.251763	4.69254
7	9	0.175	0.225	0.0354894	-0.239735	4.31894
7	10	0.175	0.25	-0.13534	-0.311029	3.97379
7	11	0.175	0.275	-0.0334419	-0.285953	5.64316
7	12	0.175	0.3	-0.0500681	-0.345036	3.13766
7	13	0.175	0.325	-0.192643	-0.344546	6.6991
7	14	0.175	0.35	0.0474017	-0.345525	3.18639
7	15	0.175	0.375	-0.307789	-0.411828	6.35985
7	16	0.175	0.4	0.0186091	-0.325427	5.03096
7	17	0.175	0.425	-0.244277	-0.461583	4.03301
7	18	0.175	0.45	-0.200567	-0.317936	8.47107
7	19	0.175	0.475	-0.0616982	-0.438377	1.01717
7	20	0.175	0.5	-0.494315	-0.357918	11.2509
7	21	0.175	0.525	0.0403793	-0.318545	0.449496
7	22	0.175	0.55	-0.595502	-0.450698	9.75077
7	23	0.175	0.575	-0.0878879	-0.158128	5.04061
7	24	0.175	0.6	-0.405597	-0.507713	2.43789
7	25	0.175	0.625	-0.4643	-0.0551733	14.0497
7	26	0.175	0.65	-0.145315	-0.37939	-6.62278
7	27	0.175	0.675	-0.839181	-0.104557	21.3702
7	28	0.175	0.7	-0.0358852	-0.046167	-9.48418
7	29	0.175	0.725	-0.849324	-0.326785	18.1939
7	30	0.175	0.75	-0.145688	0.335733	0.0260268
7	31	0.175	0.775	-0.545559	-0.515311	0.959428
7	32	0.175	0.8	-0.420305	0.532193	19.8696
7	33	0.175	0.825	-0.326336	-0.329058	-20.9388
7	34	0.175	0.85	-0.503118	0.398643	37.0306
7	35	0.175	0.875	-0.270139	0.268204	-30.6859
7	36	0.175	0.9	-0.0680968	-0.00929019	35.6596
7	37	0.175	0.925	-0.024196	0.796845	-18.9476
7	38	0.175	0.95	0.55001	-0.215872	14.9327
7	39	0.175	0.975	0.627094	0.605862	0.165292
7	40	0.175	1	1	0	0
8	0	0.2	0	0	0	4.19016
8	1	0.2	0.025	-0.0041013	-0.0187885	4.19016
8	2	0.2	0.05	-0.0325536	-0.078522	3.73289
8	3	0.2	0.075	0.00268187	-0.0800556	4.94879
8	4	0.2	0.1	-0.0472887	-0.125118	3.21456
8	5	0.2	0.125	-0.0266545	-0.173837	5.12312
8	6	0.2	0.15	-0.00727347	-0.153096	3.98987
8	7	0.2	0.175	-0.101622	-0.258148	3.93697
8	8	0.2	0.2	0.0407804	-0.209598	5.83997
8	9	0.2	0.225	-0.145864	-0.290472	2.59566
8	10	0.2	0.25	0.00534685	-0.309711	6.86754
8	11	0.2	0.275	-0.0829135	-0.285309	3.10631
8	12	0.2	0.3	-0.147895	-0.407957	5.63691
8	13	0.2	0.325	0.0359789	-0.300886	5.74897
8	14	0.2	0.35	-0.313398	-0.440886	3.11475
8	15	0.2	0.375	0.0592261	-0.369924	8.39258
8	16	0.2	0.4	-0.306475	-0.404939	1.96097
8	17	0.2	0.425	-0.126316	-0.459759	8.64293
8	18	0.2	0.45	-0.111773	-0.357773	3.65038
8	19	0.2	0.475	-0.472019	-0.49664	6.32209
8	20	0.2	0.5	0.0564728	-0.342402	6.93206
8	21	0.2	0.525	-0.690723	-0.454222	3.4534
8	22	0.2	0.55	-0.00532267	-0.352639	9.47727
8	23	0.2	0.575	-0.534279	-0.382457	1.81518
8	24	0.2	0.6	-0.392579	-0.339029	10.5173
8	25	0.2	0.625	-0.172342	-0.302308	1.40445
8	26	0.2	0.65	-0.947096	-0.27266	10.7278
8	27	0.2	0.675	0.0567322	-0.187352	1.69682
8	28	0.2	0.7	-1.16788	-0.229098	9.58217
8	29	0.2	0.725	0.000555469	-0.015284	3.9233
8	30	0.2	0.75	-0.789409	-0.282029	3.98909
8	31	0.2	0.775	-0.435107	0.210963	11.5601
8	32	0.2	0.8	-0.203127	-0.292042	-7.62892
8	33	0.2	0.825	-1.00824	0.381216	24.5306
8	34	0.2	0.85	0.150456	-0.0603285	-20.3481
8	35	0.2	0.875	-1.01279	0.295166	34.1116
8	36	0.2	0.9	0.299251	0.437509	-23.5853
8	37	0.2	0.925	-0.20407	-0.0701614	26.8148
8	38	0.2	0.95	0.510222	0.75101	-9.72211
8	39	0.2	0.975	0.700717	-0.0230345	7.10943
8	40	0.2	1	1	0	0
9	0	0.225	0	0	0	4.23929
9	1	0.225	0.025	-0.0101096	-0.0499711	4.23929
9	2	0.225	0.05	-0.000864093	-0.0367765	5.09726
9	3	0.225	0.075	-0.0319504	-0.108714	3.16142
9	4	0.225	0.1	-0.0133202	-0.139554	5.82194
9	5	0.225	0.125	-0.0158882	-0.117786	3.65429
9	6	0.225	0.15	-0.0665423	-0.258102	4.2669
9	7	0.225	0.175	0.0241109	-0.155881	6.44973
9	8	0.225	0.2	-0.119649	-0.301819	1.54672
9	9	0.225	0.225	0.0166908	-0.282611	8.68462
9	10	0.225	0.25	-0.0966164	-0.258196	1.51861
9	11	0.225	0.275	-0.0908087	-0.448126	6.82327
9	12	0.225	0.3	-0.00308485	-0.233676	6.03766
9	13	0.225	0.325	-0.251497	-0.517908	1.45003
9	14	0.225	0.35	0.043404	-0.334099	11.5979
9	15	0.225	0.375	-0.306627	-0.426269	-1.77067
9	16	0.225	0.4	-0.0723141	-0.536344	12.11
9	17	0.225	0.425	-0.173313	-0.289984	2.09681
9	18	0.225	0.45	-0.366625	-0.676474	5.43616
9	19	0.225	0.475	-0.00898292	-0.278082	10.8911
9	20	0.225	0.5	-0.64516	-0.596991	-2.86706
9	21	0.225	0.525	-0.0129159	-0.426858	16.8106
9	22	0.225	0.55	-0.608217	-0.361145	-4.35507
9	23	0.225	0.575	-0.294071	-0.612404	13.8869
9	24	0.225	0.6	-0.29022	-0.18266	3.00153
9	25	0.225	0.625	-0.836221	-0.620734	4.06362
9	26	0.225	0.65	-0.0320134	-0.164821	12.6885
9	27	0.225	0.675	-1.24282	-0.388867	-4.07735
9	28	0.225	0.7	0.00617163	-0.251707	16.6796
9	29	0.225	0.725	-1.04165	-0.12558	-4.49161
9	30	0.225	0.75	-0.309574	-0.279813	13.4107
9	31	0.225	0.775	-0.379247	-0.0214154	-0.38833
9	32	0.225	0.8	-1.06826	-0.0759244	9.54322
9	33	0.225	0.825	0.200476	-0.0103179	0.358315
9	34	0.225	0.85	-1.66575	0.263103	12.2392
9	35	0.225	0.875	0.578944	0.0866142	-5.39144
9	36	0.225	0.9	-1.265	0.338586	17.8558
9	37	0.225	0.925	0.761694	0.396496	-8.86503
9	38	0.225	0.95	0.0133343	0.076456	12.491
9	39	0.225	0.975	0.846832	0.524358	-0.255131
9	40	0.225	1	1	0	0
10	0	0.25	0	0	0	4.79532
10	1	0.25	0.025	-0.00188289	-0.00674851	4.79532
10	2	0.25	0.05	-0.00971812	-0.0909965	3.73836
10	3	0.25	0.075	-0.0119525	-0.0859755	6.09157
10	4	0.25	0.1	-0.00679096	-0.105603	3.27238
10	5	0.25	0.125	-0.0412454	-0.225686	5.28791
10	6	0.25	0.15	0.00909501	-0.112958	5.86067
10	7	0.25	0.175	-0.0735661	-0.312715	1.89117
10	8	0.25	0.2	-0.000211609	-0.219884	9.46901
10	9	0.25	0.225	-0.0689857	-0.273775	0.101018
10	10	0.25	0.25	-0.0655986	-0.424385	9.02087
10	11	0.25	0.275	-0.0226317	-0.198935	4.19506
10	12	0.25	0.3	-0.170252	-0.573587	2.64024
10	13	0.25	0.325	-0.00440099	-0.259977	12.1297
10	14	0.25	0.35	-0.23084	-0.509447	-3.87688
10	15	0.25	0.375	-0.0852257	-0.508155	15.7673
10	16	0.25	0.4	-0.172538	-0.302213	-1.80917
10	17	0.25	0.425	-0.277541	-0.778485	8.80058
10	18	0.25	0.45	-0.0817417	-0.210509	9.85087
10	19	0.25	0.475	-0.497601	-0.790941	-4.50413
10	20	0.25	0.5	-0.108927	-0.382913	21.4427
10	21	0.25	0.525	-0.541525	-0.487889	-10.8715
10	22	0.25	0.55	-0.298506	-0.729206	21.0083
10	23	0.25	0.575	-0.356294	-0.158699	-1.95479
10	24	0.25	0.6	-0.667808	-0.941842	5.75434
10	25	0.25	0.625	-0.195194	-0.0875142	16.1119
10	26	0.25	0.65	-1.05336	-0.741148	-12.5726
10	27	0.25	0.675	-0.191193	-0.295991	28.7308
10	28	0.25	0.7	-1.05559	-0.251956	-17.8177
10	29	0.25	0.725	-0.343131	-0.619432	24.9843
10	30	0.25	0.75	-0.587823	0.133018	-5.5583
10	31	0.25	0.775	-0.868928	-0.705672	6.6525
10	32	0.25	0.8	-0.07721	0.205693	12.8871
10	33	0.25	0.825	-1.64601	-0.298965	-10.5726
10	34	0.25	0.85	0.333049	0.0798847	21.7633
10	35	0.25	0.875	-1.87169	0.328554	-11.8911
10	36	0.25	0.9	0.80042	-0.0296109	14.5923
10	37	0.25	0.925	-0.915113	0.557207	-0.838767
10	38	0.25	0.95	0.973223	0.128429	3.01353
10	39	0.25	0.975	0.551704	0.32537	4.03129
10	40	0.25	1	1	0	0
11	0	0.275	0	0	0	4.65694
11	1	0.275	0.025	0.00241772	-0.0532195	4.65694
11	2	0.275	0.05	-0.0100391	-0.0391985	5.69667
11	3	0.275	0.075	0.0124834	-0.0997202	3.58682
11	4	0.275	0.1	-0.0330651	-0.164679	5.98802
11	5	0.275	0.125	0.0145336	-0.098904	4.94018
11	6	0.275	0.15	-0.0386716	-0.288371	3.31685
11	7	0.275	0.175	-0.0175122	-0.163283	8.673
11	8	0.275	0.2	-0.0170913	-0.297479	0.305459
11	9	0.275	0.225	-0.0777456	-0.35009	10.184
11	10	0.275	0.25	0.00431404	-0.215299	2.2204
11	11	0.275	0.275	-0.126411	-0.554151	5.3786
11	12	0.275	0.3	-0.0295057	-0.213379	9.92031
11	13	0.275	0.325	-0.130933	-0.577296	-2.62313
11	14	0.275	0.35	-0.139372	-0.42027	16.4923
11	15	0.275	0.375	-0.0924348	-0.385088	-4.28939
11	16	0.275	0.4	-0.270757	-0.748829	12.9236
11	17	0.275	0.425	-0.0843843	-0.214683	5.66378
11	18	0.275	0.45	-0.363658	-0.899036	-0.974059
11	19	0.275	0.475	-0.205461	-0.31048	20.3591
11	20	0.275	0.5	-0.370866	-0.669763	-12.4217
11	21	0.275	0.525	-0.413454	-0.682095	25.535
11	22	0.275	0.55	-0.289046	-0.269484	-7.92075
11	23	0.275	0.575	-0.615243	-1.05915	12.3704
11	24	0.275	0.6	-0.280965	-0.0759674	11.7812
11	25	0.275	0.625	-0.791403	-1.03824	-11.1744
11	26	0.275	0.65	-0.445252	-0.240691	31.9485
11	27	0.275	0.675	-0.819137	-0.556297	-25.0088
11	28	0.275	0.7	-0.618156	-0.678324	35.6232
11	29	0.275	0.725	-0.591409	0.0202295	-16.0365
11	30	0.275	0.75	-0.814282	-1.07427	15.4931
11	31	0.275	0.775	-0.341067	0.302864	10.6687
11	32	0.275	0.8	-1.24367	-0.95553	-16.7128
11	33	0.275	0.825	-0.210242	0.228423	36.5659
11	34	0.275	0.85	-1.64365	-0.253297	-37.2953
11	35	0.275	0.875	0.175127	-0.0769781	44.0691
11	36	0.275	0.9	-1.33445	0.585387	-31.5676
11	37	0.275	0.925	0.798978	-0.373902	26.8215
11	38	0.275	0.95	-0.0817395	0.770176	-8.34781
11	39	0.275	0.975	0.977992	-0.0503972	4.93107
11	40	0.275	1	1	0	0
12	0	0.3	0	0	0	5.21007
12	1	0.3	0.025	-0.000520366	-0.0153033	5.21007
12	2	0.3	0.05	0.0228309	-0.0760672	4.48254
12	3	0.3	0.075	-0.0280098	-0.103919	5.8722
12	4	0.3	0.1	0.035047	-0.0988939	4.70942
12	5	0.3	0.125	-0.0278276	-0.22739	4.59674
12	6	0.3	0.15	-0.00994581	-0.140162	7.22437
12	7	0.3	0.175	0.0221276	-0.286413	1.97059
12	8	0.3	0.2	-0.0944547	-0.276079	9.4298
12	9	0.3	0.225	0.0602629	-0.249715	1.99953
12	10	0.3	0.25	-0.132071	-0.47064	7.18305
12	11	0.3	0.275	0.000534456	-0.225494	7.21988
12	12	0.3	0.3	-0.0733055	-0.565973	0.697884
12	13	0.3	0.325	-0.168617	-0.355539	13.928
12	14	0.3	0.35	0.0136847	-0.462706	-3.09857
12	15	0.3	0.375	-0.323336	-0.640324	14.0218
12	16	0.3	0.4	-0.00164206	-0.29618	2.58956
12	17	0.3	0.425	-0.326777	-0.861287	3.89546
12	18	0.3	0.45	-0.214407	-0.305699	15.4339
12	19	0.3	0.475	-0.214357	-0.769971	-8.24969
12	20	0.3	0.5	-0.536057	-0.586702	23.846
12	21	0.3	0.525	-0.1274	-0.437315	-9.01322
12	22	0.3	0.55	-0.708401	-0.976826	16.7338
12	23	0.3	0.575	-0.220361	-0.184658	5.72804
12	24	0.3	0.6	-0.658045	-1.1075	-3.90219
12	25	0.3	0.625	-0.579878	-0.23182	26.314
12	26	0.3	0.65	-0.528148	-0.786393	-21.4579
12	27	0.3	0.675	-0.963026	-0.587097	36.3571
12	28	0.3	0.7	-0.391181	-0.244965	-20.3218
12	29	0.3	0.725	-1.0508	-1.0575	23.8809
12	30	0.3	0.75	-0.375044	0.174055	1.79036
12	31	0.3	0.775	-0.989524	-1.22263	-8.10772
12	32	0.3	0.8	-0.6258	0.279993	33.1301
12	33	0.3	0.825	-1.03431	-0.80786	-39.8114
12	34	0.3	0.85	-0.745806	0.085548	55.6054
12	35	0.3	0.875	-0.953171	0.0341451	-51.3078
12	36	0.3	0.9	-0.173385	-0.384202	53.2735
12	37	0.3	0.925	-0.325924	0.849299	-33.1357
12	38	0.3	0.95	0.668529	-0.642553	22.6025
12	39	0.3	0.975	0.666984	0.700803	-2.84023
12	40	0.3	1	1	0	0
13	0	0.325	0	0	0	5.21436
13	1	0.325	0.025	0.0158482	-0.0341007	5.21436
13	2	0.325	0.05	-0.0122509	-0.0654781	5.43238
13	3	0.325	0.075	0.0489549	-0.0838604	5.26815
13	4	0.325	0.1	-0.026245	-0.16071	4.93725
13	5	0.325	0.125	0.0199077	-0.138807	6.44095
13	6	0.325	0.15	0.0300654	-0.232515	3.67874
13	7	0.325	0.175	-0.0816825	-0.240599	7.70484
13	8	0.325	0.2	0.102872	-0.252142	3.58615
13	9	0.325	0.225	-0.150021	-0.382394	6.77557
13	10	0.325	0.25	0.0670941	-0.26662	6.3748
13	11	0.325	0.275	-0.0764568	-0.482424	3.21111
13	12	0.325	0.3	-0.13016	-0.360415	10.5437
13	13	0.325	0.325	0.0747323	-0.46487	0.577355
13	14	0.325	0.35	-0.355473	-0.555542	11.3718
13	15	0.325	0.375	0.108419	-0.385813	3.4108
13	16	0.325	0.4	-0.369663	-0.737422	5.71068
13	17	0.325	0.425	-0.120107	-0.392884	11.4192
13	18	0.325	0.45	-0.159838	-0.731121	-2.39911
13	19	0.325	0.475	-0.553719	-0.572132	17.8304
13	20	0.325	0.5	0.0144351	-0.54055	-4.15062
13	21	0.325	0.525	-0.83415	-0.84593	14.5847
13	22	0.325	0.55	-0.0691136	-0.364477	4.47807
13	23	0.325	0.575	-0.697122	-0.981556	1.29684
13	24	0.325	0.6	-0.523493	-0.361525	18.6188
13	25	0.325	0.625	-0.37325	-0.806806	-11.8925
13	26	0.325	0.65	-1.15382	-0.564572	27.5051
13	27	0.325	0.675	-0.177048	-0.447613	-13.8129
13	28	0.325	0.7	-1.39884	-0.876093	21.8157
13	29	0.325	0.725	-0.223969	-0.108607	-1.22893
13	30	0.325	0.75	-1.0806	-1.06881	0.607417
13	31	0.325	0.775	-0.701926	0.0935057	21.7117
13	32	0.325	0.8	-0.65511	-0.893241	-25.6128
13	33	0.325	0.825	-1.40837	0.110239	44.5805
13	34	0.325	0.85	-0.372338	-0.398683	-43.2742
13	35	0.325	0.875	-1.47174	-0.101296	55.559
13	36	0.325	0.9	0.00499268	0.331222	-42.9692
13	37	0.325	0.925	-0.457807	-0.580306	41.2484
13	38	0.325	0.95	0.539741	0.845357	-18.6533
13	39	0.325	0.975	0.72149	-0.388514	8.49999
13	40	0.325	1	1	0	0
14	0	0.35	0	0	0	5.43069
14	1	0.35	0.025	0.00604601	-0.0406979	5.43069
14	2	0.35	0.05	0.0432869	-0.0455357	5.83357
14	3	0.35	0.075	-0.0134678	-0.117121	4.71579
14	4	0.35	0.1	0.0473127	-0.124852	6.67408
14	5	0.35	0.125	0.0213985	-0.167021	4.31246
14	6	0.35	0.15	-0.0376412	-0.235478	6.63336
14	7	0.35	0.175	0.108116	-0.206046	5.40414
14	8	0.35	0.2	-0.136115	-0.338279	5.06958
14	9	0.35	0.225	0.121065	-0.278475	7.69841
14	10	0.35	0.25	-0.100944	-0.389956	3.22334
14	11	0.35	0.275	-0.0425708	-0.406594	9.15951
14	12	0.35	0.3	0.0689842	-0.390819	3.54233
14	13	0.35	0.325	-0.308547	-0.554697	7.61075
14	14	0.35	0.35	0.170738	-0.405462	7.0995
14	15	0.35	0.375	-0.403723	-0.64152	3.36036
14	16	0.35	0.4	0.00910986	-0.502918	11.6315
14	17	0.35	0.425	-0.193217	-0.611608	0.283817
14	18	0.35	0.45	-0.439382	-0.674424	12.7434
14	19	0.35	0.475	0.0582711	-0.522231	2.50534
14	20	0.35	0.5	-0.852408	-0.820952	7.80341
14	21	0.35	0.525	0.0504438	-0.501082	9.44459
14	22	0.35	0.55	-0.794321	-0.82911	-0.274693
14	23	0.35	0.575	-0.3538	-0.59102	16.0937
14	24	0.35	0.6	-0.38422	-0.676742	-4.77822
14	25	0.35	0.625	-1.09081	-0.73072	16.9239
14	26	0.35	0.65	-0.104437	-0.486601	-1.80559
14	27	0.35	0.675	-1.58321	-0.820274	10.0912
14	28	0.35	0.7	-0.105586	-0.367539	6.49503
14	29	0.35	0.725	-1.32942	-0.805351	-1.37058
14	30	0.35	0.75	-0.542539	-0.292655	16.5953
14	31	0.35	0.775	-0.657901	-0.639386	-12.5128
14	32	0.35	0.8	-1.53032	-0.207154	25.499
14	33	0.35	0.825	-0.17136	-0.378439	-19.6988
14	34	0.35	0.85	-2.32024	-0.0841312	31.6897
14	35	0.35	0.875	0.26079	-0.0832619	-23.7888
14	36	0.35	0.9	-1.8891	-0.135306	32.3499
14	37	0.35	0.925	0.747067	0.365389	-20.067
14	38	0.35	0.95	-0.236642	-0.376095	16.9252
14	39	0.35	0.975	0.949374	0.47713	-3.30383
14	40	0.35	1	1	0	0
15	0	0.375	0	0	0	5.82022
15	1	0.375	0.025	0.0245292	-0.0082259	5.82022
15	2	0.375	0.05	0.00990854	-0.0930679	4.85525
15	3	0.375	0.075	0.0537505	-0.0816141	7.12493
15	4	0.375	0.1	0.0223257	-0.125119	4.09424
15	5	0.375	0.125	0.0095953	-0.220495	6.85569
15	6	0.375	0.15	0.0900122	-0.140782	5.99673
15	7	0.375	0.175	-0.0822745	-0.333997	3.99026
15	8	0.375	0.2	0.132132	-0.23384	9.47767
15	9	0.375	0.225	-0.0945294	-0.345217	1.56062
15	10	0.375	0.25	0.0355921	-0.424107	10.3785
15	11	0.375	0.275	0.0364017	-0.301272	3.69893
15	12	0.375	0.3	-0.197086	-0.607646	6.02177
15	13	0.375	0.325	0.163553	-0.341454	10.1809
15	14	0.375	0.35	-0.35629	-0.640545	-0.437565
15	15	0.375	0.375	0.0866304	-0.540914	15.2024
15	16	0.375	0.4	-0.227186	-0.520041	-1.6482
15	17	0.375	0.425	-0.271745	-0.810597	12.4037
15	18	0.375	0.45	0.0248736	-0.426049	5.78681
15	19	0.375	0.475	-0.718277	-0.935179	2.05859
15	20	0.375	0.5	0.0692003	-0.520566	16.3537
15	21	0.375	0.525	-0.800948	-0.799343	-6.76065
15	22	0.375	0.55	-0.222628	-0.78243	20.3709
15	23	0.375	0.575	-0.450521	-0.54617	-4.88472
15	24	0.375	0.6	-0.868829	-1.01566	12.4979
15	25	0.375	0.625	-0.159588	-0.4136	6.92406
15	26	0.375	0.65	-1.4776	-0.996318	-2.37247
15	27	0.375	0.675	-0.153507	-0.485884	19.1632
15	28	0.375	0.7	-1.44197	-0.727936	-12.5873
15	29	0.375	0.725	-0.441765	-0.665353	22.8268
15	30	0.375	0.75	-0.820767	-0.390944	-11.1629
15	31	0.375	0.775	-1.27941	-0.747738	15.3543
15	32	0.375	0.8	-0.308692	-0.165503	-1.24261
15	33	0.375	0.825	-2.35616	-0.535566	3.20323
15	34	0.375	0.85	0.0298954	-0.112977	6.95119
15	35	0.375	0.875	-2.66689	-0.102864	-2.11867
15	36	0.375	0.9	0.653044	-0.119833	5.60728
15	37	0.375	0.925	-1.46391	0.130213	1.22102
15	38	0.375	0.95	1.09174	0.0151721	0.0456335
15	39	0.375	0.975	0.485069	0.0542664	1.65588
15	40	0.375	1	1	0	0
16	0	0.4	0	0	0	5.6219
16	1	0.4	0.025	0.0211638	-0.0600073	5.6219
16	2	0.4	0.05	0.043553	-0.0289277	6.94404
16	3	0.4	0.075	0.0393251	-0.109991	4.094
16	4	0.4	0.1	0.0346071	-0.169758	7.58414
16	5	0.4	0.125	0.0792817	-0.0974633	5.39083
16	6	0.4	0.15	-0.0190814	-0.323983	4.50496
16	7	0.4	0.175	0.113488	-0.159161	9.89883
16	8	0.4	0.2	-0.0424598	-0.348916	0.421716
16	9	0.4	0.225	0.0643191	-0.37325	12.3642
16	10	0.4	0.25	0.0327919	-0.25753	1.73987
16	11	0.4	0.275	-0.0891802	-0.631183	7.52736
16	12	0.4	0.3	0.128912	-0.248625	10.1578
16	13	0.4	0.325	-0.234052	-0.702718	-1.99921
16	14	0.4	0.35	0.0873415	-0.477114	18.3777
16	15	0.4	0.375	-0.186377	-0.521386	-5.49206
16	16	0.4	0.4	-0.158013	-0.862626	16.0828
16	17	0.4	0.425	-0.00329706	-0.343186	3.98543
16	18	0.4	0.45	-0.512767	-1.08723	1.55156
16	19	0.4	0.475	0.0236655	-0.444864	19.7545
16	20	0.4	0.5	-0.661973	-0.90984	-12.325
16	21	0.4	0.525	-0.211282	-0.832168	26.9848
16	22	0.4	0.55	-0.442431	-0.526179	-10.3074
16	23	0.4	0.575	-0.680085	-1.24032	15.7868
16	24	0.4	0.6	-0.22529	-0.333917	7.82257
16	25	0.4	0.625	-1.19009	-1.27928	-7.49279
16	26	0.4	0.65	-0.304297	-0.477761	27.7269
16	27	0.4	0.675	-1.29317	-0.882625	-23.5577
16	28	0.4	0.7	-0.559568	-0.84949	33.7992
16	29	0.4	0.725	-0.88055	-0.352964	-19.0268
16	30	0.4	0.75	-1.07303	-1.19011	18.5468
16	31	0.4	0.775	-0.498558	-0.0290644	2.93907
16	32	0.4	0.8	-1.89567	-1.13601	-10.4152
16	33	0.4	0.825	-0.414669	-0.00932707	27.0674
16	34	0.4	0.85	-2.46782	-0.612911	-33.5518
16	35	0.4	0.875	-0.0383133	-0.220314	38.3133
16	36	0.4	0.9	-2.02108	0.15264	-34.7353
16	37	0.4	0.925	0.795269	-0.554671	26.9492
16	38	0.4	0.95	-0.317422	0.510088	-14.1176
16	39	0.4	0.975	1.07196	-0.372308	4.03277
16	40	0.4	1	1	0	0
17	0	0.425	0	0	0	6.27306
17	1	0.425	0.025	0.0287863	4.09245e-05	6.27306
17	2	0.425	0.05	0.0527949	-0.0934212	4.88954
17	3	0.425	0.075	0.0385193	-0.098556	7.70663
17	4	0.425	0.1	0.0885245	-0.0874583	4.77281
17	5	0.425	0.125	0.0203985	-0.273129	5.88148
17	6	0.425	0.15	0.10029	-0.102074	8.75292
17	7	0.425	0.175	0.024109	-0.353121	1.13277
17	8	0.425	0.2	0.054926	-0.278344	12.9231
17	9	0.425	0.225	0.0770297	-0.268045	0.0939047
17	10	0.425	0.25	-0.0377498	-0.573474	10.2042
17	11	0.425	0.275	0.124367	-0.193865	7.55251
17	12	0.425	0.3	-0.10904	-0.736966	-0.0513764
17	13	0.425	0.325	0.0582502	-0.364612	18.2356
17	14	0.425	0.35	-0.0711165	-0.588177	-7.2653
17	15	0.425	0.375	-0.136415	-0.787907	19.7477
17	16	0.425	0.4	0.0397892	-0.336086	-0.252558
17	17	0.425	0.425	-0.359637	-1.14449	5.67531
17	18	0.425	0.45	0.00216107	-0.355814	17.7305
17	19	0.425	0.475	-0.44869	-1.05298	-12.5996
17	20	0.425	0.5	-0.272903	-0.75354	30.1745
17	21	0.425	0.525	-0.313635	-0.618988	-15.2071
17	22	0.425	0.55	-0.638151	-1.28707	21.9606
17	23	0.425	0.575	-0.200103	-0.325342	3.05533
17	24	0.425	0.6	-0.9345	-1.47105	-4.29653
17	25	0.425	0.625	-0.411578	-0.428354	27.9991
17	26	0.425	0.65	-0.989806	-1.10183	-26.6659
17	27	0.425	0.675	-0.80472	-0.852076	40.0167
17	28	0.425	0.7	-0.744541	-0.498823	-26.3088
17	29	0.425	0.725	-1.14416	-1.34179	26.7887
17	30	0.425	0.75	-0.54504	-0.0615465	-2.73633
17	31	0.425	0.775	-1.49293	-1.49065	-7.66372
17	32	0.425	0.8	-0.740886	0.0373517	29.7512
17	33	0.425	0.825	-1.80483	-1.12199	-42.7705
17	34	0.425	0.85	-0.895811	-0.13721	54.3507
17	35	0.425	0.875	-1.67618	-0.374878	-59.1876
17	36	0.425	0.9	-0.289947	-0.619162	56.6438
17	37	0.425	0.925	-0.691426	0.524892	-43.7592
17	38	0.425	0.95	0.698335	-1.04531	25.9374
17	39	0.425	0.975	0.665906	0.490027	-8.41326
17	40	0.425	1	1	0	0
18	0	0.45	0	0	0	5.95728
18	1	0.45	0.025	0.0405307	-0.052976	5.95728
18	2	0.45	0.05	0.0378502	-0.0428725	7.0662
18	3	0.45	0.075	0.100928	-0.0852929	5.03721
18	4	0.45	0.1	0.0328577	-0.191622	6.76203
18	5	0.45	0.125	0.110845	-0.0834881	7.30585
18	6	0.45	0.15	0.0655634	-0.314998	3.0798
18	7	0.45	0.175	0.0483863	-0.195349	11.5686
18	8	0.45	0.2	0.138426	-0.287519	0.458017
18	9	0.45	0.225	-0.0358325	-0.457668	11.4805
18	10	0.45	0.25	0.169658	-0.197245	4.97643
18	11	0.45	0.275	-0.0451258	-0.683314	3.49096
18	12	0.45	0.3	0.0637202	-0.281848	15.0902
18	13	0.45	0.325	0.0498594	-0.633307	-5.33095
18	14	0.45	0.35	-0.156208	-0.645282	20.0293
18	15	0.45	0.375	0.150747	-0.391196	-2.73649
18	16	0.45	0.4	-0.314271	-1.06078	10.2135
18	17	0.45	0.425	0.0641452	-0.324777	12.8933
18	18	0.45	0.45	-0.282351	-1.10343	-8.08001
18	19	0.45	0.475	-0.298343	-0.642172	27.8444
18	20	0.45	0.5	-0.123759	-0.731968	-15.1934
18	21	0.45	0.525	-0.701421	-1.1849	24.9241
18	22	0.45	0.55	-0.0669923	-0.396768	-1.44724
18	23	0.45	0.575	-0.843667	-1.47597	1.87342
18	24	0.45	0.6	-0.37723	-0.423779	22.6904
18	25	0.45	0.625	-0.724716	-1.2092	-21.8955
18	26	0.45	0.65	-0.982093	-0.800041	37.7379
18	27	0.45	0.675	-0.510144	-0.663308	-25.9149
18	28	0.45	0.7	-1.40485	-1.27577	29.744
18	29	0.45	0.725	-0.425885	-0.225538	-7.66189
18	30	0.45	0.75	-1.42622	-1.49365	0.0964952
18	31	0.45	0.775	-0.798117	-0.0558073	22.1849
18	32	0.45	0.8	-1.28965	-1.25599	-34.0562
18	33	0.45	0.825	-1.48168	-0.124611	49.224
18	34	0.45	0.85	-1.06021	-0.751715	-56.033
18	35	0.45	0.875	-1.58622	-0.405604	62.755
18	36	0.45	0.9	-0.457185	-0.0129705	-57.0485
18	37	0.45	0.925	-0.556567	-1.02139	48.4777
18	38	0.45	0.95	0.450217	0.633499	-28.1984
18	39	0.45	0.975	0.722711	-0.892923	7.9732
18	40	0.45	1	1	0	0
19	0	0.475	0	0	0	6.46282
19	1	0.475	0.025	0.0340545	-0.0178863	6.46282
19	2	0.475	0.05	0.0920197	-0.0625552	5.88627
19	3	0.475	0.075	0.0384457	-0.117989	6.68087
19	4	0.475	0.1	0.130664	-0.0820075	6.75247
19	5	0.475	0.125	0.0735992	-0.23875	4.70432
19	6	0.475	0.15	0.0701428	-0.155532	9.60879
19	7	0.475	0.175	0.173133	-0.267918	2.39507
19	8	0.475	0.2	-0.0359367	-0.348471	10.5577
19	9	0.475	0.225	0.232873	-0.219796	4.47862
19	10	0.475	0.25	-0.0417173	-0.562797	5.7519
19	11	0.475	0.275	0.125874	-0.2627	11.6941
19	12	0.475	0.3	0.109083	-0.595281	-1.47939
19	13	0.475	0.325	-0.138745	-0.529122	17.0011
19	14	0.475	0.35	0.263789	-0.435278	-1.51413
19	15	0.475	0.375	-0.32814	-0.901738	11.448
19	16	0.475	0.4	0.194742	-0.356319	9.58151
19	17	0.475	0.425	-0.226263	-1.02337	-2.96347
19	18	0.475	0.45	-0.215124	-0.588214	22.6416
19	19	0.475	0.475	0.0250962	-0.764941	-10.7047
19	20	0.475	0.5	-0.737188	-1.05599	22.4787
19	21	0.475	0.525	0.10557	-0.4836	-1.31909
19	22	0.475	0.55	-0.886966	-1.35066	4.78777
19	23	0.475	0.575	-0.212249	-0.493733	18.0086
19	24	0.475	0.6	-0.611325	-1.15842	-15.0559
19	25	0.475	0.625	-0.958476	-0.815118	30.5738
19	26	0.475	0.65	-0.323648	-0.716784	-18.7082
19	27	0.475	0.675	-1.61153	-1.196	24.15
19	28	0.475	0.7	-0.267008	-0.399769	-4.88714
19	29	0.475	0.725	-1.60616	-1.32027	1.64407
19	30	0.475	0.75	-0.641478	-0.28535	16.5141
19	31	0.475	0.775	-1.14057	-1.0803	-22.6018
19	32	0.475	0.8	-1.5995	-0.328569	34.5225
19	33	0.475	0.825	-0.725245	-0.707102	-36.5829
19	34	0.475	0.85	-2.43204	-0.382836	43.8719
19	35	0.475	0.875	-0.213881	-0.369656	-41.0641
19	36	0.475	0.9	-2.05902	-0.590566	42.9222
19	37	0.475	0.925	0.52982	0.135177	-32.9772
19	38	0.475	0.95	-0.350738	-0.933941	20.4688
19	39	0.475	0.975	0.956473	0.237953	-8.74157
19	40	0.475	1	1	0	0
20	0	0.5	0	0	0	6.44201
20	1	0.5	0.025	0.0555735	-0.0240061	6.44201
20	2	0.5	0.05	0.0482419	-0.074463	6.33779
20	3	0.5	0.075	0.132683	-0.0646162	7.03505
20	4	0.5	0.1	0.0706785	-0.163611	5.23693
20	5	0.5	0.125	0.108047	-0.141446	8.51473
20	6	0.5	0.15	0.168658	-0.206444	4.2059
20	7	0.5	0.175	-0.00323668	-0.286853	8.745
20	8	0.5	0.2	0.266715	-0.209513	5.82044
20	9	0.5	0.225	-0.047162	-0.444909	5.62689
20	10	0.5	0.25	0.208943	-0.273124	10.4056
20	11	0.5	0.275	0.101823	-0.490577	1.2436
20	12	0.5	0.3	-0.0523995	-0.484552	13.5201
20	13	0.5	0.325	0.314581	-0.408654	1.77807
20	14	0.5	0.35	-0.308724	-0.771631	9.2396
20	15	0.5	0.375	0.320504	-0.387845	9.93967
20	16	0.5	0.4	-0.24055	-0.878946	-1.04905
20	17	0.5	0.425	-0.044492	-0.604697	19.0344
20	18	0.5	0.45	0.078927	-0.693384	-5.83547
20	19	0.5	0.475	-0.644277	-1.00236	17.4305
20	20	0.5	0.5	0.230152	-0.50543	2.89165
20	21	0.5	0.525	-0.92373	-1.22924	2.41698
20	22	0.5	0.55	-0.0194257	-0.584997	18.1975
20	23	0.5	0.575	-0.622971	-1.02738	-12.0959
20	24	0.5	0.6	-0.751251	-0.924222	25.2234
20	25	0.5	0.625	-0.245483	-0.650572	-10.9088
20	26	0.5	0.65	-1.58351	-1.24232	14.7892
20	27	0.5	0.675	-0.18936	-0.479854	3.9435
20	28	0.5	0.7	-1.76324	-1.21237	-5.45033
20	29	0.5	0.725	-0.478312	-0.536168	19.5422
20	30	0.5	0.75	-1.22904	-0.848246	-19.4971
20	31	0.5	0.775	-1.36361	-0.70421	24.9567
20	32	0.5	0.8	-0.699613	-0.47421	-19.344
20	33	0.5	0.825	-2.54464	-0.728592	18.6369
20	34	0.5	0.85	-0.332676	-0.343868	-12.6071
20	35	0.5	0.875	-2.93321	-0.513995	11.3668
20	36	0.5	0.9	0.393369	-0.308694	-9.88393
20	37	0.5	0.925	-1.70562	-0.424857	7.59966
20	38	0.5	0.95	1.03491	-0.145011	-7.75575
20	39	0.5	0.975	0.426952	-0.440994	-0.608722
20	40	0.5	1	1	0	0
21	0	0.525	0	0	0	6.49354
21	1	0.525	0.025	0.0453853	-0.0455483	6.49354
21	2	0.525	0.05	0.106862	-0.0273461	7.23769
21	3	0.525	0.075	0.0762788	-0.118083	5.25668
21	4	0.525	0.1	0.131608	-0.115535	8.46285
21	5	0.525	0.125	0.148439	-0.140591	4.8438
21	6	0.525	0.15	0.0535963	-0.258395	7.75948
21	7	0.525	0.175	0.255882	-0.155676	7.20593
21	8	0.525	0.2	-0.0174191	-0.37712	4.38157
21	9	0.525	0.225	0.259325	-0.255343	11.1616
21	10	0.525	0.25	0.0793195	-0.386281	1.49061
21	11	0.525	0.275	0.0637277	-0.476965	12.2003
21	12	0.525	0.3	0.298353	-0.320295	4.0178
21	13	0.525	0.325	-0.210205	-0.718928	6.50733
21	14	0.525	0.35	0.37803	-0.356479	12.3894
21	15	0.525	0.375	-0.231751	-0.769008	-2.55693
21	16	0.525	0.4	0.121858	-0.624139	19.2138
21	17	0.525	0.425	0.0696714	-0.576052	-4.25075
21	18	0.525	0.45	-0.436889	-1.02653	14.3968
21	19	0.525	0.475	0.276453	-0.438616	7.04333
21	20	0.525	0.5	-0.83397	-1.20356	-2.14685
21	21	0.525	0.525	0.101226	-0.612287	22.3373
21	22	0.525	0.55	-0.63901	-0.933443	-14.4776
21	23	0.525	0.575	-0.505335	-1.04774	25.6381
21	24	0.525	0.6	-0.235295	-0.538117	-8.01352
21	25	0.525	0.625	-1.33342	-1.3991	8.90855
21	26	0.525	0.65	-0.193754	-0.450187	12.0913
21	27	0.525	0.675	-1.69764	-1.27561	-15.2196
21	28	0.525	0.7	-0.462035	-0.675705	28.4887
21	29	0.525	0.725	-1.30822	-0.75419	-25.4699
21	30	0.525	0.75	-1.10567	-1.05018	26.5954
21	31	0.525	0.775	-0.783753	-0.286644	-13.9001
21	32	0.525	0.8	-2.15351	-1.22614	4.67968
21	33	0.525	0.825	-0.612813	-0.193836	7.88868
21	34	0.525	0.85	-2.89145	-0.935835	-20.1247
21	35	0.525	0.875	-0.194808	-0.386898	22.1746
21	36	0.525	0.9	-2.4372	-0.329609	-27.794
21	37	0.525	0.925	0.735848	-0.697405	17.2784
21	38	0.525	0.95	-0.516863	0.0202802	-14.7296
21	39	0.525	0.975	1.08299	-0.645922	0.0523761
21	40	0.525	1	1	0	0
22	0	0.55	0	0	0	6.90344
22	1	0.55	0.025	0.0622207	0.00161156	6.90344
22	2	0.55	0.05	0.0819679	-0.0922635	5.68515
22	3	0.55	0.075	0.126105	-0.0660579	8.51711
22	4	0.55	0.1	0.138339	-0.103637	4.75449
22	5	0.55	0.125	0.100133	-0.220964	8.0012
22	6	0.55	0.15	0.224497	-0.092607	7.34515
22	7	0.55	0.175	0.0438001	-0.347508	3.93398
22	8	0.55	0.2	0.258368	-0.19049	12.0787
22	9	0.55	0.225	0.0905037	-0.331663	0.458168
22	10	0.55	0.25	0.145689	-0.44034	13.1072
22	11	0.55	0.275	0.263894	-0.230018	3.70082
22	12	0.55	0.3	-0.0703668	-0.704295	6.04702
22	13	0.55	0.325	0.367949	-0.262031	13.7257
22	14	0.55	0.35	-0.145625	-0.735725	-4.54951
22	15	0.55	0.375	0.209264	-0.57329	21.5043
22	16	0.55	0.4	0.0754665	-0.494879	-6.09054
22	17	0.55	0.425	-0.222866	-1.04342	15.4979
22	18	0.55	0.45	0.284063	-0.328534	7.60283
22	19	0.55	0.475	-0.620101	-1.25364	-4.18562
22	20	0.55	0.5	0.138347	-0.541598	26.0105
22	21	0.55	0.525	-0.552417	-0.938196	-18.7478
22	22	0.55	0.55	-0.359996	-1.08059	30.2124
22	23	0.55	0.575	-0.207197	-0.465178	-10.7046
22	24	0.55	0.6	-1.03509	-1.54293	9.91136
22	25	0.55	0.625	-0.199431	-0.363234	14.4178
22	26	0.55	0.65	-1.42103	-1.43436	-20.2161
22	27	0.55	0.675	-0.561014	-0.671951	35.7841
22	28	0.55	0.7	-1.2118	-0.827733	-33.3517
22	29	0.55	0.725	-1.0708	-1.19772	34.585
22	30	0.55	0.75	-0.805094	-0.239311	-18.4632
22	31	0.55	0.775	-1.73338	-1.56493	5.67164
22	32	0.55	0.8	-0.804028	-0.0758691	13.008
22	33	0.55	0.825	-2.32337	-1.41248	-32.9557
22	34	0.55	0.85	-0.872327	-0.283459	41.1071
22	35	0.55	0.875	-2.28016	-0.779354	-56.0984
22	36	0.55	0.9	-0.224283	-0.797218	48.5449
22	37	0.55	0.925	-1.09389	0.0945463	-46.0273
22	38	0.55	0.95	0.767225	-1.28503	22.5243
22	39	0.55	0.975	0.596516	0.0935479	-12.6726
22	40	0.55	1	1	0	0
23	0	0.575	0	0	0	6.58152
23	1	0.575	0.025	0.0617589	-0.0565402	6.58152
23	2	0.575	0.05	0.100549	-0.0172093	7.97269
23	3	0.575	0.075	0.137144	-0.0918783	4.99644
23	4	0.575	0.1	0.115893	-0.155731	8.52402
23	5	0.575	0.125	0.202852	-0.0576863	6.55117
23	6	0.575	0.15	0.0993718	-0.310738	4.89593
23	7	0.575	0.175	0.23152	-0.110717	11.6479
23	8	0.575	0.2	0.136509	-0.317884	0.213316
23	9	0.575	0.225	0.168197	-0.349208	14.256
23	10	0.575	0.25	0.25902	-0.186998	1.96995
23	11	0.575	0.275	0.0374256	-0.654922	8.00636
23	12	0.575	0.3	0.340948	-0.159339	12.3451
23	13	0.575	0.325	-0.0137812	-0.736254	-4.14254
23	14	0.575	0.35	0.22199	-0.446621	22.5486
23	15	0.575	0.375	0.143711	-0.482869	-8.40196
23	16	0.575	0.4	-0.0959289	-0.970896	18.8403
23	17	0.575	0.425	0.315513	-0.243478	4.60474
23	18	0.575	0.45	-0.391826	-1.28143	-1.75514
23	19	0.575	0.475	0.158923	-0.412417	25.7463
23	20	0.575	0.5	-0.361309	-1.0023	-20.2484
23	21	0.575	0.525	-0.32827	-0.991136	34.0433
23	22	0.575	0.55	-0.0977444	-0.469874	-15.0814
23	23	0.575	0.575	-0.862023	-1.56383	15.2545
23	24	0.575	0.6	-0.128626	-0.291327	11.0799
23	25	0.575	0.625	-1.10812	-1.54366	-17.9775
23	26	0.575	0.65	-0.631962	-0.592369	36.5569
23	27	0.575	0.675	-0.955985	-0.952067	-35.7498
23	28	0.575	0.7	-1.23697	-1.15593	39.919
23	29	0.575	0.725	-0.68583	-0.322891	-24.3187
23	30	0.575	0.75	-1.60989	-1.60974	13.3498
23	31	0.575	0.775	-0.800504	-0.0569028	7.41847
23	32	0.575	0.8	-1.77835	-1.58907	-28.1391
23	33	0.575	0.825	-1.30167	-0.180294	41.1388
23	34	0.575	0.85	-1.69844	-1.15022	-59.94
23	35	0.575	0.875	-1.34567	-0.594494	61.1107
23	36	0.575	0.9	-1.02263	-0.369934	-65.799
23	37	0.575	0.925	-0.358056	-1.35191	49.5086
23	38	0.575	0.95	0.214437	0.341516	-35.0666
23	39	0.575	0.975	0.76856	-1.32256	5.99878
23	40	0.575	1	1	0	0
24	0	0.6	0	0	0	7.16234
24	1	0.6	0.025	0.0637134	0.00340568	7.16234
24	2	0.6	0.05	0.121879	-0.0761118	5.90166
24	3	0.6	0.075	0.108853	-0.0836267	8.39516
24	4	0.6	0.1	0.195184	-0.0539692	5.99264
24	5	0.6	0.125	0.123126	-0.24213	6.33361
24	6	0.6	0.15	0.213186	-0.058326	10.0561
24	7	0.6	0.175	0.18028	-0.299524	1.56727
24	8	0.6	0.2	0.157924	-0.236317	13.9297
24	9	0.6	0.225	0.286429	-0.18774	1.0067
24	10	0.6	0.25	0.0792581	-0.542189	10.3054
24	11	0.6	0.275	0.341897	-0.100902	9.37674
24	12	0.6	0.3	0.089098	-0.697846	-1.12728
24	13	0.6	0.325	0.219778	-0.302001	20.6636
24	14	0.6	0.35	0.247377	-0.500692	-8.29153
24	15	0.6	0.375	-0.0548236	-0.806473	20.8782
24	16	0.6	0.4	0.397037	-0.215392	1.05285
24	17	0.6	0.425	-0.252474	-1.20897	3.03751
24	18	0.6	0.45	0.232315	-0.292677	21.8429
24	19	0.6	0.475	-0.16168	-1.03251	-17.3895
24	20	0.6	0.5	-0.308361	-0.835056	33.7303
24	21	0.6	0.525	0.0793369	-0.510636	-16.6265
24	22	0.6	0.55	-0.838929	-1.45701	19.5055
24	23	0.6	0.575	0.0384186	-0.275105	6.56468
24	24	0.6	0.6	-0.932857	-1.52283	-12.1128
24	25	0.6	0.625	-0.552079	-0.530206	32.0597
24	26	0.6	0.65	-0.685993	-0.992569	-31.4158
24	27	0.6	0.675	-1.39422	-1.06818	37.9067
24	28	0.6	0.7	-0.477985	-0.434221	-23.8703
24	29	0.6	0.725	-1.77872	-1.46673	16.8258
24	30	0.6	0.75	-0.622829	-0.164758	1.77291
24	31	0.6	0.775	-1.57555	-1.44963	-18.1001
24	32	0.6	0.8	-1.35396	-0.217727	30.4785
24	33	0.6	0.825	-1.22433	-1.12162	-45.9695
24	34	0.6	0.85	-2.10694	-0.452845	50.4631
24	35	0.6	0.875	-0.70829	-0.704045	-58.1049
24	36	0.6	0.9	-1.77176	-0.933717	53.4389
24	37	0.6	0.925	0.159844	-0.0668098	-47.5122
24	38	0.6	0.95	-0.22743	-1.47301	24.9297
24	39	0.6	0.975	0.861006	0.00564627	-14.6546
24	40	0.6	1	1	0	0
25	0	0.625	0	0	0	6.84524
25	1	0.625	0.025	0.075623	-0.0405065	6.84524
25	2	0.625	0.05	0.0937089	-0.0353789	7.70983
25	3	0.625	0.075	0.181099	-0.0544361	6.25964
25	4	0.625	0.1	0.121219	-0.159148	7.11617
25	5	0.625	0.125	0.211606	-0.0434625	8.55408
25	6	0.625	0.15	0.192244	-0.24785	3.6383
25	7	0.625	0.175	0.154477	-0.150018	12.1903
25	8	0.625	0.2	0.310692	-0.190292	1.80461
25	9	0.625	0.225	0.0814783	-0.400871	11.0434
25	10	0.625	0.25	0.370061	-0.0912022	7.09314
25	11	0.625	0.275	0.124333	-0.592877	2.39544
25	12	0.625	0.3	0.24967	-0.199307	16.9971
25	13	0.625	0.325	0.319266	-0.484823	-5.50677
25	14	0.625	0.35	-0.0281205	-0.616044	19.8867
25	15	0.625	0.375	0.493203	-0.215945	-0.237928
25	16	0.625	0.4	-0.204721	-1.04344	6.62113
25	17	0.625	0.425	0.36509	-0.217845	17.4118
25	18	0.625	0.45	-0.0473328	-0.973347	-12.4794
25	19	0.625	0.475	-0.197042	-0.687471	30.0509
25	20	0.625	0.5	0.244969	-0.508568	-14.3479
25	21	0.625	0.525	-0.836412	-1.30754	19.5407
25	22	0.625	0.55	0.24461	-0.280844	5.25167
25	23	0.625	0.575	-0.924282	-1.40901	-8.32272
25	24	0.625	0.6	-0.311151	-0.526292	27.7037
25	25	0.625	0.625	-0.53339	-0.910919	-25.2182
25	26	0.625	0.65	-1.33699	-1.06309	31.4068
25	27	0.625	0.675	-0.295988	-0.45589	-17.0381
25	28	0.625	0.7	-1.98081	-1.36202	11.6857
25	29	0.625	0.725	-0.409456	-0.322134	4.04284
25	30	0.625	0.75	-1.69759	-1.2014	-14.9192
25	31	0.625	0.775	-1.09835	-0.441702	22.5031
25	32	0.625	0.8	-1.06812	-0.840425	-30.6459
25	33	0.625	0.825	-2.26739	-0.619522	30.1649
25	34	0.625	0.85	-0.589911	-0.63659	-34.0598
25	35	0.625	0.875	-2.74189	-0.69833	30.4085
25	36	0.625	0.9	0.137536	-0.474947	-32.5861
25	37	0.625	0.925	-1.60395	-0.971024	22.219
25	38	0.625	0.95	0.843014	-0.168485	-20.3567
25	39	0.625	0.975	0.417602	-1.01601	-0.294598
25	40	0.625	1	1	0	0
26	0	0.65	0	0	0	7.21411
26	1	0.65	0.025	0.0655864	-0.0154962	7.21411
26	2	0.65	0.05	0.142559	-0.0379685	6.89545
26	3	0.65	0.075	0.112896	-0.0944739	7.10728
26	4	0.65	0.1	0.207903	-0.0421753	7.95268
26	5	0.65	0.125	0.176893	-0.17592	5.15486
26	6	0.65	0.15	0.169942	-0.106953	10.3355
26	7	0.65	0.175	0.302247	-0.1636	3.5763
26	8	0.65	0.2	0.0888548	-0.284106	10.1536
26	9	0.65	0.225	0.389317	-0.0936565	6.62634
26	10	0.65	0.25	0.116808	-0.455827	4.43716
26	11	0.65	0.275	0.304959	-0.150122	13.8663
26	12	0.65	0.3	0.32441	-0.412604	-2.0525
26	13	0.65	0.325	0.039277	-0.463976	17.0499
26	14	0.65	0.35	0.543667	-0.195699	0.9154
26	15	0.65	0.375	-0.169161	-0.852655	7.43458
26	16	0.65	0.4	0.496082	-0.166188	15.0308
26	17	0.65	0.425	-0.0202773	-0.848304	-8.80717
26	18	0.65	0.45	0.00809083	-0.572922	26.3622
26	19	0.65	0.475	0.332625	-0.43204	-11.004
26	20	0.65	0.5	-0.708826	-1.18933	17.0235
26	21	0.65	0.525	0.4041	-0.231861	7.26704
26	22	0.65	0.55	-0.946051	-1.3083	-9.00322
26	23	0.65	0.575	-0.0266804	-0.525864	27.751
26	24	0.65	0.6	-0.516713	-0.775547	-23.0056
26	25	0.65	0.625	-1.02982	-1.14286	27.357
26	26	0.65	0.65	-0.194715	-0.351902	-10.1481
26	27	0.65	0.675	-1.94221	-1.43425	2.6977
26	28	0.65	0.7	-0.295638	-0.388425	13.1194
26	29	0.65	0.725	-1.88325	-1.08498	-22.0091
26	30	0.65	0.75	-0.791029	-0.713888	25.4558
26	31	0.65	0.775	-1.15027	-0.555711	-26.0546
26	32	0.65	0.8	-1.92326	-1.04223	17.4692
26	33	0.65	0.825	-0.683871	-0.390214	-13.3754
26	34	0.65	0.85	-2.9168	-0.969666	0.369964
26	35	0.65	0.875	-0.186723	-0.540184	-2.66767
26	36	0.65	0.9	-2.56372	-0.664112	-7.30035
26	37	0.65	0.925	0.688204	-0.684979	-3.01436
26	38	0.65	0.95	-0.625047	-0.58396	-6.20948
26	39	0.65	0.975	1.02889	-0.683993	-6.49043
26	40	0.65	1	1	0	0
27	0	0.675	0	0	0	7.21569
27	1	0.675	0.025	0.0800873	-0.0124981	7.21569
27	2	0.675	0.05	0.101403	-0.0587381	6.98836
27	3	0.675	0.075	0.182788	-0.0299294	7.96702
27	4	0.675	0.1	0.156589	-0.115819	5.77533
27	5	0.675	0.125	0.185924	-0.0860956	9.33976
27	6	0.675	0.15	0.265489	-0.115206	4.99184
27	7	0.675	0.175	0.117424	-0.213065	8.92305
27	8	0.675	0.2	0.371855	-0.0762326	7.29766
27	9	0.675	0.225	0.113821	-0.338861	4.82305
27	10	0.675	0.25	0.343857	-0.122459	12.4414
27	11	0.675	0.275	0.287622	-0.314309	0.184227
27	12	0.675	0.3	0.134962	-0.362999	14.624
27	13	0.675	0.325	0.52487	-0.140224	2.63757
27	14	0.675	0.35	-0.0837849	-0.691877	6.77045
27	15	0.675	0.375	0.558436	-0.0987677	14.5248
27	16	0.675	0.4	-0.00229797	-0.718998	-7.33348
27	17	0.675	0.425	0.20938	-0.457082	24.7856
27	18	0.675	0.45	0.34885	-0.324563	-9.57026
27	19	0.675	0.475	-0.44446	-1.08856	15.8622
27	20	0.675	0.5	0.482063	-0.0997137	8.94881
27	21	0.675	0.525	-0.828824	-1.27911	-11.153
27	22	0.675	0.55	0.162447	-0.430348	31.0951
27	23	0.675	0.575	-0.527253	-0.698262	-26.1574
27	24	0.675	0.6	-0.644691	-1.18026	30.0601
27	25	0.675	0.625	-0.149028	-0.176069	-9.44861
27	26	0.675	0.65	-1.59991	-1.62024	-1.41556
27	27	0.675	0.675	-0.276068	-0.287524	21.0677
27	28	0.675	0.7	-1.85001	-1.19568	-32.8008
27	29	0.675	0.725	-0.672448	-0.818253	36.5999
27	30	0.675	0.75	-1.27016	-0.430628	-33.7684
27	31	0.675	0.775	-1.4617	-1.43017	20.3305
27	32	0.675	0.8	-0.812035	-0.145787	-7.44217
27	33	0.675	0.825	-2.46626	-1.50346	-15.8889
27	34	0.675	0.85	-0.648511	-0.393747	20.2891
27	35	0.675	0.875	-2.70035	-0.967666	-40.2457
27	36	0.675	0.9	0.0363804	-0.87679	28.4882
27	37	0.675	0.925	-1.44993	-0.30578	-34.8048
27	38	0.675	0.95	0.879274	-1.21613	10.8135
27	39	0.675	0.975	0.496199	-0.379851	-12.7396
27	40	0.675	1	1	0	0
28	0	0.7	0	0	0	7.22532
28	1	0.7	0.025	0.06966	-0.0340023	7.22532
28	2	0.7	0.05	0.135587	-0.00815726	7.88957
28	3	0.7	0.075	0.140879	-0.0821677	6.08931
28	4	0.7	0.1	0.181349	-0.0609417	9.06363
28	5	0.7	0.125	0.224759	-0.0737952	5.56525
28	6	0.7	0.15	0.149044	-0.169435	8.40867
28	7	0.7	0.175	0.324174	-0.041109	7.80594
28	8	0.7	0.2	0.13403	-0.263704	4.75143
28	9	0.7	0.225	0.339014	-0.0853286	12.1135
28	10	0.7	0.25	0.255103	-0.233071	1.0315
28	11	0.7	0.275	0.207629	-0.284893	13.6308
28	12	0.7	0.3	0.466356	-0.0762964	3.35859
28	13	0.7	0.325	0.0331248	-0.564622	6.66062
28	14	0.7	0.35	0.542407	-0.0134877	14.0079
28	15	0.7	0.375	0.0665067	-0.615919	-6.38798
28	16	0.7	0.4	0.315076	-0.307505	24.3301
28	17	0.7	0.425	0.359231	-0.250395	-10.0436
28	18	0.7	0.45	-0.175337	-0.933632	17.5798
28	19	0.7	0.475	0.513043	0.0575461	7.29263
28	20	0.7	0.5	-0.55069	-1.25797	-9.9306
28	21	0.7	0.525	0.231066	-0.213186	32.5994
28	22	0.7	0.55	-0.413619	-0.72843	-30.0826
28	23	0.7	0.575	-0.405433	-1.03499	36.8212
28	24	0.7	0.6	-0.0858537	-0.0362267	-15.5233
28	25	0.7	0.625	-1.15375	-1.71646	3.89482
28	26	0.7	0.65	-0.248757	-0.0537755	20.955
28	27	0.7	0.675	-1.51349	-1.41118	-37.2046
28	28	0.7	0.7	-0.748336	-0.663194	45.8859
28	29	0.7	0.725	-1.21774	-0.50429	-45.4211
28	30	0.7	0.75	-1.26725	-1.50634	33.5262
28	31	0.7	0.775	-0.848613	0.0209256	-15.7156
28	32	0.7	0.8	-1.86933	-1.87719	-12.2277
28	33	0.7	0.825	-0.954247	-0.156266	25.3222
28	34	0.7	0.85	-2.22381	-1.46335	-54.4218
28	35	0.7	0.875	-0.829307	-0.727256	50.2561
28	36	0.7	0.9	-1.63351	-0.603704	-63.6779
28	37	0.7	0.925	0.0855725	-1.4905	40.5323
28	38	0.7	0.95	-0.0877829	0.0282555	-34.4102
28	39	0.7	0.975	0.864975	-1.47555	1.93137
28	40	0.7	1	1	0	0
29	0	0.725	0	0	0	7.53946
29	1	0.725	0.025	0.0752925	0.00469442	7.53946
29	2	0.725	0.05	0.118027	-0.0619357	6.65563
29	3	0.725	0.075	0.154041	-0.0282193	8.80821
29	4	0.725	0.1	0.193858	-0.0554513	5.79171
29	5	0.725	0.125	0.160892	-0.126528	8.57031
29	6	0.725	0.15	0.272257	-0.0121693	7.61228
29	7	0.725	0.175	0.160158	-0.214905	5.24682
29	8	0.725	0.2	0.300557	-0.0381725	11.6802
29	9	0.725	0.225	0.245262	-0.185267	1.55846
29	10	0.725	0.25	0.228511	-0.204892	13.4263
29	11	0.725	0.275	0.411244	-0.034713	3.136
29	12	0.725	0.3	0.121129	-0.447202	7.68638
29	13	0.725	0.325	0.490496	0.0579367	12.379
29	14	0.725	0.35	0.160598	-0.520895	-4.22901
29	15	0.725	0.375	0.326851	-0.146178	22.7998
29	16	0.725	0.4	0.407085	-0.22036	-9.93492
29	17	0.725	0.425	-0.0263661	-0.697754	19.8542
29	18	0.725	0.45	0.556148	0.153561	3.29621
29	19	0.725	0.475	-0.267055	-1.12865	-4.28854
29	20	0.725	0.5	0.267769	0.0379131	28.8279
29	21	0.725	0.525	-0.152536	-0.776402	-28.7513
29	22	0.725	0.55	-0.361052	-0.706796	40.3614
29	23	0.725	0.575	0.0823342	-0.0122433	-22.3169
29	24	0.725	0.6	-0.894519	-1.55144	14.5211
29	25	0.725	0.625	-0.118452	0.185635	12.7614
29	26	0.725	0.65	-1.06237	-1.50069	-30.6136
29	27	0.725	0.675	-0.829537	-0.337372	45.2593
29	28	0.725	0.7	-0.911618	-0.649207	-49.6571
29	29	0.725	0.725	-1.4252	-1.23093	44.0994
29	30	0.725	0.75	-0.71184	0.046504	-27.9353
29	31	0.725	0.775	-1.58476	-1.84018	2.93927
29	32	0.725	0.8	-0.977765	0.0789942	14.9823
29	33	0.725	0.825	-1.60404	-1.66824	-46.7673
29	34	0.725	0.85	-1.45355	-0.417142	50.8738
29	35	0.725	0.875	-1.30913	-1.01579	-71.0412
29	36	0.725	0.9	-1.09392	-1.21581	58.5325
29	37	0.725	0.925	-0.338361	-0.194078	-57.063
29	38	0.725	0.95	0.126177	-1.8315	25.7232
29	39	0.725	0.975	0.722823	-0.205397	-18.1441
29	40	0.725	1	1	0	0
30	0	0.75	0	0	0	7.35982
30	1	0.75	0.025	0.0722044	-0.0352743	7.35982
30	2	0.75	0.05	0.114465	-0.00360982	8.26697
30	3	0.75	0.075	0.165298	-0.0510268	6.2734
30	4	0.75	0.1	0.149361	-0.0782018	8.73532
30	5	0.75	0.125	0.232017	-0.00497897	7.14333
30	6	0.75	0.15	0.169218	-0.168262	6.30401
30	7	0.75	0.175	0.256462	-0.000590569	10.6527
30	8	0.75	0.2	0.242452	-0.157492	2.63708
30	9	0.75	0.225	0.212206	-0.124819	12.9534
30	10	0.75	0.25	0.373698	-0.021557	2.97585
30	11	0.75	0.275	0.151957	-0.329458	8.9846
30	12	0.75	0.3	0.444124	0.0928666	10.2011
30	13	0.75	0.325	0.216085	-0.412431	-1.00109
30	14	0.75	0.35	0.310417	-0.0227628	19.6437
30	15	0.75	0.375	0.456082	-0.189408	-7.59683
30	16	0.75	0.4	0.013966	-0.444757	19.7615
30	17	0.75	0.425	0.625463	0.171517	0.595179
30	18	0.75	0.45	-0.127676	-0.868231	1.91496
30	19	0.75	0.475	0.364145	0.20214	21.809
30	20	0.75	0.5	0.0928549	-0.700226	-21.4265
30	21	0.75	0.525	-0.349531	-0.353069	36.4489
30	22	0.75	0.55	0.344831	-0.0402534	-22.6403
30	23	0.75	0.575	-0.906213	-1.16074	21.0378
30	24	0.75	0.6	0.151749	0.297417	3.88124
30	25	0.75	0.625	-0.810411	-1.3164	-18.2503
30	26	0.75	0.65	-0.709691	-0.038479	35.4381
30	27	0.75	0.675	-0.505197	-0.652997	-42.1382
30	28	0.75	0.7	-1.67859	-0.822278	42.373
30	29	0.75	0.725	-0.405497	-0.0219486	-31.3192
30	30	0.75	0.75	-1.77098	-1.44051	13.9879
30	31	0.75	0.775	-0.719942	0.154906	1.57546
30	32	0.75	0.8	-1.27151	-1.44949	-29.0056
30	33	0.75	0.825	-1.60898	-0.168188	35.3239
30	34	0.75	0.85	-0.865785	-1.05664	-56.3181
30	35	0.75	0.875	-2.05218	-0.774279	51.5985
30	36	0.75	0.9	-0.262019	-0.571056	-58.1058
30	37	0.75	0.925	-1.1047	-1.51454	38.6555
30	38	0.75	0.95	0.532452	-0.106532	-32.381
30	39	0.75	0.975	0.498246	-1.50055	0.960987
30	40	0.75	1	1	0	0
31	0	0.775	0	0	0	7.74847
31	1	0.775	0.025	0.0663776	0.00315593	7.74847
31	2	0.775	0.05	0.124872	-0.0421277	7.02634
31	3	0.775	0.075	0.125534	-0.0374946	8.51719
31	4	0.775	0.1	0.198704	-0.0133203	7.00799
31	5	0.775	0.125	0.157196	-0.116767	7.2911
31	6	0.775	0.15	0.222906	0.0137156	9.42777
31	7	0.775	0.175	0.226555	-0.130339	4.21971
31	8	0.775	0.2	0.188942	-0.0609051	11.8759
31	9	0.775	0.225	0.338969	-0.022887	3.52247
31	10	0.775	0.25	0.146453	-0.221851	9.6601
31	11	0.775	0.275	0.407775	0.097497	8.55417
31	12	0.775	0.3	0.213159	-0.299763	2.00382
31	13	0.775	0.325	0.30933	0.0449886	16.1866
31	14	0.775	0.35	0.446494	-0.129798	-3.98801
31	15	0.775	0.375	0.0423214	-0.255307	17.2929
31	16	0.775	0.4	0.660344	0.175927	1.007
31	17	0.775	0.425	-0.106331	-0.584394	4.76953
31	18	0.775	0.45	0.50907	0.257019	16.5595
31	19	0.775	0.475	0.166789	-0.484624	-13.3987
31	20	0.775	0.5	-0.194358	-0.134022	28.4759
31	21	0.775	0.525	0.541678	0.0284854	-16.1959
31	22	0.775	0.55	-0.956037	-0.778753	18.4662
31	23	0.775	0.575	0.469198	0.31359	2.42439
31	24	0.775	0.6	-0.871779	-0.939699	-10.7865
31	25	0.775	0.625	-0.323307	0.0708444	25.6954
31	26	0.775	0.65	-0.269636	-0.417803	-29.7197
31	27	0.775	0.675	-1.65128	-0.574155	30.4559
31	28	0.775	0.7	-0.0868523	0.00225918	-22.0108
31	29	0.775	0.725	-2.14355	-1.00475	10.1135
31	30	0.775	0.75	-0.324393	0.0444629	-0.840027
31	31	0.775	0.775	-1.40055	-0.966452	-17.9806
31	32	0.775	0.8	-1.27583	-0.207515	18.8982
31	33	0.775	0.825	-0.628813	-0.728535	-34.3692
31	34	0.775	0.85	-2.40096	-0.584456	27.6884
31	35	0.775	0.875	-0.156638	-0.643425	-37.1991
31	36	0.775	0.9	-2.19353	-0.967915	25.2706
31	37	0.775	0.925	0.492801	-0.491134	-30.0963
31	38	0.775	0.95	-0.50957	-1.27846	8.29143
31	39	0.775	0.975	0.888714	-0.544962	-13.1975
31	40	0.775	1	1	0	0
32	0	0.8	0	0	0	7.64286
32	1	0.8	0.025	0.0681909	-0.0219667	7.64286
32	2	0.8	0.05	0.0964841	-0.0154245	8.12108
32	3	0.8	0.075	0.159939	-0.0206533	7.31465
32	4	0.8	0.1	0.135287	-0.0706352	7.7896
32	5	0.8	0.125	0.19597	0.00899931	8.58391
32	6	0.8	0.15	0.195413	-0.0977184	5.72974
32	7	0.8	0.175	0.173514	-0.0230676	10.5969
32	8	0.8	0.2	0.29261	-0.0246587	4.61541
32	9	0.8	0.225	0.136522	-0.137206	9.62408
32	10	0.8	0.25	0.363418	0.0888759	7.81144
32	11	0.8	0.275	0.1833	-0.205242	4.05343
32	12	0.8	0.3	0.311227	0.078835	13.6814
32	13	0.8	0.325	0.377402	-0.0657483	-0.927865
32	14	0.8	0.35	0.10544	-0.139971	14.7027
32	15	0.8	0.375	0.604553	0.207902	2.80235
32	16	0.8	0.4	-0.0716449	-0.386956	4.74806
32	17	0.8	0.425	0.590843	0.292747	15.0801
32	18	0.8	0.45	0.113982	-0.266063	-9.37819
32	19	0.8	0.475	0.0822998	-0.04058	23.2122
32	20	0.8	0.5	0.547366	0.21277	-9.75656
32	21	0.8	0.525	-0.761476	-0.589305	12.0011
32	22	0.8	0.55	0.644635	0.4118	7.80725
32	23	0.8	0.575	-0.988085	-0.642102	-13.1475
32	24	0.8	0.6	0.135026	0.0686437	25.1155
32	25	0.8	0.625	-0.315906	-0.0624999	-23.9857
32	26	0.8	0.65	-1.174	-0.608509	20.7249
32	27	0.8	0.675	0.0775027	0.238616	-9.15387
32	28	0.8	0.7	-2.20367	-0.88056	-4.66451
32	29	0.8	0.725	-0.0469041	-0.0218032	10.8788
32	30	0.8	0.75	-1.75297	-0.558783	-23.9026
32	31	0.8	0.775	-0.709709	-0.50786	16.9078
32	32	0.8	0.8	-0.694339	-0.259807	-22.5107
32	33	0.8	0.825	-2.05534	-0.847762	6.27134
32	34	0.8	0.85	-0.209431	-0.413131	-11.3532
32	35	0.8	0.875	-2.62551	-0.826424	-5.10827
32	36	0.8	0.9	0.318318	-0.732439	-6.7079
32	37	0.8	0.925	-1.49167	-0.797244	-7.23505
32	38	0.8	0.95	0.83774	-0.801827	-7.82159
32	39	0.8	0.975	0.418475	-0.901691	-8.40871
32	40	0.8	1	1	0	0
33	0	0.825	0	0	0	7.91566
33	1	0.825	0.025	0.0573262	-0.00697708	7.91566
33	2	0.825	0.05	0.111321	-0.0182389	7.7343
33	3	0.825	0.075	0.112066	-0.0402873	7.91452
33	4	0.825	0.1	0.164877	-0.000849257	8.27639
33	5	0.825	0.125	0.16033	-0.0664832	6.7732
33	6	0.825	0.15	0.161059	-0.00769075	9.61565
33	7	0.825	0.175	0.237294	-0.0228242	5.75421
33	8	0.825	0.2	0.133251	-0.0786937	9.31108
33	9	0.825	0.225	0.303058	0.0753094	7.63483
33	10	0.825	0.25	0.15938	-0.136477	5.39186
33	11	0.825	0.275	0.287819	0.0998878	12.1333
33	12	0.825	0.3	0.296392	-0.0295781	1.0777
33	13	0.825	0.325	0.165002	-0.055279	13.3887
33	14	0.825	0.35	0.482859	0.233311	3.66979
33	15	0.825	0.375	0.0251414	-0.270707	5.0422
33	16	0.825	0.4	0.539311	0.362385	14.6834
33	17	0.825	0.425	0.0948957	-0.164318	-8.20485
33	18	0.825	0.45	0.280901	0.0711441	22.5646
33	19	0.825	0.475	0.428444	0.362472	-8.52344
33	20	0.825	0.5	-0.345532	-0.510218	10.4255
33	21	0.825	0.525	0.605253	0.642562	11.3775
33	22	0.825	0.55	-0.807438	-0.596514	-18.1103
33	23	0.825	0.575	0.359435	0.21815	31.6728
33	24	0.825	0.6	-0.442346	0.14936	-29.2072
33	25	0.825	0.625	-0.514126	-0.698814	23.719
33	26	0.825	0.65	0.0664886	0.615765	-5.70765
33	27	0.825	0.675	-1.69697	-1.10935	-14.5016
33	28	0.825	0.7	0.00558316	0.186658	25.2056
33	29	0.825	0.725	-1.85138	-0.524845	-41.1717
33	30	0.825	0.75	-0.3416	-0.693438	31.567
33	31	0.825	0.775	-0.91627	0.106859	-29.4063
33	32	0.825	0.8	-1.3346	-1.36066	3.82711
33	33	0.825	0.825	-0.359217	-0.0414499	1.65392
33	34	0.825	0.85	-2.29601	-1.20788	-29.7817
33	35	0.825	0.875	-0.0780624	-0.664542	20.5346
33	36	0.825	0.9	-1.92729	-0.690467	-37.4667
33	37	0.825	0.925	0.522795	-1.21828	14.6912
33	38	0.825	0.95	-0.309225	-0.437072	-21.0773
33	39	0.825	0.975	0.882116	-1.20277	-4.50234
33	40	0.825	1	1	0	0
34	0	0.85	0	0	0	7.99272
34	1	0.85	0.025	0.0570487	-0.0089362	7.99272
34	2	0.85	0.05	0.0851607	-0.0243669	7.99252
34	3	0.85	0.075	0.126162	-0.00651146	8.26263
34	4	0.85	0.1	0.129754	-0.0444241	7.3975
34	5	0.85	0.125	0.142157	-0.00433777	9.07334
34	6	0.85	0.15	0.185142	-0.020244	6.64331
34	7	0.85	0.175	0.12914	-0.041847	9.07683
34	8	0.85	0.2	0.236869	0.057221	7.62923
34	9	0.85	0.225	0.145946	-0.0863422	6.49348
34	10	0.85	0.25	0.23729	0.107597	10.9332
34	11	0.85	0.275	0.237275	-0.0204006	2.7288
34	12	0.85	0.3	0.175925	0.0222828	12.7837
34	13	0.85	0.325	0.363194	0.209703	3.51365
34	14	0.85	0.35	0.114349	-0.164426	7.01228
34	15	0.85	0.375	0.408099	0.410345	12.5308
34	16	0.85	0.4	0.160987	-0.145156	-5.63175
34	17	0.85	0.425	0.286527	0.25245	22.266
34	18	0.85	0.45	0.351272	0.343498	-10.1382
34	19	0.85	0.475	-0.0129319	-0.32244	15.0268
34	20	0.85	0.5	0.46481	0.83427	7.40713
34	21	0.85	0.525	-0.343563	-0.638824	-14.861
34	22	0.85	0.55	0.291	0.589285	34.026
34	23	0.85	0.575	-0.312474	0.0504565	-36.2034
34	24	0.85	0.6	-0.150591	-0.460012	35.5514
34	25	0.85	0.625	0.0135506	0.89932	-15.6837
34	26	0.85	0.65	-0.905905	-1.32668	-6.96185
34	27	0.85	0.675	-0.0598195	0.665917	27.3537
34	28	0.85	0.7	-1.3973	-0.842935	-51.996
34	29	0.85	0.725	-0.350066	-0.41994	48.9352
34	30	0.85	0.75	-0.984459	0.180439	-48.626
34	31	0.85	0.775	-0.797651	-1.61606	21.5937
34	32	0.85	0.8	-0.480841	0.353195	-5.60706
34	33	0.85	0.825	-1.53591	-1.75821	-32.4376
34	34	0.85	0.85	-0.459561	-0.329008	33.4827
34	35	0.85	0.875	-1.70202	-1.04602	-60.3564
34	36	0.85	0.9	-0.142407	-1.24486	40.6959
34	37	0.85	0.925	-0.735951	-0.361381	-46.2448
34	38	0.85	0.95	0.499432	-1.64782	14.5423
34	39	0.85	0.975	0.572097	-0.473407	-15.6966
34	40	0.85	1	1	0	0
35	0	0.875	0	0	0	8.15376
35	1	0.875	0.025	0.0481266	-0.0126649	8.15376
35	2	0.875	0.05	0.0842629	-0.00756903	8.29563
35	3	0.875	0.075	0.102103	-0.0316933	7.841
35	4	0.875	0.1	0.115127	-0.0051366	8.81046
35	5	0.875	0.125	0.143303	-0.0197723	7.30569
35	6	0.875	0.15	0.116129	-0.020677	8.97299
35	7	0.875	0.175	0.178871	0.0357078	7.69134
35	8	0.875	0.2	0.131206	-0.0481328	7.48482
35	9	0.875	0.225	0.179988	0.095497	9.81888
35	10	0.875	0.25	0.196105	-0.0164559	4.56338
35	11	0.875	0.275	0.14402	0.0769478	11.8746
35	12	0.875	0.3	0.280151	0.147982	3.70942
35	13	0.875	0.325	0.13284	-0.0459348	9.21738
35	14	0.875	0.35	0.291501	0.372978	9.16673
35	15	0.875	0.375	0.217431	-0.10098	-0.445928
35	16	0.875	0.4	0.186007	0.39575	18.6753
35	17	0.875	0.425	0.363651	0.211543	-8.77178
35	18	0.875	0.45	0.0569229	0.00186301	19.0296
35	19	0.875	0.475	0.388495	0.791831	-0.161905
35	20	0.875	0.5	0.0237155	-0.476595	-2.92445
35	21	0.875	0.525	0.139302	0.933533	25.5519
35	22	0.875	0.55	0.0832378	-0.168592	-31.9319
35	23	0.875	0.575	-0.204722	0.144511	41.0493
35	24	0.875	0.6	0.148128	0.838854	-28.4663
35	25	0.875	0.625	-0.422137	-1.05891	12.9142
35	26	0.875	0.65	-0.0732929	1.15014	12.9942
35	27	0.875	0.675	-0.614519	-1.12544	-42.3043
35	28	0.875	0.7	-0.542372	0.281192	51.5744
35	29	0.875	0.725	-0.62172	-0.0442433	-61.852
35	30	0.875	0.75	-0.769513	-1.22543	43.6522
35	31	0.875	0.775	-0.433568	0.608356	-26.4645
35	32	0.875	0.8	-0.891493	-1.9824	-12.7906
35	33	0.875	0.825	-0.622606	0.188054	25.3928
35	34	0.875	0.85	-1.06531	-1.44813	-61.5563
35	35	0.875	0.875	-0.785595	-0.86319	51.9306
35	36	0.875	0.9	-0.703084	-0.628858	-64.2759
35	37	0.875	0.925	-0.273459	-1.76232	36.4756
35	38	0.875	0.95	0.184213	-0.190298	-31.8833
35	39	0.875	0.975	0.590076	-1.53016	-0.597875
35	40	0.875	1	1	0	0
36	0	0.9	0	0	0	8.3419
36	1	0.9	0.025	0.0429189	-0.00532678	8.3419
36	2	0.9	0.05	0.0717548	-0.0225262	8.21991
36	3	0.9	0.075	0.0852117	-0.00744498	8.66481
36	4	0.9	0.1	0.109585	-0.020677	7.86502
36	5	0.9	0.125	0.0950381	-0.0108383	8.90362
36	6	0.9	0.15	0.134147	0.0148566	7.89158
36	7	0.9	0.175	0.108527	-0.0214862	8.23035
36	8	0.9	0.2	0.132919	0.0678298	8.98135
36	9	0.9	0.225	0.156019	-0.00632278	6.38874
36	10	0.9	0.25	0.103284	0.091379	10.561
36	11	0.9	0.275	0.219772	0.0897113	4.94687
36	12	0.9	0.3	0.0976711	0.0466552	10.0723
36	13	0.9	0.325	0.223241	0.269053	6.9103
36	14	0.9	0.35	0.191274	-0.0085517	4.77207
36	15	0.9	0.375	0.112045	0.401255	13.1457
36	16	0.9	0.4	0.356869	0.122568	-3.08553
36	17	0.9	0.425	-0.0124095	0.271073	17.4734
36	18	0.9	0.45	0.400075	0.556348	-3.32441
36	19	0.9	0.475	0.0726122	-0.106048	7.94302
36	20	0.9	0.5	0.11759	0.960871	12.1014
36	21	0.9	0.525	0.34918	-0.165005	-16.0882
36	22	0.9	0.55	-0.347922	0.710087	31.991
36	23	0.9	0.575	0.461319	0.526176	-28.6786
36	24	0.9	0.6	-0.451937	-0.299152	26.1794
36	25	0.9	0.625	0.126142	1.24873	-6.21455
36	26	0.9	0.65	-0.123564	-0.922186	-16.8981
36	27	0.9	0.675	-0.603978	1.00505	34.3986
36	28	0.9	0.7	0.0319176	-0.28379	-53.8655
36	29	0.9	0.725	-1.05877	-0.302839	49.5289
36	30	0.9	0.75	-0.0761459	0.582755	-42.7923
36	31	0.9	0.775	-0.775481	-1.54418	13.1028
36	32	0.9	0.8	-0.483892	0.64659	2.9926
36	33	0.9	0.825	-0.444942	-1.52586	-41.7303
36	34	0.9	0.85	-1.08413	-0.212603	42.2428
36	35	0.9	0.875	-0.313888	-0.853388	-63.3019
36	36	0.9	0.9	-1.04502	-1.3494	45.0208
36	37	0.9	0.925	0.0639282	-0.354855	-44.9918
36	38	0.9	0.95	-0.151865	-1.70717	14.9319
36	39	0.9	0.975	0.622272	-0.436614	-14.3917
36	40	0.9	1	1	0	0
37	0	0.925	0	0	0	8.4955
37	1	0.925	0.025	0.0372108	-0.0113898	8.4955
37	2	0.925	0.05	0.0569397	-0.00976141	8.61933
37	3	0.925	0.075	0.078811	-0.020017	8.3466
37	4	0.925	0.1	0.0720744	-0.00911653	8.83538
37	5	0.925	0.125	0.0989732	-0.000970532	8.2464
37	6	0.925	0.15	0.0816882	-0.00770293	8.65137
37	7	0.925	0.175	0.0984755	0.0369444	8.62802
37	8	0.925	0.2	0.112452	0.00469371	7.76845
37	9	0.925	0.225	0.0745832	0.0724324	9.43063
37	10	0.925	0.25	0.16041	0.0556588	6.66857
37	11	0.925	0.275	0.0587238	0.0815728	9.65009
37	12	0.925	0.3	0.175105	0.163968	6.72324
37	13	0.925	0.325	0.11592	0.0707657	7.68045
37	14	0.925	0.35	0.0959241	0.296379	9.13993
37	15	0.925	0.375	0.262629	0.118558	3.18802
37	16	0.925	0.4	-0.0413334	0.34102	12.5221
37	17	0.925	0.425	0.369638	0.338188	-0.165128
37	18	0.925	0.45	-0.0296245	0.204831	11.0281
37	19	0.925	0.475	0.208802	0.695857	4.09649
37	20	0.925	0.5	0.274635	0.070925	-0.789072
37	21	0.925	0.525	-0.270053	0.847611	16.3837
37	22	0.925	0.55	0.58604	0.328823	-15.2553
37	23	0.925	0.575	-0.579975	0.405495	22.3651
37	24	0.925	0.6	0.441077	0.925704	-13.1319
37	25	0.925	0.625	-0.183746	-0.255198	3.64303
37	26	0.925	0.65	-0.322538	1.22429	10.7086
37	27	0.925	0.675	0.398716	-0.197224	-28.8745
37	28	0.925	0.7	-1.15873	0.582726	33.3301
37	29	0.925	0.725	0.432431	0.403548	-39.1865
37	30	0.925	0.75	-1.05021	-0.599962	23.7941
37	31	0.925	0.775	-0.0482194	0.747841	-16.1183
37	32	0.925	0.8	-0.262981	-1.10059	-15.1994
37	33	0.925	0.825	-0.920107	0.371797	18.6671
37	34	0.925	0.85	0.139026	-0.788893	-44.7187
37	35	0.925	0.875	-1.40735	-0.652545	34.2866
37	36	0.925	0.9	0.218195	-0.489959	-43.0859
37	37	0.925	0.925	-0.872	-1.41422	20.6157
37	38	0.925	0.95	0.385037	-0.346277	-20.9325
37	39	0.925	0.975	0.313254	-1.1782	-2.90832
37	40	0.925	1	1	0	0
38	0	0.95	0	0	0	8.69172
38	1	0.95	0.025	0.0297755	-0.00727786	8.69172
38	2	0.95	0.05	0.0493265	-0.0158167	8.68867
38	3	0.95	0.075	0.0511737	-0.0111011	8.82919
38	4	0.95	0.1	0.0679959	-0.00941131	8.64481
38	5	0.95	0.125	0.0569316	-0.0047242	8.84538
38	6	0.95	0.15	0.0703109	0.0129838	8.70355
38	7	0.95	0.175	0.0720779	0.00838012	8.55805
38	8	0.95	0.2	0.0561283	0.0414175	8.90996
38	9	0.95	0.225	0.100735	0.0370758	8.04869
38	10	0.95	0.25	0.0388047	0.0673506	8.99657
38	11	0.95	0.275	0.119856	0.0917422	7.6896
38	12	0.95	0.3	0.0551617	0.0894242	8.45255
38	13	0.95	0.325	0.0887443	0.172555	7.93759
38	14	0.95	0.35	0.136077	0.125777	6.86154
38	15	0.95	0.375	-0.00407633	0.252399	8.81061
38	16	0.95	0.4	0.240962	0.219012	4.69849
38	17	0.95	0.425	-0.0633466	0.278292	8.98739
38	18	0.95	0.45	0.228129	0.401675	3.99195
38	19	0.95	0.475	0.0774533	0.254907	5.76852
38	20	0.95	0.5	-0.0458357	0.603926	6.77711
38	21	0.95	0.525	0.38057	0.319019	-1.27381
38	22	0.95	0.55	-0.421965	0.597909	10.7168
38	23	0.95	0.575	0.49947	0.571187	-5.98002
38	24	0.95	0.6	-0.350208	0.312109	7.38437
38	25	0.95	0.625	0.0923888	0.885054	-1.04387
38	26	0.95	0.65	0.237309	0.157403	-7.07198
38	27	0.95	0.675	-0.750637	0.845512	10.5124
38	28	0.95	0.7	0.60451	0.335704	-20.0164
38	29	0.95	0.725	-1.09854	0.221014	13.6226
38	30	0.95	0.75	0.387351	0.53966	-17.5691
38	31	0.95	0.775	-0.459359	-0.362883	-1.09537
38	32	0.95	0.8	-0.380954	0.512514	-1.76873
38	33	0.95	0.825	0.265954	-0.428212	-21.0795
38	34	0.95	0.85	-1.18	-0.0480381	12.1099
38	35	0.95	0.875	0.430686	-0.393023	-27.9081
38	36	0.95	0.9	-1.13903	-0.795975	11.5541
38	37	0.95	0.925	0.355115	-0.436458	-19.5406
38	38	0.95	0.95	-0.310692	-1.00517	0.647587
38	39	0.95	0.975	0.490144	-0.511933	-7.52999
38	40	0.95	1	1	0	0
39	0	0.975	0	0	0	8.89665
39	1	0.975	0.025	0.0258551	-0.00689704	8.89665
39	2	0.975	0.05	0.0353456	-0.0102493	8.95917
39	3	0.975	0.075	0.0437759	-0.00995662	8.98933
39	4	0.975	0.1	0.0405218	-0.00592088	9.02765
39	5	0.975	0.125	0.0478273	-9.7301e-06	9.01171
39	6	0.975	0.15	0.0453569	0.00415551	8.9909
39	7	0.975	0.175	0.0432861	0.0149652	8.97805
39	8	0.975	0.2	0.0563112	0.0195716	8.85617
39	9	0.975	0.225	0.034637	0.0330142	8.85485
39	10	0.975	0.25	0.0672125	0.0429145	8.6494
39	11	0.975	0.275	0.034184	0.0550252	8.59358
39	12	0.975	0.3	0.0636771	0.0766213	8.36386
39	13	0.975	0.325	0.0570815	0.0844235	8.15286
39	14	0.975	0.35	0.0332272	0.120724	7.95912
39	15	0.975	0.375	0.103108	0.127237	7.48144
39	16	0.975	0.4	-0.00898682	0.167858	7.38299
39	17	0.975	0.425	0.13315	0.192365	6.57593
39	18	0.975	0.45	0.00311212	0.210224	6.45252
39	19	0.975	0.475	0.0697762	0.283731	5.55781
39	20	0.975	0.5	0.121461	0.258448	4.78609
39	21	0.975	0.525	-0.112955	0.361658	4.54965
39	22	0.975	0.55	0.256574	0.3287	2.50151
39	23	0.975	0.575	-0.220151	0.357977	3.1569
39	24	0.975	0.6	0.203027	0.428553	0.607721
39	25	0.975	0.625	-0.010587	0.319787	0.183344
39	26	0.975	0.65	-0.178662	0.50708	-0.274734
39	27	0.975	0.675	0.315983	0.325203	-4.0856
39	28	0.975	0.7	-0.5904	0.389731	-0.975472
39	29	0.975	0.725	0.384468	0.31182	-6.88848
39	30	0.975	0.75	-0.46157	0.129901	-3.48438
39	31	0.975	0.775	0.0661683	0.280575	-6.73505
39	32	0.975	0.8	0.055277	-0.0143642	-7.98526
39	33	0.975	0.825	-0.513459	0.129919	-5.08665
39	34	0.975	0.85	0.348386	-0.120341	-11.1729
39	35	0.975	0.875	-0.77428	-0.233269	-4.21023
39	36	0.975	0.9	0.327357	-0.301257	-10.386
39	37	0.975	0.925	-0.448023	-0.539189	-4.50667
39	38	0.975	0.95	0.239546	-0.410094	-6.04159
39	39	0.975	0.975	0.256756	-0.494114	-3.86266
39	40	0.975	1	1	0	0
40	0	1	0	0	0	8.89665
40	1	1	0.025	0	0	8.89665
40	2	1	0.05	0	0	8.95917
40	3	1	0.075	0	0	8.98933
40	4	1	0.1	0	0	9.02765
40	5	1	0.125	0	0	9.01171
40	6	1	0.15	0	0	8.9909
40	7	1	0.175	0	0	8.97805
40	8	1	0.2	0	0	8.85617
40	9	1	0.225	0	0	8.85485
40	10	1	0.25	0	0	8.6494
40	11	1	0.275	0	0	8.59358
40	12	1	0.3	0	0	8.36386
40	13	1	0.325	0	0	8.15286
40	14	1	0.35	0	0	7.95912
40	15	1	0.375	0	0	7.48144
40	16	1	0.4	0	0	7.38299
40	17	1	0.425	0	0	6.57593
40	18	1	0.45	0	0	6.45252
40	19	1	0.475	0	0	5.55781
40	20	1	0.5	0	0	4.78609
40	21	1	0.525	0	0	4.54965
40	22	1	0.55	0	0	2.50151
40	23	1	0.575	0	0	3.1569
40	24	1	0.6	0	0	0.607721
40	25	1	0.625	0	0	0.183344
40	26	1	0.65	0	0	-0.274734
40	27	1	0.675	0	0	-4.0856
40	28	1	0.7	0	0	-0.975472
40	29	1	0.725	0	0	-6.88848
40	30	1	0.75	0	0	-3.48438
40	31	1	0.775	0	0	-6.73505
40	32	1	0.8	0	0	-7.98526
40	33	1	0.825	0	0	-5.08665
40	34	1	0.85	0	0	-11.1729
40	35	1	0.875	0	0	-4.21023
40	36	1	0.9	0	0	-10.386
40	37	1	0.925	0	0	-4.50667
40	38	1	0.95	0	0	-6.04159
40	39	1	0.975	0	0	-3.86266
40	40	1	1	1	0	0
