# i		j		x		y		u		v		p
# nx		ny		
# 41		41
# =================================
0	0	0	0	0	0	7.95795
0	1	0	0.025	0	0	7.95795
0	2	0	0.05	0	0	7.93875
0	3	0	0.075	0	0	8.12906
0	4	0	0.1	0	0	7.90222
0	5	0	0.125	0	0	8.22856
0	6	0	0.15	0	0	8.06905
0	7	0	0.175	0	0	8.12215
0	8	0	0.2	0	0	8.43444
0	9	0	0.225	0	0	7.97833
0	10	0	0.25	0	0	8.71112
0	11	0	0.275	0	0	8.12989
0	12	0	0.3	0	0	8.62446
0	13	0	0.325	0	0	8.69932
0	14	0	0.35	0	0	8.27532
0	15	0	0.375	0	0	9.34561
0	16	0	0.4	0	0	8.14326
0	17	0	0.425	0	0	9.51539
0	18	0	0.45	0	0	8.64792
0	19	0	0.475	0	0	9.04816
0	20	0	0.5	0	0	9.62621
0	21	0	0.525	0	0	8.41251
0	22	0	0.55	0	0	10.3101
0	23	0	0.575	0	0	8.27558
0	24	0	0.6	0	0	10.097
0	25	0	0.625	0	0	8.85056
0	26	0	0.65	0	0	9.24022
0	27	0	0.675	0	0	9.53211
0	28	0	0.7	0	0	8.45264
0	29	0	0.725	0	0	9.42133
0	30	0	0.75	0	0	7.94809
0	31	0	0.775	0	0	8.61844
0	32	0	0.8	0	0	7.13333
0	33	0	0.825	0	0	8.19189
0	34	0	0.85	0	0	5.27719
0	35	0	0.875	0	0	8.13766
0	36	0	0.9	0	0	2.99138
0	37	0	0.925	0	0	6.38723
0	38	0	0.95	0	0	1.85981
0	39	0	0.975	0	0	2.33278
0	40	0	1	1	0	0
1	0	0.025	0	0	0	7.95795
1	1	0.025	0.025	0.00640391	-0.0107276	7.95795
1	2	0.025	0.05	-0.00516697	-0.0289565	7.93875
1	3	0.025	0.075	0.0193075	-0.0330302	8.12906
1	4	0.025	0.1	-0.0155568	-0.0456791	7.90222
1	5	0.025	0.125	0.0159236	-0.0598715	8.22856
1	6	0.025	0.15	0.00308823	-0.0568187	8.06905
1	7	0.025	0.175	-0.0165374	-0.0837895	8.12215
1	8	0.025	0.2	0.0400346	-0.0742424	8.43444
1	9	0.025	0.225	-0.0470667	-0.0944637	7.97833
1	10	0.025	0.25	0.0499629	-0.101965	8.71112
1	11	0.025	0.275	-0.0289578	-0.0944868	8.12989
1	12	0.025	0.3	0.00111568	-0.129768	8.62446
1	13	0.025	0.325	0.039766	-0.0985215	8.69932
1	14	0.025	0.35	-0.0768937	-0.138004	8.27532
1	15	0.025	0.375	0.0969771	-0.116603	9.34561
1	16	0.025	0.4	-0.10164	-0.120509	8.14326
1	17	0.025	0.425	0.0690795	-0.14395	9.51539
1	18	0.025	0.45	-0.023954	-0.0973626	8.64792
1	19	0.025	0.475	-0.0524733	-0.155638	9.04816
1	20	0.025	0.5	0.100728	-0.0873374	9.62621
1	21	0.025	0.525	-0.172804	-0.123236	8.41251
1	22	0.025	0.55	0.157805	-0.090592	10.3101
1	23	0.025	0.575	-0.166948	-0.0601477	8.27558
1	24	0.025	0.6	0.0737499	-0.0939445	10.097
1	25	0.025	0.625	-0.0278656	-0.00604297	8.85056
1	26	0.025	0.65	-0.106355	-0.057967	9.24022
1	27	0.025	0.675	0.115587	0.036172	9.53211
1	28	0.025	0.7	-0.223406	0.039559	8.45264
1	29	0.025	0.725	0.142906	0.0835769	9.42133
1	30	0.025	0.75	-0.177446	0.14131	7.94809
1	31	0.025	0.775	0.0566307	0.148768	8.61844
1	32	0.025	0.8	-0.0818032	0.194904	7.13333
1	33	0.025	0.825	0.00139757	0.252601	8.19189
1	34	0.025	0.85	-0.111914	0.244428	5.27719
1	35	0.025	0.875	0.0924604	0.352676	8.13766
1	36	0.025	0.9	-0.206838	0.346496	2.99138
1	37	0.025	0.925	0.209103	0.356363	6.38723
1	38	0.025	0.95	-0.0375891	0.400534	1.85981
1	39	0.025	0.975	0.395807	0.247404	2.33278
1	40	0.025	1	1	0	0
2	0	0.05	0	0	0	8.22843
2	1	0.05	0.025	-0.0136637	-0.0315901	8.22843
2	2	0.05	0.05	-0.00059019	-0.0313424	8.62353
2	3	0.05	0.075	-0.037957	-0.0720975	7.74803
2	4	0.05	0.1	0.00489315	-0.0857514	9.06878
2	5	0.05	0.125	-0.0286414	-0.0820186	7.88226
2	6	0.05	0.15	-0.0284106	-0.14865	8.48872
2	7	0.05	0.175	0.0191249	-0.099972	9.1363
2	8	0.05	0.2	-0.0804554	-0.178335	7.2001
2	9	0.05	0.225	0.0520925	-0.157661	10.389
2	10	0.05	0.25	-0.082409	-0.161148	6.8727
2	11	0.05	0.275	0.00926631	-0.240425	9.92764
2	12	0.05	0.3	-0.00123422	-0.139277	8.71067
2	13	0.05	0.325	-0.103311	-0.286988	7.52973
2	14	0.05	0.35	0.0979476	-0.169236	11.6352
2	15	0.05	0.375	-0.181454	-0.24702	5.42345
2	16	0.05	0.4	0.103553	-0.259814	12.7533
2	17	0.05	0.425	-0.113327	-0.155671	6.45854
2	18	0.05	0.45	-0.0428592	-0.346481	10.1532
2	19	0.05	0.475	0.0676102	-0.106105	10.8249
2	20	0.05	0.5	-0.258876	-0.323315	5.48326
2	21	0.05	0.525	0.199601	-0.145868	15.0775
2	22	0.05	0.55	-0.332867	-0.166163	3.17469
2	23	0.05	0.575	0.140257	-0.241071	15.0217
2	24	0.05	0.6	-0.154477	0.00616774	6.08235
2	25	0.05	0.625	-0.137727	-0.272673	9.96717
2	26	0.05	0.65	0.117712	0.0824892	12.0142
2	27	0.05	0.675	-0.44244	-0.115329	4.17701
2	28	0.05	0.7	0.254752	0.0766811	15.5067
2	29	0.05	0.725	-0.475789	0.16004	2.70633
2	30	0.05	0.75	0.14647	0.0786489	13.5278
2	31	0.05	0.775	-0.224006	0.327778	5.22573
2	32	0.05	0.8	-0.12555	0.224289	9.62293
2	33	0.05	0.825	-0.00647504	0.337531	5.87148
2	34	0.05	0.85	-0.248076	0.50008	9.98455
2	35	0.05	0.875	-0.0342711	0.382611	1.17891
2	36	0.05	0.9	-0.0569947	0.603434	12.9403
2	37	0.05	0.925	-0.097617	0.577885	-2.43849
2	38	0.05	0.95	0.255896	0.396524	9.41227
2	39	0.05	0.975	0.353703	0.559716	1.67046
2	40	0.05	1	1	0	0
3	0	0.075	0	0	0	8.69202
3	1	0.075	0.025	-0.0105701	-0.0121343	8.69202
3	2	0.075	0.05	-0.0315391	-0.0786377	7.98351
3	3	0.075	0.075	-0.00923099	-0.072709	9.67927
3	4	0.075	0.1	-0.0371114	-0.0990808	7.48477
3	5	0.075	0.125	-0.0283946	-0.17177	9.39412
3	6	0.075	0.15	-0.00576266	-0.103339	8.98562
3	7	0.075	0.175	-0.0723684	-0.242912	7.19249
3	8	0.075	0.2	0.0277393	-0.162922	11.5665
3	9	0.075	0.225	-0.0907099	-0.23031	5.44327
3	10	0.075	0.25	0.00789268	-0.290789	12.0484
3	11	0.075	0.275	-0.0382113	-0.171242	7.24086
3	12	0.075	0.3	-0.0820321	-0.405894	8.49767
3	13	0.075	0.325	0.0489267	-0.172999	12.3752
3	14	0.075	0.35	-0.175204	-0.392935	3.46237
3	15	0.075	0.375	0.0768647	-0.297531	16.2597
3	16	0.075	0.4	-0.155185	-0.244897	2.69057
3	17	0.075	0.425	-0.0234938	-0.483054	13.7741
3	18	0.075	0.45	-0.0082337	-0.110233	9.08855
3	19	0.075	0.475	-0.230949	-0.55038	5.09765
3	20	0.075	0.5	0.128938	-0.133925	18.3925
3	21	0.075	0.525	-0.371113	-0.365536	-2.35757
3	22	0.075	0.55	0.120368	-0.32218	22.0299
3	23	0.075	0.575	-0.259519	-0.0472912	-0.288007
3	24	0.075	0.6	-0.110931	-0.517307	14.7268
3	25	0.075	0.625	0.0170004	0.142439	11.2491
3	26	0.075	0.65	-0.492313	-0.443499	1.08375
3	27	0.075	0.675	0.213287	0.107391	22.777
3	28	0.075	0.7	-0.690072	-0.0289904	-6.82748
3	29	0.075	0.725	0.192457	-0.056469	23.9658
3	30	0.075	0.75	-0.457875	0.394539	-2.1531
3	31	0.075	0.775	-0.134075	-0.0906002	13.9662
3	32	0.075	0.8	-0.0231265	0.496936	7.83644
3	33	0.075	0.825	-0.591473	0.263158	4.97431
3	34	0.075	0.85	0.261635	0.390261	9.61894
3	35	0.075	0.875	-0.692206	0.72632	7.6957
3	36	0.075	0.9	0.279466	0.42817	1.10096
3	37	0.075	0.925	-0.239022	0.698946	13.326
3	38	0.075	0.95	0.288313	0.651412	-2.18532
3	39	0.075	0.975	0.494153	0.394619	7.88229
3	40	0.075	1	1	0	0
4	0	0.1	0	0	0	8.70386
4	1	0.1	0.025	-0.0152612	-0.0536532	8.70386
4	2	0.1	0.05	-0.020481	-0.0413275	9.65923
4	3	0.1	0.075	-0.0243508	-0.107095	7.62075
4	4	0.1	0.1	-0.0367738	-0.149701	10.1798
4	5	0.1	0.125	-0.0126284	-0.109469	8.40501
4	6	0.1	0.15	-0.0575123	-0.262969	8.17031
4	7	0.1	0.175	-0.00445441	-0.148627	11.4704
4	8	0.1	0.2	-0.0624633	-0.289328	5.21859
4	9	0.1	0.225	-0.0250273	-0.281079	13.5101
4	10	0.1	0.25	-0.034586	-0.223194	5.53109
4	11	0.1	0.275	-0.0747635	-0.450505	10.771
4	12	0.1	0.3	0.00264326	-0.179751	10.9603
4	13	0.1	0.325	-0.123897	-0.509086	4.11254
4	14	0.1	0.35	-0.00132164	-0.278934	17.4844
4	15	0.1	0.375	-0.117603	-0.37311	0.167817
4	16	0.1	0.4	-0.0671686	-0.512743	17.7419
4	17	0.1	0.425	-0.0420928	-0.166383	5.21955
4	18	0.1	0.45	-0.184519	-0.697827	8.39966
4	19	0.1	0.475	0.0169331	-0.110185	17.4286
4	20	0.1	0.5	-0.286398	-0.595628	-3.92587
4	21	0.1	0.525	-0.014431	-0.301842	26.5892
4	22	0.1	0.55	-0.246365	-0.214709	-6.71357
4	23	0.1	0.575	-0.153278	-0.633643	22.1119
4	24	0.1	0.6	-0.0767463	0.129172	5.73427
4	25	0.1	0.625	-0.418436	-0.76461	3.82688
4	26	0.1	0.65	0.0405724	0.17471	24.9672
4	27	0.1	0.675	-0.660485	-0.402446	-13.7885
4	28	0.1	0.7	0.0388029	-0.0778275	34.9807
4	29	0.1	0.725	-0.58398	0.244747	-14.1533
4	30	0.1	0.75	-0.144847	-0.405988	25.17
4	31	0.1	0.775	-0.195879	0.626175	3.17762
4	32	0.1	0.8	-0.637723	-0.313575	3.10517
4	33	0.1	0.825	0.20842	0.556291	20.4099
4	34	0.1	0.85	-1.13434	0.366148	-8.67283
4	35	0.1	0.875	0.520015	0.324812	20.2398
4	36	0.1	0.9	-1.00653	0.941918	-0.559709
4	37	0.1	0.925	0.610996	0.343397	6.24331
4	38	0.1	0.95	-0.103012	0.717165	8.67952
4	39	0.1	0.975	0.68662	0.606335	2.53843
4	40	0.1	1	1	0	0
5	0	0.125	0	0	0	9.31478
5	1	0.125	0.025	-0.0144906	-0.0165536	9.31478
5	2	0.125	0.05	-0.0072228	-0.0901104	8.43623
5	3	0.125	0.075	-0.0448583	-0.106116	10.2242
5	4	0.125	0.1	0.00306364	-0.117216	8.30429
5	5	0.125	0.125	-0.05653	-0.233153	9.23216
5	6	0.125	0.15	-0.0143902	-0.145376	10.5896
5	7	0.125	0.175	-0.0308289	-0.306148	6.39971
5	8	0.125	0.2	-0.0659176	-0.250562	13.3006
5	9	0.125	0.225	0.00719618	-0.278509	5.24422
5	10	0.125	0.25	-0.106153	-0.423196	12.4167
5	11	0.125	0.275	0.00424061	-0.222541	8.94769
5	12	0.125	0.3	-0.0927837	-0.542571	6.70869
5	13	0.125	0.325	-0.0698697	-0.268319	15.7662
5	14	0.125	0.35	-0.0380271	-0.48214	0.978014
5	15	0.125	0.375	-0.167419	-0.468474	18.9522
5	16	0.125	0.4	0.00411046	-0.283459	2.55244
5	17	0.125	0.425	-0.208287	-0.706994	12.6493
5	18	0.125	0.45	-0.0410571	-0.151166	13.2482
5	19	0.125	0.475	-0.183257	-0.73318	-0.35886
5	20	0.125	0.5	-0.185485	-0.253932	25.4296
5	21	0.125	0.525	-0.118998	-0.429248	-8.19078
5	22	0.125	0.55	-0.31984	-0.585989	26.7345
5	23	0.125	0.575	-0.0593376	-0.0133199	-0.561244
5	24	0.125	0.6	-0.395103	-0.881783	10.9846
5	25	0.125	0.625	-0.114031	0.17948	20.0266
5	26	0.125	0.65	-0.464572	-0.735672	-12.019
5	27	0.125	0.675	-0.266128	0.00563937	38.3764
5	28	0.125	0.7	-0.453529	-0.104792	-22.0645
5	29	0.125	0.725	-0.374148	-0.459021	37.056
5	30	0.125	0.75	-0.277582	0.53586	-7.7099
5	31	0.125	0.775	-0.572743	-0.775793	11.4627
5	32	0.125	0.8	-0.0696	0.716199	20.767
5	33	0.125	0.825	-1.02866	-0.369299	-18.6748
5	34	0.125	0.85	0.185694	0.476664	39.6852
5	35	0.125	0.875	-1.33552	0.598356	-26.5404
5	36	0.125	0.9	0.594259	0.111234	32.7107
5	37	0.125	0.925	-0.807919	1.14361	-9.15115
5	38	0.125	0.95	0.789874	0.133088	10.546
5	39	0.125	0.975	0.429144	0.759548	5.84206
5	40	0.125	1	1	0	0
6	0	0.15	0	0	0	9.30657
6	1	0.15	0.025	-0.000897155	-0.0458962	9.30657
6	2	0.15	0.05	-0.0355832	-0.0694795	9.78399
6	3	0.15	0.075	0.0222045	-0.105296	9.00033
6	4	0.15	0.1	-0.0623533	-0.179776	9.5038
6	5	0.15	0.125	0.00490626	-0.153238	10.1142
6	6	0.15	0.15	-0.0219605	-0.270314	7.87609
6	7	0.15	0.175	-0.0792023	-0.23919	11.9751
6	8	0.15	0.2	0.0503407	-0.296538	6.73307
6	9	0.15	0.225	-0.151864	-0.373474	12.069
6	10	0.15	0.25	0.0517578	-0.283559	8.48648
6	11	0.15	0.275	-0.113517	-0.494993	8.80937
6	12	0.15	0.3	-0.0768188	-0.310739	13.0347
6	13	0.15	0.325	0.0133196	-0.508713	4.35272
6	14	0.15	0.35	-0.256834	-0.436626	16.5108
6	15	0.15	0.375	0.091739	-0.3994	3.71374
6	16	0.15	0.4	-0.305988	-0.625003	13.9545
6	17	0.15	0.425	-0.00405419	-0.278266	9.93718
6	18	0.15	0.45	-0.165657	-0.715895	4.98318
6	19	0.15	0.475	-0.282073	-0.28706	19.8488
6	20	0.15	0.5	0.0135495	-0.561347	-3.31511
6	21	0.15	0.525	-0.532749	-0.490235	24.5194
6	22	0.15	0.55	0.0627015	-0.233119	-1.66124
6	23	0.15	0.575	-0.52046	-0.775253	15.9388
6	24	0.15	0.6	-0.131228	0.0332199	12.7522
6	25	0.15	0.625	-0.328401	-0.817563	-3.35931
6	26	0.15	0.65	-0.527759	0.0352803	31.682
6	27	0.15	0.675	-0.179567	-0.414923	-18.5647
6	28	0.15	0.7	-0.787791	-0.303277	39.2271
6	29	0.15	0.725	-0.127943	0.220936	-14.5296
6	30	0.15	0.75	-0.731876	-0.792315	22.6498
6	31	0.15	0.775	-0.217352	0.660975	10.9882
6	32	0.15	0.8	-0.710981	-0.85506	-12.1171
6	33	0.15	0.825	-0.369301	0.666276	42.2559
6	34	0.15	0.85	-0.933853	-0.152634	-39.4138
6	35	0.15	0.875	-0.146398	0.285144	55.8399
6	36	0.15	0.9	-0.928847	0.910319	-36.9889
6	37	0.15	0.925	0.490464	-0.204146	37.4073
6	38	0.15	0.95	-0.115721	1.22721	-9.45008
6	39	0.15	0.975	0.85334	0.119586	8.80411
6	40	0.15	1	1	0	0
7	0	0.175	0	0	0	9.66614
7	1	0.175	0.025	-0.0107299	-0.0433823	9.66614
7	2	0.175	0.05	0.0252376	-0.0635989	9.83368
7	3	0.175	0.075	-0.0531206	-0.136937	9.13517
7	4	0.175	0.1	0.0326291	-0.144695	10.6053
7	5	0.175	0.125	-0.0302465	-0.209158	8.44088
7	6	0.175	0.15	-0.0526441	-0.249912	11.0472
7	7	0.175	0.175	0.0631076	-0.258395	8.69282
7	8	0.175	0.2	-0.167436	-0.353333	10.2635
7	9	0.175	0.225	0.103254	-0.312035	10.2064
7	10	0.175	0.25	-0.160166	-0.424201	8.55493
7	11	0.175	0.275	-0.0222338	-0.388944	12.0347
7	12	0.175	0.3	0.000900837	-0.448888	7.33193
7	13	0.175	0.325	-0.269826	-0.48008	12.6516
7	14	0.175	0.35	0.146283	-0.438678	8.01637
7	15	0.175	0.375	-0.402142	-0.562507	10.9448
7	16	0.175	0.4	0.0839756	-0.42745	10.9124
7	17	0.175	0.425	-0.242671	-0.601044	7.26807
7	18	0.175	0.45	-0.251653	-0.442767	14.8167
7	19	0.175	0.475	0.0455743	-0.544894	4.01625
7	20	0.175	0.5	-0.655157	-0.503466	16.8202
7	21	0.175	0.525	0.174505	-0.401313	4.43593
7	22	0.175	0.55	-0.719182	-0.612264	13.414
7	23	0.175	0.575	-0.0255898	-0.239345	10.5631
7	24	0.175	0.6	-0.3761	-0.661001	3.93888
7	25	0.175	0.625	-0.589395	-0.141703	20.9937
7	26	0.175	0.65	-0.0120103	-0.486299	-6.25603
7	27	0.175	0.675	-1.13786	-0.215542	28.6788
7	28	0.175	0.7	0.107608	-0.107262	-8.61822
7	29	0.175	0.725	-1.12336	-0.510229	23.5433
7	30	0.175	0.75	-0.103436	0.327006	3.66715
7	31	0.175	0.775	-0.661125	-0.765987	0.989735
7	32	0.175	0.8	-0.677338	0.603744	29.3213
7	33	0.175	0.825	-0.366735	-0.55054	-28.2211
7	34	0.175	0.85	-1.09036	0.548671	54.2844
7	35	0.175	0.875	-0.341766	0.216044	-44.6088
7	36	0.175	0.9	-0.631766	0.0599511	57.5964
7	37	0.175	0.925	-0.125528	1.13819	-31.7234
7	38	0.175	0.95	0.383415	-0.375222	27.9077
7	39	0.175	0.975	0.599148	1.0771	-0.498116
7	40	0.175	1	1	0	0
8	0	0.2	0	0	0	10.0396
8	1	0.2	0.025	0.0133129	-0.0160274	10.0396
8	2	0.2	0.05	-0.0227635	-0.111322	9.08534
8	3	0.2	0.075	0.0436359	-0.0997634	11.3964
8	4	0.2	0.1	-0.028985	-0.163291	8.06702
8	5	0.2	0.125	-0.00853789	-0.247783	11.414
8	6	0.2	0.15	0.0488873	-0.189562	9.51766
8	7	0.2	0.175	-0.132324	-0.370139	8.87074
8	8	0.2	0.2	0.119479	-0.276533	12.6406
8	9	0.2	0.225	-0.178963	-0.39362	6.3711
8	10	0.2	0.25	0.0438753	-0.438043	13.7929
8	11	0.2	0.275	-0.0475795	-0.362281	7.48407
8	12	0.2	0.3	-0.20058	-0.581119	10.783
8	13	0.2	0.325	0.130411	-0.384221	12.035
8	14	0.2	0.35	-0.414637	-0.599002	6.03493
8	15	0.2	0.375	0.137408	-0.50258	15.748
8	16	0.2	0.4	-0.33255	-0.511082	4.50205
8	17	0.2	0.425	-0.145602	-0.645558	14.7113
8	18	0.2	0.45	-0.0256615	-0.432378	8.06884
8	19	0.2	0.475	-0.613242	-0.682403	9.49801
8	20	0.2	0.5	0.174341	-0.433134	13.5274
8	21	0.2	0.525	-0.83051	-0.587654	4.57004
8	22	0.2	0.55	0.0662864	-0.492162	16.3985
8	23	0.2	0.575	-0.527019	-0.463385	3.28042
8	24	0.2	0.6	-0.466719	-0.506153	15.5932
8	25	0.2	0.625	-0.0547265	-0.355797	4.90996
8	26	0.2	0.65	-1.20619	-0.41438	13.1932
8	27	0.2	0.675	0.177363	-0.252547	6.95438
8	28	0.2	0.7	-1.4512	-0.334979	10.423
8	29	0.2	0.725	0.0701706	-0.108286	9.49991
8	30	0.2	0.75	-0.911824	-0.378751	4.25741
8	31	0.2	0.775	-0.595919	0.146829	17.1546
8	32	0.2	0.8	-0.200862	-0.367104	-8.09073
8	33	0.2	0.825	-1.60775	0.428402	31.76
8	34	0.2	0.85	0.16838	-0.113212	-23.1559
8	35	0.2	0.875	-1.91802	0.45793	45.8748
8	36	0.2	0.9	0.374155	0.482539	-30.6427
8	37	0.2	0.925	-0.892092	-0.0173358	40.5484
8	38	0.2	0.95	0.592661	1.0716	-14.9062
8	39	0.2	0.975	0.573647	-0.0334724	12.1
8	40	0.2	1	1	0	0
9	0	0.225	0	0	0	9.86344
9	1	0.225	0.025	0.00507846	-0.0753417	9.86344
9	2	0.225	0.05	0.0347636	-0.0360703	11.4375
9	3	0.225	0.075	-0.00375303	-0.146046	7.86623
9	4	0.225	0.1	0.0206944	-0.200312	12.4517
9	5	0.225	0.125	0.0383897	-0.136966	8.91418
9	6	0.225	0.15	-0.0691469	-0.381237	9.22544
9	7	0.225	0.175	0.100866	-0.197768	13.7178
9	8	0.225	0.2	-0.139645	-0.416818	4.48569
9	9	0.225	0.225	0.070362	-0.409055	16.7169
9	10	0.225	0.25	-0.0717522	-0.319826	5.03355
9	11	0.225	0.275	-0.108262	-0.656367	12.4365
9	12	0.225	0.3	0.0750185	-0.290085	12.7196
9	13	0.225	0.325	-0.327801	-0.715564	3.28541
9	14	0.225	0.35	0.112908	-0.464614	20.6027
9	15	0.225	0.375	-0.342442	-0.532191	-0.874572
9	16	0.225	0.4	-0.0716851	-0.765815	19.485
9	17	0.225	0.425	-0.11287	-0.336824	6.21349
9	18	0.225	0.45	-0.463345	-0.928331	7.90142
9	19	0.225	0.475	0.0749752	-0.355858	19.1031
9	20	0.225	0.5	-0.762038	-0.757814	-4.09183
9	21	0.225	0.525	0.0309558	-0.593828	25.9543
9	22	0.225	0.55	-0.611794	-0.414493	-4.55806
9	23	0.225	0.575	-0.335446	-0.855277	19.4746
9	24	0.225	0.6	-0.198631	-0.200889	7.26192
9	25	0.225	0.625	-1.00802	-0.840552	4.02863
9	26	0.225	0.65	0.0336166	-0.220251	20.8899
9	27	0.225	0.675	-1.45495	-0.508864	-7.44058
9	28	0.225	0.7	0.026483	-0.386944	25.4838
9	29	0.225	0.725	-1.14138	-0.158384	-6.79319
9	30	0.225	0.75	-0.401042	-0.47261	19.1274
9	31	0.225	0.775	-0.388722	-0.0017205	1.23583
9	32	0.225	0.8	-1.48764	-0.219545	10.4998
9	33	0.225	0.825	0.119877	0.0354153	5.69367
9	34	0.225	0.85	-2.49524	0.280659	10.5491
9	35	0.225	0.875	0.511949	0.103974	0.166185
9	36	0.225	0.9	-2.23863	0.521304	18.7336
9	37	0.225	0.925	0.900942	0.427229	-7.47527
9	38	0.225	0.95	-0.494188	0.203681	15.9464
9	39	0.225	0.975	0.95278	0.706537	0.290909
9	40	0.225	1	1	0	0
10	0	0.25	0	0	0	10.6733
10	1	0.25	0.025	0.0207873	0.00301945	10.6733
10	2	0.25	0.05	0.0271782	-0.129269	8.72802
10	3	0.25	0.075	0.0260844	-0.11762	12.797
10	4	0.25	0.1	0.0538926	-0.123619	8.10588
10	5	0.25	0.125	-0.0191513	-0.339912	10.8309
10	6	0.25	0.15	0.0821386	-0.129287	12.777
10	7	0.25	0.175	-0.0632256	-0.446406	4.76198
10	8	0.25	0.2	0.0524641	-0.316652	18.2043
10	9	0.25	0.225	-0.0339442	-0.343996	2.52566
10	10	0.25	0.25	-0.0610039	-0.636077	15.9547
10	11	0.25	0.275	0.0453041	-0.232797	10.0073
10	12	0.25	0.3	-0.206207	-0.812738	4.8127
10	13	0.25	0.325	0.0452651	-0.361708	21.7467
10	14	0.25	0.35	-0.247441	-0.647551	-4.24276
10	15	0.25	0.375	-0.0919804	-0.738873	24.9043
10	16	0.25	0.4	-0.122973	-0.341789	0.817729
10	17	0.25	0.425	-0.339384	-1.07714	12.378
10	18	0.25	0.45	-0.0262884	-0.266217	17.949
10	19	0.25	0.475	-0.567929	-1.00335	-6.4769
10	20	0.25	0.5	-0.11167	-0.541078	32.0112
10	21	0.25	0.525	-0.533201	-0.554098	-12.8066
10	22	0.25	0.55	-0.350994	-0.999641	28.2517
10	23	0.25	0.575	-0.278193	-0.164476	1.28848
10	24	0.25	0.6	-0.767036	-1.22116	5.887
10	25	0.25	0.625	-0.169573	-0.132249	24.8365
10	26	0.25	0.65	-1.16178	-0.90649	-17.5573
10	27	0.25	0.675	-0.247418	-0.432972	39.3194
10	28	0.25	0.7	-1.09068	-0.295398	-22.314
10	29	0.25	0.725	-0.45051	-0.861629	32.3926
10	30	0.25	0.75	-0.579784	0.157702	-4.91722
10	31	0.25	0.775	-1.11836	-0.974223	6.77541
10	32	0.25	0.8	-0.211127	0.260339	19.9933
10	33	0.25	0.825	-2.1579	-0.482438	-18.2135
10	34	0.25	0.85	0.0314076	0.137914	33.9481
10	35	0.25	0.875	-2.63874	0.324197	-23.7421
10	36	0.25	0.9	0.644132	-0.0588633	27.5227
10	37	0.25	0.925	-1.60581	0.786649	-9.07057
10	38	0.25	0.95	1.1126	0.00575863	9.02686
10	39	0.25	0.975	0.402379	0.540137	3.5611
10	40	0.25	1	1	0	0
11	0	0.275	0	0	0	10.1819
11	1	0.275	0.025	0.0312623	-0.0787948	10.1819
11	2	0.275	0.05	0.0247262	-0.0453945	11.9761
11	3	0.275	0.075	0.0825687	-0.125353	8.40723
11	4	0.275	0.1	0.000523399	-0.247044	12.0144
11	5	0.275	0.125	0.0934856	-0.106666	11.0887
11	6	0.275	0.15	0.000672215	-0.422604	6.94414
11	7	0.275	0.175	0.0303964	-0.223644	17.12
11	8	0.275	0.2	0.0472303	-0.389542	2.40666
11	9	0.275	0.225	-0.0732041	-0.529092	18.1671
11	10	0.275	0.25	0.0828219	-0.248493	6.69892
11	11	0.275	0.275	-0.134523	-0.802966	9.00366
11	12	0.275	0.3	0.00879139	-0.282945	18.7372
11	13	0.275	0.325	-0.110474	-0.754204	-2.85401
11	14	0.275	0.35	-0.17235	-0.61548	26.4716
11	15	0.275	0.375	-0.0299754	-0.442536	-3.02843
11	16	0.275	0.4	-0.331551	-1.04632	18.3374
11	17	0.275	0.425	-0.0379042	-0.25456	12.3484
11	18	0.275	0.45	-0.393578	-1.14577	-1.89522
11	19	0.275	0.475	-0.24755	-0.438096	30.7403
11	20	0.275	0.5	-0.335384	-0.763624	-14.8402
11	21	0.275	0.525	-0.511078	-0.927528	33.9223
11	22	0.275	0.55	-0.210714	-0.277949	-6.03939
11	23	0.275	0.575	-0.691315	-1.34129	14.0166
11	24	0.275	0.6	-0.268369	-0.106831	19.2984
11	25	0.275	0.625	-0.818376	-1.2192	-15.3052
11	26	0.275	0.65	-0.555887	-0.351561	42.0876
11	27	0.275	0.675	-0.788148	-0.612971	-29.5807
11	28	0.275	0.7	-0.783439	-0.89112	43.5715
11	29	0.275	0.725	-0.546918	0.0255211	-16.4431
11	30	0.275	0.75	-0.993918	-1.34178	16.8923
11	31	0.275	0.775	-0.448521	0.329504	16.2534
11	32	0.275	0.8	-1.49906	-1.18605	-23.2232
11	33	0.275	0.825	-0.589805	0.272501	47.9382
11	34	0.275	0.85	-2.0329	-0.433163	-50.6955
11	35	0.275	0.875	-0.317994	-0.0531781	60.6186
11	36	0.275	0.9	-1.80802	0.581958	-48.3124
11	37	0.275	0.925	0.595786	-0.558671	42.523
11	38	0.275	0.95	-0.328379	1.03651	-17.4614
11	39	0.275	0.975	1.03596	-0.272162	8.71146
11	40	0.275	1	1	0	0
12	0	0.3	0	0	0	10.9576
12	1	0.3	0.025	0.0259424	-0.0149289	10.9576
12	2	0.3	0.05	0.0893876	-0.0998802	9.71599
12	3	0.3	0.075	0.00863237	-0.150831	11.8251
12	4	0.3	0.1	0.127616	-0.113024	10.3968
12	5	0.3	0.125	0.0250516	-0.335475	9.09978
12	6	0.3	0.15	0.0452395	-0.181254	14.7119
12	7	0.3	0.175	0.11615	-0.387984	4.77165
12	8	0.3	0.2	-0.0986056	-0.410264	17.3664
12	9	0.3	0.225	0.169313	-0.301308	5.83464
12	10	0.3	0.25	-0.139934	-0.689303	12.1689
12	11	0.3	0.275	0.0518443	-0.284627	14.5724
12	12	0.3	0.3	-0.0242999	-0.756474	1.86695
12	13	0.3	0.325	-0.221826	-0.509437	23.252
12	14	0.3	0.35	0.105675	-0.549383	-1.92145
12	15	0.3	0.375	-0.414513	-0.896491	20.4926
12	16	0.3	0.4	0.0592307	-0.341767	7.83027
12	17	0.3	0.425	-0.347987	-1.10176	4.83778
12	18	0.3	0.45	-0.269948	-0.408046	24.3423
12	19	0.3	0.475	-0.153519	-0.880357	-9.58787
12	20	0.3	0.5	-0.684753	-0.783583	31.9068
12	21	0.3	0.525	-0.0421784	-0.457465	-7.5333
12	22	0.3	0.55	-0.810114	-1.21147	19.5593
12	23	0.3	0.575	-0.202146	-0.208338	11.6644
12	24	0.3	0.6	-0.648848	-1.26045	-6.08569
12	25	0.3	0.625	-0.708738	-0.310405	34.5165
12	26	0.3	0.65	-0.457754	-0.825402	-24.309
12	27	0.3	0.675	-1.1779	-0.735811	42.9424
12	28	0.3	0.7	-0.324308	-0.240103	-20.3272
12	29	0.3	0.725	-1.22756	-1.24419	25.7104
12	30	0.3	0.75	-0.429388	0.186784	5.72698
12	31	0.3	0.775	-1.12214	-1.37231	-11.7481
12	32	0.3	0.8	-0.959441	0.305002	40.7735
12	33	0.3	0.825	-1.20197	-0.934997	-47.8383
12	34	0.3	0.85	-1.35655	0.131526	67.4431
12	35	0.3	0.875	-1.16256	-0.125773	-64.2544
12	36	0.3	0.9	-0.788494	-0.426658	69.6503
12	37	0.3	0.925	-0.476156	0.876759	-47.1088
12	38	0.3	0.95	0.441875	-0.972582	33.5749
12	39	0.3	0.975	0.663241	0.887375	-6.56636
12	40	0.3	1	1	0	0
13	0	0.325	0	0	0	10.7633
13	1	0.325	0.025	0.0567788	-0.0433938	10.7633
13	2	0.325	0.05	0.0264765	-0.0931118	11.0141
13	3	0.325	0.075	0.147187	-0.100009	11.0292
13	4	0.325	0.1	0.0282674	-0.233366	9.76472
13	5	0.325	0.125	0.0968053	-0.181009	13.1514
13	6	0.325	0.15	0.136717	-0.317287	7.50648
13	7	0.325	0.175	-0.0806806	-0.348509	14.7053
13	8	0.325	0.2	0.244051	-0.317462	7.93002
13	9	0.325	0.225	-0.173294	-0.555929	11.9865
13	10	0.325	0.25	0.155048	-0.341572	12.8789
13	11	0.325	0.275	-0.0261778	-0.650693	5.84948
13	12	0.325	0.3	-0.173807	-0.501144	18.3915
13	13	0.325	0.325	0.191762	-0.566772	3.0066
13	14	0.325	0.35	-0.480411	-0.767838	17.3421
13	15	0.325	0.375	0.197406	-0.456821	8.4349
13	16	0.325	0.4	-0.418097	-0.939307	7.83392
13	17	0.325	0.425	-0.157924	-0.500968	18.7968
13	18	0.325	0.45	-0.0930877	-0.83425	-1.89842
13	19	0.325	0.475	-0.72958	-0.738127	24.3007
13	20	0.325	0.5	0.102555	-0.572909	-1.65328
13	21	0.325	0.525	-0.984659	-1.01958	17.1971
13	22	0.325	0.55	-0.0417021	-0.400273	9.75239
13	23	0.325	0.575	-0.696118	-1.08	0.662487
13	24	0.325	0.6	-0.639703	-0.430133	24.7089
13	25	0.325	0.625	-0.292563	-0.809543	-12.4216
13	26	0.325	0.65	-1.38543	-0.661498	31.5774
13	27	0.325	0.675	-0.115419	-0.426439	-12.1424
13	28	0.325	0.7	-1.58809	-0.969988	22.4875
13	29	0.325	0.725	-0.245142	-0.0994812	2.37332
13	30	0.325	0.75	-1.16815	-1.11091	-1.45285
13	31	0.325	0.775	-0.944383	0.103354	26.2283
13	32	0.325	0.8	-0.746182	-0.882185	-28.6176
13	33	0.325	0.825	-1.95597	0.142128	49.6223
13	34	0.325	0.85	-0.525674	-0.452829	-47.5956
13	35	0.325	0.875	-2.21674	-0.0541652	63.4517
13	36	0.325	0.9	-0.094738	0.201667	-50.9973
13	37	0.325	0.925	-1.06799	-0.696745	51.6271
13	38	0.325	0.95	0.559105	0.881929	-25.6487
13	39	0.325	0.975	0.585122	-0.635662	11.2134
13	40	0.325	1	1	0	0
14	0	0.35	0	0	0	10.9087
14	1	0.35	0.025	0.0390344	-0.0612556	10.9087
14	2	0.35	0.05	0.126022	-0.0486948	11.7233
14	3	0.35	0.075	0.0430201	-0.168724	9.4078
14	4	0.35	0.1	0.145067	-0.167725	13.2409
14	5	0.35	0.125	0.124695	-0.221631	8.6262
14	6	0.35	0.15	-0.00861778	-0.343423	12.7807
14	7	0.35	0.175	0.26394	-0.260556	10.7517
14	8	0.35	0.2	-0.162524	-0.486804	9.43039
14	9	0.35	0.225	0.249082	-0.371311	14.6262
14	10	0.35	0.25	-0.0694528	-0.520533	6.19453
14	11	0.35	0.275	-0.0439352	-0.57003	16.106
14	12	0.35	0.3	0.189956	-0.479838	7.42343
14	13	0.35	0.325	-0.436967	-0.759867	12.1054
14	14	0.35	0.35	0.28208	-0.498511	13.3393
14	15	0.35	0.375	-0.492365	-0.806674	5.07983
14	16	0.35	0.4	0.00592807	-0.648145	18.7404
14	17	0.35	0.425	-0.14568	-0.689074	2.01441
14	18	0.35	0.45	-0.603385	-0.855832	17.5523
14	19	0.35	0.475	0.137517	-0.55858	6.79019
14	20	0.35	0.5	-1.03985	-0.962616	8.90769
14	21	0.35	0.525	0.0738168	-0.562939	15.5061
14	22	0.35	0.55	-0.828389	-0.874819	-0.688876
14	23	0.35	0.575	-0.446211	-0.684796	21.1006
14	24	0.35	0.6	-0.315062	-0.64377	-3.52188
14	25	0.35	0.625	-1.30335	-0.815726	18.5885
14	26	0.35	0.65	-0.0670408	-0.449851	1.88715
14	27	0.35	0.675	-1.76802	-0.85278	8.7653
14	28	0.35	0.7	-0.131797	-0.363645	10.9353
14	29	0.35	0.725	-1.39663	-0.767934	-3.37953
14	30	0.35	0.75	-0.710966	-0.304248	19.7652
14	31	0.35	0.775	-0.71601	-0.541087	-13.0355
14	32	0.35	0.8	-1.9351	-0.207541	26.0678
14	33	0.35	0.825	-0.353236	-0.305382	-18.489
14	34	0.35	0.85	-2.933	-0.0542419	30.8134
14	35	0.35	0.875	0.0486271	-0.129229	-23.2459
14	36	0.35	0.9	-2.57967	-0.11231	33.5109
14	37	0.35	0.925	0.705869	0.248785	-22.3724
14	38	0.35	0.95	-0.643362	-0.490277	19.1092
14	39	0.35	0.975	0.995798	0.438126	-5.11497
14	40	0.35	1	1	0	0
15	0	0.375	0	0	0	11.4358
15	1	0.375	0.025	0.0722512	0.00119173	11.4358
15	2	0.375	0.05	0.0689662	-0.13974	9.5883
15	3	0.375	0.075	0.154238	-0.10648	13.7734
15	4	0.375	0.1	0.120974	-0.161683	8.24429
15	5	0.375	0.125	0.0751607	-0.331416	12.9265
15	6	0.375	0.15	0.242022	-0.166041	11.7941
15	7	0.375	0.175	-0.0825386	-0.489491	7.48531
15	8	0.375	0.2	0.282088	-0.318612	17.4968
15	9	0.375	0.225	-0.0745841	-0.456391	3.61152
15	10	0.375	0.25	0.0858099	-0.616651	17.8564
15	11	0.375	0.275	0.14411	-0.359829	7.91173
15	12	0.375	0.3	-0.287345	-0.850187	9.54915
15	13	0.375	0.325	0.279906	-0.431232	17.9914
15	14	0.375	0.35	-0.463382	-0.806613	-0.273041
15	15	0.375	0.375	0.109246	-0.72442	23.6374
15	16	0.375	0.4	-0.211692	-0.573274	-0.232561
15	17	0.375	0.425	-0.397946	-1.04766	16.8347
15	18	0.375	0.45	0.0854046	-0.454723	11.3833
15	19	0.375	0.475	-0.908681	-1.09627	1.45831
15	20	0.375	0.5	0.0691951	-0.604276	24.1017
15	21	0.375	0.525	-0.871958	-0.819856	-8.25076
15	22	0.375	0.55	-0.30818	-0.919473	25.8162
15	23	0.375	0.575	-0.406364	-0.486932	-3.04882
15	24	0.375	0.6	-1.04618	-1.12675	12.8726
15	25	0.375	0.625	-0.151267	-0.367006	12.1278
15	26	0.375	0.65	-1.6371	-1.00701	-5.44682
15	27	0.375	0.675	-0.213133	-0.487201	24.7913
15	28	0.375	0.7	-1.49067	-0.645888	-15.2122
15	29	0.375	0.725	-0.583342	-0.696411	25.9193
15	30	0.375	0.75	-0.850798	-0.260242	-10.8863
15	31	0.375	0.775	-1.55813	-0.767601	14.2552
15	32	0.375	0.8	-0.483515	-0.0505118	1.87773
15	33	0.375	0.825	-2.75398	-0.535894	-1.54799
15	34	0.375	0.85	-0.271115	-0.0738018	11.4737
15	35	0.375	0.875	-3.15837	-0.106587	-8.33501
15	36	0.375	0.9	0.424527	-0.198453	9.73519
15	37	0.375	0.925	-1.92115	0.123117	-3.30847
15	38	0.375	0.95	1.09402	-0.148139	1.28737
15	39	0.375	0.975	0.365204	-0.00993717	-0.0719008
15	40	0.375	1	1	0	0
16	0	0.4	0	0	0	10.8327
16	1	0.4	0.025	0.0662662	-0.0954602	10.8327
16	2	0.4	0.05	0.126036	-0.0263834	13.2501
16	3	0.4	0.075	0.138866	-0.149528	8.1009
16	4	0.4	0.1	0.122927	-0.259935	14.0552
16	5	0.4	0.125	0.224008	-0.10044	10.7439
16	6	0.4	0.15	0.0249153	-0.493959	8.07346
16	7	0.4	0.175	0.264962	-0.208343	18.4532
16	8	0.4	0.2	-0.00464343	-0.474899	1.37004
16	9	0.4	0.225	0.147155	-0.562878	21.2849
16	10	0.4	0.25	0.131358	-0.29515	4.84779
16	11	0.4	0.275	-0.122248	-0.921022	11.6697
16	12	0.4	0.3	0.239624	-0.309347	18.477
16	13	0.4	0.325	-0.31857	-0.915169	-3.08196
16	14	0.4	0.35	0.113651	-0.667372	28.7284
16	15	0.4	0.375	-0.191862	-0.575353	-5.6982
16	16	0.4	0.4	-0.252958	-1.15672	21.8775
16	17	0.4	0.425	0.0378549	-0.356705	9.48892
16	18	0.4	0.45	-0.677662	-1.30819	0.340207
16	19	0.4	0.475	-0.00809057	-0.532895	28.9368
16	20	0.4	0.5	-0.752818	-0.943258	-15.3019
16	21	0.4	0.525	-0.32218	-1.00171	33.9067
16	22	0.4	0.55	-0.428656	-0.4542	-9.07692
16	23	0.4	0.575	-0.837536	-1.39121	16.322
16	24	0.4	0.6	-0.243432	-0.277905	13.5672
16	25	0.4	0.625	-1.31973	-1.29434	-11.3939
16	26	0.4	0.65	-0.406853	-0.477017	34.1969
16	27	0.4	0.675	-1.32742	-0.776664	-26.6651
16	28	0.4	0.7	-0.716608	-0.884455	37.1881
16	29	0.4	0.725	-0.891098	-0.207338	-18.5574
16	30	0.4	0.75	-1.28219	-1.20412	17.1739
16	31	0.4	0.775	-0.639107	0.094134	6.33022
16	32	0.4	0.8	-2.13718	-1.11144	-15.3939
16	33	0.4	0.825	-0.7159	0.0616245	31.7945
16	34	0.4	0.85	-2.73341	-0.627723	-40.6378
16	35	0.4	0.875	-0.392284	-0.224875	44.1607
16	36	0.4	0.9	-2.3152	0.0943529	-43.1863
16	37	0.4	0.925	0.599837	-0.700415	32.5987
16	38	0.4	0.95	-0.489386	0.497191	-19.8603
16	39	0.4	0.975	1.0716	-0.60449	4.65749
16	40	0.4	1	1	0	0
17	0	0.425	0	0	0	11.8383
17	1	0.425	0.025	0.079298	0.0130953	11.8383
17	2	0.425	0.05	0.145585	-0.137777	9.30755
17	3	0.425	0.075	0.128196	-0.1471	14.2313
17	4	0.425	0.1	0.233607	-0.0921881	9.43118
17	5	0.425	0.125	0.0998432	-0.430972	10.3379
17	6	0.425	0.15	0.248824	-0.113769	16.6882
17	7	0.425	0.175	0.103605	-0.507873	1.99598
17	8	0.425	0.2	0.145317	-0.424703	22.8123
17	9	0.425	0.225	0.19142	-0.314833	1.65106
17	10	0.425	0.25	-0.0305083	-0.873705	16.1826
17	11	0.425	0.275	0.237273	-0.221378	14.7962
17	12	0.425	0.3	-0.144152	-1.00991	-0.821688
17	13	0.425	0.325	0.0769567	-0.523594	29.5866
17	14	0.425	0.35	-0.0665787	-0.677533	-9.10177
17	15	0.425	0.375	-0.22965	-1.10096	27.7709
17	16	0.425	0.4	0.0731766	-0.340283	3.82175
17	17	0.425	0.425	-0.498758	-1.42958	5.49265
17	18	0.425	0.45	-0.0518214	-0.430313	27.1909
17	19	0.425	0.475	-0.537983	-1.12823	-16.3807
17	20	0.425	0.5	-0.431235	-0.93038	38.5531
17	21	0.425	0.525	-0.327021	-0.551126	-15.0884
17	22	0.425	0.55	-0.813124	-1.46544	23.6573
17	23	0.425	0.575	-0.24072	-0.26015	8.41684
17	24	0.425	0.6	-1.04919	-1.50005	-7.99861
17	25	0.425	0.625	-0.551806	-0.417457	34.6528
17	26	0.425	0.65	-1.02076	-0.981058	-29.7825
17	27	0.425	0.675	-1.00029	-0.87584	43.4989
17	28	0.425	0.7	-0.754214	-0.337984	-25.658
17	29	0.425	0.725	-1.33371	-1.33234	25.4126
17	30	0.425	0.75	-0.654096	0.0718781	0.56094
17	31	0.425	0.775	-1.65332	-1.40897	-11.9162
17	32	0.425	0.8	-1.00378	0.128187	33.4466
17	33	0.425	0.825	-1.94782	-1.05946	-47.5529
17	34	0.425	0.85	-1.26262	-0.090546	58.2513
17	35	0.425	0.875	-1.82505	-0.433334	-65.406
17	36	0.425	0.9	-0.6386	-0.661511	62.1251
17	37	0.425	0.925	-0.81063	0.436177	-51.1661
17	38	0.425	0.95	0.550046	-1.26593	29.9017
17	39	0.425	0.975	0.647607	0.42912	-11.8302
17	40	0.425	1	1	0	0
18	0	0.45	0	0	0	11.0352
18	1	0.45	0.025	0.100405	-0.0823551	11.0352
18	2	0.45	0.05	0.115199	-0.0567694	13.0191
18	3	0.45	0.075	0.245163	-0.104149	9.53864
18	4	0.45	0.1	0.125017	-0.305994	11.9761
18	5	0.45	0.125	0.266681	-0.0815451	14.0243
18	6	0.45	0.15	0.182303	-0.475549	5.00124
18	7	0.45	0.175	0.13998	-0.286194	21.0723
18	8	0.45	0.2	0.292135	-0.364097	1.39576
18	9	0.45	0.225	-0.0194532	-0.717007	19.0395
18	10	0.45	0.25	0.30905	-0.214122	10.4105
18	11	0.45	0.275	-0.0407063	-0.984424	4.48483
18	12	0.45	0.3	0.0880292	-0.394903	25.7997
18	13	0.45	0.325	0.092388	-0.774377	-7.48117
18	14	0.45	0.35	-0.269713	-0.93176	29.5986
18	15	0.45	0.375	0.199449	-0.406439	-0.330688
18	16	0.45	0.4	-0.456362	-1.3783	12.0338
18	17	0.45	0.425	0.0113928	-0.38228	21.4439
18	18	0.45	0.45	-0.36143	-1.22719	-11.437
18	19	0.45	0.475	-0.499387	-0.807781	36.7936
18	20	0.45	0.5	-0.153545	-0.683663	-15.7894
18	21	0.45	0.525	-0.929804	-1.37015	27.8334
18	22	0.45	0.55	-0.126997	-0.331357	3.1686
18	23	0.45	0.575	-0.972893	-1.5164	-0.990518
18	24	0.45	0.6	-0.54158	-0.403948	28.9606
18	25	0.45	0.625	-0.764144	-1.08092	-24.5669
18	26	0.45	0.65	-1.2191	-0.809906	40.9247
18	27	0.45	0.675	-0.538821	-0.489898	-24.8983
18	28	0.45	0.7	-1.60581	-1.24011	28.1866
18	29	0.45	0.725	-0.523183	-0.0816282	-4.33923
18	30	0.45	0.75	-1.55233	-1.36201	-3.68327
18	31	0.45	0.775	-1.0202	0.0489522	25.0018
18	32	0.45	0.8	-1.38622	-1.09984	-36.7937
18	33	0.45	0.825	-1.80672	-0.0474552	50.4732
18	34	0.45	0.85	-1.16615	-0.710073	-58.2545
18	35	0.45	0.875	-1.94388	-0.366626	64.4867
18	36	0.45	0.9	-0.546731	-0.110746	-61.3425
18	37	0.45	0.925	-0.836377	-1.11172	51.8443
18	38	0.45	0.95	0.426235	0.538763	-32.7426
18	39	0.45	0.975	0.652868	-1.12026	8.1943
18	40	0.45	1	1	0	0
19	0	0.475	0	0	0	11.772
19	1	0.475	0.025	0.0873113	-0.021404	11.772
19	2	0.475	0.05	0.213962	-0.0827858	10.7468
19	3	0.475	0.075	0.128694	-0.185412	11.9321
19	4	0.475	0.1	0.298856	-0.0876789	12.6421
19	5	0.475	0.125	0.203161	-0.369597	7.8622
19	6	0.475	0.15	0.178002	-0.213285	17.7991
19	7	0.475	0.175	0.363457	-0.361676	4.04405
19	8	0.475	0.2	-0.0217212	-0.545692	18.2901
19	9	0.475	0.225	0.420402	-0.251853	8.8317
19	10	0.475	0.25	-0.0309081	-0.840897	8.5534
19	11	0.475	0.275	0.188101	-0.349368	20.8183
19	12	0.475	0.3	0.189038	-0.768835	-2.48485
19	13	0.475	0.325	-0.261314	-0.772238	26.5302
19	14	0.475	0.35	0.350259	-0.478656	0.271374
19	15	0.475	0.375	-0.504706	-1.21261	14.8045
19	16	0.475	0.4	0.171244	-0.413919	16.9731
19	17	0.475	0.425	-0.30971	-1.17995	-5.1149
19	18	0.475	0.45	-0.427395	-0.745427	31.2146
19	19	0.475	0.475	-0.00902722	-0.743213	-11.1388
19	20	0.475	0.5	-1.02947	-1.24103	25.8443
19	21	0.475	0.525	0.0282131	-0.433907	2.96892
19	22	0.475	0.55	-1.06414	-1.39718	2.65933
19	23	0.475	0.575	-0.388054	-0.48071	23.8141
19	24	0.475	0.6	-0.670784	-1.03063	-17.0847
19	25	0.475	0.625	-1.22473	-0.823004	33.2163
19	26	0.475	0.65	-0.3822	-0.541012	-17.1518
19	27	0.475	0.675	-1.83633	-1.14393	22.1727
19	28	0.475	0.7	-0.376832	-0.255318	-1.34827
19	29	0.475	0.725	-1.72213	-1.16051	-1.99972
19	30	0.475	0.75	-0.837771	-0.178638	18.9474
19	31	0.475	0.775	-1.21841	-0.870123	-24.3301
19	32	0.475	0.8	-1.87263	-0.243137	34.0586
19	33	0.475	0.825	-0.83426	-0.576111	-36.3006
19	34	0.475	0.85	-2.71758	-0.306689	41.9847
19	35	0.475	0.875	-0.324069	-0.385016	-41.5607
19	36	0.475	0.9	-2.32205	-0.578114	42.5534
19	37	0.475	0.925	0.481245	0.0187135	-35.6009
19	38	0.475	0.95	-0.503889	-1.06502	20.9514
19	39	0.475	0.975	0.962025	0.106753	-11.0754
19	40	0.475	1	1	0	0
20	0	0.5	0	0	0	11.5243
20	1	0.5	0.025	0.126156	-0.0302665	11.5243
20	2	0.5	0.05	0.131253	-0.115969	11.2795
20	3	0.5	0.075	0.297015	-0.0734662	12.7493
20	4	0.5	0.1	0.195236	-0.25323	8.94807
20	5	0.5	0.125	0.24663	-0.193296	15.5965
20	6	0.5	0.15	0.36965	-0.285818	7.00148
20	7	0.5	0.175	0.028472	-0.442619	15.5072
20	8	0.5	0.2	0.498591	-0.255049	10.4372
20	9	0.5	0.225	-0.0479571	-0.675331	8.955
20	10	0.5	0.25	0.336177	-0.363708	18.4917
20	11	0.5	0.275	0.19178	-0.658041	1.61811
20	12	0.5	0.3	-0.140953	-0.707057	21.9969
20	13	0.5	0.325	0.442599	-0.473186	4.25348
20	14	0.5	0.35	-0.518534	-1.06524	12.6939
20	15	0.5	0.375	0.344881	-0.46624	17.1206
20	16	0.5	0.4	-0.355523	-1.04689	-2.40683
20	17	0.5	0.425	-0.226334	-0.778447	27.146
20	18	0.5	0.45	0.0441674	-0.693954	-5.59158
20	19	0.5	0.475	-0.975905	-1.20446	20.4586
20	20	0.5	0.5	0.138399	-0.483177	7.67625
20	21	0.5	0.525	-1.16831	-1.28718	0.25003
20	22	0.5	0.55	-0.204807	-0.602045	24.1211
20	23	0.5	0.575	-0.717679	-0.906899	-13.7598
20	24	0.5	0.6	-1.03131	-0.953277	27.48
20	25	0.5	0.625	-0.334892	-0.483722	-8.77098
20	26	0.5	0.65	-1.83262	-1.19073	12.2795
20	27	0.5	0.675	-0.329776	-0.347452	7.85589
20	28	0.5	0.7	-1.88339	-1.04144	-9.12128
20	29	0.5	0.725	-0.672324	-0.438195	21.9036
20	30	0.5	0.75	-1.29452	-0.621918	-20.7639
20	31	0.5	0.775	-1.60008	-0.619529	23.8041
20	32	0.5	0.8	-0.811511	-0.305119	-18.0936
20	33	0.5	0.825	-2.75102	-0.638875	15.0241
20	34	0.5	0.85	-0.462779	-0.291404	-11.205
20	35	0.5	0.875	-3.09796	-0.460035	8.09546
20	36	0.5	0.9	0.306354	-0.374118	-10.0693
20	37	0.5	0.925	-1.83609	-0.4722	6.00756
20	38	0.5	0.95	1.02387	-0.273647	-9.27234
20	39	0.5	0.975	0.393376	-0.60029	-2.04224
20	40	0.5	1	1	0	0
21	0	0.525	0	0	0	11.4202
21	1	0.525	0.025	0.105447	-0.0738525	11.4202
21	2	0.525	0.05	0.237997	-0.0232991	12.8334
21	3	0.525	0.075	0.19401	-0.183908	9.00117
21	4	0.525	0.1	0.292263	-0.161804	15.1615
21	5	0.525	0.125	0.33785	-0.190726	8.16568
21	6	0.525	0.15	0.129551	-0.402953	13.6467
21	7	0.525	0.175	0.504539	-0.188334	12.6201
21	8	0.525	0.2	-0.0108259	-0.578267	7.04682
21	9	0.525	0.225	0.448297	-0.352719	19.5122
21	10	0.525	0.25	0.1571	-0.526792	2.12085
21	11	0.525	0.275	0.0514925	-0.712111	20.132
21	12	0.525	0.3	0.450923	-0.378935	7.40013
21	13	0.525	0.325	-0.408766	-1.02282	9.11522
21	14	0.525	0.35	0.450065	-0.453235	20.5705
21	15	0.525	0.375	-0.386969	-0.946994	-4.43234
21	16	0.525	0.4	-0.00419248	-0.838955	27.9089
21	17	0.525	0.425	0.0265173	-0.588734	-3.81972
21	18	0.525	0.45	-0.762027	-1.28066	17.1497
21	19	0.525	0.475	0.177199	-0.442761	12.782
21	20	0.525	0.5	-1.13734	-1.2969	-5.15764
21	21	0.525	0.525	-0.102889	-0.674626	29.3013
21	22	0.525	0.55	-0.784766	-0.829117	-16.5342
21	23	0.525	0.575	-0.795723	-1.12349	28.1893
21	24	0.525	0.6	-0.354912	-0.386197	-5.53973
21	25	0.525	0.625	-1.60461	-1.36929	5.99772
21	26	0.525	0.65	-0.372717	-0.337784	16.4875
21	27	0.525	0.675	-1.83602	-1.10305	-19.016
21	28	0.525	0.7	-0.677621	-0.593442	30.931
21	29	0.525	0.725	-1.37071	-0.526245	-26.3809
21	30	0.525	0.75	-1.33113	-0.964991	25.174
21	31	0.525	0.775	-0.891698	-0.107803	-12.2838
21	32	0.525	0.8	-2.31458	-1.11614	0.731149
21	33	0.525	0.825	-0.7503	-0.104502	9.6978
21	34	0.525	0.85	-2.97135	-0.85438	-24.0277
21	35	0.525	0.875	-0.300943	-0.394985	22.9007
21	36	0.525	0.9	-2.48746	-0.336862	-30.6374
21	37	0.525	0.925	0.692079	-0.796326	16.8067
21	38	0.525	0.95	-0.541238	-0.0840658	-16.6548
21	39	0.525	0.975	1.08864	-0.808758	-1.35865
21	40	0.525	1	1	0	0
22	0	0.55	0	0	0	11.992
22	1	0.55	0.025	0.136491	0.0155997	11.992
22	2	0.55	0.05	0.188833	-0.150278	9.66951
22	3	0.55	0.075	0.280856	-0.0877915	15.0265
22	4	0.55	0.1	0.313437	-0.139626	7.94221
22	5	0.55	0.125	0.222353	-0.355101	13.8565
22	6	0.55	0.15	0.464332	-0.0947601	12.8926
22	7	0.55	0.175	0.0934781	-0.550042	6.03867
22	8	0.55	0.2	0.478914	-0.265483	21.2242
22	9	0.55	0.225	0.16707	-0.461458	0.167117
22	10	0.55	0.25	0.214856	-0.687212	21.8647
22	11	0.55	0.275	0.423254	-0.262858	6.85023
22	12	0.55	0.3	-0.201944	-1.05211	8.41959
22	13	0.55	0.325	0.475735	-0.348066	23.0384
22	14	0.55	0.35	-0.309745	-0.952074	-7.83985
22	15	0.55	0.375	0.134907	-0.822597	32.0745
22	16	0.55	0.4	0.0177419	-0.517964	-6.77219
22	17	0.55	0.425	-0.506892	-1.37665	19.1605
22	18	0.55	0.45	0.187817	-0.345555	13.819
22	19	0.55	0.475	-0.949079	-1.41846	-8.08266
22	20	0.55	0.5	-0.0905771	-0.646711	34.5833
22	21	0.55	0.525	-0.753925	-0.866821	-22.0094
22	22	0.55	0.55	-0.675837	-1.21827	34.012
22	23	0.55	0.575	-0.36113	-0.330823	-8.47492
22	24	0.55	0.6	-1.33164	-1.55836	7.06011
22	25	0.55	0.625	-0.416675	-0.272925	19.2604
22	26	0.55	0.65	-1.59202	-1.27067	-24.2376
22	27	0.55	0.675	-0.816329	-0.611871	38.4648
22	28	0.55	0.7	-1.29161	-0.599421	-33.9661
22	29	0.55	0.725	-1.30955	-1.1162	32.9423
22	30	0.55	0.75	-0.91188	-0.0594712	-16.4777
22	31	0.55	0.775	-1.88541	-1.4276	1.66709
22	32	0.55	0.8	-0.94589	0.0328022	14.7506
22	33	0.55	0.825	-2.36697	-1.2879	-36.2952
22	34	0.55	0.85	-0.98409	-0.244642	41.5187
22	35	0.55	0.875	-2.27139	-0.750342	-58.4574
22	36	0.55	0.9	-0.27903	-0.841486	48.0864
22	37	0.55	0.925	-1.07655	0.0163556	-48.1173
22	38	0.55	0.95	0.76558	-1.40293	21.6029
22	39	0.55	0.975	0.614705	-0.0654722	-14.6263
22	40	0.55	1	1	0	0
23	0	0.575	0	0	0	11.1737
23	1	0.575	0.025	0.133448	-0.0967828	11.1737
23	2	0.575	0.05	0.223284	-0.00983614	13.8351
23	3	0.575	0.075	0.30077	-0.134625	8.1783
23	4	0.575	0.1	0.259113	-0.253631	14.7151
23	5	0.575	0.125	0.428397	-0.0419469	11.3487
23	6	0.575	0.15	0.205075	-0.514404	7.49971
23	7	0.575	0.175	0.455264	-0.137059	20.773
23	8	0.575	0.2	0.245647	-0.467637	-0.881181
23	9	0.575	0.225	0.287163	-0.565959	24.4411
23	10	0.575	0.25	0.429093	-0.203905	3.57441
23	11	0.575	0.275	-0.00763304	-1.03964	11.7535
23	12	0.575	0.3	0.477559	-0.203552	21.5081
23	13	0.575	0.325	-0.133267	-1.02316	-8.22348
23	14	0.575	0.35	0.182803	-0.688942	35.1792
23	15	0.575	0.375	0.0875533	-0.533995	-11.1987
23	16	0.575	0.4	-0.339602	-1.37326	24.907
23	17	0.575	0.425	0.235169	-0.258388	10.0542
23	18	0.575	0.45	-0.712799	-1.54614	-5.54111
23	19	0.575	0.475	-0.0828869	-0.541605	35.646
23	20	0.575	0.5	-0.603359	-0.987025	-24.983
23	21	0.575	0.525	-0.69015	-1.19006	39.7433
23	22	0.575	0.55	-0.291548	-0.359682	-13.7312
23	23	0.575	0.575	-1.19993	-1.64359	13.133
23	24	0.575	0.6	-0.379588	-0.223346	16.1203
23	25	0.575	0.625	-1.32224	-1.40669	-22.2402
23	26	0.575	0.65	-0.934192	-0.562302	39.639
23	27	0.575	0.675	-1.077	-0.728296	-36.2908
23	28	0.575	0.7	-1.50813	-1.09328	38.1354
23	29	0.575	0.725	-0.807917	-0.146884	-21.8854
23	30	0.575	0.75	-1.77463	-1.4588	9.04105
23	31	0.575	0.775	-0.949356	0.0528656	9.27647
23	32	0.575	0.8	-1.82498	-1.41947	-31.0121
23	33	0.575	0.825	-1.42112	-0.115883	40.8856
23	34	0.575	0.85	-1.67195	-1.07506	-61.1528
23	35	0.575	0.875	-1.39151	-0.585569	59.7847
23	36	0.575	0.9	-0.975556	-0.413248	-67.1392
23	37	0.575	0.925	-0.345096	-1.42521	48.2062
23	38	0.575	0.95	0.259205	0.216132	-36.7972
23	39	0.575	0.975	0.792862	-1.47816	4.50169
23	40	0.575	1	1	0	0
24	0	0.6	0	0	0	12.0959
24	1	0.6	0.025	0.137269	0.0182808	12.0959
24	2	0.6	0.05	0.259962	-0.122565	9.64421
24	3	0.6	0.075	0.244795	-0.130374	14.4244
24	4	0.6	0.1	0.411274	-0.0474687	9.99198
24	5	0.6	0.125	0.263516	-0.413746	10.1014
24	6	0.6	0.15	0.433639	-0.0429924	17.9502
24	7	0.6	0.175	0.339391	-0.4724	0.949834
24	8	0.6	0.2	0.294023	-0.381243	24.6118
24	9	0.6	0.225	0.490489	-0.218768	1.01398
24	10	0.6	0.25	0.0935378	-0.908569	16.33
24	11	0.6	0.275	0.516338	-0.0990334	16.801
24	12	0.6	0.3	0.0433211	-1.05016	-4.22721
24	13	0.6	0.325	0.214729	-0.489834	34.0231
24	14	0.6	0.35	0.23116	-0.604138	-12.8454
24	15	0.6	0.375	-0.280233	-1.22905	29.8052
24	16	0.6	0.4	0.352528	-0.226537	4.66715
24	17	0.6	0.425	-0.560288	-1.57239	0.763582
24	18	0.6	0.45	0.00944031	-0.422258	32.1011
24	19	0.6	0.475	-0.416498	-1.09242	-23.1068
24	20	0.6	0.5	-0.716462	-1.08325	41.2787
24	21	0.6	0.525	-0.149956	-0.436407	-16.4044
24	22	0.6	0.55	-1.2444	-1.61148	18.5648
24	23	0.6	0.575	-0.242206	-0.234894	11.5386
24	24	0.6	0.6	-1.2002	-1.43437	-16.5173
24	25	0.6	0.625	-0.895427	-0.53809	35.6602
24	26	0.6	0.65	-0.861358	-0.788369	-32.1973
24	27	0.6	0.675	-1.70948	-1.04485	36.2177
24	28	0.6	0.7	-0.639934	-0.272428	-21.1452
24	29	0.6	0.725	-1.96654	-1.33086	12.1036
24	30	0.6	0.75	-0.788274	-0.0704651	4.0424
24	31	0.6	0.775	-1.64228	-1.25927	-21.09
24	32	0.6	0.8	-1.48775	-0.161044	29.8986
24	33	0.6	0.825	-1.21429	-1.00994	-46.3772
24	34	0.6	0.85	-2.14679	-0.414018	48.0905
24	35	0.6	0.875	-0.650089	-0.715213	-58.5039
24	36	0.6	0.9	-1.72396	-0.95792	51.4077
24	37	0.6	0.925	0.229226	-0.167071	-48.9511
24	38	0.6	0.95	-0.15967	-1.58362	23.4391
24	39	0.6	0.975	0.902541	-0.168405	-16.5342
24	40	0.6	1	1	0	0
25	0	0.625	0	0	0	11.2554
25	1	0.625	0.025	0.158011	-0.0688497	11.2554
25	2	0.625	0.05	0.20595	-0.0469388	12.9884
25	3	0.625	0.075	0.379456	-0.0660113	10.1358
25	4	0.625	0.1	0.265987	-0.271963	11.6483
25	5	0.625	0.125	0.435464	-0.0181366	14.8628
25	6	0.625	0.15	0.382642	-0.410958	4.54368
25	7	0.625	0.175	0.301533	-0.22102	21.8341
25	8	0.625	0.2	0.560315	-0.248986	1.50702
25	9	0.625	0.225	0.119422	-0.690532	18.5625
25	10	0.625	0.25	0.60051	-0.0683052	12.3606
25	11	0.625	0.275	0.133502	-0.958196	1.57045
25	12	0.625	0.3	0.302161	-0.313537	29.2941
25	13	0.625	0.325	0.370722	-0.641947	-10.2931
25	14	0.625	0.35	-0.237253	-1.00231	30.5902
25	15	0.625	0.375	0.512676	-0.232273	1.58715
25	16	0.625	0.4	-0.521633	-1.47152	6.48332
25	17	0.625	0.425	0.202644	-0.334663	27.1976
25	18	0.625	0.45	-0.299703	-1.11218	-18.4063
25	19	0.625	0.475	-0.614417	-0.969724	38.9218
25	20	0.625	0.5	0.002252	-0.477118	-15.0286
25	21	0.625	0.525	-1.32434	-1.54358	19.6825
25	22	0.625	0.55	-0.0620842	-0.28091	10.2346
25	23	0.625	0.575	-1.26427	-1.38759	-12.913
25	24	0.625	0.6	-0.683276	-0.581513	32.0103
25	25	0.625	0.625	-0.762033	-0.743811	-26.5268
25	26	0.625	0.65	-1.69931	-1.09673	30.1291
25	27	0.625	0.675	-0.513673	-0.324668	-14.3236
25	28	0.625	0.7	-2.20226	-1.26713	6.74793
25	29	0.625	0.725	-0.609466	-0.253996	6.7336
25	30	0.625	0.75	-1.78469	-1.02424	-18.3307
25	31	0.625	0.775	-1.25555	-0.413935	22.11
25	32	0.625	0.8	-1.09096	-0.717841	-30.9207
25	33	0.625	0.825	-2.31525	-0.586684	27.1609
25	34	0.625	0.85	-0.54541	-0.628658	-33.7926
25	35	0.625	0.875	-2.66947	-0.686213	27.6629
25	36	0.625	0.9	0.231643	-0.55517	-33.7436
25	37	0.625	0.925	-1.48157	-1.05312	20.6255
25	38	0.625	0.95	0.92187	-0.300682	-22.1705
25	39	0.625	0.975	0.485865	-1.19123	-2.00763
25	40	0.625	1	1	0	0
26	0	0.65	0	0	0	11.7989
26	1	0.65	0.025	0.138051	-0.0180904	11.7989
26	2	0.65	0.05	0.297159	-0.052275	11.099
26	3	0.65	0.075	0.245995	-0.155665	11.6131
26	4	0.65	0.1	0.43048	-0.0280488	13.2934
26	5	0.65	0.125	0.366262	-0.295988	7.46121
26	6	0.65	0.15	0.339738	-0.136812	18.2388
26	7	0.65	0.175	0.576074	-0.229947	4.26283
26	8	0.65	0.2	0.145001	-0.482305	17.5403
26	9	0.65	0.225	0.677637	-0.0726486	10.742
26	10	0.65	0.25	0.145472	-0.77327	5.57533
26	11	0.65	0.275	0.442831	-0.207079	24.3456
26	12	0.65	0.3	0.431522	-0.591647	-5.76754
26	13	0.65	0.325	-0.114466	-0.783897	27.9144
26	14	0.65	0.35	0.646566	-0.214921	1.9341
26	15	0.65	0.375	-0.500994	-1.30286	8.79874
26	16	0.65	0.4	0.427754	-0.26653	24.4033
26	17	0.65	0.425	-0.282723	-1.05401	-14.7439
26	18	0.65	0.45	-0.354092	-0.877149	36.3326
26	19	0.65	0.475	0.105627	-0.433771	-12.4097
26	20	0.65	0.5	-1.25472	-1.51691	17.9416
26	21	0.65	0.525	0.0835306	-0.278503	12.6813
26	22	0.65	0.55	-1.38163	-1.37127	-14.272
26	23	0.65	0.575	-0.419555	-0.641082	33.3059
26	24	0.65	0.6	-0.800393	-0.654916	-25.2597
26	25	0.65	0.625	-1.43488	-1.24811	26.9232
26	26	0.65	0.65	-0.465752	-0.263062	-7.6896
26	27	0.65	0.675	-2.21431	-1.39474	-2.2165
26	28	0.65	0.7	-0.546707	-0.35565	16.0752
26	29	0.65	0.725	-1.99734	-0.941134	-25.7296
26	30	0.65	0.75	-0.985005	-0.716424	25.4363
26	31	0.65	0.775	-1.20238	-0.44669	-26.5663
26	32	0.65	0.8	-1.9985	-1.0324	14.4028
26	33	0.65	0.825	-0.677368	-0.376635	-12.9108
26	34	0.65	0.85	-2.84588	-0.948219	-2.82793
26	35	0.65	0.875	-0.0868787	-0.607306	-3.52138
26	36	0.65	0.9	-2.41098	-0.705917	-8.91157
26	37	0.65	0.925	0.813143	-0.803838	-5.22824
26	38	0.65	0.95	-0.488668	-0.732315	-7.36185
26	39	0.65	0.975	1.08966	-0.856932	-8.60886
26	40	0.65	1	1	0	0
27	0	0.675	0	0	0	11.5497
27	1	0.675	0.025	0.164946	-0.0160968	11.5497
27	2	0.675	0.05	0.214374	-0.094045	11.2045
27	3	0.675	0.075	0.380006	-0.0220236	12.9865
27	4	0.675	0.1	0.328214	-0.191092	8.69919
27	5	0.675	0.125	0.378781	-0.103977	15.945
27	6	0.675	0.15	0.527814	-0.161517	6.83452
27	7	0.675	0.175	0.210815	-0.346936	15.2728
27	8	0.675	0.2	0.68866	-0.0534956	11.4479
27	9	0.675	0.225	0.155486	-0.584692	6.65454
27	10	0.675	0.25	0.566078	-0.144312	21.6919
27	11	0.675	0.275	0.416156	-0.476134	-2.41844
27	12	0.675	0.3	0.0868129	-0.616899	24.9433
27	13	0.675	0.325	0.701967	-0.141749	3.56974
27	14	0.675	0.35	-0.383005	-1.1373	8.72498
27	15	0.675	0.375	0.593975	-0.166024	24.0682
27	16	0.675	0.4	-0.283797	-0.98012	-13.8621
27	17	0.675	0.425	-0.0445413	-0.766243	36.4466
27	18	0.675	0.45	0.150258	-0.337313	-12.2725
27	19	0.675	0.475	-0.979584	-1.51572	17.9605
27	20	0.675	0.5	0.176497	-0.172514	14.9192
27	21	0.675	0.525	-1.35526	-1.45162	-17.7109
27	22	0.675	0.55	-0.249756	-0.610213	38.77
27	23	0.675	0.575	-0.884177	-0.627437	-30.2135
27	24	0.675	0.6	-1.08717	-1.37262	31.3119
27	25	0.675	0.625	-0.463694	-0.12605	-7.57161
27	26	0.675	0.65	-1.93805	-1.64834	-6.14586
27	27	0.675	0.675	-0.583951	-0.297313	24.2792
27	28	0.675	0.7	-2.01693	-1.08701	-36.767
27	29	0.675	0.725	-0.916071	-0.852043	36.9374
27	30	0.675	0.75	-1.34934	-0.344329	-34.4579
27	31	0.675	0.775	-1.58226	-1.44099	17.3857
27	32	0.675	0.8	-0.848717	-0.142091	-7.04799
27	33	0.675	0.825	-2.42561	-1.48985	-19.1854
27	34	0.675	0.85	-0.579174	-0.451221	19.6129
27	35	0.675	0.875	-2.55061	-0.988039	-42.0649
27	36	0.675	0.9	0.196739	-0.98791	26.1972
27	37	0.675	0.925	-1.27376	-0.422457	-35.5775
27	38	0.675	0.95	1.01102	-1.34827	8.18094
27	39	0.675	0.975	0.586924	-0.597758	-14.4439
27	40	0.675	1	1	0	0
28	0	0.7	0	0	0	11.4016
28	1	0.7	0.025	0.142566	-0.0555058	11.4016
28	2	0.7	0.05	0.280725	0.00434014	12.6241
28	3	0.7	0.075	0.292398	-0.13373	9.20336
28	4	0.7	0.1	0.374441	-0.0699381	15.0408
28	5	0.7	0.125	0.456313	-0.0960253	7.93999
28	6	0.7	0.15	0.287026	-0.26775	14.0004
28	7	0.7	0.175	0.628761	-0.00192985	12.2096
28	8	0.7	0.2	0.211277	-0.452965	6.55658
28	9	0.7	0.225	0.607171	-0.0740273	20.912
28	10	0.7	0.25	0.391901	-0.363448	-1.16734
28	11	0.7	0.275	0.273628	-0.476129	23.7902
28	12	0.7	0.3	0.687531	-0.043579	3.93296
28	13	0.7	0.325	-0.162711	-0.987365	9.28394
28	14	0.7	0.35	0.667324	-0.0136966	23.6135
28	15	0.7	0.375	-0.192089	-0.931206	-13.7494
28	16	0.7	0.4	0.17482	-0.578212	38.3222
28	17	0.7	0.425	0.18957	-0.265488	-15.2463
28	18	0.7	0.45	-0.630128	-1.44131	22.4018
28	19	0.7	0.475	0.258201	0.00930975	12.8612
28	20	0.7	0.5	-1.11098	-1.56932	-17.4151
28	21	0.7	0.525	-0.189729	-0.43235	42.8377
28	22	0.7	0.55	-0.854554	-0.719447	-36.9938
28	23	0.7	0.575	-0.891458	-1.32055	41.0509
28	24	0.7	0.6	-0.445372	-0.00817688	-14.9891
28	25	0.7	0.625	-1.56235	-1.83506	-0.171071
28	26	0.7	0.65	-0.606881	-0.103977	24.4512
28	27	0.7	0.675	-1.76241	-1.34005	-41.6993
28	28	0.7	0.7	-1.05219	-0.739707	46.7747
28	29	0.7	0.725	-1.34347	-0.436559	-46.2724
28	30	0.7	0.75	-1.44096	-1.54425	30.619
28	31	0.7	0.775	-0.921173	0.002033	-15.2766
28	32	0.7	0.8	-1.87972	-1.87453	-15.6274
28	33	0.7	0.825	-0.934993	-0.224675	24.6671
28	34	0.7	0.85	-2.10387	-1.49226	-56.3985
28	35	0.7	0.875	-0.67692	-0.832907	48.1525
28	36	0.7	0.9	-1.45272	-0.695298	-64.6976
28	37	0.7	0.925	0.292297	-1.63316	37.4983
28	38	0.7	0.95	0.0665549	-0.151613	-35.4344
28	39	0.7	0.975	0.964625	-1.65351	-0.563072
28	40	0.7	1	1	0	0
29	0	0.725	0	0	0	11.7676
29	1	0.725	0.025	0.153151	0.0178093	11.7676
29	2	0.725	0.05	0.240699	-0.103219	10.0941
29	3	0.725	0.075	0.318661	-0.0214938	14.2744
29	4	0.725	0.1	0.394647	-0.0710196	8.29584
29	5	0.725	0.125	0.32235	-0.194397	13.9883
29	6	0.725	0.15	0.542272	0.0417572	11.7425
29	7	0.725	0.175	0.2851	-0.365878	7.34299
29	8	0.725	0.2	0.568404	0.0125355	19.9558
29	9	0.725	0.225	0.405062	-0.294358	-0.42412
29	10	0.725	0.25	0.365801	-0.322741	23.7341
29	11	0.725	0.275	0.656429	0.0233024	2.77638
29	12	0.725	0.3	0.0516897	-0.815593	11.8224
29	13	0.725	0.325	0.682294	0.144266	20.8709
29	14	0.725	0.35	-0.00319183	-0.875915	-11.2099
29	15	0.725	0.375	0.272188	-0.315445	38.3362
29	16	0.725	0.4	0.295453	-0.258499	-17.9847
29	17	0.725	0.425	-0.391614	-1.21292	28.8045
29	18	0.725	0.45	0.381605	0.175116	6.61591
29	19	0.725	0.475	-0.78618	-1.5803	-10.7
29	20	0.725	0.5	-0.124922	-0.156524	40.7076
29	21	0.725	0.525	-0.63579	-0.85406	-38.6616
29	22	0.725	0.55	-0.904644	-1.06199	48.4328
29	23	0.725	0.575	-0.329235	0.00529729	-24.1677
29	24	0.725	0.6	-1.38144	-1.7838	12.2231
29	25	0.725	0.625	-0.514214	0.110348	16.2231
29	26	0.725	0.65	-1.401	-1.48896	-35.8897
29	27	0.725	0.675	-1.19612	-0.470608	47.0775
29	28	0.725	0.7	-1.11592	-0.601385	-51.0797
29	29	0.725	0.725	-1.65824	-1.32175	41.3936
29	30	0.725	0.75	-0.824791	-0.000437025	-27.3204
29	31	0.725	0.775	-1.64735	-1.86271	-0.897824
29	32	0.725	0.8	-1.00599	-0.0285545	14.49
29	33	0.725	0.825	-1.5333	-1.71906	-48.8988
29	34	0.725	0.85	-1.34439	-0.540866	48.8638
29	35	0.725	0.875	-1.14706	-1.13184	-72.5377
29	36	0.725	0.9	-0.857902	-1.36921	55.8851
29	37	0.725	0.925	-0.152796	-0.355837	-58.5097
29	38	0.725	0.95	0.335	-2.00195	22.9963
29	39	0.725	0.975	0.821459	-0.450554	-20.2228
29	40	0.725	1	1	0	0
30	0	0.75	0	0	0	11.2269
30	1	0.75	0.025	0.144333	-0.0601603	11.2269
30	2	0.75	0.05	0.233699	0.0133322	12.9955
30	3	0.75	0.075	0.33414	-0.0729334	9.06965
30	4	0.75	0.1	0.303407	-0.110854	14.0316
30	5	0.75	0.125	0.466606	0.0443205	10.689
30	6	0.75	0.15	0.322733	-0.280617	9.21584
30	7	0.75	0.175	0.500593	0.0799248	17.7747
30	8	0.75	0.2	0.432388	-0.252763	1.50538
30	9	0.75	0.225	0.370292	-0.162109	22.8416
30	10	0.75	0.25	0.640957	0.0381468	1.90785
30	11	0.75	0.275	0.167805	-0.602559	14.8437
30	12	0.75	0.3	0.689491	0.244629	16.5031
30	13	0.75	0.325	0.169796	-0.755976	-5.74249
30	14	0.75	0.35	0.326267	-0.0551565	34.4865
30	15	0.75	0.375	0.453587	-0.263874	-16.7847
30	16	0.75	0.4	-0.299262	-0.866912	32.0433
30	17	0.75	0.425	0.566462	0.25783	0.715363
30	18	0.75	0.45	-0.593013	-1.39529	-1.19225
30	19	0.75	0.475	0.0600622	0.100004	33.2411
30	20	0.75	0.5	-0.351783	-0.875427	-32.7677
30	21	0.75	0.525	-0.935692	-0.721098	47.6568
30	22	0.75	0.55	-0.0900543	-0.0404808	-27.1638
30	23	0.75	0.575	-1.50292	-1.50433	21.3763
30	24	0.75	0.6	-0.269934	0.210794	6.72862
30	25	0.75	0.625	-1.23319	-1.39803	-24.0331
30	26	0.75	0.65	-1.12395	-0.230844	38.3724
30	27	0.75	0.675	-0.796585	-0.646036	-44.7231
30	28	0.75	0.7	-1.98294	-0.999951	40.3322
30	29	0.75	0.725	-0.583109	-0.107218	-30.7666
30	30	0.75	0.75	-1.8813	-1.52222	9.63029
30	31	0.75	0.775	-0.791263	-0.0094744	1.48432
30	32	0.75	0.8	-1.24803	-1.53521	-31.6408
30	33	0.75	0.825	-1.55555	-0.347418	33.3916
30	34	0.75	0.85	-0.744653	-1.22373	-58.0181
30	35	0.75	0.875	-1.83981	-0.94733	49.3432
30	36	0.75	0.9	-0.0703753	-0.764897	-60.4594
30	37	0.75	0.925	-0.829109	-1.7231	36.522
30	38	0.75	0.95	0.694054	-0.311778	-34.5679
30	39	0.75	0.975	0.635274	-1.73739	-1.50667
30	40	0.75	1	1	0	0
31	0	0.775	0	0	0	11.7619
31	1	0.775	0.025	0.131997	0.0156726	11.7619
31	2	0.775	0.05	0.248922	-0.0656142	10.345
31	3	0.775	0.075	0.253169	-0.0421038	13.3432
31	4	0.775	0.1	0.398919	0.0155918	10.2461
31	5	0.775	0.125	0.308347	-0.184314	10.9604
31	6	0.775	0.15	0.441892	0.0986182	15.1165
31	7	0.775	0.175	0.426323	-0.204315	4.55498
31	8	0.775	0.2	0.345986	-0.0337545	20.4425
31	9	0.775	0.225	0.618574	0.0270664	2.73383
31	10	0.775	0.25	0.1982	-0.381478	16.3025
31	11	0.775	0.275	0.696454	0.273265	12.8637
31	12	0.775	0.3	0.239211	-0.569779	0.157867
31	13	0.775	0.325	0.408111	0.12778	28.533
31	14	0.775	0.35	0.554501	-0.208136	-11.8495
31	15	0.775	0.375	-0.21794	-0.527869	30.1298
31	16	0.775	0.4	0.747142	0.30082	-0.728348
31	17	0.775	0.425	-0.564113	-1.08312	4.85796
31	18	0.775	0.45	0.362095	0.261162	26.2826
31	19	0.775	0.475	-0.212293	-0.719738	-24.1602
31	20	0.775	0.5	-0.740014	-0.456373	40.8998
31	21	0.775	0.525	0.161691	0.0115573	-22.2858
31	22	0.775	0.55	-1.68196	-1.20804	20.7153
31	23	0.775	0.575	0.0474101	0.207956	4.80474
31	24	0.775	0.6	-1.40542	-1.13051	-16.8874
31	25	0.775	0.625	-0.751593	-0.176881	29.7725
31	26	0.775	0.65	-0.620103	-0.478386	-33.7916
31	27	0.775	0.675	-2.03235	-0.864635	29.4388
31	28	0.775	0.7	-0.340728	-0.147939	-21.8818
31	29	0.775	0.725	-2.32218	-1.18367	5.45843
31	30	0.775	0.75	-0.447658	-0.189351	-0.509949
31	31	0.775	0.775	-1.41129	-1.11266	-21.4017
31	32	0.775	0.8	-1.27954	-0.467897	17.1947
31	33	0.775	0.825	-0.557741	-0.954362	-36.2273
31	34	0.775	0.85	-2.24839	-0.805646	25.401
31	35	0.775	0.875	0.0137066	-0.905281	-39.9297
31	36	0.775	0.9	-1.92369	-1.1945	23.9915
31	37	0.775	0.925	0.692409	-0.720905	-33.4413
31	38	0.775	0.95	-0.277678	-1.5332	6.67833
31	39	0.775	0.975	0.989022	-0.802949	-16.0147
31	40	0.775	1	1	0	0
32	0	0.8	0	0	0	11.3394
32	1	0.8	0.025	0.13288	-0.0349161	11.3394
32	2	0.8	0.05	0.190189	-0.0102069	12.3125
32	3	0.8	0.075	0.317262	-0.0110512	10.663
32	4	0.8	0.1	0.265501	-0.0999865	11.7124
32	5	0.8	0.125	0.38949	0.07662	13.201
32	6	0.8	0.15	0.376519	-0.141695	7.46781
32	7	0.8	0.175	0.328863	0.0364009	17.5021
32	8	0.8	0.2	0.555944	0.0202126	4.88025
32	9	0.8	0.225	0.208206	-0.200886	15.9147
32	10	0.8	0.25	0.666273	0.263099	11.1851
32	11	0.8	0.275	0.234522	-0.375718	4.25957
32	12	0.8	0.3	0.493924	0.230406	23.5079
32	13	0.8	0.325	0.534458	-0.10285	-6.50537
32	14	0.8	0.35	-0.0409253	-0.273324	26.0909
32	15	0.8	0.375	0.810489	0.382469	1.21299
32	16	0.8	0.4	-0.506563	-0.799074	5.86415
32	17	0.8	0.425	0.627503	0.390251	24.0617
32	18	0.8	0.45	-0.252052	-0.499341	-19.5719
32	19	0.8	0.475	-0.289142	-0.295105	36.0755
32	20	0.8	0.5	0.278251	0.22682	-16.3895
32	21	0.8	0.525	-1.53691	-1.09013	14.5738
32	22	0.8	0.55	0.27798	0.29353	11.0244
32	23	0.8	0.575	-1.68258	-0.940979	-20.9088
32	24	0.8	0.6	-0.260845	-0.243939	31.252
32	25	0.8	0.625	-0.717892	-0.188357	-30.1138
32	26	0.8	0.65	-1.60352	-1.03063	21.0757
32	27	0.8	0.675	-0.221079	0.00490686	-9.53899
32	28	0.8	0.7	-2.49413	-1.1869	-9.78594
32	29	0.8	0.725	-0.228787	-0.348574	11.8433
32	30	0.8	0.75	-1.82391	-0.786843	-28.33
32	31	0.8	0.775	-0.764696	-0.863152	15.6497
32	32	0.8	0.8	-0.662753	-0.553791	-24.7282
32	33	0.8	0.825	-1.98247	-1.14815	3.63168
32	34	0.8	0.85	-0.0911006	-0.748121	-13.8204
32	35	0.8	0.875	-2.42366	-1.08095	-6.49054
32	36	0.8	0.9	0.528225	-1.0261	-10.5629
32	37	0.8	0.925	-1.24774	-1.07836	-7.93495
32	38	0.8	0.95	1.00947	-1.03136	-11.3081
32	39	0.8	0.975	0.543357	-1.21156	-10.7157
32	40	0.8	1	1	0	0
33	0	0.825	0	0	0	11.6645
33	1	0.825	0.025	0.109378	-0.00405951	11.6645
33	2	0.825	0.05	0.215488	-0.0175922	11.291
33	3	0.825	0.075	0.216016	-0.0495532	11.7121
33	4	0.825	0.1	0.323776	0.0435139	12.3693
33	5	0.825	0.125	0.308776	-0.0841183	9.38508
33	6	0.825	0.15	0.31056	0.0563923	15.1947
33	7	0.825	0.175	0.457577	0.0216483	7.12386
33	8	0.825	0.2	0.226189	-0.0801468	14.8293
33	9	0.825	0.225	0.577553	0.239206	10.8049
33	10	0.825	0.25	0.228482	-0.221793	6.67812
33	11	0.825	0.275	0.510555	0.290968	20.2898
33	12	0.825	0.3	0.450802	-0.0200088	-2.77305
33	13	0.825	0.325	0.163516	-0.0739286	23.4759
33	14	0.825	0.35	0.729494	0.473668	2.45241
33	15	0.825	0.375	-0.275361	-0.591744	6.36145
33	16	0.825	0.4	0.700042	0.583229	23.9172
33	17	0.825	0.425	-0.25479	-0.386265	-19.2328
33	18	0.825	0.45	0.142867	-0.0804463	37.3246
33	19	0.825	0.475	0.241318	0.470208	-17.001
33	20	0.825	0.5	-0.973334	-1.07745	14.0887
33	21	0.825	0.525	0.350676	0.599558	15.8658
33	22	0.825	0.55	-1.61159	-1.03121	-29.4199
33	23	0.825	0.575	0.0311346	-0.132434	42.0407
33	24	0.825	0.6	-0.955066	-0.00890314	-39.6933
33	25	0.825	0.625	-0.913756	-1.27306	27.2688
33	26	0.825	0.65	-0.236466	0.337855	-7.15308
33	27	0.825	0.675	-2.10388	-1.57821	-20.5189
33	28	0.825	0.7	-0.216529	-0.241637	27.5879
33	29	0.825	0.725	-2.06141	-0.842606	-47.7547
33	30	0.825	0.75	-0.432098	-1.16398	31.7332
33	31	0.825	0.775	-0.936585	-0.24935	-32.5573
33	32	0.825	0.8	-1.32954	-1.76644	0.923353
33	33	0.825	0.825	-0.298669	-0.453561	-0.393126
33	34	0.825	0.85	-2.19863	-1.52803	-32.2948
33	35	0.825	0.875	0.0929257	-1.03831	17.3726
33	36	0.825	0.9	-1.75113	-0.987609	-38.5476
33	37	0.825	0.925	0.746706	-1.50708	10.7126
33	38	0.825	0.95	-0.144608	-0.743286	-22.494
33	39	0.825	0.975	0.989129	-1.47385	-7.69153
33	40	0.825	1	1	0	0
34	0	0.85	0	0	0	11.5901
34	1	0.85	0.025	0.106163	-0.00909332	11.5901
34	2	0.85	0.05	0.158982	-0.0287696	11.6256
34	3	0.85	0.075	0.240685	0.0188995	12.122
34	4	0.85	0.1	0.245422	-0.0487406	10.4291
34	5	0.85	0.125	0.271922	0.0501398	13.826
34	6	0.85	0.15	0.354837	0.0203106	8.78144
34	7	0.85	0.175	0.233447	-0.0100406	13.9895
34	8	0.85	0.2	0.455467	0.200839	10.6982
34	9	0.85	0.225	0.237259	-0.110539	8.59914
34	10	0.85	0.25	0.440727	0.317481	17.7507
34	11	0.85	0.275	0.385708	0.0115871	0.266485
34	12	0.85	0.3	0.261114	0.110975	22.1622
34	13	0.85	0.325	0.593146	0.475017	1.7631
34	14	0.85	0.35	0.00977534	-0.36795	9.99398
34	15	0.85	0.375	0.597276	0.776289	20.5015
34	16	0.85	0.4	-0.0486295	-0.37868	-16.3053
34	17	0.85	0.425	0.282185	0.305982	39.168
34	18	0.85	0.45	0.223096	0.51139	-22.6844
34	19	0.85	0.475	-0.365148	-0.851375	23.5854
34	20	0.85	0.5	0.328367	1.0107	10.1642
34	21	0.85	0.525	-1.02419	-1.24982	-27.5961
34	22	0.85	0.55	0.0348731	0.349909	49.0767
34	23	0.85	0.575	-0.933419	-0.152113	-54.1233
34	24	0.85	0.6	-0.468292	-1.1227	46.2356
34	25	0.85	0.625	-0.314803	0.694386	-20.9984
34	26	0.85	0.65	-1.32752	-2.01232	-12.0379
34	27	0.85	0.675	-0.285304	0.205507	31.2985
34	28	0.85	0.7	-1.78051	-1.27126	-62.669
34	29	0.85	0.725	-0.467132	-1.00004	52.6329
34	30	0.85	0.75	-1.13054	-0.204113	-54.6647
34	31	0.85	0.775	-0.814504	-2.15989	19.9446
34	32	0.85	0.8	-0.472688	-0.112751	-7.80781
34	33	0.85	0.825	-1.52923	-2.1794	-36.4095
34	34	0.85	0.85	-0.355899	-0.789949	31.646
34	35	0.85	0.875	-1.6381	-1.40314	-63.3691
34	36	0.85	0.9	0.074089	-1.62136	37.8806
34	37	0.85	0.925	-0.611639	-0.686164	-48.4725
34	38	0.85	0.95	0.693498	-1.92808	11.546
34	39	0.85	0.975	0.652774	-0.807104	-18.5716
34	40	0.85	1	1	0	0
35	0	0.875	0	0	0	11.7041
35	1	0.875	0.025	0.0857126	-0.0155139	11.7041
35	2	0.875	0.05	0.153216	0.00410876	11.9688
35	3	0.875	0.075	0.186495	-0.033879	11.105
35	4	0.875	0.1	0.21289	0.0344429	13.0338
35	5	0.875	0.125	0.26853	0.0103822	9.94781
35	6	0.875	0.15	0.211393	0.0238831	13.4811
35	7	0.875	0.175	0.339781	0.146846	10.6306
35	8	0.875	0.2	0.229859	-0.0295397	10.417
35	9	0.875	0.225	0.334658	0.292469	15.1867
35	10	0.875	0.25	0.343272	0.0262553	3.89675
35	11	0.875	0.275	0.23382	0.247531	20.0597
35	12	0.875	0.3	0.488955	0.371225	1.69952
35	13	0.875	0.325	0.14616	-0.0856496	14.5718
35	14	0.875	0.35	0.462289	0.803238	13.6596
35	15	0.875	0.375	0.20883	-0.289382	-6.87425
35	16	0.875	0.4	0.185407	0.708115	33.9554
35	17	0.875	0.425	0.379012	0.322437	-23.3099
35	18	0.875	0.45	-0.138163	-0.255258	33.5223
35	19	0.875	0.475	0.356937	1.19726	-3.66953
35	20	0.875	0.5	-0.343538	-1.14934	-9.82812
35	21	0.875	0.525	-0.0631726	1.02925	40.5118
35	22	0.875	0.55	-0.406308	-0.496616	-55.0977
35	23	0.875	0.575	-0.510097	-0.35726	60.207
35	24	0.875	0.6	-0.222118	0.794651	-42.1163
35	25	0.875	0.625	-0.756659	-1.91324	14.6207
35	26	0.875	0.65	-0.295593	0.839239	15.6462
35	27	0.875	0.675	-1.03221	-1.72473	-56.2198
35	28	0.875	0.7	-0.690796	-0.301122	59.9256
35	29	0.875	0.725	-0.933713	-0.432472	-73.7729
35	30	0.875	0.75	-0.798826	-1.89474	46.597
35	31	0.875	0.775	-0.510491	0.162849	-30.9925
35	32	0.875	0.8	-0.904919	-2.53774	-16.7438
35	33	0.875	0.825	-0.580538	-0.320708	24.4939
35	34	0.875	0.85	-1.09895	-1.89416	-67.0187
35	35	0.875	0.875	-0.635166	-1.33047	51.2575
35	36	0.875	0.9	-0.665066	-1.00716	-68.8693
35	37	0.875	0.925	-0.0576853	-2.13643	34.9697
35	38	0.875	0.95	0.26535	-0.499855	-35.3092
35	39	0.875	0.975	0.691417	-1.85892	-3.22717
35	40	0.875	1	1	0	0
36	0	0.9	0	0	0	11.8523
36	1	0.9	0.025	0.0727375	-0.0020291	11.8523
36	2	0.9	0.05	0.123826	-0.0261394	11.6384
36	3	0.9	0.075	0.148632	0.0153611	12.4931
36	4	0.9	0.1	0.196951	-0.00367965	10.8992
36	5	0.9	0.125	0.166645	0.0307266	13.0451
36	6	0.9	0.15	0.24774	0.0887575	10.8491
36	7	0.9	0.175	0.190858	0.021069	11.7343
36	8	0.9	0.2	0.2421	0.221293	13.1052
36	9	0.9	0.225	0.283502	0.050179	7.68927
36	10	0.9	0.25	0.164835	0.283524	16.8068
36	11	0.9	0.275	0.406734	0.250908	4.14664
36	12	0.9	0.3	0.122261	0.152995	16.2139
36	13	0.9	0.325	0.386183	0.632661	8.36656
36	14	0.9	0.35	0.273789	-0.0520491	4.18162
36	15	0.9	0.375	0.0971621	0.851348	22.7219
36	16	0.9	0.4	0.536077	0.174628	-13.4813
36	17	0.9	0.425	-0.217844	0.401033	32.3322
36	18	0.9	0.45	0.52697	0.975818	-12.141
36	19	0.9	0.475	-0.114373	-0.522531	10.8025
36	20	0.9	0.5	-0.0150309	1.42781	19.6597
36	21	0.9	0.525	0.209626	-0.56888	-34.7462
36	22	0.9	0.55	-0.736882	0.662612	52.8782
36	23	0.9	0.575	0.245054	0.551292	-49.6455
36	24	0.9	0.6	-0.811024	-1.00676	38.1294
36	25	0.9	0.625	-0.0870052	1.24891	-10.3762
36	26	0.9	0.65	-0.397592	-1.67473	-27.304
36	27	0.9	0.675	-0.80605	0.653537	44.0778
36	28	0.9	0.7	-0.278072	-0.698273	-71.3923
36	29	0.9	0.725	-1.17941	-0.952928	58.8648
36	30	0.9	0.75	-0.25159	0.229206	-52.7087
36	31	0.9	0.775	-0.788022	-2.21391	12.8379
36	32	0.9	0.8	-0.504745	0.200594	0.877117
36	33	0.9	0.825	-0.488714	-2.05792	-48.3115
36	34	0.9	0.85	-1.01922	-0.710296	43.2771
36	35	0.9	0.875	-0.347479	-1.29607	-70.4539
36	36	0.9	0.9	-0.897107	-1.79885	45.9297
36	37	0.9	0.925	0.103817	-0.70385	-50.6047
36	38	0.9	0.95	-0.0188963	-2.07488	14.1228
36	39	0.9	0.975	0.659143	-0.749303	-18.1708
36	40	0.9	1	1	0	0
37	0	0.925	0	0	0	11.9575
37	1	0.925	0.025	0.0587098	-0.0137654	11.9575
37	2	0.925	0.05	0.0912417	-0.00211685	12.1858
37	3	0.925	0.075	0.132017	-0.0141388	11.6668
37	4	0.925	0.1	0.117733	0.0185111	12.629
37	5	0.925	0.125	0.17363	0.0403885	11.4034
37	6	0.925	0.15	0.136067	0.0370897	12.3162
37	7	0.925	0.175	0.173418	0.136272	12.1129
37	8	0.925	0.2	0.199284	0.0689481	10.4667
37	9	0.925	0.225	0.115712	0.228139	13.904
37	10	0.925	0.25	0.301279	0.175159	7.86552
37	11	0.925	0.275	0.0629238	0.244578	14.7445
37	12	0.925	0.3	0.326404	0.409247	7.69008
37	13	0.925	0.325	0.168056	0.172857	10.5025
37	14	0.925	0.35	0.119426	0.686879	13.3835
37	15	0.925	0.375	0.460326	0.213021	-0.136765
37	16	0.925	0.4	-0.239544	0.692222	21.8208
37	17	0.925	0.425	0.625906	0.634137	-7.40421
37	18	0.925	0.45	-0.242662	0.211927	18.1707
37	19	0.925	0.475	0.241123	1.23425	3.50571
37	20	0.925	0.5	0.314369	-0.151141	-8.10371
37	21	0.925	0.525	-0.665585	1.24536	28.9587
37	22	0.925	0.55	0.693715	0.341891	-33.5579
37	23	0.925	0.575	-1.11652	0.190253	37.399
37	24	0.925	0.6	0.392843	1.12496	-24.5275
37	25	0.925	0.625	-0.419981	-0.877052	2.44039
37	26	0.925	0.65	-0.545305	1.25692	14.6782
37	27	0.925	0.675	0.310072	-0.625314	-45.0078
37	28	0.925	0.7	-1.46338	0.205022	44.5704
37	29	0.925	0.725	0.310412	0.146491	-53.7774
37	30	0.925	0.75	-1.18777	-1.22329	28.7932
37	31	0.925	0.775	-0.104161	0.450561	-22.1845
37	32	0.925	0.8	-0.275641	-1.6688	-19.63
37	33	0.925	0.825	-0.938055	-0.025055	19.0278
37	34	0.925	0.85	0.118902	-1.24234	-52.7814
37	35	0.925	0.875	-1.38098	-1.09799	36.4818
37	36	0.925	0.9	0.230856	-0.866641	-50.4162
37	37	0.925	0.925	-0.807419	-1.82622	21.5896
37	38	0.925	0.95	0.420016	-0.628919	-25.8114
37	39	0.925	0.975	0.342904	-1.54145	-4.88917
37	40	0.925	1	1	0	0
38	0	0.95	0	0	0	12.1399
38	1	0.95	0.025	0.0424162	-0.00716673	12.1399
38	2	0.95	0.05	0.0739112	-0.0165304	12.1356
38	3	0.95	0.075	0.0757216	-0.000396731	12.388
38	4	0.95	0.1	0.10914	0.00825611	12.0224
38	5	0.95	0.125	0.0861194	0.0253383	12.4277
38	6	0.95	0.15	0.116122	0.0655687	12.0849
38	7	0.95	0.175	0.116828	0.061799	11.8588
38	8	0.95	0.2	0.0857051	0.137374	12.483
38	9	0.95	0.225	0.179181	0.12561	10.7285
38	10	0.95	0.25	0.039069	0.200397	12.7734
38	11	0.95	0.275	0.224445	0.242412	9.77241
38	12	0.95	0.3	0.0619278	0.235838	11.7604
38	13	0.95	0.325	0.147629	0.417341	10.2741
38	14	0.95	0.35	0.236276	0.277418	8.07282
38	15	0.95	0.375	-0.100379	0.566519	12.6981
38	16	0.95	0.4	0.455432	0.435628	2.8855
38	17	0.95	0.425	-0.268407	0.518055	13.5596
38	18	0.95	0.45	0.389583	0.76801	1.92958
38	19	0.95	0.475	0.048616	0.330561	5.71636
38	20	0.95	0.5	-0.234223	1.06165	9.59968
38	21	0.95	0.525	0.601921	0.403282	-9.4852
38	22	0.95	0.55	-0.966428	0.813006	18.2561
38	23	0.95	0.575	0.690389	0.766492	-16.1888
38	24	0.95	0.6	-0.719152	0.108917	10.2809
38	25	0.95	0.625	0.0279679	1.09423	-4.30784
38	26	0.95	0.65	0.264905	-0.123301	-15.3305
38	27	0.95	0.675	-1.13666	0.829364	15.3775
38	28	0.95	0.7	0.687469	0.167515	-32.5891
38	29	0.95	0.725	-1.45808	-0.134308	18.5949
38	30	0.95	0.75	0.414244	0.36358	-26.2294
38	31	0.95	0.775	-0.549779	-0.819333	-2.38839
38	32	0.95	0.8	-0.415877	0.282915	-4.5764
38	33	0.95	0.825	0.30089	-0.808976	-27.2561
38	34	0.95	0.85	-1.26621	-0.368733	12.6973
38	35	0.95	0.875	0.471804	-0.720398	-34.8203
38	36	0.95	0.9	-1.1962	-1.15152	12.3588
38	37	0.95	0.925	0.402279	-0.712318	-25.0335
38	38	0.95	0.95	-0.329491	-1.33041	-0.151622
38	39	0.95	0.975	0.498898	-0.771377	-11.0014
38	40	0.95	1	1	0	0
39	0	0.975	0	0	0	12.337
39	1	0.975	0.025	0.0320094	-0.00828706	12.337
39	2	0.975	0.05	0.0448587	-0.0103915	12.4291
39	3	0.975	0.075	0.0593765	-0.00662234	12.4732
39	4	0.975	0.1	0.05283	0.00460301	12.5296
39	5	0.975	0.125	0.0681548	0.0190519	12.4868
39	6	0.975	0.15	0.0620716	0.031068	12.4398
39	7	0.975	0.175	0.0602167	0.0559288	12.3857
39	8	0.975	0.2	0.084846	0.0678342	12.147
39	9	0.975	0.225	0.0400971	0.0994098	12.1044
39	10	0.975	0.25	0.110722	0.119328	11.6732
39	11	0.975	0.275	0.0325752	0.147628	11.5529
39	12	0.975	0.3	0.105533	0.191351	11.0054
39	13	0.975	0.325	0.0789313	0.202696	10.5957
39	14	0.975	0.35	0.0260332	0.281342	10.1309
39	15	0.975	0.375	0.184221	0.274845	9.04831
39	16	0.975	0.4	-0.0957791	0.353992	9.01886
39	17	0.975	0.425	0.245857	0.381784	7.09636
39	18	0.975	0.45	-0.0671118	0.379146	7.08851
39	19	0.975	0.475	0.0720114	0.528194	5.39068
39	20	0.975	0.5	0.209373	0.411646	3.36722
39	21	0.975	0.525	-0.365716	0.597361	4.19193
39	22	0.975	0.55	0.441076	0.477182	-0.974488
39	23	0.975	0.575	-0.542847	0.445765	2.06626
39	24	0.975	0.6	0.29325	0.557364	-3.19376
39	25	0.975	0.625	-0.0675334	0.286736	-3.34345
39	26	0.975	0.65	-0.365692	0.590381	-2.86057
39	27	0.975	0.675	0.451095	0.276795	-9.8951
39	28	0.975	0.7	-0.949322	0.318116	-2.73126
39	29	0.975	0.725	0.50141	0.221391	-12.7509
39	30	0.975	0.75	-0.661797	-0.0718543	-6.03865
39	31	0.975	0.775	0.0990598	0.158067	-11.1095
39	32	0.975	0.8	0.0604434	-0.221447	-11.9252
39	33	0.975	0.825	-0.597589	-0.0261641	-7.91432
39	34	0.975	0.85	0.412129	-0.308926	-15.6114
39	35	0.975	0.875	-0.892583	-0.431449	-6.2688
39	36	0.975	0.9	0.391163	-0.483587	-14.3916
39	37	0.975	0.925	-0.522097	-0.745887	-6.48752
39	38	0.975	0.95	0.275366	-0.576111	-9.09478
39	39	0.975	0.975	0.232399	-0.709753	-6.19178
39	40	0.975	1	1	0	0
40	0	1	0	0	0	12.337
40	1	1	0.025	0	0	12.337
40	2	1	0.05	0	0	12.4291
40	3	1	0.075	0	0	12.4732
40	4	1	0.1	0	0	12.5296
40	5	1	0.125	0	0	12.4868
40	6	1	0.15	0	0	12.4398
40	7	1	0.175	0	0	12.3857
40	8	1	0.2	0	0	12.147
40	9	1	0.225	0	0	12.1044
40	10	1	0.25	0	0	11.6732
40	11	1	0.275	0	0	11.5529
40	12	1	0.3	0	0	11.0054
40	13	1	0.325	0	0	10.5957
40	14	1	0.35	0	0	10.1309
40	15	1	0.375	0	0	9.04831
40	16	1	0.4	0	0	9.01886
40	17	1	0.425	0	0	7.09636
40	18	1	0.45	0	0	7.08851
40	19	1	0.475	0	0	5.39068
40	20	1	0.5	0	0	3.36722
40	21	1	0.525	0	0	4.19193
40	22	1	0.55	0	0	-0.974488
40	23	1	0.575	0	0	2.06626
40	24	1	0.6	0	0	-3.19376
40	25	1	0.625	0	0	-3.34345
40	26	1	0.65	0	0	-2.86057
40	27	1	0.675	0	0	-9.8951
40	28	1	0.7	0	0	-2.73126
40	29	1	0.725	0	0	-12.7509
40	30	1	0.75	0	0	-6.03865
40	31	1	0.775	0	0	-11.1095
40	32	1	0.8	0	0	-11.9252
40	33	1	0.825	0	0	-7.91432
40	34	1	0.85	0	0	-15.6114
40	35	1	0.875	0	0	-6.2688
40	36	1	0.9	0	0	-14.3916
40	37	1	0.925	0	0	-6.48752
40	38	1	0.95	0	0	-9.09478
40	39	1	0.975	0	0	-6.19178
40	40	1	1	1	0	0
