# i		j		x		y		u		v		p
# nx		ny		
# 41		41
# =================================
0	0	0	0	0	0	65.9919
0	1	0	0.025	0	0	65.9919
0	2	0	0.05	0	0	65.2541
0	3	0	0.075	0	0	67.183
0	4	0	0.1	0	0	65.6386
0	5	0	0.125	0	0	66.2051
0	6	0	0.15	0	0	68.0055
0	7	0	0.175	0	0	63.838
0	8	0	0.2	0	0	69.4152
0	9	0	0.225	0	0	63.2912
0	10	0	0.25	0	0	67.2287
0	11	0	0.275	0	0	65.9734
0	12	0	0.3	0	0	62.6958
0	13	0	0.325	0	0	69.1715
0	14	0	0.35	0	0	59.5517
0	15	0	0.375	0	0	68.3228
0	16	0	0.4	0	0	60.3811
0	17	0	0.425	0	0	62.8876
0	18	0	0.45	0	0	64.6287
0	19	0	0.475	0	0	56.8982
0	20	0	0.5	0	0	67.486
0	21	0	0.525	0	0	53.8671
0	22	0	0.55	0	0	64.3084
0	23	0	0.575	0	0	55.2948
0	24	0	0.6	0	0	57.0901
0	25	0	0.625	0	0	60.5191
0	26	0	0.65	0	0	50.747
0	27	0	0.675	0	0	64.1069
0	28	0	0.7	0	0	46.8878
0	29	0	0.725	0	0	60.4193
0	30	0	0.75	0	0	46.0222
0	31	0	0.775	0	0	51.1495
0	32	0	0.8	0	0	49.867
0	33	0	0.825	0	0	42.5292
0	34	0	0.85	0	0	55.2248
0	35	0	0.875	0	0	36.5836
0	36	0	0.9	0	0	51.4
0	37	0	0.925	0	0	32.5055
0	38	0	0.95	0	0	31.1438
0	39	0	0.975	0	0	26.9322
0	40	0	1	1	0	0
1	0	0.025	0	0	0	65.9919
1	1	0.025	0.025	0.00520232	-0.0203096	65.9919
1	2	0.025	0.05	-0.105082	-0.102475	65.2541
1	3	0.025	0.075	0.0288127	-0.122614	67.183
1	4	0.025	0.1	-0.0651254	-0.079023	65.6386
1	5	0.025	0.125	-0.18447	-0.212566	66.2051
1	6	0.025	0.15	0.18817	-0.0595776	68.0055
1	7	0.025	0.175	-0.467798	-0.166457	63.838
1	8	0.025	0.2	0.332601	-0.121873	69.4152
1	9	0.025	0.225	-0.380742	-0.0408484	63.2912
1	10	0.025	0.25	0.0795726	-0.258254	67.2287
1	11	0.025	0.275	0.101379	-0.0162906	65.9734
1	12	0.025	0.3	-0.490304	-0.293564	62.6958
1	13	0.025	0.325	0.512369	-0.0813585	69.1715
1	14	0.025	0.35	-0.763894	-0.11753	59.5517
1	15	0.025	0.375	0.514282	-0.220703	68.3228
1	16	0.025	0.4	-0.311217	-0.00291033	60.3811
1	17	0.025	0.425	-0.0612991	-0.418047	62.8876
1	18	0.025	0.45	0.380438	-0.0870688	64.6287
1	19	0.025	0.475	-0.840104	-0.366261	56.8982
1	20	0.025	0.5	0.754732	-0.155246	67.486
1	21	0.025	0.525	-0.972152	-0.0806945	53.8671
1	22	0.025	0.55	0.650331	-0.313101	64.3084
1	23	0.025	0.575	-0.23793	-0.0330476	55.2948
1	24	0.025	0.6	-0.126902	-0.570381	57.0901
1	25	0.025	0.625	0.519861	-0.194103	60.5191
1	26	0.025	0.65	-1.10757	-0.463348	50.747
1	27	0.025	0.675	0.875492	-0.12998	64.1069
1	28	0.025	0.7	-1.41387	0.0165196	46.8878
1	29	0.025	0.725	0.908649	-0.067813	60.4193
1	30	0.025	0.75	-0.636397	0.268791	46.0222
1	31	0.025	0.775	0.220713	-0.337402	51.1495
1	32	0.025	0.8	0.390682	0.111699	49.867
1	33	0.025	0.825	-1.11598	-0.337605	42.5292
1	34	0.025	0.85	0.825859	0.312841	55.2248
1	35	0.025	0.875	-2.17714	0.513154	36.5836
1	36	0.025	0.9	0.995499	1.06268	51.4
1	37	0.025	0.925	-1.77192	1.78257	32.5055
1	38	0.025	0.95	0.764126	1.4951	31.1438
1	39	0.025	0.975	0.0305975	2.04604	26.9322
1	40	0.025	1	1	0	0
2	0	0.05	0	0	0	65.5009
2	1	0.05	0.025	-0.0760286	-0.14333	65.5009
2	2	0.05	0.05	-0.0257717	-0.0980718	69.2097
2	3	0.05	0.075	-0.13854	-0.12908	63.3434
2	4	0.05	0.1	-0.20422	-0.41317	67.5783
2	5	0.05	0.125	0.0810395	-0.00709009	70.5984
2	6	0.05	0.15	-0.599669	-0.507524	57.0408
2	7	0.05	0.175	0.318581	-0.143226	80.575
2	8	0.05	0.2	-0.693501	-0.190758	51.0249
2	9	0.05	0.225	0.232471	-0.558041	78.6138
2	10	0.05	0.25	-0.162205	0.106528	61.1574
2	11	0.05	0.275	-0.39758	-0.878907	60.5745
2	12	0.05	0.3	0.423912	0.00258684	80.1612
2	13	0.05	0.325	-1.06661	-0.605983	41.9096
2	14	0.05	0.35	0.649719	-0.428734	89.1807
2	15	0.05	0.375	-0.786956	-0.0283165	42.7525
2	16	0.05	0.4	0.298087	-1.05556	75.1846
2	17	0.05	0.425	0.175072	0.0757363	64.3725
2	18	0.05	0.45	-0.797086	-1.24404	46.0982
2	19	0.05	0.475	0.720904	-0.231182	87.6482
2	20	0.05	0.5	-1.52155	-0.638358	26.8578
2	21	0.05	0.525	0.907097	-0.742062	92.1762
2	22	0.05	0.55	-0.805335	0.0155204	34.4722
2	23	0.05	0.575	0.392275	-1.45404	69.4601
2	24	0.05	0.6	0.397294	-0.0771838	62.4775
2	25	0.05	0.625	-1.0791	-1.56565	34.4278
2	26	0.05	0.65	0.79609	-0.345112	89.0601
2	27	0.05	0.675	-2.14822	-0.765098	11.5665
2	28	0.05	0.7	1.00923	-0.549423	96.6886
2	29	0.05	0.725	-1.56476	0.269015	14.8291
2	30	0.05	0.75	0.859846	-1.18012	74.9788
2	31	0.05	0.775	0.139419	0.464083	43.3047
2	32	0.05	0.8	-0.804635	-1.54514	32.4666
2	33	0.05	0.825	0.730211	0.305004	77.1137
2	34	0.05	0.85	-2.9556	-0.641567	-5.10412
2	35	0.05	0.875	0.613811	0.737898	96.6012
2	36	0.05	0.9	-3.8116	1.56467	-18.1394
2	37	0.05	0.925	1.22737	0.980714	78.812
2	38	0.05	0.95	-1.77251	3.28534	6.63191
2	39	0.05	0.975	1.11129	1.44244	28.9272
2	40	0.05	1	1	0	0
3	0	0.075	0	0	0	67.8566
3	1	0.075	0.025	-0.0562584	0.000542844	67.8566
3	2	0.075	0.05	-0.0874392	-0.201414	62.9952
3	3	0.075	0.075	-0.216781	-0.391556	70.2294
3	4	0.075	0.1	-0.00941619	0.00057078	68.4235
3	5	0.075	0.125	-0.508173	-0.77147	56.9785
3	6	0.075	0.15	0.0935024	-0.0461573	85.6194
3	7	0.075	0.175	-0.654225	-0.539487	40.9132
3	8	0.075	0.2	0.0834995	-0.586078	92.8597
3	9	0.075	0.225	-0.315331	0.0440262	47.2775
3	10	0.075	0.25	-0.194028	-1.29705	71.9192
3	11	0.075	0.275	0.153899	0.166392	77.4191
3	12	0.075	0.3	-0.756393	-1.30879	35.2118
3	13	0.075	0.325	0.313057	-0.3453	104.724
3	14	0.075	0.35	-0.819369	-0.470406	20.3577
3	15	0.075	0.375	0.310454	-1.34689	99.7062
3	16	0.075	0.4	-0.0562226	0.145044	46.5655
3	17	0.075	0.425	-0.278331	-2.10613	55.4883
3	18	0.075	0.45	0.408645	-0.110358	91.447
3	19	0.075	0.475	-1.17656	-1.63316	8.80048
3	20	0.075	0.5	0.494465	-0.839388	118.538
3	21	0.075	0.525	-1.00398	-0.448609	2.11075
3	22	0.075	0.55	0.569739	-2.02764	101.062
3	23	0.075	0.575	0.17179	0.038077	42.5122
3	24	0.075	0.6	-0.341385	-2.72393	41.5323
3	25	0.075	0.625	0.509785	-0.360344	95.7502
3	26	0.075	0.65	-1.70988	-2.0205	-13.2736
3	27	0.075	0.675	0.374652	-0.843197	128.308
3	28	0.075	0.7	-1.83932	-0.552506	-27.3039
3	29	0.075	0.725	0.701592	-1.79997	117.91
3	30	0.075	0.75	-0.287039	0.502764	11.2611
3	31	0.075	0.775	0.0427879	-2.8543	52.678
3	32	0.075	0.8	0.555986	0.350514	75.3371
3	33	0.075	0.825	-2.12267	-2.28591	-26.8318
3	34	0.075	0.85	-0.15076	0.307733	126.06
3	35	0.075	0.875	-3.8335	-0.252148	-73.2713
3	36	0.075	0.9	-0.19568	0.354981	140.771
3	37	0.075	0.925	-3.21795	2.78094	-59.385
3	38	0.075	0.95	1.12855	-0.503243	82.7055
3	39	0.075	0.975	-0.180428	3.52255	10.2232
3	40	0.075	1	1	0	0
4	0	0.1	0	0	0	65.8718
4	1	0.1	0.025	-0.0278244	-0.16017	65.8718
4	2	0.1	0.05	-0.207565	-0.234108	69.7688
4	3	0.1	0.075	0.0166224	-0.0687992	66.4766
4	4	0.1	0.1	-0.433157	-0.755876	61.0568
4	5	0.1	0.125	-0.0700919	0.00424371	82.6625
4	6	0.1	0.15	-0.442193	-0.79818	41.2284
4	7	0.1	0.175	-0.274588	-0.412956	98.0639
4	8	0.1	0.2	-0.194141	-0.233837	37.1286
4	9	0.1	0.225	-0.34836	-1.25083	86.8423
4	10	0.1	0.25	0.0505317	0.184675	63.6474
4	11	0.1	0.275	-0.383645	-1.69157	46.3231
4	12	0.1	0.3	-0.0871414	-0.102776	102.049
4	13	0.1	0.325	-0.382274	-1.07067	13.5564
4	14	0.1	0.35	-0.210882	-1.09768	116.244
4	15	0.1	0.375	0.0127512	-0.109566	24.7891
4	16	0.1	0.4	-0.133849	-2.32601	80.1743
4	17	0.1	0.425	0.252107	0.0582812	74.649
4	18	0.1	0.45	-0.434	-2.40465	16.7662
4	19	0.1	0.475	-0.0807886	-0.577138	122.867
4	20	0.1	0.5	-0.57778	-1.25075	-15.6551
4	21	0.1	0.525	-0.0339034	-1.86537	129.457
4	22	0.1	0.55	0.125456	-0.136926	11.65
4	23	0.1	0.575	0.0826187	-3.23137	72.2357
4	24	0.1	0.6	0.414796	-0.153812	77.5367
4	25	0.1	0.625	-0.704529	-3.00882	-8.13103
4	26	0.1	0.65	-0.234956	-0.736306	134.652
4	27	0.1	0.675	-1.29065	-1.62127	-49.3723
4	28	0.1	0.7	-0.292069	-1.72286	151.135
4	29	0.1	0.725	-0.500854	-0.0268841	-28.4806
4	30	0.1	0.75	0.139349	-3.33623	97.1283
4	31	0.1	0.775	0.456484	0.516886	46.3366
4	32	0.1	0.8	-0.847373	-3.53156	-10.8178
4	33	0.1	0.825	-0.40738	0.290239	124.277
4	34	0.1	0.85	-2.64146	-1.82226	-91.8534
4	35	0.1	0.875	-1.60055	0.114708	171.231
4	36	0.1	0.9	-3.1711	0.726483	-111.402
4	37	0.1	0.925	-0.90323	-0.865704	155.218
4	38	0.1	0.95	-1.28264	3.27567	-49.946
4	39	0.1	0.975	0.762626	-0.869201	48.1231
4	40	0.1	1	1	0	0
5	0	0.125	0	0	0	67.7287
5	1	0.125	0.025	-0.0976687	-0.120715	67.7287
5	2	0.125	0.05	0.056138	-0.0834886	67.4345
5	3	0.125	0.075	-0.383177	-0.570824	63.1391
5	4	0.125	0.1	-0.0692934	-0.0525577	78.0981
5	5	0.125	0.125	-0.311069	-0.769017	47.9988
5	6	0.125	0.15	-0.540648	-0.300609	92.6418
5	7	0.125	0.175	0.0223915	-0.44962	39.404
5	8	0.125	0.2	-0.790474	-0.924974	91.0542
5	9	0.125	0.225	0.189767	-0.0171773	53.5519
5	10	0.125	0.25	-0.428135	-1.50883	62.3046
5	11	0.125	0.275	-0.210565	2.71938e-05	86.1719
5	12	0.125	0.3	0.0554037	-1.30267	27.033
5	13	0.125	0.325	-0.833851	-0.639234	110.832
5	14	0.125	0.35	0.377589	-0.515142	19.8957
5	15	0.125	0.375	-0.664617	-1.7973	96.7698
5	16	0.125	0.4	0.412903	0.0194247	52.6198
5	17	0.125	0.425	-0.0521838	-2.41501	42.2833
5	18	0.125	0.45	-0.357707	-0.209751	103.344
5	19	0.125	0.475	0.144376	-1.71458	-4.43665
5	20	0.125	0.5	-0.976547	-1.18468	131.224
5	21	0.125	0.525	0.431999	-0.572862	-3.98908
5	22	0.125	0.55	-0.430001	-2.69304	101.707
5	23	0.125	0.575	0.576502	0.0334141	46.9591
5	24	0.125	0.6	0.0423883	-3.20376	22.2214
5	25	0.125	0.625	-0.469722	-0.265597	113.351
5	26	0.125	0.65	-0.309755	-2.12581	-38.3768
5	27	0.125	0.675	-1.42034	-1.07684	152.454
5	28	0.125	0.7	-0.213388	-0.68482	-45.5999
5	29	0.125	0.725	-0.911471	-2.58652	132.692
5	30	0.125	0.75	0.428424	0.565539	7.37375
5	31	0.125	0.775	-0.255712	-3.74447	34.0681
5	32	0.125	0.8	-0.30439	0.807106	93.9083
5	33	0.125	0.825	-1.14156	-2.48964	-71.9776
5	34	0.125	0.85	-2.31005	0.527427	163.425
5	35	0.125	0.875	-2.26504	-0.417512	-117.831
5	36	0.125	0.9	-3.0464	-0.219307	185.351
5	37	0.125	0.925	-1.82093	1.85033	-96.3528
5	38	0.125	0.95	-1.28179	-1.84831	115.342
5	39	0.125	0.975	0.0990934	3.1107	-8.00307
5	40	0.125	1	1	0	0
6	0	0.15	0	0	0	67.8682
6	1	0.15	0.025	0.025369	0.00418183	67.8682
6	2	0.15	0.05	-0.248382	-0.426609	63.3782
6	3	0.15	0.075	-0.00288445	-0.0883328	76.3355
6	4	0.15	0.1	-0.275737	-0.581386	53.1428
6	5	0.15	0.125	-0.568174	-0.370415	84.7268
6	6	0.15	0.15	0.104449	-0.417865	49.3443
6	7	0.15	0.175	-1.15952	-0.726402	82.4557
6	8	0.15	0.2	0.358065	-0.237776	57.1685
6	9	0.15	0.225	-0.846936	-1.04667	66.6053
6	10	0.15	0.25	-0.0132777	-0.219888	74.0571
6	11	0.15	0.275	0.0898771	-1.02716	45.7048
6	12	0.15	0.3	-1.08135	-0.484025	89.9494
6	13	0.15	0.325	0.658536	-0.661722	36.5913
6	14	0.15	0.35	-1.4386	-1.08846	88.4269
6	15	0.15	0.375	0.764885	-0.296277	47.6713
6	16	0.15	0.4	-0.388224	-1.69999	60.2268
6	17	0.15	0.425	-0.128735	-0.184829	77.4804
6	18	0.15	0.45	0.57647	-1.48493	24.6329
6	19	0.15	0.475	-1.60065	-0.604168	104.337
6	20	0.15	0.5	0.864111	-0.809869	11.4357
6	21	0.15	0.525	-1.57692	-1.55469	100.973
6	22	0.15	0.55	0.9723	-0.13063	30.8323
6	23	0.15	0.575	-0.14101	-2.40371	52.5985
6	24	0.15	0.6	-0.196356	0.113832	78.7231
6	25	0.15	0.625	0.51513	-1.82004	-3.73574
6	26	0.15	0.65	-2.15451	-0.307709	120.543
6	27	0.15	0.675	0.380739	-0.790812	-25.9786
6	28	0.15	0.7	-2.48738	-1.20747	127.85
6	29	0.15	0.725	0.646313	0.324448	-9.40193
6	30	0.15	0.75	-1.04046	-2.55846	73.233
6	31	0.15	0.775	0.0727367	1.291	51.9841
6	32	0.15	0.8	-0.133608	-2.19435	-25.7314
6	33	0.15	0.825	-2.47113	1.37818	124.256
6	34	0.15	0.85	-0.972314	-0.319489	-85.3785
6	35	0.15	0.875	-4.50837	0.894188	164.357
6	36	0.15	0.9	-1.49475	1.08833	-95.2011
6	37	0.15	0.925	-3.80535	-0.455503	148.466
6	38	0.15	0.95	-0.619332	2.52434	-49.8156
6	39	0.15	0.975	-0.687197	-0.906665	48.0328
6	40	0.15	1	1	0	0
7	0	0.175	0	0	0	66.0299
7	1	0.175	0.025	-0.0604338	-0.309689	66.0299
7	2	0.175	0.05	0.0209017	0.00782597	74.6376
7	3	0.175	0.075	-0.196769	-0.462853	55.1957
7	4	0.175	0.1	-0.440133	-0.463922	80.919
7	5	0.175	0.125	0.0641396	-0.248779	57.0434
7	6	0.175	0.15	-1.22218	-0.832563	70.9888
7	7	0.175	0.175	0.341406	-0.267364	69.6086
7	8	0.175	0.2	-1.25311	-0.788956	56.2834
7	9	0.175	0.225	0.212886	-0.566911	77.4781
7	10	0.175	0.25	-0.231444	-0.574949	51.8885
7	11	0.175	0.275	-0.827523	-0.855458	73.62
7	12	0.175	0.3	0.587718	-0.464524	58.45
7	13	0.175	0.325	-1.80477	-0.909088	62.5257
7	14	0.175	0.35	0.882769	-0.567888	65.7575
7	15	0.175	0.375	-1.0751	-0.915955	52.544
7	16	0.175	0.4	0.391939	-0.693201	69.5933
7	17	0.175	0.425	0.445698	-0.817071	45.7316
7	18	0.175	0.45	-1.44956	-0.742932	70.5712
7	19	0.175	0.475	0.96596	-0.618779	45.0068
7	20	0.175	0.5	-2.43284	-0.824705	66.8303
7	21	0.175	0.525	1.21353	-0.478611	47.4219
7	22	0.175	0.55	-1.09013	-1.13247	52.9879
7	23	0.175	0.575	0.50018	-0.206116	58.9244
7	24	0.175	0.6	0.65291	-0.934352	28.9589
7	25	0.175	0.625	-2.04988	-0.1279	75.0783
7	26	0.175	0.65	0.741298	-0.34401	16.3359
7	27	0.175	0.675	-3.60649	-0.232914	81.5319
7	28	0.175	0.7	0.814086	0.132013	14.3152
7	29	0.175	0.725	-2.61579	-0.764114	67.6173
7	30	0.175	0.75	0.658554	1.00711	32.0142
7	31	0.175	0.775	-0.361112	-0.94003	15.4085
7	32	0.175	0.8	-1.93181	1.706	73.7546
7	33	0.175	0.825	-0.0317489	0.412531	-32.0008
7	34	0.175	0.85	-5.17472	1.67757	105.389
7	35	0.175	0.875	-0.885678	1.23296	-50.6986
7	36	0.175	0.9	-5.72325	1.16986	115.534
7	37	0.175	0.925	-0.611491	1.80302	-48.9095
7	38	0.175	0.95	-3.12505	-0.270554	76.7457
7	39	0.175	0.975	0.372179	2.39018	-3.83674
7	40	0.175	1	1	0	0
8	0	0.2	0	0	0	69.6825
8	1	0.2	0.025	0.0188259	0.108096	69.6825
8	2	0.2	0.05	-0.038339	-0.439897	58.7279
8	3	0.2	0.075	-0.292014	-0.375864	79.3967
8	4	0.2	0.1	0.0599133	-0.13727	59.1605
8	5	0.2	0.125	-1.03451	-1.03001	65.8566
8	6	0.2	0.15	0.20111	-0.134547	79.3228
8	7	0.2	0.175	-1.35577	-0.922484	42.2663
8	8	0.2	0.2	0.188596	-0.704764	91.7311
8	9	0.2	0.225	-0.588118	-0.34512	41.9789
8	10	0.2	0.25	-0.430079	-1.41151	75.5884
8	11	0.2	0.275	0.30612	-0.167131	67.0049
8	12	0.2	0.3	-1.5397	-1.4099	42.0969
8	13	0.2	0.325	0.605684	-0.563838	89.6937
8	14	0.2	0.35	-1.46321	-0.756802	26.5062
8	15	0.2	0.375	0.594553	-1.26105	86.8196
8	16	0.2	0.4	0.0134037	-0.26077	42.0343
8	17	0.2	0.425	-0.727371	-1.594	57.2959
8	18	0.2	0.45	0.735415	-0.265793	69.3331
8	19	0.2	0.475	-2.32574	-1.12678	26.779
8	20	0.2	0.5	0.904609	-0.626314	82.8717
8	21	0.2	0.525	-1.84513	-0.459652	20.443
8	22	0.2	0.55	0.919246	-1.02024	73.075
8	23	0.2	0.575	0.197406	-0.0390438	34.1058
8	24	0.2	0.6	-1.10723	-0.965388	47.7995
8	25	0.2	0.625	0.720778	0.172063	52.592
8	26	0.2	0.65	-3.49136	-0.388745	24.7303
8	27	0.2	0.675	0.509846	0.111641	60.2299
8	28	0.2	0.7	-3.56197	0.192301	18.7152
8	29	0.2	0.725	0.786627	0.192444	54.0831
8	30	0.2	0.75	-1.32674	0.491942	16.8348
8	31	0.2	0.775	-0.795356	0.701767	46.8849
8	32	0.2	0.8	0.162864	1.19558	12.0357
8	33	0.2	0.825	-4.51437	1.26304	39.994
8	34	0.2	0.85	-0.618805	1.48655	9.3151
8	35	0.2	0.875	-6.31405	1.67444	39.7788
8	36	0.2	0.9	-0.633686	1.32414	-1.50911
8	37	0.2	0.925	-5.03711	1.35584	44.5202
8	38	0.2	0.95	0.31476	1.46248	-6.34321
8	39	0.2	0.975	-0.99085	0.66943	22.2069
8	40	0.2	1	1	0	0
9	0	0.225	0	0	0	65.1836
9	1	0.225	0.025	0.0573235	-0.316805	65.1836
9	2	0.225	0.05	-0.149408	-0.15293	75.1987
9	3	0.225	0.075	0.157352	-0.14778	59.8905
9	4	0.225	0.1	-0.769677	-1.01698	66.696
9	5	0.225	0.125	0.124495	0.0188201	81.0133
9	6	0.225	0.15	-1.16803	-1.20121	35.9167
9	7	0.225	0.175	-0.0294324	-0.559439	103.628
9	8	0.225	0.2	-0.726264	-0.462066	26.5719
9	9	0.225	0.225	-0.310106	-1.63824	91.5447
9	10	0.225	0.25	0.0583485	0.0217955	58.0661
9	11	0.225	0.275	-1.00783	-2.07641	42.3315
9	12	0.225	0.3	0.222141	-0.348528	99.9344
9	13	0.225	0.325	-1.29604	-1.24981	5.26857
9	14	0.225	0.35	0.240578	-1.37113	111.907
9	15	0.225	0.375	-0.311953	-0.187679	19.591
9	16	0.225	0.4	-0.210567	-2.39322	72.2096
9	17	0.225	0.425	0.464454	0.01047	68.8796
9	18	0.225	0.45	-1.50502	-2.08109	10.1743
9	19	0.225	0.475	0.333828	-0.525939	108.12
9	20	0.225	0.5	-1.78696	-0.821063	-16.3465
9	21	0.225	0.525	0.481865	-1.48904	107.15
9	22	0.225	0.55	-0.290387	0.272642	10.107
9	23	0.225	0.575	-0.257899	-2.18139	56.6145
9	24	0.225	0.6	0.530987	0.511784	61.5318
9	25	0.225	0.625	-2.35111	-1.4614	-7.1328
9	26	0.225	0.65	0.00432947	0.153783	96.4095
9	27	0.225	0.675	-3.22374	-0.151926	-33.6355
9	28	0.225	0.7	0.0433655	-0.391094	97.3076
9	29	0.225	0.725	-1.88205	0.969238	-17.6779
9	30	0.225	0.75	-0.245654	-0.829298	61.6828
9	31	0.225	0.775	-0.123328	1.62318	21.6074
9	32	0.225	0.8	-2.90379	-0.29171	5.11211
9	33	0.225	0.825	-0.601868	1.56964	53.4668
9	34	0.225	0.85	-5.30097	0.84813	-30.4405
9	35	0.225	0.875	-1.13046	1.07837	58.7046
9	36	0.225	0.9	-5.4386	1.64605	-27.9148
9	37	0.225	0.925	-0.167562	0.529138	38.683
9	38	0.225	0.95	-2.67819	1.61601	-4.1434
9	39	0.225	0.975	0.857815	0.58765	12.5995
9	40	0.225	1	1	0	0
10	0	0.25	0	0	0	69.1292
10	1	0.25	0.025	-0.00146256	-0.0194992	69.1292
10	2	0.25	0.05	0.240978	-0.165112	63.086
10	3	0.25	0.075	-0.503225	-0.763745	67.473
10	4	0.25	0.1	0.190812	0.0931292	77.9349
10	5	0.25	0.125	-0.871126	-1.28353	38.8172
10	6	0.25	0.15	-0.215507	-0.292417	105.611
10	7	0.25	0.175	-0.607291	-0.717973	18.4992
10	8	0.25	0.2	-0.533864	-1.39563	106.544
10	9	0.25	0.225	-0.0213215	0.0239297	41.4698
10	10	0.25	0.25	-0.710578	-2.3205	59.4887
10	11	0.25	0.275	0.0103557	-0.0614697	91.4661
10	12	0.25	0.3	-0.817452	-1.82575	4.33164
10	13	0.25	0.325	-0.322085	-1.01878	123.61
10	14	0.25	0.35	-0.305017	-0.532772	-0.770605
10	15	0.25	0.375	-0.374468	-2.46037	98.5062
10	16	0.25	0.4	0.332445	0.128999	48.7533
10	17	0.25	0.425	-0.740059	-2.8202	23.4342
10	18	0.25	0.45	-0.0464524	-0.231506	108.079
10	19	0.25	0.475	-1.1264	-1.57755	-30.1325
10	20	0.25	0.5	-0.421233	-1.32157	130.838
10	21	0.25	0.525	-0.402108	-0.069705	-18.8233
10	22	0.25	0.55	-0.36629	-2.66488	87.7197
10	23	0.25	0.575	0.364945	0.642058	42.9664
10	24	0.25	0.6	-1.17357	-2.54776	-1.12939
10	25	0.25	0.625	-0.338756	0.364887	104.503
10	26	0.25	0.65	-2.1107	-0.987764	-57.3259
10	27	0.25	0.675	-1.022	-0.44133	127.52
10	28	0.25	0.7	-1.67757	0.514209	-52.332
10	29	0.25	0.725	-0.925066	-1.50955	96.4691
10	30	0.25	0.75	-0.434941	1.54949	0.488923
10	31	0.25	0.775	-1.71553	-1.77585	13.4567
10	32	0.25	0.8	-0.677987	1.65806	64.0475
10	33	0.25	0.825	-3.50474	-0.453729	-61.5706
10	34	0.25	0.85	-1.71751	1.0943	98.0769
10	35	0.25	0.875	-4.4099	0.830497	-84.1208
10	36	0.25	0.9	-1.46907	0.260206	94.691
10	37	0.25	0.925	-3.26506	1.77718	-60.251
10	38	0.25	0.95	0.161891	-0.713176	49.4598
10	39	0.25	0.975	-0.152135	1.6194	-6.51339
10	40	0.25	1	1	0	0
11	0	0.275	0	0	0	66.3005
11	1	0.275	0.025	0.171051	-0.0708945	66.3005
11	2	0.275	0.05	-0.215912	-0.489178	66.0322
11	3	0.275	0.075	0.307914	0.106841	75.268
11	4	0.275	0.1	-0.589929	-1.09685	44.8524
11	5	0.275	0.125	-0.230961	-0.0940937	99.9252
11	6	0.275	0.15	-0.373476	-0.813324	21.7208
11	7	0.275	0.175	-0.872897	-0.946086	109.865
11	8	0.275	0.2	0.0744816	-0.0955942	31.3367
11	9	0.275	0.225	-0.876887	-1.98402	77.5084
11	10	0.275	0.25	0.0473595	0.129987	73.675
11	11	0.275	0.275	-0.459929	-1.96739	21.0662
11	12	0.275	0.3	-0.687836	-0.498737	115.101
11	13	0.275	0.325	-0.0216996	-0.872972	-2.66852
11	14	0.275	0.35	-1.03073	-1.84389	112.37
11	15	0.275	0.375	0.396544	0.0523569	28.1491
11	16	0.275	0.4	-0.626182	-2.76386	50.4524
11	17	0.275	0.425	-0.0638517	0.118395	87.668
11	18	0.275	0.45	-0.398357	-1.9636	-16.4861
11	19	0.275	0.475	-1.14935	-0.753815	128.122
11	20	0.275	0.5	-0.11771	-0.510886	-27.8503
11	21	0.275	0.525	-1.28437	-2.157	109.675
11	22	0.275	0.55	0.353327	0.537073	17.4948
11	23	0.275	0.575	-0.832112	-2.78954	28.3357
11	24	0.275	0.6	-0.365782	0.712963	85.8247
11	25	0.275	0.625	-0.96513	-1.48403	-47.131
11	26	0.275	0.65	-1.83308	-0.0210444	128.074
11	27	0.275	0.675	-1.03076	0.0667922	-61.0076
11	28	0.275	0.7	-2.2166	-1.16112	116.088
11	29	0.275	0.725	-0.474076	1.18601	-22.9734
11	30	0.275	0.75	-1.76664	-2.06383	43.0917
11	31	0.275	0.775	-0.66725	1.74661	45.5452
11	32	0.275	0.8	-2.01403	-1.28503	-50.3909
11	33	0.275	0.825	-2.11322	1.41776	102.447
11	34	0.275	0.85	-2.79749	0.130455	-97.2444
11	35	0.275	0.875	-2.8373	0.603618	122.363
11	36	0.275	0.9	-2.71798	1.06696	-96.3026
11	37	0.275	0.925	-1.62269	-0.731399	98.0695
11	38	0.275	0.95	-0.934911	1.80597	-47.5718
11	39	0.275	0.975	0.408544	-1.04539	24.8372
11	40	0.275	1	1	0	0
12	0	0.3	0	0	0	66.1128
12	1	0.3	0.025	0.0266163	-0.302254	66.1128
12	2	0.3	0.05	0.31993	0.157886	73.0665
12	3	0.3	0.075	-0.312865	-0.843503	49.5562
12	4	0.3	0.1	-0.105283	-0.0163735	92.9103
12	5	0.3	0.125	-0.174693	-0.67593	30.5144
12	6	0.3	0.15	-1.06367	-0.632515	102.514
12	7	0.3	0.175	0.215386	-0.146913	34.1169
12	8	0.3	0.2	-1.33735	-1.39998	82.4386
12	9	0.3	0.225	0.24375	0.118363	61.9211
12	10	0.3	0.25	-0.538485	-1.58258	39.7981
12	11	0.3	0.275	-0.659034	-0.17684	95.7523
12	12	0.3	0.3	0.24368	-0.849034	13.1557
12	13	0.3	0.325	-1.65333	-1.10336	103.447
12	14	0.3	0.35	0.581028	-0.0989984	25.2152
12	15	0.3	0.375	-1.21049	-1.99962	66.2238
12	16	0.3	0.4	0.229203	0.232921	65.7654
12	17	0.3	0.425	-0.1147	-1.69615	9.69628
12	18	0.3	0.45	-1.34184	-0.219374	104.341
12	19	0.3	0.475	0.291691	-0.551423	-11.9584
12	20	0.3	0.5	-2.29569	-1.25558	102.947
12	21	0.3	0.525	0.492391	0.320751	9.90956
12	22	0.3	0.55	-1.4734	-2.04554	50.385
12	23	0.3	0.575	-0.0699043	0.845718	59.6948
12	24	0.3	0.6	-0.397223	-1.30438	-17.9431
12	25	0.3	0.625	-2.08861	0.49236	102.904
12	26	0.3	0.65	-0.340524	0.104269	-41.8391
12	27	0.3	0.675	-3.36634	-0.392419	103.769
12	28	0.3	0.7	-0.280259	0.928659	-23.8162
12	29	0.3	0.725	-2.73181	-1.24834	57.88
12	30	0.3	0.75	-0.44713	1.60955	22.9274
12	31	0.3	0.775	-1.53147	-1.12641	-19.6112
12	32	0.3	0.8	-2.11549	1.72978	78.288
12	33	0.3	0.825	-1.42807	0.0837878	-73.058
12	34	0.3	0.85	-3.83962	1.17114	109.488
12	35	0.3	0.875	-1.6927	0.718029	-88.368
12	36	0.3	0.9	-3.54877	0.146071	110.512
12	37	0.3	0.925	-0.979421	1.26086	-71.7252
12	38	0.3	0.95	-1.27106	-1.33214	61.6185
12	39	0.3	0.975	0.485195	1.36326	-14.5203
12	40	0.3	1	1	0	0
13	0	0.325	0	0	0	68.1265
13	1	0.325	0.025	0.194504	0.197348	68.1265
13	2	0.325	0.05	-0.0276876	-0.678051	54.9084
13	3	0.325	0.075	0.0322285	0.059535	86.7795
13	4	0.325	0.1	-0.0158388	-0.490696	38.2834
13	5	0.325	0.125	-1.00366	-0.562365	92.7972
13	6	0.325	0.15	0.271681	-0.0435398	44.2836
13	7	0.325	0.175	-1.70765	-1.03814	73.8028
13	8	0.325	0.2	0.379329	0.024119	64.6158
13	9	0.325	0.225	-0.982506	-1.01243	45.2987
13	10	0.325	0.25	-0.320888	-0.258735	82.6486
13	11	0.325	0.275	0.218741	-0.480329	31.4304
13	12	0.325	0.3	-1.78496	-0.806838	81.6366
13	13	0.325	0.325	0.653734	-0.0931623	40.93
13	14	0.325	0.35	-1.9442	-1.20482	57.4676
13	15	0.325	0.375	0.556363	0.0176609	61.7917
13	16	0.325	0.4	-0.452484	-0.983793	25.6356
13	17	0.325	0.425	-0.93468	-0.195787	79.6492
13	18	0.325	0.45	0.487914	-0.196434	14.3275
13	19	0.325	0.475	-2.72634	-0.718342	73.6282
13	20	0.325	0.5	0.56363	0.232499	27.0188
13	21	0.325	0.525	-2.42123	-1.03509	43.2319
13	22	0.325	0.55	0.30415	0.534434	50.9359
13	23	0.325	0.575	-0.624129	-0.580335	4.19677
13	24	0.325	0.6	-1.66633	0.496031	72.3801
13	25	0.325	0.625	0.0578116	0.477419	-10.0858
13	26	0.325	0.65	-3.80273	0.0616967	67.3179
13	27	0.325	0.675	-0.135082	0.891703	0.404904
13	28	0.325	0.7	-3.71044	-0.26535	39.8387
13	29	0.325	0.725	-0.203511	1.18129	21.6256
13	30	0.325	0.75	-1.94166	-0.248755	-2.18095
13	31	0.325	0.775	-1.62398	1.45991	50.5072
13	32	0.325	0.8	-0.795294	0.548377	-36.0397
13	33	0.325	0.825	-4.09027	1.31181	69.008
13	34	0.325	0.85	-0.966677	0.889712	-48.6325
13	35	0.325	0.875	-4.8749	0.927104	75.6052
13	36	0.325	0.9	-0.623601	0.803807	-53.4456
13	37	0.325	0.925	-3.2486	-0.186375	65.5618
13	38	0.325	0.95	0.323168	1.07107	-33.1077
13	39	0.325	0.975	-0.129077	-0.810056	16.5193
13	40	0.325	1	1	0	0
14	0	0.35	0	0	0	62.9381
14	1	0.35	0.025	0.125293	-0.460979	62.9381
14	2	0.35	0.05	0.108602	0.189259	78.6066
14	3	0.35	0.075	0.165357	-0.43067	44.8733
14	4	0.35	0.1	-0.775129	-0.54304	85.9066
14	5	0.35	0.125	0.28619	0.100709	52.9067
14	6	0.35	0.15	-1.74603	-1.04679	62.0753
14	7	0.35	0.175	0.322645	0.0263107	76.2059
14	8	0.35	0.2	-1.41213	-0.714775	35.9304
14	9	0.35	0.225	-0.0334424	-0.539529	85.7606
14	10	0.35	0.25	-0.0760471	-0.0693658	36.8934
14	11	0.35	0.275	-1.38845	-1.10461	66.8109
14	12	0.35	0.3	0.512036	0.0942297	59.4186
14	13	0.35	0.325	-2.19347	-1.02	34.4817
14	14	0.35	0.35	0.557455	-0.225264	77.5445
14	15	0.35	0.375	-1.02496	-0.393139	18.7931
14	16	0.35	0.4	-0.332048	-0.719986	74.1485
14	17	0.35	0.425	0.363569	0.253688	30.3075
14	18	0.35	0.45	-2.32538	-0.955519	45.2739
14	19	0.35	0.475	0.432296	0.305317	53.5032
14	20	0.35	0.5	-2.82525	-0.611201	13.9216
14	21	0.35	0.525	0.322956	0.0637469	66.8679
14	22	0.35	0.55	-1.18974	0.112013	1.29523
14	23	0.35	0.575	-0.952772	-0.204899	60.379
14	24	0.35	0.6	0.0712379	0.872958	12.7135
14	25	0.35	0.625	-3.30029	-0.25278	30.8258
14	26	0.35	0.65	-0.173553	0.925999	33.1808
14	27	0.35	0.675	-3.92843	0.0791882	1.27262
14	28	0.35	0.7	-0.293698	0.686023	44.4563
14	29	0.35	0.725	-2.4567	0.512601	-13.2954
14	30	0.35	0.75	-1.08069	0.56137	43.874
14	31	0.35	0.775	-0.792294	1.07028	-13.0953
14	32	0.35	0.8	-3.43066	0.621456	30.4806
14	33	0.35	0.825	-0.740046	1.15081	-5.00981
14	34	0.35	0.85	-5.03505	0.843313	18.0136
14	35	0.35	0.875	-0.62505	0.689639	-6.30583
14	36	0.35	0.9	-4.50601	0.730798	20.6914
14	37	0.35	0.925	0.345194	0.377035	-14.4782
14	38	0.35	0.95	-1.74834	-0.119259	16.1643
14	39	0.35	0.975	0.981481	0.34785	-5.86892
14	40	0.35	1	1	0	0
15	0	0.375	0	0	0	68.259
15	1	0.375	0.025	0.130247	0.208423	68.259
15	2	0.375	0.05	0.305407	-0.427613	53.3805
15	3	0.375	0.075	-0.486038	-0.39093	79.8075
15	4	0.375	0.1	0.371108	0.154843	57.2944
15	5	0.375	0.125	-1.49906	-1.17261	55.8119
15	6	0.375	0.15	0.198313	0.129742	85.7829
15	7	0.375	0.175	-1.53861	-0.820419	22.7435
15	8	0.375	0.2	-0.0556864	-0.65799	99.4732
15	9	0.375	0.225	-0.405853	0.0970927	27.2459
15	10	0.375	0.25	-0.904014	-1.59722	70.4321
15	11	0.375	0.275	0.289168	0.321767	65.1026
15	12	0.375	0.3	-1.84719	-1.45922	18.7988
15	13	0.375	0.325	0.238653	-0.238011	96.4872
15	14	0.375	0.35	-1.30364	-0.370216	-1.66745
15	15	0.375	0.375	-0.151688	-1.22786	89.6229
15	16	0.375	0.4	0.0824321	0.50844	25.6615
15	17	0.375	0.425	-1.53636	-1.70447	38.2253
15	18	0.375	0.45	0.224206	0.454233	69.1139
15	19	0.375	0.475	-2.44171	-0.959412	-12.5612
15	20	0.375	0.5	-0.0800853	-0.188622	91.5269
15	21	0.375	0.525	-1.46774	0.24346	-19.9304
15	22	0.375	0.55	-0.696602	-1.01242	72.7852
15	23	0.375	0.575	-0.129424	1.05859	13.8152
15	24	0.375	0.6	-2.35189	-1.13114	16.1405
15	25	0.375	0.625	-0.306126	0.977073	54.8929
15	26	0.375	0.65	-3.29882	-0.299402	-31.7098
15	27	0.375	0.675	-0.729755	0.37304	73.5975
15	28	0.375	0.7	-2.46746	0.632354	-39.7055
15	29	0.375	0.725	-1.10861	-0.309353	59.9856
15	30	0.375	0.75	-0.986221	1.28366	-14.4056
15	31	0.375	0.775	-2.51875	-0.504865	16.6903
15	32	0.375	0.8	-0.772372	1.29414	20.3356
15	33	0.375	0.825	-4.11975	0.0188596	-26.1991
15	34	0.375	0.85	-0.997819	0.733321	38.5363
15	35	0.375	0.875	-4.45991	0.581279	-39.1873
15	36	0.375	0.9	-0.222065	-0.00374933	32.5412
15	37	0.375	0.925	-2.84493	0.709504	-23.8012
15	38	0.375	0.95	0.962987	-0.476495	9.78979
15	39	0.375	0.975	0.160268	0.116193	-5.13588
15	40	0.375	1	1	0	0
16	0	0.4	0	0	0	62.0479
16	1	0.4	0.025	0.245565	-0.274638	62.0479
16	2	0.4	0.05	-0.175373	-0.191043	71.8888
16	3	0.4	0.075	0.506581	0.113454	60.3986
16	4	0.4	0.1	-1.11654	-1.13642	54.6363
16	5	0.4	0.125	0.190481	0.244118	88.5724
16	6	0.4	0.15	-1.36766	-1.06429	16.2407
16	7	0.4	0.175	-0.271864	-0.52387	111.162
16	8	0.4	0.2	-0.563378	-0.0327732	12.6824
16	9	0.4	0.225	-0.766392	-1.77877	86.9915
16	10	0.4	0.25	0.129827	0.468069	55.3283
16	11	0.4	0.275	-1.32102	-2.01394	22.2458
16	12	0.4	0.3	-0.0838121	-0.0254903	102.605
16	13	0.4	0.325	-1.14137	-0.795403	-16.2699
16	14	0.4	0.35	-0.496326	-1.26383	109.351
16	15	0.4	0.375	-0.118436	0.439513	7.96576
16	16	0.4	0.4	-1.09229	-2.26731	53.5294
16	17	0.4	0.425	0.0970037	0.616019	65.0869
16	18	0.4	0.45	-1.69679	-1.61127	-18.4161
16	19	0.4	0.475	-0.546283	-0.110127	105.071
16	20	0.4	0.5	-1.2778	-0.100783	-38.4555
16	21	0.4	0.525	-1.10138	-1.31074	93.5177
16	22	0.4	0.55	-0.291488	0.953165	-0.773533
16	23	0.4	0.575	-1.77935	-1.86583	26.0303
16	24	0.4	0.6	-0.397001	1.05137	56.1685
16	25	0.4	0.625	-2.34936	-0.932959	-42.357
16	26	0.4	0.65	-1.21226	0.353557	90.3176
16	27	0.4	0.675	-1.98748	0.332383	-59
16	28	0.4	0.7	-1.7104	-0.653995	80.3255
16	29	0.4	0.725	-1.03409	1.14336	-28.6057
16	30	0.4	0.75	-2.15837	-1.26469	26.0945
16	31	0.4	0.775	-0.837406	1.32134	21.9143
16	32	0.4	0.8	-2.9367	-0.851632	-39.5104
16	33	0.4	0.825	-1.39213	0.859862	60.8131
16	34	0.4	0.85	-3.43103	-0.104804	-75.0905
16	35	0.4	0.875	-1.25263	0.0540864	73.061
16	36	0.4	0.9	-2.82349	0.535438	-72.4578
16	37	0.4	0.925	0.102771	-0.993306	51.7891
16	38	0.4	0.95	-0.649833	0.748886	-34.4497
16	39	0.4	0.975	1.06	-1.12717	6.44641
16	40	0.4	1	1	0	0
17	0	0.425	0	0	0	65.3418
17	1	0.425	0.025	0.073295	-0.102345	65.3418
17	2	0.425	0.05	0.523613	0.0924521	63.4974
17	3	0.425	0.075	-0.6687	-0.941643	54.4814
17	4	0.425	0.1	0.328652	0.31359	86.8212
17	5	0.425	0.125	-1.05104	-1.16082	17.7494
17	6	0.425	0.15	-0.423152	-0.285907	114.178
17	7	0.425	0.175	-0.509353	-0.255078	4.54458
17	8	0.425	0.2	-0.998912	-1.54124	102.201
17	9	0.425	0.225	0.0890176	0.472424	39.5631
17	10	0.425	0.25	-1.09241	-2.19979	39.8351
17	11	0.425	0.275	-0.189031	0.268867	93.0879
17	12	0.425	0.3	-0.778807	-1.20799	-14.2254
17	13	0.425	0.325	-0.966973	-0.884157	116.616
17	14	0.425	0.35	-0.110384	0.175521	-5.95248
17	15	0.425	0.375	-1.29178	-2.20488	74.6468
17	16	0.425	0.4	0.109121	0.69343	48.3802
17	17	0.425	0.425	-1.19088	-2.00478	-4.03017
17	18	0.425	0.45	-0.752072	0.191866	100.119
17	19	0.425	0.475	-0.833118	-0.460238	-40.7091
17	20	0.425	0.5	-1.73509	-1.07665	103.422
17	21	0.425	0.525	-0.280262	0.701148	-13.8137
17	22	0.425	0.55	-1.93052	-1.96498	44.2695
17	23	0.425	0.575	-0.356955	1.0657	43.191
17	24	0.425	0.6	-1.69866	-1.31292	-31.8848
17	25	0.425	0.625	-1.45656	0.539518	87.8984
17	26	0.425	0.65	-1.34777	0.0764118	-60.0717
17	27	0.425	0.675	-2.43861	-0.52833	87.3164
17	28	0.425	0.7	-0.869716	0.89473	-37.1555
17	29	0.425	0.725	-2.49059	-1.3176	39.2386
17	30	0.425	0.75	-0.778673	1.213	10.9933
17	31	0.425	0.775	-2.23046	-1.20233	-29.2887
17	32	0.425	0.8	-1.5786	0.986546	58.2856
17	33	0.425	0.825	-2.22166	-0.522429	-76.5116
17	34	0.425	0.85	-2.2109	0.335588	84.9356
17	35	0.425	0.875	-1.99931	-0.0188552	-91.4008
17	36	0.425	0.9	-1.4422	-0.720785	83.4115
17	37	0.425	0.925	-0.829339	0.583716	-69.6861
17	38	0.425	0.95	0.28103	-1.79796	38.5175
17	39	0.425	0.975	0.74061	0.319335	-18.5129
17	40	0.425	1	1	0	0
18	0	0.45	0	0	0	63.4634
18	1	0.45	0.025	0.319211	0.127905	63.4634
18	2	0.45	0.05	-0.19666	-0.748366	55.5254
18	3	0.45	0.075	0.475383	0.373643	83.1922
18	4	0.45	0.1	-0.682907	-1.09436	22.9676
18	5	0.45	0.125	-0.380077	-0.0938016	110.446
18	6	0.45	0.15	-0.34447	-0.347355	5.6895
18	7	0.45	0.175	-1.31943	-1.15053	106.987
18	8	0.45	0.2	0.136956	0.390273	29.8519
18	9	0.45	0.225	-1.32169	-1.92818	56.956
18	10	0.45	0.25	-0.070813	0.454831	77.2293
18	11	0.45	0.275	-0.582025	-1.29045	0.461221
18	12	0.45	0.3	-1.17597	-0.405986	108.192
18	13	0.45	0.325	0.0443999	-0.00295128	-5.71985
18	14	0.45	0.35	-1.8338	-1.68256	83.7047
18	15	0.45	0.375	0.221923	0.632686	34.6067
18	16	0.45	0.4	-1.266	-1.8748	15.8949
18	17	0.45	0.425	-0.608287	0.454887	83.8179
18	18	0.45	0.45	-0.462877	-0.545938	-28.0703
18	19	0.45	0.475	-2.11178	-0.64227	96.3294
18	20	0.45	0.5	-0.135158	0.546951	-13.6059
18	21	0.45	0.525	-2.49425	-1.56182	51.9341
18	22	0.45	0.55	-0.215167	0.949451	31.6529
18	23	0.45	0.575	-1.64881	-1.22251	-15.171
18	24	0.45	0.6	-1.33956	0.667453	73.619
18	25	0.45	0.625	-0.867535	0.0715023	-46.6043
18	26	0.45	0.65	-2.86227	-0.275763	77.0785
18	27	0.45	0.675	-0.629774	0.770021	-31.0458
18	28	0.45	0.7	-3.0967	-0.962722	38.7936
18	29	0.45	0.725	-0.612374	0.981155	5.13813
18	30	0.45	0.75	-2.20068	-0.971764	-16.313
18	31	0.45	0.775	-1.44792	0.903154	43.9392
18	32	0.45	0.8	-1.44424	-0.426134	-57.3648
18	33	0.45	0.825	-2.75452	0.49581	69.2886
18	34	0.45	0.85	-1.13888	-0.156529	-75.1561
18	35	0.45	0.875	-2.88694	-0.156884	78.8972
18	36	0.45	0.9	-0.459869	0.042172	-75.2799
18	37	0.45	0.925	-1.3286	-1.36996	60.7601
18	38	0.45	0.95	0.603183	0.427677	-41.8579
18	39	0.45	0.975	0.643635	-1.62896	6.95315
18	40	0.45	1	1	0	0
19	0	0.475	0	0	0	60.4722
19	1	0.475	0.025	0.119205	-0.514622	60.4722
19	2	0.475	0.05	0.476162	0.463877	76.1997
19	3	0.475	0.075	-0.268809	-1.02453	30.2166
19	4	0.475	0.1	-0.194068	0.055981	104.027
19	5	0.475	0.125	-0.155654	-0.309059	11.5669
19	6	0.475	0.15	-1.4549	-0.880806	103.108
19	7	0.475	0.175	0.184094	0.36099	30.3326
19	8	0.475	0.2	-1.77137	-1.50639	62.7077
19	9	0.475	0.225	0.114408	0.455554	67.5863
19	10	0.475	0.25	-0.767451	-1.04606	14.819
19	11	0.475	0.275	-0.9973	-0.148923	93.7006
19	12	0.475	0.3	0.151964	0.0527628	5.34411
19	13	0.475	0.325	-2.2017	-1.17772	76.5919
19	14	0.475	0.35	0.321831	0.538249	34.191
19	15	0.475	0.375	-1.76101	-1.40631	24.6999
19	16	0.475	0.4	-0.267129	0.453192	70.9971
19	17	0.475	0.425	-0.430002	-0.349383	-12.4105
19	18	0.475	0.45	-1.99059	-0.391445	80.2745
19	19	0.475	0.475	0.0158055	0.583327	-1.87068
19	20	0.475	0.5	-2.91435	-1.12824	43.3611
19	21	0.475	0.525	-0.103449	0.776384	32.5471
19	22	0.475	0.55	-2.01238	-0.843093	-8.36527
19	23	0.475	0.575	-0.991119	0.522832	62.1904
19	24	0.475	0.6	-0.716732	0.264306	-30.9953
19	25	0.475	0.625	-2.76424	-0.242285	58.9416
19	26	0.475	0.65	-0.454111	0.795081	-14.7879
19	27	0.475	0.675	-3.45199	-0.686643	22.8655
19	28	0.475	0.7	-0.506816	0.73203	12.9963
19	29	0.475	0.725	-2.50963	-0.542991	-16.7207
19	30	0.475	0.75	-1.13264	0.51456	35.7465
19	31	0.475	0.775	-1.22295	-0.0510006	-39.1222
19	32	0.475	0.8	-2.69243	0.218283	44.1402
19	33	0.475	0.825	-0.724141	0.0910016	-43.6497
19	34	0.475	0.85	-3.66381	0.0224456	44.3432
19	35	0.475	0.875	-0.181782	-0.16022	-46.712
19	36	0.475	0.9	-2.87985	-0.524755	43.7961
19	37	0.475	0.925	0.738814	-0.120828	-42.3725
19	38	0.475	0.95	-0.567115	-1.4172	20.1264
19	39	0.475	0.975	1.14465	-0.254627	-16.2974
19	40	0.475	1	1	0	0
20	0	0.5	0	0	0	64.8529
20	1	0.5	0.025	0.309574	0.425987	64.8529
20	2	0.5	0.05	0.117406	-0.958813	41.8926
20	3	0.5	0.075	0.00803529	0.259733	94.717
20	4	0.5	0.1	0.0722439	-0.307989	18.5068
20	5	0.5	0.125	-1.32997	-0.742059	97.0611
20	6	0.5	0.15	0.200673	0.421951	35.9178
20	7	0.5	0.175	-2.07287	-1.27931	58.455
20	8	0.5	0.2	0.176473	0.397324	68.9267
20	9	0.5	0.225	-1.20522	-0.744948	18.4258
20	10	0.5	0.25	-0.623185	-0.207362	86.1927
20	11	0.5	0.275	0.06277	0.260338	15.4737
20	12	0.5	0.3	-2.09551	-1.04675	63.8763
20	13	0.5	0.325	0.312425	0.541196	43.8441
20	14	0.5	0.35	-2.17507	-1.05524	18.1898
20	15	0.5	0.375	-0.0346359	0.255949	71.4298
20	16	0.5	0.4	-0.717512	-0.0637251	-6.51708
20	17	0.5	0.425	-1.49802	-0.520867	69.4907
20	18	0.5	0.45	0.0634302	0.731992	10.6648
20	19	0.5	0.475	-2.83697	-1.03214	27.8485
20	20	0.5	0.5	-0.10835	0.668388	43.6683
20	21	0.5	0.525	-2.31748	-0.561336	-15.6742
20	22	0.5	0.55	-0.737544	0.189176	63.118
20	23	0.5	0.575	-0.832098	0.475287	-24.7692
20	24	0.5	0.6	-2.29076	-0.544331	46.7944
20	25	0.5	0.625	-0.384463	0.884655	0.406661
20	26	0.5	0.65	-3.29027	-0.753827	2.80286
20	27	0.5	0.675	-0.551479	0.572547	29.2933
20	28	0.5	0.7	-2.66883	-0.328462	-30.5501
20	29	0.5	0.725	-0.963381	0.030984	41.6434
20	30	0.5	0.75	-1.29306	0.25576	-34.8595
20	31	0.5	0.775	-2.22632	-0.428031	29.3355
20	32	0.5	0.8	-0.668321	0.371582	-19.0799
20	33	0.5	0.825	-3.53804	-0.432352	6.17289
20	34	0.5	0.85	-0.33688	-0.0547764	-7.45623
20	35	0.5	0.875	-3.59804	-0.273214	-2.59424
20	36	0.5	0.9	0.609309	-0.542593	-10.3841
20	37	0.5	0.925	-1.87374	-0.600051	0.214336
20	38	0.5	0.95	1.36195	-0.643652	-13.5129
20	39	0.5	0.975	0.56201	-1.06323	-6.96099
20	40	0.5	1	1	0	0
21	0	0.525	0	0	0	56.3031
21	1	0.525	0.025	0.249282	-0.646888	56.3031
21	2	0.525	0.05	0.153851	0.456452	80.0879
21	3	0.525	0.075	0.343343	-0.432604	28.1592
21	4	0.525	0.1	-1.03107	-0.544506	90.9867
21	5	0.525	0.125	0.271165	0.476204	40.6848
21	6	0.525	0.15	-2.05897	-1.27571	52.9018
21	7	0.525	0.175	0.100423	0.412288	75.6085
21	8	0.525	0.2	-1.56582	-0.668983	12.2702
21	9	0.525	0.225	-0.397974	-0.363741	90.4958
21	10	0.525	0.25	-0.193398	0.42354	15.5392
21	11	0.525	0.275	-1.65549	-1.2763	59.3885
21	12	0.525	0.3	0.209953	0.644832	51.9496
21	13	0.525	0.325	-2.16422	-1.10664	6.87212
21	14	0.525	0.35	-0.0756799	0.116621	81.3648
21	15	0.525	0.375	-1.02825	0.0404594	-13.1813
21	16	0.525	0.4	-1.07007	-0.852434	72.2577
21	17	0.525	0.425	-0.0102017	0.860265	13.8913
21	18	0.525	0.45	-2.34874	-1.30901	19.3364
21	19	0.525	0.475	-0.1856	0.673727	54.4084
21	20	0.525	0.5	-2.25087	-0.601726	-27.9795
21	21	0.525	0.525	-0.771719	-0.073073	73.2029
21	22	0.525	0.55	-0.975141	0.524739	-29.7578
21	23	0.525	0.575	-1.87583	-0.971316	47.6557
21	24	0.525	0.6	-0.387322	0.950758	5.89483
21	25	0.525	0.625	-2.76597	-1.09424	-8.47735
21	26	0.525	0.65	-0.669874	0.53917	42.8362
21	27	0.525	0.675	-2.44949	-0.427121	-46.0679
21	28	0.525	0.7	-1.09851	-0.270836	55.1046
21	29	0.525	0.725	-1.32656	0.313614	-42.6795
21	30	0.525	0.75	-1.86036	-1.03292	31.0316
21	31	0.525	0.775	-0.709639	0.514669	-11.2124
21	32	0.525	0.8	-2.86604	-1.14777	-13.9068
21	33	0.525	0.825	-0.661428	0.105787	19.4402
21	34	0.525	0.85	-3.30727	-0.751745	-44.7513
21	35	0.525	0.875	-0.0585397	-0.59373	30.2975
21	36	0.525	0.9	-2.45349	-0.327946	-44.732
21	37	0.525	0.925	1.13213	-1.27699	16.3051
21	38	0.525	0.95	-0.234014	-0.409091	-23.2741
21	39	0.525	0.975	1.33247	-1.36672	-6.45517
21	40	0.525	1	1	0	0
22	0	0.55	0	0	0	63.6558
22	1	0.55	0.025	0.204881	0.390745	63.6558
22	2	0.55	0.05	0.498656	-0.515915	42.2069
22	3	0.55	0.075	-0.647509	-0.230486	81.7763
22	4	0.55	0.1	0.46102	0.423703	44.3369
22	5	0.55	0.125	-1.80093	-1.26184	50.9624
22	6	0.55	0.15	0.0514766	0.489705	80.1736
22	7	0.55	0.175	-1.65834	-0.8256	5.30398
22	8	0.55	0.2	-0.439446	-0.379036	100.33
22	9	0.55	0.225	-0.451388	0.393332	6.49802
22	10	0.55	0.25	-1.29758	-1.54033	67.7965
22	11	0.55	0.275	0.0934969	0.761995	50.1402
22	12	0.55	0.3	-1.82469	-1.454	3.89751
22	13	0.55	0.325	-0.259822	0.166004	89.2777
22	14	0.55	0.35	-1.10449	-0.143656	-23.5502
22	15	0.55	0.375	-1.0172	-1.03408	84.0296
22	16	0.55	0.4	-0.120995	0.852983	6.45951
22	17	0.55	0.425	-1.87443	-1.68613	24.4413
22	18	0.55	0.45	-0.235884	0.756571	56.0598
22	19	0.55	0.475	-1.88251	-0.881566	-33.5621
22	20	0.55	0.5	-0.972995	-0.121767	82.0484
22	21	0.55	0.525	-0.954323	0.379976	-38.0252
22	22	0.55	0.55	-1.82427	-1.22092	56.7211
22	23	0.55	0.575	-0.388071	0.92049	1.69042
22	24	0.55	0.6	-2.29081	-1.44003	-6.67158
22	25	0.55	0.625	-0.733981	0.58516	46.4507
22	26	0.55	0.65	-1.98134	-0.659724	-52.4984
22	27	0.55	0.675	-1.39428	-0.323874	64.552
22	28	0.55	0.7	-1.16402	0.176538	-51.3311
22	29	0.55	0.725	-1.88911	-1.28296	40.3957
22	30	0.55	0.75	-0.676654	0.495934	-15.8858
22	31	0.55	0.775	-2.25588	-1.62741	-13.536
22	32	0.55	0.8	-0.86233	0.227344	26.5073
22	33	0.55	0.825	-2.49156	-1.33151	-61.3277
22	34	0.55	0.85	-0.861836	-0.432108	54.2396
22	35	0.55	0.875	-2.13116	-0.782208	-79.6256
22	36	0.55	0.9	0.120097	-1.37902	53.6665
22	37	0.55	0.925	-0.669999	-0.21436	-59.2688
22	38	0.55	0.95	1.20173	-2.03124	18.2445
22	39	0.55	0.975	0.895148	-0.639823	-20.8939
22	40	0.55	1	1	0	0
23	0	0.575	0	0	0	55.0841
23	1	0.575	0.025	0.349257	-0.32544	55.0841
23	2	0.575	0.05	-0.228999	-0.00870144	69.0231
23	3	0.575	0.075	0.668065	0.280455	49.7398
23	4	0.575	0.1	-1.40618	-1.08626	50.3362
23	5	0.575	0.125	0.164717	0.545893	80.8182
23	6	0.575	0.15	-1.52787	-0.997794	3.67961
23	7	0.575	0.175	-0.561696	-0.244686	107.104
23	8	0.575	0.2	-0.57474	0.196896	-3.35284
23	9	0.575	0.225	-1.2685	-1.56079	82.239
23	10	0.575	0.25	0.0226291	0.793181	39.5421
23	11	0.575	0.275	-1.5236	-1.77856	13.3646
23	12	0.575	0.3	-0.368753	0.349568	87.5661
23	13	0.575	0.325	-0.962803	-0.467964	-27.192
23	14	0.575	0.35	-1.22164	-0.926733	93.5847
23	15	0.575	0.375	-0.165705	0.696357	-3.98295
23	16	0.575	0.4	-1.76339	-1.84961	37.9737
23	17	0.575	0.425	-0.197412	0.816724	48.3803
23	18	0.575	0.45	-1.5304	-1.17137	-28.1715
23	19	0.575	0.475	-1.0892	-0.00351789	82.5229
23	20	0.575	0.5	-0.776218	0.173045	-40.9157
23	21	0.575	0.525	-2.04016	-1.214	63.7704
23	22	0.575	0.55	-0.331716	0.784685	-4.65085
23	23	0.575	0.575	-2.16838	-1.57662	1.96162
23	24	0.575	0.6	-0.66364	0.597308	41.6152
23	25	0.575	0.625	-1.56954	-0.817329	-48.2391
23	26	0.575	0.65	-1.59522	-0.263542	64.1159
23	27	0.575	0.675	-0.8732	0.02321	-51.7629
23	28	0.575	0.7	-2.19869	-1.22719	44.7235
23	29	0.575	0.725	-0.525093	0.34791	-21.2788
23	30	0.575	0.75	-2.07006	-1.67488	-5.11211
23	31	0.575	0.775	-0.827163	0.23213	20.2268
23	32	0.575	0.8	-1.75217	-1.52978	-55.2308
23	33	0.575	0.825	-1.40327	-0.25432	54.5416
23	34	0.575	0.85	-1.39464	-1.20141	-84.4042
23	35	0.575	0.875	-1.13939	-1.06891	69.6604
23	36	0.575	0.9	-0.515604	-0.648679	-83.1506
23	37	0.575	0.925	0.170655	-2.172	48.6229
23	38	0.575	0.95	0.72176	-0.242215	-44.1475
23	39	0.575	0.975	1.08458	-2.15319	-1.71167
23	40	0.575	1	1	0	0
24	0	0.6	0	0	0	59.2976
24	1	0.6	0.025	0.0849134	-0.0217572	59.2976
24	2	0.6	0.05	0.664923	0.194545	55.7494
24	3	0.6	0.075	-0.896621	-0.865417	48.1747
24	4	0.6	0.1	0.40775	0.541556	80.1211
24	5	0.6	0.125	-1.28902	-1.04354	6.26069
24	6	0.6	0.15	-0.546219	-0.0931097	108.273
24	7	0.6	0.175	-0.561998	-0.000317616	-7.6811
24	8	0.6	0.2	-1.4469	-1.36636	93.0406
24	9	0.6	0.225	0.00812593	0.711955	28.0505
24	10	0.6	0.25	-1.53267	-1.85757	28.8064
24	11	0.6	0.275	-0.311177	0.51796	77.815
24	12	0.6	0.3	-0.823987	-0.724035	-21.3301
24	13	0.6	0.325	-1.35935	-0.648645	94.3173
24	14	0.6	0.35	-0.126467	0.507817	-9.13147
24	15	0.6	0.375	-1.96947	-1.73645	49.2424
24	16	0.6	0.4	-0.0899793	0.777541	38.6104
24	17	0.6	0.425	-1.47	-1.30331	-16.8743
24	18	0.6	0.45	-0.970303	0.131896	75.8284
24	19	0.6	0.475	-0.59085	0.0388933	-36.731
24	20	0.6	0.5	-2.19686	-1.09321	63.4406
24	21	0.6	0.525	-0.235972	0.631205	-6.03471
24	22	0.6	0.55	-2.3467	-1.52679	7.55102
24	23	0.6	0.575	-0.488985	0.495739	36.1409
24	24	0.6	0.6	-1.43885	-0.828477	-40.2383
24	25	0.6	0.625	-1.52716	-0.277599	57.2343
24	26	0.6	0.65	-0.6264	-0.0266161	-44.2845
24	27	0.6	0.675	-2.45547	-1.14384	39.0855
24	28	0.6	0.7	-0.34917	0.169787	-18.5347
24	29	0.6	0.725	-2.24782	-1.47212	-2.81538
24	30	0.6	0.75	-0.608674	0.0465184	13.9396
24	31	0.6	0.775	-1.42415	-1.33668	-42.5893
24	32	0.6	0.8	-1.51963	-0.286764	40.7691
24	33	0.6	0.825	-0.798438	-1.16623	-66.6386
24	34	0.6	0.85	-2.06357	-0.77472	57.1486
24	35	0.6	0.875	-0.117901	-1.03742	-75.9777
24	36	0.6	0.9	-1.26618	-1.6456	55.6431
24	37	0.6	0.925	0.792648	-0.602621	-60.0154
24	38	0.6	0.95	0.360372	-2.3409	19.2303
24	39	0.6	0.975	1.17393	-0.848264	-23.3558
24	40	0.6	1	1	0	0
25	0	0.625	0	0	0	56.7998
25	1	0.625	0.025	0.374699	0.195191	56.7998
25	2	0.625	0.05	-0.316802	-0.760129	47.7216
25	3	0.625	0.075	0.605082	0.549138	78.6491
25	4	0.625	0.1	-0.964309	-1.04584	9.68737
25	5	0.625	0.125	-0.337909	-0.00256026	106.744
25	6	0.625	0.15	-0.489162	-0.0991697	-7.16137
25	7	0.625	0.175	-1.55658	-1.16549	97.0776
25	8	0.625	0.2	0.0138839	0.602554	21.9995
25	9	0.625	0.225	-1.80154	-1.73901	40.6916
25	10	0.625	0.25	-0.161238	0.559692	67.6792
25	11	0.625	0.275	-0.902538	-0.825015	-11.33
25	12	0.625	0.3	-1.23617	-0.398713	88.5829
25	13	0.625	0.325	-0.0792014	0.405655	-7.58245
25	14	0.625	0.35	-2.16338	-1.52521	52.6675
25	15	0.625	0.375	0.00638404	0.683144	33.8134
25	16	0.625	0.4	-1.69673	-1.2875	-8.33673
25	17	0.625	0.425	-0.679882	0.163218	69.0265
25	18	0.625	0.45	-0.554947	-0.000282054	-30.5443
25	19	0.625	0.475	-2.05425	-1.02705	58.9262
25	20	0.625	0.5	-0.151722	0.558052	-2.41856
25	21	0.625	0.525	-2.51356	-1.48291	6.19634
25	22	0.625	0.55	-0.335474	0.33626	36.3001
25	23	0.625	0.575	-1.56821	-0.783203	-36.9307
25	24	0.625	0.6	-1.23128	-0.441012	52.4952
25	25	0.625	0.625	-0.530992	0.0159749	-36.4333
25	26	0.625	0.65	-2.39446	-1.25286	29.1972
25	27	0.625	0.675	-0.260464	0.0654588	-8.91874
25	28	0.625	0.7	-2.4484	-1.3615	-10.957
25	29	0.625	0.725	-0.406324	-0.247523	16.9858
25	30	0.625	0.75	-1.46253	-1.04187	-38.1024
25	31	0.625	0.775	-1.27259	-0.639451	29.2613
25	32	0.625	0.8	-0.577992	-0.855526	-45.9784
25	33	0.625	0.825	-2.35616	-0.889689	30.5008
25	34	0.625	0.85	0.0511367	-1.00919	-47.579
25	35	0.625	0.875	-2.34673	-1.1829	30.8215
25	36	0.625	0.9	0.902639	-1.05816	-47.1487
25	37	0.625	0.925	-0.862508	-1.84219	19.8668
25	38	0.625	0.95	1.38289	-0.848695	-30.43
25	39	0.625	0.975	0.817517	-1.96667	-8.65375
25	40	0.625	1	1	0	0
26	0	0.65	0	0	0	53.4511
26	1	0.65	0.025	0.0956381	-0.595833	53.4511
26	2	0.65	0.05	0.59909	0.626067	72.2239
26	3	0.65	0.075	-0.505733	-1.15874	15.4775
26	4	0.65	0.1	-0.0381615	0.109821	104.318
26	5	0.65	0.125	-0.379708	-0.177675	-5.78462
26	6	0.65	0.15	-1.44032	-1.07113	98.2769
26	7	0.65	0.175	0.00601163	0.553489	20.7423
26	8	0.65	0.2	-2.05741	-1.64266	45.6586
26	9	0.65	0.225	-0.064002	0.508134	63.0862
26	10	0.65	0.25	-1.21083	-0.84274	-4.72481
26	11	0.65	0.275	-0.926371	-0.29954	83.7286
26	12	0.65	0.3	-0.127482	0.391153	-4.39963
26	13	0.65	0.325	-2.08328	-1.40725	51.6906
26	14	0.65	0.35	0.0374181	0.636177	34.2042
26	15	0.65	0.375	-1.94163	-1.27639	-6.30776
26	16	0.65	0.4	-0.432002	0.115622	67.6832
26	17	0.65	0.425	-0.705382	-0.0240391	-28.5812
26	18	0.65	0.45	-1.6541	-1.0649	57.5065
26	19	0.65	0.475	-0.109896	0.580344	0.504441
26	20	0.65	0.5	-2.40604	-1.58202	2.7568
26	21	0.65	0.525	-0.283434	0.248987	40.8462
26	22	0.65	0.55	-1.72567	-0.835726	-40.438
26	23	0.65	0.575	-0.945189	-0.639675	55.2768
26	24	0.65	0.6	-0.573908	0.0601346	-35.3864
26	25	0.65	0.625	-2.03199	-1.53981	24.8438
26	26	0.65	0.65	-0.255196	0.0662899	-0.717205
26	27	0.65	0.675	-2.37948	-1.52518	-22.2983
26	28	0.65	0.7	-0.377533	-0.458947	27.4019
26	29	0.65	0.725	-1.58183	-0.939643	-45.0535
26	30	0.65	0.75	-0.962899	-1.11619	30.1387
26	31	0.65	0.775	-0.615047	-0.588159	-37.036
26	32	0.65	0.8	-2.06968	-1.42896	10.7487
26	33	0.65	0.825	-0.0928331	-0.785599	-20.3056
26	34	0.65	0.85	-2.64679	-1.31357	-6.42315
26	35	0.65	0.875	0.659779	-1.20161	-14.2438
26	36	0.65	0.9	-1.83174	-1.30843	-9.18744
26	37	0.65	0.925	1.47985	-1.39732	-16.7188
26	38	0.65	0.95	0.0840029	-1.52601	-10.7761
26	39	0.65	0.975	1.32712	-1.54209	-16.4705
26	40	0.65	1	1	0	0
27	0	0.675	0	0	0	58.9803
27	1	0.675	0.025	0.380665	0.567259	58.9803
27	2	0.675	0.05	0.00956951	-1.26837	28.9797
27	3	0.675	0.075	0.223737	0.366495	97.2771
27	4	0.675	0.1	-0.162459	-0.402225	-3.79395
27	5	0.675	0.125	-1.13456	-0.966374	100.538
27	6	0.675	0.15	0.0143056	0.550131	19.4711
27	7	0.675	0.175	-2.09266	-1.69353	48.2696
27	8	0.675	0.2	-0.0758083	0.474473	63.0442
27	9	0.675	0.225	-1.54777	-0.932354	-3.94697
27	10	0.675	0.25	-0.675193	-0.308894	84.6343
27	11	0.675	0.275	-0.312967	0.366634	-5.30847
27	12	0.675	0.3	-1.76286	-1.42835	53.6693
27	13	0.675	0.325	0.0108549	0.666283	34.3619
27	14	0.675	0.35	-1.95417	-1.39049	-6.50199
27	15	0.675	0.375	-0.362577	0.10695	70.3944
27	16	0.675	0.4	-0.903418	-0.144149	-32.0281
27	17	0.675	0.425	-1.28047	-1.10917	62.9417
27	18	0.675	0.45	-0.118213	0.624255	-2.46666
27	19	0.675	0.475	-2.04091	-1.78108	5.00724
27	20	0.675	0.5	-0.286585	0.294895	43.2121
27	21	0.675	0.525	-1.68043	-1.04823	-44.946
27	22	0.675	0.55	-0.860138	-0.695971	62.6324
27	23	0.675	0.575	-0.645193	0.00448984	-41.6243
27	24	0.675	0.6	-1.6475	-1.79183	30.6331
27	25	0.675	0.625	-0.258771	0.131175	-0.776778
27	26	0.675	0.65	-2.02691	-1.86248	-26.4702
27	27	0.675	0.675	-0.47164	-0.480899	35.9242
27	28	0.675	0.7	-1.52731	-1.10892	-55.5405
27	29	0.675	0.725	-0.8729	-1.40152	40.3561
27	30	0.675	0.75	-0.683046	-0.523659	-41.6146
27	31	0.675	0.775	-1.6047	-2.01529	8.44934
27	32	0.675	0.8	-0.307081	-0.605887	-8.52239
27	33	0.675	0.825	-2.27127	-1.89959	-30.8731
27	34	0.675	0.85	0.102992	-1.10793	15.039
27	35	0.675	0.875	-2.05792	-1.42708	-47.6773
27	36	0.675	0.9	1.0321	-1.7081	15.7217
27	37	0.675	0.925	-0.602614	-1.12566	-37.1933
27	38	0.675	0.95	1.51291	-1.93106	-1.96678
27	39	0.675	0.975	0.888875	-1.46058	-20.4935
27	40	0.675	1	1	0	0
28	0	0.7	0	0	0	48.3291
28	1	0.7	0.025	0.272111	-0.934472	48.3291
28	2	0.7	0.05	0.381363	0.671993	80.7244
28	3	0.7	0.075	0.206575	-0.813159	4.57647
28	4	0.7	0.1	-0.750299	-0.637711	101.31
28	5	0.7	0.125	0.127891	0.492614	15.9238
28	6	0.7	0.15	-1.91193	-1.78347	54.2487
28	7	0.7	0.175	-0.10592	0.508041	62.345
28	8	0.7	0.2	-1.71778	-1.16664	-4.62214
28	9	0.7	0.225	-0.621748	-0.300574	89.4318
28	10	0.7	0.25	-0.556237	0.221928	-11.1708
28	11	0.7	0.275	-1.47381	-1.48817	62.1796
28	12	0.7	0.3	-0.0453453	0.703408	29.4727
28	13	0.7	0.325	-1.75274	-1.60186	-1.99562
28	14	0.7	0.35	-0.404682	0.185929	71.1102
28	15	0.7	0.375	-0.96829	-0.397193	-35.6964
28	16	0.7	0.4	-1.16797	-1.04006	71.4965
28	17	0.7	0.425	-0.144315	0.572959	-10.7759
28	18	0.7	0.45	-1.69799	-1.9133	15.6204
28	19	0.7	0.475	-0.25124	0.411521	38.4899
28	20	0.7	0.5	-1.4183	-1.32546	-42.8269
28	21	0.7	0.525	-0.926689	-0.566119	66.6069
28	22	0.7	0.55	-0.606536	-0.185269	-48.4169
28	23	0.7	0.575	-1.52273	-1.80604	41.7704
28	24	0.7	0.6	-0.20687	0.162773	-8.71538
28	25	0.7	0.625	-1.63591	-2.12445	-19.4024
28	26	0.7	0.65	-0.524283	-0.358636	35.4159
28	27	0.7	0.675	-1.24714	-1.39931	-59.2021
28	28	0.7	0.7	-1.01034	-1.37758	49.0572
28	29	0.7	0.725	-0.621567	-0.656985	-50.9685
28	30	0.7	0.75	-1.36268	-2.2801	18.4696
28	31	0.7	0.775	-0.382869	-0.540811	-12.4159
28	32	0.7	0.8	-1.68923	-2.42625	-33.2203
28	33	0.7	0.825	-0.40068	-0.959407	25.9452
28	34	0.7	0.85	-1.67049	-1.96663	-69.0118
28	35	0.7	0.875	0.135738	-1.66299	42.9148
28	36	0.7	0.9	-0.79657	-1.25899	-69.4852
28	37	0.7	0.925	1.0764	-2.38436	26.4075
28	38	0.7	0.95	0.577706	-0.924696	-38.2559
28	39	0.7	0.975	1.22171	-2.30914	-9.38058
28	40	0.7	1	1	0	0
29	0	0.725	0	0	0	58.5955
29	1	0.725	0.025	0.374719	0.638186	58.5955
29	2	0.725	0.05	0.541368	-1.08661	23.7049
29	3	0.725	0.075	-0.338261	-0.0823202	93.3235
29	4	0.725	0.1	0.423843	0.268798	13.8974
29	5	0.725	0.125	-1.62909	-1.67907	63.2715
29	6	0.725	0.15	-0.0142669	0.568549	57.9344
29	7	0.725	0.175	-1.70657	-1.45449	-1.22917
29	8	0.725	0.2	-0.651691	-0.219099	92.722
29	9	0.725	0.225	-0.732184	-0.0580498	-17.5767
29	10	0.725	0.25	-1.42205	-1.47839	73.9099
29	11	0.725	0.275	-0.104081	0.640032	20.0209
29	12	0.725	0.3	-1.59348	-1.79131	9.38976
29	13	0.725	0.325	-0.407749	0.284679	65.9305
29	14	0.725	0.35	-0.896019	-0.699761	-33.7167
29	15	0.725	0.375	-1.24894	-0.877709	75.992
29	16	0.725	0.4	-0.12991	0.372245	-18.1521
29	17	0.725	0.425	-1.65017	-1.8671	29.0083
29	18	0.725	0.45	-0.128025	0.451115	28.4243
29	19	0.725	0.475	-1.17271	-1.51071	-32.4147
29	20	0.725	0.5	-0.93142	-0.379298	62.3421
29	21	0.725	0.525	-0.429433	-0.422691	-48.1961
29	22	0.725	0.55	-1.6642	-1.60627	48.4069
29	23	0.725	0.575	-0.0710483	0.0664851	-16.9536
29	24	0.725	0.6	-1.50627	-2.13144	-6.81354
29	25	0.725	0.625	-0.4108	-0.251368	26.7453
29	26	0.725	0.65	-0.907664	-1.59233	-52.3334
29	27	0.725	0.675	-1.16285	-1.18485	48.1165
29	28	0.725	0.7	-0.401462	-0.870758	-54.1133
29	29	0.725	0.725	-1.45823	-2.16404	27.5445
29	30	0.725	0.75	-0.25752	-0.611931	-21.9833
29	31	0.725	0.775	-1.32173	-2.56562	-21.691
29	32	0.725	0.8	-0.5924	-0.859883	19.6177
29	33	0.725	0.825	-1.11931	-2.33888	-66.151
29	34	0.725	0.85	-0.700747	-1.45813	48.9741
29	35	0.725	0.875	-0.55681	-1.7546	-83.187
29	36	0.725	0.9	0.0350033	-2.29602	49.0228
29	37	0.725	0.925	0.442532	-1.04872	-62.7494
29	38	0.725	0.95	0.922107	-2.67355	12.9884
29	39	0.725	0.975	1.04561	-1.32457	-26.2933
29	40	0.725	1	1	0	0
30	0	0.75	0	0	0	45.5269
30	1	0.75	0.025	0.493955	-0.763881	45.5269
30	2	0.75	0.05	0.0808284	0.367519	74.3863
30	3	0.75	0.075	0.816937	-0.100497	19.9584
30	4	0.75	0.1	-1.27526	-1.26274	68.4235
30	5	0.75	0.125	0.281665	0.577088	52.0016
30	6	0.75	0.15	-1.62471	-1.63831	6.85566
30	7	0.75	0.175	-0.54565	-0.0991387	91.8038
30	8	0.75	0.2	-0.80502	-0.368773	-20.2248
30	9	0.75	0.225	-1.5111	-1.41201	83.0915
30	10	0.75	0.25	-0.144513	0.443929	10.9764
30	11	0.75	0.275	-1.69516	-1.89706	23.0726
30	12	0.75	0.3	-0.298478	0.287861	57.0297
30	13	0.75	0.325	-0.882995	-0.950071	-26.0229
30	14	0.75	0.35	-1.24768	-0.75966	73.7438
30	15	0.75	0.375	-0.083586	0.107274	-19.2614
30	16	0.75	0.4	-1.85691	-1.74715	36.6765
30	17	0.75	0.425	0.0466178	0.308414	20.4239
30	18	0.75	0.45	-1.21719	-1.54536	-20.2932
30	19	0.75	0.475	-0.703321	-0.329745	53.1468
30	20	0.75	0.5	-0.261109	-0.582333	-40.5596
30	21	0.75	0.525	-1.78597	-1.43891	45.4363
30	22	0.75	0.55	0.102367	-0.133857	-17.4728
30	23	0.75	0.575	-1.7115	-1.95369	0.355339
30	24	0.75	0.6	-0.131731	-0.324084	18.414
30	25	0.75	0.625	-0.769512	-1.57853	-41.0566
30	26	0.75	0.65	-1.08571	-1.08445	38.8729
30	27	0.75	0.675	-0.143244	-1.00727	-47.1847
30	28	0.75	0.7	-1.69365	-1.92164	25.8774
30	29	0.75	0.725	-0.00698364	-0.796911	-25.0983
30	30	0.75	0.75	-1.33785	-2.34709	-11.6548
30	31	0.75	0.775	-0.431496	-0.916707	7.76492
30	32	0.75	0.8	-0.757606	-2.3052	-50.3786
30	33	0.75	0.825	-1.10982	-1.32743	36.3983
30	34	0.75	0.85	-0.232925	-2.02747	-72.7041
30	35	0.75	0.875	-1.02402	-1.95729	48.2329
30	36	0.75	0.9	0.507073	-1.49697	-70.0655
30	37	0.75	0.925	0.000950056	-2.63646	29.4653
30	38	0.75	0.95	1.05406	-1.04646	-39.6501
30	39	0.75	0.975	0.916307	-2.46236	-9.64725
30	40	0.75	1	1	0	0
31	0	0.775	0	0	0	54.3743
31	1	0.775	0.025	0.330268	0.34525	54.3743
31	2	0.775	0.05	0.967155	-0.324511	33.9807
31	3	0.775	0.075	-0.748753	-0.713082	63.8378
31	4	0.775	0.1	0.73787	0.507285	49.4807
31	5	0.775	0.125	-1.51616	-1.63575	14.9029
31	6	0.775	0.15	-0.189874	0.00633633	88.9198
31	7	0.775	0.175	-0.841647	-0.602501	-19.6741
31	8	0.775	0.2	-1.44893	-1.36208	88.2704
31	9	0.775	0.225	-0.166124	0.220705	5.79148
31	10	0.775	0.25	-1.9796	-2.00546	32.9622
31	11	0.775	0.275	-0.141532	0.152512	50.4329
31	12	0.775	0.3	-1.13305	-1.14906	-18.5619
31	13	0.775	0.325	-0.972334	-0.786936	69.589
31	14	0.775	0.35	-0.10092	-0.0974879	-16.2385
31	15	0.775	0.375	-1.9785	-1.78825	36.8538
31	16	0.775	0.4	0.162132	0.0559212	19.8933
31	17	0.775	0.425	-1.57031	-1.5743	-15.412
31	18	0.775	0.45	-0.290012	-0.504491	48.1381
31	19	0.775	0.475	-0.303927	-0.641265	-33.5192
31	20	0.775	0.5	-1.5689	-1.54162	38.3899
31	21	0.775	0.525	0.207766	-0.305449	-10.6987
31	22	0.775	0.55	-1.9832	-1.89974	-3.41752
31	23	0.775	0.575	0.150964	-0.56875	19.2443
31	24	0.775	0.6	-0.962931	-1.4576	-36.471
31	25	0.775	0.625	-0.693916	-1.25813	31.383
31	26	0.775	0.65	-0.0215657	-0.990764	-37.0205
31	27	0.775	0.675	-1.7269	-1.9015	15.2277
31	28	0.775	0.7	0.196274	-0.972658	-17.3803
31	29	0.775	0.725	-1.59447	-2.07898	-13.9678
31	30	0.775	0.75	-0.0833106	-1.16596	3.89055
31	31	0.775	0.775	-0.73083	-2.0016	-38.3046
31	32	0.775	0.8	-0.999276	-1.46155	19.5621
31	33	0.775	0.825	-0.0765618	-1.92046	-51.2997
31	34	0.775	0.85	-1.61364	-1.78409	27.6181
31	35	0.775	0.875	0.542694	-1.79684	-54.5122
31	36	0.775	0.9	-1.04417	-2.21058	23.8021
31	37	0.775	0.925	1.10643	-1.43537	-43.1711
31	38	0.775	0.95	0.284919	-2.35298	1.21704
31	39	0.775	0.975	1.10975	-1.58274	-23.136
31	40	0.775	1	1	0	0
32	0	0.8	0	0	0	45.5087
32	1	0.8	0.025	0.630893	-0.193737	45.5087
32	2	0.8	0.05	-0.0619684	-0.362181	53.6469
32	3	0.8	0.075	1.11342	0.450734	51.3952
32	4	0.8	0.1	-1.21238	-1.51439	18.6387
32	5	0.8	0.125	0.333987	0.117871	87.8924
32	6	0.8	0.15	-0.899802	-0.762037	-20.2293
32	7	0.8	0.175	-1.03862	-1.31659	93.548
32	8	0.8	0.2	-0.176117	0.117206	1.85592
32	9	0.8	0.225	-2.10993	-2.23843	39.0878
32	10	0.8	0.25	-0.0553482	-0.00725221	49.0458
32	11	0.8	0.275	-1.62293	-1.42863	-17.3567
32	12	0.8	0.3	-0.521352	-0.910806	71.3173
32	13	0.8	0.325	-0.29913	-0.216471	-17.2094
32	14	0.8	0.35	-1.70575	-2.08196	37.6488
32	15	0.8	0.375	0.152891	-0.122909	23.1048
32	16	0.8	0.4	-1.91727	-1.85836	-19.1856
32	17	0.8	0.425	0.038689	-0.757442	53.2283
32	18	0.8	0.45	-0.647417	-0.726168	-36.4801
32	19	0.8	0.475	-0.972843	-1.90313	39.2262
32	20	0.8	0.5	0.185392	-0.356504	-6.36421
32	21	0.8	0.525	-1.93365	-2.23046	-11.1613
32	22	0.8	0.55	0.248897	-0.7807	28.5751
32	23	0.8	0.575	-1.33691	-1.50537	-44.3561
32	24	0.8	0.6	-0.198614	-1.61029	35.9144
32	25	0.8	0.625	-0.129962	-0.88859	-35.3735
32	26	0.8	0.65	-1.3525	-2.25711	7.83137
32	27	0.8	0.675	0.237619	-1.0074	-6.42919
32	28	0.8	0.7	-1.7451	-2.12011	-26.7285
32	29	0.8	0.725	0.163331	-1.44021	12.9421
32	30	0.8	0.75	-0.955106	-1.72717	-40.6852
32	31	0.8	0.775	-0.55638	-1.86059	13.7807
32	32	0.8	0.8	-0.137396	-1.62335	-36.4008
32	33	0.8	0.825	-1.57465	-2.01366	4.65895
32	34	0.8	0.85	0.386167	-1.77708	-29.4262
32	35	0.8	0.875	-1.66861	-2.0046	-1.54066
32	36	0.8	0.9	0.994384	-1.81257	-26.1714
32	37	0.8	0.925	-0.555303	-2.03926	-6.8558
32	38	0.8	0.95	1.20922	-1.61619	-20.6301
32	39	0.8	0.975	0.742998	-2.03994	-16.5294
32	40	0.8	1	1	0	0
33	0	0.825	0	0	0	47.802
33	1	0.825	0.025	0.357721	-0.226074	47.802
33	2	0.825	0.05	1.08883	0.465362	51.6273
33	3	0.825	0.075	-0.504786	-1.38785	21.5655
33	4	0.825	0.1	0.79648	0.367814	87.4807
33	5	0.825	0.125	-0.837572	-0.977783	-23.6255
33	6	0.825	0.15	-0.386848	-1.11204	102.98
33	7	0.825	0.175	-0.187549	0.178694	-7.07158
33	8	0.825	0.2	-1.7976	-2.53405	49.0563
33	9	0.825	0.225	-0.0468048	0.00984087	47.9396
33	10	0.825	0.25	-2.01	-1.93341	-20.9141
33	11	0.825	0.275	-0.212731	-0.931994	81.2006
33	12	0.825	0.3	-0.745142	-0.367705	-28.9404
33	13	0.825	0.325	-1.07201	-2.42755	50.179
33	14	0.825	0.35	0.0496805	-0.100822	19.5267
33	15	0.825	0.375	-1.86059	-2.48656	-21.3766
33	16	0.825	0.4	0.084542	-0.827165	63.2261
33	17	0.825	0.425	-1.13805	-1.06525	-50.9288
33	18	0.825	0.45	-0.345053	-2.2047	55.2976
33	19	0.825	0.475	0.0128965	-0.305442	-15.2456
33	20	0.825	0.5	-1.40569	-2.8711	-8.04168
33	21	0.825	0.525	0.169569	-0.768373	35.1074
33	22	0.825	0.55	-1.53465	-1.95455	-57.8767
33	23	0.825	0.575	0.0449132	-1.80006	52.1303
33	24	0.825	0.6	-0.436691	-0.87519	-48.6917
33	25	0.825	0.625	-0.721634	-2.7761	16.3288
33	26	0.825	0.65	0.147018	-0.868418	-5.15944
33	27	0.825	0.675	-1.51485	-2.58203	-36.439
33	28	0.825	0.7	0.152141	-1.49647	26.7031
33	29	0.825	0.725	-1.17709	-1.75815	-55.6746
33	30	0.825	0.75	-0.170467	-2.24137	24.5262
33	31	0.825	0.775	-0.329095	-1.35423	-38.2771
33	32	0.825	0.8	-1.08874	-2.53634	-3.60242
33	33	0.825	0.825	0.111127	-1.56741	-12.6812
33	34	0.825	0.85	-1.67261	-2.26947	-27.479
33	35	0.825	0.875	0.587036	-1.93085	-0.506592
33	36	0.825	0.9	-1.11678	-1.86867	-31.4966
33	37	0.825	0.925	1.07813	-2.0782	-4.42884
33	38	0.825	0.95	0.192412	-1.60116	-22.6321
33	39	0.825	0.975	1.04597	-2.05003	-15.6646
33	40	0.825	1	1	0	0
34	0	0.85	0	0	0	46.0965
34	1	0.85	0.025	0.652866	0.355772	46.0965
34	2	0.85	0.05	0.323836	-1.13676	31.0087
34	3	0.85	0.075	0.97678	0.783105	79.5953
34	4	0.85	0.1	-0.311401	-1.33402	-21.7648
34	5	0.85	0.125	0.135633	-0.513875	112.056
34	6	0.85	0.15	-0.141426	0.233395	-23.0553
34	7	0.85	0.175	-1.11897	-2.55066	70.2562
34	8	0.85	0.2	-0.0217705	0.342521	37.9971
34	9	0.85	0.225	-1.87346	-2.57629	-17.8059
34	10	0.85	0.25	-0.20412	-0.628097	90.7395
34	11	0.85	0.275	-1.2351	-0.768647	-48.8805
34	12	0.85	0.3	-0.52411	-2.41195	77.3007
34	13	0.85	0.325	-0.149692	0.109204	0.515699
34	14	0.85	0.35	-1.29114	-3.19046	-6.8221
34	15	0.85	0.375	-0.0485332	-0.547157	64.4551
34	16	0.85	0.4	-1.35361	-1.78304	-65.4826
34	17	0.85	0.425	-0.139046	-2.05033	79.9251
34	18	0.85	0.45	-0.309855	-0.310429	-39.943
34	19	0.85	0.475	-0.670668	-3.3899	16.5378
34	20	0.85	0.5	0.0483342	-0.473554	26.1138
34	21	0.85	0.525	-1.25695	-2.72456	-60.6474
34	22	0.85	0.55	-0.0694301	-1.56218	66.7541
34	23	0.85	0.575	-0.73533	-1.15228	-71.0652
34	24	0.85	0.6	-0.283611	-2.97889	41.8784
34	25	0.85	0.625	-0.0113646	-0.62976	-21.2085
34	26	0.85	0.65	-0.935655	-3.20574	-28.3098
34	27	0.85	0.675	-0.00922015	-1.22159	30.7202
34	28	0.85	0.7	-1.12006	-2.16055	-69.8036
34	29	0.85	0.725	-0.130448	-2.25036	43.0444
34	30	0.85	0.75	-0.513003	-1.2678	-55.136
34	31	0.85	0.775	-0.573251	-2.96799	8.45983
34	32	0.85	0.8	-0.12061	-1.27721	-14.1423
34	33	0.85	0.825	-1.22077	-2.78578	-36.6538
34	34	0.85	0.85	0.0710057	-1.78724	16.1564
34	35	0.85	0.875	-1.17773	-2.13176	-55.5154
34	36	0.85	0.9	0.54197	-2.28199	19.6806
34	37	0.85	0.925	-0.26409	-1.51454	-43.6121
34	38	0.85	0.95	0.892744	-2.30692	0.213306
34	39	0.85	0.975	0.723649	-1.60399	-22.8536
34	40	0.85	1	1	0	0
35	0	0.875	0	0	0	42.4704
35	1	0.875	0.025	0.537032	-0.555424	42.4704
35	2	0.875	0.05	0.832613	0.968563	60.7047
35	3	0.875	0.075	0.576382	-1.49542	-2.77834
35	4	0.875	0.1	0.291021	0.449522	106.628
35	5	0.875	0.125	0.276153	-0.0578964	-34.4376
35	6	0.875	0.15	-0.595498	-1.80928	96.5672
35	7	0.875	0.175	0.102867	0.888449	15.1851
35	8	0.875	0.2	-1.20065	-2.92719	4.81779
35	9	0.875	0.225	-0.302418	0.118164	85.9905
35	10	0.875	0.25	-1.22129	-1.42124	-61.1323
35	11	0.875	0.275	-0.538898	-1.71128	105.381
35	12	0.875	0.3	-0.398273	0.260948	-31.6267
35	13	0.875	0.325	-0.65905	-3.40925	30.9732
35	14	0.875	0.35	-0.164373	0.0896222	45.6038
35	15	0.875	0.375	-0.950803	-2.62032	-60.8874
35	16	0.875	0.4	-0.397905	-1.30461	93.9503
35	17	0.875	0.425	-0.529848	-0.626207	-68.5387
35	18	0.875	0.45	-0.352836	-3.21298	56.6723
35	19	0.875	0.475	-0.0481886	-0.0187074	-2.49171
35	20	0.875	0.5	-0.595454	-3.38458	-38.3198
35	21	0.875	0.525	-0.307561	-0.869109	63.426
35	22	0.875	0.55	-0.658826	-1.73023	-84.883
35	23	0.875	0.575	-0.390844	-2.49751	69.1606
35	24	0.875	0.6	-0.14775	-0.490109	-49.783
35	25	0.875	0.625	-0.422306	-3.48034	1.59712
35	26	0.875	0.65	-0.135576	-0.671057	15.6145
35	27	0.875	0.675	-0.680011	-2.69401	-66.8885
35	28	0.875	0.7	-0.380157	-1.7487	52.6644
35	29	0.875	0.725	-0.497965	-1.42732	-73.7728
35	30	0.875	0.75	-0.43241	-2.90582	31.765
35	31	0.875	0.775	-0.210376	-0.991878	-31.9604
35	32	0.875	0.8	-0.675552	-3.13772	-24.1651
35	33	0.875	0.825	-0.280149	-1.42158	14.2605
35	34	0.875	0.85	-0.842027	-2.53761	-62.9393
35	35	0.875	0.875	-0.157858	-2.13389	34.5295
35	36	0.875	0.9	-0.397995	-1.7458	-63.0381
35	37	0.875	0.925	0.326553	-2.58413	20.6286
35	38	0.875	0.95	0.369118	-1.22291	-35.4269
35	39	0.875	0.975	0.766962	-2.31621	-10.3048
35	40	0.875	1	1	0	0
36	0	0.9	0	0	0	43.5606
36	1	0.9	0.025	0.520999	0.522052	43.5606
36	2	0.9	0.05	0.952992	-0.984724	25.7924
36	3	0.9	0.075	0.252214	1.18026	80.1689
36	4	0.9	0.1	1.08021	-0.535909	-21.0511
36	5	0.9	0.125	-0.609112	-0.321464	104.607
36	6	0.9	0.15	0.528169	1.13212	-8.36539
36	7	0.9	0.175	-0.668998	-2.35929	43.1032
36	8	0.9	0.2	-0.248305	1.13821	60.5715
36	9	0.9	0.225	-0.493503	-1.85063	-46.2102
36	10	0.9	0.25	-0.981475	-0.381545	111.298
36	11	0.9	0.275	-0.269941	0.0783112	-56.7935
36	12	0.9	0.3	-0.754863	-2.60529	75.238
36	13	0.9	0.325	-0.140095	0.782873	8.95609
36	14	0.9	0.35	-0.278426	-2.97729	-26.0472
36	15	0.9	0.375	-0.714021	-0.113943	80.6897
36	16	0.9	0.4	-0.188119	-1.16645	-77.1499
36	17	0.9	0.425	-0.813438	-2.11593	86.5952
36	18	0.9	0.45	0.00599332	0.229749	-38.32
36	19	0.9	0.475	-0.236231	-3.3187	6.29961
36	20	0.9	0.5	-0.38692	0.0715227	35.8461
36	21	0.9	0.525	-0.092467	-2.2372	-72.0793
36	22	0.9	0.55	-0.87526	-1.38212	75.7754
36	23	0.9	0.575	-0.0104716	-0.626717	-71.9757
36	24	0.9	0.6	-0.528924	-2.94589	37.7626
36	25	0.9	0.625	-0.0888705	-0.11649	-14.6392
36	26	0.9	0.65	-0.166355	-2.908	-40.3047
36	27	0.9	0.675	-0.621107	-0.859954	41.154
36	28	0.9	0.7	-0.133136	-1.67979	-76.7136
36	29	0.9	0.725	-0.753011	-2.20869	47.289
36	30	0.9	0.75	-0.0755277	-0.843043	-52.9533
36	31	0.9	0.775	-0.463746	-2.97022	0.983673
36	32	0.9	0.8	-0.331254	-0.922916	-4.14021
36	33	0.9	0.825	-0.3628	-2.68531	-50.1544
36	34	0.9	0.85	-0.650318	-1.65622	30.9391
36	35	0.9	0.875	-0.212237	-2.01337	-67.3373
36	36	0.9	0.9	-0.436897	-2.39386	32.529
36	37	0.9	0.925	0.191539	-1.38665	-49.9082
36	38	0.9	0.95	0.205015	-2.44077	6.03993
36	39	0.9	0.975	0.654896	-1.40428	-22.7243
36	40	0.9	1	1	0	0
37	0	0.925	0	0	0	40.5704
37	1	0.925	0.025	0.530023	-0.22607	40.5704
37	2	0.925	0.05	0.297808	0.953183	50.8741
37	3	0.925	0.075	1.32832	-0.47887	12.7886
37	4	0.925	0.1	-0.698931	0.940763	81.4139
37	5	0.925	0.125	1.21224	0.773669	-7.37446
37	6	0.925	0.15	-0.844436	-0.790523	67.3431
37	7	0.925	0.175	0.177097	1.72172	28.5068
37	8	0.925	0.2	0.126777	-1.43021	-5.40793
37	9	0.925	0.225	-1.24354	1.08527	84.7722
37	10	0.925	0.25	0.470599	-0.120468	-49.2434
37	11	0.925	0.275	-1.60602	-0.937481	91.397
37	12	0.925	0.3	0.253468	0.993156	-21.4786
37	13	0.925	0.325	-0.349476	-2.26988	21.7704
37	14	0.925	0.35	-0.647192	0.999988	42.8704
37	15	0.925	0.375	0.49907	-1.34838	-50.9201
37	16	0.925	0.4	-1.53648	-0.50853	80.9191
37	17	0.925	0.425	0.459173	0.0947623	-53.6542
37	18	0.925	0.45	-0.810035	-2.20586	43.8719
37	19	0.925	0.475	-0.0899338	0.699266	-1.86095
37	20	0.925	0.5	0.311339	-2.12361	-33.1382
37	21	0.925	0.525	-1.17066	-0.0570306	51.8896
37	22	0.925	0.55	0.511982	-0.803421	-66.7053
37	23	0.925	0.575	-1.23168	-1.66427	52.0652
37	24	0.925	0.6	0.26178	0.075855	-39.5965
37	25	0.925	0.625	-0.221577	-2.38291	-4.26911
37	26	0.925	0.65	-0.533895	0.00167605	11.7755
37	27	0.925	0.675	0.352213	-1.66836	-55.8623
37	28	0.925	0.7	-1.17091	-1.10514	39.5704
37	29	0.925	0.725	0.322658	-0.818885	-58.7166
37	30	0.925	0.75	-0.784176	-2.17403	18.9613
37	31	0.925	0.775	-0.0538366	-0.538094	-25.7014
37	32	0.925	0.8	-0.124792	-2.33758	-25.9371
37	33	0.925	0.825	-0.727622	-0.989798	11.471
37	34	0.925	0.85	0.138429	-1.93981	-53.8805
37	35	0.925	0.875	-0.985605	-1.81118	26.5109
37	36	0.925	0.9	0.268428	-1.52348	-51.416
37	37	0.925	0.925	-0.50792	-2.2828	13.9737
37	38	0.925	0.95	0.410434	-1.18464	-29.0753
37	39	0.925	0.975	0.388101	-2.00711	-9.80322
37	40	0.925	1	1	0	0
38	0	0.95	0	0	0	39.6953
38	1	0.95	0.025	0.247953	0.264097	39.6953
38	2	0.95	0.05	0.728862	-0.0421116	36.3512
38	3	0.95	0.075	-0.315503	0.983673	50.6735
38	4	0.95	0.1	1.25553	0.441227	18.2599
38	5	0.95	0.125	-1.01634	0.585541	57.8509
38	6	0.95	0.15	0.780063	1.35601	18.5054
38	7	0.95	0.175	-0.107492	-0.229819	28.6811
38	8	0.95	0.2	-0.778616	1.67168	45.9931
38	9	0.95	0.225	0.933795	0.145728	-11.4606
38	10	0.95	0.25	-2.09978	0.617504	65.8299
38	11	0.95	0.275	0.871434	0.788027	-17.535
38	12	0.95	0.3	-1.2273	-0.752805	42.393
38	13	0.95	0.325	0.00766359	1.21316	10.2907
38	14	0.95	0.35	0.500689	-0.775704	-8.23874
38	15	0.95	0.375	-1.56533	0.718618	44.0574
38	16	0.95	0.4	0.969976	0.0353083	-33.2249
38	17	0.95	0.425	-1.68102	-0.631754	43.0787
38	18	0.95	0.45	0.535727	0.618007	-18.7493
38	19	0.95	0.475	-0.155057	-1.19386	2.3649
38	20	0.95	0.5	-0.762196	0.68344	14.9532
38	21	0.95	0.525	0.827832	-0.5883	-35.1404
38	22	0.95	0.55	-1.67782	-0.301494	32.2335
38	23	0.95	0.575	0.748247	0.000908405	-37.3247
38	24	0.95	0.6	-0.874486	-1.21958	11.8978
38	25	0.95	0.625	-0.00169751	0.292994	-13.0771
38	26	0.95	0.65	0.348919	-1.13557	-24.915
38	27	0.95	0.675	-1.10888	-0.153788	12.3907
38	28	0.95	0.7	0.690143	-0.653039	-41.8639
38	29	0.95	0.725	-1.21376	-1.05665	13.5318
38	30	0.95	0.75	0.402115	-0.389156	-32.1934
38	31	0.95	0.775	-0.357474	-1.49793	-8.7675
38	32	0.95	0.8	-0.358113	-0.473377	-10.032
38	33	0.95	0.825	0.309305	-1.4141	-31.6569
38	34	0.95	0.85	-1.03095	-1.03956	6.23806
38	35	0.95	0.875	0.461941	-1.29503	-38.2078
38	36	0.95	0.9	-0.947629	-1.63333	6.65716
38	37	0.95	0.925	0.392777	-1.19272	-28.958
38	38	0.95	0.95	-0.247439	-1.70849	-4.15571
38	39	0.95	0.975	0.46408	-1.23346	-15.6883
38	40	0.95	1	1	0	0
39	0	0.975	0	0	0	40.2928
39	1	0.975	0.025	0.156852	0.0802536	40.2928
39	2	0.975	0.05	0.0766521	0.327094	39.5762
39	3	0.975	0.075	0.544294	0.30902	37.717
39	4	0.975	0.1	-0.471841	0.649287	39.5394
39	5	0.975	0.125	0.686523	0.686845	31.7326
39	6	0.975	0.15	-0.390117	0.524122	33.9581
39	7	0.975	0.175	0.00960315	1.00456	29.4672
39	8	0.975	0.2	0.486608	0.515601	21.3201
39	9	0.975	0.225	-1.26431	0.905906	29.904
39	10	0.975	0.25	0.826599	0.589808	11.8194
39	11	0.975	0.275	-1.41275	0.318008	25.4643
39	12	0.975	0.3	0.516089	0.639047	10.2686
39	13	0.975	0.325	-0.167608	0.0539418	12.6883
39	14	0.975	0.35	-0.611133	0.699111	13.4865
39	15	0.975	0.375	0.726029	0.226742	0.245079
39	16	0.975	0.4	-1.45582	0.272206	13.9932
39	17	0.975	0.425	0.72785	0.306889	-3.90125
39	18	0.975	0.45	-0.742415	-0.144907	5.88106
39	19	0.975	0.475	0.0293969	0.438677	-1.55708
39	20	0.975	0.5	0.393425	-0.0656077	-6.65675
39	21	0.975	0.525	-1.05732	0.268911	1.53192
39	22	0.975	0.55	0.720794	0.0525995	-13.6024
39	23	0.975	0.575	-1.07595	-0.189552	-1.16853
39	24	0.975	0.6	0.422152	0.112909	-13.1826
39	25	0.975	0.625	-0.123914	-0.332823	-10.1193
39	26	0.975	0.65	-0.420089	0.104396	-9.44142
39	27	0.975	0.675	0.521033	-0.236408	-18.0462
39	28	0.975	0.7	-0.974823	-0.225331	-7.8731
39	29	0.975	0.725	0.535797	-0.231985	-19.8352
39	30	0.975	0.75	-0.588252	-0.538224	-11.3329
39	31	0.975	0.775	0.110999	-0.254233	-16.9411
39	32	0.975	0.8	0.0925709	-0.610182	-17.1763
39	33	0.975	0.825	-0.527705	-0.428073	-12.9979
39	34	0.975	0.85	0.407917	-0.667452	-20.4012
39	35	0.975	0.875	-0.777756	-0.768926	-10.7105
39	36	0.975	0.9	0.396033	-0.784884	-18.8294
39	37	0.975	0.925	-0.466184	-1.01286	-10.3129
39	38	0.975	0.95	0.271706	-0.839446	-13.1797
39	39	0.975	0.975	0.216069	-1.0176	-9.87981
39	40	0.975	1	1	0	0
40	0	1	0	0	0	40.2928
40	1	1	0.025	0	0	40.2928
40	2	1	0.05	0	0	39.5762
40	3	1	0.075	0	0	37.717
40	4	1	0.1	0	0	39.5394
40	5	1	0.125	0	0	31.7326
40	6	1	0.15	0	0	33.9581
40	7	1	0.175	0	0	29.4672
40	8	1	0.2	0	0	21.3201
40	9	1	0.225	0	0	29.904
40	10	1	0.25	0	0	11.8194
40	11	1	0.275	0	0	25.4643
40	12	1	0.3	0	0	10.2686
40	13	1	0.325	0	0	12.6883
40	14	1	0.35	0	0	13.4865
40	15	1	0.375	0	0	0.245079
40	16	1	0.4	0	0	13.9932
40	17	1	0.425	0	0	-3.90125
40	18	1	0.45	0	0	5.88106
40	19	1	0.475	0	0	-1.55708
40	20	1	0.5	0	0	-6.65675
40	21	1	0.525	0	0	1.53192
40	22	1	0.55	0	0	-13.6024
40	23	1	0.575	0	0	-1.16853
40	24	1	0.6	0	0	-13.1826
40	25	1	0.625	0	0	-10.1193
40	26	1	0.65	0	0	-9.44142
40	27	1	0.675	0	0	-18.0462
40	28	1	0.7	0	0	-7.8731
40	29	1	0.725	0	0	-19.8352
40	30	1	0.75	0	0	-11.3329
40	31	1	0.775	0	0	-16.9411
40	32	1	0.8	0	0	-17.1763
40	33	1	0.825	0	0	-12.9979
40	34	1	0.85	0	0	-20.4012
40	35	1	0.875	0	0	-10.7105
40	36	1	0.9	0	0	-18.8294
40	37	1	0.925	0	0	-10.3129
40	38	1	0.95	0	0	-13.1797
40	39	1	0.975	0	0	-9.87981
40	40	1	1	1	0	0
