# i		j		x		y		u		v		p
# nx		ny		
# 41		41
# =================================
0	0	0	0	0	0	111.952
0	1	0	0.025	0	0	111.952
0	2	0	0.05	0	0	111.251
0	3	0	0.075	0	0	112.472
0	4	0	0.1	0	0	113.26
0	5	0	0.125	0	0	109.805
0	6	0	0.15	0	0	116.213
0	7	0	0.175	0	0	106.476
0	8	0	0.2	0	0	115.113
0	9	0	0.225	0	0	106.633
0	10	0	0.25	0	0	108.594
0	11	0	0.275	0	0	110.698
0	12	0	0.3	0	0	100.918
0	13	0	0.325	0	0	112.883
0	14	0	0.35	0	0	96.8771
0	15	0	0.375	0	0	107.41
0	16	0	0.4	0	0	98.4297
0	17	0	0.425	0	0	97.1249
0	18	0	0.45	0	0	103.471
0	19	0	0.475	0	0	88.6604
0	20	0	0.5	0	0	104.175
0	21	0	0.525	0	0	84.8355
0	22	0	0.55	0	0	96.0992
0	23	0	0.575	0	0	86.8085
0	24	0	0.6	0	0	85.1791
0	25	0	0.625	0	0	93.3838
0	26	0	0.65	0	0	77.2748
0	27	0	0.675	0	0	96.6397
0	28	0	0.7	0	0	71.8897
0	29	0	0.725	0	0	89.1398
0	30	0	0.75	0	0	69.8518
0	31	0	0.775	0	0	74.127
0	32	0	0.8	0	0	74.979
0	33	0	0.825	0	0	61.944
0	34	0	0.85	0	0	83.7095
0	35	0	0.875	0	0	54.257
0	36	0	0.9	0	0	82.2326
0	37	0	0.925	0	0	47.4239
0	38	0	0.95	0	0	54.0158
0	39	0	0.975	0	0	41.0905
0	40	0	1	1	0	0
1	0	0.025	0	0	0	111.952
1	1	0.025	0.025	-0.0136609	-0.0489222	111.952
1	2	0.025	0.05	-0.0582107	-0.0979671	111.251
1	3	0.025	0.075	-0.168406	-0.209849	112.472
1	4	0.025	0.1	0.138137	-0.0490532	113.26
1	5	0.025	0.125	-0.60534	-0.220447	109.805
1	6	0.025	0.15	0.445271	0.0042791	116.213
1	7	0.025	0.175	-0.832525	-0.00125056	106.476
1	8	0.025	0.2	0.46376	-0.0763952	115.113
1	9	0.025	0.225	-0.349886	0.167574	106.633
1	10	0.025	0.25	-0.142794	-0.27645	108.594
1	11	0.025	0.275	0.410183	0.112317	110.698
1	12	0.025	0.3	-1.00385	-0.198454	100.918
1	13	0.025	0.325	0.811444	0.0381279	112.883
1	14	0.025	0.35	-1.06676	0.145817	96.8771
1	15	0.025	0.375	0.620522	-0.180952	107.41
1	16	0.025	0.4	-0.125855	0.180536	98.4297
1	17	0.025	0.425	-0.372651	-0.449727	97.1249
1	18	0.025	0.45	0.700491	-0.00778054	103.471
1	19	0.025	0.475	-1.34967	-0.241819	88.6604
1	20	0.025	0.5	1.03029	-0.0506029	104.175
1	21	0.025	0.525	-1.16953	0.153784	84.8355
1	22	0.025	0.55	0.773222	-0.338284	96.0992
1	23	0.025	0.575	0.0107358	0.0071232	86.8085
1	24	0.025	0.6	-0.383343	-0.730672	85.1791
1	25	0.025	0.625	0.792228	-0.287189	93.3838
1	26	0.025	0.65	-1.62533	-0.512393	77.2748
1	27	0.025	0.675	1.09609	-0.0869082	96.6397
1	28	0.025	0.7	-1.91236	0.198795	71.8897
1	29	0.025	0.725	1.21344	0.0311705	89.1398
1	30	0.025	0.75	-0.648477	0.466983	69.8518
1	31	0.025	0.775	0.299811	-0.503195	74.127
1	32	0.025	0.8	0.778066	-0.00831053	74.979
1	33	0.025	0.825	-1.55887	-0.677609	61.944
1	34	0.025	0.85	1.08287	0.117911	83.7095
1	35	0.025	0.875	-3.2042	0.352305	54.257
1	36	0.025	0.9	1.1655	1.3297	82.2326
1	37	0.025	0.925	-3.17423	2.29853	47.4239
1	38	0.025	0.95	1.27407	2.1295	54.0158
1	39	0.025	0.975	-0.453451	3.13283	41.0905
1	40	0.025	1	1	0	0
2	0	0.05	0	0	0	111.406
2	1	0.05	0.025	-0.0571315	-0.105772	111.406
2	2	0.05	0.05	-0.191545	-0.296042	113.105
2	3	0.05	0.075	0.0528807	-0.0150001	114.865
2	4	0.05	0.1	-0.72371	-0.626788	103.765
2	5	0.05	0.125	0.332434	0.0476441	128.415
2	6	0.05	0.15	-1.23316	-0.399593	88.9067
2	7	0.05	0.175	0.509733	-0.228084	136.167
2	8	0.05	0.2	-0.87757	0.215353	89.255
2	9	0.05	0.225	0.175535	-0.854726	121.253
2	10	0.05	0.25	0.147147	0.390482	111.592
2	11	0.05	0.275	-0.981609	-1.06026	88.5031
2	12	0.05	0.3	0.710805	0.0552805	136.287
2	13	0.05	0.325	-1.69269	-0.328786	67.1674
2	14	0.05	0.35	0.893395	-0.60325	138.233
2	15	0.05	0.375	-0.721088	0.396747	78.5939
2	16	0.05	0.4	0.185968	-1.44202	107.168
2	17	0.05	0.425	0.552226	0.178771	111.512
2	18	0.05	0.45	-1.44944	-1.36537	65.695
2	19	0.05	0.475	0.941421	-0.281234	136.663
2	20	0.05	0.5	-2.03453	-0.348944	47.2196
2	21	0.05	0.525	1.21123	-0.987248	132.262
2	22	0.05	0.55	-0.568225	0.265404	65.1316
2	23	0.05	0.575	0.374328	-1.93486	94.1443
2	24	0.05	0.6	0.784337	-0.236733	102.258
2	25	0.05	0.625	-1.63431	-1.89796	49.4872
2	26	0.05	0.65	0.860114	-0.534892	131.923
2	27	0.05	0.675	-2.88091	-0.794841	23.6812
2	28	0.05	0.7	1.18934	-0.658363	137.713
2	29	0.05	0.725	-1.88673	0.571873	29.987
2	30	0.05	0.75	1.31431	-1.6251	104.341
2	31	0.05	0.775	0.638212	0.525755	69.6321
2	32	0.05	0.8	-0.931387	-2.24007	43.1211
2	33	0.05	0.825	1.03853	-0.000828846	113.346
2	34	0.05	0.85	-3.80315	-1.20831	-6.94623
2	35	0.05	0.875	0.252648	0.634143	140.86
2	36	0.05	0.9	-5.29301	1.49124	-30.0517
2	37	0.05	0.925	0.975426	1.18173	126.841
2	38	0.05	0.95	-2.98841	4.50334	-1.94129
2	39	0.05	0.975	1.58559	1.47167	50.3694
2	40	0.05	1	1	0	0
3	0	0.075	0	0	0	113.119
3	1	0.075	0.025	-0.104074	-0.182835	113.119
3	2	0.075	0.05	0.0168039	-0.00261209	113.951
3	3	0.075	0.075	-0.571307	-0.801178	104.016
3	4	0.075	0.1	0.105023	0.115675	131.914
3	5	0.075	0.125	-1.0746	-0.904043	79.3596
3	6	0.075	0.15	0.100992	-0.186117	152.412
3	7	0.075	0.175	-0.964792	-0.171901	67.8832
3	8	0.075	0.2	0.0906936	-1.09497	145.756
3	9	0.075	0.225	-0.128705	0.488346	94.1481
3	10	0.075	0.25	-0.452769	-1.90299	98.4735
3	11	0.075	0.275	0.316048	0.236135	140.947
3	12	0.075	0.3	-1.2882	-1.35719	47.9719
3	13	0.075	0.325	0.38014	-0.651987	167.647
3	14	0.075	0.35	-0.931057	-0.0222297	44.6737
3	15	0.075	0.375	0.438733	-2.10632	140.955
3	16	0.075	0.4	0.304541	0.343123	93.646
3	17	0.075	0.425	-0.589677	-2.70129	69.2889
3	18	0.075	0.45	0.493818	-0.289515	149.706
3	19	0.075	0.475	-1.69151	-1.62858	16.0456
3	20	0.075	0.5	0.620294	-1.2666	172.034
3	21	0.075	0.525	-0.948486	-0.133949	22.8842
3	22	0.075	0.55	0.883967	-2.86479	133.017
3	23	0.075	0.575	0.66617	-0.0461012	82.789
3	24	0.075	0.6	-0.51689	-3.40404	50.3252
3	25	0.075	0.625	0.550724	-0.747945	144.7
3	26	0.075	0.65	-2.25298	-2.36846	-11.231
3	27	0.075	0.675	0.216257	-1.18703	178.928
3	28	0.075	0.7	-2.27933	-0.59818	-24.6659
3	29	0.075	0.725	1.05294	-2.40258	162.34
3	30	0.075	0.75	0.0571856	0.690433	28.3456
3	31	0.075	0.775	0.504137	-3.95256	68.9572
3	32	0.075	0.8	1.06754	0.133737	111.262
3	33	0.075	0.825	-2.34737	-3.08671	-37.723
3	34	0.075	0.85	-0.383927	-0.012867	173.225
3	35	0.075	0.875	-4.57527	-0.721895	-94.9846
3	36	0.075	0.9	-1.12577	0.26084	196.706
3	37	0.075	0.925	-4.08443	2.91566	-86.8148
3	38	0.075	0.95	0.625083	-1.01913	131.844
3	39	0.075	0.975	-0.409802	4.76487	6.40144
3	40	0.075	1	1	0	0
4	0	0.1	0	0	0	112.77
4	1	0.1	0.025	0.0076573	0.0206207	112.77
4	2	0.1	0.05	-0.328759	-0.68157	107.363
4	3	0.1	0.075	0.0101115	0.153474	128.234
4	4	0.1	0.1	-0.720126	-1.09966	82.1297
4	5	0.1	0.125	-0.3245	-0.0646125	154.203
4	6	0.1	0.15	-0.647122	-0.626465	60.5854
4	7	0.1	0.175	-0.522339	-0.876988	161.685
4	8	0.1	0.2	-0.0998727	0.233739	74.0323
4	9	0.1	0.225	-0.39557	-2.04416	123.317
4	10	0.1	0.25	0.128167	0.41373	123.831
4	11	0.1	0.275	-0.507528	-2.10209	57.6994
4	12	0.1	0.3	-0.305537	-0.314628	171.843
4	13	0.1	0.325	-0.462614	-0.851085	27.187
4	14	0.1	0.35	-0.244423	-1.87225	171.988
4	15	0.1	0.375	0.28575	0.200834	62.0182
4	16	0.1	0.4	-0.0245942	-3.30583	101.625
4	17	0.1	0.425	0.312031	-0.0523341	132.99
4	18	0.1	0.45	-0.627312	-2.76072	18.9951
4	19	0.1	0.475	-0.283698	-1.02002	185.055
4	20	0.1	0.5	-0.634464	-1.14732	-5.97499
4	21	0.1	0.525	0.177034	-2.76006	176.155
4	22	0.1	0.55	0.574017	-0.0540633	43.3197
4	23	0.1	0.575	0.399371	-4.26587	86.484
4	24	0.1	0.6	0.59395	-0.496466	126.258
4	25	0.1	0.625	-0.865313	-3.53351	-9.75899
4	26	0.1	0.65	-0.562801	-1.21095	188.298
4	27	0.1	0.675	-1.61434	-2.00007	-51.4378
4	28	0.1	0.7	-0.431413	-2.26169	205.69
4	29	0.1	0.725	-0.434741	-0.0639035	-24.3249
4	30	0.1	0.75	0.708598	-4.49858	133.491
4	31	0.1	0.775	1.02629	0.549495	72.2835
4	32	0.1	0.8	-0.411782	-4.61886	-16.0761
4	33	0.1	0.825	-0.386602	0.155469	168.137
4	34	0.1	0.85	-2.83236	-2.1523	-114.145
4	35	0.1	0.875	-2.54114	0.0318786	223.496
4	36	0.1	0.9	-3.6522	0.634444	-133.46
4	37	0.1	0.925	-2.37576	-0.949544	209.82
4	38	0.1	0.95	-1.66382	3.62034	-67.0111
4	39	0.1	0.975	0.0919231	-1.44222	73.1109
4	40	0.1	1	1	0	0
5	0	0.125	0	0	0	111.553
5	1	0.125	0.025	-0.0814733	-0.411435	111.553
5	2	0.125	0.05	0.0115584	0.185007	121.876
5	3	0.125	0.075	-0.388425	-0.982265	90.7388
5	4	0.125	0.1	-0.508185	-0.00194173	145.747
5	5	0.125	0.125	-0.293541	-0.746933	68.9766
5	6	0.125	0.15	-1.19037	-0.565662	158.597
5	7	0.125	0.175	0.134927	-0.102309	70.3857
5	8	0.125	0.2	-1.03012	-1.51967	138.302
5	9	0.125	0.225	0.272219	0.332589	103.344
5	10	0.125	0.25	-0.221392	-2.01803	83.8966
5	11	0.125	0.275	-0.605141	0.0482447	150.934
5	12	0.125	0.3	0.236543	-1.27975	41.0617
5	13	0.125	0.325	-1.31204	-1.08524	172.732
5	14	0.125	0.35	0.6216	-0.244148	46.9298
5	15	0.125	0.375	-0.538184	-2.7115	133.336
5	16	0.125	0.4	0.542106	0.145047	101.158
5	17	0.125	0.425	0.216286	-2.99436	51.3213
5	18	0.125	0.45	-0.783577	-0.456052	163.98
5	19	0.125	0.475	0.197855	-1.80084	2.78534
5	20	0.125	0.5	-1.23936	-1.81743	186.751
5	21	0.125	0.525	0.748983	-0.482311	16.5671
5	22	0.125	0.55	-0.0177233	-3.75464	131.713
5	23	0.125	0.575	0.912141	-0.0192863	87.3291
5	24	0.125	0.6	0.391322	-3.8647	24.8544
5	25	0.125	0.625	-0.793382	-0.624808	164.064
5	26	0.125	0.65	-0.391246	-2.45328	-37.9904
5	27	0.125	0.675	-1.96745	-1.4713	205.649
5	28	0.125	0.7	-0.227181	-0.999294	-44.5378
5	29	0.125	0.725	-0.917797	-3.27613	184.277
5	30	0.125	0.75	0.850961	0.721431	18.7631
5	31	0.125	0.775	0.407252	-4.93444	50.9386
5	32	0.125	0.8	-0.104042	1.13127	126.341
5	33	0.125	0.825	-0.788853	-2.71917	-88.1927
5	34	0.125	0.85	-3.19559	0.823504	207.684
5	35	0.125	0.875	-2.50173	0.138104	-130.987
5	36	0.125	0.9	-4.72784	0.161886	227.885
5	37	0.125	0.925	-2.2684	2.23939	-105.274
5	38	0.125	0.95	-2.86498	-1.74853	149.118
5	39	0.125	0.975	-0.171156	3.76127	-9.34509
5	40	0.125	1	1	0	0
6	0	0.15	0	0	0	114.641
6	1	0.15	0.025	0.0230548	0.177783	114.641
6	2	0.15	0.05	-0.11411	-0.74508	100.519
6	3	0.15	0.075	-0.456462	0.0146818	134.444
6	4	0.15	0.1	-0.064911	-0.602665	82.9479
6	5	0.15	0.125	-1.52179	-0.480022	143.506
6	6	0.15	0.15	0.252979	-0.189261	84.078
6	7	0.15	0.175	-1.83694	-0.96783	130.641
6	8	0.15	0.2	0.507606	0.0261999	100.617
6	9	0.15	0.225	-0.681539	-1.31696	99.6017
6	10	0.15	0.25	-0.334543	-0.0373046	126.621
6	11	0.15	0.275	0.528859	-1.00113	70.5577
6	12	0.15	0.3	-1.93651	-0.559459	143.833
6	13	0.15	0.325	0.968658	-0.496089	64.601
6	14	0.15	0.35	-1.74758	-1.51571	131.662
6	15	0.15	0.375	1.06035	-0.0948557	85.2321
6	16	0.15	0.4	0.0926642	-2.18918	83.1138
6	17	0.15	0.425	-0.527112	-0.144148	126.785
6	18	0.15	0.45	0.902997	-1.56167	39.7335
6	19	0.15	0.475	-2.35843	-0.867043	154.738
6	20	0.15	0.5	1.13846	-0.803268	30.4317
6	21	0.15	0.525	-1.65033	-2.16593	141.06
6	22	0.15	0.55	1.43862	0.0128874	59.8166
6	23	0.15	0.575	0.472976	-3.05986	68.0654
6	24	0.15	0.6	-0.371091	0.0996135	120.209
6	25	0.15	0.625	0.792593	-1.92236	3.0783
6	26	0.15	0.65	-2.96304	-0.511815	163.775
6	27	0.15	0.675	0.40423	-0.943087	-16.9822
6	28	0.15	0.7	-3.17955	-1.37789	174.127
6	29	0.15	0.725	0.963841	0.356652	-2.04319
6	30	0.15	0.75	-1.03396	-3.1848	109.447
6	31	0.15	0.775	0.442831	1.92535	69.347
6	32	0.15	0.8	0.438888	-2.40945	-25.3013
6	33	0.15	0.825	-3.29368	2.14952	155.166
6	34	0.15	0.85	-1.01276	0.730854	-89.3321
6	35	0.15	0.875	-6.37406	1.60608	189.369
6	36	0.15	0.9	-1.9136	2.07545	-90.5007
6	37	0.15	0.925	-5.66548	0.319672	167.128
6	38	0.15	0.95	-0.948176	3.0414	-48.6643
6	39	0.15	0.975	-1.6329	-0.566987	59.3072
6	40	0.15	1	1	0	0
7	0	0.175	0	0	0	109.68
7	1	0.175	0.025	0.0329705	-0.430688	109.68
7	2	0.175	0.05	-0.271149	0.0440586	123.324
7	3	0.175	0.075	0.100042	-0.431473	95.4494
7	4	0.175	0.1	-1.43741	-0.575738	128.028
7	5	0.175	0.125	0.214072	-0.0881279	102.057
7	6	0.175	0.15	-2.25762	-0.872971	109.809
7	7	0.175	0.175	0.459088	-0.186691	117.06
7	8	0.175	0.2	-1.41254	-0.713325	91.1851
7	9	0.175	0.225	0.141119	-0.580692	122.393
7	10	0.175	0.25	0.275687	-0.413032	88.2605
7	11	0.175	0.275	-1.66921	-0.883944	112.567
7	12	0.175	0.3	0.906437	-0.347613	97.5464
7	13	0.175	0.325	-2.55914	-0.911976	96.6077
7	14	0.175	0.35	1.28719	-0.545588	103.641
7	15	0.175	0.375	-0.816325	-1.00987	82.7428
7	16	0.175	0.4	0.358389	-0.675348	106.977
7	17	0.175	0.425	1.00817	-0.778351	73.116
7	18	0.175	0.45	-2.36265	-0.803825	105.725
7	19	0.175	0.475	1.19479	-0.601247	73.3211
7	20	0.175	0.5	-3.105	-0.945367	99.2209
7	21	0.175	0.525	1.73916	-0.435207	74.9674
7	22	0.175	0.55	-0.796538	-1.40643	77.4536
7	23	0.175	0.575	0.722352	-0.0623947	89.6164
7	24	0.175	0.6	1.25931	-0.857194	45.1454
7	25	0.175	0.625	-2.87011	-0.178672	104.428
7	26	0.175	0.65	0.774615	-0.207271	35.672
7	27	0.175	0.675	-4.68475	-0.179682	108.32
7	28	0.175	0.7	0.950487	0.218432	32.068
7	29	0.175	0.725	-3.47563	-0.672082	96.8535
7	30	0.175	0.75	1.18318	1.47434	46.1827
7	31	0.175	0.775	-0.301265	-0.838631	29.6883
7	32	0.175	0.8	-2.26853	2.5857	91.3845
7	33	0.175	0.825	0.0424523	1.56402	-25.6872
7	34	0.175	0.85	-6.90009	2.35058	112.51
7	35	0.175	0.875	-1.44737	2.3415	-34.7848
7	36	0.175	0.9	-7.51808	1.98271	109.788
7	37	0.175	0.925	-0.934136	2.34606	-34.5651
7	38	0.175	0.95	-4.36012	0.553067	75.7089
7	39	0.175	0.975	0.32517	2.68054	0.645656
7	40	0.175	1	1	0	0
8	0	0.2	0	0	0	114.251
8	1	0.2	0.025	-0.0487511	0.0333821	114.251
8	2	0.2	0.05	0.203567	-0.286005	105.068
8	3	0.2	0.075	-1.05416	-0.638196	117.055
8	4	0.2	0.1	0.212171	0.0236455	114.823
8	5	0.2	0.125	-2.15443	-1.11883	91.7439
8	6	0.2	0.15	0.172427	-0.207337	137.474
8	7	0.2	0.175	-1.84474	-0.676764	68.907
8	8	0.2	0.2	0.227135	-1.03751	140.118
8	9	0.2	0.225	-0.200985	-0.0340035	81.665
8	10	0.2	0.25	-0.908277	-1.78001	105.387
8	11	0.2	0.275	0.599269	-0.0845598	117.256
8	12	0.2	0.3	-2.34814	-1.42346	60.7319
8	13	0.2	0.325	0.862542	-0.733745	138.389
8	14	0.2	0.35	-1.55414	-0.545336	50.2445
8	15	0.2	0.375	0.922336	-1.62725	123.692
8	16	0.2	0.4	0.635877	-0.0917995	76.3763
8	17	0.2	0.425	-1.27485	-1.85679	79.0315
8	18	0.2	0.45	0.945993	-0.267859	109.185
8	19	0.2	0.475	-3.17485	-1.14989	42.0827
8	20	0.2	0.5	1.22241	-0.740833	120.44
8	21	0.2	0.525	-2.0356	-0.349269	38.2792
8	22	0.2	0.55	1.52799	-1.18461	103.25
8	23	0.2	0.575	0.870584	0.191269	56.0478
8	24	0.2	0.6	-1.47505	-1.14688	66.1088
8	25	0.2	0.625	0.894156	0.369566	80.3094
8	26	0.2	0.65	-4.4728	-0.425102	32.7065
8	27	0.2	0.675	0.395134	0.229874	89.8458
8	28	0.2	0.7	-4.64358	0.421785	25.6905
8	29	0.2	0.725	1.08576	0.389897	80.3016
8	30	0.2	0.75	-1.86588	0.96662	25.0268
8	31	0.2	0.775	-0.433934	0.994948	64.6532
8	32	0.2	0.8	0.324014	2.17393	23.4717
8	33	0.2	0.825	-5.47371	1.49821	37.7996
8	34	0.2	0.85	-1.08605	2.28725	31.1409
8	35	0.2	0.875	-7.55373	2.02406	18.0894
8	36	0.2	0.9	-1.19432	1.68275	24.0587
8	37	0.2	0.925	-6.0139	2.04314	22.4729
8	38	0.2	0.95	0.194153	1.37402	8.6419
8	39	0.2	0.975	-1.33188	1.30689	18.7283
8	40	0.2	1	1	0	0
9	0	0.225	0	0	0	110.367
9	1	0.225	0.025	0.156599	-0.107543	110.367
9	2	0.225	0.05	-0.514618	-0.596482	110.965
9	3	0.225	0.075	0.306326	0.123289	120.684
9	4	0.225	0.1	-1.67866	-1.34404	83.2173
9	5	0.225	0.125	-0.0401056	-0.115889	150.055
9	6	0.225	0.15	-1.81004	-1.01257	50.6561
9	7	0.225	0.175	-0.137532	-1.08438	162.819
9	8	0.225	0.2	-0.565786	-0.0738768	60.1152
9	9	0.225	0.225	-0.457318	-2.41309	124.225
9	10	0.225	0.25	0.348128	0.115904	112.043
9	11	0.225	0.275	-1.51393	-2.4243	51.7331
9	12	0.225	0.3	0.248937	-0.611853	159.323
9	13	0.225	0.325	-1.54343	-1.0996	16.7898
9	14	0.225	0.35	0.502596	-2.01983	159.358
9	15	0.225	0.375	0.179522	0.0601693	50.16
9	16	0.225	0.4	-0.210628	-3.13272	92.583
9	17	0.225	0.425	0.751333	-0.0203045	114.715
9	18	0.225	0.45	-2.06501	-2.34656	13.111
9	19	0.225	0.475	0.36272	-0.770101	156.498
9	20	0.225	0.5	-2.13987	-0.767727	-11.797
9	21	0.225	0.525	0.942571	-1.95132	148.111
9	22	0.225	0.55	0.189383	0.560565	27.2176
9	23	0.225	0.575	-0.000458803	-2.83158	75.3993
9	24	0.225	0.6	0.924321	0.685446	92.6805
9	25	0.225	0.625	-2.87206	-1.75185	-9.62465
9	26	0.225	0.65	-0.15829	0.170898	133.314
9	27	0.225	0.675	-3.99457	-0.168673	-41.7739
9	28	0.225	0.7	-0.103719	-0.35991	135.523
9	29	0.225	0.725	-2.46849	1.29401	-24.5958
9	30	0.225	0.75	0.0967857	-1.06571	92.5329
9	31	0.225	0.775	0.0164523	2.31847	26.9529
9	32	0.225	0.8	-3.04201	-0.700331	7.57059
9	33	0.225	0.825	-0.820698	2.12117	75.1135
9	34	0.225	0.85	-5.89157	0.773707	-53.8901
9	35	0.225	0.875	-1.80922	1.28163	88.1064
9	36	0.225	0.9	-5.94426	1.83185	-57.4278
9	37	0.225	0.925	-0.758882	0.362885	65.1963
9	38	0.225	0.95	-2.91114	2.1371	-21.69
9	39	0.225	0.975	0.777676	0.197571	19.9846
9	40	0.225	1	1	0	0
10	0	0.25	0	0	0	110.642
10	1	0.25	0.025	-0.0383986	-0.43743	110.642
10	2	0.25	0.05	0.3618	0.256079	119.802
10	3	0.25	0.075	-0.990523	-1.3959	83.6575
10	4	0.25	0.1	-0.0366047	0.0505372	152.5
10	5	0.25	0.125	-1.4254	-1.29016	44.6706
10	6	0.25	0.15	-0.59859	-0.834033	175.702
10	7	0.25	0.175	-0.656696	-0.353013	41.7633
10	8	0.25	0.2	-0.665629	-2.33012	150.606
10	9	0.25	0.225	0.235524	0.212326	90.2784
10	10	0.25	0.25	-0.827475	-3.02776	70.9215
10	11	0.25	0.275	-0.0681838	-0.265277	154.376
10	12	0.25	0.3	-0.969914	-1.90239	8.3448
10	13	0.25	0.325	-0.409855	-1.66372	181.725
10	14	0.25	0.35	-0.0163714	-0.337754	20.1057
10	15	0.25	0.375	-0.173291	-3.47683	129.682
10	16	0.25	0.4	0.706191	0.167171	91.4073
10	17	0.25	0.425	-0.805178	-3.43102	25.0124
10	18	0.25	0.45	-0.143482	-0.482177	160.975
10	19	0.25	0.475	-1.35246	-1.73937	-33.0534
10	20	0.25	0.5	-0.429825	-1.82745	181.604
10	21	0.25	0.525	-0.154737	0.0441893	-11.3047
10	22	0.25	0.55	0.0198984	-3.57666	118.655
10	23	0.25	0.575	0.868874	0.839208	69.2071
10	24	0.25	0.6	-1.11738	-3.19601	-2.62495
10	25	0.25	0.625	-0.396781	0.403106	143.113
10	26	0.25	0.65	-2.46811	-1.13343	-70.1805
10	27	0.25	0.675	-1.45909	-0.468715	170.107
10	28	0.25	0.7	-2.05107	0.539969	-65.3506
10	29	0.25	0.725	-1.1454	-1.73858	137.705
10	30	0.25	0.75	-0.382125	1.90898	-4.42542
10	31	0.25	0.775	-1.6396	-2.49063	30.5995
10	32	0.25	0.8	-0.68098	2.13562	78.1996
10	33	0.25	0.825	-3.61294	-0.792606	-77.2125
10	34	0.25	0.85	-2.30762	1.34276	125.057
10	35	0.25	0.875	-4.62274	0.877735	-108.387
10	36	0.25	0.9	-2.37034	0.214725	122.741
10	37	0.25	0.925	-3.36768	1.91943	-80.1666
10	38	0.25	0.95	-0.421862	-1.13785	66.5361
10	39	0.25	0.975	-0.147492	1.87489	-11.9049
10	40	0.25	1	1	0	0
11	0	0.275	0	0	0	112.603
11	1	0.275	0.025	0.261609	0.308767	112.603
11	2	0.275	0.05	-0.271241	-1.25834	92.205
11	3	0.275	0.075	0.100116	0.296134	145.886
11	4	0.275	0.1	-0.832459	-1.36304	49.896
11	5	0.275	0.125	-0.880495	-0.491101	175.398
11	6	0.275	0.15	-0.495546	-0.523573	37.4085
11	7	0.275	0.175	-1.30978	-1.76195	165.153
11	8	0.275	0.2	0.23953	0.184315	70.5087
11	9	0.275	0.225	-0.827946	-2.82064	99.8463
11	10	0.275	0.25	0.00163831	0.134274	131.624
11	11	0.275	0.275	-0.337224	-2.20441	26.2574
11	12	0.275	0.3	-1.09599	-0.932926	176.08
11	13	0.275	0.325	0.171877	-0.770234	11.9537
11	14	0.275	0.35	-1.10464	-2.70883	155.427
11	15	0.275	0.375	0.780286	0.191168	61.6184
11	16	0.275	0.4	-0.356653	-3.57528	61.6314
11	17	0.275	0.425	-0.102811	0.0700508	136.744
11	18	0.275	0.45	-0.315784	-2.19398	-18.7046
11	19	0.275	0.475	-1.54515	-1.11221	180.33
11	20	0.275	0.5	0.023387	-0.550064	-24.2842
11	21	0.275	0.525	-1.31785	-2.85619	151.113
11	22	0.275	0.55	0.812848	0.732015	34.4163
11	23	0.275	0.575	-0.512772	-3.62093	38.9545
11	24	0.275	0.6	-0.270425	0.967281	118.926
11	25	0.275	0.625	-0.887426	-1.63427	-57.2452
11	26	0.275	0.65	-2.40076	0.077668	168.32
11	27	0.275	0.675	-1.21004	0.171392	-71.048
11	28	0.275	0.7	-2.92575	-1.14902	156.3
11	29	0.275	0.725	-0.483774	1.37454	-30.8055
11	30	0.275	0.75	-2.06966	-2.49213	71.5973
11	31	0.275	0.775	-0.534613	2.20977	49.4673
11	32	0.275	0.8	-1.95067	-1.68948	-52.6141
11	33	0.275	0.825	-2.52982	1.89023	121.712
11	34	0.275	0.85	-2.82266	0.32242	-112.707
11	35	0.275	0.875	-3.79436	0.800534	144.948
11	36	0.275	0.9	-2.81846	1.27422	-108.823
11	37	0.275	0.925	-2.54083	-0.807913	115.147
11	38	0.275	0.95	-0.971947	1.89481	-55.2037
11	39	0.275	0.975	0.0842796	-1.32137	29.214
11	40	0.275	1	1	0	0
12	0	0.3	0	0	0	105.569
12	1	0.3	0.025	0.154032	-0.810331	105.569
12	2	0.3	0.05	0.227374	0.535942	130.953
12	3	0.3	0.075	-0.166962	-1.309	64.0033
12	4	0.3	0.1	-0.901369	-0.148629	164.768
12	5	0.3	0.125	-0.188357	-0.46928	45.9629
12	6	0.3	0.15	-1.95542	-1.18478	161.847
12	7	0.3	0.175	0.277364	0.148702	66.7608
12	8	0.3	0.2	-1.51446	-2.05284	115.812
12	9	0.3	0.225	0.29691	0.307756	110.538
12	10	0.3	0.25	-0.185461	-1.83255	53.3808
12	11	0.3	0.275	-1.18603	-0.320837	150.91
12	12	0.3	0.3	0.510123	-0.725994	29.4957
12	13	0.3	0.325	-2.19763	-1.60401	148.511
12	14	0.3	0.35	0.929673	0.0571617	52.6529
12	15	0.3	0.375	-1.07938	-2.63736	89.0649
12	16	0.3	0.4	0.375675	0.418879	105.65
12	17	0.3	0.425	0.290491	-1.86448	14.958
12	18	0.3	0.45	-1.90753	-0.302841	149.734
12	19	0.3	0.475	0.472344	-0.480452	-4.5978
12	20	0.3	0.5	-2.86685	-1.56669	142.626
12	21	0.3	0.525	0.856144	0.478783	23.0136
12	22	0.3	0.55	-1.45747	-2.59717	72.3747
12	23	0.3	0.575	0.211042	1.2806	83.433
12	24	0.3	0.6	-0.0429703	-1.39278	-18.9214
12	25	0.3	0.625	-2.65992	0.848841	135.109
12	26	0.3	0.65	-0.337955	0.490651	-44.9401
12	27	0.3	0.675	-4.38686	-0.141789	133.924
12	28	0.3	0.7	-0.333969	1.23752	-25.7952
12	29	0.3	0.725	-3.5232	-1.17972	83.8406
12	30	0.3	0.75	-0.25732	2.03069	22.8439
12	31	0.3	0.775	-1.68796	-1.28352	-11.0802
12	32	0.3	0.8	-2.28061	2.36005	87.9721
12	33	0.3	0.825	-1.34239	0.438311	-78.78
12	34	0.3	0.85	-4.74874	1.60167	122.892
12	35	0.3	0.875	-1.80469	1.18583	-92.2587
12	36	0.3	0.9	-4.53937	0.374443	119.461
12	37	0.3	0.925	-1.04892	1.41727	-74.085
12	38	0.3	0.95	-1.86042	-1.33675	66.0642
12	39	0.3	0.975	0.480508	1.38088	-16.0655
12	40	0.3	1	1	0	0
13	0	0.325	0	0	0	112.628
13	1	0.325	0.025	0.252791	0.482844	112.628
13	2	0.325	0.05	0.32329	-1.09794	84.3451
13	3	0.325	0.075	-0.680212	0.162109	146.535
13	4	0.325	0.1	0.200854	-0.345942	61.8019
13	5	0.325	0.125	-2.26409	-0.839222	146.724
13	6	0.325	0.15	0.257538	0.219667	78.2421
13	7	0.325	0.175	-2.35827	-1.36183	109.836
13	8	0.325	0.2	0.493723	0.218368	107.408
13	9	0.325	0.225	-0.68418	-1.10515	67.714
13	10	0.325	0.25	-0.693369	-0.260147	128.363
13	11	0.325	0.275	0.631346	-0.26623	55.0752
13	12	0.325	0.3	-2.62979	-1.03744	118.386
13	13	0.325	0.325	0.935058	0.0525531	71.0205
13	14	0.325	0.35	-2.25603	-1.45656	81.8164
13	15	0.325	0.375	0.900932	0.197107	96.0009
13	16	0.325	0.4	0.000944424	-0.972431	39.4327
13	17	0.325	0.425	-1.34961	-0.117959	114.724
13	18	0.325	0.45	0.790955	0.0728091	29.5533
13	19	0.325	0.475	-3.60823	-0.768022	101.405
13	20	0.325	0.5	0.803797	0.425631	45.1719
13	21	0.325	0.525	-2.9077	-1.12266	62.9907
13	22	0.325	0.55	0.729601	0.893695	70.9439
13	23	0.325	0.575	-0.362759	-0.461896	11.5584
13	24	0.325	0.6	-1.97801	0.937962	94.9505
13	25	0.325	0.625	0.231716	1.05401	-4.93393
13	26	0.325	0.65	-4.87244	0.40032	83.7142
13	27	0.325	0.675	-0.23947	1.3472	7.55709
13	28	0.325	0.7	-4.73581	0.0880993	52.0821
13	29	0.325	0.725	-0.0676982	1.53551	26.7449
13	30	0.325	0.75	-2.42158	-0.0304915	5.57883
13	31	0.325	0.775	-1.50703	1.94042	56.0578
13	32	0.325	0.8	-0.723275	1.01089	-34.7146
13	33	0.325	0.825	-4.74532	1.74576	73.3663
13	34	0.325	0.85	-1.08925	1.43989	-45.4284
13	35	0.325	0.875	-5.77644	1.24212	73.8817
13	36	0.325	0.9	-0.745382	1.06284	-48.7856
13	37	0.325	0.925	-3.8661	0.0354663	62.4343
13	38	0.325	0.95	0.344951	1.04344	-31.6929
13	39	0.325	0.975	-0.28962	-0.787408	15.349
13	40	0.325	1	1	0	0
14	0	0.35	0	0	0	102.415
14	1	0.35	0.025	0.355033	-0.600902	102.415
14	2	0.35	0.05	-0.281318	0.291238	124.651
14	3	0.35	0.075	0.572099	-0.265134	80.6961
14	4	0.35	0.1	-2.09959	-0.673209	127.504
14	5	0.35	0.125	0.265833	0.313014	95.4965
14	6	0.35	0.15	-2.81919	-1.11594	90.9288
14	7	0.35	0.175	0.36608	0.0920038	121.374
14	8	0.35	0.2	-1.41804	-0.583384	60.2205
14	9	0.35	0.225	-0.125207	-0.673294	126.322
14	10	0.35	0.25	0.431766	0.21618	67.4706
14	11	0.35	0.275	-2.14808	-1.34695	92.938
14	12	0.35	0.3	0.721756	0.213656	97.1209
14	13	0.35	0.325	-2.79864	-1.07053	49.9259
14	14	0.35	0.35	0.892985	-0.225952	115.105
14	15	0.35	0.375	-0.787036	-0.178168	33.7729
14	16	0.35	0.4	-0.36111	-0.832325	103.897
14	17	0.35	0.425	0.791219	0.617341	52.2341
14	18	0.35	0.45	-3.09761	-1.04009	60.3198
14	19	0.35	0.475	0.5605	0.509382	80.044
14	20	0.35	0.5	-3.51718	-0.503358	21.4281
14	21	0.35	0.525	0.665766	0.218277	92.2333
14	22	0.35	0.55	-1.17598	0.443081	7.68796
14	23	0.35	0.575	-0.869278	-0.0642031	79.6549
14	24	0.35	0.6	0.368373	1.46881	23.5107
14	25	0.35	0.625	-4.05944	-0.0830556	36.4113
14	26	0.35	0.65	-0.258598	1.36706	48.3004
14	27	0.35	0.675	-4.81971	0.40063	-0.913227
14	28	0.35	0.7	-0.313643	0.933632	58.4373
14	29	0.35	0.725	-2.9954	0.877967	-14.9329
14	30	0.35	0.75	-0.900034	0.706307	53.3624
14	31	0.35	0.775	-0.77606	1.52614	-11.4193
14	32	0.35	0.8	-3.70003	0.760927	31.3973
14	33	0.35	0.825	-0.816977	1.59988	2.01294
14	34	0.35	0.85	-5.63845	1.01727	9.05053
14	35	0.35	0.875	-0.823389	0.908609	3.31003
14	36	0.35	0.9	-4.97805	0.927026	8.97817
14	37	0.35	0.925	0.309785	0.319316	-7.33229
14	38	0.35	0.95	-1.91681	0.0383195	9.66237
14	39	0.35	0.975	1.04152	0.151394	-5.32591
14	40	0.35	1	1	0	0
15	0	0.375	0	0	0	108.279
15	1	0.375	0.025	0.0882129	0.123186	108.279
15	2	0.375	0.05	0.689516	-0.140601	97.0637
15	3	0.375	0.075	-1.48633	-0.638858	109.403
15	4	0.375	0.1	0.422384	0.351777	111.345
15	5	0.375	0.125	-2.72558	-1.19282	71.8229
15	6	0.375	0.15	0.0873017	0.0274776	140.09
15	7	0.375	0.175	-1.88105	-0.556501	40.7035
15	8	0.375	0.2	-0.0368747	-1.04668	143.136
15	9	0.375	0.225	0.0600788	0.423286	59.1839
15	10	0.375	0.25	-1.31486	-2.10086	91.7184
15	11	0.375	0.275	0.505424	0.394067	109.055
15	12	0.375	0.3	-2.4089	-1.60044	24.3623
15	13	0.375	0.325	0.368928	-0.396886	141.785
15	14	0.375	0.35	-1.27419	-0.135685	7.05976
15	15	0.375	0.375	0.00712935	-1.66395	123.158
15	16	0.375	0.4	0.547454	0.858723	48.4096
15	17	0.375	0.425	-1.91034	-2.0853	47.9679
15	18	0.375	0.45	0.33571	0.616981	101.502
15	19	0.375	0.475	-2.97747	-0.962069	-15.6607
15	20	0.375	0.5	0.00862897	-0.196616	124.811
15	21	0.375	0.525	-1.55293	0.547148	-20.6424
15	22	0.375	0.55	-0.52861	-1.23834	96.8667
15	23	0.375	0.575	0.191113	1.55022	24.0466
15	24	0.375	0.6	-2.66255	-1.32012	19.0506
15	25	0.375	0.625	-0.308649	1.34813	74.1602
15	26	0.375	0.65	-3.84811	-0.166881	-42.009
15	27	0.375	0.675	-0.895708	0.52371	94.4082
15	28	0.375	0.7	-2.83392	0.899698	-49.3651
15	29	0.375	0.725	-1.138	-0.383759	76.0251
15	30	0.375	0.75	-0.988475	1.60477	-16.9993
15	31	0.375	0.775	-2.59277	-0.694182	20.4352
15	32	0.375	0.8	-0.787932	1.60153	26.8646
15	33	0.375	0.825	-4.39881	-0.0264706	-36.1238
15	34	0.375	0.85	-1.2137	0.878052	49.9082
15	35	0.375	0.875	-4.71216	0.63055	-54.0829
15	36	0.375	0.9	-0.409509	-0.0795535	43.6365
15	37	0.375	0.925	-2.91071	0.802553	-35.6391
15	38	0.375	0.95	0.972121	-0.761146	14.794
15	39	0.375	0.975	0.217065	0.114894	-8.88581
15	40	0.375	1	1	0	0
16	0	0.4	0	0	0	103.423
16	1	0.4	0.025	0.427257	0.0524004	103.423
16	2	0.4	0.05	-0.613959	-0.735732	98.9158
16	3	0.4	0.075	0.639604	0.411227	121.114
16	4	0.4	0.1	-2.14621	-1.39224	59.0767
16	5	0.4	0.125	-0.0486138	0.0179086	154.384
16	6	0.4	0.15	-1.91686	-0.812061	23.3364
16	7	0.4	0.175	-0.395146	-1.12203	163.982
16	8	0.4	0.2	-0.280359	0.296142	39.5189
16	9	0.4	0.225	-0.898805	-2.58171	112.089
16	10	0.4	0.25	0.404124	0.535348	100.311
16	11	0.4	0.275	-1.62328	-2.38777	23.5714
16	12	0.4	0.3	-0.125556	-0.242569	153.438
16	13	0.4	0.325	-1.17922	-0.693885	-14.156
16	14	0.4	0.35	-0.506028	-1.83631	150.584
16	15	0.4	0.375	0.268601	0.705399	26.0163
16	16	0.4	0.4	-1.16398	-2.94685	67.4747
16	17	0.4	0.425	0.267524	0.775505	97.7272
16	18	0.4	0.45	-1.9273	-1.81443	-24.9299
16	19	0.4	0.475	-0.660047	-0.163613	142.697
16	20	0.4	0.5	-1.32377	0.0556882	-44.0894
16	21	0.4	0.525	-1.18523	-1.6537	123.742
16	22	0.4	0.55	-0.0292594	1.28129	5.03866
16	23	0.4	0.575	-1.8699	-2.31721	33.8806
16	24	0.4	0.6	-0.310889	1.39094	74.3138
16	25	0.4	0.625	-2.55692	-0.991087	-53.4202
16	26	0.4	0.65	-1.44537	0.503895	113.653
16	27	0.4	0.675	-2.15989	0.514113	-71.1859
16	28	0.4	0.7	-1.99353	-0.754038	99.9694
16	29	0.4	0.725	-1.03272	1.33074	-34.4764
16	30	0.4	0.75	-2.29891	-1.55414	34.352
16	31	0.4	0.775	-0.805921	1.52467	25.0966
16	32	0.4	0.8	-3.03465	-1.04579	-45.9333
16	33	0.4	0.825	-1.56724	0.982132	70.9057
16	34	0.4	0.85	-3.52571	-0.138316	-88.1156
16	35	0.4	0.875	-1.53152	-0.00649548	84.6094
16	36	0.4	0.9	-2.81317	0.51369	-84.6248
16	37	0.4	0.925	-0.0501195	-1.25907	59.8169
16	38	0.4	0.95	-0.534725	0.723268	-41.1022
16	39	0.4	0.975	1.07151	-1.4387	6.76708
16	40	0.4	1	1	0	0
17	0	0.425	0	0	0	100.868
17	1	0.425	0.025	0.0715246	-0.675845	100.868
17	2	0.425	0.05	0.703212	0.572312	119.497
17	3	0.425	0.075	-1.20812	-1.65471	57.1177
17	4	0.425	0.1	0.046287	0.124839	160.325
17	5	0.425	0.125	-1.58786	-1.07523	14.3457
17	6	0.425	0.15	-0.820046	-0.990182	177.832
17	7	0.425	0.175	-0.468376	0.0403435	22.7926
17	8	0.425	0.2	-1.14253	-2.49715	136.973
17	9	0.425	0.225	0.364592	0.587274	79.9035
17	10	0.425	0.25	-1.13041	-2.81001	44.2781
17	11	0.425	0.275	-0.261308	0.126313	144.458
17	12	0.425	0.3	-0.749216	-1.20645	-14.9486
17	13	0.425	0.325	-1.2547	-1.39958	162.634
17	14	0.425	0.35	0.150879	0.354012	7.06249
17	15	0.425	0.375	-1.40134	-2.93442	96.9203
17	16	0.425	0.4	0.341101	0.886757	76.5301
17	17	0.425	0.425	-1.1773	-2.35766	-6.91989
17	18	0.425	0.45	-0.91859	0.235015	136.858
17	19	0.425	0.475	-0.780661	-0.339548	-46.6536
17	20	0.425	0.5	-2.11068	-1.33466	135.404
17	21	0.425	0.525	-0.10163	0.926321	-10.7837
17	22	0.425	0.55	-2.1249	-2.39434	58.1674
17	23	0.425	0.575	-0.207697	1.39199	57.034
17	24	0.425	0.6	-1.71665	-1.46762	-38.3435
17	25	0.425	0.625	-1.67203	0.786224	109.293
17	26	0.425	0.65	-1.36214	0.279543	-70.6047
17	27	0.425	0.675	-2.88453	-0.530237	106.39
17	28	0.425	0.7	-0.867108	1.07495	-42.999
17	29	0.425	0.725	-2.78558	-1.50089	49.3265
17	30	0.425	0.75	-0.721049	1.37459	11.2632
17	31	0.425	0.775	-2.30015	-1.398	-31.2419
17	32	0.425	0.8	-1.68209	1.13504	65.1538
17	33	0.425	0.825	-2.22843	-0.555528	-85.6422
17	34	0.425	0.85	-2.49476	0.340788	94.4476
17	35	0.425	0.875	-1.98643	-0.0402811	-100.756
17	36	0.425	0.9	-1.68899	-0.899931	91.1003
17	37	0.425	0.925	-0.725071	0.492207	-76.2892
17	38	0.425	0.95	0.2042	-2.09662	40.9666
17	39	0.425	0.975	0.816393	0.175674	-21.405
17	40	0.425	1	1	0	0
18	0	0.45	0	0	0	105.792
18	1	0.45	0.025	0.500197	0.603528	105.792
18	2	0.45	0.05	-0.18827	-1.76959	70.4255
18	3	0.45	0.075	0.274897	0.442032	154.073
18	4	0.45	0.1	-0.939908	-1.33197	15.5492
18	5	0.45	0.125	-1.04527	-0.726882	181.939
18	6	0.45	0.15	-0.480735	-0.0970358	15.7237
18	7	0.45	0.175	-1.74432	-2.08929	152.117
18	8	0.45	0.2	0.295685	0.556375	62.6449
18	9	0.45	0.225	-1.30347	-2.65562	69.9746
18	10	0.45	0.25	-0.079138	0.473571	124.335
18	11	0.45	0.275	-0.404269	-1.33417	1.18824
18	12	0.45	0.3	-1.63811	-0.757835	154.12
18	13	0.45	0.325	0.222432	0.184789	5.53516
18	14	0.45	0.35	-2.21221	-2.25331	110.749
18	15	0.45	0.375	0.457927	0.840295	58.1178
18	16	0.45	0.4	-1.2446	-2.23178	19.7807
18	17	0.45	0.425	-0.692041	0.642012	116.007
18	18	0.45	0.45	-0.285896	-0.36095	-30.9969
18	19	0.45	0.475	-2.65093	-0.743162	125.358
18	20	0.45	0.5	-0.0145592	0.80231	-9.65341
18	21	0.45	0.525	-2.92318	-1.79796	66.9598
18	22	0.45	0.55	-0.0497773	1.25053	42.5748
18	23	0.45	0.575	-1.69088	-1.32201	-16.2507
18	24	0.45	0.6	-1.45931	0.993752	90.6676
18	25	0.45	0.625	-0.764146	0.34043	-53.1673
18	26	0.45	0.65	-3.36202	-0.153951	92.387
18	27	0.45	0.675	-0.61341	1.02261	-34.3783
18	28	0.45	0.7	-3.50803	-0.979513	46.9442
18	29	0.45	0.725	-0.549884	1.147	4.94275
18	30	0.45	0.75	-2.31597	-1.0525	-15.8439
18	31	0.45	0.775	-1.4756	1.06587	47.6516
18	32	0.45	0.8	-1.40273	-0.412189	-62.4293
18	33	0.45	0.825	-2.99743	0.579952	75.4118
18	34	0.45	0.85	-1.12225	-0.124247	-81.2146
18	35	0.45	0.875	-3.13771	-0.227491	84.3089
18	36	0.45	0.9	-0.410072	-0.0226505	-80.2131
18	37	0.45	0.925	-1.44122	-1.59089	63.1617
18	38	0.45	0.95	0.691911	0.287246	-44.7366
18	39	0.45	0.975	0.648199	-1.86344	5.68822
18	40	0.45	1	1	0	0
19	0	0.475	0	0	0	93.2665
19	1	0.475	0.025	0.362645	-1.23095	93.2665
19	2	0.475	0.05	0.487248	0.851879	132.764
19	3	0.475	0.075	-0.0595787	-1.61027	30.7262
19	4	0.475	0.1	-0.990712	-0.261779	175.096
19	5	0.475	0.125	-0.268433	-0.108931	17.7596
19	6	0.475	0.15	-2.29513	-1.64726	154.893
19	7	0.475	0.175	0.157416	0.565381	56.6526
19	8	0.475	0.2	-1.97652	-2.17115	84.8262
19	9	0.475	0.225	0.162805	0.611025	108.233
19	10	0.475	0.25	-0.504873	-1.11414	20.3968
19	11	0.475	0.275	-1.45423	-0.309787	136.023
19	12	0.475	0.3	0.34256	0.3254	17.9076
19	13	0.475	0.325	-2.83171	-1.57033	102.529
19	14	0.475	0.35	0.494759	0.748955	56.6731
19	15	0.475	0.375	-1.94602	-1.63272	32.2908
19	16	0.475	0.4	-0.212624	0.675556	99.1559
19	17	0.475	0.425	-0.19228	-0.0877934	-11.3364
19	18	0.475	0.45	-2.50547	-0.392426	104.292
19	19	0.475	0.475	0.133053	0.922914	5.32492
19	20	0.475	0.5	-3.50076	-1.20224	54.3207
19	21	0.475	0.525	0.0248847	1.04801	44.2623
19	22	0.475	0.55	-2.18748	-0.799215	-7.93756
19	23	0.475	0.575	-0.991522	0.803801	76.2306
19	24	0.475	0.6	-0.563093	0.589513	-33.5936
19	25	0.475	0.625	-3.19519	-0.0836109	69.4141
19	26	0.475	0.65	-0.404818	1.09832	-14.4667
19	27	0.475	0.675	-3.89111	-0.590885	26.6101
19	28	0.475	0.7	-0.453145	0.897756	14.6218
19	29	0.475	0.725	-2.6588	-0.490505	-16.8321
19	30	0.475	0.75	-1.10885	0.631794	38.0239
19	31	0.475	0.775	-1.15871	0.0201859	-41.2552
19	32	0.475	0.8	-2.86933	0.316083	46.7264
19	33	0.475	0.825	-0.684194	0.152471	-46.4283
19	34	0.475	0.85	-3.88445	0.0422547	46.5724
19	35	0.475	0.875	-0.148003	-0.192078	-49.8472
19	36	0.475	0.9	-2.97017	-0.648512	45.1079
19	37	0.475	0.925	0.80869	-0.239546	-44.914
19	38	0.475	0.95	-0.549026	-1.61988	19.2687
19	39	0.475	0.975	1.18543	-0.443368	-18.1965
19	40	0.475	1	1	0	0
20	0	0.5	0	0	0	104.123
20	1	0.5	0.025	0.513944	0.815597	104.123
20	2	0.5	0.05	0.651241	-1.596	60.0555
20	3	0.5	0.075	-0.665609	0.367285	154.397
20	4	0.5	0.1	0.242268	-0.153404	29.0247
20	5	0.5	0.125	-2.54753	-1.18049	148.132
20	6	0.5	0.15	0.0481866	0.663697	60.2735
20	7	0.5	0.175	-2.67994	-1.73198	85.4117
20	8	0.5	0.2	0.199759	0.60753	104.608
20	9	0.5	0.225	-1.0405	-0.786149	29.4299
20	10	0.5	0.25	-0.925824	-0.245487	124.048
20	11	0.5	0.275	0.344186	0.598756	30.8301
20	12	0.5	0.3	-2.79797	-1.34802	85.8459
20	13	0.5	0.325	0.413256	0.758936	68.4106
20	14	0.5	0.35	-2.56567	-1.16837	24.1158
20	15	0.5	0.375	0.0740021	0.394676	99.3768
20	16	0.5	0.4	-0.531354	0.24117	-3.69031
20	17	0.5	0.425	-1.83629	-0.577789	90.2737
20	18	0.5	0.45	0.221427	1.11339	21.0484
20	19	0.5	0.475	-3.40855	-1.08513	33.3647
20	20	0.5	0.5	-0.0400944	0.903748	58.5264
20	21	0.5	0.525	-2.57051	-0.426402	-17.8703
20	22	0.5	0.55	-0.698323	0.332345	77.4895
20	23	0.5	0.575	-0.686186	0.815854	-25.6966
20	24	0.5	0.6	-2.57842	-0.487456	54.1112
20	25	0.5	0.625	-0.29775	1.183	3.99955
20	26	0.5	0.65	-3.65946	-0.65271	1.98119
20	27	0.5	0.675	-0.51337	0.709878	33.8346
20	28	0.5	0.7	-2.80001	-0.202453	-33.0655
20	29	0.5	0.725	-0.931289	0.0583001	44.4121
20	30	0.5	0.75	-1.21264	0.35777	-35.7975
20	31	0.5	0.775	-2.33449	-0.407082	29.4587
20	32	0.5	0.8	-0.608077	0.424689	-19.0407
20	33	0.5	0.825	-3.71057	-0.39239	5.02791
20	34	0.5	0.85	-0.297023	-0.0893876	-8.36527
20	35	0.5	0.875	-3.66562	-0.309533	-3.08591
20	36	0.5	0.9	0.684906	-0.652631	-12.449
20	37	0.5	0.925	-1.81903	-0.762417	-0.433213
20	38	0.5	0.95	1.41947	-0.789688	-15.2796
20	39	0.5	0.975	0.607731	-1.26464	-8.77154
20	40	0.5	1	1	0	0
21	0	0.525	0	0	0	88.2399
21	1	0.525	0.025	0.642297	-0.906888	88.2399
21	2	0.525	0.05	-0.14259	0.734212	122.92
21	3	0.525	0.075	0.862113	-0.267533	50.7894
21	4	0.525	0.1	-2.37816	-0.633046	132.201
21	5	0.525	0.125	0.164572	0.752156	70.028
21	6	0.525	0.15	-3.08244	-1.42997	77.4583
21	7	0.525	0.175	0.0392745	0.599961	110.714
21	8	0.525	0.2	-1.6492	-0.606402	25.86
21	9	0.525	0.225	-0.536984	-0.393575	125.655
21	10	0.525	0.25	0.16722	0.781476	33.4143
21	11	0.525	0.275	-2.23842	-1.58445	78.1835
21	12	0.525	0.3	0.309084	0.857746	79.3334
21	13	0.525	0.325	-2.6146	-1.21171	8.9557
21	14	0.525	0.35	-0.0325989	0.157198	111.977
21	15	0.525	0.375	-0.933998	0.321474	-11.8478
21	16	0.525	0.4	-1.25979	-1.0651	93.7507
21	17	0.525	0.425	0.190899	1.21954	25.3488
21	18	0.525	0.45	-2.77718	-1.47436	21.9539
21	19	0.525	0.475	-0.156472	0.871323	72.1562
21	20	0.525	0.5	-2.47501	-0.482907	-33.6539
21	21	0.525	0.525	-0.795934	-0.0558857	89.9212
21	22	0.525	0.55	-0.85179	0.825206	-31.3509
21	23	0.525	0.575	-2.06691	-1.07594	54.6859
21	24	0.525	0.6	-0.275795	1.20509	11.0834
21	25	0.525	0.625	-3.01747	-1.07842	-12.0353
21	26	0.525	0.65	-0.64763	0.641348	50.0196
21	27	0.525	0.675	-2.5274	-0.297684	-51.0795
21	28	0.525	0.7	-1.09205	-0.325662	59.466
21	29	0.525	0.725	-1.23214	0.414623	-43.7602
21	30	0.525	0.75	-1.92053	-1.12274	30.2229
21	31	0.525	0.775	-0.637546	0.537937	-9.3886
21	32	0.525	0.8	-2.98011	-1.15895	-17.6544
21	33	0.525	0.825	-0.627839	0.0511639	20.8941
21	34	0.525	0.85	-3.36332	-0.753792	-47.5947
21	35	0.525	0.875	0.0243052	-0.720827	29.6234
21	36	0.525	0.9	-2.39193	-0.421118	-45.6955
21	37	0.525	0.925	1.22411	-1.42863	14.186
21	38	0.525	0.95	-0.14245	-0.591559	-24.2309
21	39	0.525	0.975	1.35483	-1.53664	-8.32968
21	40	0.525	1	1	0	0
22	0	0.55	0	0	0	96.5767
22	1	0.55	0.025	0.266064	0.44127	96.5767
22	2	0.55	0.05	1.06039	-0.225977	75.6513
22	3	0.55	0.075	-1.70815	-0.249893	108.905
22	4	0.55	0.1	0.534975	0.745905	84.6085
22	5	0.55	0.125	-3.06518	-1.18811	65.1446
22	6	0.55	0.15	-0.0784816	0.58244	120.847
22	7	0.55	0.175	-2.03077	-0.599045	16.3844
22	8	0.55	0.2	-0.52235	-0.502396	136.162
22	9	0.55	0.225	-0.106395	0.751419	25.0777
22	10	0.55	0.25	-1.68533	-1.92704	85.9906
22	11	0.55	0.275	0.266144	0.964706	79.4064
22	12	0.55	0.3	-2.20417	-1.61976	3.31813
22	13	0.55	0.325	-0.292687	0.152092	122.693
22	14	0.55	0.35	-1.06587	0.0677418	-24.7747
22	15	0.55	0.375	-1.21194	-1.35958	108.616
22	16	0.55	0.4	0.0910308	1.14612	16.6939
22	17	0.55	0.425	-2.17295	-2.00006	28.0263
22	18	0.55	0.45	-0.204532	0.932013	74.735
22	19	0.55	0.475	-2.02572	-0.836889	-40.937
22	20	0.55	0.5	-1.087	-0.162862	100.801
22	21	0.55	0.525	-0.847554	0.617751	-40.8458
22	22	0.55	0.55	-2.02141	-1.43279	65.0983
22	23	0.55	0.575	-0.271162	1.11753	6.79676
22	24	0.55	0.6	-2.45213	-1.53005	-10.5992
22	25	0.55	0.625	-0.719821	0.667431	55.0126
22	26	0.55	0.65	-2.00247	-0.565991	-59.0486
22	27	0.55	0.675	-1.42344	-0.415249	70.6162
22	28	0.55	0.7	-1.06701	0.266119	-53.2644
22	29	0.55	0.725	-1.91977	-1.45133	40.0014
22	30	0.55	0.75	-0.600752	0.497015	-13.5407
22	31	0.55	0.775	-2.30523	-1.71498	-18.5121
22	32	0.55	0.8	-0.843763	0.155	29.7141
22	33	0.55	0.825	-2.534	-1.35859	-66.2515
22	34	0.55	0.85	-0.797745	-0.573717	55.649
22	35	0.55	0.875	-2.09982	-0.83744	-82.154
22	36	0.55	0.9	0.249222	-1.56395	52.3643
22	37	0.55	0.925	-0.570651	-0.358908	-59.8597
22	38	0.55	0.95	1.27329	-2.17503	15.9527
22	39	0.55	0.975	0.93417	-0.847664	-22.2824
22	40	0.55	1	1	0	0
23	0	0.575	0	0	0	88.1544
23	1	0.575	0.025	0.619465	0.0236088	88.1544
23	2	0.575	0.05	-0.693727	-0.340324	89.6757
23	3	0.575	0.075	0.877544	0.717706	99.129
23	4	0.575	0.1	-2.5573	-1.10924	51.0494
23	5	0.575	0.125	-0.00143983	0.51909	132.376
23	6	0.575	0.15	-2.12184	-0.638745	6.25506
23	7	0.575	0.175	-0.700591	-0.549364	148.029
23	8	0.575	0.2	-0.356744	0.56531	13.1405
23	9	0.575	0.225	-1.52592	-2.07041	102.524
23	10	0.575	0.25	0.271141	0.987772	69.0355
23	11	0.575	0.275	-1.78545	-2.0382	12.3308
23	12	0.575	0.3	-0.401534	0.333656	122.556
23	13	0.575	0.325	-0.931514	-0.302092	-30.2644
23	14	0.575	0.35	-1.50098	-1.28195	120.9
23	15	0.575	0.375	0.0226703	0.923748	4.46523
23	16	0.575	0.4	-2.04892	-2.24928	44.5719
23	17	0.575	0.425	-0.134582	0.976769	66.1643
23	18	0.575	0.45	-1.61426	-1.20192	-35.059
23	19	0.575	0.475	-1.24431	-0.0398357	101.878
23	20	0.575	0.5	-0.67751	0.374732	-44.3149
23	21	0.575	0.525	-2.29489	-1.45146	73.3073
23	22	0.575	0.55	-0.228297	0.936338	-0.220069
23	23	0.575	0.575	-2.30289	-1.72802	-0.95759
23	24	0.575	0.6	-0.647041	0.672057	50.2142
23	25	0.575	0.625	-1.54772	-0.76478	-55.081
23	26	0.575	0.65	-1.65423	-0.344169	71.2263
23	27	0.575	0.675	-0.779093	0.10311	-54.6915
23	28	0.575	0.7	-2.21497	-1.41098	45.576
23	29	0.575	0.725	-0.451851	0.348794	-19.6751
23	30	0.575	0.75	-2.04586	-1.81738	-9.67077
23	31	0.575	0.775	-0.824341	0.165741	23.9189
23	32	0.575	0.8	-1.75664	-1.60496	-61.0837
23	33	0.575	0.825	-1.37419	-0.386732	57.7426
23	34	0.575	0.85	-1.39372	-1.2762	-88.9853
23	35	0.575	0.875	-1.00236	-1.27089	70.6213
23	36	0.575	0.9	-0.458913	-0.752838	-85.1634
23	37	0.575	0.925	0.319754	-2.37205	46.7952
23	38	0.575	0.95	0.776069	-0.410416	-44.7762
23	39	0.575	0.975	1.11775	-2.30204	-3.69456
23	40	0.575	1	1	0	0
24	0	0.6	0	0	0	86.4805
24	1	0.6	0.025	0.0737255	-0.522753	86.4805
24	2	0.6	0.05	0.882828	0.775834	102.822
24	3	0.6	0.075	-1.57485	-1.37633	43.5023
24	4	0.6	0.1	0.214561	0.506867	141.738
24	5	0.6	0.125	-1.92279	-0.759685	-3.09135
24	6	0.6	0.15	-0.826996	-0.594271	158.766
24	7	0.6	0.175	-0.550044	0.392034	3.08007
24	8	0.6	0.2	-1.6945	-2.03744	118.19
24	9	0.6	0.225	0.247857	0.904204	55.8451
24	10	0.6	0.25	-1.71453	-2.24126	29.3608
24	11	0.6	0.275	-0.281143	0.536359	113.135
24	12	0.6	0.3	-0.771488	-0.575994	-25.6045
24	13	0.6	0.325	-1.67892	-0.986097	123.294
24	14	0.6	0.35	0.0278198	0.722358	-1.84488
24	15	0.6	0.375	-2.328	-2.15656	58.2045
24	16	0.6	0.4	-0.00164215	0.913244	55.2822
24	17	0.6	0.425	-1.56522	-1.38445	-22.3595
24	18	0.6	0.45	-1.09708	0.119281	94.7992
24	19	0.6	0.475	-0.489657	0.237421	-40.1087
24	20	0.6	0.5	-2.49217	-1.31623	73.3084
24	21	0.6	0.525	-0.15448	0.762545	-1.99065
24	22	0.6	0.55	-2.49939	-1.6856	5.6074
24	23	0.6	0.575	-0.46792	0.560613	44.1595
24	24	0.6	0.6	-1.39463	-0.800213	-46.454
24	25	0.6	0.625	-1.60454	-0.329241	64.4306
24	26	0.6	0.65	-0.528535	0.0456467	-47.6996
24	27	0.6	0.675	-2.4805	-1.28793	41.1268
24	28	0.6	0.7	-0.273863	0.177893	-18.369
24	29	0.6	0.725	-2.16183	-1.6156	-5.57886
24	30	0.6	0.75	-0.612837	0.00799957	16.4762
24	31	0.6	0.775	-1.35867	-1.44323	-47.5387
24	32	0.6	0.8	-1.53779	-0.369621	44.3181
24	33	0.6	0.825	-0.785112	-1.27918	-72.2026
24	34	0.6	0.85	-1.95143	-0.936541	60.5396
24	35	0.6	0.875	-0.0943522	-1.1524	-80.6994
24	36	0.6	0.9	-1.06324	-1.88273	56.6943
24	37	0.6	0.925	0.823673	-0.725591	-62.0262
24	38	0.6	0.95	0.475773	-2.51829	17.7668
24	39	0.6	0.975	1.17539	-1.02581	-24.6933
24	40	0.6	1	1	0	0
25	0	0.625	0	0	0	90.8779
25	1	0.625	0.025	0.534363	0.721757	90.8779
25	2	0.625	0.05	-0.433696	-1.7284	53.4465
25	3	0.625	0.075	0.446066	0.701117	140.586
25	4	0.625	0.1	-1.38201	-1.14084	-7.31805
25	5	0.625	0.125	-0.807788	-0.532989	167.616
25	6	0.625	0.15	-0.675439	0.284633	-5.34657
25	7	0.625	0.175	-1.91505	-1.98057	130.576
25	8	0.625	0.2	0.122704	0.820873	45.5513
25	9	0.625	0.225	-1.975	-2.27084	44.9844
25	10	0.625	0.25	-0.0852309	0.636381	102.201
25	11	0.625	0.275	-0.838658	-0.726381	-16.4794
25	12	0.625	0.3	-1.5069	-0.687042	119.102
25	13	0.625	0.325	0.0633417	0.667522	-1.44066
25	14	0.625	0.35	-2.57884	-1.96149	62.8847
25	15	0.625	0.375	0.0901217	0.80398	50.1905
25	16	0.625	0.4	-1.86058	-1.40419	-13.1862
25	17	0.625	0.425	-0.74579	0.150464	87.9457
25	18	0.625	0.45	-0.453462	0.203595	-34.0345
25	19	0.625	0.475	-2.34079	-1.24599	68.9253
25	20	0.625	0.5	-0.0838757	0.688273	1.60163
25	21	0.625	0.525	-2.69255	-1.63135	4.56301
25	22	0.625	0.55	-0.318511	0.383109	43.9059
25	23	0.625	0.575	-1.52176	-0.757515	-42.3058
25	24	0.625	0.6	-1.31656	-0.481218	59.1202
25	25	0.625	0.625	-0.424061	0.0834668	-39.4842
25	26	0.625	0.65	-2.45084	-1.3411	31.5325
25	27	0.625	0.675	-0.176765	0.0734538	-9.75226
25	28	0.625	0.7	-2.34352	-1.45054	-11.7253
25	29	0.625	0.725	-0.393375	-0.268346	17.3644
25	30	0.625	0.75	-1.32619	-1.13586	-40.4919
25	31	0.625	0.775	-1.33234	-0.658726	31.0166
25	32	0.625	0.8	-0.518075	-0.98008	-50.2926
25	33	0.625	0.825	-2.31184	-0.947528	34.4464
25	34	0.625	0.85	0.101494	-1.15151	-53.8419
25	35	0.625	0.875	-2.15133	-1.36371	35.4738
25	36	0.625	0.9	0.932233	-1.16402	-52.4191
25	37	0.625	0.925	-0.671155	-2.08524	21.4571
25	38	0.625	0.95	1.36629	-0.948839	-32.5606
25	39	0.625	0.975	0.852659	-2.14217	-9.78276
25	40	0.625	1	1	0	0
26	0	0.65	0	0	0	77.6374
26	1	0.65	0.025	0.257565	-1.35988	77.6374
26	2	0.65	0.05	0.59994	1.04589	121.664
26	3	0.65	0.075	-0.508259	-1.77564	3.45008
26	4	0.65	0.1	-0.635355	-0.149845	169.006
26	5	0.65	0.125	-0.616336	0.122058	-12.2188
26	6	0.65	0.15	-2.03114	-1.84743	142.278
26	7	0.65	0.175	-0.0864565	0.844958	37.3067
26	8	0.65	0.2	-2.29722	-2.28557	56.8757
26	9	0.65	0.225	-0.0244455	0.6905	94.8794
26	10	0.65	0.25	-1.16813	-0.856325	-9.70102
26	11	0.65	0.275	-1.10848	-0.480848	116.116
26	12	0.65	0.3	0.0388859	0.720907	-0.345108
26	13	0.65	0.325	-2.48151	-1.87055	63.8499
26	14	0.65	0.35	0.109384	0.783728	50.3674
26	15	0.65	0.375	-2.16089	-1.44632	-11.4431
26	16	0.65	0.4	-0.465533	0.0913843	87.5601
26	17	0.65	0.425	-0.620836	0.171494	-33.0402
26	18	0.65	0.45	-1.89775	-1.30933	68.5199
26	19	0.65	0.475	-0.0387717	0.719719	4.36687
26	20	0.65	0.5	-2.59629	-1.74107	1.16645
26	21	0.65	0.525	-0.278498	0.277855	48.4734
26	22	0.65	0.55	-1.69118	-0.802556	-45.3245
26	23	0.65	0.575	-1.03545	-0.698092	61.3127
26	24	0.65	0.6	-0.459578	0.127123	-37.4739
26	25	0.65	0.625	-2.12722	-1.5992	26.4483
26	26	0.65	0.65	-0.169396	0.0668721	-1.36036
26	27	0.65	0.675	-2.30448	-1.54173	-22.2265
26	28	0.65	0.7	-0.332096	-0.490915	26.1431
26	29	0.65	0.725	-1.41084	-0.97852	-44.5931
26	30	0.65	0.75	-1.02136	-1.11299	28.7815
26	31	0.65	0.775	-0.514105	-0.689656	-38.1977
26	32	0.65	0.8	-2.1037	-1.38579	12.3398
26	33	0.65	0.825	-0.00282903	-0.926831	-25.2929
26	34	0.65	0.85	-2.53159	-1.3542	-0.699879
26	35	0.65	0.875	0.755363	-1.32277	-21.6866
26	36	0.65	0.9	-1.63672	-1.50565	-3.35475
26	37	0.65	0.925	1.48322	-1.44751	-22.1101
26	38	0.65	0.95	0.175595	-1.74715	-9.26959
26	39	0.65	0.975	1.29447	-1.62781	-18.3199
26	40	0.65	1	1	0	0
27	0	0.675	0	0	0	90.7302
27	1	0.675	0.025	0.552764	1.02428	90.7302
27	2	0.675	0.05	0.361042	-2.10796	34.7732
27	3	0.675	0.075	-0.317793	0.552408	153.903
27	4	0.675	0.1	-0.186717	-0.264613	-11.2167
27	5	0.675	0.125	-2.03625	-1.38914	151.477
27	6	0.675	0.15	-0.231128	0.951403	28.8328
27	7	0.675	0.175	-2.5185	-2.26236	69.2778
27	8	0.675	0.2	-0.13205	0.827862	89.3017
27	9	0.675	0.225	-1.54475	-1.06432	-5.83367
27	10	0.675	0.25	-0.813003	-0.285491	117.707
27	11	0.675	0.275	-0.101725	0.738424	-3.82186
27	12	0.675	0.3	-2.10017	-1.86377	69.7266
27	13	0.675	0.325	0.109241	0.893184	49.108
27	14	0.675	0.35	-2.16383	-1.6316	-11.1113
27	15	0.675	0.375	-0.399748	0.110389	91.2765
27	16	0.675	0.4	-0.835536	0.0206054	-38.0585
27	17	0.675	0.425	-1.49989	-1.37515	76.1693
27	18	0.675	0.45	-0.0301507	0.779946	0.608947
27	19	0.675	0.475	-2.22998	-1.98005	4.04839
27	20	0.675	0.5	-0.289142	0.320195	51.0062
27	21	0.675	0.525	-1.66443	-1.01366	-49.798
27	22	0.675	0.55	-0.959435	-0.784094	68.5379
27	23	0.675	0.575	-0.531511	0.0785197	-42.7166
27	24	0.675	0.6	-1.77314	-1.86579	31.0599
27	25	0.675	0.625	-0.180245	0.121976	-0.167485
27	26	0.675	0.65	-2.0082	-1.83449	-27.1863
27	27	0.675	0.675	-0.406534	-0.542049	34.6217
27	28	0.675	0.7	-1.37137	-1.08064	-53.5905
27	29	0.675	0.725	-0.884725	-1.43553	36.4865
27	30	0.675	0.75	-0.564056	-0.584503	-39.2829
27	31	0.675	0.775	-1.66767	-1.94442	6.01591
27	32	0.675	0.8	-0.213811	-0.728126	-10.0699
27	33	0.675	0.825	-2.25056	-1.82536	-27.776
27	34	0.675	0.85	0.25671	-1.23696	8.69742
27	35	0.675	0.875	-1.93656	-1.48077	-40.528
27	36	0.675	0.9	1.14068	-1.76814	7.7207
27	37	0.675	0.925	-0.498429	-1.32656	-31.8786
27	38	0.675	0.95	1.4924	-1.91255	-6.20764
27	39	0.675	0.975	0.889835	-1.64541	-20.395
27	40	0.675	1	1	0	0
28	0	0.7	0	0	0	71.2339
28	1	0.7	0.025	0.588038	-1.3782	71.2339
28	2	0.7	0.05	0.0962475	1.13715	120.437
28	3	0.7	0.075	0.55055	-0.820774	7.61923
28	4	0.7	0.1	-1.90819	-0.51179	148.581
28	5	0.7	0.125	-0.092618	0.99014	23.4815
28	6	0.7	0.15	-2.70318	-1.97739	82.9486
28	7	0.7	0.175	-0.243905	1.05163	82.0971
28	8	0.7	0.2	-1.79753	-1.27509	0.314168
28	9	0.7	0.225	-0.762316	0.000877246	119.67
28	10	0.7	0.25	-0.28281	0.595671	-10.3741
28	11	0.7	0.275	-1.78702	-1.75913	82.3987
28	12	0.7	0.3	0.135514	1.03763	41.679
28	13	0.7	0.325	-1.91107	-1.87434	-3.79363
28	14	0.7	0.35	-0.423124	0.280041	91.5162
28	15	0.7	0.375	-0.875949	-0.268591	-42.4905
28	16	0.7	0.4	-1.41001	-1.27263	86.9108
28	17	0.7	0.425	-0.0298394	0.747999	-8.86099
28	18	0.7	0.45	-1.90099	-2.14959	16.2285
28	19	0.7	0.475	-0.241969	0.454384	46.1831
28	20	0.7	0.5	-1.41907	-1.303	-47.7899
28	21	0.7	0.525	-1.03521	-0.669856	72.8449
28	22	0.7	0.55	-0.505609	-0.0957664	-48.9981
28	23	0.7	0.575	-1.66393	-1.92211	41.3532
28	24	0.7	0.6	-0.139578	0.150259	-6.47725
28	25	0.7	0.625	-1.66735	-2.10017	-21.9761
28	26	0.7	0.65	-0.463646	-0.449793	35.606
28	27	0.7	0.675	-1.14174	-1.32972	-57.8817
28	28	0.7	0.7	-0.966961	-1.47848	44.7384
28	29	0.7	0.725	-0.511716	-0.675193	-46.6126
28	30	0.7	0.75	-1.38514	-2.26404	12.6641
28	31	0.7	0.775	-0.316513	-0.646699	-10.1457
28	32	0.7	0.8	-1.71599	-2.33025	-34.5438
28	33	0.7	0.825	-0.255543	-1.091	23.1362
28	34	0.7	0.85	-1.63171	-1.91905	-64.6526
28	35	0.7	0.875	0.342824	-1.76139	35.8105
28	36	0.7	0.9	-0.733741	-1.33921	-62.9552
28	37	0.7	0.925	1.17043	-2.36909	19.51
28	38	0.7	0.95	0.582774	-1.10012	-35.2766
28	39	0.7	0.975	1.2045	-2.30766	-11.4825
28	40	0.7	1	1	0	0
29	0	0.725	0	0	0	84.469
29	1	0.725	0.025	0.376475	0.921037	84.469
29	2	0.725	0.05	0.990321	-0.998018	42.0064
29	3	0.725	0.075	-1.49588	0.381916	126.099
29	4	0.725	0.1	0.413611	0.817507	29.986
29	5	0.725	0.125	-2.89949	-1.32957	89.3935
29	6	0.725	0.15	-0.172697	1.20358	75.8552
29	7	0.725	0.175	-2.01797	-1.27047	10.4289
29	8	0.725	0.2	-0.765582	0.303149	117.169
29	9	0.725	0.225	-0.385827	0.341206	-13.4048
29	10	0.725	0.25	-1.76297	-1.47979	94.5971
29	11	0.725	0.275	0.203079	1.05002	30.8118
29	12	0.725	0.3	-1.74201	-1.98595	11.4703
29	13	0.725	0.325	-0.333236	0.494174	84.2539
29	14	0.725	0.35	-0.731251	-0.574296	-39.3701
29	15	0.725	0.375	-1.51137	-1.02121	91.8022
29	16	0.725	0.4	0.0292483	0.566835	-16.6286
29	17	0.725	0.425	-1.90482	-2.0959	31.134
29	18	0.725	0.45	-0.0824168	0.519406	35.883
29	19	0.725	0.475	-1.1895	-1.50448	-37.3384
29	20	0.725	0.5	-1.03285	-0.476814	69.0521
29	21	0.725	0.525	-0.343192	-0.31779	-48.8996
29	22	0.725	0.55	-1.81088	-1.76275	47.8929
29	23	0.725	0.575	-0.0179601	0.0634607	-13.5284
29	24	0.725	0.6	-1.55763	-2.14936	-11.2133
29	25	0.725	0.625	-0.371606	-0.358344	29.0932
29	26	0.725	0.65	-0.852973	-1.52479	-53.2061
29	27	0.725	0.675	-1.09206	-1.34212	45.4791
29	28	0.725	0.7	-0.322523	-0.862754	-50.2172
29	29	0.725	0.725	-1.3986	-2.24165	20.8582
29	30	0.725	0.75	-0.227749	-0.69868	-17.4178
29	31	0.725	0.775	-1.32728	-2.52791	-26.6446
29	32	0.725	0.8	-0.509631	-0.996119	20.7192
29	33	0.725	0.825	-1.12731	-2.29456	-66.234
29	34	0.725	0.85	-0.478844	-1.58826	45.59
29	35	0.725	0.875	-0.54062	-1.75649	-79.4952
29	36	0.725	0.9	0.260694	-2.35557	42.8746
29	37	0.725	0.925	0.433042	-1.144	-58.7252
29	38	0.725	0.95	0.985195	-2.62815	9.05119
29	39	0.725	0.975	1.02098	-1.45977	-25.914
29	40	0.725	1	1	0	0
30	0	0.75	0	0	0	69.1135
30	1	0.75	0.025	0.646152	-0.484918	69.1135
30	2	0.75	0.05	-0.721849	0.58405	93.7259
30	3	0.75	0.075	0.932922	0.558793	50.5513
30	4	0.75	0.1	-2.85817	-0.658378	79.4466
30	5	0.75	0.125	0.132134	1.12076	78.5989
30	6	0.75	0.15	-2.3553	-0.985596	16.8759
30	7	0.75	0.175	-0.582051	0.399526	113.146
30	8	0.75	0.2	-0.467365	0.167423	-10.6714
30	9	0.75	0.225	-1.82693	-1.23899	99.1869
30	10	0.75	0.25	0.296637	0.865592	24.1315
30	11	0.75	0.275	-1.90878	-1.92438	26.1189
30	12	0.75	0.3	-0.0644359	0.545253	73.9033
30	13	0.75	0.325	-0.659363	-0.772331	-29.6378
30	14	0.75	0.35	-1.44113	-0.825429	88.0362
30	15	0.75	0.375	0.149434	0.328665	-16.5824
30	16	0.75	0.4	-2.16729	-1.93444	38.6124
30	17	0.75	0.425	0.142168	0.385491	28.3948
30	18	0.75	0.45	-1.26381	-1.54096	-25.4258
30	19	0.75	0.475	-0.764339	-0.419041	60.4178
30	20	0.75	0.5	-0.17352	-0.469072	-41.8037
30	21	0.75	0.525	-1.93131	-1.62099	45.3823
30	22	0.75	0.55	0.142399	-0.124506	-13.7129
30	23	0.75	0.575	-1.75763	-2.02237	-4.96123
30	24	0.75	0.6	-0.119306	-0.425361	22.4648
30	25	0.75	0.625	-0.73269	-1.5451	-44.2838
30	26	0.75	0.65	-1.03123	-1.26204	38.8574
30	27	0.75	0.675	-0.0932308	-1.00332	-45.616
30	28	0.75	0.7	-1.56853	-2.06853	21.0398
30	29	0.75	0.725	-0.00428868	-0.859618	-20.9487
30	30	0.75	0.75	-1.26432	-2.39852	-17.561
30	31	0.75	0.775	-0.429435	-1.03729	11.1441
30	32	0.75	0.8	-0.764487	-2.32468	-53.8067
30	33	0.75	0.825	-0.951153	-1.4647	37.1171
30	34	0.75	0.85	-0.239644	-2.05294	-73.4473
30	35	0.75	0.875	-0.747181	-2.07777	46.1422
30	36	0.75	0.9	0.4842	-1.5282	-68.5812
30	37	0.75	0.925	0.187947	-2.67298	26.1005
30	38	0.75	0.95	1.00666	-1.13058	-38.365
30	39	0.75	0.975	0.932339	-2.47485	-10.9412
30	40	0.75	1	1	0	0
31	0	0.775	0	0	0	74.0248
31	1	0.775	0.025	-0.00984873	0.0921728	74.0248
31	2	0.775	0.05	0.948572	0.488387	70.3451
31	3	0.775	0.075	-2.2042	-0.561658	59.4782
31	4	0.775	0.1	0.494087	0.897178	92.7614
31	5	0.775	0.125	-2.65655	-0.744166	10.3647
31	6	0.775	0.15	-0.213312	0.17017	117.052
31	7	0.775	0.175	-0.706096	0.144319	-9.65391
31	8	0.775	0.2	-1.61147	-1.34176	99.8797
31	9	0.775	0.225	0.34169	0.618002	23.9641
31	10	0.775	0.25	-2.22209	-1.95566	31.773
31	11	0.775	0.275	0.234277	0.340095	69.3555
31	12	0.775	0.3	-0.930923	-0.896481	-22.3405
31	13	0.775	0.325	-0.972672	-0.876337	82.9279
31	14	0.775	0.35	0.221893	0.159861	-11.9753
31	15	0.775	0.375	-2.26416	-1.97777	36.8949
31	16	0.775	0.4	0.302309	0.120937	29.681
31	17	0.775	0.425	-1.65682	-1.5642	-21.9857
31	18	0.775	0.45	-0.285059	-0.611222	56.6621
31	19	0.775	0.475	-0.199634	-0.522463	-35.7362
31	20	0.775	0.5	-1.6959	-1.75057	39.1244
31	21	0.775	0.525	0.246786	-0.292258	-7.19557
31	22	0.775	0.55	-2.02491	-2.00285	-8.77569
31	23	0.775	0.575	0.144544	-0.654918	23.9757
31	24	0.775	0.6	-0.913166	-1.46065	-41.0435
31	25	0.775	0.625	-0.687591	-1.41881	33.3891
31	26	0.775	0.65	0.0211849	-1.00828	-37.8587
31	27	0.775	0.675	-1.60279	-2.05449	13.3465
31	28	0.775	0.7	0.199417	-1.02298	-15.6639
31	29	0.775	0.725	-1.4416	-2.18428	-17.8764
31	30	0.775	0.75	-0.136456	-1.24261	6.69029
31	31	0.775	0.775	-0.688667	-2.08586	-42.3209
31	32	0.775	0.8	-0.949217	-1.55643	22.4481
31	33	0.775	0.825	-0.0792779	-2.00634	-55.1256
31	34	0.775	0.85	-1.37903	-1.89849	30.0825
31	35	0.775	0.875	0.531548	-1.84117	-57.3397
31	36	0.775	0.9	-0.788369	-2.32285	24.4889
31	37	0.775	0.925	1.0446	-1.45714	-43.9181
31	38	0.775	0.95	0.378586	-2.40172	0.624679
31	39	0.775	0.975	1.06901	-1.63809	-23.4364
31	40	0.775	1	1	0	0
32	0	0.8	0	0	0	72.5192
32	1	0.8	0.025	0.466701	0.50466	72.5192
32	2	0.8	0.05	-1.02501	-1.06921	50.7664
32	3	0.8	0.075	0.698123	0.818399	106.064
32	4	0.8	0.1	-2.49206	-1.04794	-5.1314
32	5	0.8	0.125	0.110283	-0.13945	132.978
32	6	0.8	0.15	-1.13544	0.0825996	-20.3385
32	7	0.8	0.175	-1.04389	-1.80142	109.23
32	8	0.8	0.2	0.265509	0.460439	22.0407
32	9	0.8	0.225	-2.22643	-2.4044	32.6605
32	10	0.8	0.25	0.344071	0.0503555	72.7713
32	11	0.8	0.275	-1.48653	-1.19261	-25.4842
32	12	0.8	0.3	-0.303762	-1.13028	87.3472
32	13	0.8	0.325	0.0904538	0.0692029	-13.5613
32	14	0.8	0.35	-1.8357	-2.38881	36.8723
32	15	0.8	0.375	0.329276	-0.0712915	34.8798
32	16	0.8	0.4	-2.00918	-1.88677	-28.3979
32	17	0.8	0.425	0.0927963	-0.896052	64.1841
32	18	0.8	0.45	-0.533036	-0.601262	-40.595
32	19	0.8	0.475	-1.055	-2.16122	41.5256
32	20	0.8	0.5	0.239235	-0.339613	-3.4503
32	21	0.8	0.525	-1.98206	-2.3584	-16.228
32	22	0.8	0.55	0.236339	-0.855484	33.3665
32	23	0.8	0.575	-1.2779	-1.52066	-49.2456
32	24	0.8	0.6	-0.235461	-1.7422	38.6996
32	25	0.8	0.625	-0.0776319	-0.917035	-37.3682
32	26	0.8	0.65	-1.2944	-2.36697	7.9147
32	27	0.8	0.675	0.259494	-1.05666	-7.01207
32	28	0.8	0.7	-1.5787	-2.20289	-27.577
32	29	0.8	0.725	0.116465	-1.47806	13.1201
32	30	0.8	0.75	-0.850766	-1.82796	-42.4843
32	31	0.8	0.775	-0.60361	-1.87612	15.6983
32	32	0.8	0.8	-0.117695	-1.74364	-40.3998
32	33	0.8	0.825	-1.45087	-2.04591	9.30397
32	34	0.8	0.85	0.40961	-1.85883	-35.2208
32	35	0.8	0.875	-1.43556	-2.09866	3.88574
32	36	0.8	0.9	0.962988	-1.81547	-30.9112
32	37	0.8	0.925	-0.403929	-2.15238	-3.94204
32	38	0.8	0.95	1.13501	-1.59491	-22.3675
32	39	0.8	0.975	0.749831	-2.1071	-16.3484
32	40	0.8	1	1	0	0
33	0	0.825	0	0	0	63.8376
33	1	0.825	0.025	-0.0306728	-1.16626	63.8376
33	2	0.825	0.05	0.696731	0.997318	101.273
33	3	0.825	0.075	-1.58348	-1.96232	-9.51302
33	4	0.825	0.1	0.270608	-0.10462	149.671
33	5	0.825	0.125	-1.47283	-0.354216	-42.5108
33	6	0.825	0.15	-0.460051	-2.16123	134.978
33	7	0.825	0.175	0.0306255	0.427752	7.02682
33	8	0.825	0.2	-1.70589	-3.21199	44.44
33	9	0.825	0.225	0.26179	-0.0647658	74.229
33	10	0.825	0.25	-1.87588	-1.93458	-34.6928
33	11	0.825	0.275	0.0716687	-1.27003	103.178
33	12	0.825	0.3	-0.360061	-0.0996848	-29.7978
33	13	0.825	0.325	-0.977619	-2.93745	53.1153
33	14	0.825	0.35	0.267449	-0.0488113	31.1579
33	15	0.825	0.375	-1.87737	-2.64692	-32.2206
33	16	0.825	0.4	0.143461	-0.967687	76.8198
33	17	0.825	0.425	-1.03647	-0.951239	-58.0122
33	18	0.825	0.45	-0.37515	-2.51176	60.6613
33	19	0.825	0.475	0.0910029	-0.267942	-13.5652
33	20	0.825	0.5	-1.45543	-3.04105	-12.3645
33	21	0.825	0.525	0.155525	-0.825103	39.8501
33	22	0.825	0.55	-1.49568	-1.9592	-62.9102
33	23	0.825	0.575	-0.00705276	-1.91135	55.1287
33	24	0.825	0.6	-0.375011	-0.885187	-50.679
33	25	0.825	0.625	-0.742185	-2.84296	16.69
33	26	0.825	0.65	0.178038	-0.910222	-6.45084
33	27	0.825	0.675	-1.41032	-2.5926	-35.6283
33	28	0.825	0.7	0.150548	-1.51999	24.6255
33	29	0.825	0.725	-1.04727	-1.80501	-54.3416
33	30	0.825	0.75	-0.241384	-2.20046	23.3281
33	31	0.825	0.775	-0.28431	-1.46183	-39.7392
33	32	0.825	0.8	-1.08472	-2.45955	-0.34276
33	33	0.825	0.825	0.16042	-1.66294	-18.4154
33	34	0.825	0.85	-1.53184	-2.25996	-19.9497
33	35	0.825	0.875	0.625895	-1.9486	-8.15924
33	36	0.825	0.9	-0.971764	-1.95648	-24.2872
33	37	0.825	0.925	1.02824	-2.00543	-9.68844
33	38	0.825	0.95	0.22311	-1.7104	-19.7618
33	39	0.825	0.975	1.00206	-2.00668	-16.7453
33	40	0.825	1	1	0	0
34	0	0.85	0	0	0	76.2445
34	1	0.85	0.025	0.502284	1.02983	76.2445
34	2	0.85	0.05	-0.230485	-2.64817	15.4526
34	3	0.85	0.075	0.385359	0.447404	147.229
34	4	0.85	0.1	-1.14732	-1.36796	-58.7602
34	5	0.85	0.125	-0.241905	-1.81691	166.906
34	6	0.85	0.15	-0.320339	0.393815	-24.1012
34	7	0.85	0.175	-0.95355	-3.8229	79.8712
34	8	0.85	0.2	0.138648	0.15605	60.227
34	9	0.85	0.225	-1.651	-3.02653	-32.2478
34	10	0.85	0.25	-0.0309059	-1.00699	117.136
34	11	0.85	0.275	-0.931242	-0.647595	-56.4849
34	12	0.85	0.3	-0.302577	-3.05632	88.8525
34	13	0.85	0.325	0.103359	0.175028	8.34738
34	14	0.85	0.35	-1.16115	-3.56275	-15.0694
34	15	0.85	0.375	-0.000836731	-0.640999	78.6878
34	16	0.85	0.4	-1.26041	-1.74001	-75.3859
34	17	0.85	0.425	-0.155235	-2.34036	89.3611
34	18	0.85	0.45	-0.218554	-0.22736	-40.6079
34	19	0.85	0.475	-0.702521	-3.62208	14.4607
34	20	0.85	0.5	0.0352231	-0.488153	30.4608
34	21	0.85	0.525	-1.25123	-2.72862	-66.0395
34	22	0.85	0.55	-0.124728	-1.64634	70.2525
34	23	0.85	0.575	-0.6848	-1.11199	-72.9724
34	24	0.85	0.6	-0.346248	-3.03569	41.869
34	25	0.85	0.625	0.0142711	-0.647527	-21.8104
34	26	0.85	0.65	-0.92031	-3.15794	-28.032
34	27	0.85	0.675	0.0162435	-1.24093	28.3276
34	28	0.85	0.7	-1.02252	-2.11481	-66.873
34	29	0.85	0.725	-0.155503	-2.20885	39.1799
34	30	0.85	0.75	-0.45313	-1.31642	-53.1217
34	31	0.85	0.775	-0.628615	-2.82812	7.90895
34	32	0.85	0.8	-0.0725115	-1.3625	-17.118
34	33	0.85	0.825	-1.18528	-2.66448	-30.7296
34	34	0.85	0.85	0.161673	-1.82131	8.58179
34	35	0.85	0.875	-1.08681	-2.1175	-46.4716
34	36	0.85	0.9	0.580568	-2.21214	11.5545
34	37	0.85	0.925	-0.23234	-1.6016	-37.2389
34	38	0.85	0.95	0.854622	-2.17823	-3.49057
34	39	0.85	0.975	0.705146	-1.67587	-21.6755
34	40	0.85	1	1	0	0
35	0	0.875	0	0	0	57.057
35	1	0.875	0.025	0.535138	-1.83656	57.057
35	2	0.875	0.05	0.527242	1.26612	115.053
35	3	0.875	0.075	0.111374	-2.52318	-42.119
35	4	0.875	0.1	-0.369767	-0.601289	178.344
35	5	0.875	0.125	-0.31431	0.00810324	-56.6351
35	6	0.875	0.15	-0.66395	-3.43803	131.501
35	7	0.875	0.175	0.0327702	0.669433	25.7
35	8	0.875	0.2	-0.898885	-3.89936	-0.168344
35	9	0.875	0.225	-0.2787	-0.239141	110.716
35	10	0.875	0.25	-0.988634	-1.61548	-72.9686
35	11	0.875	0.275	-0.409698	-2.30961	125.677
35	12	0.875	0.3	-0.170289	0.316816	-30.5937
35	13	0.875	0.325	-0.415512	-3.96894	31.1906
35	14	0.875	0.35	-0.1106	0.0794648	56.8696
35	15	0.875	0.375	-0.805519	-2.72772	-70.8003
35	16	0.875	0.4	-0.45095	-1.48715	106.094
35	17	0.875	0.425	-0.453411	-0.506178	-72.3846
35	18	0.875	0.45	-0.377056	-3.47146	58.9115
35	19	0.875	0.475	-0.055898	0.0378143	0.468591
35	20	0.875	0.5	-0.598706	-3.42622	-43.2977
35	21	0.875	0.525	-0.372027	-0.896978	67.4859
35	22	0.875	0.55	-0.641086	-1.63757	-87.5234
35	23	0.875	0.575	-0.46152	-2.55734	69.5466
35	24	0.875	0.6	-0.134249	-0.459211	-49.4976
35	25	0.875	0.625	-0.466116	-3.42703	0.299878
35	26	0.875	0.65	-0.11824	-0.683236	14.5583
35	27	0.875	0.675	-0.650442	-2.5802	-64.8337
35	28	0.875	0.7	-0.356728	-1.73708	48.432
35	29	0.875	0.725	-0.447193	-1.39108	-69.6581
35	30	0.875	0.75	-0.463192	-2.78463	27.6098
35	31	0.875	0.775	-0.179566	-1.04885	-31.1223
35	32	0.875	0.8	-0.706274	-2.95959	-22.3048
35	33	0.875	0.825	-0.190705	-1.47324	9.41168
35	34	0.875	0.85	-0.813857	-2.4322	-55.397
35	35	0.875	0.875	-0.041019	-2.09866	26.2998
35	36	0.875	0.9	-0.381395	-1.74924	-55.0248
35	37	0.875	0.925	0.365068	-2.44509	14.2527
35	38	0.875	0.95	0.343277	-1.29572	-31.7329
35	39	0.875	0.975	0.751926	-2.21797	-11.4924
35	40	0.875	1	1	0	0
36	0	0.9	0	0	0	71.2391
36	1	0.9	0.025	0.611701	1.2257	71.2391
36	2	0.9	0.05	1.26	-2.52037	11.2691
36	3	0.9	0.075	-0.461874	1.01369	148.682
36	4	0.9	0.1	0.713572	-0.789041	-57.622
36	5	0.9	0.125	-1.22452	-1.7291	163.988
36	6	0.9	0.15	0.172154	1.03273	-15.2539
36	7	0.9	0.175	-0.528419	-3.70337	58.6631
36	8	0.9	0.2	-0.335118	0.905678	76.3931
36	9	0.9	0.225	-0.253766	-2.4171	-55.0126
36	10	0.9	0.25	-1.05686	-0.808451	134.358
36	11	0.9	0.275	-0.122531	0.0205628	-61.9683
36	12	0.9	0.3	-0.600547	-3.17016	86.4099
36	13	0.9	0.325	-0.0714868	0.849654	14.1047
36	14	0.9	0.35	-0.0550422	-3.25718	-30.6973
36	15	0.9	0.375	-0.803962	-0.129477	91.7592
36	16	0.9	0.4	-0.102874	-1.07959	-83.0037
36	17	0.9	0.425	-0.893618	-2.2951	93.2526
36	18	0.9	0.45	0.00245685	0.363921	-37.8854
36	19	0.9	0.475	-0.234279	-3.40969	3.90467
36	20	0.9	0.5	-0.458628	0.132022	39.5207
36	21	0.9	0.525	-0.0890098	-2.13642	-75.6458
36	22	0.9	0.55	-0.956517	-1.4137	77.3887
36	23	0.9	0.575	-0.0175747	-0.530613	-71.8592
36	24	0.9	0.6	-0.581152	-2.92849	35.7445
36	25	0.9	0.625	-0.0951965	-0.104876	-14.0436
36	26	0.9	0.65	-0.189648	-2.78674	-40.5963
36	27	0.9	0.675	-0.590487	-0.878195	38.6423
36	28	0.9	0.7	-0.120711	-1.58118	-73.1041
36	29	0.9	0.725	-0.720339	-2.15773	42.0336
36	30	0.9	0.75	-0.0683413	-0.851011	-49.4446
36	31	0.9	0.775	-0.485591	-2.81392	-1.32168
36	32	0.9	0.8	-0.282237	-0.990139	-5.15906
36	33	0.9	0.825	-0.382916	-2.5462	-46.2053
36	34	0.9	0.85	-0.517152	-1.6711	25.1292
36	35	0.9	0.875	-0.215211	-1.95408	-60.3998
36	36	0.9	0.9	-0.314128	-2.30214	25.7341
36	37	0.9	0.925	0.161832	-1.4068	-44.6949
36	38	0.9	0.95	0.237677	-2.30188	2.91908
36	39	0.9	0.975	0.63293	-1.44012	-21.5322
36	40	0.9	1	1	0	0
37	0	0.925	0	0	0	55.2881
37	1	0.925	0.025	0.951491	-1.00392	55.2881
37	2	0.925	0.05	-0.124007	1.7162	92.5578
37	3	0.925	0.075	1.84116	-1.08465	-11.3909
37	4	0.925	0.1	-1.91999	0.513569	143.537
37	5	0.925	0.125	1.00512	0.831517	-26.8681
37	6	0.925	0.15	-1.34755	-1.99104	103.766
37	7	0.925	0.175	0.0491398	1.71219	31.3159
37	8	0.925	0.2	0.280052	-2.24506	-2.37712
37	9	0.925	0.225	-1.44428	0.948012	102.606
37	10	0.925	0.25	0.605771	-0.317446	-55.26
37	11	0.925	0.275	-1.72834	-1.31022	108.334
37	12	0.925	0.3	0.333778	1.05256	-22.0317
37	13	0.925	0.325	-0.209016	-2.59676	25.8325
37	14	0.925	0.35	-0.716905	1.14556	49.1632
37	15	0.925	0.375	0.640328	-1.34267	-54.9165
37	16	0.925	0.4	-1.70543	-0.515787	88.6576
37	17	0.925	0.425	0.475272	0.257934	-55.3867
37	18	0.925	0.45	-0.858126	-2.27667	45.2818
37	19	0.925	0.475	-0.148716	0.846663	0.0646802
37	20	0.925	0.5	0.331251	-2.05796	-36.1137
37	21	0.925	0.525	-1.27103	-0.0162757	54.1601
37	22	0.925	0.55	0.497878	-0.673303	-67.696
37	23	0.925	0.575	-1.27962	-1.66815	50.9447
37	24	0.925	0.6	0.232472	0.132579	-38.5224
37	25	0.925	0.625	-0.241374	-2.30666	-6.29612
37	26	0.925	0.65	-0.531578	-0.022384	11.48
37	27	0.925	0.675	0.330082	-1.56637	-54.5789
37	28	0.925	0.7	-1.10358	-1.12233	35.9339
37	29	0.925	0.725	0.29978	-0.783419	-55.2046
37	30	0.925	0.75	-0.735414	-2.0969	14.8867
37	31	0.925	0.775	-0.0593615	-0.591286	-23.8956
37	32	0.925	0.8	-0.143348	-2.22301	-25.7499
37	33	0.925	0.825	-0.636035	-1.05325	9.1548
37	34	0.925	0.85	0.110972	-1.87334	-49.7165
37	35	0.925	0.875	-0.829651	-1.78695	21.6469
37	36	0.925	0.9	0.235826	-1.50262	-46.7552
37	37	0.925	0.925	-0.407344	-2.17761	10.2623
37	38	0.925	0.95	0.376434	-1.2051	-26.7616
37	39	0.925	0.975	0.401923	-1.92998	-10.3641
37	40	0.925	1	1	0	0
38	0	0.95	0	0	0	58.2598
38	1	0.95	0.025	0.307364	0.731845	58.2598
38	2	0.95	0.05	1.41972	-0.394367	40.5382
38	3	0.95	0.075	-1.49515	1.5505	87.9962
38	4	0.95	0.1	1.66587	0.571729	7.22177
38	5	0.95	0.125	-2.2884	0.171854	94.3199
38	6	0.95	0.15	0.860434	1.50206	14.9684
38	7	0.95	0.175	-0.403133	-0.877559	43.4074
38	8	0.95	0.2	-0.893604	1.81418	54.6401
38	9	0.95	0.225	1.07934	-0.0662981	-11.6879
38	10	0.95	0.25	-2.4409	0.539326	79.7189
38	11	0.95	0.275	0.976167	0.80971	-18.6672
38	12	0.95	0.3	-1.35226	-0.938005	51.1069
38	13	0.95	0.325	0.0346958	1.38471	12.3289
38	14	0.95	0.35	0.601869	-0.799442	-7.40562
38	15	0.95	0.375	-1.73951	0.875336	48.9722
38	16	0.95	0.4	1.02989	0.178921	-34.4815
38	17	0.95	0.425	-1.81858	-0.599483	46.1016
38	18	0.95	0.45	0.521346	0.78387	-18.4865
38	19	0.95	0.475	-0.14957	-1.1432	1.4969
38	20	0.95	0.5	-0.853305	0.795669	16.3673
38	21	0.95	0.525	0.839412	-0.475896	-36.5171
38	22	0.95	0.55	-1.73891	-0.279631	32.2366
38	23	0.95	0.575	0.718685	0.0806074	-37.1127
38	24	0.95	0.6	-0.865494	-1.18972	10.1134
38	25	0.95	0.625	-0.0350766	0.29836	-12.5281
38	26	0.95	0.65	0.340899	-1.07651	-25.586
38	27	0.95	0.675	-1.06585	-0.196352	11.1942
38	28	0.95	0.7	0.652626	-0.619159	-40.3422
38	29	0.95	0.725	-1.11294	-1.05521	10.7557
38	30	0.95	0.75	0.35522	-0.406247	-30.207
38	31	0.95	0.775	-0.316952	-1.44612	-10.2927
38	32	0.95	0.8	-0.34054	-0.540206	-9.79492
38	33	0.95	0.825	0.281106	-1.37808	-30.373
38	34	0.95	0.85	-0.906812	-1.0709	4.32198
38	35	0.95	0.875	0.421735	-1.27584	-35.5451
38	36	0.95	0.9	-0.815026	-1.58846	4.33218
38	37	0.95	0.925	0.351424	-1.18585	-26.8614
38	38	0.95	0.95	-0.193221	-1.63858	-5.08134
38	39	0.95	0.975	0.449387	-1.2312	-15.1007
38	40	0.95	1	1	0	0
39	0	0.975	0	0	0	56.0281
39	1	0.975	0.025	0.343468	0.103039	56.0281
39	2	0.975	0.05	-0.268346	0.733078	55.7914
39	3	0.975	0.075	0.995589	0.498526	47.0091
39	4	0.975	0.1	-1.55929	0.89226	56.2957
39	5	0.975	0.125	0.970704	0.848551	37.0442
39	6	0.975	0.15	-1.04177	0.39318	45.9855
39	7	0.975	0.175	0.114712	1.1264	35.4192
39	8	0.975	0.2	0.481574	0.44609	27.0918
39	9	0.975	0.225	-1.51103	0.995064	37.0072
39	10	0.975	0.25	0.924836	0.626526	15.0611
39	11	0.975	0.275	-1.67743	0.312219	31.5037
39	12	0.975	0.3	0.598373	0.722735	12.9102
39	13	0.975	0.325	-0.206038	0.0790201	15.9474
39	14	0.975	0.35	-0.660052	0.842871	15.8853
39	15	0.975	0.375	0.777843	0.331569	1.41284
39	16	0.975	0.4	-1.58902	0.372303	15.7429
39	17	0.975	0.425	0.747399	0.417018	-3.43431
39	18	0.975	0.45	-0.77808	-0.0792019	6.2496
39	19	0.975	0.475	-0.00731548	0.536008	-1.29804
39	20	0.975	0.5	0.415084	0.00717926	-7.14906
39	21	0.975	0.525	-1.11552	0.319608	1.44035
39	22	0.975	0.55	0.714962	0.106438	-14.0239
39	23	0.975	0.575	-1.06912	-0.169665	-1.8859
39	24	0.975	0.6	0.38939	0.134599	-13.375
39	25	0.975	0.625	-0.101855	-0.315645	-10.8885
39	26	0.975	0.65	-0.427475	0.087507	-9.70601
39	27	0.975	0.675	0.505537	-0.231495	-18.1793
39	28	0.975	0.7	-0.906112	-0.245446	-8.49439
39	29	0.975	0.725	0.494755	-0.236846	-19.4743
39	30	0.975	0.75	-0.515482	-0.536519	-11.9464
39	31	0.975	0.775	0.0800478	-0.280864	-16.5638
39	32	0.975	0.8	0.100544	-0.610619	-17.1317
39	33	0.975	0.825	-0.482407	-0.461782	-12.9283
39	34	0.975	0.85	0.379362	-0.67104	-19.7169
39	35	0.975	0.875	-0.681579	-0.768348	-10.87
39	36	0.975	0.9	0.360797	-0.776398	-18.0255
39	37	0.975	0.925	-0.400033	-0.982476	-10.3806
39	38	0.975	0.95	0.249969	-0.828941	-12.7082
39	39	0.975	0.975	0.228447	-0.99086	-9.70926
39	40	0.975	1	1	0	0
40	0	1	0	0	0	56.0281
40	1	1	0.025	0	0	56.0281
40	2	1	0.05	0	0	55.7914
40	3	1	0.075	0	0	47.0091
40	4	1	0.1	0	0	56.2957
40	5	1	0.125	0	0	37.0442
40	6	1	0.15	0	0	45.9855
40	7	1	0.175	0	0	35.4192
40	8	1	0.2	0	0	27.0918
40	9	1	0.225	0	0	37.0072
40	10	1	0.25	0	0	15.0611
40	11	1	0.275	0	0	31.5037
40	12	1	0.3	0	0	12.9102
40	13	1	0.325	0	0	15.9474
40	14	1	0.35	0	0	15.8853
40	15	1	0.375	0	0	1.41284
40	16	1	0.4	0	0	15.7429
40	17	1	0.425	0	0	-3.43431
40	18	1	0.45	0	0	6.2496
40	19	1	0.475	0	0	-1.29804
40	20	1	0.5	0	0	-7.14906
40	21	1	0.525	0	0	1.44035
40	22	1	0.55	0	0	-14.0239
40	23	1	0.575	0	0	-1.8859
40	24	1	0.6	0	0	-13.375
40	25	1	0.625	0	0	-10.8885
40	26	1	0.65	0	0	-9.70601
40	27	1	0.675	0	0	-18.1793
40	28	1	0.7	0	0	-8.49439
40	29	1	0.725	0	0	-19.4743
40	30	1	0.75	0	0	-11.9464
40	31	1	0.775	0	0	-16.5638
40	32	1	0.8	0	0	-17.1317
40	33	1	0.825	0	0	-12.9283
40	34	1	0.85	0	0	-19.7169
40	35	1	0.875	0	0	-10.87
40	36	1	0.9	0	0	-18.0255
40	37	1	0.925	0	0	-10.3806
40	38	1	0.95	0	0	-12.7082
40	39	1	0.975	0	0	-9.70926
40	40	1	1	1	0	0
