# i		j		x		y		u		v		p
# nx		ny		
# 41		41
# =================================
0	0	0	0	0	0	5.97667
0	1	0	0.025	0	0	5.97667
0	2	0	0.05	0	0	5.97298
0	3	0	0.075	0	0	6.13631
0	4	0	0.1	0	0	5.96834
0	5	0	0.125	0	0	6.25671
0	6	0	0.15	0	0	6.13634
0	7	0	0.175	0	0	6.22099
0	8	0	0.2	0	0	6.4845
0	9	0	0.225	0	0	6.15375
0	10	0	0.25	0	0	6.78547
0	11	0	0.275	0	0	6.32637
0	12	0	0.3	0	0	6.80147
0	13	0	0.325	0	0	6.85586
0	14	0	0.35	0	0	6.58998
0	15	0	0.375	0	0	7.47896
0	16	0	0.4	0	0	6.53433
0	17	0	0.425	0	0	7.73071
0	18	0	0.45	0	0	6.99409
0	19	0	0.475	0	0	7.44253
0	20	0	0.5	0	0	7.85861
0	21	0	0.525	0	0	6.97335
0	22	0	0.55	0	0	8.50427
0	23	0	0.575	0	0	6.87166
0	24	0	0.6	0	0	8.41601
0	25	0	0.625	0	0	7.31606
0	26	0	0.65	0	0	7.77494
0	27	0	0.675	0	0	7.81835
0	28	0	0.7	0	0	7.14356
0	29	0	0.725	0	0	7.68407
0	30	0	0.75	0	0	6.6569
0	31	0	0.775	0	0	7.04041
0	32	0	0.8	0	0	5.80063
0	33	0	0.825	0	0	6.70834
0	34	0	0.85	0	0	4.07227
0	35	0	0.875	0	0	6.52673
0	36	0	0.9	0	0	2.10435
0	37	0	0.925	0	0	4.7965
0	38	0	0.95	0	0	1.05333
0	39	0	0.975	0	0	1.20517
0	40	0	1	1	0	0
1	0	0.025	0	0	0	5.97667
1	1	0.025	0.025	0.00609006	-0.0113348	5.97667
1	2	0.025	0.05	-0.00319548	-0.0286656	5.97298
1	3	0.025	0.075	0.0165891	-0.0340368	6.13631
1	4	0.025	0.1	-0.0123305	-0.0466559	5.96834
1	5	0.025	0.125	0.0144763	-0.0596835	6.25671
1	6	0.025	0.15	0.0021139	-0.0593251	6.13634
1	7	0.025	0.175	-0.0117529	-0.083001	6.22099
1	8	0.025	0.2	0.0328493	-0.0764226	6.4845
1	9	0.025	0.225	-0.0381676	-0.0952864	6.15375
1	10	0.025	0.25	0.0429216	-0.101645	6.78547
1	11	0.025	0.275	-0.0255831	-0.0976636	6.32637
1	12	0.025	0.3	0.0040357	-0.126902	6.80147
1	13	0.025	0.325	0.0307607	-0.101796	6.85586
1	14	0.025	0.35	-0.0619875	-0.135781	6.58998
1	15	0.025	0.375	0.080827	-0.116647	7.47896
1	16	0.025	0.4	-0.0869223	-0.121794	6.53433
1	17	0.025	0.425	0.0608446	-0.138546	7.73071
1	18	0.025	0.45	-0.0257601	-0.100259	6.99409
1	19	0.025	0.475	-0.0398463	-0.146824	7.44253
1	20	0.025	0.5	0.0793511	-0.087822	7.85861
1	21	0.025	0.525	-0.143733	-0.117548	6.97335
1	22	0.025	0.55	0.13086	-0.0856023	8.50427
1	23	0.025	0.575	-0.144787	-0.0601558	6.87166
1	24	0.025	0.6	0.0639855	-0.0816435	8.41601
1	25	0.025	0.625	-0.032927	-0.00744077	7.31606
1	26	0.025	0.65	-0.0832112	-0.0441739	7.77494
1	27	0.025	0.675	0.0854676	0.0355805	7.81835
1	28	0.025	0.7	-0.178364	0.0426265	7.14356
1	29	0.025	0.725	0.108279	0.0831203	7.68407
1	30	0.025	0.75	-0.142598	0.131447	6.6569
1	31	0.025	0.775	0.0425273	0.146677	7.04041
1	32	0.025	0.8	-0.0723601	0.180942	5.80063
1	33	0.025	0.825	0.0104502	0.237261	6.70834
1	34	0.025	0.85	-0.104979	0.227564	4.07227
1	35	0.025	0.875	0.0938134	0.314908	6.52673
1	36	0.025	0.9	-0.17402	0.312241	2.10435
1	37	0.025	0.925	0.189402	0.308049	4.7965
1	38	0.025	0.95	-0.00178763	0.338035	1.05333
1	39	0.025	0.975	0.391441	0.183659	1.20517
1	40	0.025	1	1	0	0
2	0	0.05	0	0	0	6.25871
2	1	0.05	0.025	-0.0126974	-0.0298157	6.25871
2	2	0.05	0.05	-0.00281407	-0.03366	6.58411
2	3	0.05	0.075	-0.0341359	-0.070995	5.88751
2	4	0.05	0.1	0.00183232	-0.0842441	6.99062
2	5	0.05	0.125	-0.0278488	-0.0856462	6.00085
2	6	0.05	0.15	-0.0248346	-0.142137	6.58455
2	7	0.05	0.175	0.0114305	-0.104792	7.05601
2	8	0.05	0.2	-0.0689035	-0.173486	5.56561
2	9	0.05	0.225	0.0408933	-0.155689	8.18555
2	10	0.05	0.25	-0.0738805	-0.164538	5.282
2	11	0.05	0.275	0.00763941	-0.228299	7.95077
2	12	0.05	0.3	-0.00823222	-0.147632	6.8028
2	13	0.05	0.325	-0.0871878	-0.27225	6.06043
2	14	0.05	0.35	0.0775165	-0.171174	9.33999
2	15	0.05	0.375	-0.158388	-0.242619	4.28792
2	16	0.05	0.4	0.0865314	-0.245678	10.4842
2	17	0.05	0.425	-0.107661	-0.163837	5.07354
2	18	0.05	0.45	-0.0359671	-0.318057	8.50771
2	19	0.05	0.475	0.0455436	-0.114232	8.73608
2	20	0.05	0.5	-0.22307	-0.298082	4.6515
2	21	0.05	0.525	0.163597	-0.138979	12.455
2	22	0.05	0.55	-0.294942	-0.161083	2.61736
2	23	0.05	0.575	0.116505	-0.210116	12.6283
2	24	0.05	0.6	-0.150318	-0.00429154	4.90394
2	25	0.05	0.625	-0.11925	-0.225916	8.58591
2	26	0.05	0.65	0.0837713	0.0737099	9.74745
2	27	0.05	0.675	-0.376958	-0.0837597	3.86814
2	28	0.05	0.7	0.204469	0.081125	12.574
2	29	0.05	0.725	-0.405921	0.153526	2.62892
2	30	0.05	0.75	0.112828	0.09935	10.9685
2	31	0.05	0.775	-0.197583	0.297717	4.42701
2	32	0.05	0.8	-0.106852	0.235939	8.04145
2	33	0.05	0.825	-0.0211892	0.310923	4.41978
2	34	0.05	0.85	-0.188815	0.458861	8.62081
2	35	0.05	0.875	-0.0481777	0.356318	0.264824
2	36	0.05	0.9	-0.015393	0.519148	10.7645
2	37	0.05	0.925	-0.0764702	0.507223	-2.43683
2	38	0.05	0.95	0.261355	0.325646	7.33074
2	39	0.05	0.975	0.377651	0.440144	1.00268
2	40	0.05	1	1	0	0
3	0	0.075	0	0	0	6.68552
3	1	0.075	0.025	-0.0111299	-0.0149285	6.68552
3	2	0.075	0.05	-0.0299803	-0.0744363	6.12189
3	3	0.075	0.075	-0.0115667	-0.0726527	7.52333
3	4	0.075	0.1	-0.0365661	-0.100336	5.70363
3	5	0.075	0.125	-0.0271341	-0.161431	7.37263
3	6	0.075	0.15	-0.0112352	-0.109841	6.92584
3	7	0.075	0.175	-0.0643397	-0.229124	5.61991
3	8	0.075	0.2	0.018275	-0.162473	9.14231
3	9	0.075	0.225	-0.0827005	-0.227113	4.12751
3	10	0.075	0.25	0.00381387	-0.272938	9.7396
3	11	0.075	0.275	-0.0415067	-0.180848	5.53648
3	12	0.075	0.3	-0.0725054	-0.376376	6.94991
3	13	0.075	0.325	0.0338391	-0.179631	9.88801
3	14	0.075	0.35	-0.156757	-0.373395	2.70468
3	15	0.075	0.375	0.0617374	-0.281763	13.4263
3	16	0.075	0.4	-0.147611	-0.249313	1.85576
3	17	0.075	0.425	-0.0238203	-0.439218	11.6582
3	18	0.075	0.45	-0.0234095	-0.125343	7.15642
3	19	0.075	0.475	-0.207487	-0.49927	4.44131
3	20	0.075	0.5	0.102084	-0.132839	15.227
3	21	0.075	0.525	-0.339112	-0.340855	-2.0622
3	22	0.075	0.55	0.0990598	-0.283622	18.6676
3	23	0.075	0.575	-0.252327	-0.0568933	-0.593906
3	24	0.075	0.6	-0.105013	-0.440315	12.7579
3	25	0.075	0.625	-0.00762602	0.124779	9.07191
3	26	0.075	0.65	-0.440872	-0.366726	1.31577
3	27	0.075	0.675	0.178178	0.109405	18.844
3	28	0.075	0.7	-0.6167	-0.00307466	-5.37882
3	29	0.075	0.725	0.163413	-0.0155617	19.8229
3	30	0.075	0.75	-0.417409	0.364243	-1.60398
3	31	0.075	0.775	-0.121215	-0.0215995	11.5996
3	32	0.075	0.8	-0.0338934	0.452191	6.27211
3	33	0.075	0.825	-0.498047	0.286138	4.65556
3	34	0.075	0.85	0.214493	0.360781	7.01351
3	35	0.075	0.875	-0.550196	0.645619	7.26433
3	36	0.075	0.9	0.22489	0.39645	-0.19958
3	37	0.075	0.925	-0.139526	0.578607	11.3431
3	38	0.075	0.95	0.276275	0.557048	-2.24337
3	39	0.075	0.975	0.517606	0.302819	6.18179
3	40	0.075	1	1	0	0
4	0	0.1	0	0	0	6.7519
4	1	0.1	0.025	-0.015658	-0.0493526	6.7519
4	2	0.1	0.05	-0.0212745	-0.0436786	7.54238
4	3	0.1	0.075	-0.0267596	-0.104219	5.85835
4	4	0.1	0.1	-0.0357983	-0.140752	8.04526
4	5	0.1	0.125	-0.0181195	-0.114108	6.46736
4	6	0.1	0.15	-0.0540784	-0.243805	6.47483
4	7	0.1	0.175	-0.0101182	-0.15039	9.04518
4	8	0.1	0.2	-0.0606948	-0.276322	3.99863
4	9	0.1	0.225	-0.0258229	-0.264195	10.9421
4	10	0.1	0.25	-0.0396418	-0.226908	4.12027
4	11	0.1	0.275	-0.0692648	-0.413671	8.89076
4	12	0.1	0.3	-0.00683658	-0.18813	8.65001
4	13	0.1	0.325	-0.116577	-0.473968	3.31907
4	14	0.1	0.35	-0.00635535	-0.267698	14.4226
4	15	0.1	0.375	-0.118593	-0.364147	-0.271146
4	16	0.1	0.4	-0.0639392	-0.466994	15.0663
4	17	0.1	0.425	-0.0559495	-0.179508	3.79548
4	18	0.1	0.45	-0.174165	-0.631128	7.33277
4	19	0.1	0.475	0.00270038	-0.115784	14.3805
4	20	0.1	0.5	-0.275858	-0.547704	-3.42208
4	21	0.1	0.525	-0.017899	-0.269921	22.7052
4	22	0.1	0.55	-0.251971	-0.20948	-6.2469
4	23	0.1	0.575	-0.145719	-0.549603	19.2734
4	24	0.1	0.6	-0.0991949	0.111861	4.28236
4	25	0.1	0.625	-0.393032	-0.656553	3.64722
4	26	0.1	0.65	0.0267742	0.17147	21.0269
4	27	0.1	0.675	-0.61944	-0.332184	-11.6756
4	28	0.1	0.7	0.0418905	-0.036638	29.7844
4	29	0.1	0.725	-0.557226	0.243887	-12.1634
4	30	0.1	0.75	-0.12456	-0.301816	21.3711
4	31	0.1	0.775	-0.198042	0.583471	2.49608
4	32	0.1	0.8	-0.559568	-0.199172	2.85424
4	33	0.1	0.825	0.193751	0.513032	16.627
4	34	0.1	0.85	-0.964442	0.379596	-6.36269
4	35	0.1	0.875	0.4715	0.301183	15.5744
4	36	0.1	0.9	-0.802479	0.815039	0.815859
4	37	0.1	0.925	0.534874	0.321921	3.88468
4	38	0.1	0.95	0.00433883	0.5748	7.66815
4	39	0.1	0.975	0.666231	0.509407	1.77102
4	40	0.1	1	1	0	0
5	0	0.125	0	0	0	7.29972
5	1	0.125	0.025	-0.0150651	-0.018619	7.29972
5	2	0.125	0.05	-0.0119625	-0.0855882	6.57492
5	3	0.125	0.075	-0.0432815	-0.101191	8.10032
5	4	0.125	0.1	-0.0056725	-0.117523	6.42884
5	5	0.125	0.125	-0.0549601	-0.215388	7.37361
5	6	0.125	0.15	-0.0193715	-0.146124	8.32266
5	7	0.125	0.175	-0.0358483	-0.287185	5.03246
5	8	0.125	0.2	-0.0614285	-0.237111	10.7369
5	9	0.125	0.225	-0.00519075	-0.27249	3.93529
5	10	0.125	0.25	-0.0977764	-0.3886	10.2554
5	11	0.125	0.275	-0.00614614	-0.22557	6.95732
5	12	0.125	0.3	-0.0926933	-0.501184	5.54641
5	13	0.125	0.325	-0.0660611	-0.260009	12.9254
5	14	0.125	0.35	-0.0519737	-0.459267	0.459706
5	15	0.125	0.375	-0.151739	-0.43062	16.0862
5	16	0.125	0.4	-0.0173447	-0.285104	1.50263
5	17	0.125	0.425	-0.198631	-0.642879	11.0109
5	18	0.125	0.45	-0.0508688	-0.155951	10.7658
5	19	0.125	0.475	-0.191904	-0.674847	-0.360461
5	20	0.125	0.5	-0.170179	-0.232932	21.8085
5	21	0.125	0.525	-0.146013	-0.406547	-7.66618
5	22	0.125	0.55	-0.294595	-0.517864	23.4971
5	23	0.125	0.575	-0.0919453	-0.0198283	-1.31583
5	24	0.125	0.6	-0.381617	-0.776287	9.93415
5	25	0.125	0.625	-0.120541	0.174682	16.9247
5	26	0.125	0.65	-0.463906	-0.643964	-10.5053
5	27	0.125	0.675	-0.230704	0.0339731	33.425
5	28	0.125	0.7	-0.46396	-0.0697371	-19.7176
5	29	0.125	0.725	-0.322269	-0.364867	32.4114
5	30	0.125	0.75	-0.292929	0.518801	-7.24671
5	31	0.125	0.775	-0.513176	-0.624027	10.0808
5	32	0.125	0.8	-0.0550801	0.680081	17.5848
5	33	0.125	0.825	-0.91833	-0.247989	-15.6935
5	34	0.125	0.85	0.228576	0.440109	33.2579
5	35	0.125	0.875	-1.1479	0.579827	-21.4327
5	36	0.125	0.9	0.582225	0.110169	26.0709
5	37	0.125	0.925	-0.629844	0.974306	-6.28884
5	38	0.125	0.95	0.730752	0.148587	7.69757
5	39	0.125	0.975	0.4766	0.607287	5.13831
5	40	0.125	1	1	0	0
6	0	0.15	0	0	0	7.3381
6	1	0.15	0.025	-0.00436631	-0.0436031	7.3381
6	2	0.15	0.05	-0.0351248	-0.0666795	7.75839
6	3	0.15	0.075	0.0103807	-0.103211	7.05827
6	4	0.15	0.1	-0.0607681	-0.167063	7.60209
6	5	0.15	0.125	-0.00393931	-0.14981	7.96797
6	6	0.15	0.15	-0.0299992	-0.252792	6.28389
6	7	0.15	0.175	-0.0732634	-0.225781	9.62042
6	8	0.15	0.2	0.0301745	-0.284091	5.24354
6	9	0.15	0.225	-0.137354	-0.344589	9.91746
6	10	0.15	0.25	0.0340234	-0.276342	6.62336
6	11	0.15	0.275	-0.112142	-0.458048	7.30496
6	12	0.15	0.3	-0.0724584	-0.297325	10.601
6	13	0.15	0.325	-0.00874042	-0.480648	3.37382
6	14	0.15	0.35	-0.229646	-0.405105	13.9549
6	15	0.15	0.375	0.0596238	-0.38747	2.54691
6	16	0.15	0.4	-0.285646	-0.574787	12.1096
6	17	0.15	0.425	-0.0195103	-0.271621	7.92157
6	18	0.15	0.45	-0.179417	-0.665116	4.26147
6	19	0.15	0.475	-0.258961	-0.268199	17.005
6	20	0.15	0.5	-0.0289579	-0.531784	-3.47677
6	21	0.15	0.525	-0.487278	-0.443537	21.7129
6	22	0.15	0.55	0.0158662	-0.22473	-2.38483
6	23	0.15	0.575	-0.499517	-0.698708	14.4118
6	24	0.15	0.6	-0.145896	0.0364167	10.57
6	25	0.15	0.625	-0.350147	-0.739893	-3.03865
6	26	0.15	0.65	-0.479636	0.0533188	27.9945
6	27	0.15	0.675	-0.224022	-0.36838	-17.2141
6	28	0.15	0.7	-0.702374	-0.242908	35.1707
6	29	0.15	0.725	-0.169772	0.231298	-13.869
6	30	0.15	0.75	-0.664761	-0.67206	20.4265
6	31	0.15	0.775	-0.211109	0.645657	9.13365
6	32	0.15	0.8	-0.661902	-0.713828	-10.618
6	33	0.15	0.825	-0.270445	0.633058	36.9236
6	34	0.15	0.85	-0.854558	-0.0653076	-34.2721
6	35	0.15	0.875	-0.010519	0.255356	47.6977
6	36	0.15	0.9	-0.80716	0.848998	-30.8107
6	37	0.15	0.925	0.531778	-0.160032	30.4162
6	38	0.15	0.95	-0.0364433	1.04224	-6.98107
6	39	0.15	0.975	0.833246	0.134614	6.9339
6	40	0.15	1	1	0	0
7	0	0.175	0	0	0	7.68516
7	1	0.175	0.025	-0.0124384	-0.0403067	7.68516
7	2	0.175	0.05	0.014262	-0.0636012	7.80163
7	3	0.175	0.075	-0.0529548	-0.12734	7.30101
7	4	0.175	0.1	0.0187139	-0.138636	8.43079
7	5	0.175	0.125	-0.0379809	-0.19734	6.75241
7	6	0.175	0.15	-0.0514944	-0.232051	8.87341
7	7	0.175	0.175	0.03942	-0.247182	6.91561
7	8	0.175	0.2	-0.150415	-0.325766	8.37204
7	9	0.175	0.225	0.0771308	-0.296958	8.14297
7	10	0.175	0.25	-0.152478	-0.395404	7.03227
7	11	0.175	0.275	-0.0257069	-0.363384	9.80119
7	12	0.175	0.3	-0.0204671	-0.425872	5.90575
7	13	0.175	0.325	-0.240582	-0.444163	10.6277
7	14	0.175	0.35	0.108508	-0.419832	6.31284
7	15	0.175	0.375	-0.369804	-0.523324	9.43561
7	16	0.175	0.4	0.0594543	-0.404289	8.84817
7	17	0.175	0.425	-0.248899	-0.567173	6.19128
7	18	0.175	0.45	-0.234119	-0.41103	12.658
7	19	0.175	0.475	0.0013133	-0.521644	2.94807
7	20	0.175	0.5	-0.600975	-0.464672	14.9881
7	21	0.175	0.525	0.12184	-0.382922	3.01105
7	22	0.175	0.55	-0.68407	-0.567055	12.2272
7	23	0.175	0.575	-0.0530509	-0.218205	8.66745
7	24	0.175	0.6	-0.398631	-0.616703	3.42797
7	25	0.175	0.625	-0.550798	-0.116537	18.6839
7	26	0.175	0.65	-0.0685035	-0.454852	-6.45101
7	27	0.175	0.675	-1.04034	-0.17902	26.2976
7	28	0.175	0.7	0.0509634	-0.0857115	-9.00546
7	29	0.175	0.725	-1.03873	-0.445453	21.8411
7	30	0.175	0.75	-0.123061	0.337047	2.38524
7	31	0.175	0.775	-0.632495	-0.677603	1.03668
7	32	0.175	0.8	-0.586333	0.591114	26.1852
7	33	0.175	0.825	-0.359893	-0.470221	-25.8503
7	34	0.175	0.85	-0.869259	0.508425	48.5673
7	35	0.175	0.875	-0.324535	0.25302	-39.9482
7	36	0.175	0.9	-0.402349	0.0422134	49.9838
7	37	0.175	0.925	-0.100576	1.04445	-27.0722
7	38	0.175	0.95	0.463994	-0.303505	23.1659
7	39	0.175	0.975	0.604787	0.922429	-0.0339651
7	40	0.175	1	1	0	0
8	0	0.2	0	0	0	8.02588
8	1	0.2	0.025	0.00720304	-0.0188111	8.02588
8	2	0.2	0.05	-0.0261697	-0.101489	7.27137
8	3	0.2	0.075	0.0279913	-0.0966801	9.13925
8	4	0.2	0.1	-0.0369151	-0.155019	6.44036
8	5	0.2	0.125	-0.0153394	-0.226269	9.22683
8	6	0.2	0.15	0.0259916	-0.184904	7.60208
8	7	0.2	0.175	-0.120396	-0.337205	7.2228
8	8	0.2	0.2	0.0892436	-0.261902	10.225
8	9	0.2	0.225	-0.167452	-0.367719	5.1459
8	10	0.2	0.25	0.0302898	-0.401631	11.3622
8	11	0.2	0.275	-0.0627885	-0.348476	5.97355
8	12	0.2	0.3	-0.179996	-0.530571	9.06787
8	13	0.2	0.325	0.0948139	-0.368205	9.78224
8	14	0.2	0.35	-0.378887	-0.557551	5.13697
8	15	0.2	0.375	0.108955	-0.467984	13.1484
8	16	0.2	0.4	-0.328029	-0.490301	3.65744
8	17	0.2	0.425	-0.139572	-0.592365	12.6706
8	18	0.2	0.45	-0.0616109	-0.421566	6.46788
8	19	0.2	0.475	-0.566329	-0.631379	8.53967
8	20	0.2	0.5	0.128586	-0.413542	11.1684
8	21	0.2	0.525	-0.78949	-0.556101	4.27699
8	22	0.2	0.55	0.0354587	-0.45291	14.0273
8	23	0.2	0.575	-0.541384	-0.448177	2.7473
8	24	0.2	0.6	-0.448115	-0.456707	13.9692
8	25	0.2	0.625	-0.105502	-0.346315	3.6057
8	26	0.2	0.65	-1.12557	-0.373433	12.5062
8	27	0.2	0.675	0.128926	-0.234388	5.07787
8	28	0.2	0.7	-1.36673	-0.304005	10.2454
8	29	0.2	0.725	0.0398636	-0.0765312	7.59763
8	30	0.2	0.75	-0.883829	-0.348717	4.18884
8	31	0.2	0.775	-0.545151	0.172415	15.3615
8	32	0.2	0.8	-0.206464	-0.345369	-8.05812
8	33	0.2	0.825	-1.40029	0.420875	29.6181
8	34	0.2	0.85	0.17073	-0.0951621	-22.5531
8	35	0.2	0.875	-1.59167	0.410692	42.3396
8	36	0.2	0.9	0.354605	0.484146	-28.5892
8	37	0.2	0.925	-0.626255	-0.0310609	36.0822
8	38	0.2	0.95	0.560238	0.983005	-13.1128
8	39	0.2	0.975	0.629517	-0.0175957	10.4601
8	40	0.2	1	1	0	0
9	0	0.225	0	0	0	7.93252
9	1	0.225	0.025	0.000121172	-0.0667988	7.93252
9	2	0.225	0.05	0.021948	-0.0392349	9.21962
9	3	0.225	0.075	-0.0145469	-0.136273	6.28943
9	4	0.225	0.1	0.00822507	-0.182071	10.1288
9	5	0.225	0.125	0.0166739	-0.137394	7.09278
9	6	0.225	0.15	-0.0675472	-0.342122	7.56979
9	7	0.225	0.175	0.0713728	-0.191047	11.1084
9	8	0.225	0.2	-0.132264	-0.385078	3.58324
9	9	0.225	0.225	0.0511492	-0.371543	13.8578
9	10	0.225	0.25	-0.0824377	-0.310945	3.83759
9	11	0.225	0.275	-0.100458	-0.591156	10.5527
9	12	0.225	0.3	0.0457944	-0.282987	10.3001
9	13	0.225	0.325	-0.300235	-0.659091	2.79756
9	14	0.225	0.35	0.0885413	-0.429917	17.3883
9	15	0.225	0.375	-0.333226	-0.512026	-1.1297
9	16	0.225	0.4	-0.0722219	-0.696536	16.9775
9	17	0.225	0.425	-0.138844	-0.336458	4.69972
9	18	0.225	0.45	-0.432259	-0.854574	7.20916
9	19	0.225	0.475	0.0424636	-0.341816	16.1604
9	20	0.225	0.5	-0.728652	-0.718956	-3.56205
9	21	0.225	0.525	0.0108666	-0.546782	22.8055
9	22	0.225	0.55	-0.621425	-0.411768	-4.53017
9	23	0.225	0.575	-0.329236	-0.781917	17.6836
9	24	0.225	0.6	-0.239997	-0.206348	5.68376
9	25	0.225	0.625	-0.959654	-0.776902	4.20203
9	26	0.225	0.65	0.00347175	-0.208998	18.0245
9	27	0.225	0.675	-1.39625	-0.478992	-6.22465
9	28	0.225	0.7	0.011516	-0.34569	22.5316
9	29	0.225	0.725	-1.12226	-0.154959	-6.05551
9	30	0.225	0.75	-0.377717	-0.410677	17.3211
9	31	0.225	0.775	-0.393191	-0.0136138	0.59077
9	32	0.225	0.8	-1.35233	-0.171444	10.4004
9	33	0.225	0.825	0.156231	0.0159935	3.73674
9	34	0.225	0.85	-2.22047	0.282234	11.5429
9	35	0.225	0.875	0.558534	0.0986252	-2.05166
9	36	0.225	0.9	-1.90212	0.468441	19.0501
9	37	0.225	0.925	0.868977	0.432736	-8.31842
9	38	0.225	0.95	-0.305955	0.163635	15.1554
9	39	0.225	0.975	0.916638	0.664247	0.119917
9	40	0.225	1	1	0	0
10	0	0.25	0	0	0	8.63128
10	1	0.25	0.025	0.0132696	-0.00217929	8.63128
10	2	0.25	0.05	0.0139639	-0.117309	7.0327
10	3	0.25	0.075	0.012648	-0.109006	10.4356
10	4	0.25	0.1	0.030484	-0.122928	6.44528
10	5	0.25	0.125	-0.0267089	-0.302144	8.94522
10	6	0.25	0.15	0.0542262	-0.131023	10.2853
10	7	0.25	0.175	-0.0667412	-0.405616	3.89768
10	8	0.25	0.2	0.033677	-0.288654	15.0521
10	9	0.25	0.225	-0.0475776	-0.330996	1.74865
10	10	0.25	0.25	-0.061188	-0.567477	13.566
10	11	0.25	0.275	0.020229	-0.233402	7.89228
10	12	0.25	0.3	-0.192668	-0.739522	4.21594
10	13	0.25	0.325	0.0289092	-0.336563	18.2802
10	14	0.25	0.35	-0.243653	-0.615798	-4.02826
10	15	0.25	0.375	-0.0886981	-0.668434	21.7475
10	16	0.25	0.4	-0.143899	-0.34461	-0.175173
10	17	0.25	0.425	-0.320094	-0.986766	11.2942
10	18	0.25	0.45	-0.0476146	-0.260699	15.0314
10	19	0.25	0.475	-0.55009	-0.947805	-5.68364
10	20	0.25	0.5	-0.113782	-0.498848	28.3583
10	21	0.25	0.525	-0.545555	-0.549074	-12.1871
10	22	0.25	0.55	-0.340469	-0.919022	25.88
10	23	0.25	0.575	-0.313962	-0.176847	0.0567126
10	24	0.25	0.6	-0.744653	-1.13991	5.98728
10	25	0.25	0.625	-0.186191	-0.128411	21.8008
10	26	0.25	0.65	-1.13861	-0.865437	-15.8219
10	27	0.25	0.675	-0.237532	-0.395697	35.7813
10	28	0.25	0.7	-1.09233	-0.293431	-20.8842
10	29	0.25	0.725	-0.424638	-0.788392	30.0392
10	30	0.25	0.75	-0.591851	0.140567	-5.25297
10	31	0.25	0.775	-1.04491	-0.893507	6.89679
10	32	0.25	0.8	-0.165764	0.237157	17.5836
10	33	0.25	0.825	-1.99993	-0.425637	-15.531
10	34	0.25	0.85	0.147556	0.116684	29.8967
10	35	0.25	0.875	-2.39726	0.335329	-19.5066
10	36	0.25	0.9	0.725245	-0.0475596	23.0099
10	37	0.25	0.925	-1.37713	0.721562	-5.80103
10	38	0.25	0.95	1.08044	0.0630829	6.76291
10	39	0.25	0.975	0.455695	0.473466	3.98779
10	40	0.25	1	1	0	0
11	0	0.275	0	0	0	8.26913
11	1	0.275	0.025	0.0215186	-0.0702012	8.26913
11	2	0.275	0.05	0.0131079	-0.0452458	9.76915
11	3	0.275	0.075	0.0564707	-0.120001	6.75127
11	4	0.275	0.1	-0.0110432	-0.219724	9.9273
11	5	0.275	0.125	0.0637667	-0.110572	8.88409
11	6	0.275	0.15	-0.0135913	-0.379299	5.79519
11	7	0.275	0.175	0.0136114	-0.208265	14.0459
11	8	0.275	0.2	0.0232838	-0.366876	1.77495
11	9	0.275	0.225	-0.0730266	-0.470803	15.3517
11	10	0.275	0.25	0.0544448	-0.249058	5.08085
11	11	0.275	0.275	-0.130704	-0.724012	7.8717
11	12	0.275	0.3	-0.00274154	-0.269082	15.5315
11	13	0.275	0.325	-0.118727	-0.707666	-2.66304
11	14	0.275	0.35	-0.158138	-0.557161	22.9774
11	15	0.275	0.375	-0.0538428	-0.439653	-3.52603
11	16	0.275	0.4	-0.311377	-0.956019	16.5894
11	17	0.275	0.425	-0.0548833	-0.255485	9.9163
11	18	0.275	0.45	-0.388765	-1.07901	-1.46895
11	19	0.275	0.475	-0.234054	-0.408098	27.1425
11	20	0.275	0.5	-0.355424	-0.750779	-14.0568
11	21	0.275	0.525	-0.48323	-0.858101	31.1421
11	22	0.275	0.55	-0.245229	-0.291655	-6.79874
11	23	0.275	0.575	-0.676584	-1.26165	13.5704
11	24	0.275	0.6	-0.280032	-0.111397	16.6852
11	25	0.275	0.625	-0.822652	-1.17568	-13.8861
11	26	0.275	0.65	-0.527482	-0.328036	38.6998
11	27	0.275	0.675	-0.810636	-0.610396	-28.135
11	28	0.275	0.7	-0.739403	-0.832727	41.0185
11	29	0.275	0.725	-0.570822	0.00961945	-16.4281
11	30	0.275	0.75	-0.946464	-1.26703	16.5547
11	31	0.275	0.775	-0.417665	0.309974	14.3708
11	32	0.275	0.8	-1.42661	-1.1252	-21.0613
11	33	0.275	0.825	-0.462326	0.252669	44.3341
11	34	0.275	0.85	-1.91812	-0.379747	-46.4236
11	35	0.275	0.875	-0.139232	-0.0628799	55.3775
11	36	0.275	0.9	-1.66531	0.596427	-42.7681
11	37	0.275	0.925	0.690293	-0.496144	37.282
11	38	0.275	0.95	-0.250872	0.961774	-14.1704
11	39	0.275	0.975	1.02652	-0.183177	7.4248
11	40	0.275	1	1	0	0
12	0	0.3	0	0	0	8.94644
12	1	0.3	0.025	0.0174868	-0.0161293	8.94644
12	2	0.3	0.05	0.0654632	-0.0934961	7.89761
12	3	0.3	0.075	-0.00351437	-0.135732	9.74723
12	4	0.3	0.1	0.0933167	-0.113147	8.37174
12	5	0.3	0.125	0.00588691	-0.300002	7.60357
12	6	0.3	0.15	0.026089	-0.172342	11.984
12	7	0.3	0.175	0.0812122	-0.359611	3.89281
12	8	0.3	0.2	-0.0945081	-0.36746	14.5272
12	9	0.3	0.225	0.130096	-0.294302	4.47712
12	10	0.3	0.25	-0.135595	-0.61929	10.5092
12	11	0.3	0.275	0.03621	-0.274487	11.8884
12	12	0.3	0.3	-0.0420868	-0.703347	1.56634
12	13	0.3	0.325	-0.198694	-0.465603	19.9547
12	14	0.3	0.35	0.0729775	-0.536177	-2.36657
12	15	0.3	0.375	-0.381607	-0.820434	18.3406
12	16	0.3	0.4	0.0386642	-0.3415	5.90581
12	17	0.3	0.425	-0.344817	-1.03745	4.60618
12	18	0.3	0.45	-0.249957	-0.388039	21.2478
12	19	0.3	0.475	-0.18047	-0.863191	-9.17936
12	20	0.3	0.5	-0.636883	-0.733188	29.2299
12	21	0.3	0.525	-0.0774303	-0.468872	-8.15089
12	22	0.3	0.55	-0.785015	-1.15083	18.6819
12	23	0.3	0.575	-0.215029	-0.218016	9.60553
12	24	0.3	0.6	-0.664611	-1.22878	-5.35856
12	25	0.3	0.625	-0.673355	-0.302067	31.7872
12	26	0.3	0.65	-0.492811	-0.831159	-23.4417
12	27	0.3	0.675	-1.11667	-0.70379	40.8117
12	28	0.3	0.7	-0.355537	-0.259558	-20.4128
12	29	0.3	0.725	-1.18161	-1.20016	25.1691
12	30	0.3	0.75	-0.418394	0.165452	4.40438
12	31	0.3	0.775	-1.0903	-1.34272	-10.5639
12	32	0.3	0.8	-0.854831	0.283959	38.3876
12	33	0.3	0.825	-1.15476	-0.911787	-45.4277
12	34	0.3	0.85	-1.15672	0.110421	63.9073
12	35	0.3	0.875	-1.09876	-0.078649	-60.3992
12	36	0.3	0.9	-0.57362	-0.416703	64.6622
12	37	0.3	0.925	-0.430198	0.88283	-42.6919
12	38	0.3	0.95	0.536197	-0.863921	30.0469
12	39	0.3	0.975	0.665446	0.839061	-5.22744
12	40	0.3	1	1	0	0
13	0	0.325	0	0	0	8.81687
13	1	0.325	0.025	0.042843	-0.0411374	8.81687
13	2	0.325	0.05	0.0140265	-0.0842044	9.06185
13	3	0.325	0.075	0.111383	-0.0977527	8.97859
13	4	0.325	0.1	0.0090346	-0.209723	8.12259
13	5	0.325	0.125	0.0697969	-0.170535	10.7169
13	6	0.325	0.15	0.0969907	-0.292977	6.23526
13	7	0.325	0.175	-0.0776765	-0.314555	12.1919
13	8	0.325	0.2	0.192857	-0.303659	6.40026
13	9	0.325	0.225	-0.162133	-0.500915	10.208
13	10	0.325	0.25	0.126379	-0.324971	10.5117
13	11	0.325	0.275	-0.0438996	-0.603515	5.00641
13	12	0.325	0.3	-0.152652	-0.461592	15.6039
13	13	0.325	0.325	0.151274	-0.547115	2.13003
13	14	0.325	0.35	-0.432998	-0.706879	15.3372
13	15	0.325	0.375	0.168686	-0.447668	6.5948
13	16	0.325	0.4	-0.403581	-0.88828	7.17251
13	17	0.325	0.425	-0.1424	-0.479422	16.2321
13	18	0.325	0.45	-0.120273	-0.820298	-2.13064
13	19	0.325	0.475	-0.669892	-0.699777	22.1701
13	20	0.325	0.5	0.0684345	-0.581329	-2.62213
13	21	0.325	0.525	-0.94059	-0.9822	16.3779
13	22	0.325	0.55	-0.0567984	-0.40722	7.9286
13	23	0.325	0.575	-0.707477	-1.06915	0.83443
13	24	0.325	0.6	-0.607976	-0.4278	22.7068
13	25	0.325	0.625	-0.330352	-0.829442	-12.3479
13	26	0.325	0.65	-1.31745	-0.650736	30.2737
13	27	0.325	0.675	-0.145528	-0.453276	-12.7634
13	28	0.325	0.7	-1.53653	-0.960359	22.2706
13	29	0.325	0.725	-0.24679	-0.123166	1.1902
13	30	0.325	0.75	-1.15052	-1.11859	-0.827911
13	31	0.325	0.775	-0.872709	0.0806028	24.8344
13	32	0.325	0.8	-0.723885	-0.907032	-27.7755
13	33	0.325	0.825	-1.786	0.118208	48.2082
13	34	0.325	0.85	-0.475597	-0.452523	-46.4777
13	35	0.325	0.875	-1.98066	-0.0761183	61.3028
13	36	0.325	0.9	-0.0556554	0.240555	-48.7625
13	37	0.325	0.925	-0.863341	-0.664902	48.6242
13	38	0.325	0.95	0.558853	0.882928	-23.5032
13	39	0.325	0.975	0.638172	-0.553758	10.4227
13	40	0.325	1	1	0	0
14	0	0.35	0	0	0	8.9798
14	1	0.35	0.025	0.0285102	-0.0540208	8.9798
14	2	0.35	0.05	0.0966747	-0.0499309	9.62162
14	3	0.35	0.075	0.0237825	-0.151676	7.79728
14	4	0.35	0.1	0.11038	-0.155447	10.8617
14	5	0.35	0.125	0.0865094	-0.206817	7.15309
14	6	0.35	0.15	-0.0156311	-0.307995	10.5825
14	7	0.35	0.175	0.20687	-0.248617	8.84123
14	8	0.35	0.2	-0.148717	-0.439574	7.94875
14	9	0.35	0.225	0.205539	-0.346297	12.1046
14	10	0.35	0.25	-0.0794199	-0.485148	5.2098
14	11	0.35	0.275	-0.0372105	-0.520807	13.6403
14	12	0.35	0.3	0.148518	-0.462838	6.01921
14	13	0.35	0.325	-0.385697	-0.700465	10.6135
14	14	0.35	0.35	0.247174	-0.480341	11.069
14	15	0.35	0.375	-0.461337	-0.767956	4.54317
14	16	0.35	0.4	0.0112307	-0.612941	16.2703
14	17	0.35	0.425	-0.164559	-0.683785	1.34285
14	18	0.35	0.45	-0.545536	-0.812404	15.9996
14	19	0.35	0.475	0.109019	-0.566109	5.19948
14	20	0.35	0.5	-0.980874	-0.937654	8.60148
14	21	0.35	0.525	0.0619665	-0.561643	13.4134
14	22	0.35	0.55	-0.825883	-0.883735	-0.610568
14	23	0.35	0.575	-0.421975	-0.675006	19.4735
14	24	0.35	0.6	-0.347477	-0.677578	-4.06674
14	25	0.35	0.625	-1.24127	-0.811178	18.0944
14	26	0.35	0.65	-0.0891612	-0.483603	0.588784
14	27	0.35	0.675	-1.71647	-0.866287	9.1868
14	28	0.35	0.7	-0.133359	-0.387118	9.48248
14	29	0.35	0.725	-1.38375	-0.803852	-2.80802
14	30	0.35	0.75	-0.665506	-0.323113	18.7973
14	31	0.35	0.775	-0.705432	-0.595047	-12.9727
14	32	0.35	0.8	-1.81425	-0.227485	25.9932
14	33	0.35	0.825	-0.299292	-0.347421	-18.9856
14	34	0.35	0.85	-2.74926	-0.0770887	31.2705
14	35	0.35	0.875	0.120582	-0.127565	-23.5703
14	36	0.35	0.9	-2.36948	-0.125921	33.4111
14	37	0.35	0.925	0.730783	0.285161	-21.8091
14	38	0.35	0.95	-0.51198	-0.457295	18.5926
14	39	0.35	0.975	0.987257	0.458423	-4.53749
14	40	0.35	1	1	0	0
15	0	0.375	0	0	0	9.43646
15	1	0.375	0.025	0.0561231	-0.00366928	9.43646
15	2	0.375	0.05	0.0491985	-0.123191	7.94336
15	3	0.375	0.075	0.118727	-0.0996506	11.3579
15	4	0.375	0.1	0.0852327	-0.152119	6.81859
15	5	0.375	0.125	0.0543149	-0.292875	10.753
15	6	0.375	0.15	0.186079	-0.163229	9.6941
15	7	0.375	0.175	-0.0774043	-0.437561	6.33092
15	8	0.375	0.2	0.229853	-0.294156	14.5472
15	9	0.375	0.225	-0.078814	-0.426413	2.96202
15	10	0.375	0.25	0.0738595	-0.55398	15.186
15	11	0.375	0.275	0.107681	-0.351748	6.36626
15	12	0.375	0.3	-0.247686	-0.775137	8.41258
15	13	0.375	0.325	0.24441	-0.411847	15.1379
15	14	0.375	0.35	-0.422856	-0.766592	-0.259851
15	15	0.375	0.375	0.107744	-0.673751	20.6938
15	16	0.375	0.4	-0.217693	-0.575585	-0.814496
15	17	0.375	0.425	-0.35082	-0.984006	15.4236
15	18	0.375	0.45	0.0658413	-0.464325	9.32356
15	19	0.375	0.475	-0.846402	-1.06528	1.73991
15	20	0.375	0.5	0.0684268	-0.595667	21.4298
15	21	0.375	0.525	-0.855166	-0.838361	-7.82235
15	22	0.375	0.55	-0.284684	-0.89549	24.044
15	23	0.375	0.575	-0.428486	-0.530871	-3.80271
15	24	0.375	0.6	-0.995702	-1.11444	12.8111
15	25	0.375	0.625	-0.162515	-0.405931	10.316
15	26	0.375	0.65	-1.59383	-1.02908	-4.44953
15	27	0.375	0.675	-0.203984	-0.510476	22.9291
15	28	0.375	0.7	-1.48253	-0.69807	-14.4421
15	29	0.375	0.725	-0.548061	-0.710029	24.948
15	30	0.375	0.75	-0.848835	-0.326686	-11.0775
15	31	0.375	0.775	-1.47925	-0.783994	14.6615
15	32	0.375	0.8	-0.436527	-0.107543	0.819761
15	33	0.375	0.825	-2.63935	-0.55543	-0.0161618
15	34	0.375	0.85	-0.181848	-0.100735	10.0527
15	35	0.375	0.875	-3.01739	-0.117592	-6.38664
15	36	0.375	0.9	0.500958	-0.182425	8.47136
15	37	0.375	0.925	-1.78719	0.121986	-1.85827
15	38	0.375	0.95	1.1042	-0.0978997	0.899634
15	39	0.375	0.975	0.403951	0.0120402	0.510206
15	40	0.375	1	1	0	0
16	0	0.4	0	0	0	8.98273
16	1	0.4	0.025	0.0513639	-0.0822037	8.98273
16	2	0.4	0.05	0.0975133	-0.0290796	10.9599
16	3	0.4	0.075	0.103493	-0.137194	6.72075
16	4	0.4	0.1	0.0931612	-0.227538	11.7139
16	5	0.4	0.125	0.170938	-0.104771	8.79845
16	6	0.4	0.15	0.0135404	-0.433745	6.89621
16	7	0.4	0.175	0.211492	-0.195247	15.2621
16	8	0.4	0.2	-0.014052	-0.437281	1.15571
16	9	0.4	0.225	0.122841	-0.497879	18.0417
16	10	0.4	0.25	0.0988788	-0.293268	3.69797
16	11	0.4	0.275	-0.102181	-0.824958	10.3171
16	12	0.4	0.3	0.206604	-0.297812	15.3937
16	13	0.4	0.325	-0.282939	-0.856803	-2.59326
16	14	0.4	0.35	0.113152	-0.61117	25.073
16	15	0.4	0.375	-0.188082	-0.576669	-5.72286
16	16	0.4	0.4	-0.213901	-1.07094	20.0017
16	17	0.4	0.425	0.0271206	-0.370193	7.42729
16	18	0.4	0.45	-0.62134	-1.25668	0.849416
16	19	0.4	0.475	0.00568727	-0.522106	25.7655
16	20	0.4	0.5	-0.72739	-0.958069	-14.3867
16	21	0.4	0.525	-0.287016	-0.96703	31.6458
16	22	0.4	0.55	-0.43888	-0.502713	-9.64793
16	23	0.4	0.575	-0.792515	-1.36643	16.2058
16	24	0.4	0.6	-0.24393	-0.321247	11.5721
16	25	0.4	0.625	-1.28682	-1.31556	-10.1359
16	26	0.4	0.65	-0.382425	-0.502777	32.0465
16	27	0.4	0.675	-1.32453	-0.836971	-25.7334
16	28	0.4	0.7	-0.676064	-0.898049	36.0814
16	29	0.4	0.725	-0.89503	-0.280086	-18.7897
16	30	0.4	0.75	-1.22638	-1.22298	17.6162
16	31	0.4	0.775	-0.604363	0.0311984	5.19254
16	32	0.4	0.8	-2.07203	-1.14083	-13.8347
16	33	0.4	0.825	-0.632816	0.0214689	30.315
16	34	0.4	0.85	-2.66101	-0.641853	-38.5349
16	35	0.4	0.875	-0.288992	-0.234301	42.4677
16	36	0.4	0.9	-2.23428	0.102365	-40.7714
16	37	0.4	0.925	0.665078	-0.662435	31.0227
16	38	0.4	0.95	-0.439631	0.502349	-18.1979
16	39	0.4	0.975	1.07793	-0.535559	4.51042
16	40	0.4	1	1	0	0
17	0	0.425	0	0	0	9.83074
17	1	0.425	0.025	0.0624066	0.00710975	9.83074
17	2	0.425	0.05	0.11307	-0.122028	7.7566
17	3	0.425	0.075	0.0977326	-0.129682	11.849
17	4	0.425	0.1	0.180784	-0.0946547	7.75253
17	5	0.425	0.125	0.0745024	-0.372699	8.80764
17	6	0.425	0.15	0.196033	-0.113925	13.6982
17	7	0.425	0.175	0.0790485	-0.456379	1.84762
17	8	0.425	0.2	0.117743	-0.37319	19.14
17	9	0.425	0.225	0.154042	-0.308454	1.10302
17	10	0.425	0.25	-0.024879	-0.769059	14.1303
17	11	0.425	0.275	0.203615	-0.220367	12.0581
17	12	0.425	0.3	-0.123919	-0.926315	-0.395745
17	13	0.425	0.325	0.0809903	-0.475118	25.5043
17	14	0.425	0.35	-0.0630511	-0.665775	-8.52671
17	15	0.425	0.375	-0.188016	-1.00489	25.1012
17	16	0.425	0.4	0.0674634	-0.355803	2.21467
17	17	0.425	0.425	-0.447947	-1.3549	5.6836
17	18	0.425	0.45	-0.0268912	-0.422449	23.8944
17	19	0.425	0.475	-0.510227	-1.12976	-15.1981
17	20	0.425	0.5	-0.376001	-0.892801	35.8175
17	21	0.425	0.525	-0.326271	-0.598092	-15.3242
17	22	0.425	0.55	-0.759611	-1.43252	23.1711
17	23	0.425	0.575	-0.231795	-0.306545	6.53952
17	24	0.425	0.6	-1.02062	-1.51772	-6.82555
17	25	0.425	0.625	-0.513217	-0.447776	32.4522
17	26	0.425	0.65	-1.02018	-1.04607	-28.8697
17	27	0.425	0.675	-0.945865	-0.894669	42.3502
17	28	0.425	0.7	-0.759455	-0.415511	-25.9379
17	29	0.425	0.725	-1.28318	-1.35966	25.8065
17	30	0.425	0.75	-0.629614	0.00362645	-0.529259
17	31	0.425	0.775	-1.61431	-1.45615	-10.617
17	32	0.425	0.8	-0.934533	0.0776102	32.2607
17	33	0.425	0.825	-1.9141	-1.09899	-46.1328
17	34	0.425	0.85	-1.16213	-0.119722	57.1004
17	35	0.425	0.875	-1.78711	-0.432834	-63.6951
17	36	0.425	0.9	-0.538709	-0.656946	60.6593
17	37	0.425	0.925	-0.778027	0.457021	-49.1763
17	38	0.425	0.95	0.598057	-1.20707	28.877
17	39	0.425	0.975	0.654367	0.450488	-10.8632
17	40	0.425	1	1	0	0
18	0	0.45	0	0	0	9.20998
18	1	0.45	0.025	0.0799	-0.0713809	9.20998
18	2	0.45	0.05	0.0892221	-0.052277	10.8432
18	3	0.45	0.075	0.19293	-0.0996881	7.92537
18	4	0.45	0.1	0.0943391	-0.26276	10.1228
18	5	0.45	0.125	0.210919	-0.0864887	11.4925
18	6	0.45	0.15	0.143069	-0.418413	4.46108
18	7	0.45	0.175	0.111671	-0.254453	17.4811
18	8	0.45	0.2	0.24035	-0.344685	1.13301
18	9	0.45	0.225	-0.0170034	-0.62343	16.3324
18	10	0.45	0.25	0.265889	-0.216661	8.32827
18	11	0.45	0.275	-0.0337589	-0.885462	4.29715
18	12	0.45	0.3	0.0912424	-0.360511	21.8628
18	13	0.45	0.325	0.085358	-0.742666	-6.73027
18	14	0.45	0.35	-0.217644	-0.840674	26.3268
18	15	0.45	0.375	0.191538	-0.417546	-1.37451
18	16	0.45	0.4	-0.400967	-1.28946	11.5646
18	17	0.45	0.425	0.0392623	-0.378098	18.4061
18	18	0.45	0.45	-0.33348	-1.21279	-10.372
18	19	0.45	0.475	-0.425441	-0.772242	33.8677
18	20	0.45	0.5	-0.144243	-0.724241	-15.8257
18	21	0.45	0.525	-0.855155	-1.33533	26.9837
18	22	0.45	0.55	-0.109485	-0.376819	1.50646
18	23	0.45	0.575	-0.937483	-1.5319	-0.0921906
18	24	0.45	0.6	-0.493279	-0.437101	26.8988
18	25	0.45	0.625	-0.760784	-1.14898	-23.8375
18	26	0.45	0.65	-1.15006	-0.834326	39.8963
18	27	0.45	0.675	-0.539414	-0.570906	-25.3212
18	28	0.45	0.7	-1.54989	-1.27731	28.629
18	29	0.45	0.725	-0.503276	-0.153161	-5.43247
18	30	0.45	0.75	-1.5231	-1.42561	-2.56915
18	31	0.45	0.775	-0.964067	-0.00831539	24.0879
18	32	0.45	0.8	-1.36929	-1.16771	-35.9901
18	33	0.45	0.825	-1.72088	-0.0905129	50.0624
18	34	0.45	0.85	-1.14509	-0.741293	-57.6526
18	35	0.45	0.875	-1.84823	-0.390061	64.0369
18	36	0.45	0.9	-0.524853	-0.0954309	-60.2439
18	37	0.45	0.925	-0.7595	-1.09228	51.0343
18	38	0.45	0.95	0.433971	0.564818	-31.5577
18	39	0.45	0.975	0.673976	-1.05863	8.19287
18	40	0.45	1	1	0	0
19	0	0.475	0	0	0	9.8379
19	1	0.475	0.025	0.0695735	-0.0205342	9.8379
19	2	0.475	0.05	0.170244	-0.0763652	8.98972
19	3	0.475	0.075	0.0985401	-0.159665	10.0336
19	4	0.475	0.1	0.238098	-0.0888529	10.4407
19	5	0.475	0.125	0.15828	-0.321179	6.82579
19	6	0.475	0.15	0.143235	-0.193894	14.6776
19	7	0.475	0.175	0.296903	-0.332823	3.55085
19	8	0.475	0.2	-0.0179226	-0.473028	15.4403
19	9	0.475	0.225	0.359032	-0.248117	7.18139
19	10	0.475	0.25	-0.0257569	-0.745048	7.68011
19	11	0.475	0.275	0.178113	-0.323449	17.398
19	12	0.475	0.3	0.169804	-0.721934	-2.07777
19	13	0.475	0.325	-0.202869	-0.692563	23.1852
19	14	0.475	0.35	0.332331	-0.479056	-0.533152
19	15	0.475	0.375	-0.433533	-1.1215	13.7998
19	16	0.475	0.4	0.19272	-0.407669	14.2817
19	17	0.475	0.425	-0.276797	-1.15318	-4.41274
19	18	0.475	0.45	-0.34526	-0.709869	28.388
19	19	0.475	0.475	0.00605234	-0.775067	-11.2439
19	20	0.475	0.5	-0.930102	-1.2052	24.8808
19	21	0.475	0.525	0.0549164	-0.472917	1.37193
19	22	0.475	0.55	-1.0106	-1.41178	3.34456
19	23	0.475	0.575	-0.333798	-0.510364	21.8992
19	24	0.475	0.6	-0.659141	-1.09967	-16.5879
19	25	0.475	0.625	-1.14557	-0.848064	32.3964
19	26	0.475	0.65	-0.373309	-0.622899	-17.7889
19	27	0.475	0.675	-1.77227	-1.18739	22.7782
19	28	0.475	0.7	-0.353808	-0.326467	-2.5371
19	29	0.475	0.725	-1.6943	-1.2345	-0.930583
19	30	0.475	0.75	-0.79025	-0.236497	18.15
19	31	0.475	0.775	-1.2077	-0.955619	-23.856
19	32	0.475	0.8	-1.8031	-0.290997	34.156
19	33	0.475	0.825	-0.817549	-0.634078	-36.4201
19	34	0.475	0.85	-2.64469	-0.345822	42.5203
19	35	0.475	0.875	-0.303525	-0.395791	-41.47
19	36	0.475	0.9	-2.2562	-0.591143	42.7109
19	37	0.475	0.925	0.492012	0.0439739	-34.9345
19	38	0.475	0.95	-0.465643	-1.03251	20.8941
19	39	0.475	0.975	0.961232	0.144589	-10.4415
19	40	0.475	1	1	0	0
20	0	0.5	0	0	0	9.66851
20	1	0.5	0.025	0.101484	-0.0283856	9.66851
20	2	0.5	0.05	0.103449	-0.0999684	9.48135
20	3	0.5	0.075	0.237349	-0.072175	10.6232
20	4	0.5	0.1	0.152002	-0.219264	7.66443
20	5	0.5	0.125	0.19938	-0.175604	12.9008
20	6	0.5	0.15	0.297612	-0.25951	6.07104
20	7	0.5	0.175	0.0260652	-0.384462	12.9786
20	8	0.5	0.2	0.41899	-0.244312	8.71821
20	9	0.5	0.225	-0.0374366	-0.593156	7.8399
20	10	0.5	0.25	0.30181	-0.335176	15.4328
20	11	0.5	0.275	0.168723	-0.608556	1.55481
20	12	0.5	0.3	-0.0922799	-0.631561	18.9528
20	13	0.5	0.325	0.411527	-0.463662	3.24229
20	14	0.5	0.35	-0.431311	-0.975032	11.6224
20	15	0.5	0.375	0.35366	-0.450314	14.4711
20	16	0.5	0.4	-0.308774	-1.01296	-1.93965
20	17	0.5	0.425	-0.149763	-0.733832	24.4328
20	18	0.5	0.45	0.0636813	-0.717254	-5.91287
20	19	0.5	0.475	-0.859403	-1.16053	19.6208
20	20	0.5	0.5	0.175084	-0.511583	5.88764
20	21	0.5	0.525	-1.09075	-1.29791	0.975938
20	22	0.5	0.55	-0.143718	-0.620195	22.155
20	23	0.5	0.575	-0.69232	-0.974105	-13.3868
20	24	0.5	0.6	-0.946455	-0.970782	26.8019
20	25	0.5	0.625	-0.314272	-0.56315	-9.61832
20	26	0.5	0.65	-1.76182	-1.23427	13.0801
20	27	0.5	0.675	-0.29673	-0.414988	6.52017
20	28	0.5	0.7	-1.85406	-1.1198	-8.02098
20	29	0.5	0.725	-0.625562	-0.492856	21.103
20	30	0.5	0.75	-1.28639	-0.714175	-20.4311
20	31	0.5	0.775	-1.54267	-0.666794	24.1102
20	32	0.5	0.8	-0.796006	-0.376247	-18.5251
20	33	0.5	0.825	-2.70211	-0.683912	16.0752
20	34	0.5	0.85	-0.443198	-0.32264	-11.6601
20	35	0.5	0.875	-3.06121	-0.489806	9.01985
20	36	0.5	0.9	0.319216	-0.3655	-10.0192
20	37	0.5	0.925	-1.80958	-0.465518	6.44081
20	38	0.5	0.95	1.0243	-0.241443	-8.83804
20	39	0.5	0.975	0.399162	-0.556338	-1.63715
20	40	0.5	1	1	0	0
21	0	0.525	0	0	0	9.61216
21	1	0.525	0.025	0.0851306	-0.0627232	9.61216
21	2	0.525	0.05	0.190708	-0.0260822	10.7508
21	3	0.525	0.075	0.153281	-0.158362	7.67938
21	4	0.525	0.1	0.235373	-0.145213	12.6178
21	5	0.525	0.125	0.269392	-0.173679	7.01273
21	6	0.525	0.15	0.109614	-0.347735	11.4404
21	7	0.525	0.175	0.416206	-0.180049	10.5976
21	8	0.525	0.2	-0.00182886	-0.504209	6.15608
21	9	0.525	0.225	0.389019	-0.319316	16.3403
21	10	0.525	0.25	0.138513	-0.482858	1.96729
21	11	0.525	0.275	0.0731527	-0.628469	17.2374
21	12	0.525	0.3	0.410229	-0.367671	6.08005
21	13	0.525	0.325	-0.320866	-0.923774	8.31645
21	14	0.525	0.35	0.444996	-0.426921	17.5462
21	15	0.525	0.375	-0.322621	-0.905305	-3.76738
21	16	0.525	0.4	0.0583301	-0.775891	24.9578
21	17	0.525	0.425	0.0519049	-0.605138	-4.19624
21	18	0.525	0.45	-0.642235	-1.21612	16.4055
21	19	0.525	0.475	0.222342	-0.45965	10.6661
21	20	0.525	0.5	-1.03805	-1.29519	-4.14915
21	21	0.525	0.525	-0.0300286	-0.675962	27.0042
21	22	0.525	0.55	-0.741198	-0.890491	-16.0541
21	23	0.525	0.575	-0.704183	-1.12532	27.4369
21	24	0.525	0.6	-0.321641	-0.46035	-6.50493
21	25	0.525	0.625	-1.52738	-1.40621	6.92549
21	26	0.525	0.65	-0.325695	-0.39948	15.0032
21	27	0.525	0.675	-1.80292	-1.1819	-17.8813
21	28	0.525	0.7	-0.622941	-0.643713	30.0939
21	29	0.525	0.725	-1.36318	-0.619575	-26.1458
21	30	0.525	0.75	-1.27719	-1.01181	25.5406
21	31	0.525	0.775	-0.876914	-0.18386	-12.8289
21	32	0.525	0.8	-2.28121	-1.16598	1.90121
21	33	0.525	0.825	-0.731306	-0.148772	9.08174
21	34	0.525	0.85	-2.96037	-0.893718	-22.8712
21	35	0.525	0.875	-0.290017	-0.403669	22.6661
21	36	0.525	0.9	-2.48492	-0.346731	-29.8873
21	37	0.525	0.925	0.692815	-0.773791	17.0164
21	38	0.525	0.95	-0.543402	-0.0573967	-16.1949
21	39	0.525	0.975	1.08486	-0.7657	-0.924286
21	40	0.525	1	1	0	0
22	0	0.55	0	0	0	10.1038
22	1	0.55	0.025	0.110263	0.00945584	10.1038
22	2	0.55	0.05	0.151627	-0.127128	8.23395
22	3	0.55	0.075	0.225198	-0.0800288	12.5517
22	4	0.55	0.1	0.250212	-0.12682	6.82776
22	5	0.55	0.125	0.182836	-0.302262	11.6534
22	6	0.55	0.15	0.377346	-0.0965823	10.8009
22	7	0.55	0.175	0.0860882	-0.472483	5.36492
22	8	0.55	0.2	0.404819	-0.237916	17.712
22	9	0.55	0.225	0.149709	-0.418127	0.378848
22	10	0.55	0.25	0.205068	-0.5946	18.6138
22	11	0.55	0.275	0.378198	-0.257524	5.61193
22	12	0.55	0.3	-0.134799	-0.931075	7.70278
22	13	0.55	0.325	0.458394	-0.320392	19.5596
22	14	0.55	0.35	-0.237132	-0.892485	-6.64178
22	15	0.55	0.375	0.183974	-0.741294	28.4259
22	16	0.55	0.4	0.0508445	-0.527438	-6.77711
22	17	0.55	0.425	-0.394284	-1.28082	18.1249
22	18	0.55	0.45	0.23721	-0.353664	11.5141
22	19	0.55	0.475	-0.8365	-1.39246	-6.77255
22	20	0.55	0.5	-0.00273652	-0.6306	31.7849
22	21	0.55	0.525	-0.690315	-0.916701	-21.1964
22	22	0.55	0.55	-0.570551	-1.19938	32.9198
22	23	0.55	0.575	-0.313813	-0.397341	-9.40006
22	24	0.55	0.6	-1.24433	-1.58222	7.97691
22	25	0.55	0.625	-0.354668	-0.327093	17.6614
22	26	0.55	0.65	-1.55051	-1.34714	-23.0839
22	27	0.55	0.675	-0.747435	-0.656158	37.5953
22	28	0.55	0.7	-1.28028	-0.692133	-33.8531
22	29	0.55	0.725	-1.25001	-1.16281	33.3767
22	30	0.55	0.75	-0.896848	-0.136056	-17.1253
22	31	0.55	0.775	-1.85621	-1.48454	2.83566
22	32	0.55	0.8	-0.925784	-0.0192488	14.1436
22	33	0.55	0.825	-2.37065	-1.3377	-35.2516
22	34	0.55	0.85	-0.97456	-0.26922	41.3013
22	35	0.55	0.875	-2.28848	-0.772336	-57.7498
22	36	0.55	0.9	-0.283253	-0.834302	48.2446
22	37	0.55	0.925	-1.09392	0.0302022	-47.6368
22	38	0.55	0.95	0.756011	-1.37309	21.9828
22	39	0.55	0.975	0.604555	-0.0198335	-14.136
22	40	0.55	1	1	0	0
23	0	0.575	0	0	0	9.47557
23	1	0.575	0.025	0.108327	-0.0803969	9.47557
23	2	0.575	0.05	0.179212	-0.0133857	11.6108
23	3	0.575	0.075	0.241542	-0.118032	7.05885
23	4	0.575	0.1	0.209501	-0.214026	12.3594
23	5	0.575	0.125	0.345699	-0.0500741	9.54388
23	6	0.575	0.15	0.174278	-0.433245	6.63051
23	7	0.575	0.175	0.377069	-0.126889	17.2175
23	8	0.575	0.2	0.216084	-0.413246	-0.312762
23	9	0.575	0.225	0.255946	-0.480296	20.5673
23	10	0.575	0.25	0.378709	-0.202649	2.93131
23	11	0.575	0.275	0.0284424	-0.897207	10.5195
23	12	0.575	0.3	0.447945	-0.186793	18.0015
23	13	0.575	0.325	-0.0713767	-0.932829	-6.65583
23	14	0.575	0.35	0.22218	-0.602238	30.7047
23	15	0.575	0.375	0.124298	-0.531245	-10.4552
23	16	0.575	0.4	-0.234221	-1.24619	23.0616
23	17	0.575	0.425	0.283568	-0.262055	7.93592
23	18	0.575	0.45	-0.595515	-1.48531	-4.20522
23	19	0.575	0.475	0.0161916	-0.511793	32.4014
23	20	0.575	0.5	-0.522035	-1.01886	-23.748
23	21	0.575	0.525	-0.563505	-1.14879	38.1355
23	22	0.575	0.55	-0.227937	-0.415661	-14.4685
23	23	0.575	0.575	-1.09497	-1.64865	13.8888
23	24	0.575	0.6	-0.303267	-0.267945	14.4571
23	25	0.575	0.625	-1.26628	-1.47658	-21.0621
23	26	0.575	0.65	-0.848757	-0.597086	38.7212
23	27	0.575	0.675	-1.05443	-0.819123	-36.2866
23	28	0.575	0.7	-1.43696	-1.13572	38.6779
23	29	0.575	0.725	-0.788688	-0.220915	-22.6991
23	30	0.575	0.75	-1.74087	-1.52101	10.2923
23	31	0.575	0.775	-0.926854	0.000346233	8.65387
23	32	0.575	0.8	-1.83141	-1.48095	-30.1243
23	33	0.575	0.825	-1.40972	-0.150345	40.8389
23	34	0.575	0.85	-1.70049	-1.10782	-60.6963
23	35	0.575	0.875	-1.40112	-0.595646	60.0792
23	36	0.575	0.9	-1.00631	-0.411886	-66.7616
23	37	0.575	0.925	-0.367187	-1.40556	48.6605
23	38	0.575	0.95	0.235935	0.248451	-36.417
23	39	0.575	0.975	0.779349	-1.43691	4.99718
23	40	0.575	1	1	0	0
24	0	0.6	0	0	0	10.2416
24	1	0.6	0.025	0.111076	0.0118269	10.2416
24	2	0.6	0.05	0.209725	-0.103623	8.28746
24	3	0.6	0.075	0.196588	-0.111156	12.1128
24	4	0.6	0.1	0.331312	-0.0513316	8.51308
24	5	0.6	0.125	0.216652	-0.343095	8.74629
24	6	0.6	0.15	0.354491	-0.0494281	14.8493
24	7	0.6	0.175	0.288771	-0.405025	1.37691
24	8	0.6	0.2	0.253412	-0.321019	20.4453
24	9	0.6	0.225	0.425975	-0.210932	1.04744
24	10	0.6	0.25	0.105909	-0.765168	14.1731
24	11	0.6	0.275	0.470059	-0.0980851	13.8756
24	12	0.6	0.3	0.0809696	-0.927771	-2.91182
24	13	0.6	0.325	0.242259	-0.415712	29.1233
24	14	0.6	0.35	0.258808	-0.580762	-11.3867
24	15	0.6	0.375	-0.175793	-1.08416	26.9108
24	16	0.6	0.4	0.393379	-0.227485	3.09819
24	17	0.6	0.425	-0.439553	-1.47306	1.70215
24	18	0.6	0.45	0.108944	-0.384865	28.6506
24	19	0.6	0.475	-0.323485	-1.10021	-21.5322
24	20	0.6	0.5	-0.568053	-1.02002	39.1364
24	21	0.6	0.525	-0.0690647	-0.478435	-16.8924
24	22	0.6	0.55	-1.11302	-1.59252	19.0777
24	23	0.6	0.575	-0.151586	-0.266661	9.83327
24	24	0.6	0.6	-1.12386	-1.49138	-15.2826
24	25	0.6	0.625	-0.794648	-0.558798	34.6332
24	26	0.6	0.65	-0.820798	-0.873657	-32.2073
24	27	0.6	0.675	-1.62437	-1.07584	36.8335
24	28	0.6	0.7	-0.608805	-0.340964	-22.1247
24	29	0.6	0.725	-1.92465	-1.39075	13.5305
24	30	0.6	0.75	-0.760806	-0.116728	3.29033
24	31	0.6	0.775	-1.64337	-1.32811	-20.2014
24	32	0.6	0.8	-1.47221	-0.193712	29.9826
24	33	0.6	0.825	-1.24363	-1.05187	-46.1783
24	34	0.6	0.85	-2.1578	-0.435791	48.6525
24	35	0.6	0.875	-0.691866	-0.720925	-58.3069
24	36	0.6	0.9	-1.75878	-0.953188	51.9467
24	37	0.6	0.925	0.192164	-0.14507	-48.5774
24	38	0.6	0.95	-0.194042	-1.55231	23.9544
24	39	0.6	0.975	0.884567	-0.118142	-16.0449
24	40	0.6	1	1	0	0
25	0	0.625	0	0	0	9.60832
25	1	0.625	0.025	0.128103	-0.0569777	9.60832
25	2	0.625	0.05	0.165841	-0.0423375	10.9705
25	3	0.625	0.075	0.305374	-0.0617306	8.7121
25	4	0.625	0.1	0.215384	-0.224405	9.95046
25	5	0.625	0.125	0.353165	-0.029172	12.3994
25	6	0.625	0.15	0.316804	-0.344066	4.37082
25	7	0.625	0.175	0.254232	-0.190176	18.004
25	8	0.625	0.2	0.475487	-0.228265	1.74284
25	9	0.625	0.225	0.12079	-0.571532	15.7192
25	10	0.625	0.25	0.530019	-0.0763594	10.2561
25	11	0.625	0.275	0.150206	-0.821035	2.08704
25	12	0.625	0.3	0.307058	-0.263073	24.6133
25	13	0.625	0.325	0.376426	-0.595184	-8.58488
25	14	0.625	0.35	-0.134516	-0.858913	26.9116
25	15	0.625	0.375	0.536151	-0.229002	0.624859
25	16	0.625	0.4	-0.390679	-1.33967	6.77759
25	17	0.625	0.425	0.288543	-0.294189	23.7641
25	18	0.625	0.45	-0.199527	-1.09221	-16.6463
25	19	0.625	0.475	-0.455273	-0.886379	36.3146
25	20	0.625	0.5	0.0962851	-0.503037	-15.2834
25	21	0.625	0.525	-1.1621	-1.49486	19.9712
25	22	0.625	0.55	0.0443579	-0.295459	8.43637
25	23	0.625	0.575	-1.16139	-1.42446	-11.545
25	24	0.625	0.6	-0.568742	-0.583648	30.7584
25	25	0.625	0.625	-0.700806	-0.818072	-26.4092
25	26	0.625	0.65	-1.59972	-1.10925	30.6903
25	27	0.625	0.675	-0.463558	-0.383724	-15.3649
25	28	0.625	0.7	-2.15103	-1.3158	8.31383
25	29	0.625	0.725	-0.570861	-0.291086	5.81473
25	30	0.625	0.75	-1.7789	-1.09132	-17.3058
25	31	0.625	0.775	-1.23352	-0.436296	22.165
25	32	0.625	0.8	-1.11226	-0.764301	-30.817
25	33	0.625	0.825	-2.32415	-0.607467	27.9655
25	34	0.625	0.85	-0.58945	-0.638797	-33.8168
25	35	0.625	0.875	-2.71074	-0.695502	28.3768
25	36	0.625	0.9	0.178851	-0.537694	-33.3698
25	37	0.625	0.925	-1.53586	-1.02916	21.0881
25	38	0.625	0.95	0.885744	-0.264812	-21.6754
25	39	0.625	0.975	0.45741	-1.14092	-1.47566
25	40	0.625	1	1	0	0
26	0	0.65	0	0	0	10.0622
26	1	0.65	0.025	0.111947	-0.0172959	10.0622
26	2	0.65	0.05	0.239254	-0.0462289	9.53285
26	3	0.65	0.075	0.198597	-0.129607	9.90159
26	4	0.65	0.1	0.34695	-0.0344714	11.2378
26	5	0.65	0.125	0.298315	-0.244819	6.69497
26	6	0.65	0.15	0.281114	-0.123715	15.0847
26	7	0.65	0.175	0.477773	-0.203456	4.15477
26	8	0.65	0.2	0.137471	-0.397788	14.6515
26	9	0.65	0.225	0.580502	-0.0807874	9.1361
26	10	0.65	0.25	0.153221	-0.646132	5.31511
26	11	0.65	0.275	0.412388	-0.178347	20.2383
26	12	0.65	0.3	0.41496	-0.530201	-4.29723
26	13	0.65	0.325	-0.0295154	-0.656086	23.9729
26	14	0.65	0.35	0.64225	-0.208617	1.32358
26	15	0.65	0.375	-0.357759	-1.14959	8.57336
26	16	0.65	0.4	0.487558	-0.225138	20.9755
26	17	0.65	0.425	-0.172477	-1.00591	-12.8195
26	18	0.65	0.45	-0.204068	-0.776175	33.2373
26	19	0.65	0.475	0.203637	-0.445309	-12.4061
26	20	0.65	0.5	-1.06731	-1.43187	18.0293
26	21	0.65	0.525	0.204906	-0.272871	10.6918
26	22	0.65	0.55	-1.24609	-1.38036	-12.6249
26	23	0.65	0.575	-0.289939	-0.62035	31.6451
26	24	0.65	0.6	-0.7174	-0.713536	-24.8489
26	25	0.65	0.625	-1.3193	-1.23714	27.246
26	26	0.65	0.65	-0.394544	-0.308614	-8.65991
26	27	0.65	0.675	-2.15004	-1.42679	-0.640765
26	28	0.65	0.7	-0.490149	-0.382241	15.0674
26	29	0.65	0.725	-1.98449	-0.998909	-24.5972
26	30	0.65	0.75	-0.951338	-0.728195	25.3806
26	31	0.65	0.775	-1.21425	-0.490452	-26.4131
26	32	0.65	0.8	-2.00114	-1.04401	15.2817
26	33	0.65	0.825	-0.712175	-0.389346	-13.0575
26	34	0.65	0.85	-2.88788	-0.960966	-1.89696
26	35	0.65	0.875	-0.147906	-0.592256	-3.26258
26	36	0.65	0.9	-2.47505	-0.696802	-8.46
26	37	0.65	0.925	0.754268	-0.770963	-4.55614
26	38	0.65	0.95	-0.544048	-0.688535	-7.02087
26	39	0.65	0.975	1.0648	-0.806129	-7.98595
26	40	0.65	1	1	0	0
27	0	0.675	0	0	0	9.91197
27	1	0.675	0.025	0.133405	-0.0143316	9.91197
27	2	0.675	0.05	0.173514	-0.0791977	9.60322
27	3	0.675	0.075	0.305139	-0.0254058	11.0666
27	4	0.675	0.1	0.265733	-0.158145	7.64986
27	5	0.675	0.125	0.308443	-0.0964047	13.3278
27	6	0.675	0.15	0.430615	-0.141178	6.25954
27	7	0.675	0.175	0.186162	-0.288734	12.7537
27	8	0.675	0.2	0.574935	-0.0620054	9.87251
27	9	0.675	0.225	0.156704	-0.480978	6.07084
27	10	0.675	0.25	0.498022	-0.130443	18.0139
27	11	0.675	0.275	0.387886	-0.414232	-1.27315
27	12	0.675	0.3	0.131645	-0.509117	21.0251
27	13	0.675	0.325	0.666953	-0.139815	3.09035
27	14	0.675	0.35	-0.244597	-0.971962	8.23317
27	15	0.675	0.375	0.620154	-0.130322	20.4729
27	16	0.675	0.4	-0.159966	-0.903941	-11.5734
27	17	0.675	0.425	0.0778346	-0.652471	32.6085
27	18	0.675	0.45	0.245528	-0.340536	-11.7747
27	19	0.675	0.475	-0.784682	-1.38862	17.6574
27	20	0.675	0.5	0.30437	-0.150328	12.7286
27	21	0.675	0.525	-1.18614	-1.42402	-15.6342
27	22	0.675	0.55	-0.102284	-0.563746	36.471
27	23	0.675	0.575	-0.775091	-0.667726	-29.2902
27	24	0.675	0.6	-0.951743	-1.33376	31.1604
27	25	0.675	0.625	-0.372767	-0.15642	-8.35335
27	26	0.675	0.65	-1.85349	-1.66096	-4.6708
27	27	0.675	0.675	-0.505829	-0.311045	23.2615
27	28	0.675	0.7	-1.99136	-1.13358	-35.6291
27	29	0.675	0.725	-0.865176	-0.854755	36.8228
27	30	0.675	0.75	-1.35344	-0.380151	-34.2746
27	31	0.675	0.775	-1.57253	-1.44412	18.2494
27	32	0.675	0.8	-0.870143	-0.151685	-7.19787
27	33	0.675	0.825	-2.46275	-1.49671	-18.1561
27	34	0.675	0.85	-0.633363	-0.438867	19.7571
27	35	0.675	0.875	-2.61683	-0.985638	-41.4583
27	36	0.675	0.9	0.120023	-0.95493	26.8681
27	37	0.675	0.925	-1.34526	-0.389846	-35.3567
27	38	0.675	0.95	0.956398	-1.30838	9.00161
27	39	0.675	0.975	0.551562	-0.53201	-13.9491
27	40	0.675	1	1	0	0
28	0	0.7	0	0	0	9.81391
28	1	0.7	0.025	0.115801	-0.0466009	9.81391
28	2	0.7	0.05	0.225636	-0.000663182	10.8128
28	3	0.7	0.075	0.236614	-0.111075	8.05794
28	4	0.7	0.1	0.301824	-0.0660202	12.6909
28	5	0.7	0.125	0.369307	-0.084895	7.12798
28	6	0.7	0.15	0.241266	-0.224714	11.7818
28	7	0.7	0.175	0.515127	-0.0165438	10.5445
28	8	0.7	0.2	0.195991	-0.370121	5.95025
28	9	0.7	0.225	0.514886	-0.0743929	17.393
28	10	0.7	0.25	0.357138	-0.30857	-0.127114
28	11	0.7	0.275	0.270411	-0.390468	19.7985
28	12	0.7	0.3	0.628876	-0.0532182	3.684
28	13	0.7	0.325	-0.0588832	-0.818479	8.47053
28	14	0.7	0.35	0.658119	0.00149836	19.8981
28	15	0.7	0.375	-0.0681389	-0.824671	-10.9899
28	16	0.7	0.4	0.263081	-0.465944	33.4547
28	17	0.7	0.425	0.28058	-0.264334	-13.7997
28	18	0.7	0.45	-0.448596	-1.27347	21.1601
28	19	0.7	0.475	0.378725	0.0339751	10.7412
28	20	0.7	0.5	-0.91949	-1.4944	-14.9789
28	21	0.7	0.525	-0.0271729	-0.363353	39.7574
28	22	0.7	0.55	-0.714043	-0.738644	-35.2942
28	23	0.7	0.575	-0.730401	-1.24953	40.1248
28	24	0.7	0.6	-0.334439	-0.0247674	-15.4361
28	25	0.7	0.625	-1.44998	-1.82313	1.11303
28	26	0.7	0.65	-0.507608	-0.101953	23.4368
28	27	0.7	0.675	-1.71342	-1.37563	-40.5573
28	28	0.7	0.7	-0.980215	-0.729899	46.6421
28	29	0.7	0.725	-1.33606	-0.463487	-46.1509
28	30	0.7	0.75	-1.41481	-1.53934	31.539
28	31	0.7	0.775	-0.931739	0.00243271	-15.4535
28	32	0.7	0.8	-1.90532	-1.87437	-14.5663
28	33	0.7	0.825	-0.973907	-0.207786	24.7949
28	34	0.7	0.85	-2.16708	-1.48268	-55.6839
28	35	0.7	0.875	-0.753748	-0.800394	48.7055
28	36	0.7	0.9	-1.53048	-0.670303	-64.3304
28	37	0.7	0.925	0.207468	-1.58637	38.4335
28	38	0.7	0.95	0.00487092	-0.0976733	-35.1698
28	39	0.7	0.975	0.927369	-1.59966	0.228007
28	40	0.7	1	1	0	0
29	0	0.725	0	0	0	10.1532
29	1	0.725	0.025	0.12384	0.0125079	10.1532
29	2	0.725	0.05	0.194957	-0.0853471	8.8055
29	3	0.725	0.075	0.256075	-0.0240504	12.1363
29	4	0.725	0.1	0.318606	-0.062746	7.41359
29	5	0.725	0.125	0.263971	-0.164393	11.8423
29	6	0.725	0.15	0.439435	0.0211869	10.1858
29	7	0.725	0.175	0.246814	-0.298243	6.60125
29	8	0.725	0.2	0.470803	-0.00493122	16.6342
29	9	0.725	0.225	0.357556	-0.244711	0.561768
29	10	0.725	0.25	0.328601	-0.266098	19.5815
29	11	0.725	0.275	0.581435	0.00420086	2.98499
29	12	0.725	0.3	0.105514	-0.658516	10.334
29	13	0.725	0.325	0.640284	0.126095	17.4967
29	14	0.725	0.35	0.0913577	-0.741759	-8.40462
29	15	0.725	0.375	0.32948	-0.230126	32.6269
29	16	0.725	0.4	0.372539	-0.247149	-15.338
29	17	0.725	0.425	-0.230296	-1.02348	26.0253
29	18	0.725	0.45	0.482142	0.184327	5.14381
29	19	0.725	0.475	-0.59194	-1.45082	-8.4312
29	20	0.725	0.5	0.0390358	-0.0800574	37.0012
29	21	0.725	0.525	-0.46919	-0.846614	-36.047
29	22	0.725	0.55	-0.713937	-0.958251	46.4755
29	23	0.725	0.575	-0.194242	0.00013578	-24.0796
29	24	0.725	0.6	-1.23471	-1.73814	13.1572
29	25	0.725	0.625	-0.396417	0.129461	15.2055
29	26	0.725	0.65	-1.31992	-1.50895	-34.6181
29	27	0.725	0.675	-1.10191	-0.439878	46.8477
29	28	0.725	0.7	-1.08591	-0.618721	-50.9871
29	29	0.725	0.725	-1.61414	-1.30157	42.4286
29	30	0.725	0.75	-0.824542	0.0141955	-27.6283
29	31	0.725	0.775	-1.65918	-1.85407	0.312614
29	32	0.725	0.8	-1.03038	0.00412129	14.5947
29	33	0.725	0.825	-1.58666	-1.69783	-48.1739
29	34	0.725	0.85	-1.40794	-0.501811	49.3888
29	35	0.725	0.875	-1.22506	-1.09487	-71.979
29	36	0.725	0.9	-0.954706	-1.31696	56.6502
29	37	0.725	0.925	-0.230144	-0.307591	-58.0931
29	38	0.725	0.95	0.257416	-1.94701	23.8976
29	39	0.725	0.975	0.78444	-0.374237	-19.6286
29	40	0.725	1	1	0	0
30	0	0.75	0	0	0	9.75273
30	1	0.75	0.025	0.117222	-0.0495042	9.75273
30	2	0.75	0.05	0.188394	0.00640497	11.1604
30	3	0.75	0.075	0.269677	-0.062385	8.05324
30	4	0.75	0.1	0.245861	-0.0960437	11.937
30	5	0.75	0.125	0.376193	0.0255015	9.36917
30	6	0.75	0.15	0.26889	-0.229431	8.12215
30	7	0.75	0.175	0.408781	0.0489444	14.9246
30	8	0.75	0.2	0.368052	-0.207077	2.15149
30	9	0.75	0.225	0.319453	-0.139883	18.7953
30	10	0.75	0.25	0.550755	0.0188014	2.4863
30	11	0.75	0.275	0.183155	-0.478688	12.5564
30	12	0.75	0.3	0.617752	0.19617	13.9671
30	13	0.75	0.325	0.218351	-0.613068	-3.67303
30	14	0.75	0.35	0.352523	-0.0187673	28.742
30	15	0.75	0.375	0.494058	-0.235439	-13.4079
30	16	0.75	0.4	-0.150851	-0.691616	27.793
30	17	0.75	0.425	0.633019	0.245774	0.326443
30	18	0.75	0.45	-0.402964	-1.22115	0.157826
30	19	0.75	0.475	0.202904	0.16087	29.4139
30	20	0.75	0.5	-0.179774	-0.834855	-29.4653
30	21	0.75	0.525	-0.721938	-0.593296	44.6759
30	22	0.75	0.55	0.067096	-0.0341133	-26.4018
30	23	0.75	0.575	-1.31395	-1.41624	21.7826
30	24	0.75	0.6	-0.13443	0.246776	5.72872
30	25	0.75	0.625	-1.11734	-1.39096	-22.5135
30	26	0.75	0.65	-1.0104	-0.171234	37.879
30	27	0.75	0.675	-0.735048	-0.647663	-44.4447
30	28	0.75	0.7	-1.91873	-0.950597	41.3772
30	29	0.75	0.725	-0.563424	-0.0745075	-31.1956
30	30	0.75	0.75	-1.88128	-1.49605	11.098
30	31	0.75	0.775	-0.803213	0.0467501	1.46199
30	32	0.75	0.8	-1.28946	-1.50102	-30.819
30	33	0.75	0.825	-1.60207	-0.288812	33.954
30	34	0.75	0.85	-0.814258	-1.16613	-57.4392
30	35	0.75	0.875	-1.92999	-0.888763	49.9819
30	36	0.75	0.9	-0.154726	-0.703995	-59.7297
30	37	0.75	0.925	-0.931609	-1.65307	37.2271
30	38	0.75	0.95	0.631394	-0.247637	-33.9712
30	39	0.75	0.975	0.587124	-1.66498	-0.699855
30	40	0.75	1	1	0	0
31	0	0.775	0	0	0	10.2201
31	1	0.775	0.025	0.107125	0.0104786	10.2201
31	2	0.775	0.05	0.201333	-0.0549136	9.09878
31	3	0.775	0.075	0.20498	-0.0395755	11.4471
31	4	0.775	0.1	0.321065	0.0050693	9.04695
31	5	0.775	0.125	0.252632	-0.152958	9.53962
31	6	0.775	0.15	0.357766	0.0649396	12.8697
31	7	0.775	0.175	0.35344	-0.167404	4.57538
31	8	0.775	0.2	0.291557	-0.0405713	16.9262
31	9	0.775	0.225	0.51703	0.0123255	3.24448
31	10	0.775	0.25	0.194171	-0.303997	13.6033
31	11	0.775	0.275	0.598798	0.210327	11.1726
31	12	0.775	0.3	0.253728	-0.446937	1.08849
31	13	0.775	0.325	0.39536	0.114187	23.5672
31	14	0.775	0.35	0.548084	-0.171362	-8.67599
31	15	0.775	0.375	-0.0870102	-0.397375	25.3048
31	16	0.775	0.4	0.762508	0.272185	-0.304984
31	17	0.775	0.425	-0.366774	-0.89399	5.11555
31	18	0.775	0.45	0.457878	0.292821	22.7512
31	19	0.775	0.475	-0.0486402	-0.648612	-20.6347
31	20	0.775	0.5	-0.52992	-0.321734	37.2012
31	21	0.775	0.525	0.320387	0.0288032	-20.9337
31	22	0.775	0.55	-1.44619	-1.07389	20.6372
31	23	0.775	0.575	0.198636	0.26279	3.77115
31	24	0.775	0.6	-1.24917	-1.08429	-15.0343
31	25	0.775	0.625	-0.624217	-0.0849733	28.8355
31	26	0.775	0.65	-0.530295	-0.454206	-33.0618
31	27	0.775	0.675	-1.94512	-0.772325	30.2711
31	28	0.775	0.7	-0.292618	-0.0887672	-22.2724
31	29	0.775	0.725	-2.30639	-1.12617	7.1187
31	30	0.775	0.75	-0.443279	-0.105689	-0.694096
31	31	0.775	0.775	-1.44453	-1.05886	-20.3535
31	32	0.775	0.8	-1.30918	-0.380086	17.7426
31	33	0.775	0.825	-0.612793	-0.875822	-35.6712
31	34	0.775	0.85	-2.32153	-0.732009	26.0976
31	35	0.775	0.875	-0.0671542	-0.819894	-39.0878
31	36	0.775	0.9	-2.02715	-1.11825	24.4073
31	37	0.775	0.925	0.61298	-0.648461	-32.4749
31	38	0.775	0.95	-0.360869	-1.45267	7.25299
31	39	0.775	0.975	0.95343	-0.721437	-15.1887
31	40	0.775	1	1	0	0
32	0	0.8	0	0	0	9.92488
32	1	0.8	0.025	0.108107	-0.029121	9.92488
32	2	0.8	0.05	0.154638	-0.0121836	10.6845
32	3	0.8	0.075	0.25583	-0.0138415	9.40607
32	4	0.8	0.1	0.21659	-0.0858693	10.1832
32	5	0.8	0.125	0.31396	0.0497892	11.4075
32	6	0.8	0.15	0.308157	-0.118538	6.87761
32	7	0.8	0.175	0.271902	0.0142839	14.6956
32	8	0.8	0.2	0.455775	0.0074631	4.9513
32	9	0.8	0.225	0.19171	-0.165932	13.3287
32	10	0.8	0.25	0.55487	0.197921	9.92181
32	11	0.8	0.275	0.233153	-0.290791	4.30639
32	12	0.8	0.3	0.439552	0.18208	19.4934
32	13	0.8	0.325	0.498779	-0.0761403	-4.06811
32	14	0.8	0.35	0.0447781	-0.196266	21.546
32	15	0.8	0.375	0.77238	0.332504	1.79453
32	16	0.8	0.4	-0.309279	-0.621869	5.6255
32	17	0.8	0.425	0.65943	0.388846	20.6338
32	18	0.8	0.45	-0.0851605	-0.411517	-15.8658
32	19	0.8	0.475	-0.128036	-0.168932	31.7801
32	20	0.8	0.5	0.412136	0.241474	-14.5479
32	21	0.8	0.525	-1.27304	-0.909496	14.2309
32	22	0.8	0.55	0.429898	0.365777	9.70993
32	23	0.8	0.575	-1.47103	-0.848001	-18.389
32	24	0.8	0.6	-0.127648	-0.117453	29.5533
32	25	0.8	0.625	-0.603731	-0.134637	-28.6457
32	26	0.8	0.65	-1.49438	-0.88684	21.4463
32	27	0.8	0.675	-0.148619	0.0988637	-9.73336
32	28	0.8	0.7	-2.44797	-1.08596	-8.01193
32	29	0.8	0.725	-0.202019	-0.231315	11.5
32	30	0.8	0.75	-1.84318	-0.705402	-27.0162
32	31	0.8	0.775	-0.778008	-0.742503	16.1104
32	32	0.8	0.8	-0.704991	-0.451733	-24.1111
32	33	0.8	0.825	-2.0332	-1.04898	4.47697
32	34	0.8	0.85	-0.155868	-0.638113	-13.0752
32	35	0.8	0.875	-2.50973	-0.996826	-6.06236
32	36	0.8	0.9	0.442146	-0.93253	-9.40225
32	37	0.8	0.925	-1.33968	-0.98774	-7.67477
32	38	0.8	0.95	0.947469	-0.958895	-10.2902
32	39	0.8	0.975	0.499893	-1.11646	-9.98125
32	40	0.8	1	1	0	0
33	0	0.825	0	0	0	10.2217
33	1	0.825	0.025	0.0895326	-0.00523866	10.2217
33	2	0.825	0.05	0.174926	-0.017124	9.93502
33	3	0.825	0.075	0.176572	-0.044755	10.2388
33	4	0.825	0.1	0.261274	0.0261833	10.7923
33	5	0.825	0.125	0.251992	-0.07358	8.41411
33	6	0.825	0.15	0.253462	0.0314442	12.964
33	7	0.825	0.175	0.371838	0.00799662	6.7087
33	8	0.825	0.2	0.196742	-0.074023	12.5791
33	9	0.825	0.225	0.471753	0.176489	9.63431
33	10	0.825	0.25	0.214565	-0.174013	6.24581
33	11	0.825	0.275	0.431765	0.221109	16.96
33	12	0.825	0.3	0.407169	-0.0101393	-0.988872
33	13	0.825	0.325	0.185563	-0.0474836	19.321
33	14	0.825	0.35	0.660328	0.394212	3.03732
33	15	0.825	0.375	-0.125744	-0.43954	5.92713
33	16	0.825	0.4	0.677461	0.531818	20.3188
33	17	0.825	0.425	-0.0866366	-0.286763	-14.9431
33	18	0.825	0.45	0.22567	0.0162538	31.9586
33	19	0.825	0.475	0.348673	0.457325	-14.1758
33	20	0.825	0.5	-0.739598	-0.852825	13.114
33	21	0.825	0.525	0.476642	0.662195	14.2006
33	22	0.825	0.55	-1.34845	-0.880529	-25.6969
33	23	0.825	0.575	0.158484	0.0220028	38.9517
33	24	0.825	0.6	-0.798654	0.0653022	-36.8164
33	25	0.825	0.625	-0.797682	-1.07128	26.6236
33	26	0.825	0.65	-0.151248	0.459549	-6.94711
33	27	0.825	0.675	-2.01639	-1.4237	-18.5825
33	28	0.825	0.7	-0.168599	-0.0856047	26.9494
33	29	0.825	0.725	-2.0413	-0.729715	-45.9603
33	30	0.825	0.75	-0.431182	-1.00568	31.8918
33	31	0.825	0.775	-0.963899	-0.123479	-31.7397
33	32	0.825	0.8	-1.35972	-1.63463	1.88882
33	33	0.825	0.825	-0.34312	-0.317282	0.228822
33	34	0.825	0.85	-2.25634	-1.42401	-31.5713
33	35	0.825	0.875	0.0180666	-0.919271	18.3782
33	36	0.825	0.9	-1.82746	-0.891972	-38.2552
33	37	0.825	0.925	0.664772	-1.41685	11.9356
33	38	0.825	0.95	-0.206287	-0.647694	-22.0626
33	39	0.825	0.975	0.953851	-1.39003	-6.72423
33	40	0.825	1	1	0	0
34	0	0.85	0	0	0	10.2083
34	1	0.85	0.025	0.0871914	-0.00872074	10.2083
34	2	0.85	0.05	0.130749	-0.0265435	10.2242
34	3	0.85	0.075	0.195702	0.00917001	10.6358
34	4	0.85	0.1	0.200873	-0.0450503	9.27779
34	5	0.85	0.125	0.221343	0.0287704	11.952
34	6	0.85	0.15	0.288226	0.00694037	8.02371
34	7	0.85	0.175	0.195754	-0.0198024	12.0151
34	8	0.85	0.2	0.369301	0.145074	9.55908
34	9	0.85	0.225	0.208948	-0.0915218	7.81741
34	10	0.85	0.25	0.363942	0.236057	14.9833
34	11	0.85	0.275	0.337537	0.0109471	1.47989
34	12	0.85	0.3	0.240025	0.0877131	18.2534
34	13	0.85	0.325	0.517465	0.380074	2.64333
34	14	0.85	0.35	0.0766286	-0.260679	8.82314
34	15	0.85	0.375	0.548819	0.65797	17.3303
34	16	0.85	0.4	0.0683267	-0.263833	-11.92
34	17	0.85	0.425	0.310959	0.326526	32.6494
34	18	0.85	0.45	0.309401	0.473256	-18.0107
34	19	0.85	0.475	-0.215509	-0.620018	20.5982
34	20	0.85	0.5	0.413563	1.00445	9.07753
34	21	0.85	0.525	-0.77427	-1.02416	-23.1727
34	22	0.85	0.55	0.145175	0.487945	44.2951
34	23	0.85	0.575	-0.721617	-0.0609195	-48.7315
34	24	0.85	0.6	-0.364135	-0.875379	43.335
34	25	0.85	0.625	-0.211138	0.808551	-19.633
34	26	0.85	0.65	-1.21839	-1.78761	-10.3433
34	27	0.85	0.675	-0.226265	0.38622	30.2843
34	28	0.85	0.7	-1.69978	-1.12267	-59.8363
34	29	0.85	0.725	-0.452542	-0.801749	51.9336
34	30	0.85	0.75	-1.12054	-0.062466	-53.1752
34	31	0.85	0.775	-0.835721	-1.9864	20.6729
34	32	0.85	0.8	-0.499092	0.0461279	-7.16558
34	33	0.85	0.825	-1.5596	-2.04531	-35.3022
34	34	0.85	0.85	-0.407666	-0.641954	32.3337
34	35	0.85	0.875	-1.68419	-1.28869	-62.6208
34	36	0.85	0.9	-0.00787371	-1.50447	38.8568
34	37	0.85	0.925	-0.666711	-0.583857	-47.8981
34	38	0.85	0.95	0.628205	-1.84335	12.5059
34	39	0.85	0.975	0.624266	-0.704057	-17.7192
34	40	0.85	1	1	0	0
35	0	0.875	0	0	0	10.3374
35	1	0.875	0.025	0.0712785	-0.014208	10.3374
35	2	0.875	0.05	0.126339	-0.000253892	10.5543
35	3	0.875	0.075	0.153829	-0.0319385	9.85546
35	4	0.875	0.1	0.174633	0.0189639	11.3847
35	5	0.875	0.125	0.219217	0.000224999	8.96701
35	6	0.875	0.15	0.175206	0.00754033	11.6917
35	7	0.875	0.175	0.275782	0.103589	9.53538
35	8	0.875	0.2	0.194298	-0.03149	9.28684
35	9	0.875	0.225	0.274755	0.213956	13.0375
35	10	0.875	0.25	0.289757	0.0184405	4.34054
35	11	0.875	0.275	0.20511	0.18465	16.6468
35	12	0.875	0.3	0.41296	0.289331	2.73081
35	13	0.875	0.325	0.156127	-0.0497655	12.3665
35	14	0.875	0.35	0.408341	0.644433	11.8787
35	15	0.875	0.375	0.237297	-0.187206	-4.06301
35	16	0.875	0.4	0.204889	0.616936	27.7761
35	17	0.875	0.425	0.406963	0.301205	-17.4519
35	18	0.875	0.45	-0.0450159	-0.113629	27.9426
35	19	0.875	0.475	0.400973	1.09182	-2.45604
35	20	0.875	0.5	-0.186859	-0.876076	-7.17827
35	21	0.875	0.525	0.026869	1.0635	35.3329
35	22	0.875	0.55	-0.208232	-0.363947	-47.3781
35	23	0.875	0.575	-0.406674	-0.136833	54.2221
35	24	0.875	0.6	-0.0853789	0.858956	-38.0702
35	25	0.875	0.625	-0.660583	-1.61954	14.3571
35	26	0.875	0.65	-0.22862	0.992481	14.9289
35	27	0.875	0.675	-0.919905	-1.52398	-52.3048
35	28	0.875	0.7	-0.661216	-0.0856544	57.9056
35	29	0.875	0.725	-0.864037	-0.283915	-70.7108
35	30	0.875	0.75	-0.814445	-1.67739	46.1707
35	31	0.875	0.775	-0.510055	0.325585	-29.7834
35	32	0.875	0.8	-0.925816	-2.36442	-15.5799
35	33	0.875	0.825	-0.610539	-0.15095	24.9495
35	34	0.875	0.85	-1.11406	-1.75163	-65.6708
35	35	0.875	0.875	-0.696606	-1.18381	51.7248
35	36	0.875	0.9	-0.697244	-0.886923	-67.7232
35	37	0.875	0.925	-0.13335	-2.0239	35.5959
35	38	0.875	0.95	0.231856	-0.403015	-34.38
35	39	0.875	0.975	0.658679	-1.76145	-2.39895
35	40	0.875	1	1	0	0
36	0	0.9	0	0	0	10.5012
36	1	0.9	0.025	0.0612119	-0.00319088	10.5012
36	2	0.9	0.05	0.103645	-0.0241766	10.3239
36	3	0.9	0.075	0.123929	0.00656899	11.0097
36	4	0.9	0.1	0.16251	-0.00922201	9.74753
36	5	0.9	0.125	0.139059	0.0148774	11.4194
36	6	0.9	0.15	0.202365	0.0603436	9.73737
36	7	0.9	0.175	0.159644	0.00677022	10.3656
36	8	0.9	0.2	0.199229	0.159872	11.4918
36	9	0.9	0.225	0.234205	0.0333666	7.2757
36	10	0.9	0.25	0.144503	0.20762	14.2412
36	11	0.9	0.275	0.333688	0.192171	4.66679
36	12	0.9	0.3	0.121374	0.120592	13.6562
36	13	0.9	0.325	0.326803	0.491357	7.88638
36	14	0.9	0.35	0.253299	-0.0121523	4.56673
36	15	0.9	0.375	0.11639	0.686161	18.7366
36	16	0.9	0.4	0.485007	0.175266	-8.99965
36	17	0.9	0.425	-0.120545	0.384699	26.2555
36	18	0.9	0.45	0.50462	0.839529	-8.63784
36	19	0.9	0.475	-0.0247249	-0.322821	9.79116
36	20	0.9	0.5	0.0500353	1.30887	16.7531
36	21	0.9	0.525	0.292661	-0.397432	-27.8389
36	22	0.9	0.55	-0.602636	0.741309	45.5754
36	23	0.9	0.575	0.354344	0.577811	-42.6535
36	24	0.9	0.6	-0.702418	-0.730722	34.3415
36	25	0.9	0.625	-0.008489	1.30796	-9.07804
36	26	0.9	0.65	-0.314103	-1.41518	-24.1049
36	27	0.9	0.675	-0.755812	0.817698	41.4297
36	28	0.9	0.7	-0.18659	-0.540795	-66.4966
36	29	0.9	0.725	-1.16764	-0.724168	56.5586
36	30	0.9	0.75	-0.213343	0.373063	-50.0229
36	31	0.9	0.775	-0.807663	-2.00156	13.0785
36	32	0.9	0.8	-0.513766	0.362403	1.62402
36	33	0.9	0.825	-0.49376	-1.88904	-46.6373
36	34	0.9	0.85	-1.05382	-0.546932	43.3163
36	35	0.9	0.875	-0.354829	-1.15293	-68.6652
36	36	0.9	0.9	-0.95508	-1.66139	45.9544
36	37	0.9	0.925	0.08034	-0.593318	-49.1261
36	38	0.9	0.95	-0.0653328	-1.96737	14.4873
36	39	0.9	0.975	0.64562	-0.652432	-17.0756
36	40	0.9	1	1	0	0
37	0	0.925	0	0	0	10.6243
37	1	0.925	0.025	0.050396	-0.0126382	10.6243
37	2	0.925	0.05	0.0779513	-0.00490461	10.8106
37	3	0.925	0.075	0.111097	-0.0157432	10.3926
37	4	0.925	0.1	0.100128	0.00800438	11.1552
37	5	0.925	0.125	0.143771	0.024882	10.2005
37	6	0.925	0.15	0.115228	0.0204385	10.8868
37	7	0.925	0.175	0.143579	0.0970333	10.772
37	8	0.925	0.2	0.16506	0.0460648	9.44605
37	9	0.925	0.225	0.101474	0.165759	12.122
37	10	0.925	0.25	0.24426	0.13117	7.50716
37	11	0.925	0.275	0.0668882	0.182299	12.6573
37	12	0.925	0.3	0.266188	0.313375	7.43501
37	13	0.925	0.325	0.153429	0.143715	9.40491
37	14	0.925	0.35	0.117357	0.533461	11.656
37	15	0.925	0.375	0.387568	0.192157	1.45881
37	16	0.925	0.4	-0.1448	0.568217	17.8894
37	17	0.925	0.425	0.537565	0.532895	-4.27497
37	18	0.925	0.45	-0.143803	0.244298	15.2755
37	19	0.925	0.475	0.243637	1.05388	3.69061
37	20	0.925	0.5	0.316842	-0.0334097	-5.0779
37	21	0.925	0.525	-0.515258	1.1444	24.0663
37	22	0.925	0.55	0.68581	0.36264	-26.7608
37	23	0.925	0.575	-0.934941	0.315049	31.9678
37	24	0.925	0.6	0.432055	1.09933	-20.6245
37	25	0.925	0.625	-0.344473	-0.636462	2.80228
37	26	0.925	0.65	-0.47826	1.30073	13.5155
37	27	0.925	0.675	0.346051	-0.460606	-40.0851
37	28	0.925	0.7	-1.39229	0.367955	41.3699
37	29	0.925	0.725	0.349346	0.262021	-49.5652
37	30	0.925	0.75	-1.17055	-1.01085	27.4895
37	31	0.925	0.775	-0.096605	0.574414	-20.3736
37	32	0.925	0.8	-0.284798	-1.48566	-18.4515
37	33	0.925	0.825	-0.946984	0.117512	19.1907
37	34	0.925	0.85	0.116631	-1.09328	-50.7147
37	35	0.925	0.875	-1.40474	-0.955482	36.1555
37	36	0.925	0.9	0.218778	-0.744666	-48.4836
37	37	0.925	0.925	-0.837471	-1.70339	21.4856
37	38	0.925	0.95	0.405722	-0.540071	-24.4554
37	39	0.925	0.975	0.331419	-1.43476	-4.26736
37	40	0.925	1	1	0	0
38	0	0.95	0	0	0	10.8122
38	1	0.95	0.025	0.0375174	-0.00707719	10.8122
38	2	0.95	0.05	0.0643001	-0.0159009	10.8081
38	3	0.95	0.075	0.0662423	-0.00426177	11.0143
38	4	0.95	0.1	0.0927495	0.00191835	10.7237
38	5	0.95	0.125	0.0749438	0.0140306	11.0399
38	6	0.95	0.15	0.0977166	0.0452706	10.7846
38	7	0.95	0.175	0.0992911	0.0416149	10.584
38	8	0.95	0.2	0.0745516	0.099305	11.0964
38	9	0.95	0.225	0.147252	0.0919426	9.71902
38	10	0.95	0.25	0.0417607	0.147674	11.2822
38	11	0.95	0.275	0.181292	0.183748	9.02558
38	12	0.95	0.3	0.0630548	0.180678	10.4566
38	13	0.95	0.325	0.1257	0.320028	9.39836
38	14	0.95	0.35	0.197561	0.224799	7.69912
38	15	0.95	0.375	-0.0517275	0.444542	11.0928
38	16	0.95	0.4	0.371113	0.35924	3.81839
38	17	0.95	0.425	-0.172779	0.439342	11.6496
38	18	0.95	0.45	0.332295	0.636277	2.84723
38	19	0.95	0.475	0.0676638	0.328228	5.84403
38	20	0.95	0.5	-0.151571	0.90725	8.36033
38	21	0.95	0.525	0.528858	0.394346	-6.11277
38	22	0.95	0.55	-0.757839	0.768425	15.1945
38	23	0.95	0.575	0.63871	0.722305	-12.3443
38	24	0.95	0.6	-0.588019	0.21686	9.1086
38	25	0.95	0.625	0.0535905	1.05915	-3.12996
38	26	0.95	0.65	0.261016	-0.000533315	-12.6309
38	27	0.95	0.675	-1.02472	0.874822	13.8414
38	28	0.95	0.7	0.670037	0.249954	-28.6823
38	29	0.95	0.725	-1.36561	0.0072774	17.1031
38	30	0.95	0.75	0.40645	0.447199	-23.6131
38	31	0.95	0.775	-0.533138	-0.662662	-2.04823
38	32	0.95	0.8	-0.414844	0.376796	-3.62638
38	33	0.95	0.825	0.288946	-0.680687	-25.5987
38	34	0.95	0.85	-1.25592	-0.257986	12.7193
38	35	0.95	0.875	0.458277	-0.611706	-32.9574
38	36	0.95	0.9	-1.19202	-1.04119	12.2673
38	37	0.95	0.925	0.386556	-0.624727	-23.5095
38	38	0.95	0.95	-0.329433	-1.23454	0.13257
38	39	0.95	0.975	0.495925	-0.692145	-9.98359
38	40	0.95	1	1	0	0
39	0	0.975	0	0	0	11.0123
39	1	0.975	0.025	0.0296151	-0.00764389	11.0123
39	2	0.975	0.05	0.0411611	-0.0101392	11.0926
39	3	0.975	0.075	0.0532188	-0.00761975	11.1304
39	4	0.975	0.1	0.0480877	0.000798937	11.1787
39	5	0.975	0.125	0.0600027	0.0119219	11.1459
39	6	0.975	0.15	0.0555948	0.0208241	11.1078
39	7	0.975	0.175	0.053499	0.0399783	11.0702
39	8	0.975	0.2	0.0734109	0.0490915	10.8774
39	9	0.975	0.225	0.0386238	0.0731122	10.8515
39	10	0.975	0.25	0.0927592	0.089327	10.5138
39	11	0.975	0.275	0.0348197	0.111063	10.4168
39	12	0.975	0.3	0.0884467	0.145874	10.005
39	13	0.975	0.325	0.0711531	0.15698	9.67715
39	14	0.975	0.35	0.0318703	0.217735	9.31795
39	15	0.975	0.375	0.150769	0.21925	8.50869
39	16	0.975	0.4	-0.053418	0.283706	8.40889
39	17	0.975	0.425	0.200699	0.31229	6.98225
39	18	0.975	0.45	-0.0338635	0.323049	6.89079
39	19	0.975	0.475	0.0761837	0.441205	5.48859
39	20	0.975	0.5	0.175039	0.366191	4.02368
39	21	0.975	0.525	-0.257424	0.521644	4.26731
39	22	0.975	0.55	0.374171	0.436826	0.437734
39	23	0.975	0.575	-0.415066	0.434586	2.3794
39	24	0.975	0.6	0.26286	0.530423	-1.78334
39	25	0.975	0.625	-0.0439935	0.319669	-2.1464
39	26	0.975	0.65	-0.304937	0.58375	-2.00516
39	27	0.975	0.675	0.410824	0.311622	-7.97654
39	28	0.975	0.7	-0.839601	0.362782	-2.21788
39	29	0.975	0.725	0.467686	0.267685	-10.9051
39	30	0.975	0.75	-0.604915	0.00703163	-5.29857
39	31	0.975	0.775	0.0858802	0.21072	-9.7715
39	32	0.975	0.8	0.0588406	-0.147403	-10.7938
39	33	0.975	0.825	-0.581249	0.0321951	-7.05147
39	34	0.975	0.85	0.395099	-0.244364	-14.3511
39	35	0.975	0.875	-0.867003	-0.36637	-5.64316
39	36	0.975	0.9	0.373212	-0.425041	-13.2525
39	37	0.975	0.925	-0.505615	-0.683216	-5.89999
39	38	0.975	0.95	0.264885	-0.525535	-8.20877
39	39	0.975	0.975	0.23854	-0.645884	-5.50475
39	40	0.975	1	1	0	0
40	0	1	0	0	0	11.0123
40	1	1	0.025	0	0	11.0123
40	2	1	0.05	0	0	11.0926
40	3	1	0.075	0	0	11.1304
40	4	1	0.1	0	0	11.1787
40	5	1	0.125	0	0	11.1459
40	6	1	0.15	0	0	11.1078
40	7	1	0.175	0	0	11.0702
40	8	1	0.2	0	0	10.8774
40	9	1	0.225	0	0	10.8515
40	10	1	0.25	0	0	10.5138
40	11	1	0.275	0	0	10.4168
40	12	1	0.3	0	0	10.005
40	13	1	0.325	0	0	9.67715
40	14	1	0.35	0	0	9.31795
40	15	1	0.375	0	0	8.50869
40	16	1	0.4	0	0	8.40889
40	17	1	0.425	0	0	6.98225
40	18	1	0.45	0	0	6.89079
40	19	1	0.475	0	0	5.48859
40	20	1	0.5	0	0	4.02368
40	21	1	0.525	0	0	4.26731
40	22	1	0.55	0	0	0.437734
40	23	1	0.575	0	0	2.3794
40	24	1	0.6	0	0	-1.78334
40	25	1	0.625	0	0	-2.1464
40	26	1	0.65	0	0	-2.00516
40	27	1	0.675	0	0	-7.97654
40	28	1	0.7	0	0	-2.21788
40	29	1	0.725	0	0	-10.9051
40	30	1	0.75	0	0	-5.29857
40	31	1	0.775	0	0	-9.7715
40	32	1	0.8	0	0	-10.7938
40	33	1	0.825	0	0	-7.05147
40	34	1	0.85	0	0	-14.3511
40	35	1	0.875	0	0	-5.64316
40	36	1	0.9	0	0	-13.2525
40	37	1	0.925	0	0	-5.89999
40	38	1	0.95	0	0	-8.20877
40	39	1	0.975	0	0	-5.50475
40	40	1	1	1	0	0
