# i		j		x		y		u		v		p
# nx		ny		
# 41		41
# =================================
0	0	0	0	0	0	-4.73823
0	1	0	0.025	0	0	-4.73823
0	2	0	0.05	0	0	-4.7679
0	3	0	0.075	0	0	-4.79004
0	4	0	0.1	0	0	-4.80739
0	5	0	0.125	0	0	-4.81804
0	6	0	0.15	0	0	-4.82764
0	7	0	0.175	0	0	-4.83254
0	8	0	0.2	0	0	-4.83679
0	9	0	0.225	0	0	-4.84091
0	10	0	0.25	0	0	-4.84093
0	11	0	0.275	0	0	-4.8457
0	12	0	0.3	0	0	-4.84452
0	13	0	0.325	0	0	-4.84765
0	14	0	0.35	0	0	-4.84962
0	15	0	0.375	0	0	-4.84896
0	16	0	0.4	0	0	-4.85535
0	17	0	0.425	0	0	-4.85341
0	18	0	0.45	0	0	-4.86063
0	19	0	0.475	0	0	-4.86318
0	20	0	0.5	0	0	-4.86793
0	21	0	0.525	0	0	-4.87709
0	22	0	0.55	0	0	-4.88261
0	23	0	0.575	0	0	-4.89464
0	24	0	0.6	0	0	-4.90762
0	25	0	0.625	0	0	-4.92152
0	26	0	0.65	0	0	-4.94175
0	27	0	0.675	0	0	-4.96766
0	28	0	0.7	0	0	-4.98805
0	29	0	0.725	0	0	-5.0389
0	30	0	0.75	0	0	-5.06375
0	31	0	0.775	0	0	-5.13815
0	32	0	0.8	0	0	-5.19768
0	33	0	0.825	0	0	-5.28555
0	34	0	0.85	0	0	-5.42105
0	35	0	0.875	0	0	-5.53943
0	36	0	0.9	0	0	-5.76958
0	37	0	0.925	0	0	-5.96936
0	38	0	0.95	0	0	-6.1633
0	39	0	0.975	0	0	-6.79746
0	40	0	1	1	0	0
1	0	0.025	0	0	0	-4.73823
1	1	0.025	0.025	0.0179989	0.00360035	-4.73823
1	2	0.025	0.05	0.0242109	0.00633022	-4.7679
1	3	0.025	0.075	0.0265086	0.00725216	-4.79004
1	4	0.025	0.1	0.0270706	0.00742016	-4.80739
1	5	0.025	0.125	0.0274112	0.00739631	-4.81804
1	6	0.025	0.15	0.0271473	0.00737279	-4.82764
1	7	0.025	0.175	0.0270742	0.00735277	-4.83254
1	8	0.025	0.2	0.0269879	0.00761336	-4.83679
1	9	0.025	0.225	0.0265076	0.00781758	-4.84091
1	10	0.025	0.25	0.0268273	0.00830915	-4.84093
1	11	0.025	0.275	0.0261327	0.00885629	-4.8457
1	12	0.025	0.3	0.0264147	0.00941622	-4.84452
1	13	0.025	0.325	0.0261703	0.0103287	-4.84765
1	14	0.025	0.35	0.0257077	0.0109633	-4.84962
1	15	0.025	0.375	0.0263657	0.0120598	-4.84896
1	16	0.025	0.4	0.0251594	0.0129884	-4.85535
1	17	0.025	0.425	0.0261151	0.0140142	-4.85341
1	18	0.025	0.45	0.0252674	0.0153846	-4.86063
1	19	0.025	0.475	0.0252052	0.0163393	-4.86318
1	20	0.025	0.5	0.0258055	0.0179415	-4.86793
1	21	0.025	0.525	0.0243085	0.01915	-4.87709
1	22	0.025	0.55	0.0258598	0.0205907	-4.88261
1	23	0.025	0.575	0.0243108	0.0222624	-4.89464
1	24	0.025	0.6	0.0249821	0.0234882	-4.90762
1	25	0.025	0.625	0.0250572	0.0252758	-4.92152
1	26	0.025	0.65	0.0240474	0.026671	-4.94175
1	27	0.025	0.675	0.0253449	0.0279563	-4.96766
1	28	0.025	0.7	0.0243176	0.0296213	-4.98805
1	29	0.025	0.725	0.0246869	0.0302539	-5.0389
1	30	0.025	0.75	0.0257022	0.0312803	-5.06375
1	31	0.025	0.775	0.0247154	0.0314375	-5.13815
1	32	0.025	0.8	0.0272846	0.0301087	-5.19768
1	33	0.025	0.825	0.0285788	0.028438	-5.28555
1	34	0.025	0.85	0.0318751	0.022037	-5.42105
1	35	0.025	0.875	0.0428412	0.0120804	-5.53943
1	36	0.025	0.9	0.0573452	-0.00865733	-5.76958
1	37	0.025	0.925	0.10119	-0.0487954	-5.96936
1	38	0.025	0.95	0.189625	-0.117842	-6.1633
1	39	0.025	0.975	0.413419	-0.318731	-6.79746
1	40	0.025	1	1	0	0
2	0	0.05	0	0	0	-4.50361
2	1	0.05	0.025	0.0144713	0.00423217	-4.50361
2	2	0.05	0.05	0.0217147	0.00796585	-4.51277
2	3	0.05	0.075	0.0248056	0.0100793	-4.52693
2	4	0.05	0.1	0.0263474	0.0114351	-4.53198
2	5	0.05	0.125	0.0263671	0.0121333	-4.54777
2	6	0.05	0.15	0.0265275	0.0125411	-4.54772
2	7	0.05	0.175	0.0261617	0.0133384	-4.55644
2	8	0.05	0.2	0.0255687	0.0135932	-4.56322
2	9	0.05	0.225	0.0257856	0.0147589	-4.55593
2	10	0.05	0.25	0.0245704	0.0154984	-4.57543
2	11	0.05	0.275	0.0251486	0.0165608	-4.55805
2	12	0.05	0.3	0.02419	0.01829	-4.57554
2	13	0.05	0.325	0.02393	0.0189929	-4.57251
2	14	0.05	0.35	0.024431	0.0214659	-4.56367
2	15	0.05	0.375	0.0225411	0.0224729	-4.59258
2	16	0.05	0.4	0.0243824	0.0246177	-4.55748
2	17	0.05	0.425	0.022059	0.0269781	-4.59856
2	18	0.05	0.45	0.0230608	0.0280621	-4.57616
2	19	0.05	0.475	0.0229254	0.0317256	-4.58403
2	20	0.05	0.5	0.0208633	0.0325835	-4.61319
2	21	0.05	0.525	0.0239104	0.0359139	-4.57375
2	22	0.05	0.55	0.0196903	0.0382492	-4.63797
2	23	0.05	0.575	0.023163	0.0397688	-4.59988
2	24	0.05	0.6	0.0208846	0.0437547	-4.63703
2	25	0.05	0.625	0.0206984	0.0442069	-4.65801
2	26	0.05	0.65	0.0232397	0.04751	-4.64396
2	27	0.05	0.675	0.0191294	0.0489367	-4.70797
2	28	0.05	0.7	0.0242393	0.0491433	-4.70434
2	29	0.05	0.725	0.021019	0.0512166	-4.73636
2	30	0.05	0.75	0.0239493	0.0485583	-4.81149
2	31	0.05	0.775	0.0263298	0.0468421	-4.7983
2	32	0.05	0.8	0.0272677	0.0419682	-4.91361
2	33	0.05	0.825	0.0357656	0.0303634	-4.95943
2	34	0.05	0.85	0.0441693	0.0171793	-5.00536
2	35	0.05	0.875	0.0632291	-0.0118318	-5.19805
2	36	0.05	0.9	0.101414	-0.0526022	-5.15468
2	37	0.05	0.925	0.167702	-0.119068	-5.39281
2	38	0.05	0.95	0.304894	-0.214163	-5.24299
2	39	0.05	0.975	0.557165	-0.403452	-5.74105
2	40	0.05	1	1	0	0
3	0	0.075	0	0	0	-4.27742
3	1	0.075	0.025	0.0129881	0.00421509	-4.27742
3	2	0.075	0.05	0.0207703	0.00792154	-4.28259
3	3	0.075	0.075	0.0252246	0.011196	-4.2821
3	4	0.075	0.1	0.0270118	0.0131855	-4.30017
3	5	0.075	0.125	0.0280528	0.014775	-4.29183
3	6	0.075	0.15	0.0278626	0.0163097	-4.30992
3	7	0.075	0.175	0.0275341	0.0169331	-4.30934
3	8	0.075	0.2	0.0273355	0.0189194	-4.30437
3	9	0.075	0.225	0.0260997	0.0195645	-4.33187
3	10	0.075	0.25	0.0264533	0.0214874	-4.29685
3	11	0.075	0.275	0.0249534	0.0234245	-4.34014
3	12	0.075	0.3	0.025033	0.0243592	-4.31147
3	13	0.075	0.325	0.0246245	0.0280341	-4.31863
3	14	0.075	0.35	0.023084	0.0284294	-4.35121
3	15	0.075	0.375	0.024605	0.0323336	-4.28689
3	16	0.075	0.4	0.0215718	0.0343672	-4.37937
3	17	0.075	0.425	0.0235799	0.0361408	-4.29369
3	18	0.075	0.45	0.0216985	0.0413268	-4.35476
3	19	0.075	0.475	0.0209357	0.040847	-4.35954
3	20	0.075	0.5	0.0231807	0.0472516	-4.29481
3	21	0.075	0.525	0.0181995	0.0478486	-4.43223
3	22	0.075	0.55	0.0237857	0.0511582	-4.27966
3	23	0.075	0.575	0.0181541	0.0560301	-4.43421
3	24	0.075	0.6	0.021627	0.0545713	-4.36186
3	25	0.075	0.625	0.0217363	0.0617848	-4.3691
3	26	0.075	0.65	0.0182313	0.0592568	-4.48381
3	27	0.075	0.675	0.0264223	0.0623708	-4.34401
3	28	0.075	0.7	0.0183674	0.0630162	-4.53543
3	29	0.075	0.725	0.0293647	0.057999	-4.44297
3	30	0.075	0.75	0.0261021	0.058851	-4.50959
3	31	0.075	0.775	0.0332368	0.0478342	-4.60317
3	32	0.075	0.8	0.0431372	0.0384306	-4.53728
3	33	0.075	0.825	0.049887	0.0221723	-4.69105
3	34	0.075	0.85	0.077261	-0.00783177	-4.70797
3	35	0.075	0.875	0.104442	-0.0417042	-4.69827
3	36	0.075	0.9	0.165177	-0.100076	-4.898
3	37	0.075	0.925	0.258133	-0.17531	-4.72661
3	38	0.075	0.95	0.413923	-0.26263	-4.79189
3	39	0.075	0.975	0.65835	-0.421797	-5.08283
3	40	0.075	1	1	0	0
4	0	0.1	0	0	0	-4.04093
4	1	0.1	0.025	0.0113968	0.00375408	-4.04093
4	2	0.1	0.05	0.0193859	0.00778082	-4.03706
4	3	0.1	0.075	0.0242247	0.0109049	-4.04946
4	4	0.1	0.1	0.0270301	0.0139401	-4.03697
4	5	0.1	0.125	0.0280734	0.0162447	-4.06086
4	6	0.1	0.15	0.0283705	0.0178122	-4.04811
4	7	0.1	0.175	0.0280954	0.0204484	-4.0563
4	8	0.1	0.2	0.0272557	0.021231	-4.07432
4	9	0.1	0.225	0.0269434	0.0241579	-4.03916
4	10	0.1	0.25	0.0255932	0.0257365	-4.09719
4	11	0.1	0.275	0.0253883	0.0275949	-4.0397
4	12	0.1	0.3	0.024306	0.0314954	-4.084
4	13	0.1	0.325	0.0234279	0.0316815	-4.08339
4	14	0.1	0.35	0.0235791	0.037219	-4.0328
4	15	0.1	0.375	0.0213603	0.0378866	-4.1433
4	16	0.1	0.4	0.0227355	0.0416785	-4.00205
4	17	0.1	0.425	0.0201767	0.0463381	-4.14574
4	18	0.1	0.45	0.0207689	0.0457502	-4.0609
4	19	0.1	0.475	0.020659	0.0545724	-4.05722
4	20	0.1	0.5	0.0178061	0.0521117	-4.18953
4	21	0.1	0.525	0.0219686	0.0595165	-3.96136
4	22	0.1	0.55	0.0160487	0.0616831	-4.26082
4	23	0.1	0.575	0.0218467	0.0612285	-3.99762
4	24	0.1	0.6	0.0183004	0.0706518	-4.1758
4	25	0.1	0.625	0.0193836	0.0631871	-4.18835
4	26	0.1	0.65	0.0248556	0.0728277	-4.01625
4	27	0.1	0.675	0.0179544	0.0668279	-4.3689
4	28	0.1	0.7	0.0328396	0.065461	-3.99017
4	29	0.1	0.725	0.0244092	0.0658809	-4.36506
4	30	0.1	0.75	0.0409611	0.0500532	-4.18014
4	31	0.1	0.775	0.0449806	0.0481886	-4.23061
4	32	0.1	0.8	0.0571637	0.0239531	-4.4119
4	33	0.1	0.825	0.0857261	0.00269942	-4.19985
4	34	0.1	0.85	0.10428	-0.0288341	-4.46696
4	35	0.1	0.875	0.166187	-0.0798683	-4.35563
4	36	0.1	0.9	0.226243	-0.133076	-4.36701
4	37	0.1	0.925	0.345264	-0.210964	-4.46427
4	38	0.1	0.95	0.50158	-0.286681	-4.20307
4	39	0.1	0.975	0.724715	-0.409728	-4.67141
4	40	0.1	1	1	0	0
5	0	0.125	0	0	0	-3.79694
5	1	0.125	0.025	0.0100618	0.00359945	-3.79694
5	2	0.125	0.05	0.0178412	0.0069452	-3.79895
5	3	0.125	0.075	0.0230291	0.0107954	-3.78937
5	4	0.125	0.1	0.0262757	0.0137298	-3.80847
5	5	0.125	0.125	0.0276425	0.016468	-3.79077
5	6	0.125	0.15	0.028186	0.0194182	-3.80988
5	7	0.125	0.175	0.0278494	0.020939	-3.80926
5	8	0.125	0.2	0.0271272	0.0244361	-3.79353
5	9	0.125	0.225	0.0263859	0.025804	-3.83874
5	10	0.125	0.25	0.0252481	0.0288809	-3.77843
5	11	0.125	0.275	0.0244379	0.0320308	-3.8465
5	12	0.125	0.3	0.0233926	0.0331843	-3.80253
5	13	0.125	0.325	0.0225085	0.0389604	-3.80396
5	14	0.125	0.35	0.0215827	0.0388575	-3.87155
5	15	0.125	0.375	0.0208951	0.0447996	-3.74184
5	16	0.125	0.4	0.0197691	0.0472566	-3.91987
5	17	0.125	0.425	0.0195122	0.0489316	-3.7504
5	18	0.125	0.45	0.0184652	0.0571464	-3.86206
5	19	0.125	0.475	0.0179033	0.0536377	-3.87999
5	20	0.125	0.5	0.0184108	0.0645309	-3.71563
5	21	0.125	0.525	0.0162407	0.0619925	-4.03621
5	22	0.125	0.55	0.0194059	0.0665079	-3.64245
5	23	0.125	0.575	0.0164014	0.0728642	-4.03445
5	24	0.125	0.6	0.0201746	0.0651827	-3.79478
5	25	0.125	0.625	0.0210657	0.0791415	-3.81928
5	26	0.125	0.65	0.0208056	0.0653207	-4.09842
5	27	0.125	0.675	0.0310759	0.0732085	-3.59739
5	28	0.125	0.7	0.0259339	0.0659398	-4.26782
5	29	0.125	0.725	0.0450987	0.0538805	-3.65087
5	30	0.125	0.75	0.044447	0.0554039	-4.12229
5	31	0.125	0.775	0.0652729	0.0241378	-3.98722
5	32	0.125	0.8	0.0860749	0.0178209	-3.83996
5	33	0.125	0.825	0.106634	-0.0208589	-4.28169
5	34	0.125	0.85	0.163474	-0.0561526	-3.7592
5	35	0.125	0.875	0.203444	-0.0995108	-4.26123
5	36	0.125	0.9	0.306912	-0.166303	-3.91533
5	37	0.125	0.925	0.408527	-0.224574	-4.03543
5	38	0.125	0.95	0.576016	-0.291908	-3.91503
5	39	0.125	0.975	0.76951	-0.392079	-4.23063
5	40	0.125	1	1	0	0
6	0	0.15	0	0	0	-3.55029
6	1	0.15	0.025	0.00893211	0.00314273	-3.55029
6	2	0.15	0.05	0.0162349	0.00667863	-3.54507
6	3	0.15	0.075	0.0218634	0.00995866	-3.55226
6	4	0.15	0.1	0.0248335	0.0134142	-3.54114
6	5	0.15	0.125	0.0270377	0.0165058	-3.55684
6	6	0.15	0.15	0.027277	0.0190819	-3.54722
6	7	0.15	0.175	0.0270281	0.0224949	-3.55101
6	8	0.15	0.2	0.0267591	0.0244008	-3.56733
6	9	0.15	0.225	0.0248717	0.0280771	-3.5352
6	10	0.15	0.25	0.024908	0.0305116	-3.58728
6	11	0.15	0.275	0.0227255	0.0332355	-3.53443
6	12	0.15	0.3	0.0221348	0.0377389	-3.57517
6	13	0.15	0.325	0.0213463	0.0386508	-3.57682
6	14	0.15	0.35	0.0190734	0.0449281	-3.52157
6	15	0.15	0.375	0.0200465	0.0458617	-3.64236
6	16	0.15	0.4	0.0169968	0.0504522	-3.48238
6	17	0.15	0.425	0.017878	0.0554295	-3.64951
6	18	0.15	0.45	0.0166249	0.0546015	-3.54515
6	19	0.15	0.475	0.0153818	0.0648255	-3.53931
6	20	0.15	0.5	0.0171287	0.060314	-3.71064
6	21	0.15	0.525	0.0147108	0.0695742	-3.39215
6	22	0.15	0.55	0.0174722	0.0696497	-3.82428
6	23	0.15	0.575	0.0174369	0.0679727	-3.40634
6	24	0.15	0.6	0.0190623	0.0787585	-3.70539
6	25	0.15	0.625	0.0229824	0.0638187	-3.6805
6	26	0.15	0.65	0.025963	0.0782571	-3.39467
6	27	0.15	0.675	0.031173	0.0613397	-4.02009
6	28	0.15	0.7	0.041739	0.0609614	-3.20761
6	29	0.15	0.725	0.0471982	0.0556135	-4.07166
6	30	0.15	0.75	0.0680301	0.0281557	-3.42183
6	31	0.15	0.775	0.0828227	0.0305581	-3.73077
6	32	0.15	0.8	0.110718	-0.0160169	-3.90356
6	33	0.15	0.825	0.153008	-0.029588	-3.33051
6	34	0.15	0.85	0.190884	-0.07744	-4.18892
6	35	0.15	0.875	0.27665	-0.126187	-3.26931
6	36	0.15	0.9	0.348093	-0.170221	-4.02297
6	37	0.15	0.925	0.484701	-0.241797	-3.48581
6	38	0.15	0.95	0.622505	-0.27973	-3.61489
6	39	0.15	0.975	0.805314	-0.370518	-3.90869
6	40	0.15	1	1	0	0
7	0	0.175	0	0	0	-3.29881
7	1	0.175	0.025	0.00787546	0.00294857	-3.29881
7	2	0.175	0.05	0.0150742	0.00608085	-3.29657
7	3	0.175	0.075	0.0199607	0.00944897	-3.29534
7	4	0.175	0.1	0.0240869	0.0127221	-3.29645
7	5	0.175	0.125	0.0252886	0.0159712	-3.29526
7	6	0.175	0.15	0.0263518	0.0190459	-3.29917
7	7	0.175	0.175	0.0262525	0.0220041	-3.29846
7	8	0.175	0.2	0.0245866	0.0252874	-3.29834
7	9	0.175	0.225	0.0251191	0.0279947	-3.30849
7	10	0.175	0.25	0.0218745	0.0315374	-3.29246
7	11	0.175	0.275	0.0223907	0.034635	-3.31816
7	12	0.175	0.3	0.0202976	0.0376286	-3.29687
7	13	0.175	0.325	0.0182999	0.0420656	-3.30704
7	14	0.175	0.35	0.0197808	0.0439688	-3.32899
7	15	0.175	0.375	0.0145597	0.0492665	-3.27277
7	16	0.175	0.4	0.0183158	0.0516224	-3.36801
7	17	0.175	0.425	0.013688	0.0549109	-3.26332
7	18	0.175	0.45	0.0145829	0.0605945	-3.34971
7	19	0.175	0.475	0.016177	0.059402	-3.34017
7	20	0.175	0.5	0.01078	0.0680892	-3.24581
7	21	0.175	0.525	0.019333	0.0651023	-3.4746
7	22	0.175	0.55	0.011782	0.0700125	-3.15576
7	23	0.175	0.575	0.0206671	0.0726022	-3.51136
7	24	0.175	0.6	0.0204858	0.065463	-3.25275
7	25	0.175	0.625	0.0228561	0.0763971	-3.32099
7	26	0.175	0.65	0.035137	0.0582826	-3.56206
7	27	0.175	0.675	0.0339086	0.0666708	-3.02254
7	28	0.175	0.7	0.0539362	0.0507201	-3.82248
7	29	0.175	0.725	0.0614676	0.0376987	-2.96047
7	30	0.175	0.75	0.0832475	0.034535	-3.70116
7	31	0.175	0.775	0.109424	-0.00712869	-3.33186
7	32	0.175	0.8	0.139749	-0.00757894	-3.21438
7	33	0.175	0.825	0.185192	-0.0627277	-3.86013
7	34	0.175	0.85	0.244351	-0.0864935	-2.80973
7	35	0.175	0.875	0.311603	-0.133392	-4.02194
7	36	0.175	0.9	0.417031	-0.190725	-2.85872
7	37	0.175	0.925	0.522891	-0.22409	-3.6817
7	38	0.175	0.95	0.673613	-0.280384	-3.10427
7	39	0.175	0.975	0.826963	-0.339769	-3.61588
7	40	0.175	1	1	0	0
8	0	0.2	0	0	0	-3.04475
8	1	0.2	0.025	0.00708843	0.00280463	-3.04475
8	2	0.2	0.05	0.0134622	0.00548744	-3.04584
8	3	0.2	0.075	0.0191349	0.00891055	-3.03562
8	4	0.2	0.1	0.0218943	0.0120423	-3.04907
8	5	0.2	0.125	0.0245385	0.0150577	-3.0355
8	6	0.2	0.15	0.0247824	0.0187351	-3.04349
8	7	0.2	0.175	0.024265	0.0212161	-3.04934
8	8	0.2	0.2	0.0246016	0.0250287	-3.0312
8	9	0.2	0.225	0.0214101	0.0279953	-3.06203
8	10	0.2	0.25	0.0225256	0.0309867	-3.03263
8	11	0.2	0.275	0.0190223	0.0352286	-3.0533
8	12	0.2	0.3	0.0184986	0.0374301	-3.05675
8	13	0.2	0.325	0.0184217	0.0420035	-3.03169
8	14	0.2	0.35	0.0135417	0.0450188	-3.07703
8	15	0.2	0.375	0.0180959	0.048045	-3.03424
8	16	0.2	0.4	0.0107755	0.0528759	-3.06164
8	17	0.2	0.425	0.0152268	0.0544202	-3.07209
8	18	0.2	0.45	0.0129313	0.0589848	-3.03244
8	19	0.2	0.475	0.00979856	0.0617596	-3.09347
8	20	0.2	0.5	0.0186657	0.0626541	-3.05586
8	21	0.2	0.525	0.00707073	0.0677294	-3.04747
8	22	0.2	0.55	0.0230905	0.0655206	-3.13822
8	23	0.2	0.575	0.0141286	0.0679186	-2.99231
8	24	0.2	0.6	0.0241247	0.0680657	-3.16334
8	25	0.2	0.625	0.0329007	0.0604705	-3.06879
8	26	0.2	0.65	0.0285476	0.0649899	-3.02146
8	27	0.2	0.675	0.0585785	0.0480104	-3.29484
8	28	0.2	0.7	0.0497325	0.0468221	-2.82169
8	29	0.2	0.725	0.0882502	0.0315481	-3.4351
8	30	0.2	0.75	0.0980507	0.00854058	-2.86179
8	31	0.2	0.775	0.131964	0.00243803	-3.21889
8	32	0.2	0.8	0.176454	-0.0453301	-3.26133
8	33	0.2	0.825	0.213131	-0.0541149	-2.73552
8	34	0.2	0.85	0.290264	-0.10787	-3.68751
8	35	0.2	0.875	0.355984	-0.141191	-2.44684
8	36	0.2	0.9	0.458844	-0.17852	-3.66443
8	37	0.2	0.925	0.571834	-0.235063	-2.6273
8	38	0.2	0.95	0.70228	-0.248037	-3.17994
8	39	0.2	0.975	0.848168	-0.323187	-3.23069
8	40	0.2	1	1	0	0
9	0	0.225	0	0	0	-2.79024
9	1	0.225	0.025	0.0062351	0.00232169	-2.79024
9	2	0.225	0.05	0.0126122	0.00547031	-2.78053
9	3	0.225	0.075	0.0171745	0.00795773	-2.79837
9	4	0.225	0.1	0.0211714	0.0112408	-2.76936
9	5	0.225	0.125	0.0224715	0.0147353	-2.79815
9	6	0.225	0.15	0.0233477	0.0168688	-2.78265
9	7	0.225	0.175	0.0234053	0.0215509	-2.77274
9	8	0.225	0.2	0.021351	0.0232657	-2.81706
9	9	0.225	0.225	0.0219798	0.0274394	-2.746
9	10	0.225	0.25	0.0183548	0.0310502	-2.82929
9	11	0.225	0.275	0.0187035	0.0326634	-2.76596
9	12	0.225	0.3	0.0167077	0.0390721	-2.78348
9	13	0.225	0.325	0.013874	0.0389964	-2.83727
9	14	0.225	0.35	0.0164312	0.0452289	-2.71645
9	15	0.225	0.375	0.00963299	0.0476207	-2.88536
9	16	0.225	0.4	0.0151089	0.0492033	-2.72136
9	17	0.225	0.425	0.00951513	0.0566087	-2.83079
9	18	0.225	0.45	0.010772	0.0534992	-2.83139
9	19	0.225	0.475	0.0148658	0.0619032	-2.70998
9	20	0.225	0.5	0.00608053	0.0601316	-2.94206
9	21	0.225	0.525	0.0221933	0.0617727	-2.66923
9	22	0.225	0.55	0.00875288	0.0661956	-2.9144
9	23	0.225	0.575	0.0263853	0.0589165	-2.78664
9	24	0.225	0.6	0.025536	0.0648402	-2.77008
9	25	0.225	0.625	0.0287178	0.0557747	-2.93546
9	26	0.225	0.65	0.0552265	0.0520491	-2.70401
9	27	0.225	0.675	0.0414357	0.0477229	-2.9198
9	28	0.225	0.7	0.0905516	0.0303447	-2.829
9	29	0.225	0.725	0.0814828	0.0241932	-2.76351
9	30	0.225	0.75	0.130498	0.00254503	-2.96681
9	31	0.225	0.775	0.158049	-0.0207958	-2.73886
9	32	0.225	0.8	0.191418	-0.0372423	-2.83905
9	33	0.225	0.825	0.26972	-0.0813595	-2.99443
9	34	0.225	0.85	0.30226	-0.0997884	-2.49087
9	35	0.225	0.875	0.417421	-0.146197	-3.25423
9	36	0.225	0.9	0.483524	-0.181227	-2.32116
9	37	0.225	0.925	0.613963	-0.208483	-3.13474
9	38	0.225	0.95	0.727808	-0.24673	-2.47899
9	39	0.225	0.975	0.862433	-0.286474	-3.05417
9	40	0.225	1	1	0	0
10	0	0.25	0	0	0	-2.52985
10	1	0.25	0.025	0.00561776	0.00254731	-2.52985
10	2	0.25	0.05	0.011313	0.00440842	-2.53815
10	3	0.25	0.075	0.0162842	0.00781835	-2.51091
10	4	0.25	0.1	0.0192963	0.010475	-2.54861
10	5	0.25	0.125	0.0212968	0.0129375	-2.50993
10	6	0.25	0.15	0.0218274	0.0174243	-2.52971
10	7	0.25	0.175	0.0211183	0.0184403	-2.54739
10	8	0.25	0.2	0.0208989	0.0237566	-2.48344
10	9	0.25	0.225	0.0184561	0.0256587	-2.58974
10	10	0.25	0.25	0.0181872	0.0285556	-2.46884
10	11	0.25	0.275	0.0157699	0.0343804	-2.56635
10	12	0.25	0.3	0.0143207	0.0331748	-2.54186
10	13	0.25	0.325	0.0142256	0.0419197	-2.46225
10	14	0.25	0.35	0.0102259	0.0404325	-2.65734
10	15	0.25	0.375	0.0131523	0.0456515	-2.3835
10	16	0.25	0.4	0.00818163	0.0507457	-2.67103
10	17	0.25	0.425	0.0108922	0.0468608	-2.46965
10	18	0.25	0.45	0.010601	0.059582	-2.501
10	19	0.25	0.475	0.00759793	0.0504043	-2.70225
10	20	0.25	0.5	0.0172415	0.0609341	-2.28351
10	21	0.25	0.525	0.00782737	0.0584453	-2.85022
10	22	0.25	0.55	0.0246031	0.0542036	-2.28358
10	23	0.25	0.575	0.0190123	0.0649331	-2.69808
10	24	0.25	0.6	0.0303689	0.0455546	-2.58603
10	25	0.25	0.625	0.0452882	0.0592463	-2.339
10	26	0.25	0.65	0.0403054	0.0396581	-2.92633
10	27	0.25	0.675	0.0831771	0.0367513	-2.13864
10	28	0.25	0.7	0.0698241	0.0303533	-2.94386
10	29	0.25	0.725	0.12659	0.00334632	-2.32506
10	30	0.25	0.75	0.13496	0.00353472	-2.6221
10	31	0.25	0.775	0.179575	-0.0333948	-2.67668
10	32	0.25	0.8	0.240427	-0.0477798	-2.34536
10	33	0.25	0.825	0.264137	-0.0761601	-2.76471
10	34	0.25	0.85	0.380077	-0.113596	-2.41386
10	35	0.25	0.875	0.408845	-0.133784	-2.51802
10	36	0.25	0.9	0.550977	-0.175276	-2.62415
10	37	0.25	0.925	0.621528	-0.199729	-2.32307
10	38	0.25	0.95	0.759211	-0.217571	-2.55616
10	39	0.25	0.975	0.871582	-0.267929	-2.65192
10	40	0.25	1	1	0	0
11	0	0.275	0	0	0	-2.27341
11	1	0.275	0.025	0.00499629	0.00183595	-2.27341
11	2	0.275	0.05	0.0103832	0.00474409	-2.2603
11	3	0.275	0.075	0.0150437	0.00662628	-2.28665
11	4	0.275	0.1	0.0179643	0.00952797	-2.24601
11	5	0.275	0.125	0.0198927	0.0129495	-2.28422
11	6	0.275	0.15	0.0200841	0.014275	-2.26662
11	7	0.275	0.175	0.0197861	0.0195155	-2.24354
11	8	0.275	0.2	0.0187046	0.0202639	-2.31806
11	9	0.275	0.225	0.0171544	0.0247167	-2.2003
11	10	0.275	0.25	0.0159234	0.028355	-2.33492
11	11	0.275	0.275	0.013919	0.028551	-2.23184
11	12	0.275	0.3	0.0129496	0.0368584	-2.25382
11	13	0.275	0.325	0.0110107	0.0336506	-2.35655
11	14	0.275	0.35	0.0104373	0.0421477	-2.12366
11	15	0.275	0.375	0.00897463	0.042622	-2.45447
11	16	0.275	0.4	0.0087324	0.0428052	-2.11287
11	17	0.275	0.425	0.00874417	0.053423	-2.35625
11	18	0.275	0.45	0.00813025	0.0428051	-2.33076
11	19	0.275	0.475	0.011547	0.0589293	-2.06893
11	20	0.275	0.5	0.00991582	0.0480748	-2.6264
11	21	0.275	0.525	0.0178975	0.0535992	-1.87147
11	22	0.275	0.55	0.017603	0.0579804	-2.65596
11	23	0.275	0.575	0.027411	0.0407125	-2.07213
11	24	0.275	0.6	0.0360421	0.0617535	-2.25314
11	25	0.275	0.625	0.0414176	0.0300915	-2.61553
11	26	0.275	0.65	0.0679536	0.0469135	-1.71467
11	27	0.275	0.675	0.0672665	0.0257102	-3.01552
11	28	0.275	0.7	0.111969	0.0122843	-1.58688
11	29	0.275	0.725	0.118517	0.016601	-2.81695
11	30	0.275	0.75	0.166887	-0.0299116	-2.07806
11	31	0.275	0.775	0.207106	-0.0150349	-2.1378
11	32	0.275	0.8	0.241121	-0.0677712	-2.7504
11	33	0.275	0.825	0.334458	-0.0737938	-1.60973
11	34	0.275	0.85	0.356454	-0.104114	-2.95758
11	35	0.275	0.875	0.492955	-0.14166	-1.67199
11	36	0.275	0.9	0.532703	-0.1496	-2.60373
11	37	0.275	0.925	0.677115	-0.192896	-2.05261
11	38	0.275	0.95	0.760575	-0.194727	-2.19651
11	39	0.275	0.975	0.885426	-0.239829	-2.43736
11	40	0.275	1	1	0	0
12	0	0.3	0	0	0	-2.00927
12	1	0.3	0.025	0.00440899	0.00210992	-2.00927
12	2	0.3	0.05	0.00970603	0.0036515	-2.01674
12	3	0.3	0.075	0.0135686	0.00644341	-1.99364
12	4	0.3	0.1	0.0172078	0.0088006	-2.02374
12	5	0.3	0.125	0.0180361	0.0108114	-1.99495
12	6	0.3	0.15	0.0188024	0.0148403	-2.00414
12	7	0.3	0.175	0.0183752	0.0157502	-2.02911
12	8	0.3	0.2	0.016328	0.0204239	-1.9624
12	9	0.3	0.225	0.016482	0.0223405	-2.06423
12	10	0.3	0.25	0.0128991	0.024613	-1.95365
12	11	0.3	0.275	0.0130929	0.0302834	-2.03448
12	12	0.3	0.3	0.0107361	0.028545	-2.03063
12	13	0.3	0.325	0.00881656	0.0369139	-1.92577
12	14	0.3	0.35	0.0100232	0.0349644	-2.14816
12	15	0.3	0.375	0.00555276	0.0393674	-1.84641
12	16	0.3	0.4	0.00946736	0.0445455	-2.15348
12	17	0.3	0.425	0.00584338	0.0386165	-1.95172
12	18	0.3	0.45	0.0087022	0.052706	-1.94484
12	19	0.3	0.475	0.0107828	0.0400845	-2.23701
12	20	0.3	0.5	0.0102893	0.0522414	-1.66366
12	21	0.3	0.525	0.0196644	0.0476087	-2.43317
12	22	0.3	0.55	0.0187366	0.0410864	-1.64999
12	23	0.3	0.575	0.0326956	0.0559323	-2.22157
12	24	0.3	0.6	0.0373872	0.0265893	-2.09303
12	25	0.3	0.625	0.0536658	0.0517299	-1.63087
12	26	0.3	0.65	0.0677024	0.0187048	-2.70779
12	27	0.3	0.675	0.0888965	0.0254039	-1.16192
12	28	0.3	0.7	0.113123	0.016601	-2.8816
12	29	0.3	0.725	0.14339	-0.0176274	-1.36985
12	30	0.3	0.75	0.182292	0.00424334	-2.2817
12	31	0.3	0.775	0.219924	-0.060077	-2.23614
12	32	0.3	0.8	0.285432	-0.0355263	-1.31077
12	33	0.3	0.825	0.324747	-0.0903948	-3.04662
12	34	0.3	0.85	0.426248	-0.0998982	-0.800054
12	35	0.3	0.875	0.471011	-0.115804	-3.08362
12	36	0.3	0.9	0.598384	-0.161823	-1.12093
12	37	0.3	0.925	0.665643	-0.150175	-2.45767
12	38	0.3	0.95	0.791642	-0.190843	-1.70945
12	39	0.3	0.975	0.887074	-0.206426	-2.17334
12	40	0.3	1	1	0	0
13	0	0.325	0	0	0	-1.74909
13	1	0.325	0.025	0.0040393	0.0015949	-1.74909
13	2	0.325	0.05	0.00850935	0.0036422	-1.7431
13	3	0.325	0.075	0.0133417	0.0055274	-1.75201
13	4	0.325	0.1	0.0151173	0.00770203	-1.73856
13	5	0.325	0.125	0.0175065	0.0104176	-1.74737
13	6	0.325	0.15	0.0172407	0.0121422	-1.74908
13	7	0.325	0.175	0.0160525	0.0156045	-1.72876
13	8	0.325	0.2	0.0165938	0.0174028	-1.76944
13	9	0.325	0.225	0.0122105	0.0203297	-1.71445
13	10	0.325	0.25	0.0138835	0.0236774	-1.76908
13	11	0.325	0.275	0.00963221	0.0245263	-1.73898
13	12	0.325	0.3	0.0089772	0.0299524	-1.72143
13	13	0.325	0.325	0.00975044	0.0293809	-1.80557
13	14	0.325	0.35	0.00362768	0.0342156	-1.65785
13	15	0.325	0.375	0.0105605	0.0360829	-1.8454
13	16	0.325	0.4	0.0021847	0.0355542	-1.67312
13	17	0.325	0.425	0.00904052	0.0432491	-1.76359
13	18	0.325	0.45	0.00816099	0.0361385	-1.82658
13	19	0.325	0.475	0.00615105	0.0462736	-1.57137
13	20	0.325	0.5	0.020197	0.0396051	-2.01466
13	21	0.325	0.525	0.00909006	0.0410283	-1.4594
13	22	0.325	0.55	0.033409	0.0457008	-1.99509
13	23	0.325	0.575	0.0267768	0.0291366	-1.65653
13	24	0.325	0.6	0.0465514	0.0468222	-1.63018
13	25	0.325	0.625	0.0622259	0.0180612	-2.13906
13	26	0.325	0.65	0.0677961	0.0324171	-1.13751
13	27	0.325	0.675	0.111198	0.0130306	-2.50797
13	28	0.325	0.7	0.111669	-0.000716316	-1.01587
13	29	0.325	0.725	0.170516	0.0079183	-2.28308
13	30	0.325	0.75	0.188367	-0.0424962	-1.58422
13	31	0.325	0.775	0.247244	-0.0130403	-1.4254
13	32	0.325	0.8	0.297233	-0.0767368	-2.54127
13	33	0.325	0.825	0.357098	-0.0599355	-0.536877
13	34	0.325	0.85	0.433612	-0.0973286	-3.10466
13	35	0.325	0.875	0.510173	-0.121167	-0.369202
13	36	0.325	0.9	0.598643	-0.115458	-2.78262
13	37	0.325	0.925	0.697654	-0.16668	-0.99215
13	38	0.325	0.95	0.792499	-0.141149	-1.98585
13	39	0.325	0.975	0.896697	-0.193875	-1.79667
13	40	0.325	1	1	0	0
14	0	0.35	0	0	0	-1.48502
14	1	0.35	0.025	0.00347258	0.00142702	-1.48502
14	2	0.35	0.05	0.00837703	0.00318716	-1.48159
14	3	0.35	0.075	0.0114819	0.0047876	-1.48686
14	4	0.35	0.1	0.015234	0.00690479	-1.47547
14	5	0.35	0.125	0.0154982	0.00895074	-1.48848
14	6	0.35	0.15	0.0159108	0.0109542	-1.47533
14	7	0.35	0.175	0.0160207	0.0135926	-1.48302
14	8	0.35	0.2	0.0124084	0.0154083	-1.484
14	9	0.35	0.225	0.0143018	0.0183273	-1.47195
14	10	0.35	0.25	0.00888255	0.0202587	-1.49539
14	11	0.35	0.275	0.0100423	0.022877	-1.46378
14	12	0.35	0.3	0.00837013	0.0252565	-1.49994
14	13	0.35	0.325	0.00386653	0.0270779	-1.46711
14	14	0.35	0.35	0.010092	0.0300354	-1.49017
14	15	0.35	0.375	-0.000109235	0.0307257	-1.488
14	16	0.35	0.4	0.00998851	0.0341107	-1.46153
14	17	0.35	0.425	0.00371388	0.0336797	-1.52743
14	18	0.35	0.45	0.00597276	0.0365373	-1.42043
14	19	0.35	0.475	0.0165213	0.036072	-1.56584
14	20	0.35	0.5	0.00363661	0.035878	-1.40345
14	21	0.35	0.525	0.0324014	0.0376993	-1.54909
14	22	0.35	0.55	0.0150631	0.0312797	-1.47366
14	23	0.35	0.575	0.0445055	0.0365421	-1.42174
14	24	0.35	0.6	0.0490695	0.023829	-1.65391
14	25	0.35	0.625	0.0559026	0.0283491	-1.21597
14	26	0.35	0.65	0.102233	0.0157392	-1.83772
14	27	0.35	0.675	0.0837763	0.00923821	-1.10666
14	28	0.35	0.7	0.162544	0.00674971	-1.80371
14	29	0.35	0.725	0.149196	-0.0199089	-1.31203
14	30	0.35	0.75	0.224696	-0.00853038	-1.39906
14	31	0.35	0.775	0.259141	-0.0518412	-1.85681
14	32	0.35	0.8	0.302336	-0.0376741	-0.764733
14	33	0.35	0.825	0.400481	-0.0776751	-2.42246
14	34	0.35	0.85	0.421553	-0.0816759	-0.345751
14	35	0.35	0.875	0.555479	-0.0953936	-2.53467
14	36	0.35	0.9	0.594227	-0.126975	-0.524429
14	37	0.35	0.925	0.720712	-0.112846	-2.06123
14	38	0.35	0.95	0.79817	-0.148943	-1.09968
14	39	0.35	0.975	0.901117	-0.150949	-1.67109
14	40	0.35	1	1	0	0
15	0	0.375	0	0	0	-1.21906
15	1	0.375	0.025	0.00326739	0.00148077	-1.21906
15	2	0.375	0.05	0.0072258	0.00231971	-1.22683
15	3	0.375	0.075	0.0116682	0.0044287	-1.20368
15	4	0.375	0.1	0.0132714	0.00588105	-1.23619
15	5	0.375	0.125	0.0151185	0.00725428	-1.20209
15	6	0.375	0.15	0.0150784	0.0102901	-1.22066
15	7	0.375	0.175	0.0131333	0.0105443	-1.23143
15	8	0.375	0.2	0.0140746	0.0143475	-1.18201
15	9	0.375	0.225	0.00927024	0.015213	-1.26623
15	10	0.375	0.25	0.0107817	0.0172223	-1.1654
15	11	0.375	0.275	0.00730555	0.0209673	-1.25281
15	12	0.375	0.3	0.00527679	0.0196894	-1.2148
15	13	0.375	0.325	0.0082444	0.0258111	-1.1751
15	14	0.375	0.35	0.00012255	0.0235689	-1.30514
15	15	0.375	0.375	0.00922507	0.0277175	-1.10049
15	16	0.375	0.4	0.000685429	0.0292849	-1.33928
15	17	0.375	0.425	0.00676867	0.0270066	-1.12992
15	18	0.375	0.45	0.0105749	0.0342412	-1.24361
15	19	0.375	0.475	0.00297824	0.0263486	-1.28163
15	20	0.375	0.5	0.0266214	0.0345106	-1.06938
15	21	0.375	0.525	0.00819307	0.0276014	-1.43974
15	22	0.375	0.55	0.0408721	0.0284545	-0.971012
15	23	0.375	0.575	0.0345441	0.0287507	-1.44871
15	24	0.375	0.6	0.0505992	0.0181599	-1.06169
15	25	0.375	0.625	0.0843626	0.02475	-1.268
15	26	0.375	0.65	0.0676968	0.00678553	-1.29487
15	27	0.375	0.675	0.146352	0.0117495	-1.01872
15	28	0.375	0.7	0.115989	-0.00546373	-1.50509
15	29	0.375	0.725	0.206732	-0.00958407	-0.863994
15	30	0.375	0.75	0.213491	-0.0220307	-1.57349
15	31	0.375	0.775	0.267144	-0.0349761	-0.845209
15	32	0.375	0.8	0.354506	-0.0456076	-1.53913
15	33	0.375	0.825	0.352576	-0.0609679	-0.865148
15	34	0.375	0.85	0.513034	-0.0728152	-1.51051
15	35	0.375	0.875	0.493808	-0.0872692	-0.865959
15	36	0.375	0.9	0.667961	-0.0955664	-1.47206
15	37	0.375	0.925	0.690652	-0.111356	-0.948097
15	38	0.375	0.95	0.823901	-0.108672	-1.30735
15	39	0.375	0.975	0.89947	-0.135539	-1.26976
15	40	0.375	1	1	0	0
16	0	0.4	0	0	0	-0.957152
16	1	0.4	0.025	0.00284663	0.00071398	-0.957152
16	2	0.4	0.05	0.00714013	0.00264136	-0.942036
16	3	0.4	0.075	0.0103616	0.0031506	-0.975563
16	4	0.4	0.1	0.0131493	0.00471925	-0.926775
16	5	0.4	0.125	0.0139943	0.00705365	-0.971219
16	6	0.4	0.15	0.0135365	0.00665317	-0.953683
16	7	0.4	0.175	0.0136521	0.0109994	-0.92088
16	8	0.4	0.2	0.010507	0.0100746	-1.01324
16	9	0.4	0.225	0.0108493	0.0131975	-0.871733
16	10	0.4	0.25	0.0075776	0.0157393	-1.0275
16	11	0.4	0.275	0.00638446	0.0138505	-0.911086
16	12	0.4	0.3	0.00667911	0.0215199	-0.930101
16	13	0.4	0.325	0.00177617	0.0159351	-1.0523
16	14	0.4	0.35	0.0068813	0.0235341	-0.781737
16	15	0.4	0.375	0.000517406	0.0221164	-1.16018
16	16	0.4	0.4	0.00578716	0.0205406	-0.765135
16	17	0.4	0.425	0.00614993	0.0302223	-1.05405
16	18	0.4	0.45	0.00365902	0.0168336	-0.996913
16	19	0.4	0.475	0.0183458	0.0332049	-0.735756
16	20	0.4	0.5	0.00681938	0.0187504	-1.32965
16	21	0.4	0.525	0.0322295	0.0256051	-0.483719
16	22	0.4	0.55	0.0253948	0.0267898	-1.4101
16	23	0.4	0.575	0.0441244	0.0103574	-0.632768
16	24	0.4	0.6	0.0650098	0.0320549	-1.02072
16	25	0.4	0.625	0.0598444	-0.00233762	-1.20166
16	26	0.4	0.65	0.120418	0.0228099	-0.379194
16	27	0.4	0.675	0.0970683	-0.00494024	-1.76146
16	28	0.4	0.7	0.179857	-0.00396338	-0.035284
16	29	0.4	0.725	0.175499	-0.00227982	-1.76753
16	30	0.4	0.75	0.23816	-0.0372952	-0.376264
16	31	0.4	0.775	0.29989	-0.00956912	-1.11275
16	32	0.4	0.8	0.308339	-0.0601416	-1.17565
16	33	0.4	0.825	0.45313	-0.0370356	-0.336054
16	34	0.4	0.85	0.419285	-0.0664595	-1.71712
16	35	0.4	0.875	0.609355	-0.0749321	-0.130891
16	36	0.4	0.9	0.590073	-0.069299	-1.55471
16	37	0.4	0.925	0.757345	-0.0991866	-0.546677
16	38	0.4	0.95	0.799088	-0.081291	-1.06831
16	39	0.4	0.975	0.910713	-0.109955	-1.02944
16	40	0.4	1	1	0	0
17	0	0.425	0	0	0	-0.686417
17	1	0.425	0.025	0.00265618	0.00119517	-0.686417
17	2	0.425	0.05	0.00659231	0.00120679	-0.702052
17	3	0.425	0.075	0.0100051	0.00298895	-0.66342
17	4	0.425	0.1	0.012488	0.00405259	-0.714305
17	5	0.425	0.125	0.0129942	0.00405559	-0.670774
17	6	0.425	0.15	0.0134339	0.00768407	-0.677932
17	7	0.425	0.175	0.011698	0.00590002	-0.729584
17	8	0.425	0.2	0.0108181	0.00995834	-0.611094
17	9	0.425	0.225	0.00896912	0.0102367	-0.777889
17	10	0.425	0.25	0.00673717	0.0098938	-0.608043
17	11	0.425	0.275	0.00665068	0.0161381	-0.715756
17	12	0.425	0.3	0.00312291	0.00990515	-0.736719
17	13	0.425	0.325	0.00484245	0.0194228	-0.544019
17	14	0.425	0.35	0.00200952	0.0141446	-0.904827
17	15	0.425	0.375	0.0030887	0.0166732	-0.441418
17	16	0.425	0.4	0.00497564	0.0229417	-0.884214
17	17	0.425	0.425	0.00247906	0.010602	-0.619098
17	18	0.425	0.45	0.0119256	0.0294932	-0.55855
17	19	0.425	0.475	0.00698624	0.00953946	-1.03336
17	20	0.425	0.5	0.0212317	0.024886	-0.159566
17	21	0.425	0.525	0.0222619	0.0186724	-1.29015
17	22	0.425	0.55	0.0326357	0.00830197	-0.156626
17	23	0.425	0.575	0.0517703	0.0312383	-0.968143
17	24	0.425	0.6	0.0510418	-0.00877853	-0.787649
17	25	0.425	0.625	0.0936862	0.0312067	-0.121149
17	26	0.425	0.65	0.0873178	-0.011642	-1.66944
17	27	0.425	0.675	0.143353	0.00781063	0.586439
17	28	0.425	0.7	0.153475	0.00162238	-1.98105
17	29	0.425	0.725	0.200163	-0.0313089	0.379375
17	30	0.425	0.75	0.254217	0.0135987	-1.20137
17	31	0.425	0.775	0.272072	-0.0621829	-0.844716
17	32	0.425	0.8	0.383061	0.00100544	0.24964
17	33	0.425	0.825	0.37421	-0.0646256	-2.20071
17	34	0.425	0.85	0.527741	-0.0403603	1.20248
17	35	0.425	0.875	0.520318	-0.0460356	-2.52323
17	36	0.425	0.9	0.677977	-0.0831868	0.849514
17	37	0.425	0.925	0.706802	-0.0388873	-1.6593
17	38	0.425	0.95	0.831715	-0.0912799	-0.224329
17	39	0.425	0.975	0.903295	-0.0671647	-0.864913
17	40	0.425	1	1	0	0
18	0	0.45	0	0	0	-0.424952
18	1	0.45	0.025	0.00251138	0.000256387	-0.424952
18	2	0.45	0.05	0.00611247	0.001625	-0.409772
18	3	0.45	0.075	0.0100072	0.00178736	-0.441979
18	4	0.45	0.1	0.0113821	0.00238972	-0.400895
18	5	0.45	0.125	0.0131878	0.00450862	-0.429107
18	6	0.45	0.15	0.0121745	0.00313361	-0.437114
18	7	0.45	0.175	0.0112813	0.00674137	-0.374078
18	8	0.45	0.2	0.0105346	0.00565937	-0.492497
18	9	0.45	0.225	0.00700949	0.00688835	-0.341356
18	10	0.45	0.25	0.00799909	0.0102929	-0.477785
18	11	0.45	0.275	0.00358871	0.00596441	-0.416925
18	12	0.45	0.3	0.00457708	0.0141067	-0.345729
18	13	0.45	0.325	0.00318961	0.00773753	-0.576853
18	14	0.45	0.35	0.000765589	0.0130384	-0.20687
18	15	0.45	0.375	0.00575622	0.0144902	-0.635527
18	16	0.45	0.4	-0.000560001	0.00725722	-0.277863
18	17	0.45	0.425	0.0093296	0.0221142	-0.413125
18	18	0.45	0.45	0.00509669	0.00360338	-0.626935
18	19	0.45	0.475	0.0127503	0.0216559	-0.0101166
18	20	0.45	0.5	0.0206984	0.00964574	-0.969554
18	21	0.45	0.525	0.0191904	0.0085918	0.149601
18	22	0.45	0.55	0.0451609	0.0233283	-0.838846
18	23	0.45	0.575	0.0370376	-0.00917803	-0.308661
18	24	0.45	0.6	0.0746113	0.0304271	-0.0890133
18	25	0.45	0.625	0.0759547	-0.0155786	-1.2117
18	26	0.45	0.65	0.108074	0.0161466	0.771313
18	27	0.45	0.675	0.140319	-0.00235206	-1.78659
18	28	0.45	0.7	0.153538	-0.0186763	0.876072
18	29	0.45	0.725	0.225748	0.0187387	-1.28261
18	30	0.45	0.75	0.226231	-0.0533273	-0.206164
18	31	0.45	0.775	0.324211	0.0227959	0.237796
18	32	0.45	0.8	0.336776	-0.0623216	-1.88765
18	33	0.45	0.825	0.43588	-0.00550873	1.73604
18	34	0.45	0.85	0.481294	-0.0403088	-2.87657
18	35	0.45	0.875	0.571585	-0.0522789	1.99132
18	36	0.45	0.9	0.646181	-0.013649	-2.36529
18	37	0.45	0.925	0.734743	-0.0791989	0.863289
18	38	0.45	0.95	0.82036	-0.0165031	-1.03324
18	39	0.45	0.975	0.908655	-0.0685009	-0.367946
18	40	0.45	1	1	0	0
19	0	0.475	0	0	0	-0.153873
19	1	0.475	0.025	0.00227219	0.000551559	-0.153873
19	2	0.475	0.05	0.00638222	0.000534403	-0.162879
19	3	0.475	0.075	0.0088544	0.00114412	-0.144081
19	4	0.475	0.1	0.0121961	0.00202072	-0.162822
19	5	0.475	0.125	0.0118056	0.00142626	-0.158241
19	6	0.475	0.15	0.0121207	0.00357674	-0.133218
19	7	0.475	0.175	0.011571	0.0025888	-0.194423
19	8	0.475	0.2	0.00798649	0.00390866	-0.10362
19	9	0.475	0.225	0.00970778	0.00531841	-0.199384
19	10	0.475	0.25	0.00393387	0.00312717	-0.136243
19	11	0.475	0.275	0.0059569	0.00815595	-0.124738
19	12	0.475	0.3	0.00336577	0.00356087	-0.240368
19	13	0.475	0.325	0.000475253	0.00811625	-0.0187646
19	14	0.475	0.35	0.00628963	0.00751028	-0.307171
19	15	0.475	0.375	-0.00315752	0.004246	-0.0308958
19	16	0.475	0.4	0.0091217	0.0132679	-0.188016
19	17	0.475	0.425	0.00117043	0.000618335	-0.253748
19	18	0.475	0.45	0.00887803	0.0145186	0.101022
19	19	0.475	0.475	0.0168401	0.00364516	-0.531945
19	20	0.475	0.5	0.00911281	0.00627295	0.275985
19	21	0.475	0.525	0.0402179	0.0140302	-0.50766
19	22	0.475	0.55	0.021412	-0.00741415	0.00234821
19	23	0.475	0.575	0.0633017	0.0220815	0.0155458
19	24	0.475	0.6	0.0586169	-0.0138252	-0.683321
19	25	0.475	0.625	0.0831528	0.0146871	0.722331
19	26	0.475	0.65	0.123769	-0.00376976	-1.21409
19	27	0.475	0.675	0.111287	-0.010314	0.913793
19	28	0.475	0.7	0.205095	0.015715	-0.926735
19	29	0.475	0.725	0.172555	-0.0376743	0.142852
19	30	0.475	0.75	0.28494	0.0247952	0.246269
19	31	0.475	0.775	0.286679	-0.0465086	-1.23688
19	32	0.475	0.8	0.3605	0.00963262	1.57599
19	33	0.475	0.825	0.444854	-0.0305457	-2.26325
19	34	0.475	0.85	0.45809	-0.0229058	2.10046
19	35	0.475	0.875	0.612013	-0.00515036	-2.19881
19	36	0.475	0.9	0.610515	-0.0490298	1.46239
19	37	0.475	0.925	0.76352	0.00525163	-1.21507
19	38	0.475	0.95	0.806804	-0.0471411	0.313821
19	39	0.475	0.975	0.912808	-0.0131193	-0.347962
19	40	0.475	1	1	0	0
20	0	0.5	0	0	0	0.110913
20	1	0.5	0.025	0.00239187	9.35553e-05	0.110913
20	2	0.5	0.05	0.00562882	0.000168029	0.112487
20	3	0.5	0.075	0.00987689	0.000582544	0.113054
20	4	0.5	0.1	0.0106841	0.000197636	0.10451
20	5	0.5	0.125	0.0125797	0.00105047	0.126799
20	6	0.5	0.15	0.0119929	0.00070374	0.0898821
20	7	0.5	0.175	0.00968701	0.000898813	0.135577
20	8	0.5	0.2	0.0110228	0.0019379	0.0957586
20	9	0.5	0.225	0.00512259	0.000324132	0.110169
20	10	0.5	0.25	0.00786697	0.00301742	0.141217
20	11	0.5	0.275	0.0033724	0.000615793	0.0542123
20	12	0.5	0.3	0.00209677	0.0024057	0.191687
20	13	0.5	0.325	0.00577458	0.00285705	0.0327165
20	14	0.5	0.35	-0.00348353	-0.000148477	0.164451
20	15	0.5	0.375	0.00886228	0.00582284	0.122194
20	16	0.5	0.4	-0.00225269	-0.0020721	0.0202263
20	17	0.5	0.425	0.00794341	0.00576164	0.29567
20	18	0.5	0.45	0.0108638	0.000421762	-0.131314
20	19	0.5	0.475	0.00446585	-9.02971e-05	0.368838
20	20	0.5	0.5	0.0329513	0.00746592	-0.06613
20	21	0.5	0.525	0.00991573	-0.00863859	0.14033
20	22	0.5	0.55	0.0540895	0.0123338	0.318776
20	23	0.5	0.575	0.0397724	-0.0108887	-0.329151
20	24	0.5	0.6	0.0677219	0.00595072	0.766772
20	25	0.5	0.625	0.10007	-0.000585266	-0.607459
20	26	0.5	0.65	0.0828045	-0.0121647	0.762635
20	27	0.5	0.675	0.178832	0.0153552	-0.234209
20	28	0.5	0.7	0.126422	-0.0281374	0.0516985
20	29	0.5	0.725	0.25302	0.0197669	0.706021
20	30	0.5	0.75	0.227791	-0.0253378	-0.921389
20	31	0.5	0.775	0.309799	0.00436025	1.49285
20	32	0.5	0.8	0.38864	-0.00555532	-1.34782
20	33	0.5	0.825	0.370134	-0.0166503	1.48815
20	34	0.5	0.85	0.570099	0.0105813	-0.972708
20	35	0.5	0.875	0.485659	-0.0219744	0.870459
20	36	0.5	0.9	0.724296	0.0108269	-0.353956
20	37	0.5	0.925	0.680478	-0.0117673	0.308566
20	38	0.5	0.95	0.849786	0.00479176	-0.0306105
20	39	0.5	0.975	0.898994	-0.00196045	0.0616753
20	40	0.5	1	1	0	0
21	0	0.525	0	0	0	0.377878
21	1	0.525	0.025	0.00220824	-0.000303037	0.377878
21	2	0.525	0.05	0.00631605	4.81888e-05	0.384547
21	3	0.525	0.075	0.00875491	-0.000773355	0.364599
21	4	0.525	0.1	0.0118753	-0.000390689	0.399069
21	5	0.525	0.125	0.0119535	-0.000637541	0.355278
21	6	0.525	0.15	0.0113807	-0.00152592	0.39522
21	7	0.525	0.175	0.0119087	-0.000130381	0.377449
21	8	0.525	0.2	0.00731154	-0.00258576	0.355205
21	9	0.525	0.225	0.00947485	-0.000450517	0.428264
21	10	0.525	0.25	0.00433059	-0.00227839	0.309131
21	11	0.525	0.275	0.00439941	-0.00255841	0.451566
21	12	0.525	0.3	0.00510016	-0.000444373	0.327996
21	13	0.525	0.325	-0.00166084	-0.00548695	0.381855
21	14	0.525	0.35	0.00764019	0.000797064	0.446791
21	15	0.525	0.375	-0.00318198	-0.00628204	0.237325
21	16	0.525	0.4	0.00724688	-0.00160612	0.581967
21	17	0.525	0.425	0.00558546	-0.0026665	0.162266
21	18	0.525	0.45	0.00323968	-0.00812617	0.554652
21	19	0.525	0.475	0.0238396	0.0034144	0.32671
21	20	0.525	0.5	0.00444183	-0.0141126	0.258581
21	21	0.525	0.525	0.0429183	0.00526601	0.719224
21	22	0.525	0.55	0.0256722	-0.0118352	-0.141699
21	23	0.525	0.575	0.0550078	-0.00349653	1.02025
21	24	0.525	0.6	0.0752138	0.00198787	-0.210927
21	25	0.525	0.625	0.0654244	-0.0203713	0.772645
21	26	0.525	0.65	0.144746	0.0183579	0.399295
21	27	0.525	0.675	0.0969569	-0.0298062	-0.127579
21	28	0.525	0.7	0.213868	0.0189885	1.42632
21	29	0.525	0.725	0.178497	-0.0142756	-1.02695
21	30	0.525	0.75	0.26734	-0.00434897	1.9248
21	31	0.525	0.775	0.320692	0.0211868	-0.909611
21	32	0.525	0.8	0.314358	-0.030188	1.14127
21	33	0.525	0.825	0.49841	0.0426727	0.370713
21	34	0.525	0.85	0.397186	-0.0216819	-0.321661
21	35	0.525	0.875	0.664581	0.0266304	1.51595
21	36	0.525	0.9	0.560843	0.0200569	-0.88597
21	37	0.525	0.925	0.793403	0.00130435	1.28514
21	38	0.525	0.95	0.786784	0.0428122	-0.195392
21	39	0.525	0.975	0.917006	0.0137281	0.42877
21	40	0.525	1	1	0	0
22	0	0.55	0	0	0	0.647587
22	1	0.55	0.025	0.00244004	-4.77606e-05	0.647587
22	2	0.55	0.05	0.00590048	-0.00126679	0.633594
22	3	0.55	0.075	0.00971018	-0.000835332	0.66783
22	4	0.55	0.1	0.0113359	-0.00172779	0.615693
22	5	0.55	0.125	0.0122111	-0.0028365	0.669534
22	6	0.55	0.15	0.0126278	-0.00158249	0.637846
22	7	0.55	0.175	0.00982217	-0.00496456	0.621449
22	8	0.55	0.2	0.0107728	-0.00248308	0.7027
22	9	0.55	0.225	0.00651755	-0.00533997	0.559483
22	10	0.55	0.25	0.00645388	-0.00579498	0.736882
22	11	0.55	0.275	0.00550292	-0.00365143	0.578737
22	12	0.55	0.3	0.000972834	-0.0101654	0.652139
22	13	0.55	0.325	0.00636598	-0.00274264	0.725483
22	14	0.55	0.35	-0.00174365	-0.0115904	0.474598
22	15	0.55	0.375	0.00577329	-0.00646786	0.887013
22	16	0.55	0.4	0.00311097	-0.00739331	0.392454
22	17	0.55	0.425	0.00249084	-0.01479	0.839799
22	18	0.55	0.45	0.0159659	-0.000652119	0.603655
22	19	0.55	0.475	0.00259286	-0.0213207	0.480314
22	20	0.55	0.5	0.0306686	0.000515157	1.05854
22	21	0.55	0.525	0.0179227	-0.0173659	0.0388519
22	22	0.55	0.55	0.0408809	-0.0100126	1.36288
22	23	0.55	0.575	0.0560618	-0.000599273	0.0131299
22	24	0.55	0.6	0.0508074	-0.0280709	1.02446
22	25	0.55	0.625	0.111065	0.0186488	0.754632
22	26	0.55	0.65	0.0788851	-0.036832	-0.0388979
22	27	0.55	0.675	0.16756	0.0210661	1.96017
22	28	0.55	0.7	0.147357	-0.0167581	-1.10425
22	29	0.55	0.725	0.216643	-0.00488816	2.56274
22	30	0.55	0.75	0.263824	0.0315021	-0.94298
22	31	0.55	0.775	0.267707	-0.0410953	1.49545
22	32	0.55	0.8	0.412386	0.0718068	0.938511
22	33	0.55	0.825	0.347307	-0.0402748	-0.883615
22	34	0.55	0.85	0.565795	0.0608424	3.15948
22	35	0.55	0.875	0.485332	0.0209196	-2.4086
22	36	0.55	0.9	0.706161	0.0110559	3.43009
22	37	0.55	0.925	0.684194	0.0849663	-1.48037
22	38	0.55	0.95	0.839378	-0.00197524	1.60597
22	39	0.55	0.975	0.897799	0.0806632	0.324743
22	40	0.55	1	1	0	0
23	0	0.575	0	0	0	0.909773
23	1	0.575	0.025	0.00249029	-0.00101331	0.909773
23	2	0.575	0.05	0.0063836	-0.000733383	0.926339
23	3	0.575	0.075	0.00970931	-0.00237119	0.885102
23	4	0.575	0.1	0.0117088	-0.00306264	0.941143
23	5	0.575	0.125	0.0131202	-0.00278541	0.891101
23	6	0.575	0.15	0.0117902	-0.00620295	0.904517
23	7	0.575	0.175	0.0121326	-0.00382347	0.953806
23	8	0.575	0.2	0.00930633	-0.00791677	0.831454
23	9	0.575	0.225	0.00825418	-0.00748436	1.01061
23	10	0.575	0.25	0.00734187	-0.00705469	0.821961
23	11	0.575	0.275	0.00339906	-0.0130905	0.95129
23	12	0.575	0.3	0.00632888	-0.00610227	0.956498
23	13	0.575	0.325	0.000648655	-0.0163386	0.765729
23	14	0.575	0.35	0.00442532	-0.00971165	1.14754
23	15	0.575	0.375	0.0032781	-0.0133039	0.638799
23	16	0.575	0.4	0.00116088	-0.0189483	1.1486
23	17	0.575	0.425	0.0114241	-0.00633265	0.812592
23	18	0.575	0.45	0.0012968	-0.0272818	0.804381
23	19	0.575	0.475	0.0206163	-0.00429919	1.28
23	20	0.575	0.5	0.0137379	-0.024683	0.325111
23	21	0.575	0.525	0.026735	-0.0144251	1.63961
23	22	0.575	0.55	0.0437212	-0.00798006	0.236719
23	23	0.575	0.575	0.034891	-0.0326211	1.36196
23	24	0.575	0.6	0.0851943	0.0125965	0.928146
23	25	0.575	0.625	0.0621317	-0.0421141	0.327664
23	26	0.575	0.65	0.125081	0.018542	2.14434
23	27	0.575	0.675	0.125996	-0.023968	-0.80895
23	28	0.575	0.7	0.160463	-0.00210766	2.8988
23	29	0.575	0.725	0.226078	0.0247297	-0.868252
23	30	0.575	0.75	0.210574	-0.0380841	2.06758
23	31	0.575	0.775	0.341211	0.0771282	0.885915
23	32	0.575	0.8	0.303672	-0.0493804	-0.435506
23	33	0.575	0.825	0.453928	0.0881947	3.60953
23	34	0.575	0.85	0.448473	0.00246441	-2.83657
23	35	0.575	0.875	0.574916	0.0431873	4.94601
23	36	0.575	0.9	0.625979	0.0913337	-2.78488
23	37	0.575	0.925	0.725743	0.00148376	3.42828
23	38	0.575	0.95	0.811266	0.124498	-0.51038
23	39	0.575	0.975	0.902138	0.0448324	1.16679
23	40	0.575	1	1	0	0
24	0	0.6	0	0	0	1.18153
24	1	0.6	0.025	0.00269582	-0.000474152	1.18153
24	2	0.6	0.05	0.0067965	-0.00224879	1.16391
24	3	0.6	0.075	0.00984933	-0.00264902	1.20078
24	4	0.6	0.1	0.0128513	-0.00357622	1.1534
24	5	0.6	0.125	0.0126989	-0.00626755	1.18573
24	6	0.6	0.15	0.0135998	-0.00491612	1.19552
24	7	0.6	0.175	0.0118485	-0.00932521	1.12249
24	8	0.6	0.2	0.0102584	-0.00840279	1.25889
24	9	0.6	0.225	0.0100212	-0.0100073	1.08733
24	10	0.6	0.25	0.00559985	-0.0143697	1.2395
24	11	0.6	0.275	0.00791192	-0.00964722	1.17796
24	12	0.6	0.3	0.00291986	-0.019334	1.08744
24	13	0.6	0.325	0.0044783	-0.0126578	1.35971
24	14	0.6	0.35	0.00461935	-0.0187184	0.937265
24	15	0.6	0.375	0.000154905	-0.0214254	1.41605
24	16	0.6	0.4	0.00990985	-0.0131076	1.03429
24	17	0.6	0.425	-0.000390368	-0.0309216	1.15252
24	18	0.6	0.45	0.0146291	-0.0104881	1.43777
24	19	0.6	0.475	0.0101196	-0.0309656	0.70385
24	20	0.6	0.5	0.0159644	-0.0189755	1.81037
24	21	0.6	0.525	0.0349337	-0.0169114	0.556866
24	22	0.6	0.55	0.0198888	-0.0357118	1.63282
24	23	0.6	0.575	0.0672333	0.00213216	1.11427
24	24	0.6	0.6	0.0432929	-0.0445893	0.75729
24	25	0.6	0.625	0.094007	0.00891255	2.16633
24	26	0.6	0.65	0.10296	-0.0284338	-0.237142
24	27	0.6	0.675	0.112914	-0.00586075	2.85066
24	28	0.6	0.7	0.19567	0.0139085	-0.354928
24	29	0.6	0.725	0.148834	-0.0314357	2.25643
24	30	0.6	0.75	0.292256	0.0618827	0.986684
24	31	0.6	0.775	0.243082	-0.0391612	0.275288
24	32	0.6	0.8	0.366071	0.0848584	3.2629
24	33	0.6	0.825	0.407618	-0.00143004	-1.94417
24	34	0.6	0.85	0.437555	0.0663044	4.87411
24	35	0.6	0.875	0.597741	0.0759141	-2.61052
24	36	0.6	0.9	0.569345	0.0313737	4.31315
24	37	0.6	0.925	0.76067	0.136607	-1.08942
24	38	0.6	0.95	0.778276	0.0381055	2.11773
24	39	0.6	0.975	0.908261	0.134446	0.872862
24	40	0.6	1	1	0	0
25	0	0.625	0	0	0	1.44217
25	1	0.625	0.025	0.00305651	-0.00136989	1.44217
25	2	0.625	0.05	0.00687092	-0.00199587	1.45372
25	3	0.625	0.075	0.0112007	-0.00361141	1.42736
25	4	0.625	0.1	0.0124037	-0.00559361	1.45344
25	5	0.625	0.125	0.0146569	-0.00564393	1.44589
25	6	0.625	0.15	0.0136386	-0.00946418	1.41318
25	7	0.625	0.175	0.0126229	-0.00906993	1.49483
25	8	0.625	0.2	0.0127047	-0.0117699	1.37459
25	9	0.625	0.225	0.00809022	-0.0147828	1.49984
25	10	0.625	0.25	0.0105181	-0.0127705	1.42227
25	11	0.625	0.275	0.00503754	-0.0205869	1.39863
25	12	0.625	0.3	0.00627944	-0.0157422	1.56099
25	13	0.625	0.325	0.00603803	-0.0223836	1.26675
25	14	0.625	0.35	0.000687968	-0.0234826	1.63601
25	15	0.625	0.375	0.00988477	-0.0193539	1.30553
25	16	0.625	0.4	-0.00149585	-0.03294	1.46111
25	17	0.625	0.425	0.0120877	-0.0174566	1.61006
25	18	0.625	0.45	0.00646579	-0.0352793	1.09733
25	19	0.625	0.475	0.00997679	-0.0245367	1.93523
25	20	0.625	0.5	0.026946	-0.0248846	0.945264
25	21	0.625	0.525	0.0093651	-0.0393713	1.81968
25	22	0.625	0.55	0.0531152	-0.00896187	1.38825
25	23	0.625	0.575	0.0260695	-0.0471158	1.10299
25	24	0.625	0.6	0.0725388	-0.00388645	2.24932
25	25	0.625	0.625	0.0765912	-0.0311068	0.322023
25	26	0.625	0.65	0.0811618	-0.0173946	2.72215
25	27	0.625	0.675	0.160271	0.00721557	0.372421
25	28	0.625	0.7	0.1003	-0.0345581	2.07174
25	29	0.625	0.725	0.249354	0.0446845	1.57475
25	30	0.625	0.75	0.17594	-0.0271739	0.504515
25	31	0.625	0.775	0.307813	0.0589663	3.16951
25	32	0.625	0.8	0.337942	0.0168257	-0.839698
25	33	0.625	0.825	0.339101	0.0529103	3.95076
25	34	0.625	0.85	0.548808	0.0773812	-0.981581
25	35	0.625	0.875	0.417649	0.0513675	3.41355
25	36	0.625	0.9	0.726564	0.121866	-0.0558856
25	37	0.625	0.925	0.616448	0.073189	2.18067
25	38	0.625	0.95	0.847767	0.132124	0.942906
25	39	0.625	0.975	0.878179	0.121843	1.45382
25	40	0.625	1	1	0	0
26	0	0.65	0	0	0	1.71077
26	1	0.65	0.025	0.00325143	-0.00120697	1.71077
26	2	0.65	0.05	0.00800041	-0.00280647	1.70348
26	3	0.65	0.075	0.0108689	-0.00461456	1.71135
26	4	0.65	0.1	0.0145479	-0.00565423	1.70963
26	5	0.65	0.125	0.0145254	-0.00875182	1.68976
26	6	0.65	0.15	0.0149036	-0.00942685	1.73778
26	7	0.65	0.175	0.0149109	-0.0121753	1.66431
26	8	0.65	0.2	0.0111184	-0.01491	1.74392
26	9	0.65	0.225	0.0133081	-0.0147114	1.69158
26	10	0.65	0.25	0.00753814	-0.0208355	1.67998
26	11	0.65	0.275	0.00920435	-0.0184361	1.78479
26	12	0.65	0.3	0.00748067	-0.0241996	1.58725
26	13	0.65	0.325	0.00302775	-0.0255879	1.84301
26	14	0.65	0.35	0.0102507	-0.0238447	1.60842
26	15	0.65	0.375	-0.000894046	-0.0344042	1.72302
26	16	0.65	0.4	0.0113415	-0.0237579	1.83022
26	17	0.65	0.425	0.00389513	-0.0381152	1.45004
26	18	0.65	0.45	0.00766627	-0.0303926	2.08245
26	19	0.65	0.475	0.0196976	-0.0312585	1.33037
26	20	0.65	0.5	0.00410369	-0.0437336	1.98768
26	21	0.65	0.525	0.0403567	-0.0187817	1.701
26	22	0.65	0.55	0.0144239	-0.0512285	1.38243
26	23	0.65	0.575	0.055201	-0.0155381	2.43108
26	24	0.65	0.6	0.0529807	-0.0361662	0.741864
26	25	0.65	0.625	0.0604339	-0.0302368	2.75855
26	26	0.65	0.65	0.12108	0.00130417	0.947964
26	27	0.65	0.675	0.0713438	-0.0470262	1.94789
26	28	0.65	0.7	0.199115	0.0346943	2.28214
26	29	0.65	0.725	0.125033	-0.0309625	0.361533
26	30	0.65	0.75	0.25624	0.0360557	3.68119
26	31	0.65	0.775	0.257409	0.0317621	-0.442593
26	32	0.65	0.8	0.280951	0.0168651	3.56284
26	33	0.65	0.825	0.45712	0.101646	0.587749
26	34	0.65	0.85	0.32081	0.0292748	1.84989
26	35	0.65	0.875	0.654743	0.125648	2.31621
26	36	0.65	0.9	0.468072	0.0958051	0.515515
26	37	0.65	0.925	0.791145	0.113656	2.65898
26	38	0.65	0.95	0.733482	0.15294	0.869296
26	39	0.65	0.975	0.908336	0.14212	1.86991
26	40	0.65	1	1	0	0
27	0	0.675	0	0	0	1.9732
27	1	0.675	0.025	0.00383148	-0.00150284	1.9732
27	2	0.675	0.05	0.00805692	-0.0034392	1.97024
27	3	0.675	0.075	0.0127722	-0.00481064	1.97809
27	4	0.675	0.1	0.0143905	-0.0076524	1.95431
27	5	0.675	0.125	0.0163323	-0.00913073	1.99437
27	6	0.675	0.15	0.0165267	-0.0116162	1.9411
27	7	0.675	0.175	0.0143287	-0.0147583	1.99172
27	8	0.675	0.2	0.0158129	-0.0152486	1.96716
27	9	0.675	0.225	0.0107243	-0.0206937	1.94131
27	10	0.675	0.25	0.0124031	-0.0200025	2.03528
27	11	0.675	0.275	0.00945397	-0.0248169	1.87858
27	12	0.675	0.3	0.006518	-0.0273141	2.06913
27	13	0.675	0.325	0.0109157	-0.0263896	1.90667
27	14	0.675	0.35	0.00156596	-0.0357271	1.96818
27	15	0.675	0.375	0.0113173	-0.0283252	2.0829
27	16	0.675	0.4	0.00338359	-0.0401721	1.75793
27	17	0.675	0.425	0.00726958	-0.0353902	2.27445
27	18	0.675	0.45	0.0144704	-0.0362777	1.67449
27	19	0.675	0.475	0.00241308	-0.0477996	2.18611
27	20	0.675	0.5	0.0295572	-0.0272836	1.99144
27	21	0.675	0.525	0.0084184	-0.055808	1.66981
27	22	0.675	0.55	0.0397244	-0.0252056	2.62682
27	23	0.675	0.575	0.0367087	-0.0442268	1.10001
27	24	0.675	0.6	0.0432529	-0.0395387	2.92943
27	25	0.675	0.625	0.0872915	-0.00956786	1.29381
27	26	0.675	0.65	0.0534428	-0.0589642	2.13429
27	27	0.675	0.675	0.146166	0.0254189	2.66625
27	28	0.675	0.7	0.0961476	-0.047436	0.428856
27	29	0.675	0.725	0.195589	0.0261079	4.2538
27	30	0.675	0.75	0.19564	0.0220361	-0.510552
27	31	0.675	0.775	0.230056	-0.0083019	4.05603
27	32	0.675	0.8	0.351893	0.116004	1.02692
27	33	0.675	0.825	0.272771	-0.0152371	1.33301
27	34	0.675	0.85	0.530012	0.153933	4.15323
27	35	0.675	0.875	0.382645	0.0698667	-1.42812
27	36	0.675	0.9	0.686657	0.114098	5.42766
27	37	0.675	0.925	0.601635	0.190157	-1.00583
27	38	0.675	0.95	0.819935	0.0933533	3.37978
27	39	0.675	0.975	0.870749	0.224817	1.50601
27	40	0.675	1	1	0	0
28	0	0.7	0	0	0	2.23544
28	1	0.7	0.025	0.00416076	-0.00197687	2.23544
28	2	0.7	0.05	0.00935481	-0.00334579	2.24151
28	3	0.7	0.075	0.0129547	-0.00631728	2.21753
28	4	0.7	0.1	0.0162752	-0.0080114	2.25691
28	5	0.7	0.125	0.0174545	-0.0105854	2.20537
28	6	0.7	0.15	0.0170032	-0.0140133	2.25156
28	7	0.7	0.175	0.0179573	-0.0147435	2.23249
28	8	0.7	0.2	0.0143172	-0.0202385	2.20256
28	9	0.7	0.225	0.0154049	-0.020183	2.29498
28	10	0.7	0.25	0.0122574	-0.0248524	2.14862
28	11	0.7	0.275	0.0103135	-0.0279914	2.31979
28	12	0.7	0.3	0.0122891	-0.0275167	2.18086
28	13	0.7	0.325	0.00520497	-0.0365873	2.2251
28	14	0.7	0.35	0.0118779	-0.0309245	2.33746
28	15	0.7	0.375	0.00488989	-0.0416949	2.04591
28	16	0.7	0.4	0.00782418	-0.0387687	2.49595
28	17	0.7	0.425	0.0119458	-0.0401172	1.98246
28	18	0.7	0.45	0.00250862	-0.050776	2.41771
28	19	0.7	0.475	0.0221077	-0.0345312	2.24896
28	20	0.7	0.5	0.00572052	-0.0592739	1.98916
28	21	0.7	0.525	0.027507	-0.0338965	2.78436
28	22	0.7	0.55	0.0269074	-0.0522978	1.49259
28	23	0.7	0.575	0.027696	-0.0460631	3.08827
28	24	0.7	0.6	0.0639916	-0.0248127	1.58277
28	25	0.7	0.625	0.0369835	-0.0647834	2.49312
28	26	0.7	0.65	0.103069	0.00882569	2.72665
28	27	0.7	0.675	0.0769419	-0.062022	0.949497
28	28	0.7	0.7	0.133977	0.017977	4.34726
28	29	0.7	0.725	0.158313	-0.00533822	-0.267373
28	30	0.7	0.75	0.166643	-0.01261	4.63674
28	31	0.7	0.775	0.270876	0.0957347	0.786863
28	32	0.7	0.8	0.228132	-0.0405386	2.12154
28	33	0.7	0.825	0.395045	0.167582	4.31318
28	34	0.7	0.85	0.344705	0.0186968	-1.73342
28	35	0.7	0.875	0.52696	0.144753	7.18497
28	36	0.7	0.9	0.527001	0.168781	-2.84224
28	37	0.7	0.925	0.682789	0.0869611	5.94948
28	38	0.7	0.95	0.755642	0.258413	-0.0329931
28	39	0.7	0.975	0.878516	0.155603	2.76275
28	40	0.7	1	1	0	0
29	0	0.725	0	0	0	2.4995
29	1	0.725	0.025	0.00481159	-0.00171622	2.4995
29	2	0.725	0.05	0.00993548	-0.00461764	2.48575
29	3	0.725	0.075	0.0144755	-0.00624965	2.51512
29	4	0.725	0.1	0.0173573	-0.00928403	2.46742
29	5	0.725	0.125	0.0184905	-0.0124905	2.51689
29	6	0.725	0.15	0.019702	-0.0137132	2.48633
29	7	0.725	0.175	0.0176687	-0.0192028	2.47342
29	8	0.725	0.2	0.0181503	-0.0193	2.54682
29	9	0.725	0.225	0.0156557	-0.0244586	2.41649
29	10	0.725	0.25	0.0139392	-0.0273402	2.57951
29	11	0.725	0.275	0.0145932	-0.0278178	2.43669
29	12	0.725	0.3	0.00921529	-0.0364247	2.49999
29	13	0.725	0.325	0.0132732	-0.031932	2.57662
29	14	0.725	0.35	0.00769843	-0.0424731	2.33699
29	15	0.725	0.375	0.0091919	-0.0402975	2.72355
29	16	0.725	0.4	0.0117385	-0.0427561	2.27408
29	17	0.725	0.425	0.00370994	-0.0523343	2.66489
29	18	0.725	0.45	0.0181811	-0.0400685	2.49247
29	19	0.725	0.475	0.00465629	-0.0612031	2.31655
29	20	0.725	0.5	0.0200322	-0.0416271	2.92631
29	21	0.725	0.525	0.0204334	-0.0578731	1.91677
29	22	0.725	0.55	0.0163248	-0.0523457	3.18478
29	23	0.725	0.575	0.0488517	-0.039068	1.95078
29	24	0.725	0.6	0.0209724	-0.0672086	2.78752
29	25	0.725	0.625	0.0749158	-0.0133781	2.76377
29	26	0.725	0.65	0.0561864	-0.0677941	1.65049
29	27	0.725	0.675	0.0874574	6.87599e-05	4.04865
29	28	0.725	0.7	0.129506	-0.0297004	0.542181
29	29	0.725	0.725	0.102622	-0.013803	4.61414
29	30	0.725	0.75	0.219192	0.0523888	0.913326
29	31	0.725	0.775	0.16334	-0.0375901	3.07372
29	32	0.725	0.8	0.295423	0.137862	3.54535
29	33	0.725	0.825	0.298639	-0.00912813	-0.329653
29	34	0.725	0.85	0.367322	0.160079	6.80925
29	35	0.725	0.875	0.486346	0.114668	-2.66492
29	36	0.725	0.9	0.496365	0.115458	7.27358
29	37	0.725	0.925	0.680341	0.254151	-1.21294
29	38	0.725	0.95	0.7222	0.113661	4.18761
29	39	0.725	0.975	0.877837	0.286955	2.0361
29	40	0.725	1	1	0	0
30	0	0.75	0	0	0	2.75608
30	1	0.75	0.025	0.00540205	-0.00251937	2.75608
30	2	0.75	0.05	0.0110014	-0.00419944	2.76675
30	3	0.75	0.075	0.0157432	-0.0076038	2.73456
30	4	0.75	0.1	0.0184318	-0.0103386	2.77712
30	5	0.75	0.125	0.0207534	-0.0124212	2.7383
30	6	0.75	0.15	0.020163	-0.0174056	2.74872
30	7	0.75	0.175	0.0206514	-0.0178877	2.78792
30	8	0.75	0.2	0.0190655	-0.0234396	2.69295
30	9	0.75	0.225	0.0173226	-0.0256284	2.83148
30	10	0.75	0.25	0.0175921	-0.0275314	2.6913
30	11	0.75	0.275	0.0131265	-0.0349547	2.78054
30	12	0.75	0.3	0.0155749	-0.0318801	2.8032
30	13	0.75	0.325	0.0110656	-0.0421174	2.63789
30	14	0.75	0.35	0.0114313	-0.0401498	2.94368
30	15	0.75	0.375	0.0130341	-0.0441264	2.56421
30	16	0.75	0.4	0.00597909	-0.0522739	2.91435
30	17	0.75	0.425	0.0168431	-0.0435286	2.73481
30	18	0.75	0.45	0.0050211	-0.0618223	2.63178
30	19	0.75	0.475	0.0167783	-0.0471984	3.0888
30	20	0.75	0.5	0.0157528	-0.0609221	2.31703
30	21	0.75	0.525	0.0108728	-0.0584362	3.2796
30	22	0.75	0.55	0.0375021	-0.0486383	2.36706
30	23	0.75	0.575	0.0097926	-0.0706033	2.96426
30	24	0.75	0.6	0.0570944	-0.0331595	2.96551
30	25	0.75	0.625	0.0347158	-0.0694113	2.18869
30	26	0.75	0.65	0.0605883	-0.0250739	3.80134
30	27	0.75	0.675	0.0970123	-0.0419191	1.509
30	28	0.75	0.7	0.058092	-0.0282056	4.14739
30	29	0.75	0.725	0.176728	0.0136102	1.71516
30	30	0.75	0.75	0.0957424	-0.0316525	3.28731
30	31	0.75	0.775	0.233604	0.0804272	3.22986
30	32	0.75	0.8	0.221248	-0.00528664	1.24103
30	33	0.75	0.825	0.258982	0.126031	5.39007
30	34	0.75	0.85	0.420767	0.0808287	-0.634332
30	35	0.75	0.875	0.323393	0.131908	6.3559
30	36	0.75	0.9	0.620095	0.203514	-0.478139
30	37	0.75	0.925	0.524491	0.139477	4.87581
30	38	0.75	0.95	0.784935	0.269983	1.48731
30	39	0.75	0.975	0.836571	0.2317	3.00717
30	40	0.75	1	1	0	0
31	0	0.775	0	0	0	3.01818
31	1	0.775	0.025	0.00607745	-0.00217965	3.01818
31	2	0.775	0.05	0.0122692	-0.00539865	3.00471
31	3	0.775	0.075	0.0166963	-0.00788448	3.02873
31	4	0.775	0.1	0.020591	-0.0108029	2.99638
31	5	0.775	0.125	0.0214344	-0.0149813	3.01782
31	6	0.775	0.15	0.0226939	-0.016281	3.02692
31	7	0.775	0.175	0.0219195	-0.0216344	2.97441
31	8	0.775	0.2	0.0204932	-0.0233887	3.07128
31	9	0.775	0.225	0.020753	-0.0265633	2.95591
31	10	0.775	0.25	0.0168211	-0.0323676	3.05151
31	11	0.775	0.275	0.0185056	-0.0311008	3.03068
31	12	0.775	0.3	0.0145338	-0.0403727	2.94108
31	13	0.775	0.325	0.0144072	-0.0387369	3.1557
31	14	0.775	0.35	0.0151592	-0.0441097	2.85896
31	15	0.775	0.375	0.00917905	-0.0504837	3.15945
31	16	0.775	0.4	0.0170938	-0.0450353	2.97795
31	17	0.775	0.425	0.00697587	-0.0610019	2.93688
31	18	0.775	0.45	0.0160869	-0.0497799	3.27404
31	19	0.775	0.475	0.0132342	-0.0624099	2.67107
31	20	0.775	0.5	0.0100598	-0.0621898	3.42969
31	21	0.775	0.525	0.0284041	-0.0539817	2.73735
31	22	0.775	0.55	0.00573314	-0.0749948	3.13102
31	23	0.775	0.575	0.0434441	-0.045466	3.26534
31	24	0.775	0.6	0.0193626	-0.0731087	2.5132
31	25	0.775	0.625	0.0457045	-0.0464953	3.84357
31	26	0.775	0.65	0.0641086	-0.0482553	2.18662
31	27	0.775	0.675	0.0370118	-0.0524434	3.81853
31	28	0.775	0.7	0.130236	-0.00857788	2.66247
31	29	0.775	0.725	0.0507402	-0.0436588	2.97236
31	30	0.775	0.75	0.183279	0.0299967	3.75172
31	31	0.775	0.775	0.138431	-0.000854059	1.86115
31	32	0.775	0.8	0.198526	0.0613218	4.63034
31	33	0.775	0.825	0.314033	0.0767071	1.37982
31	34	0.775	0.85	0.216373	0.0960177	4.55346
31	35	0.775	0.875	0.520094	0.16535	1.88893
31	36	0.775	0.9	0.347885	0.152283	3.61172
31	37	0.775	0.925	0.691371	0.232079	2.73355
31	38	0.775	0.95	0.645194	0.225099	2.75665
31	39	0.775	0.975	0.865862	0.290736	3.17334
31	40	0.775	1	1	0	0
32	0	0.8	0	0	0	3.27151
32	1	0.8	0.025	0.00694345	-0.00283562	3.27151
32	2	0.8	0.05	0.0131949	-0.00534737	3.27665
32	3	0.8	0.075	0.0187222	-0.00868924	3.2597
32	4	0.8	0.1	0.0213073	-0.0122569	3.27591
32	5	0.8	0.125	0.023824	-0.0144908	3.27233
32	6	0.8	0.15	0.023877	-0.0191697	3.25054
32	7	0.8	0.175	0.0233038	-0.0210297	3.30615
32	8	0.8	0.2	0.0235536	-0.0247902	3.22879
32	9	0.8	0.225	0.020296	-0.0291625	3.30717
32	10	0.8	0.25	0.0215742	-0.0296368	3.26977
32	11	0.8	0.275	0.0179073	-0.0373334	3.23459
32	12	0.8	0.3	0.0177719	-0.0364734	3.36749
32	13	0.8	0.325	0.0176751	-0.0425514	3.15685
32	14	0.8	0.35	0.012921	-0.0471568	3.39659
32	15	0.8	0.375	0.0183355	-0.0448694	3.22439
32	16	0.8	0.4	0.0101661	-0.058274	3.2376
32	17	0.8	0.425	0.0167205	-0.0496997	3.46442
32	18	0.8	0.45	0.0132549	-0.0624068	3.00208
32	19	0.8	0.475	0.0114179	-0.0620995	3.62411
32	20	0.8	0.5	0.0224733	-0.0570797	3.03442
32	21	0.8	0.525	0.0067683	-0.0770137	3.37439
32	22	0.8	0.55	0.0322336	-0.0513799	3.51679
32	23	0.8	0.575	0.0131185	-0.0788062	2.79474
32	24	0.8	0.6	0.0344572	-0.057611	4.05717
32	25	0.8	0.625	0.0401688	-0.0567862	2.53973
32	26	0.8	0.65	0.0284365	-0.0722473	3.90493
32	27	0.8	0.675	0.085377	-0.0217922	3.21525
32	28	0.8	0.7	0.0322539	-0.0687398	2.84128
32	29	0.8	0.725	0.129298	0.00149267	4.4612
32	30	0.8	0.75	0.0820753	-0.0193302	1.80368
32	31	0.8	0.775	0.151129	0.00686616	4.94761
32	32	0.8	0.8	0.203319	0.0692071	2.14404
32	33	0.8	0.825	0.163593	0.0281965	3.75576
32	34	0.8	0.85	0.375759	0.151528	3.87866
32	35	0.8	0.875	0.240859	0.111258	1.87484
32	36	0.8	0.9	0.551946	0.194221	5.10974
32	37	0.8	0.925	0.467308	0.240179	1.47824
32	38	0.8	0.95	0.729988	0.223467	4.21525
32	39	0.8	0.975	0.81219	0.340938	2.99454
32	40	0.8	1	1	0	0
33	0	0.825	0	0	0	3.52768
33	1	0.825	0.025	0.00775024	-0.00282631	3.52768
33	2	0.825	0.05	0.0148734	-0.00605229	3.52157
33	3	0.825	0.075	0.0196089	-0.0094627	3.52659
33	4	0.825	0.1	0.0235641	-0.0123724	3.52461
33	5	0.825	0.125	0.0247832	-0.0163882	3.5152
33	6	0.825	0.15	0.0253887	-0.0186627	3.54491
33	7	0.825	0.175	0.0256765	-0.0223241	3.50049
33	8	0.825	0.2	0.0234272	-0.0258095	3.55281
33	9	0.825	0.225	0.0243034	-0.0274252	3.52088
33	10	0.825	0.25	0.0210938	-0.033424	3.51189
33	11	0.825	0.275	0.0210775	-0.0335733	3.58794
33	12	0.825	0.3	0.0202824	-0.0394531	3.45104
33	13	0.825	0.325	0.016758	-0.0427551	3.62651
33	14	0.825	0.35	0.0201719	-0.0430833	3.47884
33	15	0.825	0.375	0.01388	-0.0535129	3.52951
33	16	0.825	0.4	0.0182005	-0.0477516	3.65423
33	17	0.825	0.425	0.0151646	-0.0600973	3.33441
33	18	0.825	0.45	0.0134824	-0.058626	3.81993
33	19	0.825	0.475	0.020247	-0.0584478	3.30521
33	20	0.825	0.5	0.0095737	-0.07421	3.67291
33	21	0.825	0.525	0.0249047	-0.0541963	3.67884
33	22	0.825	0.55	0.0130931	-0.0817473	3.16377
33	23	0.825	0.575	0.0249302	-0.0601746	4.2264
33	24	0.825	0.6	0.0285567	-0.0674501	2.81775
33	25	0.825	0.625	0.0219183	-0.0792281	4.2229
33	26	0.825	0.65	0.0535587	-0.0360801	3.36172
33	27	0.825	0.675	0.0265067	-0.0888455	3.20572
33	28	0.825	0.7	0.0793236	-0.0142087	4.72299
33	29	0.825	0.725	0.0564219	-0.053228	1.91877
33	30	0.825	0.75	0.0992157	-0.0204202	5.53835
33	31	0.825	0.775	0.126545	0.0351733	2.05527
33	32	0.825	0.8	0.122144	-0.0264214	4.29473
33	33	0.825	0.825	0.235719	0.130202	4.3106
33	34	0.825	0.85	0.185175	0.0364389	1.50466
33	35	0.825	0.875	0.373686	0.175674	6.74174
33	36	0.825	0.9	0.3459	0.191887	0.0876823
33	37	0.825	0.925	0.550965	0.190642	6.40363
33	38	0.825	0.95	0.629163	0.329595	1.68277
33	39	0.825	0.975	0.814392	0.297171	4.18788
33	40	0.825	1	1	0	0
34	0	0.85	0	0	0	3.77819
34	1	0.85	0.025	0.00885394	-0.00316768	3.77819
34	2	0.85	0.05	0.0160289	-0.00657151	3.77579
34	3	0.85	0.075	0.0216089	-0.00984521	3.77774
34	4	0.85	0.1	0.0245016	-0.0135732	3.77016
34	5	0.85	0.125	0.0263446	-0.0162142	3.78957
34	6	0.85	0.15	0.0269936	-0.0195058	3.76386
34	7	0.85	0.175	0.0259103	-0.0225316	3.79688
34	8	0.85	0.2	0.0263918	-0.0245517	3.77651
34	9	0.85	0.225	0.0239402	-0.0291478	3.77546
34	10	0.85	0.25	0.0238996	-0.0300709	3.81988
34	11	0.85	0.275	0.0227563	-0.035125	3.73491
34	12	0.85	0.3	0.0202846	-0.0376956	3.85479
34	13	0.85	0.325	0.0222017	-0.0396197	3.74134
34	14	0.85	0.35	0.0175208	-0.0471825	3.80538
34	15	0.85	0.375	0.0202318	-0.0443151	3.85354
34	16	0.85	0.4	0.017826	-0.0549841	3.66576
34	17	0.85	0.425	0.0159706	-0.0531351	3.99889
34	18	0.85	0.45	0.0206789	-0.0570437	3.59672
34	19	0.85	0.475	0.0124651	-0.0670481	3.95675
34	20	0.85	0.5	0.0221348	-0.0551608	3.81944
34	21	0.85	0.525	0.0149619	-0.0783906	3.59621
34	22	0.85	0.55	0.0192264	-0.0589574	4.28519
34	23	0.85	0.575	0.0251232	-0.0742751	3.20687
34	24	0.85	0.6	0.0156522	-0.0756532	4.47808
34	25	0.85	0.625	0.0378036	-0.0517893	3.4326
34	26	0.85	0.65	0.0214633	-0.0935095	3.81983
34	27	0.85	0.675	0.0461822	-0.0293247	4.54133
34	28	0.85	0.7	0.0453189	-0.0805618	2.56293
34	29	0.85	0.725	0.0525191	-0.0314487	5.65689
34	30	0.85	0.75	0.0872183	-0.0144307	2.11924
34	31	0.85	0.775	0.0739229	-0.0500579	5.16652
34	32	0.85	0.8	0.141335	0.080626	3.7753
34	33	0.85	0.825	0.136116	-0.0248033	2.62481
34	34	0.85	0.85	0.21394	0.146337	6.63888
34	35	0.85	0.875	0.263376	0.103767	0.229657
34	36	0.85	0.9	0.345149	0.167409	7.67506
34	37	0.85	0.925	0.475148	0.289526	0.801042
34	38	0.85	0.95	0.597178	0.217907	5.40767
34	39	0.85	0.975	0.79014	0.410027	3.53682
34	40	0.85	1	1	0	0
35	0	0.875	0	0	0	4.02608
35	1	0.875	0.025	0.00997577	-0.00352668	4.02608
35	2	0.875	0.05	0.0177482	-0.00693282	4.02627
35	3	0.875	0.075	0.022797	-0.0107485	4.02028
35	4	0.875	0.1	0.0259378	-0.0136238	4.03546
35	5	0.875	0.125	0.0274234	-0.0166687	4.01865
35	6	0.875	0.15	0.0273994	-0.0193487	4.04283
35	7	0.875	0.175	0.0277224	-0.0213107	4.02943
35	8	0.875	0.2	0.0261627	-0.0248317	4.03216
35	9	0.875	0.225	0.0259529	-0.0260304	4.05914
35	10	0.875	0.25	0.0248799	-0.030062	4.00738
35	11	0.875	0.275	0.0231364	-0.0321681	4.08654
35	12	0.875	0.3	0.0240591	-0.0346494	4.00642
35	13	0.875	0.325	0.0207064	-0.0399331	4.06558
35	14	0.875	0.35	0.022349	-0.0393392	4.07095
35	15	0.875	0.375	0.0204239	-0.0474998	3.98031
35	16	0.875	0.4	0.0187644	-0.0464456	4.17546
35	17	0.875	0.425	0.0221185	-0.0520197	3.91108
35	18	0.875	0.45	0.0153977	-0.0574792	4.19284
35	19	0.875	0.475	0.0224477	-0.0531914	4.00897
35	20	0.875	0.5	0.0167319	-0.0691262	3.99777
35	21	0.875	0.525	0.0182578	-0.056129	4.31716
35	22	0.875	0.55	0.0242786	-0.072754	3.6875
35	23	0.875	0.575	0.0126277	-0.0676827	4.57442
35	24	0.875	0.6	0.0321984	-0.0622186	3.66908
35	25	0.875	0.625	0.0157224	-0.0852052	4.32009
35	26	0.875	0.65	0.0318959	-0.0449893	4.31197
35	27	0.875	0.675	0.035507	-0.0888311	3.45118
35	28	0.875	0.7	0.0250084	-0.0403515	5.30581
35	29	0.875	0.725	0.0664342	-0.0541618	2.7477
35	30	0.875	0.75	0.0317658	-0.0547204	5.51459
35	31	0.875	0.775	0.0928287	0.0175014	3.4245
35	32	0.875	0.8	0.0802932	-0.0534853	4.04115
35	33	0.875	0.825	0.113759	0.0890504	5.58911
35	34	0.875	0.85	0.184215	0.0241511	1.79522
35	35	0.875	0.875	0.173958	0.131576	7.32096
35	36	0.875	0.9	0.34351	0.190039	1.18462
35	37	0.875	0.925	0.361305	0.186781	6.49242
35	38	0.875	0.95	0.586815	0.34511	2.82174
35	39	0.875	0.975	0.739572	0.353965	4.63053
35	40	0.875	1	1	0	0
36	0	0.9	0	0	0	4.27004
36	1	0.9	0.025	0.0113538	-0.00374453	4.27004
36	2	0.9	0.05	0.0192588	-0.00769919	4.2668
36	3	0.9	0.075	0.0241111	-0.0108871	4.27706
36	4	0.9	0.1	0.0268322	-0.0139212	4.26791
36	5	0.9	0.125	0.0277035	-0.0162454	4.28775
36	6	0.9	0.15	0.0282369	-0.0180193	4.27783
36	7	0.9	0.175	0.0274304	-0.0205857	4.2858
36	8	0.9	0.2	0.0271181	-0.021665	4.30003
36	9	0.9	0.225	0.0263652	-0.0246704	4.272
36	10	0.9	0.25	0.0250397	-0.0262637	4.32193
36	11	0.9	0.275	0.0254583	-0.0286154	4.2694
36	12	0.9	0.3	0.0231187	-0.0321911	4.31618
36	13	0.9	0.325	0.0240652	-0.0328652	4.30433
36	14	0.9	0.35	0.0225627	-0.0385531	4.27077
36	15	0.9	0.375	0.0213743	-0.0386175	4.36844
36	16	0.9	0.4	0.0234869	-0.0437627	4.22351
36	17	0.9	0.425	0.0184495	-0.0468726	4.39904
36	18	0.9	0.45	0.0236715	-0.0471718	4.25552
36	19	0.9	0.475	0.0185243	-0.0565102	4.31974
36	20	0.9	0.5	0.02018	-0.050756	4.41505
36	21	0.9	0.525	0.0235592	-0.0632603	4.14385
36	22	0.9	0.55	0.0140817	-0.0584591	4.60824
36	23	0.9	0.575	0.0296865	-0.062277	4.05644
36	24	0.9	0.6	0.0131172	-0.0712236	4.58715
36	25	0.9	0.625	0.0284887	-0.0543484	4.31556
36	26	0.9	0.65	0.0258226	-0.0805345	4.17667
36	27	0.9	0.675	0.0173506	-0.0490452	4.9182
36	28	0.9	0.7	0.0495308	-0.0700754	3.64187
36	29	0.9	0.725	0.0105507	-0.055102	5.33298
36	30	0.9	0.75	0.0673855	-0.0312806	3.70513
36	31	0.9	0.775	0.0348352	-0.0599519	4.84285
36	32	0.9	0.8	0.0673404	0.0223621	4.80636
36	33	0.9	0.825	0.106117	-0.0236378	3.52481
36	34	0.9	0.85	0.0752639	0.0706881	6.19615
36	35	0.9	0.875	0.218875	0.0871208	2.67491
36	36	0.9	0.9	0.171387	0.131839	6.34407
36	37	0.9	0.925	0.388654	0.251136	3.33252
36	38	0.9	0.95	0.45933	0.258353	4.97029
36	39	0.9	0.975	0.721015	0.426462	4.65575
36	40	0.9	1	1	0	0
37	0	0.925	0	0	0	4.50684
37	1	0.925	0.025	0.0129409	-0.00418621	4.50684
37	2	0.925	0.05	0.020727	-0.00790134	4.51193
37	3	0.925	0.075	0.0251028	-0.0111193	4.5121
37	4	0.925	0.1	0.0269048	-0.0132147	4.52768
37	5	0.925	0.125	0.0278912	-0.0147836	4.52364
37	6	0.925	0.15	0.0275973	-0.0164136	4.53555
37	7	0.925	0.175	0.027401	-0.0172004	4.5411
37	8	0.925	0.2	0.0269442	-0.019139	4.5319
37	9	0.925	0.225	0.0259295	-0.0201369	4.55907
37	10	0.925	0.25	0.0261789	-0.021973	4.5301
37	11	0.925	0.275	0.0245432	-0.0241747	4.56203
37	12	0.925	0.3	0.0251105	-0.0252652	4.54754
37	13	0.925	0.325	0.0240089	-0.0288895	4.54193
37	14	0.925	0.35	0.0232775	-0.0296358	4.58255
37	15	0.925	0.375	0.0244233	-0.0334412	4.51727
37	16	0.925	0.4	0.021162	-0.0355589	4.60562
37	17	0.925	0.425	0.0245577	-0.0374484	4.52697
37	18	0.925	0.45	0.0205946	-0.0425854	4.5816
37	19	0.925	0.475	0.0224466	-0.0415947	4.59574
37	20	0.925	0.5	0.023182	-0.0489943	4.511
37	21	0.925	0.525	0.0179184	-0.0474009	4.69445
37	22	0.925	0.55	0.027353	-0.0524909	4.45977
37	23	0.925	0.575	0.0150774	-0.0556948	4.73059
37	24	0.925	0.6	0.0275981	-0.052258	4.53792
37	25	0.925	0.625	0.020417	-0.0639057	4.61055
37	26	0.925	0.65	0.0196243	-0.0510765	4.79271
37	27	0.925	0.675	0.0350404	-0.064876	4.38087
37	28	0.925	0.7	0.00921649	-0.0534988	5.06797
37	29	0.925	0.725	0.0485691	-0.0514846	4.31504
37	30	0.925	0.75	0.0141267	-0.0570385	5.03763
37	31	0.925	0.775	0.0471085	-0.0247362	4.7057
37	32	0.925	0.8	0.049947	-0.043556	4.57977
37	33	0.925	0.825	0.0367433	0.00830018	5.40364
37	34	0.925	0.85	0.114783	0.0131597	4.15205
37	35	0.925	0.875	0.0651168	0.0576994	5.72858
37	36	0.925	0.9	0.212135	0.126742	4.37482
37	37	0.925	0.925	0.222035	0.172216	5.29164
37	38	0.925	0.95	0.430587	0.286265	4.82903
37	39	0.925	0.975	0.639545	0.415236	5.11173
37	40	0.925	1	1	0	0
38	0	0.95	0	0	0	4.73346
38	1	0.95	0.025	0.0144399	-0.00421334	4.73346
38	2	0.95	0.05	0.0216651	-0.00792882	4.74224
38	3	0.95	0.075	0.0247712	-0.0100812	4.75624
38	4	0.95	0.1	0.0262388	-0.0113895	4.76221
38	5	0.95	0.125	0.0263239	-0.0122049	4.77502
38	6	0.95	0.15	0.0263651	-0.0126126	4.77947
38	7	0.95	0.175	0.0260648	-0.0134769	4.78236
38	8	0.95	0.2	0.0254324	-0.0139199	4.79403
38	9	0.95	0.225	0.025592	-0.0149906	4.78467
38	10	0.95	0.25	0.0245111	-0.0160827	4.80108
38	11	0.95	0.275	0.0249128	-0.017028	4.79263
38	12	0.95	0.3	0.0241395	-0.0189813	4.79654
38	13	0.95	0.325	0.0237932	-0.0198452	4.80876
38	14	0.95	0.35	0.0243276	-0.0221655	4.78796
38	15	0.95	0.375	0.0225179	-0.0236326	4.82175
38	16	0.95	0.4	0.0243803	-0.025418	4.79249
38	17	0.95	0.425	0.0219929	-0.028164	4.81804
38	18	0.95	0.45	0.0233038	-0.0290058	4.81956
38	19	0.95	0.475	0.0230085	-0.0327684	4.80055
38	20	0.95	0.5	0.0208697	-0.0333967	4.85754
38	21	0.95	0.525	0.0250355	-0.0367073	4.79305
38	22	0.95	0.55	0.0186844	-0.0387143	4.88019
38	23	0.95	0.575	0.025656	-0.0396333	4.82519
38	24	0.95	0.6	0.019874	-0.0441847	4.86772
38	25	0.95	0.625	0.0221541	-0.04195	4.9085
38	26	0.95	0.65	0.0260991	-0.0477361	4.83284
38	27	0.95	0.675	0.015548	-0.0446344	5.01186
38	28	0.95	0.7	0.0335854	-0.0466251	4.83987
38	29	0.95	0.725	0.0134177	-0.0472145	5.06159
38	30	0.95	0.75	0.0341965	-0.0395244	4.97322
38	31	0.95	0.775	0.0251261	-0.0440359	5.01804
38	32	0.95	0.8	0.0259227	-0.0268592	5.22254
38	33	0.95	0.825	0.0514735	-0.0234031	4.99914
38	34	0.95	0.85	0.0269407	-0.0027769	5.41008
38	35	0.95	0.875	0.0900246	0.0294072	5.22144
38	36	0.95	0.9	0.0830109	0.0626727	5.38873
38	37	0.95	0.925	0.185374	0.140663	5.59752
38	38	0.95	0.95	0.298432	0.225409	5.24532
38	39	0.95	0.975	0.553958	0.406483	5.8798
38	40	0.95	1	1	0	0
39	0	0.975	0	0	0	4.96845
39	1	0.975	0.025	0.0180112	-0.00360035	4.96845
39	2	0.975	0.05	0.0242336	-0.00632954	4.99816
39	3	0.975	0.075	0.0265318	-0.0072435	5.02004
39	4	0.975	0.1	0.0271245	-0.00744338	5.03711
39	5	0.975	0.125	0.0273796	-0.00740797	5.04814
39	6	0.975	0.15	0.0272312	-0.00744052	5.0564
39	7	0.975	0.175	0.0270047	-0.00745543	5.06271
39	8	0.975	0.2	0.0270356	-0.00773716	5.06523
39	9	0.975	0.225	0.0265118	-0.0080646	5.07015
39	10	0.975	0.25	0.0267412	-0.00852362	5.07055
39	11	0.975	0.275	0.0262861	-0.00922985	5.07309
39	12	0.975	0.3	0.0262218	-0.00979421	5.0758
39	13	0.975	0.325	0.0263648	-0.0107626	5.07441
39	14	0.975	0.35	0.0256146	-0.0115473	5.08055
39	15	0.975	0.375	0.0263916	-0.0125324	5.07837
39	16	0.975	0.4	0.0253441	-0.0137034	5.08331
39	17	0.975	0.425	0.0259289	-0.0145767	5.08739
39	18	0.975	0.45	0.0256764	-0.016071	5.08635
39	19	0.975	0.475	0.0249702	-0.017001	5.09915
39	20	0.975	0.5	0.0263096	-0.0184753	5.09624
39	21	0.975	0.525	0.0241281	-0.0197718	5.11007
39	22	0.975	0.55	0.0264528	-0.0208805	5.11771
39	23	0.975	0.575	0.024298	-0.0226311	5.1228
39	24	0.975	0.6	0.0253792	-0.0233289	5.14836
39	25	0.975	0.625	0.0259227	-0.0251666	5.14796
39	26	0.975	0.65	0.0232865	-0.0257836	5.1824
39	27	0.975	0.675	0.0280937	-0.0269229	5.19724
39	28	0.975	0.7	0.022063	-0.0279223	5.2213
39	29	0.975	0.725	0.0284918	-0.0275065	5.27541
39	30	0.975	0.75	0.0244971	-0.0286279	5.28302
39	31	0.975	0.775	0.025879	-0.0264487	5.3786
39	32	0.975	0.8	0.0310874	-0.0253731	5.4055
39	33	0.975	0.825	0.0247892	-0.0217247	5.50529
39	34	0.975	0.85	0.0398676	-0.0134028	5.63935
39	35	0.975	0.875	0.0389603	-0.00402566	5.69214
39	36	0.975	0.9	0.0628331	0.0211695	6.01006
39	37	0.975	0.925	0.104539	0.0602941	6.03799
39	38	0.975	0.95	0.191979	0.131531	6.35354
39	39	0.975	0.975	0.420848	0.330598	6.80666
39	40	0.975	1	1	0	0
40	0	1	0	0	0	4.96845
40	1	1	0.025	0	0	4.96845
40	2	1	0.05	0	0	4.99816
40	3	1	0.075	0	0	5.02004
40	4	1	0.1	0	0	5.03711
40	5	1	0.125	0	0	5.04814
40	6	1	0.15	0	0	5.0564
40	7	1	0.175	0	0	5.06271
40	8	1	0.2	0	0	5.06523
40	9	1	0.225	0	0	5.07015
40	10	1	0.25	0	0	5.07055
40	11	1	0.275	0	0	5.07309
40	12	1	0.3	0	0	5.0758
40	13	1	0.325	0	0	5.07441
40	14	1	0.35	0	0	5.08055
40	15	1	0.375	0	0	5.07837
40	16	1	0.4	0	0	5.08331
40	17	1	0.425	0	0	5.08739
40	18	1	0.45	0	0	5.08635
40	19	1	0.475	0	0	5.09915
40	20	1	0.5	0	0	5.09624
40	21	1	0.525	0	0	5.11007
40	22	1	0.55	0	0	5.11771
40	23	1	0.575	0	0	5.1228
40	24	1	0.6	0	0	5.14836
40	25	1	0.625	0	0	5.14796
40	26	1	0.65	0	0	5.1824
40	27	1	0.675	0	0	5.19724
40	28	1	0.7	0	0	5.2213
40	29	1	0.725	0	0	5.27541
40	30	1	0.75	0	0	5.28302
40	31	1	0.775	0	0	5.3786
40	32	1	0.8	0	0	5.4055
40	33	1	0.825	0	0	5.50529
40	34	1	0.85	0	0	5.63935
40	35	1	0.875	0	0	5.69214
40	36	1	0.9	0	0	6.01006
40	37	1	0.925	0	0	6.03799
40	38	1	0.95	0	0	6.35354
40	39	1	0.975	0	0	6.80666
40	40	1	1	1	0	0
