0.5483108556161023
2.193245922464296
4.9348027005446795
8.77298118985722
13.707783394750317
19.73920830349818
26.86725592651454
35.09192725837279
44.41322030423121
54.83113606106704
66.34567352973431
78.95683470909547
92.66461959903953
107.46902520099935
123.3700555136005
140.36770653797203
158.46198227281792
177.65287971942428
197.9403998773362
219.3245427463913
241.80530732671298
265.38269661805197
290.05670662100135
315.8273403349679
342.69459776002526
370.65847589655783
399.7189777441873
429.8761023030486
461.12984957313074
493.4802205544525
526.9272122471115
561.4708286508189
597.1110667658593
633.8479265922398
671.6814111296441
710.6115173783866
750.6382453384539
791.7615980095698
833.98157239201
877.2981684857606
