# THE FOLLOWING  NUMBERS CORRESPONDS TO THE SPECIFIC HEATS OF THE  5000 configs of  L^2 = 144 COMPONENTS EACH
#
# TEMPERATURE  T = 3.2
#
# Note that it is expected that C is largest around the phase transition and lowest for T->0/inf.

0.323402
0.311002
0.318771
0.291939
0.354623
0.333752
0.348753
0.319066
0.319529
0.364491
0.357105
0.295382
0.284669
0.320277
0.329041
0.300755
0.301365
0.285435
0.336081
0.33088
0.30499
0.315241
0.299004
0.370975
0.351412
0.350909
0.308349
0.360524
0.320544
0.325798
0.360867
0.307112
0.367149
0.293984
0.2985
0.355058
0.326605
0.28893
0.326697
0.384261
0.295442
0.257214
0.305085
0.301773
0.316435
0.311111
0.337217
0.308636
0.37848
0.312045
0.365537
0.338916
0.358859
0.338617
0.347586
0.305608
0.333929
0.390246
0.344015
0.305614
0.327105
0.353964
0.346616
0.296735
0.337101
0.326396
0.287727
0.336913
0.331023
0.374971
0.321549
0.313778
0.366075
0.364318
0.297977
0.343467
0.339783
0.311235
0.299456
0.323169
0.30359
0.300744
0.345975
0.326952
0.275379
0.29689
0.340443
0.314516
0.351667
0.332008
0.368249
0.377543
0.338779
0.377632
0.305391
0.30861
0.35354
0.317404
0.328501
0.2977
0.306277
0.341598
0.316118
0.314424
0.280286
0.308763
0.365659
0.311713
0.348971
0.321945
0.337099
0.329882
0.382591
0.329016
0.301695
0.340637
0.338581
0.319805
0.3551
0.35681
0.317046
0.359787
0.412581
0.354708
0.321475
0.298433
0.336519
0.298405
0.335964
0.328855
0.307567
0.345735
0.339015
0.309308
0.278956
0.288445
0.312671
0.404488
0.292381
0.279708
0.33929
0.337438
0.300894
0.312836
0.33532
0.319211
0.30251
0.319916
0.330448
0.286004
0.337074
0.341801
0.331075
0.313882
0.313901
0.37052
0.274031
0.281639
0.295946
0.289099
0.321752
0.362134
0.388914
0.330319
0.301083
0.336116
0.331222
0.271505
0.310045
0.302955
0.38539
0.325169
0.322073
0.338603
0.311332
0.441289
0.315426
0.350339
0.324472
0.312643
0.315805
0.373949
0.288532
0.381404
0.314513
0.33874
0.345281
0.254752
0.313409
0.406852
0.299129
0.276412
0.341304
0.329969
0.325271
0.319679
0.312166
0.351115
0.339483
0.357856
0.28668
0.297614
0.306783
0.342721
0.340303
0.340089
0.324214
0.345761
0.280297
0.306931
0.313049
0.273774
0.325199
0.331553
0.294796
0.331884
0.336128
0.279155
0.281974
0.401773
0.316856
0.332703
0.333519
0.384114
0.337262
0.317431
0.292815
0.311971
0.319924
0.305994
0.364247
0.312256
0.321674
0.3124
0.311107
0.276334
0.32235
0.302141
0.29426
0.334719
0.316289
0.310398
0.368764
0.334624
0.306771
0.336195
0.402442
0.347982
0.309831
0.295975
0.311674
0.353877
0.310367
0.305846
0.30239
0.376231
0.304164
0.344474
0.324473
0.344653
0.301988
0.325109
0.335592
0.308214
0.312179
0.366858
0.4116
0.299259
0.339465
0.33764
0.373995
0.42139
0.357081
0.317338
0.278354
0.280184
0.286487
0.317652
0.377055
0.315514
0.35393
0.326294
0.353462
0.345322
0.320018
0.327242
0.38095
0.33947
0.294699
0.31089
0.366194
0.349344
0.342594
0.329374
0.326887
0.310178
0.296058
0.321615
0.296228
0.372148
0.313805
0.333055
0.378004
0.319862
0.427507
0.324549
0.323743
0.284061
0.353406
0.312599
0.388961
0.350464
0.317034
0.343646
0.280095
0.337466
0.311843
0.323962
0.367888
0.293676
0.323117
0.356025
0.331337
0.33788
0.291187
0.3275
0.291977
0.395994
0.29664
0.342642
0.327997
0.288537
0.282774
0.37652
0.311422
0.317671
0.286523
0.318335
0.355929
0.313112
0.316988
0.328397
0.311268
0.36071
0.317105
0.323145
0.306429
0.308598
0.303471
0.325214
0.359403
0.275997
0.305167
0.366389
0.345203
0.317096
0.317635
0.311186
0.34756
0.314347
0.333926
0.330947
0.344419
0.366489
0.297949
0.343273
0.335887
0.320143
0.398762
0.324385
0.307631
0.316078
0.38099
0.349979
0.362646
0.303252
0.304753
0.332622
0.349643
0.283725
0.324395
0.361514
0.313211
0.311386
0.295426
0.285903
0.320485
0.43726
0.33051
0.29916
0.333497
0.313089
0.316855
0.362087
0.340802
0.352402
0.319135
0.304911
0.277289
0.368601
0.343875
0.278897
0.281233
0.316525
0.306895
0.386649
0.317001
0.307548
0.308729
0.348489
0.35575
0.272792
0.32964
0.383582
0.295407
0.310177
0.349847
0.323131
0.357548
0.304936
0.327671
0.312944
0.321091
0.339197
0.324686
0.27404
0.301197
0.27641
0.304653
0.290454
0.320103
0.282423
0.313095
0.308008
0.307477
0.318275
0.385745
0.328162
0.313474
0.304599
0.34127
0.399847
0.332205
0.334122
0.314032
0.307015
0.32904
0.32201
0.388489
0.38316
0.306042
0.328205
0.343599
0.290208
0.298797
0.287215
0.262512
0.313447
0.286289
0.297743
0.326648
0.330893
0.305575
0.312751
0.344181
0.292801
0.32023
0.299099
0.309969
0.350712
0.286603
0.316034
0.333962
0.3009
0.296722
0.376624
0.287328
0.299428
0.280133
0.327284
0.351149
0.353134
0.310907
0.288522
0.294184
0.316956
0.318484
0.302079
0.332678
0.308121
0.348966
0.377568
0.292153
0.300713
0.394348
0.341588
0.301957
0.329754
0.324319
0.281564
0.282864
0.317956
0.341161
0.283373
0.366508
0.320117
0.32132
0.303157
0.302832
0.347108
0.345889
0.358779
0.310287
0.329033
0.335174
0.308246
0.315676
0.333075
0.341718
0.323631
0.302093
0.309673
0.353208
0.358019
0.329952
0.353323
0.340837
0.378614
0.320903
0.288343
0.312082
0.413161
0.316734
0.266272
0.402754
0.270113
0.297525
0.423794
0.284292
0.334573
0.322463
0.306666
0.357599
0.328009
0.321293
0.288416
0.31174
0.334393
0.28057
0.363337
0.298095
0.276366
0.321263
0.279771
0.297013
0.363076
0.364652
0.350351
0.306615
0.396815
0.31525
0.322668
0.337678
0.321171
0.290473
0.300496
0.332769
0.337103
0.297357
0.309549
0.268108
0.298198
0.311843
0.300739
0.318687
0.353547
0.399762
0.306842
0.321441
0.267382
0.288836
0.282393
0.351285
0.290984
0.341248
0.377293
0.337908
0.279013
0.285872
0.312495
0.285596
0.367673
0.342617
0.321667
0.342088
0.331044
0.304
0.369297
0.338872
0.303716
0.379833
0.314638
0.348228
0.384523
0.308625
0.384266
0.331558
0.3125
0.334786
0.325539
0.308672
0.293005
0.385145
0.367803
0.323811
0.331999
0.309613
0.356523
0.282103
0.313692
0.308777
0.344027
0.295761
0.348611
0.362561
0.41888
0.285238
0.312102
0.313343
0.365949
0.309787
0.315343
0.313503
0.36602
0.342596
0.292888
0.391814
0.328146
0.28978
0.329073
0.364259
0.336449
0.357385
0.364976
0.31628
0.315369
0.306965
0.348917
0.309835
0.366893
0.307209
0.319666
0.316697
0.342502
0.326561
0.295782
0.307428
0.342863
0.349412
0.383712
0.340747
0.307247
0.33035
0.338402
0.355972
0.316805
0.325135
0.367284
0.299103
0.390942
0.33211
0.372348
0.334154
0.323036
0.257181
0.3201
0.339783
0.337706
0.333598
0.3674
0.377235
0.363114
0.297518
0.351091
0.278177
0.375225
0.342542
0.385418
0.348497
0.301409
0.285824
0.307535
0.373064
0.306636
0.286624
0.342324
0.371274
0.287207
0.298325
0.296432
0.42355
0.295774
0.327872
0.298241
0.277827
0.381542
0.320347
0.334444
0.323872
0.364023
0.309471
0.33182
0.368066
0.274897
0.281563
0.336048
0.312561
0.333323
0.337864
0.29999
0.319729
0.351117
0.267937
0.319199
0.303252
0.269742
0.274406
0.296329
0.293587
0.335456
0.276883
0.358442
0.329318
0.335714
0.324886
0.372508
0.276146
0.303967
0.34711
0.270741
0.30472
0.361619
0.353674
0.321238
0.3645
0.319761
0.341748
0.312264
0.342474
0.349953
0.302702
0.342356
0.305247
0.283519
0.310158
0.307383
0.334625
0.324469
0.374031
0.354652
0.323555
0.307838
0.341817
0.335072
0.35647
0.322118
0.384364
0.295705
0.322794
0.322393
0.39786
0.313927
0.33874
0.337009
0.325186
0.304518
0.342028
0.405287
0.33917
0.276297
0.343987
0.352587
0.294119
0.3178
0.344587
0.332476
0.307533
0.315537
0.254794
0.374027
0.298572
0.317797
0.307135
0.304987
0.300145
0.377616
0.390246
0.317591
0.291601
0.346282
0.357864
0.303487
0.335033
0.330875
0.29756
0.275327
0.339118
0.320575
0.320553
0.304062
0.273599
0.313039
0.322756
0.270889
0.365125
0.355289
0.345932
0.310777
0.294379
0.421791
0.308179
0.301291
0.397135
0.282493
0.336419
0.331267
0.336431
0.40758
0.310224
0.318837
0.304822
0.386404
0.316215
0.31474
0.318212
0.309561
0.284051
0.334097
0.335417
0.320004
0.302122
0.368016
0.340808
0.277098
0.274261
0.35162
0.346844
0.340283
0.306381
0.400189
0.291798
0.32615
0.433063
0.301366
0.319501
0.30316
0.298233
0.302442
0.309218
0.346087
0.354543
0.351574
0.296499
0.373039
0.288831
0.325794
0.380634
0.319874
0.366075
0.375176
0.34491
0.30979
0.342213
0.300716
0.329669
0.281031
0.261586
0.318805
0.307502
0.31908
0.341489
0.3248
0.335081
0.315242
0.338636
0.335986
0.316117
0.294409
0.355325
0.317425
0.32695
0.284722
0.346317
0.392669
0.315232
0.29109
0.356102
0.311986
0.291849
0.322146
0.320773
0.275776
0.297957
0.29525
0.272413
0.327477
0.438119
0.32259
0.342507
0.341928
0.350006
0.341649
0.329587
0.418522
0.305051
0.318645
0.319031
0.324126
0.326239
0.314477
0.344362
0.349416
0.355794
0.26384
0.346785
0.416741
0.327702
0.309083
0.319832
0.308848
0.365244
0.381123
0.325099
0.406072
0.381444
0.309745
0.326546
0.309023
0.32682
0.307245
0.332066
0.261449
0.301534
0.32423
0.305435
0.408621
0.306896
0.31007
0.311485
0.321167
0.305124
0.327836
0.301478
0.324077
0.349853
0.313213
0.29656
0.380533
0.280783
0.363186
0.379469
0.414062
0.330039
0.325419
0.305145
0.36173
0.349977
0.371282
0.390811
0.325422
0.348641
0.303788
0.345423
0.295007
0.277099
0.302581
0.280421
0.319964
0.340528
0.28228
0.308774
0.304232
0.324494
0.286424
0.33008
0.249849
0.302178
0.317752
0.325021
0.355534
0.327441
0.349388
0.329288
0.350726
0.293594
0.299773
0.310054
0.357659
0.318612
0.365523
0.314713
0.312227
0.290046
0.364923
0.33226
0.319108
0.316874
0.33054
0.302102
0.263279
0.29041
0.283372
0.366973
0.390382
0.302169
0.348154
0.357631
0.33807
0.325069
0.327421
0.388014
0.303953
0.330485
0.39901
0.316562
0.314347
0.379726
0.346735
0.363561
0.331374
0.292947
0.293459
0.34886
0.329732
0.378553
0.362339
0.308176
0.331661
0.322782
0.324543
0.352824
0.418944
0.289666
0.260964
0.358013
0.267214
0.359404
0.281209
0.303969
0.358007
0.270541
0.336282
0.438667
0.27252
0.289951
0.312682
0.381791
0.332251
0.339056
0.326423
0.301901
0.337726
0.365535
0.313256
0.324522
0.274641
0.366307
0.279757
0.326419
0.339048
0.323796
0.355082
0.309694
0.312218
0.344733
0.288711
0.273997
0.307816
0.375872
0.295158
0.315911
0.360912
0.32044
0.372217
0.342178
0.408749
0.343918
0.283375
0.346042
0.355964
0.28732
0.311019
0.312589
0.375593
0.307756
0.281645
0.363764
0.322153
0.35391
0.351942
0.29911
0.341173
0.315542
0.311462
0.288041
0.356782
0.315336
0.316121
0.343223
0.286311
0.339659
0.326761
0.310258
0.311436
0.317512
0.312817
0.385882
0.37057
0.313042
0.274709
0.325626
0.309915
0.331793
0.34206
0.327434
0.329664
0.365138
0.323565
0.338215
0.383198
0.358051
0.347659
0.351974
0.291481
0.322329
0.328042
0.313265
0.335271
0.347658
0.317683
0.268885
0.287527
0.360678
0.367995
0.320555
0.312443
0.345177
0.415157
0.313255
0.29437
0.283219
0.291423
0.285411
0.30551
0.313768
0.312893
0.348801
0.302233
0.29478
0.320124
0.333346
0.263937
0.29712
0.392156
0.339561
0.379655
0.327753
0.28781
0.35794
0.379993
0.329473
0.333199
0.395541
0.35841
0.339812
0.311649
0.288009
0.292141
0.357396
0.326453
0.267981
0.263853
0.325893
0.317251
0.32983
0.334443
0.366058
0.301716
0.324176
0.322451
0.314907
0.362318
0.31759
0.310616
0.359717
0.302139
0.272945
0.283437
0.379718
0.3532
0.345934
0.311862
0.304849
0.265474
0.336152
0.358018
0.314957
0.312634
0.301583
0.362736
0.382084
0.324361
0.340399
0.30368
0.344933
0.329451
0.293829
0.330935
0.297782
0.306037
0.350908
0.343589
0.300831
0.357348
0.319071
0.276533
0.324258
0.376073
0.331319
0.306711
0.265669
0.346592
0.281485
0.298503
0.326362
0.324777
0.348548
0.381405
0.351999
0.323232
0.346272
0.355641
0.379431
0.303125
0.295338
0.251355
0.34526
0.267631
0.282607
0.360511
0.317127
0.354811
0.336737
0.294829
0.350989
0.327886
0.364721
0.306957
0.307361
0.346765
0.331883
0.340386
0.315122
0.317286
0.446503
0.256327
0.402135
0.363219
0.315011
0.352963
0.322888
0.330551
0.334089
0.301086
0.311598
0.333192
0.320593
0.421402
0.40503
0.323557
0.375466
0.355191
0.348375
0.313646
0.349367
0.283094
0.269998
0.353472
0.387297
0.332942
0.326852
0.331518
0.333996
0.333465
0.363797
0.313641
0.363121
0.328685
0.338155
0.346263
0.338079
0.377147
0.317578
0.274304
0.32619
0.304855
0.277138
0.286259
0.373553
0.317796
0.347199
0.359819
0.361777
0.321419
0.339814
0.303094
0.335737
0.360984
0.308296
0.311766
0.289761
0.322327
0.352419
0.28706
0.360381
0.318767
0.29153
0.343893
0.370473
0.330935
0.320424
0.261518
0.353423
0.324134
0.285084
0.294274
0.280009
0.34711
0.331583
0.343185
0.304768
0.327929
0.311646
0.325544
0.314783
0.334329
0.28732
0.301123
0.325462
0.319266
0.340224
0.253369
0.414856
0.306593
0.286447
0.358023
0.312911
0.324966
0.344258
0.366596
0.315949
0.279695
0.308519
0.314067
0.317464
0.356924
0.380647
0.337362
0.331739
0.307195
0.377183
0.280052
0.358053
0.316587
0.276237
0.355253
0.3562
0.380753
0.254713
0.366561
0.310561
0.319456
0.346574
0.292768
0.274456
0.337421
0.352865
0.363905
0.348266
0.353054
0.344516
0.361027
0.366857
0.323329
0.335799
0.325203
0.302728
0.333735
0.37254
0.309848
0.302582
0.348306
0.282286
0.351603
0.295631
0.336398
0.305813
0.33365
0.338186
0.358611
0.303945
0.322613
0.311921
0.347441
0.348708
0.311851
0.298545
0.350661
0.335219
0.297318
0.354492
0.287601
0.290173
0.393669
0.353183
0.273153
0.304569
0.404123
0.342931
0.305305
0.404603
0.267381
0.355324
0.328359
0.345399
0.3801
0.309653
0.287338
0.291511
0.350288
0.327879
0.340145
0.295235
0.339501
0.325113
0.33643
0.285825
0.325403
0.325117
0.297614
0.310487
0.320529
0.390035
0.331853
0.290071
0.372257
0.319063
0.37723
0.336714
0.288358
0.309936
0.315808
0.335887
0.291535
0.336036
0.323138
0.305958
0.297373
0.335646
0.339164
0.33796
0.352527
0.313343
0.327699
0.301487
0.322549
0.321015
0.315817
0.32623
0.324225
0.277356
0.332049
0.351021
0.336661
0.349423
0.31098
0.334655
0.355676
0.327141
0.330047
0.352268
0.328875
0.343108
0.322516
0.287635
0.308479
0.335832
0.311051
0.310658
0.318277
0.283551
0.314364
0.284184
0.340038
0.320463
0.283702
0.393551
0.353963
0.337859
0.29855
0.309235
0.287632
0.31403
0.308589
0.277246
0.293145
0.368044
0.314174
0.354736
0.316318
0.338562
0.327872
0.389369
0.336723
0.334751
0.372532
0.347054
0.304785
0.316851
0.382026
0.340023
0.316074
0.29709
0.285345
0.281875
0.332262
0.317081
0.313395
0.326782
0.289915
0.462905
0.323594
0.354952
0.316013
0.317214
0.308679
0.329819
0.309298
0.312998
0.292539
0.270138
0.397029
0.357929
0.364497
0.310342
0.27983
0.338048
0.316879
0.26384
0.41457
0.405304
0.368912
0.316178
0.303249
0.331219
0.290325
0.259129
0.300081
0.36408
0.257746
0.32493
0.321445
0.326864
0.319457
0.275275
0.320507
0.287416
0.285872
0.302649
0.335524
0.367628
0.337299
0.323044
0.295294
0.381615
0.269679
0.299598
0.306862
0.312555
0.345299
0.305333
0.326605
0.31109
0.315089
0.326584
0.325355
0.340559
0.309401
0.35549
0.280322
0.384756
0.272016
0.308475
0.295427
0.303707
0.310255
0.3482
0.297677
0.319319
0.358539
0.287651
0.402924
0.338238
0.309395
0.371826
0.288108
0.288412
0.296656
0.312925
0.348735
0.342105
0.303355
0.310038
0.301097
0.339195
0.28646
0.31595
0.357072
0.275836
0.267287
0.359981
0.376551
0.326372
0.342764
0.285272
0.315013
0.342855
0.30795
0.325299
0.299257
0.435559
0.33641
0.321661
0.359305
0.308268
0.34587
0.334976
0.337729
0.343024
0.334882
0.32195
0.274569
0.32094
0.28257
0.356913
0.298484
0.378024
0.368138
0.347532
0.350664
0.351013
0.331506
0.336933
0.366215
0.290082
0.318765
0.322926
0.358736
0.270734
0.359873
0.357424
0.281926
0.348584
0.281242
0.302847
0.331522
0.337317
0.305631
0.287086
0.323186
0.302008
0.312342
0.30796
0.379785
0.343313
0.310981
0.285268
0.273241
0.31983
0.258002
0.329266
0.312658
0.347371
0.310452
0.311662
0.408362
0.382033
0.328964
0.321767
0.315543
0.279264
0.332477
0.327798
0.307249
0.346784
0.278433
0.342494
0.283439
0.345235
0.340591
0.310957
0.396033
0.318315
0.287246
0.29669
0.305956
0.375476
0.351008
0.358149
0.334712
0.326714
0.336084
0.327938
0.302465
0.351775
0.283333
0.298846
0.292115
0.377775
0.276464
0.291661
0.361441
0.346689
0.278224
0.297994
0.411041
0.338794
0.265689
0.334257
0.367221
0.340478
0.324759
0.324513
0.315308
0.360832
0.285445
0.342752
0.301081
0.372912
0.383953
0.353946
0.351853
0.370969
0.270584
0.269752
0.329247
0.321324
0.358537
0.365164
0.377513
0.325675
0.372728
0.351471
0.314289
0.308348
0.434417
0.305871
0.383067
0.299096
0.371688
0.352543
0.341325
0.34214
0.321125
0.332023
0.289561
0.320541
0.308273
0.333825
0.286031
0.314856
0.338923
0.305204
0.357379
0.312598
0.282043
0.35862
0.339465
0.332773
0.302009
0.321312
0.293194
0.342904
0.383966
0.371254
0.332819
0.386046
0.294606
0.32976
0.338066
0.282436
0.347706
0.286992
0.342028
0.324798
0.262968
0.328411
0.294255
0.331875
0.448572
0.295075
0.364322
0.310867
0.333481
0.318464
0.299443
0.337495
0.286278
0.327414
0.339187
0.322524
0.424757
0.333525
0.358147
0.314874
0.33681
0.297442
0.327102
0.302972
0.333361
0.337801
0.426365
0.339481
0.328572
0.343198
0.41287
0.321612
0.363784
0.300836
0.310928
0.327183
0.305207
0.397309
0.360595
0.312236
0.3907
0.313039
0.33857
0.271934
0.315339
0.291804
0.400991
0.304511
0.296636
0.315233
0.411562
0.324755
0.281737
0.329257
0.272504
0.318004
0.319959
0.318506
0.346522
0.300657
0.310114
0.285263
0.358082
0.353628
0.304983
0.287382
0.338151
0.363997
0.358611
0.298724
0.393918
0.354633
0.331054
0.37371
0.337838
0.344774
0.326898
0.325962
0.319717
0.344487
0.312841
0.273391
0.352141
0.316949
0.330378
0.391422
0.377833
0.299301
0.311877
0.321225
0.383977
0.337733
0.316272
0.299113
0.306265
0.353124
0.291575
0.302305
0.351461
0.372964
0.416402
0.359927
0.332469
0.30597
0.312428
0.36322
0.33055
0.362154
0.307969
0.30338
0.315883
0.26381
0.308586
0.350834
0.279965
0.328503
0.267922
0.374067
0.325909
0.308008
0.297533
0.315373
0.307851
0.348149
0.307805
0.298473
0.337513
0.357278
0.290203
0.288924
0.338312
0.329962
0.329828
0.344093
0.343579
0.317055
0.374608
0.33247
0.363129
0.317128
0.279759
0.320866
0.319559
0.356831
0.32303
0.338332
0.327152
0.351624
0.349343
0.286085
0.337969
0.326042
0.326458
0.314301
0.332362
0.326445
0.307766
0.318907
0.295728
0.341298
0.337277
0.311947
0.31958
0.365148
0.30765
0.378832
0.284952
0.264702
0.352647
0.295783
0.368218
0.326868
0.33282
0.299525
0.343588
0.327442
0.311545
0.341046
0.381169
0.344787
0.345398
0.354904
0.329801
0.296237
0.282161
0.249122
0.362218
0.294682
0.361077
0.301062
0.316129
0.329036
0.358467
0.288948
0.392231
0.356053
0.283224
0.310421
0.297035
0.333152
0.340591
0.278188
0.34825
0.307624
0.305374
0.334939
0.280969
0.394274
0.347985
0.374987
0.313632
0.325974
0.28681
0.35317
0.350713
0.316055
0.318007
0.266737
0.369944
0.282122
0.381045
0.309995
0.356966
0.340679
0.307435
0.349413
0.271831
0.314601
0.406574
0.278733
0.375384
0.32059
0.30687
0.295768
0.347472
0.344015
0.280386
0.309455
0.315622
0.349491
0.319472
0.324375
0.32957
0.304466
0.353733
0.320489
0.291254
0.33564
0.375813
0.304227
0.325362
0.342143
0.327371
0.338448
0.33739
0.434342
0.309115
0.315686
0.314213
0.318449
0.303869
0.360776
0.35503
0.308649
0.339234
0.353707
0.300949
0.352141
0.331264
0.32299
0.288901
0.283007
0.328678
0.297313
0.336516
0.360412
0.260998
0.29769
0.324697
0.319804
0.359044
0.307244
0.362883
0.325171
0.3736
0.34826
0.304464
0.350594
0.342808
0.263691
0.311126
0.327357
0.36005
0.31349
0.319661
0.37852
0.344261
0.381302
0.323024
0.304994
0.343411
0.292322
0.301209
0.298627
0.312706
0.301916
0.293627
0.303379
0.342044
0.32931
0.325411
0.367772
0.298022
0.340614
0.318743
0.331436
0.302414
0.293301
0.349665
0.321293
0.385788
0.337748
0.30276
0.305431
0.340594
0.297858
0.335355
0.342674
0.319568
0.37413
0.308685
0.300091
0.315811
0.282865
0.348102
0.345556
0.325706
0.298362
0.386924
0.312829
0.288645
0.420177
0.348217
0.284624
0.365416
0.268044
0.338507
0.360478
0.354223
0.299251
0.343388
0.325236
0.316745
0.276589
0.26895
0.283822
0.299127
0.339011
0.30823
0.324523
0.363612
0.341761
0.294639
0.339204
0.343758
0.390239
0.306032
0.369726
0.330848
0.27776
0.318212
0.294638
0.33682
0.308811
0.284082
0.349632
0.362889
0.333273
0.327195
0.35322
0.270792
0.367299
0.306556
0.319105
0.341801
0.300614
0.307825
0.348422
0.391809
0.293577
0.298394
0.289081
0.342451
0.336825
0.298961
0.305304
0.338639
0.354037
0.275046
0.291244
0.337469
0.326991
0.334815
0.29471
0.361799
0.337755
0.359347
0.307013
0.367331
0.322106
0.352167
0.339047
0.278041
0.328759
0.295537
0.311157
0.314225
0.298051
0.290405
0.342522
0.434494
0.287838
0.274412
0.321831
0.298281
0.335611
0.314669
0.269262
0.319014
0.288119
0.307317
0.340088
0.262018
0.356509
0.364949
0.364856
0.351459
0.322444
0.374455
0.332063
0.328227
0.328762
0.371814
0.328676
0.338542
0.332356
0.342321
0.338887
0.35904
0.318506
0.325999
0.316719
0.373663
0.319976
0.366888
0.282237
0.277674
0.322311
0.343709
0.341575
0.354041
0.386069
0.305704
0.356857
0.315749
0.295854
0.339207
0.33675
0.339639
0.288945
0.347422
0.322999
0.316076
0.310158
0.288112
0.304952
0.306108
0.325758
0.295359
0.343886
0.274596
0.267504
0.323759
0.316074
0.325715
0.421467
0.337876
0.305292
0.296002
0.285667
0.343313
0.312794
0.304061
0.340732
0.330613
0.308962
0.349232
0.308522
0.292316
0.361344
0.333817
0.349616
0.326237
0.36019
0.277957
0.303831
0.350178
0.374489
0.286686
0.286103
0.292617
0.339882
0.313451
0.323623
0.310429
0.331772
0.320324
0.31752
0.318237
0.309179
0.348463
0.30832
0.286994
0.375672
0.309408
0.337567
0.333488
0.351845
0.313908
0.314728
0.322634
0.360136
0.304285
0.302673
0.303728
0.320549
0.377405
0.316556
0.365664
0.305573
0.36545
0.339194
0.354091
0.322073
0.370125
0.310125
0.292188
0.338695
0.333289
0.278371
0.315959
0.305538
0.3082
0.31306
0.381482
0.283649
0.418202
0.325713
0.340318
0.370677
0.328032
0.31252
0.301917
0.281239
0.308282
0.331081
0.280486
0.37139
0.299098
0.340577
0.364216
0.316474
0.298961
0.366027
0.292916
0.367673
0.345291
0.285174
0.35356
0.336146
0.305002
0.368068
0.32295
0.335728
0.322607
0.371499
0.414687
0.358037
0.284428
0.305426
0.32601
0.310922
0.318626
0.306661
0.300367
0.346977
0.305431
0.313943
0.304575
0.319549
0.26509
0.327946
0.329583
0.240506
0.334072
0.348198
0.331676
0.281162
0.361278
0.314457
0.309232
0.355162
0.330086
0.313988
0.307822
0.355191
0.3077
0.354336
0.280472
0.298883
0.292844
0.377074
0.316245
0.315246
0.340803
0.300041
0.308599
0.324827
0.313765
0.339645
0.340497
0.317744
0.342288
0.367036
0.34653
0.270633
0.297334
0.335591
0.317504
0.372199
0.369606
0.34811
0.303533
0.320404
0.356177
0.360349
0.370398
0.309327
0.297133
0.327683
0.326498
0.352824
0.309869
0.388143
0.330273
0.299251
0.347533
0.330915
0.35944
0.376204
0.313779
0.340188
0.320781
0.28533
0.331371
0.337242
0.348582
0.292915
0.304708
0.320434
0.355926
0.346521
0.293786
0.312056
0.295004
0.388707
0.351564
0.291631
0.363459
0.32059
0.341749
0.340365
0.313053
0.342375
0.312751
0.328681
0.346479
0.318856
0.305987
0.376499
0.397357
0.281304
0.320353
0.339144
0.35425
0.323377
0.282521
0.30589
0.400687
0.344252
0.344066
0.371994
0.352511
0.261713
0.340637
0.339495
0.341126
0.359327
0.333953
0.302413
0.345712
0.392527
0.351271
0.379292
0.306575
0.332095
0.308352
0.33661
0.283627
0.349562
0.288507
0.3263
0.404744
0.379374
0.320392
0.324635
0.368111
0.335472
0.312693
0.288506
0.289457
0.318001
0.297587
0.322945
0.357645
0.262977
0.343779
0.383817
0.307056
0.287047
0.261657
0.321608
0.336856
0.319098
0.331081
0.346746
0.333818
0.363731
0.322836
0.323528
0.33211
0.301914
0.356864
0.28716
0.282557
0.314882
0.329597
0.308128
0.310905
0.328911
0.321169
0.345751
0.293646
0.342101
0.33504
0.343814
0.405114
0.280178
0.321826
0.292794
0.348998
0.343669
0.350655
0.285086
0.323195
0.410472
0.310142
0.338405
0.367617
0.333987
0.305753
0.334575
0.326314
0.330505
0.303311
0.27568
0.280216
0.264523
0.397825
0.314848
0.293709
0.295334
0.35633
0.336994
0.362081
0.34885
0.351437
0.361792
0.334334
0.34789
0.287163
0.327209
0.342714
0.313929
0.363195
0.323648
0.313725
0.315541
0.347735
0.299244
0.329454
0.320726
0.30149
0.358204
0.34354
0.360646
0.352839
0.323947
0.289695
0.330356
0.345376
0.368464
0.289815
0.407694
0.280182
0.295131
0.346436
0.311202
0.297869
0.309025
0.378169
0.322946
0.333986
0.325391
0.377092
0.383378
0.349014
0.356908
0.332884
0.336576
0.293291
0.33066
0.322612
0.386678
0.307594
0.352382
0.355603
0.315248
0.280907
0.30252
0.339355
0.354066
0.322539
0.326809
0.310436
0.33102
0.329277
0.312813
0.30974
0.296721
0.298448
0.31004
0.288396
0.375211
0.337631
0.272765
0.293184
0.335834
0.357374
0.281183
0.328536
0.344439
0.392473
0.401162
0.380965
0.33476
0.379022
0.308915
0.325287
0.287784
0.370991
0.313965
0.31708
0.269031
0.293898
0.266457
0.32637
0.340382
0.38872
0.330272
0.319934
0.401174
0.38932
0.305505
0.318697
0.356341
0.307227
0.302598
0.307422
0.311061
0.374099
0.310846
0.308852
0.288034
0.304011
0.33648
0.301625
0.32117
0.343093
0.315759
0.34463
0.339981
0.346228
0.309869
0.332035
0.330451
0.351349
0.324458
0.319905
0.289123
0.340488
0.332129
0.337678
0.300187
0.339226
0.322366
0.326827
0.312391
0.338135
0.292055
0.278889
0.36716
0.30348
0.265174
0.397894
0.306188
0.360108
0.308559
0.311655
0.341461
0.321261
0.388275
0.323777
0.372352
0.38904
0.312425
0.281415
0.371711
0.340589
0.297966
0.34959
0.386166
0.342496
0.365231
0.306094
0.301272
0.33263
0.283716
0.337143
0.282172
0.336991
0.298018
0.32389
0.316532
0.306542
0.332404
0.332726
0.333813
0.334527
0.309947
0.337192
0.33371
0.314672
0.312207
0.329005
0.313842
0.350154
0.335805
0.34445
0.309158
0.342653
0.330208
0.261553
0.361721
0.368877
0.315229
0.315358
0.325923
0.334821
0.289609
0.291775
0.314611
0.360223
0.336165
0.336823
0.375551
0.321399
0.303019
0.303256
0.293062
0.325644
0.304613
0.304364
0.266375
0.351582
0.321349
0.291799
0.325256
0.338821
0.307296
0.313374
0.356483
0.309636
0.310932
0.336074
0.29698
0.302609
0.314778
0.338887
0.329805
0.3725
0.314244
0.328875
0.325541
0.382998
0.364036
0.370742
0.315125
0.298856
0.294485
0.357035
0.365268
0.366817
0.316169
0.260952
0.283486
0.337955
0.330978
0.32272
0.29023
0.306957
0.305117
0.344357
0.430035
0.306661
0.402787
0.309701
0.34146
0.361428
0.319508
0.317896
0.318836
0.313662
0.320447
0.412737
0.289598
0.335698
0.322708
0.367339
0.348563
0.312452
0.301879
0.321405
0.342709
0.27974
0.360694
0.354879
0.309271
0.331264
0.411698
0.355318
0.304415
0.354075
0.321037
0.320926
0.326856
0.344862
0.304271
0.334768
0.342979
0.321346
0.334618
0.285671
0.345207
0.329028
0.260508
0.352742
0.304404
0.336942
0.339164
0.280552
0.360879
0.380706
0.284209
0.332449
0.308851
0.304925
0.320802
0.287586
0.32359
0.342067
0.294073
0.331653
0.365516
0.31588
0.316402
0.35151
0.319861
0.350216
0.322789
0.354608
0.32967
0.338215
0.368107
0.310391
0.301862
0.314567
0.330963
0.349669
0.335796
0.388166
0.378073
0.323171
0.294673
0.352115
0.298976
0.290043
0.326489
0.327817
0.346358
0.418838
0.312691
0.31903
0.319882
0.349937
0.375893
0.336329
0.334423
0.348482
0.305686
0.321679
0.350235
0.408685
0.375903
0.356939
0.298692
0.319363
0.329639
0.3416
0.310254
0.330754
0.299543
0.332935
0.286502
0.332181
0.35536
0.304813
0.331942
0.300304
0.321852
0.312709
0.309945
0.320924
0.305224
0.344657
0.3141
0.346158
0.327305
0.316255
0.328429
0.362886
0.344543
0.341522
0.399862
0.344635
0.34763
0.315485
0.354786
0.278147
0.280573
0.31492
0.296347
0.347396
0.30884
0.297686
0.34807
0.28515
0.311739
0.330698
0.299312
0.312864
0.288808
0.293789
0.286814
0.31271
0.277877
0.313631
0.369075
0.342466
0.333686
0.34952
0.309633
0.32227
0.316732
0.352546
0.320233
0.302111
0.293966
0.298831
0.295679
0.334483
0.351634
0.273264
0.372511
0.338768
0.321441
0.311514
0.301374
0.3372
0.360363
0.344968
0.354697
0.398707
0.36319
0.368597
0.289476
0.320747
0.404506
0.312399
0.328599
0.281119
0.330667
0.313597
0.317857
0.324535
0.323469
0.36921
0.300062
0.250591
0.300547
0.312449
0.310599
0.436002
0.36556
0.344175
0.349109
0.359906
0.324299
0.386653
0.342583
0.30182
0.290687
0.323915
0.333511
0.327366
0.360768
0.287911
0.356832
0.334748
0.275738
0.377579
0.317862
0.295845
0.285468
0.363655
0.349343
0.337024
0.341933
0.361117
0.322193
0.28463
0.374499
0.299249
0.357266
0.296597
0.362202
0.335328
0.313981
0.287872
0.280725
0.265907
0.348503
0.282476
0.293942
0.327953
0.266539
0.317075
0.303342
0.321024
0.346181
0.365739
0.26805
0.35832
0.292041
0.385823
0.339524
0.361191
0.276511
0.320013
0.305922
0.323455
0.31666
0.275788
0.348254
0.334606
0.310507
0.339877
0.302663
0.36009
0.363042
0.296458
0.337341
0.307737
0.270437
0.315548
0.297821
0.369415
0.357482
0.342561
0.279622
0.318035
0.309966
0.298182
0.286443
0.340148
0.353155
0.396923
0.337304
0.297614
0.315092
0.274604
0.358104
0.39172
0.38526
0.347131
0.330748
0.313337
0.312134
0.31483
0.360212
0.267057
0.299435
0.287911
0.294518
0.330919
0.284143
0.321518
0.346277
0.278815
0.265945
0.341486
0.429457
0.280735
0.34493
0.328962
0.295737
0.310812
0.359502
0.366852
0.291379
0.332546
0.312097
0.372638
0.343796
0.348984
0.281543
0.300914
0.323906
0.339499
0.298723
0.372566
0.289756
0.33202
0.33033
0.29544
0.303906
0.298849
0.331772
0.315711
0.295546
0.359624
0.300806
0.323502
0.372205
0.334821
0.301808
0.295785
0.330186
0.297864
0.39627
0.335523
0.301698
0.2805
0.314197
0.357518
0.350598
0.309561
0.35982
0.310574
0.298276
0.321158
0.330492
0.321162
0.36286
0.286789
0.351671
0.355648
0.324657
0.318909
0.284775
0.410456
0.283026
0.296505
0.324716
0.40408
0.315843
0.307917
0.329251
0.332829
0.306667
0.307877
0.339172
0.270268
0.398485
0.360163
0.320813
0.328796
0.331506
0.325591
0.31918
0.290061
0.31732
0.376281
0.360362
0.35877
0.325564
0.373542
0.300465
0.356463
0.325388
0.374588
0.292589
0.332278
0.365116
0.315787
0.29743
0.342365
0.336707
0.281476
0.365659
0.398637
0.353112
0.346111
0.33274
0.275504
0.348574
0.390264
0.452406
0.356863
0.303636
0.290622
0.361528
0.337735
0.330436
0.303869
0.314938
0.31737
0.313395
0.393624
0.361856
0.282764
0.345368
0.288378
0.352391
0.319153
0.367773
0.274044
0.388143
0.312013
0.332209
0.47016
0.331443
0.289734
0.313168
0.332794
0.302403
0.315623
0.31736
0.371733
0.308603
0.328094
0.31282
0.335539
0.329721
0.279878
0.304397
0.305855
0.302903
0.339828
0.329885
0.300003
0.380256
0.295
0.321816
0.326124
0.367324
0.396253
0.33949
0.327166
0.373279
0.359413
0.294581
0.299951
0.320029
0.303403
0.272747
0.31161
0.348982
0.311666
0.329153
0.308372
0.374288
0.363713
0.328051
0.324238
0.287469
0.291539
0.294625
0.341448
0.325369
0.361655
0.308888
0.305746
0.340208
0.31458
0.304286
0.312827
0.315962
0.304665
0.317846
0.330271
0.275861
0.318483
0.343259
0.330388
0.353046
0.340458
0.296088
0.30303
0.316343
0.335658
0.323923
0.256685
0.273259
0.313944
0.328319
0.32326
0.327426
0.366786
0.294861
0.301855
0.380972
0.383683
0.302525
0.366834
0.251652
0.292435
0.361488
0.326578
0.333649
0.336405
0.295483
0.263143
0.305286
0.299291
0.315421
0.322782
0.334763
0.351878
0.286169
0.254202
0.40088
0.35645
0.322041
0.3196
0.348371
0.304008
0.312799
0.337542
0.303462
0.39108
0.398964
0.318805
0.273345
0.383819
0.333622
0.347869
0.32326
0.310264
0.284575
0.317491
0.329808
0.365238
0.292895
0.316213
0.334546
0.29661
0.300639
0.325774
0.314478
0.330787
0.256408
0.324266
0.358874
0.338633
0.367777
0.302066
0.37089
0.313676
0.351279
0.333217
0.35522
0.302931
0.319103
0.306769
0.32657
0.364858
0.279271
0.280247
0.279889
0.35434
0.302529
0.316692
0.290278
0.324348
0.322331
0.288944
0.311289
0.289653
0.307643
0.298919
0.321159
0.354612
0.293141
0.334388
0.264262
0.335162
0.326847
0.291856
0.384256
0.311181
0.270643
0.307539
0.31394
0.307633
0.32978
0.306892
0.346336
0.346159
0.36186
0.304914
0.354294
0.336688
0.304487
0.342825
0.388329
0.336521
0.292535
0.315704
0.383185
0.25908
0.302653
0.319223
0.354866
0.325983
0.324523
0.256356
0.341552
0.36108
0.297292
0.312873
0.298973
0.299386
0.324809
0.339767
0.298292
0.345096
0.337879
0.320916
0.377575
0.345593
0.369522
0.318461
0.350476
0.319266
0.299022
0.295171
0.363097
0.320337
0.305923
0.281028
0.298887
0.328498
0.373853
0.315773
0.29597
0.305856
0.344096
0.307201
0.315711
0.328658
0.31225
0.368072
0.305905
0.317516
0.307795
0.281525
0.343312
0.389717
0.280655
0.301252
0.306982
0.399021
0.295792
0.326247
0.358461
0.320067
0.263162
0.356487
0.348843
0.398535
0.327371
0.346599
0.296953
0.371995
0.362132
0.309054
0.310215
0.251174
0.275292
0.357058
0.362035
0.329357
0.355308
0.356077
0.279469
0.431566
0.332181
0.343899
0.320955
0.350101
0.27489
0.315065
0.288562
0.328402
0.340703
0.349818
0.31476
0.325027
0.381227
0.342321
0.361798
0.349101
0.296586
0.327147
0.346401
0.304799
0.331621
0.312201
0.309154
0.309527
0.313541
0.337587
0.370234
0.321852
0.303435
0.291081
0.36301
0.342201
0.321961
0.383073
0.32497
0.273704
0.33922
0.293915
0.339074
0.36204
0.357239
0.287885
0.311151
0.315116
0.323272
0.312217
0.367091
0.304987
0.313172
0.350665
0.391079
0.336441
0.336192
0.358035
0.366279
0.33769
0.320766
0.350139
0.340066
0.307083
0.318719
0.32839
0.388585
0.32614
0.319473
0.303669
0.346418
0.28205
0.299392
0.423247
0.28852
0.294332
0.354485
0.372153
0.285419
0.37928
0.280777
0.335103
0.30297
0.366669
0.295246
0.366844
0.24481
0.270436
0.304449
0.334986
0.295155
0.313566
0.276936
0.373711
0.338736
0.298241
0.302447
0.351169
0.352004
0.348631
0.350993
0.424851
0.324972
0.319335
0.324497
0.365586
0.284518
0.384798
0.407442
0.356567
0.334027
0.30993
0.309545
0.367195
0.343538
0.326148
0.341253
0.367061
0.305927
0.292426
0.330168
0.319906
0.340081
0.320638
0.353723
0.359188
0.325855
0.355997
0.34714
0.325215
0.375093
0.330056
0.322724
0.373846
0.346111
0.312152
0.331334
0.363293
0.320179
0.391589
0.346343
0.294131
0.368789
0.312303
0.301249
0.354916
0.30416
0.352643
0.303196
0.339813
0.342523
0.3374
0.32931
0.333961
0.340073
0.416085
0.296789
0.412315
0.313123
0.298313
0.345158
0.353107
0.333105
0.312061
0.313103
0.361299
0.370452
0.292503
0.322147
0.323834
0.303299
0.31352
0.311839
0.290255
0.330567
0.357216
0.377581
0.3974
0.340839
0.391754
0.326789
0.397646
0.317697
0.306174
0.457884
0.314274
0.303051
0.285627
0.311505
0.321765
0.3544
0.336303
0.331188
0.399882
0.315994
0.361774
0.322754
0.31406
0.294255
0.342947
0.309618
0.336717
0.291897
0.291861
0.30959
0.361854
0.350556
0.373205
0.340504
0.338649
0.373342
0.316621
0.365002
0.365029
0.377904
0.342141
0.304235
0.357346
0.362588
0.312376
0.321727
0.309756
0.401004
0.304618
0.329444
0.370611
0.343948
0.324122
0.266852
0.415142
0.297263
0.354208
0.326308
0.306914
0.291306
0.313076
0.323116
0.333969
0.322228
0.280159
0.322339
0.324923
0.381102
0.284286
0.305009
0.362798
0.338883
0.327729
0.327933
0.385765
0.302234
0.382283
0.319963
0.374936
0.357038
0.321978
0.297954
0.310049
0.323485
0.343435
0.303013
0.312645
0.30634
0.32123
0.348365
0.363798
0.37137
0.322252
0.34299
0.330749
0.328612
0.318647
0.329641
0.317365
0.342081
0.302961
0.287653
0.33049
0.305551
0.365947
0.38118
0.304188
0.333016
0.325236
0.316884
0.272287
0.339005
0.281497
0.347992
0.338771
0.334048
0.278054
0.383836
0.278173
0.30586
0.347503
0.307625
0.316749
0.305481
0.283938
0.344465
0.348992
0.313847
0.318224
0.375135
0.299736
0.385564
0.285209
0.29644
0.36525
0.301757
0.276527
0.316425
0.291166
0.279404
0.283611
0.339094
0.357087
0.291088
0.33226
0.33455
0.307742
0.30358
0.288658
0.360917
0.431337
0.270126
0.340817
0.320137
0.394648
0.280561
0.306796
0.337051
0.349938
0.327139
0.300832
0.33753
0.352639
0.270807
0.284725
0.35297
0.369679
0.295759
0.306115
0.325912
0.33452
0.299887
0.316054
0.373232
0.357278
0.31864
0.336431
0.292952
0.336279
0.343912
0.333483
0.324934
0.370715
0.303565
0.299466
0.323381
0.360801
0.374262
0.299311
0.371635
0.326576
0.369716
0.444296
0.351621
0.329878
0.345986
0.32452
0.315776
0.324431
0.324318
0.337008
0.291151
0.322134
0.333002
0.287283
0.303028
0.286933
0.345424
0.327487
0.320588
0.36153
0.343974
0.319618
0.365477
0.343212
0.274923
0.288761
0.321032
0.343747
0.401172
0.43211
0.303063
0.334561
0.338597
0.306518
0.318762
0.369723
0.3526
0.363871
0.305074
0.298948
0.306037
0.309889
0.355723
0.288287
0.325952
0.288452
0.270773
0.346009
0.298783
0.375234
0.370959
0.314344
0.332488
0.302827
0.282176
0.29746
0.325089
0.352211
0.261759
0.336368
0.298261
0.301682
0.351188
0.320918
0.297843
0.310488
0.311553
0.294457
0.289851
0.306334
0.307947
0.316237
0.346979
0.364834
0.306421
0.344853
0.330798
0.286411
0.327586
0.286467
0.353287
0.317178
0.301532
0.317026
0.29548
0.261467
0.320199
0.313844
0.292956
0.313655
0.295305
0.36395
0.35367
0.336788
0.313786
0.309175
0.344709
0.298979
0.33791
0.361955
0.400226
0.277116
0.32994
0.329271
0.297237
0.280237
0.283331
0.29914
0.294873
0.293848
0.353273
0.310016
0.315594
0.271821
0.277589
0.40407
0.341152
0.29127
0.221529
0.293711
0.358788
0.330782
0.356338
0.336558
0.336134
0.302539
0.268555
0.301431
0.293525
0.274645
0.335845
0.37301
0.365468
0.320069
0.332847
0.359196
0.316635
0.341797
0.338004
0.313727
0.294759
0.310132
0.33439
0.332905
0.356954
0.319301
0.30769
0.399313
0.332575
0.343529
0.294567
0.316055
0.376973
0.313381
0.287815
0.311392
0.290608
0.279699
0.333823
0.31286
0.29815
0.278593
0.30575
0.340391
0.301011
0.296379
0.329743
0.336334
0.32457
0.323871
0.326424
0.355962
0.313021
0.304435
0.346999
0.338575
0.328174
0.342452
0.314482
0.311881
0.328368
0.38097
0.334056
0.44477
0.337357
0.352705
0.323994
0.319106
0.42933
0.35684
0.34987
0.310988
0.369401
0.307278
0.332711
0.302674
0.349858
0.343841
0.334772
0.313345
0.335513
0.349526
0.362454
0.292573
0.336103
0.336433
0.304695
0.391211
0.340225
0.304605
0.364136
0.330103
0.358393
0.264754
0.357273
0.375547
0.316468
0.291729
0.338405
0.359111
0.322139
0.319562
0.283728
0.303598
0.305939
0.361747
0.336179
0.35269
0.32306
0.297373
0.280303
0.341924
0.32122
0.299791
0.310893
0.295016
0.34332
0.325583
0.325614
0.420684
0.324366
0.312909
0.295843
0.299066
0.333974
0.312034
0.34665
0.360464
0.353267
0.292363
0.308435
0.33586
0.337695
0.304424
0.356327
0.312306
0.353479
0.346028
0.343063
0.374552
0.295511
0.319466
0.297037
0.356367
0.261823
0.396438
0.356334
0.339273
0.364221
0.368774
0.286235
0.298494
0.294405
0.335609
0.290283
0.376145
0.338075
0.320356
0.384956
0.325979
0.315797
0.292924
0.290042
0.254384
0.338953
0.266343
0.364883
0.315938
0.38309
0.279665
0.321714
0.272513
0.318657
0.320884
0.322289
0.335552
0.329187
0.393621
0.35563
0.347231
0.418586
0.28934
0.345824
0.34885
0.295547
0.312294
0.313837
0.328064
0.318819
0.29187
0.318077
0.370938
0.304082
0.335871
0.325542
0.299598
0.309113
0.341551
0.284355
0.322636
0.340512
0.313128
0.307495
0.337681
0.34724
0.295555
0.301503
0.355518
0.35101
0.402077
0.356991
0.328911
0.35623
0.320913
0.330441
0.336291
0.328786
0.343757
0.363525
0.29236
0.299196
0.316749
0.332052
0.334459
0.282173
0.36431
0.352277
0.350582
0.297794
0.344669
0.36435
0.383511
0.334089
0.366098
0.317754
0.327271
0.303079
0.33222
0.309915
0.298727
0.3469
0.351027
0.314043
0.311346
0.339708
0.317669
0.339995
0.314729
0.382765
0.344998
0.318299
0.338922
0.316511
0.327721
0.353748
0.294704
0.293261
0.304168
0.386482
0.311107
0.311074
0.309905
0.295994
0.362046
0.341084
0.358386
0.280661
0.361649
0.321502
0.373842
0.334444
0.29969
0.41108
0.288993
0.332052
0.299982
0.345652
0.295588
0.281634
0.31218
0.314707
0.326207
0.322888
0.359624
0.354838
0.369193
0.352078
0.335645
0.323061
0.337928
0.335583
0.326506
0.341411
0.363771
0.346337
0.315106
0.353308
0.362167
0.290754
0.290617
0.343247
0.303012
0.304018
0.361731
0.291649
0.30616
0.352536
0.312362
0.287711
0.347704
0.361027
0.289275
0.331537
0.350276
0.323048
0.344746
0.302503
0.365886
0.3071
0.287392
0.353078
0.318796
0.359957
0.283018
0.307324
0.314254
0.346147
0.339057
0.298838
0.334502
0.326887
0.291397
0.346561
0.31392
0.365798
0.315997
0.290629
0.325964
0.29536
0.346899
0.320962
0.343225
0.328391
0.275511
0.318336
0.277039
0.391652
0.359544
0.376816
0.347921
0.321565
0.353776
0.292347
0.352367
0.343285
0.324981
0.312645
0.299306
0.302301
0.286774
0.348141
0.354338
0.357273
0.371185
0.319974
0.298013
0.313566
0.332981
0.273226
0.285608
0.288759
0.326905
0.364334
0.358572
0.283085
0.354037
0.351199
0.363272
0.289007
0.268788
0.32108
0.3769
0.339862
0.309096
0.297093
0.366397
0.299528
0.34055
0.386075
0.382113
0.304837
0.300841
0.288432
0.318551
0.314214
0.314969
0.323198
0.313388
0.265213
0.325282
0.379717
0.349919
0.342652
0.323892
0.370334
0.335277
0.248988
0.3165
0.333398
0.331985
0.302397
0.328932
0.259739
0.325649
0.3683
0.410894
0.270546
0.333231
0.326702
0.326628
0.27739
0.33474
0.331829
0.362295
0.297061
0.318767
0.351493
0.292714
0.324242
0.353458
0.327931
0.326162
0.364465
0.377693
0.304698
0.292825
0.277267
0.333197
0.339294
0.270227
0.277301
0.393458
0.340008
0.324462
0.362396
0.312569
0.328064
0.310912
0.334038
0.329824
0.318984
0.309916
0.324884
0.340742
0.326239
0.338963
0.331122
0.330874
0.318533
0.276444
0.279925
0.299596
0.348953
0.287904
0.371645
0.31944
0.357286
0.288411
0.365801
0.293937
0.385117
0.287127
0.37894
0.399553
0.334673
0.299093
0.290945
0.298191
0.330406
0.391329
0.300176
0.347385
0.329211
0.336131
0.311082
0.38816
0.299404
0.262741
0.341998
0.314181
0.338452
0.357351
0.318523
0.28002
0.334154
0.354584
0.332349
0.346422
0.28259
0.337435
0.318336
0.348204
0.334702
0.266946
0.300139
0.330182
0.328288
0.309094
0.395932
0.289421
0.312738
0.340212
0.314448
0.34725
0.328457
0.370811
0.319839
0.305459
0.493391
0.299237
0.319247
0.385673
0.286426
0.336748
0.345428
0.310226
0.314565
0.290042
0.309721
0.295415
0.352335
0.336156
0.29936
0.324118
0.332771
0.315385
0.322002
0.335699
0.284201
0.326391
0.377365
0.303744
0.335306
0.315831
0.3091
0.324049
0.364257
0.290587
0.349717
0.30957
0.371344
0.34818
0.329355
0.33419
0.314511
0.368914
0.291943
0.275257
0.298624
0.352627
0.343782
0.326398
0.338255
0.325566
0.350471
0.316033
0.369483
0.326748
0.337765
0.429974
0.347978
0.373912
0.295549
0.337338
0.32241
0.299084
0.336217
0.301066
0.371896
0.309857
0.274002
0.303119
0.3545
0.343195
0.3649
0.359226
0.301896
0.314269
0.272374
0.384474
0.377948
0.30365
0.311306
0.444666
0.278278
0.372348
0.283638
0.296676
0.326737
0.286368
0.357841
0.357193
0.279919
0.329305
0.302295
0.34252
0.326898
0.35579
0.302297
0.38398
0.340977
0.332014
0.366861
0.311688
0.398961
0.31053
0.360467
0.300928
0.328186
0.364895
0.357982
0.366515
0.353544
0.340347
0.424199
0.318704
0.408432
0.362094
0.300186
0.313546
0.346454
0.345226
0.347113
0.336641
0.351397
0.299988
0.387418
0.316991
0.29632
0.322329
0.335162
0.359188
0.375308
0.29531
0.321043
0.340126
0.334094
0.313368
0.331539
0.347791
0.296126
0.280029
0.305241
0.334207
0.306391
0.302062
0.34439
0.335819
0.310709
0.35398
0.302682
0.349383
0.312062
0.313286
0.301513
0.299542
0.326705
0.29469
0.386228
0.301306
0.320964
0.371034
0.288375
0.40279
0.381698
0.353347
0.305858
0.39338
0.338264
0.294351
0.293336
0.33431
0.311694
0.368892
0.279518
0.265487
0.396266
0.312924
0.271492
0.259133
0.381593
0.328521
0.354005
0.347555
0.389065
0.378743
0.325173
0.355244
0.299888
0.306529
0.340112
0.329188
0.326415
0.331062
0.393934
0.319949
0.341124
0.326949
0.399438
0.278609
0.36026
0.326491
0.359866
0.293575
0.320495
0.298536
0.335515
0.337723
0.345222
0.35625
0.300875
0.316421
0.308474
0.339497
0.344304
0.272874
0.304859
0.325261
0.328303
0.272924
0.2945
0.292503
0.30408
0.349897
0.287561
0.343067
0.334652
0.320553
0.322455
0.333628
0.318447
0.357225
0.285617
0.377273
0.307737
0.330195
0.279255
0.303962
0.299226
0.322444
0.42117
0.295692
0.295374
0.310654
0.331499
0.273159
0.343898
0.348171
0.34084
0.373739
0.32407
0.258275
0.293762
0.260202
0.29606
0.342986
0.318253
0.39687
0.358977
0.328102
0.328021
0.330897
0.283326
0.278901
0.38579
0.275472
0.32633
0.300465
0.365698
0.395878
0.357627
0.309531
0.280278
0.347069
0.355853
0.297187
0.369467
0.253296
0.344075
0.323955
0.315688
0.305599
0.32572
0.375374
0.342199
0.317459
0.336466
0.321693
0.409015
0.379404
0.265586
0.307936
0.32681
0.318839
0.36026
0.316062
0.345291
0.33272
0.350478
0.297784
0.37191
0.342208
0.295796
0.336094
0.317553
0.310807
0.306185
0.29697
0.357553
0.301627
0.31704
0.280504
0.300765
0.39456
0.336871
0.302278
0.285741
0.304546
0.330277
0.336832
0.317313
0.251192
0.402127
0.308553
0.280084
0.312308
0.31397
0.336908
0.327048
0.399337
0.305947
0.298469
0.35278
0.303936
0.316343
0.26421
0.415207
0.368507
0.239228
0.29979
0.326111
0.342068
0.324583
0.335238
0.322739
0.352013
0.287765
0.33443
0.331846
0.389318
0.324731
0.345699
0.319966
0.358264
0.354319
0.319187
0.328613
0.328398
0.344732
0.378275
0.32437
0.366033
0.314881
0.295859
0.352712
0.341548
0.275565
0.306886
0.32463
0.325533
0.356808
0.278831
0.362187
0.292129
0.350731
0.335702
0.38382
0.279301
0.298166
0.317795
0.352826
0.352835
0.341488
0.312098
0.360335
0.307521
0.396832
0.252136
0.30523
0.318186
0.355688
0.331489
0.361577
0.417752
0.329335
0.321028
0.348196
0.369499
0.336561
0.270829
0.345718
0.296834
0.314335
0.321327
0.310717
0.338395
0.30148
0.353703
0.355903
0.346084
0.316143
0.28515
0.32996
0.30167
0.302695
0.300594
0.312404
0.328059
0.290924
0.332487
0.34576
0.28356
0.308912
0.355359
0.321513
0.314631
0.290082
0.297546
0.290025
0.27717
0.325309
0.315391
0.31153
0.322575
0.300455
0.288998
0.307542
0.35461
0.35749
0.290582
0.265724
0.297344
0.294375
0.243161
0.326047
0.337049
0.349687
0.330854
0.287089
0.30206
0.341852
0.285725
0.34763
0.359395
0.362155
0.311566
