0 0
0.204082 0
0.408163 0
0.612245 0
0.816327 0
1.02041 0
1.22449 2.93737e-310
1.42857 1.06287e-277
1.63265 5.97299e-247
1.83673 5.21313e-218
2.04082 7.06641e-191
2.2449 1.48762e-165
2.44898 4.86383e-142
2.65306 2.46978e-120
2.85714 1.94775e-100
3.06122 2.38561e-82
3.26531 4.53794e-66
3.46939 1.34064e-51
3.67347 6.15119e-39
3.87755 4.38328e-28
4.08163 4.85101e-19
4.28571 8.33795e-12
4.4898 2.22576e-06
4.69388 0.00922768
4.89796 0.594154
5.10204 0.594154
5.30612 0.00922768
5.5102 2.22576e-06
5.71429 8.33795e-12
5.91837 4.85101e-19
6.12245 4.38328e-28
6.32653 6.15119e-39
6.53061 1.34064e-51
6.73469 4.53794e-66
6.93878 2.38561e-82
7.14286 1.94775e-100
7.34694 2.46978e-120
7.55102 4.86383e-142
7.7551 1.48762e-165
7.95918 7.06641e-191
8.16327 5.21313e-218
8.36735 5.97299e-247
8.57143 1.06287e-277
8.77551 2.93737e-310
8.97959 0
9.18367 0
9.38776 0
9.59184 0
9.79592 0
10 0

0 0
0.204082 2.65792e-50
0.408163 2.90281e-47
0.612245 2.46349e-44
0.816327 1.67789e-41
1.02041 9.37981e-39
1.22449 4.37342e-36
1.42857 1.72072e-33
1.63265 5.76149e-31
1.83673 1.65149e-28
2.04082 4.06846e-26
2.2449 8.63234e-24
2.44898 1.5783e-21
2.65306 2.48392e-19
2.85714 3.35566e-17
3.06122 3.87354e-15
3.26531 3.79473e-13
3.46939 3.1251e-11
3.67347 2.13531e-09
3.87755 1.18872e-07
4.08163 5.25449e-06
4.28571 0.000177522
4.4898 0.00431414
4.69388 0.0676087
4.89796 0.531278
5.10204 0.531278
5.30612 0.0676087
5.5102 0.00431414
5.71429 0.000177522
5.91837 5.25449e-06
6.12245 1.18872e-07
6.32653 2.13531e-09
6.53061 3.1251e-11
6.73469 3.79473e-13
6.93878 3.87354e-15
7.14286 3.35566e-17
7.34694 2.48392e-19
7.55102 1.5783e-21
7.7551 8.63234e-24
7.95918 4.06846e-26
8.16327 1.65149e-28
8.36735 5.76149e-31
8.57143 1.72072e-33
8.77551 4.37342e-36
8.97959 9.37981e-39
9.18367 1.67789e-41
9.38776 2.46349e-44
9.59184 2.90281e-47
9.79592 2.65792e-50
10 0
